1.5676581238e-01 -4.1218311220e-01 4.5567208143e-02 -1.5937790192e-01 5.3017354621e-01 -3.9732040719e-01 -5.0358383320e-02 -2.1907072159e-01 6.1834203568e-02 -1.4636648754e-01
-5.9350206620e-01 1.7773990391e-01 -7.3862872186e-02 -3.9165971462e-01 -1.6245212828e-01 -4.2875663179e-01 3.4768785773e-01 2.9330217891e-01 4.2246933976e-01 5.3572084334e-02
-3.6350645254e-01 4.0354763496e-01 -1.6349605484e-01 1.2060850913e-01 -3.9650878804e-01 1.5106220910e-01 1.6707194441e-02 2.6812243588e-01 -4.8660903476e-02 -1.8696096091e-02
1.9565950343e-01 -6.6307179384e-01 -2.0746985739e-01 -2.1432635098e-01 -4.5651696729e-01 -3.7958854633e-01 -5.8005133745e-01 -2.8456758213e-01 -2.3785681930e-01 -3.0062667569e-01
-7.8938254185e-02 -3.5012619950e-01 -1.0544327215e-01 -1.8713340782e-02 -4.3968149737e-01 -2.2318866925e-01 8.6734883844e-02 4.6211185251e-01 1.6664647785e-02 3.8114803031e-01
5.6131164803e-01 -2.9466147329e-01 2.8074101693e-01 6.1263276066e-01 7.4446751157e-01 -1.6071872618e-01 -4.3074932758e-02 4.8198765076e-01 4.0500987163e-02 -2.0518727915e-01
5.7259079371e-01 6.1412023029e-03 2.3003570778e-01 -3.0844563691e-02 2.5821689522e-01 5.7806819609e-01 -6.7650702999e-02 -8.0930006483e-01 -9.2636603793e-01 -1.0336654991e-01
-9.5256971530e-03 2.4601749119e-01 -2.7408441753e-01 4.0377712332e-01 5.3911559790e-01 -3.8344963399e-02 -1.9928656131e-01 9.7990839691e-02 5.3194504705e-01 7.2893946077e-02
3.4577573838e-01 -8.7126487242e-01 -4.6592415782e-02 -2.9708638131e-01 3.8329341123e-01 -7.7286772952e-01 1.6300508593e-01 9.6366766552e-02 -3.1587199959e-01 -2.0971102885e-01
1.9036413937e-02 3.4479745650e-01 -1.5414500384e-01 -1.0973484406e-01 2.1905601551e-01 -2.1512642748e-01 1.8925550175e-01 9.4150069511e-02 1.4963683640e-01 1.0647601995e-01
