1.1153203891e+00 7.7196999818e-01 6.8125505513e-01 3.6532988589e-02 -8.8395747462e-01 1.8373272410e-02 -5.4731647621e-01 3.9481651209e-01 -4.0087494297e-01 -3.3960993223e-01
2.0644387968e-01 -2.5354300429e-01 -5.5080769397e-02 -1.4052269873e-01 -4.4942550702e-01 3.9775644541e-01 3.9524500435e-02 4.3857893234e-02 4.9460608557e-03 1.2449742999e-01
-5.1111399477e-01 -4.4559118327e-01 7.9537002612e-02 -8.3781830764e-01 -4.6354191269e-01 1.0377232684e+00 -2.8322691905e-01 8.8892495024e-01 7.4772996962e-01 -3.6440423795e-01
4.8555738546e-01 1.1980268740e-01 7.2962579180e-01 2.6527721146e-01 5.4793433586e-02 3.3649214567e-01 -7.7690704828e-01 6.9653609952e-01 2.1196236155e-01 -6.0831541939e-02
-2.7579895932e-01 3.8537430545e-01 1.3625560914e-01 1.9026084164e-01 -2.0629233129e-01 1.7457301381e-01 -2.2214794604e-01 7.3274165946e-01 6.5929146052e-01 -1.6573674014e-01
-8.7438297337e-02 -8.9309557380e-01 1.0817261015e-01 1.0800544327e-01 -9.0558997439e-03 -4.4352728598e-01 4.5476360039e-01 3.0878350198e-02 -2.3962916680e-01 2.3439462424e-01
2.7245272145e-01 -2.3930190795e-01 2.7400592928e-01 1.6606119286e-01 1.3180017550e-01 -2.2933635155e-01 2.9611030165e-01 -6.7303922207e-01 -2.9698222500e-01 2.6576007869e-01
3.5713131982e-01 6.8694752132e-01 2.6426051554e-01 -1.0387305761e+00 -4.2765892927e-01 -1.4301146591e-02 -6.6212846734e-01 -6.0783954951e-01 -8.5795131001e-01 -5.0967358684e-01
1.7313402584e-01 6.6177086987e-01 4.1952765531e-01 -2.3790792815e-01 -1.8315704719e-01 -1.9414919731e-01 -3.1628767115e-01 -6.4428920418e-01 3.7589412243e-02 1.2541497318e-01
4.2451160187e-01 -4.3587931202e-01 1.0222865465e+00 -4.5508380852e-01 9.6926582787e-01 4.6336058764e-01 -3.8270966756e-01 3.8814489083e-01 5.9383010024e-01 -6.7959245695e-01
