3.6498941572e-01 9.2700231233e-02 4.2483711236e-01 4.3557924326e-01 4.2458566576e-02 -1.5381841688e-01 2.7875314628e-01 2.1496590243e-01 1.0113598804e-01 -4.1073390673e-01 8.5322446993e-01 -7.5862015588e-02 2.1133300852e-01 -2.4382796623e-01 -3.3273086746e-01 6.2507696786e-01 -1.5687752136e-01 4.3413896378e-01 2.6078061828e-01
1.6784263311e-01 9.1188253154e-02 -4.3793536141e-02 2.1146161933e-01 2.2454184366e-01 -1.8396203409e-01 2.0756494720e-01 1.2699829791e-01 -2.6393307686e-01 1.7146499457e-02 1.7592008138e-02 3.5155848326e-02 3.0959805557e-01 -1.7409525800e-01 -9.4928774915e-02 8.9381476043e-02 7.5073785323e-02 -5.1410771091e-01 -2.7670724969e-01
-1.6511381036e-01 1.1995322854e-01 4.8692227403e-02 -2.9333267852e-02 -1.5713448607e-01 2.0264368429e-01 3.6939823447e-02 2.6320500595e-01 -4.2686995397e-02 2.0723487715e-01 1.5041534484e-01 -1.0492789309e-01 -5.3490166508e-01 3.1329960692e-01 2.4131922630e-01 5.4053793122e-01 -3.7314475389e-02 1.0516210635e-01 -4.2996338236e-01
2.5745340167e-01 -3.3055916601e-01 1.1417774208e-01 3.8399991415e-01 2.7084967548e-01 5.3091267641e-02 -9.6229496304e-02 -9.8295768444e-02 -1.1695230398e-01 -2.3818941519e-01 1.1375912555e-01 8.3671887594e-02 3.9634617573e-01 3.4032474244e-01 -2.5732895873e-01 -1.4950221533e-01 1.1985579076e-01 2.2869444620e-01 -1.4122080133e-01
2.2747530276e-01 -1.0895967055e-01 -5.2443132702e-02 2.2554977255e-01 -2.9989920050e-02 -4.1136958208e-01 -2.8498632117e-01 4.8663721502e-01 -2.6039034143e-01 -3.2981113422e-01 5.2773943292e-01 3.9504297178e-02 2.1040642967e-01 -3.1211743539e-01 3.7777218280e-02 4.5153238905e-01 1.3328986480e-01 -4.6491658820e-02 6.1084086389e-01
-1.3697234138e-01 6.6751677939e-02 2.1783081442e-01 -3.7894619438e-01 -3.4546280487e-01 4.1767913721e-02 3.0004903815e-01 2.0432121192e-01 -1.1910533790e-01 2.2972992430e-01 2.0453872313e-01 -3.0774654116e-01 -2.2206231076e-01 -2.4244652181e-01 4.7112322142e-01 -2.7240488707e-01 1.7979918052e-01 -1.3512596473e-01 -1.3247902971e-01
1.4183932980e-01 1.2553827469e-01 3.2260179896e-01 -3.1988864653e-01 -5.5671205007e-01 -1.2008005770e-01 3.9380050205e-01 2.7259394698e-01 -1.6502525455e-01 -3.8912964324e-01 7.6511412468e-01 3.5591076477e-01 4.6225736796e-01 -2.7165737280e-01 8.2717868539e-01 5.0795785126e-01 -2.4246378181e-02 3.1369550958e-01 1.4818176167e-01
2.5274792946e-01 1.1815478545e-01 -1.4511640957e-01 -1.5927016029e-01 2.0258988565e-01 -2.1209856077e-01 1.2670125314e-01 -2.7026013249e-02 -8.3012195789e-02 -8.9071524653e-02 5.7896524462e-01 9.5977696340e-02 5.0095065526e-01 -8.3707081537e-03 3.1252184226e-01 6.6165242317e-01 -4.8731344061e-01 3.4596740095e-02 3.3475630265e-01
1.3296583305e-01 -2.1054738450e-02 1.6333983335e-01 3.6534823995e-02 -6.3532362295e-01 1.6303152718e-02 -1.3668789208e-01 -1.2849314357e-01 2.9937543017e-01 2.2519752338e-01 -1.0089546417e-01 3.2572040840e-01 -2.3783593260e-01 6.3367849794e-02 3.2459507751e-01 4.5747300606e-01 2.4890527345e-01 -5.9518577751e-02 -1.2482884613e-01
3.8378592036e-01 2.9477112683e-01 -8.9248100538e-02 -1.6342643073e-02 -1.5106416295e-01 -7.5235557441e-02 2.3523439955e-01 3.0202934107e-01 1.0110341784e-01 1.0349785371e-01 3.5264466349e-01 3.1050646393e-01 -4.8952287051e-01 -1.4451940889e-01 2.3931759220e-01 2.8737818708e-01 -3.5505021434e-01 1.2160810015e-01 2.0364158470e-01
6.1160634855e-02 -8.1252426030e-02 -7.8030522573e-03 2.3249984450e-01 4.8477807775e-01 2.7836101633e-01 2.4919208181e-02 -4.2689132248e-01 -3.2164808569e-01 -1.5236227626e-01 7.6673913475e-02 -1.8703968743e-02 -2.4604676590e-01 -1.6851278826e-01 2.6720868290e-01 -1.3809693378e-01 4.0841007576e-02 1.0267254715e-01 -7.7912215837e-02
4.3954736704e-01 -1.9348617437e-01 1.6456338060e-01 -5.7930809494e-02 -8.1131585476e-02 -4.6692380643e-01 4.0147777111e-01 3.9409144735e-01 4.4656676005e-02 -1.5489746398e-03 1.4224367020e-01 1.8243249361e-01 2.4188230924e-01 -3.1693546105e-02 2.6600072577e-02 2.5999373003e-01 -2.0373253868e-01 -3.6008717720e-01 2.0758674393e-02
-6.1125716624e-02 1.2401355477e-01 -2.9202403952e-01 9.5678503818e-02 2.1656816768e-01 -6.4527640337e-01 6.2207591011e-01 1.8475243557e-01 -6.5806167544e-01 2.4692196906e-02 2.1472762459e-01 -7.0257853427e-01 1.1694134841e-01 -9.9351763665e-03 1.8658069355e-01 -4.5596495221e-02 -2.7464086003e-01 -1.6099585921e-01 2.6488593650e-01
-2.4661041006e-01 -1.8467478823e-01 -3.9017665565e-01 -8.1042804175e-02 -2.2294954515e-02 1.3817243334e-01 -9.9689336727e-02 3.2886256565e-01 -3.5653084372e-01 2.8045844223e-03 3.3700142723e-02 2.5339180121e-01 -1.9187874581e-01 3.7105557767e-01 6.2690967261e-02 2.0968989368e-01 -1.9064149274e-01 -1.4203676393e-01 3.2252740869e-01
-2.6814084361e-01 2.0608414697e-01 -1.4159403743e-01 2.1651317846e-01 -1.2910918860e-01 8.4490207655e-02 -1.6931013379e-01 2.1235409135e-01 1.2104498685e-01 2.0298720436e-01 2.1206243359e-02 -1.2243820583e-01 -1.6229017005e-01 8.0216559640e-02 6.2473351020e-01 2.6780133150e-01 2.3593116999e-01 -2.1953637233e-01 8.8297315997e-02
-6.6519363359e-01 1.5290053725e-01 3.6156223115e-01 3.3987671625e-02 1.0376947545e-01 3.5695565002e-01 9.4356592796e-02 -1.0063981356e-01 6.8070077109e-03 1.4300504018e-01 4.0449314125e-01 2.0170565919e-01 6.0202241607e-01 -4.1560711302e-01 4.1730561038e-02 4.1801174015e-02 7.2572558320e-02 2.1863018077e-01 7.9384882632e-02
3.6196078316e-02 -1.5662977011e-01 2.4740882514e-02 4.3514576802e-01 -4.9947202381e-03 -1.5519217854e-01 6.1946350702e-02 -2.4459533770e-01 7.8278350953e-02 2.4486259787e-01 -7.3545794481e-02 -2.9754581682e-01 -1.2593966808e-02 3.4113821919e-01 -2.7146667478e-01 -4.2444850905e-01 -2.2580572792e-02 -2.1805003417e-01 7.0858233976e-02
1.2129514026e-01 4.9105007820e-02 -3.1032366112e-01 -4.3342648543e-01 2.8678572864e-01 6.3538312444e-01 1.0274876456e-01 4.8008171470e-02 -2.1859797747e-01 -5.8888668281e-01 1.9705509458e-01 7.4130368259e-02 8.8282285068e-02 -1.9229655956e-01 4.6772425625e-01 1.5728163490e-01 -2.4248783113e-01 -4.2310482282e-01 -4.5231150718e-01
-3.3541857370e-01 -2.3258922666e-01 -3.7009205841e-02 1.0190476644e-01 -1.1717833507e-01 2.1356334919e-01 1.4564378154e-01 -9.5832543445e-02 8.8924861716e-02 2.1068694523e-01 -1.7898813441e-01 1.7709122892e-01 1.8650944902e-02 1.9895378248e-01 5.5810688638e-02 -6.0599792689e-02 4.3088475191e-01 1.8747441697e-01 6.1649383553e-02
