-1.1009575811e-01 1.7338561153e-01 1.1124803007e-01 1.4248205554e-01 5.7175500625e-02 1.9262446865e-01 -2.9260664147e-01 -1.4869618665e-01 -1.1214652005e-02 5.0886907687e-02 8.5491176132e-02 1.5409177597e-01 -7.2109996374e-03 1.9631996682e-01 -3.4219377304e-01 7.6990703460e-03 3.4369254942e-01 -1.6734183603e-01 4.2965311418e-01
3.0142153869e-01 -1.8513339547e-01 1.4773523021e-01 -6.4064755319e-02 1.8757551465e-02 2.4379301816e-01 -1.4548290794e-03 -2.7146768792e-01 5.8266370714e-02 3.1417255535e-01 1.3219542608e-02 2.4343637758e-01 -2.9059352852e-01 -2.8124672794e-02 2.9560680411e-01 -2.0221972758e-01 -6.3914212008e-03 2.7627150601e-01 -4.2712562411e-01
-1.2435180959e-02 -2.1824401249e-02 -1.2459777448e-01 -2.4646534396e-01 5.1661804437e-02 2.0606353386e-01 1.9942451118e-01 5.9564210038e-02 -1.3808560338e-01 6.7398381730e-03 2.3543622359e-01 1.0811626949e-01 2.2139058543e-01 -9.8467022572e-03 2.1895860457e-01 4.2565427035e-01 -5.1055934964e-02 -3.1907881729e-01 -1.7613504924e-01
7.5801002028e-02 -1.7564708936e-01 1.0225775136e-02 5.9658074988e-02 5.0178905571e-01 -5.6689628185e-02 -2.0774867532e-01 2.2942922970e-01 -1.9932688425e-01 1.2342848806e-01 5.1549168789e-02 -2.5687866509e-01 1.0447955241e-01 5.7240802489e-01 -6.0422396406e-02 -2.5237502680e-02 -3.3841348824e-01 7.2865084690e-02 1.1516410813e-01
1.3268576002e-01 1.8510375410e-01 1.8200449852e-01 -1.1368491827e-01 -1.0784653439e-01 -2.9015918387e-01 -4.3100480253e-01 8.6258060522e-02 5.8525385408e-02 1.0288150755e-01 -2.0891981282e-01 1.4604955440e-01 1.7179352487e-01 1.2574424799e-02 2.3859298309e-03 -2.8060686179e-01 -1.8739985207e-01 3.5990668428e-01 -2.4157848471e-02
3.6167233076e-02 -2.2778513109e-02 5.8388851195e-01 2.4207658800e-01 5.2673293212e-02 -3.4768842029e-01 -3.8800012025e-01 2.9060073226e-01 1.6134951056e-01 1.8798092545e-01 -1.1152355052e-01 6.0551818006e-02 2.3421397136e-01 -6.1410927117e-01 -2.3184949218e-01 2.2955023800e-01 2.4159040410e-01 -1.4582621542e-01 8.9022135357e-02
-5.1051362401e-01 -9.4290197232e-04 2.8926386553e-01 5.2022306258e-01 -2.5483379545e-01 -1.1613236312e-01 1.8220017261e-02 1.9060042913e-02 -6.9794978580e-02 5.0325258015e-01 1.3900678437e-01 7.7907443116e-02 -2.4607638291e-01 2.7848369018e-01 1.9218042468e-01 -7.1422929207e-02 -1.3370426919e-01 -2.2337252667e-01 -1.3859613501e-01
2.5373002014e-01 4.5121355599e-02 -2.9353926899e-02 -1.5015623126e-01 -1.7068352224e-01 -2.9376226247e-02 -2.4996703557e-01 4.7721755066e-01 -4.5188206428e-01 -2.4969936972e-02 2.8297307530e-01 -3.5003050987e-01 -2.2186785815e-02 1.5167767440e-01 -3.5156001098e-01 1.7208857456e-01 7.3811663217e-02 1.2807236006e-01 -2.1492506916e-02
2.6844293854e-01 -4.4317661580e-01 2.1648825980e-01 4.8918812146e-01 2.0843078168e-01 1.6984424431e-02 -5.0045576794e-02 1.2584009036e-01 -1.3748730183e-01 -1.6817449321e-02 -4.4156709530e-02 -1.4513240702e-01 3.2361249796e-01 1.2319355309e-02 -3.4393830170e-01 -4.3236986081e-01 -3.2397781112e-01 2.0199457274e-01 -8.1759947716e-02
-2.3934610913e-01 -1.4616656619e-01 -2.5210546779e-01 4.3691861085e-01 3.4359178640e-02 1.5505337022e-01 -1.0132733397e-01 -1.9239661258e-02 -1.0562378990e-01 2.1417069146e-01 -6.2937166084e-02 -2.8154304787e-02 3.5454720581e-02 7.1712097209e-02 3.6850765976e-03 -2.1837649617e-01 4.6033880344e-01 -5.6830372448e-02 -2.1160790922e-01
-8.6323090901e-02 -1.3483517730e-01 -2.6421971613e-01 -3.0039295796e-02 3.4192613486e-01 6.9041451041e-01 -5.1167010138e-01 2.7754290581e-01 2.7391624571e-01 2.5395938671e-01 -1.5966994133e-01 -3.3846212906e-01 7.5456017405e-02 -2.6729753176e-01 1.1154104519e-02 -4.3661024586e-02 1.1706045510e-01 -1.9987353015e-01 -1.4951536393e-01
-2.0952957620e-01 -3.6947131455e-01 3.4002834392e-01 -2.1658274227e-01 -9.3751388760e-02 2.2587062886e-01 1.3276950838e-01 5.5484695030e-02 2.0588474652e-01 7.6726639889e-02 2.7101392116e-01 3.9917861897e-02 3.3933649381e-01 -3.2099735902e-01 -3.8193527537e-01 4.6219595797e-02 -1.5488890229e-01 2.0373445369e-01 -9.3148859156e-02
1.4304925472e-01 -1.2881663327e-01 -7.9767025242e-02 -2.8207069010e-01 1.9175047525e-01 -5.5113570317e-02 -9.6540412618e-02 -3.7386888525e-01 -7.7090737458e-03 1.8669726027e-01 2.2941649255e-01 3.2402160529e-02 2.6918643678e-01 2.7635337370e-01 1.7097272598e-01 2.7758257508e-01 4.4307032973e-01 -7.3836624847e-02 2.0461153329e-01
-6.2854499345e-02 5.3516786280e-01 3.5688176924e-01 2.1759463865e-01 1.1026468424e-03 -1.5479942797e-01 1.0348313926e-01 1.4319939323e-02 2.3552437987e-03 2.6448913484e-01 -8.8946011521e-02 -1.7239069165e-01 -1.1963910217e-01 -5.5478896066e-02 -9.3183868732e-02 2.4376776507e-01 -1.8715631013e-01 -3.1422747816e-02 -4.0928546524e-01
-4.8629503665e-01 -2.2681262773e-01 -9.4889031970e-02 -4.8733120668e-01 8.4729300875e-02 -1.2835383371e-02 -2.9377000865e-02 8.1456415361e-02 -5.1600385439e-01 -3.3545729883e-01 8.9806399371e-02 1.3646955748e-01 -5.8278667278e-01 -1.7279605277e-02 1.3362199998e-01 2.2747480776e-01 -1.2816663626e-01 2.1420095450e-01 1.4806397858e-01
2.5973344378e-02 -2.6146902778e-01 -3.2212755455e-02 -4.7663188285e-01 2.6527380913e-01 -5.1182432532e-02 3.2984911282e-01 1.8699447354e-01 1.3007839402e-01 -4.6597167052e-02 1.5658509658e-01 -7.8881653977e-02 2.8232686721e-01 -2.6003572962e-01 3.1204475578e-01 2.0042077212e-01 -1.7937585057e-01 -1.3631961635e-01 4.2409582162e-03
4.1306149180e-02 7.9646533714e-02 -2.9309731570e-02 5.0585096871e-01 -5.3065504714e-01 2.0843924164e-01 -3.8805063084e-01 -5.9331959112e-02 -1.6210224077e-01 6.9069356327e-01 2.6867445479e-02 2.8885608022e-01 2.3324053048e-01 2.8379847549e-01 6.9315929863e-02 1.9677232436e-01 3.1468384750e-01 9.0565208650e-02 -2.1011468159e-01
9.3751756825e-02 5.0170076772e-01 2.6691176821e-01 -4.5104400634e-01 -3.9485121773e-02 -1.5014218794e-02 1.8187640825e-01 -3.2194843374e-01 -9.9455217136e-02 1.6195616972e-03 -3.4875821610e-02 -1.2064264685e-01 5.8232280712e-03 1.5671776659e-01 -2.1506417485e-01 -4.3775255851e-01 -2.9335365412e-01 2.5305482110e-01 -1.0335463941e-01
1.9804655780e-01 1.1699881831e-01 -2.2262683330e-01 3.1097507688e-01 4.3198175659e-01 -1.0194863056e-01 2.8916722328e-01 -3.6200795438e-02 -3.0841740370e-01 -1.2185917822e-01 -2.0845661363e-01 3.9966083689e-03 1.0344423304e-01 -9.5455184590e-01 -7.8329952408e-02 -3.4716166675e-01 4.4708886852e-01 2.8471901455e-01 1.2863125925e-02
