2.1007944562e-02 -2.1317846059e-02 -1.2956894527e-01 7.0490952384e-02 -2.6650483826e-02 4.5861010622e-03 9.8974584569e-02 8.0901020124e-02 -4.9374192310e-02 -3.7323508200e-02 3.3793484390e-02 -4.2524625806e-02 2.6440085841e-02 5.3935280094e-02 -3.4392570608e-02 2.8277182863e-02 3.6224620910e-02 -3.8852469077e-02
3.1016239549e-02 -3.5726474264e-02 4.7095774208e-02 2.2324980897e-01 -1.0711316066e-02 1.5064539619e-01 2.6447456947e-02 5.4448914021e-02 -8.4403134546e-02 1.0096242141e-01 -2.1241750242e-03 1.0926939031e-01 5.8077477770e-02 1.0573249421e-01 1.2103154197e-01 -9.9533074617e-02 1.0719204263e-01 -9.8768470711e-02
-8.7494216813e-02 1.1605250065e-02 3.9605298526e-03 1.5087295459e-01 2.2403795731e-01 7.4633896339e-02 9.9963001806e-02 -7.9402731820e-02 4.9598922244e-03 8.6243922033e-02 2.6190748708e-02 -9.6495092866e-02 -1.5157058452e-02 1.6798302891e-01 -1.3439411452e-02 -5.2114243274e-02 1.4091806089e-01 9.0623655063e-03
-5.9185157278e-03 -2.0286794494e-02 4.1259459845e-02 -3.7418622661e-02 7.3421781208e-02 1.2971268903e-01 1.5916106773e-02 1.0499303193e-01 -5.1731330096e-02 -4.3883031117e-02 5.8813888677e-02 -5.7536092543e-02 7.2083430930e-03 3.4136687255e-02 -1.4586836907e-01 -8.9825140796e-03 -2.7653181152e-02 -2.8065502337e-03
-8.7833706064e-02 1.7487754803e-02 7.0249151208e-02 1.6772374269e-01 1.3404502456e-01 2.0239113314e-01 -2.8892469440e-02 -5.1457618272e-03 -7.7157184141e-02 1.6246552311e-01 1.1756490725e-01 1.2160183645e-01 3.2676691738e-04 1.1454804388e-01 2.0861285029e-01 -3.4121846537e-02 1.6551565530e-01 -4.4770652289e-02
2.1106566712e-01 -1.2207162505e-01 2.2203564913e-01 -2.5203279773e-02 -2.2902345968e-01 -1.2533468625e-01 5.3671013225e-02 -4.1435912780e-02 3.2060019807e-02 -6.2496164178e-02 -7.7193266836e-02 2.4984926586e-01 -8.2146689032e-02 -2.7114845890e-02 -1.1351052011e-01 8.1383089733e-02 -9.0335037163e-02 9.7039781874e-03
-7.0184083846e-02 -1.5431772102e-02 -1.7035109959e-01 5.0618858276e-02 1.0447398467e-01 1.2325146062e-01 1.0772187560e-02 5.4066442799e-02 8.2739650546e-02 2.4825553310e-01 1.8830147643e-01 -6.9935433044e-02 -3.2806400880e-02 2.3757484676e-01 -1.5353290270e-02 2.2214222783e-03 1.8438067758e-01 -5.0579381954e-02
1.2237653014e-01 -2.7831328239e-02 1.7106416158e-01 6.5583900231e-02 -9.8693447540e-02 -1.9200472929e-01 1.0113336902e-01 -8.0499418476e-02 -3.0175843324e-02 6.2243356801e-03 -3.9846861535e-02 2.1905203213e-01 4.9243171810e-02 -1.4040570595e-01 -7.5854964850e-02 2.3867622276e-02 -1.4470590893e-01 -4.6668528553e-02
1.6069223469e-02 -5.8294314331e-02 5.0429947823e-02 7.2394916693e-02 1.8359445894e-01 4.6384996639e-02 -6.3322861110e-02 -4.5994546488e-02 -1.7869510788e-02 1.2579644934e-01 6.9008292307e-02 1.9515156373e-01 -3.1027363567e-02 1.8894269096e-01 5.1956960219e-02 -4.7939755708e-02 7.7862841605e-02 -2.8557669889e-02
1.6716816178e-02 -6.8136481265e-02 4.4592882389e-02 -3.4463338232e-02 1.8293158454e-02 -4.9609549325e-02 -1.5942360355e-02 -1.4099809133e-02 5.3324642175e-02 3.5447097300e-02 -5.6962681472e-02 1.0049578244e-02 -6.1610823957e-02 -6.6364858075e-02 -1.1257023848e-02 1.4565657332e-01 -9.9248009001e-02 -7.1568560270e-02
-4.2565631038e-02 -5.6971504592e-02 -1.6081478283e-01 3.3032637702e-01 3.3620089236e-02 1.3806419329e-02 -1.1433827504e-01 -2.3290228480e-02 4.7943694429e-02 1.0673134794e-01 1.0884035236e-01 -5.5222913642e-02 -5.8422165663e-02 1.4617784786e-01 1.4386760558e-01 -8.5230033456e-02 2.7460919200e-01 -9.0354697519e-02
4.3722864520e-02 1.3852720461e-02 -5.0128275246e-02 4.3501566450e-02 1.9988863119e-02 -7.2155229237e-02 5.1935594556e-02 -4.7309276646e-02 -6.1260966677e-02 1.0755528405e-01 -4.1294749820e-02 -8.0788689434e-02 -5.1951632700e-02 -6.3021894004e-02 1.1557377408e-02 -2.9397242582e-03 -7.7151332126e-02 -8.1587290418e-02
2.2162098848e-02 7.5571593964e-02 -2.1805033590e-03 1.3698205141e-02 -1.1398443789e-01 -5.2957436417e-02 -1.6234814673e-03 -7.2217604760e-02 6.1087798315e-02 -8.9529744601e-02 6.7682399342e-02 3.9557704127e-02 -7.1934767436e-04 -1.4789260606e-01 -9.5652695206e-02 8.0099564188e-02 4.7599561350e-02 -2.4803502707e-02
4.0623854404e-02 9.3041968173e-02 -3.0849437043e-02 -3.3658402416e-02 -2.2931748386e-02 -1.0921576612e-01 -5.5180900144e-02 6.1465098272e-02 -6.8788556884e-02 3.9364110862e-02 8.6096429192e-02 2.7867844948e-02 4.0029291034e-02 -2.3135962501e-02 -6.3412464988e-02 7.2254635145e-03 -3.8607271625e-02 6.0821431620e-02
-8.8237191896e-02 -1.5449716222e-02 1.1394703735e-02 -2.6929007529e-02 7.3663747055e-02 -1.9901162863e-02 -1.5090031733e-01 6.1164104913e-02 -5.9508518458e-02 -8.1687976853e-02 -4.3919440126e-03 1.4044162176e-02 -2.9864321919e-02 -3.7541848655e-02 5.4514560333e-03 8.8693988604e-02 -6.8575280692e-03 2.1312516615e-02
-7.4300106682e-02 -2.9754645644e-02 -9.4289282092e-02 1.9887534755e-01 1.9118792026e-01 1.3965901142e-01 -1.0428564069e-01 -1.2061805257e-01 -2.3079561386e-02 9.7956698233e-02 7.3487411699e-02 -2.8211362283e-02 6.0352327630e-02 1.0564139769e-01 2.6938780073e-01 -9.1223396485e-02 1.0103573264e-01 -4.1153585152e-02
1.1970139058e-01 -5.1121522223e-02 2.0037854079e-01 -6.2981497671e-02 -1.4994976629e-01 -1.3640175663e-01 1.5947764425e-01 -3.4863253228e-02 3.8003099491e-03 -4.2051293660e-02 -9.6055645595e-02 1.5154198780e-01 3.6289540550e-02 -5.0434894175e-03 -1.5497087241e-01 -1.4758930727e-02 -2.0098487253e-01 1.1146532652e-01
3.6344955092e-01 2.9754315953e-02 4.3572887269e-01 -1.5215378782e-02 -2.5654696557e-01 -3.3496698480e-01 9.1451800709e-02 -5.3636663356e-03 3.0653882225e-02 -2.6600261101e-02 2.3531823226e-01 6.2042546018e-01 5.5537353367e-02 7.5252034959e-02 -2.4152145145e-01 -3.2711097966e-03 -1.7248984348e-01 6.8304539359e-02
