-2.5605790220e-01 2.7435212164e-01 -2.0787411842e-01 -1.8679403526e-01 4.9225474483e-02 -1.4333153673e-01 -2.9483150347e-01 -2.1472445898e-01 2.9366448820e-01 2.3351145906e-01 2.8613047491e-01 2.8695690427e-01 2.2658540480e-01 -1.9847821756e-01 -3.0357828271e-01 -1.1654888249e-01 -2.1827439883e-01 -3.7224338670e-01 9.8781038087e-03
2.4267940757e-02 3.7612726155e-02 1.1634895848e-01 -5.4486327591e-02 -1.1131161023e-01 -7.1616220371e-02 9.7098787338e-03 -6.3531955798e-03 6.5802577535e-02 -3.8658958025e-02 2.6459881487e-02 -7.2882046240e-02 2.6073561167e-03 -5.0561081988e-02 4.5303071035e-02 -6.9617547730e-02 -1.0869456030e-01 2.4006996562e-02 2.3301130434e-02
-1.2614628926e-01 1.3666783538e-01 -1.7870772162e-01 -8.0138049571e-02 -2.0696262623e-02 -1.5877387217e-01 -1.5645652527e-01 -2.1740485526e-01 2.4175937367e-01 1.7897897688e-01 1.1502904581e-01 2.0584914501e-01 1.3053820026e-01 -9.1156341128e-02 -1.7392512589e-01 5.1736805529e-02 -2.8035433896e-02 -2.3556257687e-01 8.9155857847e-02
1.1291756153e-01 -1.7433539519e-01 9.7305397168e-02 1.6571333759e-01 3.0159186267e-02 1.0039951820e-01 2.0835958734e-01 9.3831818733e-02 -3.1092139669e-02 -6.5751555151e-02 -7.4795640413e-02 -1.8022308494e-01 -1.7119344259e-01 9.5369991439e-02 1.7503248546e-01 8.0184891111e-02 1.0698947235e-01 5.3349662467e-03 1.4936502645e-02
3.5001666906e-02 3.7598456303e-02 -5.4307665396e-03 -2.1428985620e-02 8.5453638299e-02 3.6773876528e-02 5.6967158773e-02 5.1161139559e-02 -3.7311190583e-02 -6.7701509646e-02 2.9084671118e-02 9.8760304479e-02 -3.6034996508e-02 -2.4513646192e-02 -6.6319939669e-02 -4.7891345763e-02 -3.5722388229e-02 2.0662695550e-02 -5.5531912991e-02
7.9656619674e-02 2.5062601970e-02 -1.1167049310e-01 6.9014235629e-02 3.4211378429e-02 2.6764291506e-02 4.9666023479e-02 -4.0144870568e-02 -3.3207653683e-02 3.7822825291e-03 5.2225300719e-03 -1.0605233254e-01 3.2026228319e-05 -2.9440761224e-02 -3.0402987578e-02 -2.0843555170e-03 -5.1552895955e-02 2.4425159194e-02 2.8124158212e-02
-2.9286413588e-02 -7.4042270776e-02 -8.5229128303e-03 4.4030893048e-02 -1.3485205938e-01 4.1164683443e-02 -4.3714837329e-03 -9.6264240183e-03 5.0808894836e-02 2.1888050649e-02 -7.4142878079e-02 7.0133447193e-03 1.6757732632e-02 2.2118374222e-02 3.7997824214e-02 -2.3346956653e-02 -2.2854534653e-02 7.7289009723e-03 1.7727793763e-02
6.9133277748e-02 -4.2133862031e-02 2.2930388337e-02 6.9467524203e-02 -8.4638774099e-02 1.7002027768e-01 2.1621498716e-01 1.3468723379e-01 4.6507245013e-02 7.4311412424e-03 -6.3540514402e-02 -4.7534900257e-02 -1.7268448192e-02 1.6365060438e-01 1.3587649715e-01 2.2328834728e-02 -7.6447355474e-03 3.4878925417e-02 7.7413271663e-02
-1.4815298347e-01 2.1903387737e-01 -1.4028395197e-01 -1.2943349925e-01 -2.8043190841e-02 -1.7175144728e-01 -1.3461091785e-01 -2.3471683137e-01 1.9363770381e-01 2.0217232449e-01 1.9129388318e-01 2.6649181241e-01 2.0802262385e-01 -9.2038246254e-02 -1.8360298611e-01 3.1919136162e-02 -1.6169461472e-01 -1.0703573411e-01 -3.8005894338e-03
1.3296813044e-01 -1.5254151732e-01 1.4739436697e-01 1.2367116087e-01 -9.2214370011e-03 1.3947925363e-01 1.3870747078e-01 1.2043348389e-01 -1.0115292740e-01 -8.3913902036e-02 -1.2467231945e-01 -1.2567462209e-01 -9.7204700033e-02 1.8119648111e-01 1.2419043432e-01 -8.0040921166e-03 1.3219607157e-01 -8.1726772020e-03 1.3166818274e-01
1.4693500797e-01 -1.2613243610e-01 1.1436058730e-01 4.8131698919e-02 2.5980968815e-02 1.0749986423e-01 9.3313487811e-02 1.8696141743e-01 3.9680267691e-02 -9.5008389329e-03 -1.5537138031e-01 -9.3023279477e-02 -3.1396470648e-02 7.7991878940e-02 3.7063534025e-02 -2.3787342332e-03 1.5187575910e-01 1.2823764295e-01 2.7623621365e-01
1.5464066447e-01 -4.8980642473e-02 9.9090788415e-02 2.2822844682e-01 -3.3187912208e-02 2.4397620171e-01 2.0173232285e-01 1.1269943913e-01 -3.1943517403e-01 -1.7696286577e-01 -2.2396374701e-01 -2.6162000693e-01 -1.6142238398e-01 1.6872800025e-01 2.2965568002e-01 3.4928369538e-02 2.3375198680e-01 8.3291483991e-02 1.6911626799e-01
5.4263902087e-02 -1.1851794654e-01 1.6311124664e-01 1.0958712676e-01 -6.8567280895e-02 8.8222372385e-02 8.5303015935e-02 9.3781410756e-02 1.3045075000e-01 5.2983827025e-02 2.6328906058e-02 5.0186348475e-02 3.9659051192e-02 9.0459953782e-02 1.6696832219e-02 -4.0848129779e-02 3.4506598517e-02 9.7633782867e-04 6.6571165685e-02
1.0569881982e-01 6.5762857917e-03 1.5922934121e-01 3.0823289364e-02 -5.5540988240e-02 7.5214029526e-02 7.0717943355e-02 9.9141356789e-02 -3.5829716391e-02 -3.2893742309e-02 -2.2624850394e-02 2.4139346867e-02 -1.3252658210e-01 1.8799927081e-01 1.3680169624e-01 2.5854222323e-03 1.5286759659e-01 7.9656811316e-03 1.7703288435e-01
-2.2691177167e-03 -7.9241005194e-03 -5.2787157725e-02 8.4842463471e-02 -7.7851998521e-02 -7.8556829659e-02 -1.1168190913e-01 -1.0045955591e-01 1.7330781284e-02 2.4593735327e-02 -1.4303092861e-02 1.0139508594e-02 -2.8371023200e-02 -3.2882862849e-02 -9.3083391799e-02 -1.8380615018e-02 1.1348683092e-01 -2.3914733942e-01 1.1303212956e-01
-3.5803694498e-02 5.3195800190e-03 4.6643591806e-02 3.5085903990e-02 1.5459900120e-02 -8.8504370534e-02 5.2329177852e-02 -2.6402555846e-02 -3.1874728456e-02 -2.4906087961e-02 4.5005042866e-02 5.5484158919e-03 -2.6291268707e-02 -1.1242089209e-01 -5.3095543361e-02 -3.2755794060e-02 3.3219859959e-02 -2.0452263119e-02 -7.9578720239e-02
2.8931563396e-02 2.5554160299e-02 -7.6650196557e-02 -4.1608361007e-02 3.6960791812e-03 -2.2915388079e-01 3.6604987478e-02 5.8411724570e-02 4.7479017805e-02 4.3383620476e-02 2.4353550366e-02 6.4454053001e-03 5.4760440884e-02 3.7820707115e-02 7.6054668840e-02 1.4159273339e-02 1.6034497544e-01 -5.3187810126e-02 -8.5773294075e-03
1.7962415998e-01 1.1489382956e-01 5.9875153311e-03 4.9653868084e-02 -2.1085352773e-02 1.3752081126e-01 -3.2155580325e-02 1.8232555500e-02 3.0558340094e-02 -1.1119213348e-01 -6.1660617368e-03 -2.0740306331e-02 -5.2845908942e-02 1.7843608050e-01 3.7160239988e-03 -9.3372787622e-02 5.6298660392e-02 -2.8080201634e-02 8.6951544480e-02
-7.2854377462e-02 2.4515375238e-02 7.5276715695e-02 8.4484341982e-02 -6.2394917193e-02 7.5694055621e-03 -5.6986214869e-03 1.8931892708e-02 -6.9702618677e-02 5.5925498787e-03 -4.1146832672e-02 -3.5297813160e-02 -1.7621813038e-02 -4.2345342782e-02 -4.5467104343e-02 -5.9075245066e-02 3.5671275020e-02 4.8437131175e-02 -6.0844807927e-02
