1.9788329319e-01 5.4533307642e-01 -7.6921727268e-02 -1.4225033453e-01 -4.6470615662e-01 8.3382861347e-02 3.4685507935e-01 5.3194313226e-01 5.8451442078e-02 -1.3076462430e-01 3.5136433241e-01 5.2894543619e-02 -3.4905089512e-01 8.9342497420e-01 1.0410446711e-01 1.9172355506e-01 -2.4725941952e-01 1.0351285777e+00 8.3247764661e-02
-2.8439660300e-01 -2.1256366942e-01 -4.0745463434e-02 2.6857387833e-01 4.5692737450e-01 -7.4995849439e-02 -5.0819626924e-02 2.1656612940e-01 -2.1824116876e-01 -1.0994821085e-01 -2.5810770418e-01 -2.0745239051e-01 -1.2849840974e+00 -2.6627079648e-02 -1.2416142622e-01 2.7535229403e-01 -2.5581051585e-01 7.4772091266e-02 -8.6712119656e-02
-2.4864063578e-01 -2.7180037559e-02 -3.0788802392e-01 -1.0978194521e-01 -1.8188888377e-01 3.4696841132e-01 -1.3064597257e-01 -6.5394977655e-02 -2.8903987718e-01 -2.0303080853e-01 -1.7884083799e-01 1.3977691507e-03 8.9205332980e-02 1.0960639026e-01 1.1930015408e-01 3.1462057817e-01 2.0576484371e-01 2.9209858296e-01 -2.0819848104e-01
3.1837759444e-02 7.2057150345e-03 -4.6500422588e-01 -1.5700125382e-01 -1.9423791046e-01 4.6205125316e-01 -3.2748793067e-01 -2.5547609231e-01 -2.1816182266e-01 3.3712773683e-01 6.4971283310e-01 1.8271387361e-01 -3.7085722566e-02 3.1542271866e-01 2.3639500023e-01 3.0301057323e-02 -4.5045051476e-02 1.4702337609e-02 -3.8852499841e-01
-1.9449111248e-01 4.3411147777e-01 2.7993403991e-02 2.8288454082e-01 3.0073557416e-01 3.0797915727e-01 1.6120636622e-02 2.5629618755e-01 -4.4674334375e-01 3.8744437631e-02 -7.0554066567e-02 -1.7441902887e-01 3.7027727466e-01 3.9306987982e-02 -3.3088412348e-01 -4.4718109601e-01 5.5964896844e-01 -1.0044509003e-02 1.4649205845e-02
-2.0473267422e-01 1.4595918092e-01 2.4772300927e-01 -5.4469704156e-02 -2.4480821789e-01 -7.9549175416e-02 -4.2872764982e-01 1.0346500444e-01 6.7029627494e-01 -1.2659387016e-01 -9.0434508534e-02 1.1970971475e-01 -5.1206862974e-01 4.4047449098e-01 6.9997365951e-02 7.7392380606e-01 -1.0720328012e-01 2.1574536933e-01 -6.7084954456e-02
-3.9633168594e-01 5.5097392526e-01 4.6091833051e-01 4.9672690552e-02 1.7046210260e-01 -1.2286199499e-01 1.2847655383e-01 -6.1051401125e-02 -2.9681745784e-01 -1.0072157623e-01 -3.6522420294e-01 -3.8322176566e-01 2.5860948094e-02 -1.2744238904e-01 -3.2163659334e-02 1.8852500606e-01 -4.3510493641e-01 3.9951520630e-01 -1.4108641179e-01
4.9660024299e-01 7.9983273379e-02 2.0026311028e-01 5.5665344597e-02 2.2905621314e-01 -5.1164435117e-02 -3.0891901881e-01 1.6944578109e-01 3.6136098006e-01 -6.4018779641e-02 4.6156409034e-01 1.6475028827e-01 -3.0912214190e-01 -2.2269245299e-01 4.7651193167e-02 -6.2036392114e-01 -1.3892522338e-01 2.2396338439e-01 1.5918507191e-01
3.8407660326e-01 2.3194778342e-01 9.0833899111e-03 -5.3614818155e-01 7.3721144350e-02 1.5848309300e-01 -3.0188119025e-01 1.1967228786e-01 -1.9491271916e-01 -9.6965210943e-02 2.5131278940e-01 -5.8127464878e-02 -6.2977615599e-02 -1.0592072061e-01 1.9497491361e-01 9.6359119723e-02 4.3451563655e-01 -4.2983967388e-02 6.9164283123e-02
2.5896317529e-01 1.1618480226e-01 5.5075432988e-01 -6.7571749395e-02 -3.9946902843e-01 1.0660198869e-01 5.5337178947e-02 1.0846722708e-01 2.9506484470e-01 2.5027332415e-01 -4.5960128844e-01 4.3046926945e-01 1.2477922233e-01 -2.4612461546e-01 3.5946302830e-01 -1.3940753297e-02 3.4398756713e-01 2.4251626643e-01 -1.3725606918e-01
-1.4276382898e-01 -6.0075386406e-01 3.7013753686e-01 8.0726537794e-02 5.2431312522e-01 1.4730596257e-01 -1.1874666730e-01 5.2963024383e-01 2.0951323219e-01 -4.6637067565e-01 -2.5289596810e-01 6.8073059830e-02 1.1114316275e-01 2.0426134156e-01 -1.2528448857e-01 2.8669017940e-01 -1.9736210480e-02 -6.1156419373e-02 -2.1073906335e-01
6.1903947630e-03 4.8375282692e-02 4.0913272266e-01 3.6773451211e-01 2.7567167346e-02 7.6332843521e-02 -2.2456040662e-01 -1.3876007341e-01 -1.9784851383e-01 -5.7305406223e-01 3.2463430459e-01 -1.2344537606e-01 -1.3178282980e-01 -5.6395254746e-02 3.0068636397e-01 -3.3388000034e-01 1.2889834421e-01 8.7513011012e-02 -2.3741770712e-02
-1.6096606837e-01 -3.0598176762e-02 2.3099984881e-01 1.5925749479e-01 -1.8766063674e-02 1.7817231961e-03 2.5746991816e-01 2.7383875011e-01 -1.1458797171e-02 -2.2350326380e-01 1.1912332093e-01 -3.9457046891e-01 -7.9505335672e-02 -1.8328999834e-01 -6.2706061312e-02 7.0358280921e-02 7.5311051485e-02 -2.9782233599e-01 4.7711194137e-02
-8.7501635957e-02 8.5871101617e-02 -3.5769793880e-01 -4.1675251786e-01 2.1368101774e-01 2.8010352340e-01 -2.3161882475e-01 5.5368174500e-01 -1.1872576372e-01 7.7616499579e-02 2.3951008638e-01 1.8493720011e-01 -9.9704589572e-02 3.2464502977e-01 -2.8816104962e-01 2.3864115573e-01 -3.5761354643e-02 3.6280534541e-01 1.6901088122e-01
-3.6274825889e-01 7.3359623717e-02 1.3017686469e-01 3.0154750887e-01 9.6208010007e-02 -5.9571853514e-02 -7.0021369568e-02 -1.4958031356e-01 -3.1253004209e-02 -3.2294345472e-01 -3.7243570258e-01 9.1294841858e-02 2.6219462086e-01 2.0961763405e-02 -2.4738397716e-01 5.0899877196e-01 4.9788516469e-01 1.1760552910e-02 -7.7013956552e-02
3.2349367476e-01 3.5504720152e-01 2.5696815172e-01 2.0783998187e-01 9.7889000553e-02 -3.2167453329e-02 3.2942603421e-01 8.2315551528e-02 -3.8890274764e-03 -2.0625929312e-01 -2.0472957183e-01 -3.5148249040e-01 3.1076723367e-01 2.1714627875e-01 1.6172240875e-01 -2.4586539314e-01 2.0003377150e-01 -4.2957578792e-01 6.4043394275e-01
-2.7886025593e-01 -2.9510891227e-01 -2.4875259810e-01 5.1074786369e-01 -1.0383100908e-01 -1.2252112254e-01 -1.5648301565e-01 9.7839667164e-02 1.2901196625e-01 -4.9972686628e-02 -4.3542171344e-01 -3.4896054913e-02 -1.9942022394e-01 1.2170143892e-01 -1.7448696103e-01 9.3164108472e-02 -2.3622173559e-01 1.4153011976e-01 -3.0920497425e-01
-4.8137518010e-01 -4.9494234648e-02 8.0222486897e-03 -2.6902468828e-01 -1.0994954681e-01 -3.6987335159e-01 -9.8368059866e-02 7.6915325162e-01 -7.2336770524e-02 -1.5700231675e-01 -1.6269778334e-01 -8.4027636094e-02 2.8078754157e-02 1.9224347984e-02 3.3026114223e-01 1.4387553955e-01 4.5818133015e-02 8.3261127991e-02 -2.2191768077e-02
4.5764548821e-01 2.8475474378e-01 2.3269587795e-01 -3.5429941474e-01 1.6761015344e-01 2.4524018446e-01 2.4416059973e-01 2.3054002717e-01 -4.4732706190e-01 3.8114664164e-01 4.9534668795e-01 -1.5687719176e-01 -1.2542311727e-01 7.6312443416e-01 1.9397713810e-01 3.4364898579e-01 -1.3944487732e-01 3.9201317096e-01 4.0844636850e-01
