1.0353069117e-01 -8.5490311544e-02 6.7504261230e-02 6.0067357997e-03 1.5787422652e-02 -7.1136680857e-02 2.0478886754e-02 3.3478095604e-02 -4.0006499529e-02 6.6131930010e-03 -1.0974668396e-01 1.4371053964e-02 1.3049016585e-02 2.2655189867e-02 4.8305374037e-02 2.0693600195e-02 4.1312619294e-02 3.3094717720e-02 4.4296617547e-02
-6.0291356054e-02 1.2666629936e-01 1.0631575582e-01 -8.3434876352e-03 -1.9484723633e-02 4.1792424487e-03 5.5052620883e-02 -1.2413609840e-01 -1.0376074598e-01 1.3280208009e-01 1.6995812697e-01 -3.2258114010e-02 8.8763006563e-02 -5.6745243793e-02 7.4761565176e-02 1.2937869908e-01 -6.5831341066e-02 6.9037634053e-02 1.2818284516e-01
2.8897553743e-02 1.0021311189e-01 2.0214571573e-01 -9.5028278500e-02 -1.3702190624e-02 -2.1096977211e-02 2.9117757862e-02 -1.0950570281e-01 -1.1367503939e-01 -1.4122034227e-01 -6.6834027490e-02 1.5045690129e-02 1.8893065693e-01 1.0256495612e-02 -8.6798774184e-02 -7.6728639043e-02 -1.7448906817e-02 -1.2166162376e-01 3.1953160245e-01
5.3774102700e-02 -1.7902480753e-01 -3.9015632748e-02 7.8936443673e-02 -1.0877823805e-01 1.1623168649e-01 9.4531366696e-02 7.2284485280e-02 6.8006628718e-02 1.6912447532e-01 1.8228997030e-01 4.2878372550e-02 -1.8828758517e-01 -6.9479979079e-02 1.6982927912e-01 1.6490531959e-01 3.6332113257e-02 9.9400972896e-02 -7.7751776921e-02
-1.4571142114e-01 2.2539295995e-02 8.4895024528e-02 -4.0322734480e-02 5.9398328866e-02 -1.1904003664e-01 6.1713747831e-03 2.9940951892e-02 9.2237627416e-02 8.7999643745e-02 -2.5105525475e-02 -8.8369187375e-02 1.7438393425e-01 -2.9904162804e-02 -1.8660938190e-03 -3.7857041800e-02 -5.9231355864e-02 -1.1147536064e-02 4.1671179246e-02
-1.2110576562e-02 -5.0886958454e-02 -5.7407285075e-02 2.3150516362e-01 -3.3119595747e-02 2.4326401547e-01 -1.7086125864e-02 -8.7839599695e-02 -3.2622549440e-02 2.3188604499e-01 1.4366346971e-01 -4.4382058863e-02 -1.0554677698e-01 8.5255604180e-02 2.5646041759e-01 1.6980580899e-01 -3.0311511172e-02 1.5822607154e-01 -4.4002317495e-02
4.4388446286e-02 -4.5600791679e-02 -6.1636180659e-03 1.5263827658e-02 -1.0342904739e-01 4.9796828064e-02 3.1995284791e-02 -1.5213470138e-02 -1.1002051101e-01 -3.4970611639e-02 1.0018584310e-01 -5.4563619539e-02 5.3437476589e-02 -7.3404830474e-02 -2.0496629606e-03 -5.7361588462e-02 -6.5851143304e-02 -3.3818752548e-02 1.1779562768e-02
6.0567294782e-02 2.0503943347e-01 1.3996234167e-01 -3.9995480608e-02 2.2586346981e-02 -3.4880367509e-02 -4.0510951178e-02 5.3985822302e-02 -8.3074465674e-02 -3.5941848891e-02 -8.4301250200e-02 -2.8354423490e-02 1.2689413088e-01 2.3494175647e-02 -1.4349367025e-01 -7.8476778419e-02 2.8919765639e-02 -5.2489927730e-02 2.9096322405e-01
5.6380206067e-02 -1.0134632335e-01 -1.8310931436e-01 1.4164343581e-01 -7.7720037646e-03 1.4620820552e-01 -4.9473164299e-02 -2.3020051029e-03 5.4407496984e-02 2.7170379017e-01 2.1458342366e-01 -5.4719668665e-02 -1.5999489889e-01 -6.6978070128e-02 1.0772285376e-01 1.6493313705e-01 -5.2136593052e-02 9.0223203477e-02 -2.0823962675e-01
1.9269486475e-02 -2.5149822379e-01 -2.1701476611e-02 1.8221853879e-01 3.3374646802e-02 1.7707806578e-01 3.6253345399e-03 -3.5157070766e-02 -8.6272889435e-02 1.5630253003e-01 1.6974489713e-01 -1.3805259952e-02 -1.5377665948e-01 -2.4186260065e-02 2.1760280578e-01 1.2783654767e-01 3.5083746728e-02 1.0483592761e-01 -7.5678834901e-02
-3.6618954349e-02 3.0275176080e-01 2.7301281876e-01 -1.8537145439e-01 6.9100797997e-02 4.2268508824e-02 -4.1603239633e-02 4.8734268100e-02 6.0813609803e-02 -6.7192462165e-02 -1.5144564461e-03 8.5238257969e-04 2.5207509240e-01 5.1372749656e-03 -1.5100091098e-01 -2.2479929883e-01 7.1045134741e-02 -8.8526796336e-02 2.2556558675e-01
3.5402193137e-02 -4.7961679518e-02 -1.2299665785e-01 1.9911818523e-01 -9.6937787416e-02 1.6524082703e-01 -1.3303195470e-02 -1.0565145525e-02 -9.4730178416e-03 1.5815952678e-01 1.3227063380e-02 8.0460576488e-02 -9.4661956846e-02 -5.7171000576e-02 4.4552154767e-02 1.5732183239e-01 8.0865312541e-03 1.6013241216e-01 -9.1646376301e-02
-1.9524044991e-02 -7.2842368288e-02 -1.8710287399e-01 1.9245912124e-01 -9.4397675065e-02 1.7925536032e-01 -9.0153539697e-02 -6.0740476944e-02 1.4087130994e-03 4.2442434895e-02 1.6989524424e-01 -9.0808080974e-02 -4.6610025862e-02 9.3796541072e-02 9.6054752320e-02 1.6627838675e-01 -9.6448991525e-02 1.7059779484e-01 -2.3320694549e-01
1.9838581127e-02 1.3855247214e-01 1.1457313820e-01 1.4909415670e-01 -4.1856620508e-02 8.8635398143e-02 5.4553201728e-02 7.6356109563e-02 4.2400835661e-02 1.0333703172e-01 7.9285562974e-02 -3.5322027185e-02 1.0202432925e-01 -2.0362064755e-03 4.3953758916e-02 2.1163739750e-02 3.9626940865e-02 2.6750155224e-02 5.0510633133e-02
-3.5991678055e-02 -2.2697380598e-02 -1.7906069950e-02 6.9530775226e-02 -5.6019958267e-02 -7.3017099622e-02 -4.9816629468e-02 1.3934019643e-02 2.5452344738e-02 7.6672048350e-02 -3.8090349900e-03 -6.6666889467e-02 3.5954573260e-02 4.0154768342e-02 3.5508683101e-02 -1.1003506503e-01 -7.0791861124e-03 -6.2806396628e-02 -3.0693885152e-02
2.5700935474e-02 -3.2617261847e-02 -3.9563398424e-02 6.8133548700e-02 -5.7601897597e-02 -8.4433939639e-02 1.9200577798e-02 -5.6432709329e-02 7.6068852612e-02 7.7536680517e-02 3.6334820043e-03 2.8953303355e-02 1.0091930048e-01 5.8463354412e-02 -2.3039528702e-02 -1.0309429122e-01 -1.6676829773e-02 -2.0364449127e-02 4.7305435887e-02
2.8898597241e-03 1.6763909237e-01 2.1813405874e-01 -1.8385241212e-01 1.3644822373e-01 -2.1972793809e-02 -1.5376840502e-01 -3.0876132436e-03 -8.0713403517e-02 -1.1186493733e-01 -1.9058173782e-01 3.4563895801e-02 2.7403382668e-01 -2.0153029914e-02 -1.3237431179e-01 7.5097132332e-03 -4.5673723566e-02 -2.0507012153e-01 1.9006014106e-01
-9.7818109499e-02 -1.9788784007e-01 -1.0487778349e-01 1.4138598683e-01 -1.3952200102e-01 1.0537581181e-01 -1.9577636990e-02 -3.5406819870e-03 -1.7394412758e-02 2.6392519248e-01 1.6011425573e-01 -4.3957119390e-03 -4.0889676612e-02 -1.2529612102e-01 1.9910460615e-01 1.4134040081e-01 -5.1630809327e-03 2.1675094304e-01 -9.7332018613e-02
9.4674058610e-02 8.2661781986e-02 7.7647454176e-05 -9.0432082513e-02 -3.1253557923e-02 4.6077016602e-02 4.3576871232e-02 -2.7627813762e-02 1.3324636839e-01 -1.0555712845e-01 1.2992037084e-01 -1.8742723991e-02 9.0775397994e-02 5.4716317256e-02 -2.0200944268e-03 3.2487214917e-02 -3.2689455621e-02 -1.9325824903e-02 6.7641787279e-02
