8.5284759748e-02 -1.0849627775e-01 1.0866188352e-01 1.0512640807e-01 1.3128575558e-01 -2.2398295065e-04 5.3114281039e-02 9.9854440428e-02 4.9410273465e-02 -2.0612935304e-02 -4.5742216563e-02 6.2599878936e-02 2.5690819566e-02 4.9950806939e-02 1.2322973822e-01 -4.3392103709e-02 1.1469700361e-02 -1.2999890151e-02 6.5655838990e-02
-4.8312323614e-02 -4.5464481315e-02 1.0315851995e-01 4.5843547302e-02 1.9903369613e-01 -2.2989099987e-02 -3.8980002129e-02 4.1097928773e-02 3.4118651164e-03 8.7988751500e-02 -5.1823817972e-03 1.4834871061e-01 -4.9638786123e-02 -1.2419229616e-01 -1.9570151074e-01 -2.4893235492e-02 -1.3370083840e-01 -4.9406614984e-02 -6.2336659877e-02
-4.8355231884e-02 1.0054855804e-03 1.7003794315e-01 2.6705077528e-02 1.8233995496e-01 7.4096535755e-02 -2.6031850659e-03 1.6760570909e-01 -4.6059543814e-02 -2.7235185884e-02 -2.1515798074e-03 1.5165440159e-01 -8.7271216428e-02 -1.1757171761e-01 2.7061567051e-03 1.2404330434e-02 -1.7949375857e-02 -4.7529077424e-02 1.7479096294e-02
-9.5379054878e-02 -1.1515188050e-02 -1.0394692419e-01 -8.2651653499e-02 -1.7189273383e-01 -5.0040614125e-03 1.9199954288e-01 -5.6811050861e-02 -1.4203442062e-01 1.5668271587e-05 -1.8602610898e-02 -8.0584296231e-02 1.1845457935e-01 6.6812784155e-02 2.0092605177e-01 -5.8789048265e-02 9.2334421678e-02 -3.1065905589e-02 2.1234074861e-02
1.2758944383e-02 1.4496743971e-01 -2.1635433005e-02 -1.0721653422e-01 -8.6591413822e-02 6.1090859969e-02 -8.1758027493e-02 5.2024361512e-02 -5.9903768143e-02 -4.6394186261e-02 1.2773676035e-02 4.0835997480e-02 7.0509772789e-02 6.0513146038e-02 7.4905061920e-03 3.0581989440e-02 -6.1641989379e-02 1.7405145120e-02 2.9816873808e-02
-9.1701930699e-03 -4.5155981799e-03 6.2507307243e-02 -1.0139467174e-02 9.1978919354e-02 -1.1652445122e-01 2.8502767848e-02 7.4936614492e-02 5.9606704901e-02 -5.2209636736e-02 -4.9252392496e-03 7.2735700253e-02 1.4051105606e-01 1.0767573611e-01 7.2601421888e-02 -9.7470951972e-02 5.4961049806e-02 -5.6760174656e-02 -8.4811077083e-02
-8.3251053032e-02 -6.5210588817e-02 -5.1025459649e-02 -3.2713333810e-02 6.2726935832e-02 3.8313177100e-02 -3.4387009960e-03 5.8272260526e-02 5.2875825153e-02 -5.5279400141e-03 -6.0684064665e-02 -7.5226030289e-03 -3.9810717180e-03 1.6505284310e-04 5.2550607191e-02 -9.7160762674e-02 -3.0101547534e-02 3.1659881407e-02 1.1406986799e-01
8.2569796462e-03 -7.6248296444e-02 1.1347973986e-01 8.2961820582e-02 1.2361933201e-01 -5.5567872641e-02 -1.3407899090e-02 4.7110695473e-02 -8.0125057890e-02 -5.3639949615e-02 1.5956960779e-02 7.6738424744e-02 -6.8852355870e-02 -5.6255496952e-02 -1.2624803154e-01 -3.3448447583e-02 -2.7460951152e-02 1.5812515521e-01 2.2569053381e-02
5.1821679237e-02 -6.8347626883e-02 -1.2258637775e-01 -5.9611353077e-02 -2.3064733803e-01 -1.4033215318e-02 4.1826178271e-02 -5.1035130935e-02 -3.5200576046e-02 -7.3815757205e-02 1.0176838917e-01 -6.0307038021e-02 1.8564654267e-01 1.0041230827e-01 1.5793464813e-01 -7.5013425414e-02 7.0507964783e-02 7.9972610592e-02 5.0955813179e-02
9.8456065099e-03 5.1896689968e-02 -8.8174765752e-02 -3.3053431389e-02 -2.9767761058e-02 -3.5323892877e-02 1.2129450929e-01 -8.7948550868e-03 3.0397856105e-03 -3.0083125251e-02 -8.4204509921e-02 -1.2703578419e-01 9.8253107166e-02 1.2016970440e-01 1.5844615006e-01 -1.1547895645e-01 1.8026418905e-01 2.5251380781e-03 -4.5198166039e-02
4.2761172359e-02 4.9978479239e-02 1.5161282317e-01 7.8624495186e-02 2.3038074311e-01 -2.4249212501e-02 -8.1980630905e-02 1.5318442476e-02 -3.7059095683e-03 -2.3769163667e-02 -2.3688206171e-03 1.8201625818e-01 -2.7803210975e-02 -1.9120759249e-02 -2.0859357255e-01 -2.2406216120e-03 -1.4736509523e-01 -1.0092021834e-01 4.8422765668e-03
-2.0011002473e-02 -7.1068608786e-02 -1.3876818765e-03 3.3042629977e-02 1.4346447303e-01 1.4584560006e-01 2.9199901356e-02 8.8404307043e-02 -1.6613945918e-02 2.9360428800e-02 -5.8155238977e-02 2.9556286439e-02 2.6162774925e-02 -1.0649369341e-01 6.0986282920e-02 4.3214563882e-02 4.4933698248e-02 -6.9525118736e-02 -4.4802988313e-02
-2.7973077350e-02 2.4416114105e-03 -6.9143087078e-02 -4.9682014084e-02 3.4535713932e-02 -2.5178813983e-02 2.5850373382e-02 -2.3366810759e-02 -8.3016151895e-02 -9.8448850403e-02 -9.0689403372e-02 -6.0220924022e-03 1.7937288982e-01 1.9732198618e-01 1.7313610342e-01 -5.9418305325e-02 1.9390850953e-01 1.9557053589e-02 -9.7230825951e-02
3.0447934406e-02 4.5080413073e-02 1.3969743243e-01 6.4304147159e-03 1.2136040935e-01 3.6754320694e-03 -2.6571926605e-02 8.7283234546e-02 -8.4601268363e-02 -1.0711794637e-01 1.3167444738e-02 1.1134991083e-01 -8.0334537864e-02 -2.0637917984e-01 -2.1205303213e-02 -4.8844245168e-02 6.9291275411e-02 8.4329861906e-03 -4.2107029307e-02
-1.2845601294e-02 4.7253153180e-03 1.6382155729e-01 -3.5027576641e-02 1.1159166126e-01 -1.1813838993e-02 -8.0942552991e-02 1.7620984320e-01 8.6654017080e-02 3.6511399577e-02 2.2087502970e-02 1.5721265672e-01 1.0956059042e-01 5.1869970357e-02 3.3944870923e-02 -4.2438328684e-02 2.1995456562e-02 -2.0498149903e-02 -4.0702557963e-02
1.1743125569e-01 -3.7245804023e-02 -8.2102898118e-03 -5.1289631719e-03 -8.1538921130e-02 2.9558811192e-02 -4.6181479379e-02 -2.1122170360e-02 6.5480333998e-03 1.0937170446e-02 1.1441257825e-01 2.9806276521e-02 3.0726467044e-02 -9.7599799208e-02 8.6433279226e-02 -1.0465286360e-02 -3.3937169077e-02 9.4650242541e-02 -8.9347497850e-02
9.7200106853e-03 1.0457272833e-02 -1.6413443062e-02 -9.9286861225e-02 1.9243594603e-02 -6.8868696462e-02 2.3695990391e-02 -1.1264693913e-02 5.1511910060e-02 1.6592342936e-02 5.0995017550e-02 4.7836403817e-03 -8.5812575565e-03 -2.2400008492e-02 4.2035148094e-02 -8.1423012768e-02 -4.6552126991e-02 2.6014392872e-02 -2.8645789489e-02
-1.2896202502e-01 -5.8259537899e-02 1.3838902473e-01 4.9604732223e-02 3.0927416191e-02 -1.4414322314e-02 3.0486189679e-02 -7.2217277043e-02 -4.0009179829e-02 -6.8942859613e-02 -5.7726388121e-02 -9.7582006714e-03 1.1851571964e-01 1.3235658756e-01 9.5797931362e-02 -4.4097611927e-02 1.2033481627e-01 -3.7201827692e-02 8.7947915405e-02
-2.3995766743e-02 2.7695351442e-02 -7.6377444227e-02 1.2016028595e-02 1.2475548311e-01 -2.7570932515e-02 7.2871918725e-02 -1.1105224635e-01 -3.8137464067e-02 -1.6621295937e-02 -1.7391521409e-01 -4.7296618030e-02 8.3178311720e-03 1.0281572442e-02 -6.6529752711e-02 7.0123674028e-02 -1.6827208558e-01 5.1464689959e-02 2.4269077583e-02
