-4.6486664297e-02 1.9235568559e-01 1.7135516867e-01 -8.6841607033e-02 4.9628623539e-02 4.0418152191e-03 1.1883582111e-01 1.1253213090e-01 -5.4891919060e-02 7.6504536404e-02 -1.6712095613e-01 -1.1061356633e-01 1.7192073391e-01 1.2257778835e-03 -8.6511691855e-02 5.3018352591e-02 -3.0953594039e-02 -7.6432533118e-02 -2.7987963819e-03
1.6013044403e-01 2.6394890582e-01 2.2894502244e-01 -4.4964431666e-02 -1.2259968767e-01 3.3047929196e-02 1.4374618656e-01 -1.1234967302e-01 6.0100465660e-03 1.6752804362e-01 -5.8152592430e-02 -5.7308646908e-03 -1.1304309370e-01 1.4452131997e-01 3.4015566524e-02 -2.0365868476e-01 -2.2666989463e-03 1.0349457417e-01 -4.9551643868e-02
-5.4814934237e-03 -1.0405007975e-01 3.6212311583e-03 -1.7171609940e-02 7.6189961197e-02 -8.5944634629e-03 4.9955392067e-02 -1.0355798396e-01 8.1203583607e-03 5.5322059332e-02 2.0876892547e-02 -2.6919111621e-02 -7.1064878967e-02 -3.2002623724e-02 -5.1455336999e-02 5.5597818839e-02 -1.3164725521e-01 -1.1922346170e-01 -9.0891881957e-03
2.0970713551e-02 9.0341253359e-02 6.5717780178e-02 -4.1353792156e-02 2.4344496771e-02 6.5674713537e-02 1.2028277452e-01 -1.2632684487e-02 -7.6166510038e-02 -9.1378387756e-02 9.5968141458e-03 -9.7029033674e-02 -2.0409841610e-01 -3.6573226181e-02 3.0517348764e-02 -8.8757145403e-03 -1.3394053046e-02 -1.1469758341e-01 8.9312842415e-02
2.8016894811e-02 7.9235314519e-02 1.4889555109e-01 4.8288957280e-02 1.0758829268e-01 -1.0143088767e-02 1.9149549198e-01 6.8998498796e-02 2.5862284498e-02 1.7872835054e-01 -1.3034517152e-02 5.6318257490e-02 8.8437335602e-02 -5.9416729582e-02 -2.3313644298e-02 1.0406099431e-01 -8.7009804778e-02 3.0474756091e-02 3.5035855396e-02
-5.2908803917e-02 4.9222469032e-02 1.4865307427e-01 2.1997328533e-02 -2.7084983750e-02 -4.6808492166e-02 2.1325412077e-01 1.0756408899e-01 1.2434279812e-01 1.6895090485e-01 -5.2531089583e-02 7.1399465550e-02 -2.8886435169e-03 -1.1944338555e-02 3.3860846965e-02 1.0622127357e-01 6.0299218674e-02 -9.2417516144e-02 1.6137969696e-02
-1.0852443730e-02 6.9094519904e-02 2.9206742354e-02 1.7058661361e-02 4.4104394427e-02 7.5337136747e-02 1.7666006861e-01 -5.9580135919e-02 3.9244824467e-02 -8.3840712543e-03 7.0491283088e-02 1.6993022136e-02 -5.1405757854e-02 5.0204152930e-02 5.7033322187e-02 3.7716162677e-02 -4.4002721677e-02 -6.9234010462e-02 -8.8082253224e-02
5.2973162588e-03 7.0252971526e-02 2.6097120697e-02 -5.3635861299e-03 6.6324367716e-02 1.3070833455e-02 1.5327471396e-01 1.0483416556e-01 5.1995340736e-02 1.6102833579e-01 4.2995195659e-02 -8.0969708287e-02 1.4191054442e-01 -2.3989182014e-02 -4.3644696476e-03 9.8487346876e-02 -3.0992067006e-02 -5.5807009873e-02 -4.3267962381e-02
-5.5554165344e-02 1.3091210888e-01 2.3516168995e-01 -9.2808615290e-03 8.1412732276e-02 -3.5634710389e-02 2.0545470456e-01 5.8104493963e-02 -7.9531684841e-02 2.6431465792e-01 1.3302149839e-02 -1.1736708014e-01 -9.0242109964e-03 5.5908282658e-02 -2.6398003112e-02 1.1833977784e-01 -2.2241660060e-02 -9.8085500791e-02 -3.0631924722e-02
4.1961847094e-02 9.0293470259e-02 1.8820148336e-01 -1.2809328340e-01 5.3747978390e-02 7.2652580975e-02 2.2980610625e-01 8.4875116318e-02 8.9934572018e-03 2.2377740000e-01 9.9252486327e-02 -2.6790586357e-02 1.7363427647e-01 1.4169841156e-02 1.1029204293e-02 1.2296674621e-02 -6.2893755252e-03 7.5141509539e-04 -5.6834518607e-02
-4.7974723991e-02 8.3955402104e-02 -1.5226937288e-01 -4.0872484500e-02 -5.4455674385e-02 -1.5010239073e-01 1.3478410525e-02 2.8376093235e-02 6.8375483444e-02 1.6570749697e-02 3.5119096054e-02 9.5699973229e-03 -1.3366506357e-02 -2.1822610739e-03 3.3132754001e-02 -4.3508138752e-02 -2.9761562803e-02 -8.8660459126e-02 7.3337436476e-02
3.5099891414e-02 6.9545039394e-02 2.0111252165e-01 1.1127186794e-01 -2.1609111640e-04 4.5460424436e-02 1.4824321328e-01 5.3756476672e-02 7.6032455332e-03 1.5432821882e-01 6.4250303493e-02 -5.2815938914e-02 2.8070372200e-04 1.2453180602e-01 -7.5867330710e-02 -8.0387647782e-02 -1.4653860135e-01 9.3290381361e-02 -5.3366243243e-02
8.9275250543e-03 -1.1509560107e-02 1.3565829701e-02 4.3660186021e-02 -1.3598769454e-01 -6.6365729878e-02 -6.2666808429e-03 -3.2283735051e-02 5.9871185591e-02 -2.9894501754e-02 -6.4402420851e-02 4.6954069249e-02 3.0304469853e-02 -7.0727222089e-02 -3.8703593146e-02 -7.3981481699e-02 -7.0368851768e-05 -7.3908203085e-02 7.0368861609e-02
-9.4128435973e-02 1.0733471250e-02 -8.5418085890e-02 1.1458697047e-01 -6.5971484031e-02 3.5411519944e-02 -7.1232038455e-03 6.8435131715e-02 1.2521860498e-01 -1.0334644660e-02 7.9917714036e-02 -2.8881495357e-02 -5.9227012608e-02 1.0172522769e-02 4.2147406107e-02 -1.8598319228e-02 7.5436557116e-02 -9.6569027987e-03 -3.7351031444e-02
-7.3916709891e-02 1.3139731969e-02 2.8940190540e-02 4.0016045420e-02 1.6996392953e-01 5.4950124850e-03 3.8848999845e-02 9.1431828338e-02 8.4871471381e-02 6.8724102692e-02 3.2041932755e-02 6.8408341849e-02 1.5184390490e-01 -8.6139413291e-02 1.0756213179e-02 2.1175882292e-01 -3.3148638669e-02 2.5588424406e-02 2.5012184229e-02
1.2553595523e-02 5.4779005409e-02 2.0788719949e-01 -7.9554067144e-02 4.1187434324e-02 -8.5336795918e-02 2.7093358635e-01 1.0762702210e-01 -9.9606195198e-02 1.4939856340e-01 5.5650073222e-04 -3.6397939740e-02 6.2159551941e-02 -8.7628383783e-02 -6.4832477626e-02 7.6668671534e-02 6.8994952766e-03 -2.8209444581e-02 -8.9871339085e-03
9.2065470881e-03 6.4096557170e-02 8.8731713632e-02 9.6691678395e-02 9.2075105298e-02 2.4292019610e-02 1.5914704677e-01 1.2070664345e-02 -2.1308899206e-02 2.9802912533e-01 -5.8642077824e-02 -3.4186495324e-02 1.4457922901e-01 -6.1769344308e-02 -1.0674653132e-01 9.4033636526e-02 8.1167761814e-02 2.3599382170e-02 -1.0640011689e-01
2.0666619527e-02 1.6260449810e-01 4.6490990184e-02 -2.7274180574e-02 -7.3804862228e-03 -4.6161431881e-02 -1.0093130150e-01 5.5163284555e-02 -6.1255359258e-03 4.6440845423e-02 1.0492365283e-01 4.7760905093e-02 6.2839963040e-03 -5.4202662896e-02 -4.0134612102e-02 3.3041318777e-02 2.3761007287e-02 -1.9030213404e-02 -1.6821927877e-02
6.2452200949e-02 2.5639365442e-01 1.9881060842e-01 -7.7830522486e-02 -3.2607259534e-01 5.9702652433e-02 2.1426024354e-01 -2.0966265342e-01 2.4342260565e-02 8.8284531098e-02 -7.7683787921e-03 1.2857770409e-02 -2.3590745530e-01 2.2160907085e-01 1.5609057826e-03 -2.8341864662e-01 -1.6029115421e-01 6.7595835483e-02 -6.5962475667e-03
