-1.6118051011e-02 4.7337409944e-02 -1.1256059529e-02 1.0421254073e-02 -1.2858185568e-01 2.8448559221e-02 -1.9769074436e-02 -5.8973191608e-03 -9.1028713409e-02 1.2329231773e-01 7.4787192274e-02 -5.2280515593e-02 7.7734881030e-02 2.2001089274e-02 -1.6275170584e-02 5.4566128894e-02 3.6292557381e-02 1.4040236196e-02 1.2673545639e-01
1.1630030617e-01 8.3935472951e-02 5.5134776412e-03 -2.7000759092e-02 2.8032119077e-02 8.2978362982e-02 8.0899971885e-02 -1.1429006787e-01 2.0509696027e-01 2.5808458021e-02 -2.9046705739e-02 3.2679052079e-02 2.0929350869e-02 1.0164475191e-01 5.2099353668e-02 4.0379590225e-02 6.4030291909e-02 5.4592634366e-02 -8.6243167049e-02
5.7282456882e-02 2.2694144284e-01 -6.0781078787e-02 2.0053181635e-02 9.6964840393e-02 6.2399864044e-02 5.0086288934e-02 2.4717309988e-02 -1.8319727705e-02 6.2401703455e-02 -5.0491701098e-02 1.0170934590e-02 9.8252831162e-02 1.2404551902e-01 3.0730741843e-02 9.5897618969e-02 2.2262078412e-02 -1.3863727543e-01 -1.1200367979e-01
5.0800185311e-02 -3.5350906764e-02 -7.5802824054e-02 1.0942632068e-01 -2.0238281158e-01 -1.3037023500e-01 -2.7717710123e-02 -6.5381318836e-02 -8.6571014498e-02 -1.2136342061e-01 -9.1383181485e-02 -7.7403239432e-02 -1.0366805142e-03 -6.3736086456e-02 -1.4587340381e-01 -1.6805149509e-01 7.2871699070e-02 2.1071612335e-01 1.0105840964e-01
-3.4954274895e-02 4.2110522917e-02 3.0760103781e-03 -3.2505189326e-02 2.1078620645e-02 3.7386652011e-02 1.6529264871e-01 9.7368726473e-02 1.5716541877e-01 2.4641049746e-02 -2.8099793125e-02 1.2456400960e-01 1.3988870799e-01 2.6805930184e-02 -3.3831281090e-02 3.6648101271e-02 9.0885795625e-02 3.0020172345e-02 -4.2163386305e-02
-2.2295635182e-01 -1.1564250805e-01 7.9694987510e-02 -5.2224463451e-03 -8.5452348928e-02 -9.3354125199e-02 -2.0452979785e-01 4.0028907092e-02 -1.1908848044e-01 -2.6687443146e-02 -1.8045625245e-02 -6.7199580957e-02 -1.5923409955e-01 -2.0099020361e-01 2.3491413099e-02 -1.6647750591e-01 -6.3245060881e-02 1.9185392627e-01 9.4005930503e-02
-1.7221961132e-02 -6.9957687098e-02 -5.1027304095e-02 1.1176749972e-01 -4.7482313395e-02 -9.4365518002e-02 -7.1237861624e-03 4.1544863105e-02 1.3385364659e-02 -2.5659220128e-03 3.4275690658e-02 -4.9223143323e-02 -3.7171020200e-02 5.2238603571e-02 6.5738625274e-02 -3.1050264710e-02 -2.8469296266e-02 1.4212921227e-02 5.3732294682e-02
6.1359332396e-02 2.9265676807e-02 8.4738330614e-02 -8.3443031936e-03 1.0801204417e-01 -6.5201214736e-03 -3.0975841273e-02 1.8723371225e-03 -1.4495215950e-02 -7.2792991882e-03 6.8400133471e-02 1.0092027735e-02 -4.5495711262e-02 3.3134088712e-02 4.8821926839e-02 4.4427518462e-02 -8.3898850325e-02 8.9791499917e-02 5.5166227260e-02
-8.2480733512e-04 -8.2473444440e-02 -1.8125867867e-02 -3.2906126721e-02 7.3836426129e-02 7.9422119623e-02 2.1603467345e-04 -1.0477105812e-02 -1.8412971700e-02 3.9650499738e-02 -4.8829435228e-02 -6.9580847556e-03 -2.1073803181e-02 -3.9003790719e-03 -5.0316700574e-02 1.4708176279e-02 3.9593253818e-02 -3.5357416147e-02 -5.7495419203e-02
7.9393024382e-02 -3.0993919949e-02 -1.0802615570e-02 -1.2469919046e-01 -2.5613043387e-02 -6.4430265453e-02 6.1824984012e-02 3.1029273013e-02 1.0741473248e-01 -5.4146948662e-02 9.1977394372e-02 -3.4616907869e-03 -6.3734361619e-02 -3.4176605464e-03 -1.3065277917e-01 -3.3044694979e-02 6.2329501290e-02 -2.6792718040e-02 7.9710772937e-02
2.7448358364e-01 8.6933160651e-02 -3.0873575025e-02 -2.3202269069e-02 1.3840269035e-01 1.6380454034e-01 1.5238123171e-01 2.9772151064e-02 2.0644423515e-01 1.9170585084e-01 1.1584301968e-01 1.2291132113e-01 1.6994371852e-01 2.1112199371e-01 1.9258778397e-01 6.6023023347e-02 1.4335596768e-01 -1.3390077666e-01 -5.9466735507e-02
-6.2007497470e-02 5.8739175018e-02 -1.0663407568e-01 -5.5723644680e-02 -7.1697648498e-02 3.8790221597e-02 -4.6218994862e-02 8.8431508914e-03 -6.8062121902e-02 1.0297858964e-02 1.9242169206e-01 2.9916294816e-02 3.1882580727e-02 -2.7963950568e-02 5.6717204792e-02 7.7561499024e-03 3.0247035628e-02 7.1006798700e-03 -3.9929056322e-02
-3.6129987260e-01 -1.6827055082e-01 -6.3837625519e-02 -1.3199454140e-02 -1.2988083916e-01 -1.1623248072e-01 -1.9811844540e-01 -1.2835359841e-01 -2.3925965204e-01 -3.4467245703e-02 -3.1033039973e-02 -1.7252654675e-02 -1.2772483842e-01 -2.4342874845e-01 -2.9839342263e-02 -1.6234265720e-01 2.9858438307e-02 3.8794028074e-02 8.0135306023e-02
1.2535071010e-01 2.4091507215e-01 3.2617576346e-02 3.5327740737e-02 1.5967812938e-01 6.7818648383e-02 7.4734973326e-02 3.6513666397e-02 1.0624023318e-01 2.9521998094e-02 -1.8432561847e-01 5.5213199263e-02 1.3661617037e-01 1.6363269815e-01 1.2788771132e-01 1.3299115655e-01 1.9856535161e-01 -3.7323101470e-02 -8.5085663188e-02
9.6778821222e-02 1.5461920940e-01 3.5139703299e-02 -2.7576129462e-02 1.2926582892e-01 8.8009760021e-02 5.4675100062e-02 3.7603092900e-02 1.2278235505e-01 7.2184084155e-02 -2.1819254601e-02 1.8410819212e-02 6.6687670895e-02 1.1471818107e-01 1.0195651795e-01 1.4422586574e-01 1.7138612662e-01 2.9537247577e-02 -6.8774591992e-02
-4.7566635351e-02 1.0020739790e-01 -1.0452863790e-02 9.9167543902e-02 -2.2401936725e-02 6.2965293637e-02 -2.4970382651e-02 1.2724279917e-01 -1.1334268299e-01 -1.8159609006e-01 -8.3707882056e-03 -1.1925098356e-01 -6.2542840845e-02 -6.2617529864e-02 -1.1659031616e-02 -1.1222597107e-02 2.1620147197e-02 9.7966342987e-02 3.9796455208e-02
2.8215123412e-01 3.5377506208e-01 4.4036046353e-03 4.9030532427e-02 2.5598701485e-01 2.6707641152e-01 3.2100244506e-01 1.6963678218e-01 9.0063454170e-02 2.4025472561e-01 8.2425822862e-02 2.9258966971e-01 1.2869511560e-01 2.3175586717e-01 2.8168336992e-01 2.4540176101e-01 2.5363161953e-01 -8.2294792487e-02 -1.5281592660e-01
7.8485938391e-02 2.2000045034e-01 6.6463981344e-02 5.1471762001e-02 1.1446903547e-01 1.2956800427e-01 9.3319160263e-02 1.2852713124e-02 2.2585600254e-01 3.1636815345e-01 -4.1996423308e-03 2.1308235653e-01 1.3811896310e-01 5.5709218975e-02 2.0933854925e-01 1.6475663369e-01 2.2677839959e-01 -1.3818489145e-01 -6.0062078670e-02
-4.8839594115e-02 -2.2040927115e-02 7.8591374668e-02 -6.7600203280e-02 -5.5766024846e-02 -7.8654396849e-02 3.2938946760e-02 -3.8889341697e-02 6.3079222371e-02 2.6055272532e-02 2.2510310683e-02 -4.0280722655e-02 -7.4018467196e-02 -1.8904298583e-02 -5.9802521038e-02 1.1453914841e-01 -4.2750070493e-02 1.5878623745e-02 -4.9140258845e-02
