-8.9726550450e-02 8.1404447458e-02 1.5945861172e-03 2.0611700116e-02 -2.0217243324e-03 2.1199818058e-02 2.7193797737e-02 -2.5516517267e-02 -1.2901025720e-01 6.5501360149e-02 1.0039729795e-02 2.7268544510e-02 1.8124579774e-01 -1.2078299288e-02 -8.9851423978e-03 1.1553438484e-01 5.1900485825e-03 -1.8475236369e-02 6.9582496213e-02
6.9259627792e-02 9.6551949772e-03 -4.9577873913e-02 3.3923424865e-02 -8.9721793489e-02 4.1347890247e-03 2.5369490700e-02 3.9656643912e-02 -1.6335021214e-02 -9.5164029489e-03 -1.9991680170e-02 -2.7360072006e-02 -3.3348349961e-02 2.2368216339e-02 -4.9573798071e-02 -6.5307713202e-02 1.0955784876e-01 8.4213241168e-02 3.6551248495e-02
-1.0660538578e-01 7.4476508185e-02 -1.4057722212e-03 -7.3145794974e-02 -6.4201537448e-02 -9.0082185616e-02 -5.6480340155e-02 -8.1643499766e-02 -4.9132335032e-03 2.0523622624e-01 -3.0329917992e-02 2.5276929611e-02 1.6577475421e-02 1.9038890375e-02 -1.4302120533e-01 2.9890870724e-02 1.9073584837e-02 3.4480373849e-02 -2.3091786361e-02
1.3658669938e-01 -2.7038812518e-02 4.0705691620e-02 -1.0051178327e-01 9.3487360812e-02 1.8935990457e-03 5.2553436587e-02 6.7698372377e-02 -6.9388836557e-02 1.9396243957e-03 3.4506448175e-02 4.5153323283e-02 -4.0119341539e-02 -5.1777568984e-03 -1.5125916784e-02 -1.9068191858e-01 -6.2792404251e-03 9.8480523316e-02 7.7943209359e-02
-2.4180873041e-02 1.1189195304e-03 9.4603536284e-02 -3.8442772581e-02 -2.4326173337e-02 6.5246374526e-02 -4.9074794090e-02 -2.4162679112e-02 -8.3062728224e-03 -4.5017251670e-02 9.5646427292e-02 -1.7323523802e-02 -7.1035520498e-02 -7.3053120330e-03 8.6476497230e-03 -4.5717351265e-02 7.8654453117e-03 -4.8214594611e-02 -1.0685370848e-01
6.4002027596e-02 2.1241539773e-02 8.4305860269e-02 2.6624682892e-02 -5.8913251039e-02 1.3408736509e-01 4.1484446538e-02 -4.4164632622e-03 1.8505978185e-01 3.7717288807e-02 1.3964299184e-01 7.4712849840e-02 -1.8623967808e-01 1.9710215557e-01 1.9562426903e-02 -7.0849790006e-03 5.9554974513e-02 1.7604066984e-02 -3.5014716419e-02
1.8320930947e-01 5.0375376319e-02 2.5386060601e-01 -3.7478805301e-02 -1.8525972854e-01 2.3681826302e-01 1.9015457618e-01 3.7173282283e-04 2.0511165609e-01 4.1846118368e-02 2.0282090377e-01 1.5816818972e-01 2.7187529596e-02 2.9403551442e-01 -8.7693499701e-02 -5.8008988609e-02 6.8570327568e-02 8.3491034197e-02 -1.7389932576e-01
-7.4423227772e-03 2.6159159345e-02 -1.2229890952e-02 4.5159966716e-03 -1.3434110087e-02 -8.7371566718e-02 5.3257407239e-02 -1.7129293369e-02 -2.8538206718e-02 -1.4950529501e-01 2.5052543609e-02 5.5879423375e-02 1.4427488651e-02 -8.9586128118e-02 -4.6854949005e-02 -5.0229927328e-02 6.9866782525e-02 1.2418217914e-02 -8.2045880628e-02
1.7171370324e-01 3.7765693293e-03 2.2189984417e-01 4.2698093966e-04 -2.0228031939e-02 1.5756775449e-01 6.4817136940e-02 5.1443923666e-02 1.0061303676e-01 -9.9199847503e-03 1.1504628127e-01 1.0258850531e-01 -1.5311009425e-01 5.6969793907e-02 -5.4750185510e-02 5.1461016874e-02 -9.4526083108e-02 2.0713146736e-01 -2.5391500218e-02
1.6915042361e-01 -1.3288980739e-02 1.5484601261e-01 -7.0289734951e-02 -1.4853317755e-01 1.8040850273e-01 1.1664439864e-01 -5.7551353304e-02 5.7242974870e-02 7.4353140572e-02 1.6018022911e-01 8.0347874673e-02 -6.2442820119e-02 1.4593122043e-01 1.0264125783e-01 -1.5926752537e-02 -3.6740190676e-02 1.4855373250e-01 -2.2671211331e-01
6.6764689559e-02 1.9876271228e-02 6.2080620265e-02 -1.9482330882e-02 1.0424096743e-02 -1.1711561900e-01 -5.5116796418e-02 9.7993215029e-02 1.3967495848e-01 -4.6332909630e-02 2.7982130371e-03 3.0881971270e-02 2.6812455529e-02 1.3321244891e-02 -2.6949614203e-02 8.2767370796e-02 -9.9300800186e-03 3.0455520846e-02 9.1459742237e-02
3.2915432007e-02 -4.6300642655e-02 -7.8395481041e-02 7.7868741919e-02 1.2657023915e-01 -4.1693863535e-02 -1.3760026590e-01 1.2000953031e-02 -2.0288352141e-01 -5.6534925176e-02 -5.1225203761e-02 -1.6129929180e-01 -6.1688105937e-02 -2.2479045711e-01 -3.4177888116e-03 -1.1671252225e-03 7.2999596966e-03 1.1787569556e-01 -8.4963162416e-03
1.2738822794e-01 5.6843217569e-03 1.0361631286e-01 -2.1861898118e-01 -1.6848511136e-01 1.8814762367e-01 1.0113513312e-01 -1.1219336868e-02 1.6540145379e-01 -1.2514107454e-03 9.7719824146e-02 4.5816770337e-02 5.5832605773e-02 1.9439974039e-01 -7.4152684403e-02 -9.0276679855e-02 9.5218526478e-02 1.4146042899e-01 -9.0143952234e-02
3.6987449601e-04 -9.8223302875e-02 -8.7153968740e-02 6.7443670957e-02 1.0411490630e-01 -7.0959697620e-02 -4.5980327783e-02 1.3061883199e-02 2.9260812599e-02 -5.6356829317e-02 -4.3959318868e-02 6.3901544733e-03 4.5744729164e-02 5.7102252726e-02 -9.4903733403e-02 -1.0874543858e-01 1.0134046631e-01 1.7730921780e-01 1.5680129759e-01
1.6775069267e-01 -5.5614730229e-02 1.2593465003e-01 9.7973839537e-03 5.3866252569e-02 1.5313326134e-01 1.0076541721e-01 -3.9378975227e-02 -1.1544000197e-01 -1.2679471086e-01 1.0560850457e-01 3.2066731129e-02 -8.7965063473e-02 3.7837720945e-03 1.7191964084e-03 7.0991095082e-02 -7.7612160918e-03 1.4317512931e-01 -2.0413555137e-03
1.4362395386e-01 -2.3519627886e-03 1.6411634087e-01 -3.2156611665e-02 -6.5364076145e-02 1.2615112366e-01 1.3087042630e-01 9.7900035738e-02 1.0337392552e-01 -5.0306923270e-02 1.5508445589e-01 1.9122095455e-02 1.5503726063e-01 3.3471501134e-02 -1.4457292892e-02 -7.2847599920e-02 -7.6962823249e-02 1.3830692997e-01 -1.0273306051e-01
9.4128321959e-02 8.1186267200e-03 1.0595901950e-01 -8.5794643507e-02 -2.7739077882e-02 8.1732177028e-03 8.2589643083e-02 -3.0449236898e-02 8.3833127763e-02 -7.5589172877e-02 1.6872819608e-01 9.4004609453e-02 -2.3628054203e-02 6.4614032608e-02 -9.8298078143e-02 5.8220895112e-02 -1.0127755686e-01 9.1753367997e-02 -4.6567242659e-02
1.0237855022e-01 2.1375586960e-02 3.5872207187e-02 1.0055962867e-02 1.2031548666e-01 8.0935952256e-02 -2.3901346357e-02 -1.1780231710e-01 -2.4405735193e-02 -3.0883780523e-02 3.2629288756e-02 -2.4905545906e-02 1.7451011563e-02 -3.4575615712e-02 -2.0978451756e-02 -1.4068343523e-02 -3.4516809681e-02 1.3975480811e-01 5.6364450560e-02
3.0025112637e-02 -4.9207308589e-02 2.4890641867e-02 4.3840956605e-03 1.6387759631e-01 8.0661343097e-03 -1.8255322944e-01 -1.2380210564e-01 -1.1325637862e-01 -1.3300005259e-02 -2.5906720542e-02 -1.7827956355e-01 -4.3331282208e-02 -1.3781536757e-01 -1.2751054955e-02 1.4199249629e-01 -4.4775564178e-02 1.0339231533e-01 9.6756151500e-02
