2.3059150249e-01 -8.5403654983e-02 -1.6024535691e-01 -1.0494243262e-01 -4.4102201419e-01 -1.9957422478e-01 1.0105423436e-02 -1.6154570027e-01 -1.8631119673e-01 4.4173891234e-01 -1.2823536940e-01 5.6927673027e-02 -2.8411037169e-01 3.4412011439e-01 1.2335002606e-01 6.2572932593e-03 3.5529383876e-01 -2.7730812394e-02 1.6997495723e-01
2.6687450237e-02 -9.1106259179e-02 1.5190294884e-01 -5.2135896900e-02 -2.2803280618e-01 -3.4654376737e-01 -2.9871938360e-01 -2.8524874267e-01 -1.5076596288e-01 -7.1655028684e-02 3.9503846194e-02 -1.6650418721e-01 -8.1387984373e-02 3.1698956051e-01 3.8967012439e-01 -3.0368725938e-01 -3.2460432421e-01 1.8081162672e-01 1.3037824325e-01
-3.0954387822e-01 -3.7909515386e-01 3.1502142019e-01 1.9224585367e-01 1.9848703544e-01 4.2446136727e-01 -5.4129806254e-01 -1.1764171101e-01 -2.4636571604e-01 -2.7749536402e-02 -2.0148600603e-01 -4.7964728247e-02 2.2762528917e-01 -1.9523400213e-01 -4.1852621611e-02 -1.6318485373e-03 -4.2078740167e-01 -2.7449938492e-01 -1.6753660624e-01
8.7290728746e-02 -7.1076829410e-02 3.9758844114e-01 -9.3568116348e-02 3.6619281567e-01 -4.5466854148e-01 1.5850429115e-01 2.4661672650e-01 2.7122294609e-01 1.8421383607e-01 2.8037363726e-01 -1.2142061843e-01 -2.7020245778e-01 -3.3185832331e-01 1.6981304403e-01 4.2960312749e-03 -1.0064427525e-01 -4.1139884084e-01 2.6173260212e-01
-7.1460599256e-02 -4.2041650946e-01 -3.3112460509e-01 1.3304558301e-01 1.9188464668e-01 1.6615631744e-01 4.9235396692e-01 7.8990737810e-02 -5.7316022608e-02 1.8056381834e-01 -7.6956178913e-01 -6.6580221683e-03 8.4920820665e-02 -4.0589662382e-02 4.1017216259e-01 5.6149231684e-01 -7.5633638531e-02 -2.8183733242e-02 -2.3152871332e-01
3.2959050498e-01 -8.0073279917e-02 -1.5581750350e-01 2.6638100777e-01 -2.1135876714e-01 -8.2889426556e-02 7.2160281694e-02 4.6212272437e-02 1.1853010114e-01 7.9250458913e-02 -3.1893765925e-01 -1.2438945635e-01 -1.5893970691e-01 -2.7737270942e-01 -1.0394047658e-01 -2.4942376154e-01 6.3713754111e-02 2.4242169255e-02 -3.2628700329e-01
-4.2233991756e-01 -9.1130997172e-02 -1.3888587375e-02 1.4302783581e-01 -1.5530127691e-01 2.2459819375e-01 1.6095870771e-01 -2.0570538636e-01 2.6133924455e-02 -3.6782645192e-01 1.0139333022e-01 2.8886933664e-02 3.2603220040e-01 -1.6729723440e-01 -4.6353225067e-02 -3.4098816847e-01 -1.4371712579e-01 -1.4054491321e-01 -7.0637583993e-02
7.2947957595e-02 -3.1780009054e-01 -1.0615172230e-01 8.2319080041e-02 7.8431213470e-02 8.9881161268e-02 -2.0862146719e-01 3.2061841943e-01 6.8553357878e-02 -6.3676465796e-02 -2.6719252781e-01 -1.4310902593e-02 -4.6811808690e-03 -2.1561758468e-01 -2.5096737771e-01 1.3576932051e-01 2.0664509413e-01 -1.1011426771e-01 -7.6094467830e-02
7.4332351021e-02 1.2404598266e-01 2.5462853936e-01 -1.6501750755e-01 1.4739328064e-02 -9.4681391091e-02 -2.0144318009e-01 -5.1782120171e-02 -8.0577880962e-02 1.8774706936e-01 6.0048892731e-01 -3.2808749996e-01 3.2039012733e-02 -5.2430595490e-01 -3.7625845012e-03 5.9738317362e-02 7.8046487000e-02 5.7295761178e-02 4.0741893338e-01
3.8320032454e-01 -2.1440586850e-01 -4.0783330283e-03 -8.7561773640e-02 1.1381243356e-01 -7.8095161444e-02 -7.5225631042e-04 2.3301995086e-01 1.0612736960e-02 -9.2045680748e-02 1.0181109865e-01 8.4019970861e-03 4.8715655375e-01 3.0169433692e-01 -4.3878052443e-01 -1.1330273716e-01 1.3928794483e-01 9.2784205786e-02 -4.3111027155e-01
1.0524392029e-01 4.4265985325e-02 -2.3764118994e-01 -1.1637233438e-01 1.3265232319e-01 1.6263308494e-01 1.9912164684e-01 8.9818911839e-02 -4.7529345330e-02 -3.0303393295e-01 2.5719200223e-01 -3.4365856383e-01 2.1430920056e-01 8.4598788051e-02 -7.2945703473e-03 2.4591702233e-01 1.3202242232e-01 2.2813188066e-01 1.5540691301e-02
6.3890493361e-02 -6.8007112017e-02 1.3781831997e-01 3.9823675220e-01 7.3640483884e-02 -4.0606649186e-01 -2.4232495987e-01 -6.2930447443e-01 2.6477793733e-02 -8.2541710481e-02 1.8927188459e-01 5.1985138415e-01 -2.7908383344e-01 -1.1371381334e-01 7.1629454101e-02 -4.3037656241e-01 -3.3605829534e-01 -8.4632616245e-02 2.5254598250e-01
-3.2372019776e-01 -1.7323221250e-01 -7.3833841038e-02 1.6120393885e-01 1.0912821225e-01 7.3414317335e-02 2.7349170690e-01 -3.1224259281e-01 3.3849283013e-01 -2.4751562753e-02 -1.0364998520e-02 -8.7453339832e-02 -2.6544950769e-02 -3.1623213313e-01 -1.1105364751e-01 1.1041665074e-01 -4.1171604038e-03 3.9523604693e-01 -3.9906921509e-01
5.8154142571e-02 1.3640163339e-01 -1.0002933270e-01 -1.2749412845e-01 4.4535907554e-01 1.4610881256e-01 -3.9200630608e-02 -9.4663053736e-02 -2.7738095598e-01 5.2995309396e-02 -2.0553441574e-01 3.6811270456e-01 4.0773013450e-01 1.1446376036e-01 1.7423149619e-01 3.5794384017e-01 9.1256728528e-02 6.3592184346e-02 1.8687878420e-01
-3.2112537746e-01 4.1861833441e-01 6.9659104775e-02 5.5022304382e-01 1.4016195218e-01 -1.5232817501e-02 -6.3342471818e-02 -2.6458605437e-01 1.3691166923e-01 3.9534762617e-05 2.8113804160e-01 -5.4189872229e-01 -7.4814569741e-01 -1.0282526782e-01 4.5711032105e-01 -2.2211630676e-01 -9.5667297278e-02 -3.3588654926e-01 -1.2619037395e-01
1.0116837613e-01 -5.4783609223e-01 3.1775903515e-01 -3.9939525906e-04 -3.4622393632e-01 2.4335949709e-01 5.0861972342e-02 1.3407102481e-01 2.7886778550e-01 2.0673728036e-01 4.0285289474e-01 5.7878180204e-02 1.5193029678e-01 -2.8264004006e-01 1.2671312410e-01 7.6876428435e-01 1.3940362843e-01 7.5855189713e-02 1.9319411239e-01
4.1978042030e-01 2.0709834171e-01 -8.6327023368e-02 2.0227303118e-01 3.7816571847e-01 1.6343249882e-01 -2.3119581226e-01 -1.5793017396e-01 1.8821843395e-02 2.8361142091e-01 2.0297619543e-03 1.0826738520e-01 -9.5956793387e-02 -3.5732150919e-01 2.4292905083e-01 -2.9604465410e-01 -4.0745192364e-02 -4.6436342946e-02 -3.5446613141e-01
2.6644343059e-01 3.4319454213e-01 2.1397289151e-02 -1.1593062727e-01 2.0346205297e-01 4.0429979351e-02 2.8531986494e-02 -1.4642665230e-01 -1.0808186718e-01 -3.8362743434e-02 1.9653190375e-01 1.7261603108e-01 2.1886248709e-01 -2.5844888760e-01 4.7656497871e-02 -6.6546497545e-02 -7.4451337775e-02 6.5311832659e-01 -2.7790171159e-01
2.6548022713e-01 -1.9537798606e-01 9.3157889740e-02 1.5319382674e-01 -1.3720413988e-01 2.9284359846e-01 -4.3955740079e-01 7.9945436380e-02 -2.7241746678e-01 6.9041614031e-01 4.0356094259e-01 2.9054641790e-01 9.3361578721e-02 -4.0814536953e-01 -1.7812671086e-01 1.8142947852e-01 1.1951610473e-01 6.2786407759e-02 2.5008745517e-01
