1.1653695238e-01 3.7868386426e-01 1.9434422442e-01 -2.6829849514e-01 1.5396319188e-01 1.3078152683e-01 -8.3300314027e-02 2.3407599507e-01 -7.0649658010e-03 7.4267567711e-02 1.6995124695e-01 8.4660463540e-02 5.5270293252e-02 -1.0529334755e-01 1.2817768367e-01 3.1582453766e-01 -7.8234480151e-02 -1.3647450019e-01 -8.4511899207e-02
-2.1359783868e-02 -6.7076196947e-02 2.1906190234e-01 -5.6439476992e-02 -1.5128681209e-01 -2.0007414968e-01 -1.3355516845e-01 2.8129314792e-01 -9.3921568879e-02 1.3558040176e-02 -1.0348041901e-01 -1.5175581314e-01 5.1602190147e-02 -3.0455726254e-01 1.9250474880e-01 1.6118900849e-02 1.8326477765e-02 -1.1933860847e-01 4.0532030151e-02
1.3599662541e-02 2.9529052920e-01 -5.0967466889e-03 -9.2691036639e-02 2.8968008223e-02 -4.8759738715e-02 3.2494219598e-03 -3.7123812709e-02 -1.2668749301e-01 3.1508290114e-02 -1.4941844090e-01 -2.6194454750e-01 1.9150295548e-01 -1.1180799952e-02 8.2012092207e-02 1.1756601950e-01 3.6708450009e-03 2.5284644578e-02 -2.0810033821e-02
-2.8273734661e-02 1.1844519527e-01 2.9639922630e-02 -1.3908080021e-01 1.5800101488e-01 7.4914373630e-03 2.3580765786e-02 3.9659572399e-02 -7.8678441349e-02 8.6929539845e-02 -1.7545575535e-01 -2.0651888434e-01 -1.5666852691e-01 4.9146986038e-02 -3.3002337631e-02 -1.5104985093e-01 -1.3978130049e-01 2.0692966162e-01 1.3010226392e-02
2.3319974200e-01 -6.9297275689e-02 -2.0927826229e-02 -2.7531661336e-02 5.6303697743e-02 -8.3052771372e-02 -6.5625046241e-02 7.3242644438e-02 -1.1269964421e-01 1.9326209607e-01 -1.3899157916e-02 -7.5978936203e-02 -5.3187202400e-02 -6.2898322304e-03 2.6672781473e-01 2.4012425353e-02 -1.5820129732e-02 -1.2098723579e-01 -1.0819876741e-01
-9.0569090428e-02 -1.6349590373e-01 -1.6923756772e-01 -4.1766511113e-02 -3.5396620930e-01 -7.9624163252e-02 -1.6592232750e-01 1.7208233229e-01 1.9984914197e-01 -6.4813425953e-02 -1.7351510767e-01 -1.1688433599e-01 -6.5649342076e-02 3.7689723016e-02 1.7912211408e-01 9.9265725911e-02 1.7930981226e-01 1.3508620544e-01 1.0430543010e-01
-7.2265368938e-02 1.6177326972e-01 1.7663966357e-01 -1.5877056774e-01 1.0762577835e-02 2.8168254958e-02 -1.5402469373e-02 -4.3089228208e-02 -1.3494853445e-01 7.4095665107e-02 3.6985654721e-03 -1.6086931798e-01 1.7264869401e-01 -7.2296476492e-02 3.6247834314e-03 3.7643736148e-02 1.8063523148e-01 -5.3993566939e-02 2.6286487001e-02
6.9914470201e-02 -2.5453808872e-01 -1.0691551749e-01 7.0625445331e-02 5.1718009291e-02 7.9961073221e-02 -3.1473062776e-02 -5.2240382218e-01 1.2210745276e-01 2.4819991977e-01 -4.7154601058e-02 1.0698380894e-01 -1.4113093374e-01 2.5484459487e-01 4.9962504599e-02 5.8857859839e-02 -1.0214729820e-01 -1.1841403528e-01 -6.5882267942e-02
-1.1961445316e-01 -1.7524238544e-01 -4.1192237331e-02 2.5107215594e-01 9.6479905536e-04 -7.0109878820e-02 8.3234943491e-02 -3.3577961489e-02 4.3120680899e-02 1.4713026757e-01 -8.6869708402e-02 8.9961567663e-02 6.6449104576e-02 -2.6240518570e-02 -1.1762464859e-02 -2.8550817190e-02 -4.4237248263e-03 -2.1906776873e-01 6.8566665894e-02
-3.6211384537e-02 1.6539774696e-01 -9.4170963654e-02 -3.0527200800e-02 -7.7187862710e-02 4.1418756919e-02 1.5058636079e-01 -9.4756943342e-04 -3.8739989637e-02 -1.4500983648e-01 9.9306423030e-02 -1.4596311908e-01 -1.2214896140e-01 -4.5851773049e-03 -2.8787280281e-01 1.0039339871e-01 6.9381505098e-02 1.5968043785e-01 -2.0703481595e-02
