-1.7826753367e-01 2.7954838179e-01 -2.5258981783e-01 7.0966106748e-02 6.3005668399e-02 3.5316249948e-02 2.6744843634e-01 -1.1489381560e-01 2.5963039267e-01 -9.5185751989e-02 2.4169128527e-01 2.1270237919e-01 -1.2992472398e-01 1.4513236198e-01 -2.0020358737e-01 -3.3858396737e-03 -1.5696632009e-04 1.3924993086e-01 -2.2349860383e-02
-3.0787154197e-01 1.0593324679e-01 -2.0079655784e-02 1.4088686118e-01 -6.3659657286e-02 -8.7676576047e-02 2.3746261489e-01 -2.9868993175e-02 2.2648944295e-01 -2.0756074476e-01 1.9075011530e-01 3.4153948810e-01 -1.5207178128e-01 2.4328675814e-01 2.6926880581e-03 -1.4006235673e-02 -2.7447302505e-02 -4.6680035074e-02 -1.2475893967e-01
1.9949837400e-01 -1.1162234626e-01 1.9978329528e-01 1.8921191264e-01 1.2925165080e-02 1.0823768382e-01 -1.0308796495e-01 1.6946859411e-02 -8.3561894277e-02 1.3738979121e-01 -1.2794851205e-01 -1.5128656109e-01 1.7752743075e-01 -6.7839549544e-02 1.2158454041e-01 2.2339441394e-03 8.7699969285e-02 -1.8932489977e-02 1.8108453835e-01
2.7112330162e-02 1.7003207028e-01 1.3918405182e-01 2.5238406993e-02 -9.4123900004e-02 1.0004204251e-01 1.2187217046e-01 1.6835054115e-02 8.8708165569e-02 3.2127040541e-02 9.8266515953e-02 1.5876429899e-01 9.9372114022e-02 4.6836575136e-02 1.8569695613e-01 1.7205895395e-02 1.1216026459e-01 2.3194890026e-02 1.6538727034e-01
2.1982891323e-02 -9.9300840001e-02 4.7215608312e-03 -3.7000344444e-02 4.3348065930e-02 -5.3116841722e-02 7.8178848223e-02 -6.1870135467e-02 1.2013438399e-01 -1.8789662086e-01 -2.9562033119e-02 1.1358830213e-01 1.0128638268e-01 -9.1532502693e-02 -1.2381143730e-01 -3.6840331054e-02 3.8473733438e-02 1.1124996180e-01 -1.2674989306e-02
1.5747835712e-01 -1.3261872798e-01 -4.5851780570e-04 6.0258889505e-02 -2.3375341096e-02 1.9069515612e-01 -1.0740052590e-01 -3.4924415636e-02 -6.1010787457e-03 7.5900004763e-02 -5.2205501868e-02 -1.9002027133e-01 1.6131041124e-01 -1.3086584153e-01 8.8299882241e-02 -1.2812661338e-02 7.6603287222e-02 -1.5299331357e-02 1.1345928840e-01
7.0161482207e-02 3.5166744220e-02 -2.2325596121e-02 -6.0858087200e-02 -4.6563356827e-02 -1.0184877947e-01 -4.6066951072e-02 3.0445149481e-02 4.1914862702e-02 -8.0226114153e-03 -2.9214524776e-03 -8.9630086249e-02 -1.0086633632e-01 -1.2360450374e-01 -4.3080095269e-02 4.7539427863e-02 -9.6821368580e-02 4.7707224868e-02 -1.1659335916e-02
-7.4759702422e-02 -1.0098878864e-02 1.1029173737e-02 -4.1383318933e-02 3.5726054556e-03 -4.0895847422e-02 9.8688206345e-02 -1.1672017782e-02 7.5513687222e-03 -3.3676063931e-02 -1.2064450784e-02 -6.0584446714e-02 -3.2158126287e-02 -2.5120413499e-04 -2.6502138808e-02 2.4786457653e-02 -7.3953747396e-03 1.4015233912e-02 6.2325633211e-02
1.4605168259e-02 4.4697777302e-03 7.5241453457e-02 -1.6615880312e-01 -5.3100130718e-03 -2.8428081368e-02 4.8261855164e-02 7.0276746506e-02 -2.3453523710e-02 -5.6072188671e-02 -4.6492621990e-02 2.6299039387e-03 2.7778347502e-02 6.1113237141e-02 1.2589139486e-01 1.4717141745e-02 4.3366168537e-02 4.8471417516e-02 -9.3161951020e-02
4.1671123528e-02 6.8800709360e-02 -4.1502638972e-02 -3.6297596603e-02 7.5586961352e-04 8.8027415572e-02 -1.8839024326e-01 -6.1236351083e-02 -1.8897285877e-02 2.1630419547e-02 -9.6314178830e-02 4.3720974599e-02 -3.4181272271e-03 1.5004565407e-02 -7.7287203932e-03 7.3091801017e-02 5.2905138654e-02 3.3963294535e-02 6.2132284282e-02
-3.7750910535e-03 -6.6963645888e-02 2.0970802803e-02 -5.6200608943e-02 -3.7222688348e-02 -1.8867602017e-02 3.9157626874e-02 3.5878578744e-02 2.5262340368e-02 6.5850556014e-02 -4.0400409834e-02 2.5007524052e-02 3.4502554712e-02 7.4013578196e-02 -1.4362957025e-02 7.7224770420e-02 4.6220326126e-02 5.4153365423e-02 2.5581098887e-02
7.2519357466e-02 2.6746058636e-02 -9.7404101371e-02 -4.4503949936e-03 2.8823296446e-02 -1.8811970343e-02 5.2452369322e-02 -3.2815122742e-02 -6.1848444751e-03 2.0096304411e-02 1.0806161727e-02 1.0266454196e-01 3.9952018912e-03 -5.9763275643e-04 -1.9080114440e-02 -3.1018361587e-02 -8.4231652472e-03 8.0738471085e-02 -1.9753827684e-02
2.0885095852e-01 -8.5028004794e-02 5.9042294838e-02 1.7162593167e-01 -2.6245255958e-02 9.1191095355e-02 -5.3409189169e-02 -3.4378828258e-02 -1.3093598969e-01 2.5119598996e-01 -8.5041351214e-02 -2.0628751647e-01 7.1147761105e-02 -1.0775849629e-01 1.1436113475e-01 -6.1767871822e-02 2.1010987201e-01 -7.2027729122e-02 1.2262492784e-01
-2.1963805132e-02 -8.9971547161e-02 -9.0356071698e-02 -3.9380793175e-03 -2.8736531075e-04 3.0981954948e-02 4.3584797095e-03 8.5810532776e-03 9.9815594440e-02 1.5356296797e-03 4.4133288635e-02 -1.4104595154e-03 3.1372147596e-02 -2.0373424483e-02 3.4401808996e-02 7.3007242575e-04 -2.7958994895e-02 -5.1085471952e-03 2.2193603600e-02
3.0414852260e-02 3.3372312202e-02 6.8753109243e-02 1.5202191338e-02 5.8248855888e-02 1.2519605864e-01 2.8617399839e-02 -1.0637024700e-01 -2.5215816776e-02 -6.2596535423e-02 -7.5669827996e-02 -5.6207999355e-02 -9.6765432344e-03 -4.7498118065e-02 4.5700048365e-02 -3.3301407075e-02 6.7186597211e-03 -1.1017989215e-02 4.7916149285e-02
4.2501630117e-02 -2.9289614463e-02 7.4064680668e-03 7.2494406059e-02 2.9260294455e-02 4.4460783756e-02 -1.2445255169e-01 6.3397091706e-02 -6.3723815077e-03 4.5251902946e-02 6.7580724210e-03 -1.2898780835e-01 -7.9574441777e-02 -1.3730958269e-02 3.0914430599e-02 7.9649840403e-02 1.1122248386e-02 -1.2463377425e-01 -5.9410742508e-03
-3.0120563852e-02 1.7466991335e-01 3.9548628847e-02 7.4437284226e-02 9.1585838879e-03 -1.4545358615e-03 2.5641588726e-01 -4.3401047814e-02 2.5270028009e-01 -1.0133178226e-01 1.6586209223e-01 2.1248096831e-01 1.1419193693e-02 1.1988126536e-01 7.2560267233e-03 -1.8176288978e-01 -1.2278620418e-01 -1.4077696965e-01 1.8465079940e-03
1.6436378948e-01 -1.0650471198e-01 7.6727815820e-02 1.3105250779e-01 7.7130237194e-03 1.8021527321e-01 -1.6584662173e-01 7.1913254313e-02 -1.2449544621e-01 1.7192393382e-01 -1.3722913850e-02 -1.3072600803e-01 7.4022247803e-02 9.0527548192e-03 3.7166626425e-02 9.4439689135e-03 6.9148180878e-02 -4.2606746924e-02 1.3336152982e-02
-9.4646353886e-02 7.8925231445e-02 -3.6940843398e-02 -7.4924727128e-03 -6.8687776864e-02 1.7703402070e-03 -4.3644089717e-02 -8.2524517670e-02 2.9692352850e-02 3.1081439842e-02 -1.6418639049e-02 -8.0227633197e-02 4.7293787068e-03 -6.9427776112e-02 5.3446640221e-02 6.2862914933e-02 -5.1469092854e-03 2.4752855324e-02 5.3829909440e-02
