-4.0053199829e-01 1.2479850451e-01 -1.7157319998e-01 -3.2691363930e-01 1.3536861684e-01 -2.9804172880e-01 1.8913369033e-01 2.6616318825e-01 -3.3118642219e-01 5.1583041707e-02 6.0770045757e-02 -1.8323564782e-01 7.7596353115e-02 2.4802848819e-01 1.2658006790e-01 -1.4856271326e-01 -7.1704661082e-01 5.8421798211e-02 1.9349809396e-01
-3.2184403409e-01 1.4184180702e-01 5.5395183763e-02 -2.6556793380e-03 2.5456541368e-01 1.2877621594e-01 -2.1331287368e-01 3.4653662202e-01 -1.6218029111e-01 1.3602213462e-02 -1.1890805110e-01 -4.0710196111e-01 -3.2128803160e-01 -8.7182517154e-02 -9.0970373205e-02 -3.5495048083e-01 -2.6833988440e-01 -1.2860864876e-01 8.2998167059e-02
-1.7881953553e-01 4.1028848224e-02 9.0758087259e-02 1.1706621030e-01 3.3046061382e-01 2.7328516972e-01 3.6721499608e-01 -2.7205510361e-01 4.1249861760e-01 5.5474005914e-02 3.4893966971e-02 -3.4284832533e-01 2.4951009641e-01 -2.9977304161e-02 -2.7824555493e-02 1.4238629908e-01 1.7773617693e-02 -2.0478842986e-01 3.5440071876e-01
8.7799142235e-02 -5.9780379819e-01 4.0061074709e-01 3.6290054440e-01 3.1787982035e-01 4.7055378662e-02 5.2272949428e-01 4.9118760202e-01 2.1589065479e-02 -3.5217474817e-01 -5.7761341894e-01 2.6800750866e-01 1.4318436382e-02 6.3902299546e-01 -1.9543103069e-01 -3.0458212320e-01 1.4701661655e-01 2.5927756410e-01 -1.8814330979e-01
-2.8428452435e-02 1.4597357049e-01 8.9966682222e-02 1.6270559508e-01 -2.8870785602e-01 5.3982410491e-02 -1.4026706154e-01 3.2222836742e-02 -9.0688251611e-02 -8.2835436675e-02 2.2642657912e-01 -2.4574415777e-01 -5.9034503339e-01 -8.7665953131e-02 6.1168086998e-02 -1.4561965636e-01 3.9141923894e-02 -6.8182672533e-02 8.7234893422e-02
3.3161101689e-01 -1.6635149917e-02 3.0162840417e-02 -7.5022359823e-02 1.0323673398e-01 -4.4099566220e-02 -2.1068956021e-01 -3.0334223802e-01 -2.1575742300e-01 -1.1433660525e-01 -6.2960476828e-02 1.9083074115e-03 -7.5995887459e-02 -1.9151446476e-01 -1.7425866286e-02 1.3742164623e-01 2.6781883528e-02 -9.1064269746e-02 -2.5215953165e-02
-1.5591766939e-01 3.1385295034e-01 -8.6849386540e-02 2.3203830415e-01 -4.1249650041e-02 -9.1058896254e-02 -3.9483146523e-01 -8.9420966042e-03 -8.2790612621e-02 7.1649816999e-02 -3.5684902060e-02 1.7565696815e-01 2.0587079122e-01 -7.2421669139e-02 2.4626704011e-01 -2.7221789697e-01 -1.6330285386e-01 -1.2604616778e-01 6.5689717586e-02
-9.3892893270e-01 4.1158806460e-01 -3.8381269432e-01 4.9677650272e-02 -3.9208449891e-01 -6.0409269867e-02 -2.1912912802e-01 7.4569862025e-03 1.9006570375e-01 4.9059547289e-01 3.0672548342e-01 2.1924857666e-01 8.7310152136e-02 -9.9411679483e-02 5.4808064571e-01 1.1087219985e-01 -2.6986448136e-01 -1.3817396089e-01 1.6672659184e-01
1.0738947494e-01 3.8988695784e-01 1.4759961533e-01 8.9768155554e-02 -3.8539328566e-01 9.9413099204e-02 -6.0191591980e-02 -3.6656052233e-01 -1.9522653966e-02 -1.6372323529e-01 2.5258952774e-01 -3.7306537985e-03 -2.7886050449e-01 -2.3324294242e-01 -3.1124484846e-01 -6.1337207235e-02 -8.9298960226e-02 2.5025255712e-01 -1.5664706673e-01
-4.4684538821e-03 2.9729231812e-03 -2.5127556154e-01 -9.4285189571e-01 1.2416562834e-01 -2.8404280692e-01 -3.1638473362e-01 4.0251628881e-02 1.2246444048e-01 2.2582380923e-01 -9.3331855686e-02 -6.5584982277e-01 -1.8479074718e-02 -6.9771832254e-02 -4.0893306549e-01 4.3784244612e-01 -3.5222751162e-01 -4.7608071977e-02 -3.4425108644e-02
3.6833777648e-01 2.7078897039e-01 -2.3877462422e-01 2.5450975944e-01 -2.3767434162e-01 1.5947989937e-01 2.5767223756e-01 1.6132965630e-01 -2.3393040079e-01 1.7000573567e-01 3.8135427755e-01 1.8464052628e-01 -1.3130763296e-01 7.5758808000e-02 5.5640907179e-01 -1.0403372437e-01 -5.4240379244e-02 9.6971643518e-02 3.0466185891e-01
1.1604582084e-01 -7.0578014851e-02 3.7834401009e-01 2.6356518917e-02 -7.4105714494e-02 -1.9766102519e-01 -1.2065621207e-01 2.1369626143e-01 -7.3280813918e-02 4.8838451362e-01 8.7009678706e-02 3.2133804556e-01 -8.4098209449e-03 -8.0995659237e-02 1.7030917860e-01 1.7027439032e-01 -1.4286337474e-01 1.4702004597e-01 2.1953793323e-01
-7.7475542982e-01 3.1911878623e-01 -1.7767062151e-01 2.2648991240e-01 -3.0046046526e-01 4.5680839521e-01 5.9729039991e-02 -4.3897258182e-02 2.2778063369e-01 -5.9836268454e-02 -8.6201708008e-03 2.2053011271e-01 2.2915015047e-01 -1.1408213429e-01 1.9676123985e-01 -2.8923626464e-02 3.6349247000e-01 2.2841988294e-01 7.8740295007e-02
-9.9499370939e-01 -2.2256739819e-01 -3.0996715339e-01 -2.9240416780e-01 -2.1231774213e-01 1.6801575537e-01 1.0512810161e-03 -7.6401247958e-02 1.4521412584e-01 1.1398272808e-02 2.2997850651e-02 -2.6653540454e-01 -3.2997462167e-01 1.1334733371e-01 -4.0666326766e-01 6.1585187703e-02 2.4900441684e-01 -2.3467010572e-01 4.3505333990e-01
1.6148193078e-02 -1.3390365364e-01 2.7249055602e-02 -4.7240205951e-02 4.4183829680e-01 -6.1837478216e-02 -2.2416333117e-01 2.3157136065e-01 -3.8117627501e-01 2.5143136182e-01 -7.5815071924e-03 2.0681033083e-01 2.7910880933e-01 -1.1009670041e-01 1.5395314024e-01 -5.6547819425e-02 3.1797468579e-01 2.4487931562e-02 4.0037027924e-01
-4.4870223060e-02 2.3478556420e-01 2.3811494550e-01 -7.0223547232e-02 4.4983814770e-01 1.9201372661e-01 9.5195730682e-02 -1.2776942429e-01 -3.9634033401e-01 -2.2457224086e-01 -2.8414727011e-01 8.0418315056e-02 1.5711901702e-01 6.2546299453e-02 5.8428921478e-02 -3.8985227155e-02 -1.9581196926e-01 -4.0267079737e-01 -2.1900061232e-03
4.5228059536e-01 -3.9988182864e-01 -1.9530230835e-02 -4.2949843721e-01 -9.5778209885e-02 -4.1691839804e-01 -1.3567225200e-01 1.8161538813e-01 7.8017699958e-02 -3.0267342981e-01 -2.5303821612e-01 -3.7119157351e-02 -4.0660177937e-01 -2.9987313719e-01 -1.0942799380e-01 -1.4795450431e-01 7.6872999859e-02 8.7605278713e-03 -1.4570564541e-01
-1.7236958762e-01 -2.2121582845e-02 -4.0189201070e-02 -1.7562761549e-01 -3.1897179170e-01 -1.9350598836e-01 6.8530751731e-02 -1.6635057445e-01 -1.6165901983e-01 7.2371914257e-02 8.9250564603e-02 3.3921777206e-01 -1.6419517097e-01 8.0675340650e-02 2.3055826367e-02 8.6297985093e-02 1.8903927937e-01 1.4516776140e-01 -1.0106686124e-01
-4.5373860737e-01 3.9829786822e-01 1.2721527982e-01 -3.4994595407e-01 -5.5940250416e-02 6.2700631892e-02 4.2232658980e-02 -4.9358097021e-02 1.0837636092e-01 -2.3861936559e-01 5.6582777358e-02 3.7183718766e-01 -2.4242406541e-02 3.4314115612e-02 -3.8259501978e-01 -7.3614260541e-01 -3.4736189338e-01 -3.7649447861e-02 1.2145702314e-01
