-1.1883873698e-01 1.8983349500e-01 -2.1574673984e-01 -2.6559858017e-02 7.6716330069e-02 4.3832234042e-02 1.4223201753e-01 -1.5818014922e-01 2.2426201123e-01 -1.0080132266e-01 -1.8562072651e-01 1.7934294160e-01 -3.6192851114e-02 -1.7920845920e-01 9.6117231586e-02 -7.8279339323e-02 9.7311664200e-04 1.3801913365e-01 1.7182820044e-01
-2.0008879266e-01 6.8371612397e-02 -1.6172128233e-01 -2.5912437170e-02 1.2922197654e-01 -9.6689522566e-02 1.9593935755e-01 -6.0940408512e-02 1.4446864275e-01 -8.1193317082e-02 -1.7285354864e-01 1.0321648773e-01 -1.5816632803e-02 -1.4097989407e-01 1.4144044501e-01 -1.2017624028e-01 1.3403971728e-02 1.5484892981e-01 9.3821993140e-02
-2.6957924099e-02 -2.4187566920e-02 -1.4301063852e-01 3.2652213274e-02 -1.5426089582e-02 -8.3123124187e-02 3.8853092867e-02 4.6966384230e-02 7.6135324036e-02 4.1938085548e-02 -1.1720310996e-01 -1.4214317381e-02 5.6775453127e-02 6.4028563123e-02 1.3674460277e-01 7.2294306568e-02 5.1837895395e-02 -5.9456706068e-02 -7.4241623648e-02
-4.5347444156e-02 1.2536492602e-01 7.6080994514e-02 -6.6862883641e-02 -7.7939818330e-02 -4.9842332524e-02 -4.7191357763e-02 -1.5335662968e-02 1.3372475146e-02 1.1314336958e-01 -1.6799951367e-02 -3.5503091465e-02 -6.8861467249e-02 -2.6970759126e-02 -1.5251463952e-02 5.4234189628e-02 1.0538018116e-01 8.5702044910e-02 2.1393750053e-02
-6.4626461550e-02 8.0929851319e-02 -9.2727658140e-02 -2.2723634432e-02 3.1101384311e-02 -4.5215135553e-02 1.5013341358e-01 -5.6304717222e-03 5.6252246342e-02 5.5612987685e-02 -2.3972609277e-02 2.5847698374e-02 -3.1372239329e-02 -1.0788555316e-01 1.3376378585e-01 5.9678143435e-02 5.7113443753e-02 1.2981583605e-01 7.2948313550e-02
4.3488263250e-02 1.5653309109e-01 -3.8628977419e-02 -1.2917593256e-01 1.6742556809e-01 2.7474453168e-03 -1.8035509008e-02 -1.6839055594e-02 2.0147915524e-01 -8.6761677137e-02 -9.9265679208e-02 1.3920703487e-01 -4.7591028616e-02 8.8372459473e-02 4.3532600851e-02 2.9831953802e-02 -8.7343823638e-03 1.5007960410e-01 8.5649581615e-02
-2.0422756623e-01 2.7325135775e-01 -1.3012081259e-01 -5.4107670584e-03 1.4650136629e-01 -1.5823845589e-02 2.4745764116e-01 -5.0861535099e-02 2.0803112949e-01 -7.5532318906e-02 6.8592675669e-02 1.1812076995e-01 -1.1380199200e-01 -4.4623085375e-02 -1.1305791847e-02 -1.2864397028e-01 -1.1722316647e-01 2.5922386286e-01 1.4085831004e-01
-1.2106805161e-01 9.8926186905e-02 1.9403239935e-02 1.8616044940e-01 2.1476389756e-01 -1.0506508452e-01 2.7592690746e-02 2.4008324139e-02 5.8515617610e-02 -2.8786402141e-02 8.8642773695e-02 2.1468080884e-01 2.2039349909e-02 -1.0849642319e-02 1.7346028258e-01 -3.1587882767e-02 1.5061880748e-02 8.5516163315e-03 -6.3623487393e-02
4.0238187117e-02 2.3400145963e-03 4.3316821173e-02 -6.0558337179e-03 -7.6536378399e-02 -2.9754883334e-02 -3.5434617473e-02 5.3650201804e-02 4.0430348379e-02 3.8582927782e-02 -4.7347207283e-03 5.7891473895e-03 6.7196919111e-03 8.8753374178e-02 -7.1352265770e-02 3.7279368497e-02 -4.4209842329e-02 2.3154017339e-02 2.4200083935e-02
-3.9600246758e-02 7.3301672243e-02 1.4761197467e-02 2.4967062691e-02 8.7612413002e-02 9.6543809876e-03 1.3711683284e-02 -1.8896927050e-02 9.2630925436e-02 2.0570290205e-02 -3.4825717627e-02 -3.3337209515e-02 1.0506594312e-01 -4.5477849356e-02 1.7747689482e-01 -5.5671369485e-02 -2.2365703832e-02 1.4523697780e-02 1.2156497988e-01
1.5989836488e-03 7.7078750531e-02 -1.9097679201e-02 1.5415751856e-02 4.5572404222e-02 3.6936248173e-02 -2.4174573748e-02 -3.7092018589e-02 2.1745999059e-02 4.4713852669e-02 -4.2561102879e-02 -8.4370030494e-02 -2.2613263452e-02 -1.1446034386e-01 -1.4408560979e-02 -4.3797456533e-02 2.1749994205e-03 4.1726057993e-02 -1.9939615809e-02
1.1528548463e-01 -7.2155171014e-02 4.9952432786e-03 -8.2970924233e-02 -7.6094010819e-02 2.1822710367e-02 -3.8426224441e-02 6.4626757572e-02 -1.3547953303e-02 2.2070599009e-02 -1.6986570971e-02 9.8894741867e-02 1.9114740765e-01 7.2876440817e-02 1.7875858657e-01 4.3059717474e-02 -7.5540452675e-02 6.9979488099e-02 1.0677284812e-01
3.1727873014e-02 4.8177637653e-02 -4.8929549896e-02 -2.8225746377e-02 -8.6651141049e-02 1.9307461191e-02 -1.3667810211e-01 1.9184764219e-02 3.1408185212e-02 -3.8025111689e-02 -2.9805499641e-02 1.2209147434e-01 1.3256988789e-01 1.7509523068e-02 -9.5625897782e-02 9.9790649651e-02 1.0273516282e-01 -3.4777868784e-02 9.3718279767e-02
1.8032432460e-01 -1.5537034229e-01 3.6540220131e-02 1.3934241073e-02 -1.9408283435e-01 6.6439604828e-02 -2.0851946917e-01 2.4691208148e-02 -1.3505194905e-01 -1.7236542253e-02 3.2525510371e-02 -1.1388960658e-01 2.4256156981e-01 2.0071551461e-01 2.6587446864e-01 1.2998849652e-01 -3.9324390902e-02 -1.0627353695e-01 -1.4964957521e-01
1.7722475713e-02 1.9720816474e-01 -3.0119704568e-02 -9.7245645017e-02 1.1439493662e-01 -6.4384036413e-02 1.1957857911e-01 2.7476842541e-02 1.6535542991e-01 1.5794396906e-02 -7.0370831281e-02 2.8739572803e-02 8.7247274220e-02 1.0436535682e-02 7.1156894790e-02 -1.5899474910e-01 -2.1926173857e-02 1.0387094775e-01 3.7313676622e-02
2.4009880517e-02 6.1980574116e-02 -4.3932988849e-02 -5.0361075774e-02 -3.2930077847e-02 -4.7909528069e-02 -6.3198361976e-02 2.4941771675e-02 2.5876135420e-02 -3.3442370071e-02 1.2483412802e-02 2.7424554027e-02 -1.2017274882e-02 5.3001073964e-03 5.0976843324e-02 -1.1231431951e-02 -4.9064856118e-02 5.8630110186e-02 -1.8230994361e-02
-7.8475062596e-02 1.0277349790e-01 -1.5435309373e-02 -7.7516590106e-03 1.1579246043e-01 6.4884174070e-02 5.2552925823e-02 2.4160339858e-02 6.3623811537e-02 -7.4604562108e-02 1.1586031845e-02 2.7509575177e-03 -6.2677090768e-03 2.0928260737e-02 9.8854007887e-02 -4.4603866697e-02 -2.5792099204e-03 2.1690238033e-02 8.8765619396e-02
-3.7121148960e-03 7.0745839293e-02 -4.8286771053e-02 -7.2398794662e-02 1.1194463782e-02 7.4624609226e-02 9.3723806400e-02 -2.9297189951e-02 1.1994052920e-03 -2.7557072708e-02 -3.1378960200e-03 -6.9208297384e-02 -3.2689342827e-02 -4.5679804842e-02 8.3074507495e-03 -2.2164889700e-02 -6.4663351689e-02 -5.1864285716e-03 -6.3758105595e-02
-1.2701518350e-01 9.7997665856e-03 -2.2772944125e-02 1.4093544148e-02 -1.1370347791e-02 5.9090787892e-02 1.5575433424e-01 6.5180360428e-02 5.9781317392e-02 2.5648301803e-02 -4.3007982268e-02 6.2086264374e-02 2.9863088289e-02 -1.1070162685e-01 1.4116925039e-01 5.3284986147e-02 6.8039490677e-03 1.7318321087e-01 6.9079468376e-02
