4.2350884001e-02 2.5625075396e-02 1.1705620402e-02 -2.8317358615e-02 4.3948483466e-02 -1.7304372986e-02 -6.0916368149e-02 -1.0015833715e-01 -1.0275086936e-01 -7.9311542950e-02 6.5062992689e-03 1.1039266840e-01 1.0946775665e-01 1.4483552453e-02 6.4418849514e-02 6.3078634108e-02 7.7754912348e-03 4.6387707000e-02
3.5037562158e-01 5.5187416192e-01 3.0626902941e-01 2.3167051904e-01 2.2773111025e-01 1.5400487677e-02 5.5080412075e-02 3.1720830979e-01 3.9043659514e-02 -1.0609897212e-01 7.1636404904e-02 2.9904743292e-01 1.1725505052e-01 6.0118567150e-02 -8.7524028912e-02 -5.7254591853e-03 1.7501197993e-01 1.2894114131e-01
1.8460708797e-01 4.0008193084e-01 1.6040343455e-01 7.8323320740e-02 2.2363968588e-01 1.9560251534e-02 -9.3838993450e-02 1.0029966476e-01 1.2353777379e-03 2.6691857923e-02 -8.6067052738e-02 2.7053488990e-01 -1.3583024406e-01 2.6061618522e-02 -2.4388685677e-02 -9.3535651926e-02 2.2365759197e-01 -1.6436860728e-02
-2.4991279963e-02 2.1849158563e-01 4.1948154047e-02 -8.6733330823e-02 3.2534775007e-02 -2.1839036262e-02 -3.2894766351e-03 2.1275907954e-01 1.1704278938e-01 -2.2738414295e-02 5.1403567453e-02 1.2209152297e-01 -7.6151770353e-02 4.7370315545e-02 -5.2763114890e-02 -1.6285036834e-02 1.2162712977e-01 1.1328165246e-01
3.1229461061e-02 1.8333881074e-01 -2.0588182265e-01 1.6807874447e-01 -1.4192533967e-01 -1.7979074151e-02 -5.3343672017e-02 1.7978557958e-01 5.3304588238e-02 -1.1953847227e-01 1.3237486187e-01 5.4920245197e-03 1.1273136730e-01 5.3697620704e-02 -3.0151275327e-02 4.1935135979e-02 -3.1846951166e-02 -2.9232725557e-02
-3.7498463083e-01 3.0094683827e-01 -3.3084856967e-01 3.2007016845e-01 -1.5542107992e-01 -6.3821702154e-02 1.0249212854e-01 3.5055003080e-01 2.6311617457e-01 5.8578930754e-03 1.9245656718e-01 2.9403749274e-02 -4.8934306937e-02 8.9337130269e-02 -5.0620137550e-03 -6.8470111343e-02 -8.9843005112e-03 2.8532260151e-01
5.0943850625e-02 7.3601171397e-03 -1.1575631752e-03 -1.5227802271e-02 8.7581877479e-02 4.7584273157e-02 1.2035933286e-02 -3.0390717466e-02 -8.7026751547e-02 1.1203010949e-02 -7.5107481135e-02 1.6507001437e-02 7.7543173011e-02 6.6084213653e-03 -3.0314578518e-02 -6.8837634683e-02 8.7722075490e-02 -5.0148808948e-02
2.2758275631e-01 2.1645050580e-01 1.3179109032e-01 1.2613363193e-02 2.1253874598e-01 5.7476612856e-02 7.1642856306e-03 2.7204956066e-02 -1.9478755473e-01 -9.2029931811e-02 -4.8381403707e-02 9.1967611744e-02 -5.8501905533e-02 -7.6548867637e-02 -9.4029193961e-02 2.9032724754e-02 7.2663099098e-02 -1.6148461047e-01
8.8202841718e-02 -1.0735869255e-01 1.8947531682e-02 4.6295610895e-02 -7.6500950343e-02 -1.2688990501e-01 -5.1934298375e-04 -8.0133044856e-02 -2.7317364402e-02 -1.5019887943e-02 6.8947643596e-02 1.2666197921e-01 -4.2155658193e-02 -4.1734005723e-02 -3.2333044221e-02 -1.2796546155e-01 -9.6170396709e-02 -8.2321434400e-02
-1.5180139125e-01 8.8457735134e-02 -1.3036331632e-01 1.3998438695e-01 -3.0095689420e-02 6.2351659797e-02 -1.6026427274e-02 1.7444870145e-01 1.8791307002e-01 -5.0225282809e-02 1.6581589024e-01 1.4705311023e-01 2.5030649249e-02 -5.4530211925e-02 -7.5952937010e-02 1.3538887512e-01 -4.2461285836e-02 1.5884814029e-01
3.1631803815e-02 5.2315278927e-02 -6.6691689283e-02 9.1304457327e-02 7.7825973005e-03 -2.0134181316e-02 -2.7014824511e-02 -4.2472236547e-02 -8.1849053289e-02 1.0726181644e-02 -3.5686070474e-02 -9.4981272940e-02 3.4700044787e-02 -6.0603680598e-02 3.7378894008e-02 6.7199293818e-02 5.9272930950e-02 -7.4961450145e-02
-4.0984197668e-02 2.3549005678e-01 -1.6840158903e-01 2.3135531111e-01 -5.8230386767e-02 2.4285198816e-02 -4.9527150382e-02 2.6792173331e-01 2.1745550626e-01 -6.7317378297e-02 1.2583224253e-01 1.5616693856e-01 -8.3556561779e-02 -5.5791074378e-02 2.9747027457e-02 -1.4531406722e-01 -2.3881526558e-02 1.2833827673e-01
9.5097052736e-02 3.6637824183e-01 8.5119948777e-02 -3.0794171993e-02 8.8705483481e-02 -2.9195704287e-03 -8.4658750536e-03 1.7351680025e-01 -1.3576788442e-01 -7.8802913085e-02 -1.2111149229e-01 1.8900319707e-01 -1.2297317017e-01 -7.0381495909e-02 -5.7785194294e-02 -9.0090487792e-02 1.3032824446e-01 -2.0498953548e-01
-9.7888132015e-02 5.3223272928e-02 -4.5493401526e-02 1.2119080142e-01 -4.6998276795e-02 6.0610351550e-02 4.3276241221e-03 1.3867132098e-01 1.2858147638e-01 -1.4661433331e-01 1.9718107465e-01 -6.2449367957e-02 3.1222112179e-02 -7.2453081990e-03 -4.3324677687e-02 -1.0408161026e-01 5.1911918575e-04 8.2586784355e-02
-4.7167855070e-02 -8.1073702513e-02 3.9327188520e-02 1.5632800177e-01 -2.0325497059e-02 -4.6171847069e-02 4.0585420513e-02 -1.3434975949e-02 5.2492250694e-02 -5.3881106141e-02 -6.9454198987e-02 3.6143650683e-02 -4.6185517583e-02 5.2441239224e-02 -2.4630574861e-02 -7.0002120998e-02 2.5650103808e-02 -8.5703309855e-02
-2.2091996083e-02 -5.4722429901e-02 1.1597430608e-01 1.0036826464e-01 -2.5009121780e-02 -6.1047384752e-02 3.2763199505e-02 1.9801336718e-02 -7.2871886008e-02 -6.1154163908e-03 -4.8076822644e-02 -1.6638713603e-02 8.9705168475e-02 6.0922677031e-02 -1.5015898305e-01 -2.6557265857e-03 -1.2887018108e-02 -1.2271365047e-01
-1.0676784006e-01 2.2387738579e-02 4.2564504939e-02 4.3793070615e-02 -1.1628905475e-01 -4.4300979987e-02 -1.1185640102e-01 -2.2050596040e-02 -3.6712967592e-02 3.2565509898e-02 -2.8343217923e-02 -1.0614463677e-01 2.0950790767e-02 -3.0955918292e-02 2.4040796598e-02 1.1596939179e-01 -7.4002804093e-02 3.2371819537e-02
-1.0494682714e-02 9.3640783664e-02 -1.3849862426e-01 7.0948689039e-02 -8.9520271024e-02 3.7681065764e-02 2.1074261594e-03 1.5053979433e-01 1.6864670193e-01 5.8557284328e-02 7.8292845957e-02 6.3190654710e-04 -1.4583489484e-01 -3.0747134388e-02 3.7865506716e-02 1.7581893287e-02 3.7445683134e-02 3.5246875114e-03
