7.3436443016e-02 1.0108011391e-01 2.2849122041e-01 7.8524936581e-02 -1.4061792061e-02 1.7560023742e-01 4.2349703588e-02 -4.3826199089e-02 7.8426135388e-02 1.1093100878e-01 2.7144428956e-01 -4.7044431721e-02 1.0711237881e-01 -1.8972260554e-02 -1.5606052747e-02 -3.9512032434e-03 1.2948316639e-01 1.0014933777e-01
-6.4445514735e-02 2.6766226159e-01 2.8072854959e-03 -1.8115065767e-02 1.6874773878e-01 1.1849180918e-01 2.0799411643e-01 -6.8692642567e-02 1.3012624813e-01 -6.9573567834e-02 1.6261506540e-01 6.2265044249e-04 1.5154045144e-01 6.0280491921e-03 -5.1451696234e-02 1.2797201444e-01 -1.2046176923e-01 2.7188643278e-01
1.8277482866e-02 -3.2090032162e-02 -5.2060749478e-02 1.6639883338e-02 1.0924946951e-01 2.3530997980e-02 7.9037819471e-02 2.3117408682e-02 4.9311403580e-02 -2.0384055525e-02 1.8960317502e-02 9.6335440770e-04 4.5771261517e-02 5.5917784739e-03 -7.2127832011e-04 2.4591089387e-02 3.4964307879e-02 9.6129794075e-02
2.2219290769e-02 -1.4619692323e-01 9.9155790195e-03 -5.2236759520e-02 7.6182422018e-02 -1.6620974664e-02 -4.0432345538e-03 -7.6170872131e-02 -1.0998770220e-01 8.3034045189e-02 -4.4126855937e-02 -1.6516750745e-02 3.8176524991e-02 6.8744439025e-02 4.7442195906e-02 -6.8401570767e-02 -3.2566021745e-02 6.7431744907e-02
-5.5310770717e-02 -1.1797812842e-03 -6.8464011208e-02 -1.0875049625e-01 -5.1685556974e-02 1.6602004759e-03 -4.7078740390e-02 -1.0906567618e-01 1.7262085533e-01 -2.8514838170e-02 9.7951385378e-02 5.6777386959e-02 1.2640486381e-02 -3.1639230348e-02 3.3369238512e-02 5.3527923382e-02 2.9236349301e-03 -3.5607115860e-02
3.7759953661e-02 6.3072127806e-02 2.7474782290e-03 -4.3466035380e-02 -4.5235976297e-02 -1.1980635881e-01 9.5191468040e-03 -1.0242499937e-01 -2.4751424324e-02 4.8852199072e-02 -1.5769819475e-02 2.2367643276e-02 -3.5465477887e-02 1.0732869354e-02 -4.4759636327e-02 3.4798466301e-02 1.5652997578e-02 7.7681401132e-03
2.3212031657e-01 9.8932596275e-02 1.8948279711e-01 -1.0059181063e-01 -1.3280181058e-01 -4.5214128318e-02 -1.1679177766e-04 -5.6485589385e-02 2.5361750614e-01 7.0572768071e-02 1.6050605501e-01 -2.4910317763e-02 6.3953510507e-02 -6.4628244749e-02 8.9845349756e-02 -7.8122648766e-02 1.5274182357e-01 -1.0284650315e-01
1.5290360445e-01 -4.4137147529e-02 1.6165031848e-01 9.0429383295e-03 -2.2882284787e-02 -2.0600097509e-02 -9.9830489306e-02 -2.6685639059e-02 3.0820140693e-01 -3.6108387439e-02 2.9056609632e-01 -7.3133522051e-02 -9.5876283126e-02 3.2939474533e-02 1.8791194321e-01 7.5417221264e-03 4.8352412771e-02 -2.8793871213e-02
9.6723216690e-02 -3.5102474255e-02 -1.2172157607e-01 5.5021292177e-02 -5.8611933742e-02 -9.6393709425e-02 4.1324390043e-02 -9.0566851661e-02 -4.2053278410e-02 1.3296774282e-02 -2.5988619198e-02 -9.6904095330e-02 -7.0309018673e-02 -1.0588092062e-01 4.4431232216e-02 3.4776546844e-03 -1.1925281947e-02 -4.5574436273e-02
1.9205410565e-01 -6.0707441943e-02 1.8093680676e-01 1.7267329802e-02 -7.8137219172e-02 -1.1980857075e-02 -8.4026979043e-02 -4.2685848724e-02 2.8817987584e-01 1.0879329558e-02 1.7561784016e-01 -4.5708787232e-02 -2.8111875643e-02 -2.9560354924e-02 1.5806702784e-01 -1.6569304200e-01 1.4100570046e-01 -1.4164717546e-01
-5.5127263558e-03 -3.2230524477e-02 -1.6104564803e-02 4.0015664656e-03 -2.0972195360e-02 1.0556322454e-01 3.8279857997e-02 -3.0958045765e-02 4.6255621389e-03 4.4558297320e-02 -5.2008116310e-03 2.6275850981e-02 -1.6595062149e-01 3.2112110457e-02 -1.7457604915e-02 1.3170822736e-01 7.0348044712e-04 -4.3742151191e-02
-6.4258064937e-02 2.1309296357e-01 -5.8403362683e-03 -6.6041427379e-02 1.7475800988e-01 1.6473051669e-01 1.0787190885e-01 -5.4296417394e-02 1.1028990415e-01 2.2891903072e-03 5.9816372178e-02 -3.0112600172e-02 1.0938402844e-01 -2.1093330792e-02 -8.5794502233e-02 1.0792771095e-01 -8.1494960055e-02 1.2149950365e-01
-7.5484572207e-02 2.0825903312e-02 -2.0258034417e-02 3.1598243674e-02 -6.7517044778e-02 -3.0656293347e-02 -4.2244102819e-03 4.1914297356e-02 8.1707776350e-03 1.7505037416e-01 -4.8077436108e-02 -6.5753357802e-03 -2.3892352604e-02 4.8231441254e-02 -1.1657633604e-02 1.3988577684e-02 -1.1495459019e-01 -6.0696866778e-02
3.1891833326e-01 -2.0042077149e-02 3.3979355554e-01 6.3124514145e-02 -4.5329674531e-02 -1.0101516396e-02 8.8270566477e-02 7.6298170117e-02 3.9637379952e-01 -1.5193042657e-02 4.0753763070e-01 -6.6050920184e-02 8.1944299665e-02 3.4026617051e-02 3.2338149769e-01 2.2668427911e-02 3.1308414416e-01 -2.2370101570e-01
-1.3393629883e-01 -3.9272422573e-02 -2.5434506175e-03 1.4840256274e-03 -8.1081813908e-02 4.0525961856e-02 -5.0798030999e-02 -4.7218802864e-03 -3.1503601655e-02 -7.5407834544e-02 -2.4922982496e-02 2.0005576647e-02 -6.4610323915e-02 -1.0829542445e-01 6.4224171575e-02 1.8358230819e-02 -2.9257156392e-02 -4.3988932944e-02
9.2579897622e-02 -6.7398447659e-02 -5.1821067905e-02 -3.4221942272e-02 -3.3063559974e-04 1.3439582471e-01 -2.6006205903e-02 9.7324298219e-02 -1.5525692628e-01 -9.5138063552e-02 1.4924779746e-05 1.3374324032e-01 -6.0905778862e-02 -1.5141749576e-02 7.0146440974e-02 -8.3667897719e-02 -7.5521500424e-02 4.6990492085e-02
7.2750366205e-02 2.6524491744e-02 3.6564761763e-03 1.4722688929e-02 1.9848655949e-02 -1.8516873997e-03 4.2344280127e-02 2.5276432525e-02 1.9501645808e-02 -6.5234383593e-02 5.5631804237e-02 6.6668766453e-02 1.7712848586e-02 -1.7801591291e-02 7.5334229880e-03 -1.7447684446e-02 -2.8619232822e-02 3.9553540860e-02
7.0708293729e-02 3.6902765444e-02 1.2878640285e-01 -6.0812280749e-02 9.7012626571e-02 9.6686046438e-02 1.1237199978e-01 -4.1502390866e-02 1.7253342234e-01 2.7947587718e-02 8.1467533809e-02 -7.3256640467e-02 7.9783576360e-02 -3.7049396882e-02 -1.1857428247e-01 1.4087748333e-01 1.4202577768e-01 5.6410178730e-02
