2.6727354018e-01 -1.1073478334e-01 -8.4540890549e-02 -3.8902773935e-02 8.2268615797e-02 4.0516885772e-01 3.6465290666e-01 -7.7541437952e-02 2.4499846408e-01 -1.5006766102e-01 3.6059741315e-01 3.1802114132e-01 -2.2566925852e-02 5.8035304625e-02 2.8433828758e-01 2.0361043066e-01 -5.3994890833e-02 -5.8718977646e-02 -2.9081116004e-02
5.3745188992e-02 9.8752741886e-02 -1.1090665016e-01 -1.1105076121e-01 4.9523518394e-02 6.8720689867e-02 1.0399995757e-01 3.9252176352e-02 7.0008181710e-02 -5.6751666669e-02 2.8611584166e-02 -8.0224888686e-02 -2.1014149849e-02 -6.7777971014e-02 8.1591328949e-02 -8.5402094600e-03 9.3238423497e-02 -1.2318894244e-02 3.1591297525e-02
-7.1375230740e-02 -6.9067992444e-02 2.2375817745e-01 2.0337231559e-01 -1.9338031499e-03 -1.3347917435e-01 7.3248185533e-02 1.3020444701e-02 -1.4152005976e-01 2.7830452685e-01 1.5241282214e-01 -1.5313360096e-01 1.9653893253e-01 1.6757446557e-02 -1.3038229939e-01 -2.0772879801e-02 -1.9733865526e-02 1.1845041149e-01 -8.9251298219e-02
1.9943210549e-01 5.9018198240e-03 -1.1677039817e-01 -6.9419921237e-02 -2.1052340739e-02 1.1772171549e-01 2.1785737748e-01 7.7538990147e-02 1.3189538074e-01 -1.7889993860e-01 6.2377897509e-02 5.7532359933e-02 -1.6723766598e-01 -4.1178808339e-02 1.6122206493e-01 1.2152271008e-01 3.0957215198e-02 -8.7147576193e-02 3.1248857517e-03
1.8552644097e-01 5.3283195784e-02 -7.4130990371e-02 -1.9379190148e-01 2.3319917638e-02 -8.3248015454e-03 1.8864892956e-02 1.5810689068e-01 1.9399353572e-01 -4.6608017460e-02 8.9958475978e-02 1.7398840322e-01 6.7018527328e-03 7.7847955361e-03 1.6251449893e-01 2.7506361296e-01 -1.3538223129e-01 -1.2953637148e-01 -5.3424277966e-02
9.5457785792e-02 8.6933452771e-02 5.9369522085e-02 -3.8483497911e-03 5.3782275627e-02 -3.7830241108e-02 4.8649536341e-02 4.0900065367e-02 1.0245968067e-01 3.9407407043e-02 -4.3233222891e-02 9.7628811783e-02 -3.7425069028e-02 -8.9116675108e-02 -1.0586950152e-01 -3.8662620931e-03 1.1265045877e-02 -1.4568144070e-02 9.0933506201e-02
2.5839783753e-03 -1.8494598880e-02 -4.1601638948e-02 -3.8694034436e-02 9.1489871161e-02 -6.3856976049e-02 2.4950542237e-02 -5.9973702879e-02 3.4938527375e-02 9.1196134783e-03 1.4776681272e-02 -6.9912693178e-02 -2.3971675238e-02 6.5993710736e-02 1.9911112465e-02 -2.8878282342e-02 3.7779582554e-02 3.5604423862e-02 2.9313779045e-02
1.3522122019e-01 -1.1589665201e-02 -2.1203961380e-01 -1.4313010894e-01 -5.6343460022e-02 2.1177549168e-01 3.6081881538e-02 5.3912887017e-02 3.0313602308e-01 -2.2530239849e-02 1.3592549757e-01 1.1951470922e-01 -1.7983732573e-01 -5.0372122938e-02 1.1227236318e-01 2.2457500716e-01 -1.7110511959e-02 3.8602594846e-02 3.4233254801e-02
-2.4267420518e-02 1.2842131887e-01 2.3206694181e-02 2.2123209665e-01 -4.0622346872e-02 -1.3473290981e-01 1.1740531617e-01 6.0733321715e-02 -3.2511055865e-02 1.3725445732e-01 1.6402641187e-01 -1.0897291870e-02 1.5260056692e-01 4.0743266566e-02 -4.8461734267e-03 -1.0224964691e-01 -5.7425963641e-02 1.5104004135e-01 6.9899098250e-02
3.6724239052e-01 6.4946426364e-02 -6.9186812132e-02 -1.2614617659e-01 -1.0881988305e-01 4.0921545558e-01 4.9177833207e-01 -3.1965220526e-02 4.0311653772e-01 -3.2062679612e-02 4.4143322311e-01 2.5983447557e-01 -5.8227461980e-02 1.0110660474e-02 4.1717214788e-01 3.7528307361e-01 -1.5248372148e-01 1.7502150403e-02 3.2639716848e-03
3.0831225303e-02 -1.4565350783e-01 6.2535520350e-02 1.6500101058e-01 -5.6993666014e-02 -8.3273486767e-02 1.3472298960e-01 -3.1766860952e-02 -4.8584737804e-02 6.6265053378e-02 1.2377846940e-01 -7.6459167950e-02 1.0524535417e-01 -2.1386691113e-02 -2.7404967055e-02 -1.2193225369e-01 3.7023592313e-02 1.6126080917e-01 2.0219829796e-02
1.7467759753e-02 -5.7427912480e-02 -6.5914652776e-02 -1.6041560518e-01 9.7407004935e-03 1.0609471878e-01 9.3031165455e-02 6.7279360148e-02 1.1661452319e-01 2.0269385940e-03 1.8455433070e-01 1.9778025628e-01 -8.5707692834e-02 -1.9219743530e-01 7.2237955808e-02 1.0352834205e-01 -6.3440657253e-02 -8.0823906583e-02 -1.2342142781e-01
2.2390229612e-01 -4.8613501324e-02 -8.0194063084e-02 -4.2658934521e-02 3.4241646698e-02 3.7107752908e-01 1.1952232730e-01 -1.2393114679e-01 2.4761410051e-01 -4.9449602935e-02 2.0758786382e-01 1.4244502365e-01 7.3786842943e-02 -5.5180377639e-02 2.4337106710e-01 1.4578931699e-01 2.6270749052e-02 4.6257074767e-02 -2.2246891149e-02
1.4820582590e-01 -7.6508359199e-02 8.0151055000e-02 -9.1212014874e-02 5.0157159191e-02 8.5256462120e-02 -1.0576144514e-02 2.7406003742e-03 3.2952046116e-03 2.4405891037e-02 4.7084395705e-02 2.8474808171e-02 4.5028441538e-02 -4.6027030146e-03 -1.0661042473e-01 -3.9929460636e-04 3.6381951585e-03 -3.2385905140e-02 1.2548476253e-02
-3.0841472109e-02 -2.3158113617e-02 4.5980938381e-02 1.4570954727e-01 6.3848867250e-03 7.0063834110e-02 1.3883296387e-01 -8.5719095005e-02 -3.2206903193e-02 7.6266541707e-02 1.2403264887e-01 -7.9374718023e-02 2.3732425976e-02 -3.9029889929e-02 7.0380891950e-04 2.3731497218e-02 9.0058823718e-02 -3.9285310280e-03 -1.4295792845e-01
2.9734244516e-02 2.2276361733e-02 -2.0514715396e-02 -7.1776111464e-03 8.8555249714e-02 5.1517498241e-03 -1.7090869894e-02 -1.1600304255e-02 8.2586239494e-02 -7.7750830870e-02 5.7183785721e-02 2.2051189775e-03 -6.1538220414e-02 -6.6685996341e-02 7.0992986104e-04 -9.3975226905e-02 -1.9663261723e-02 2.8292922692e-02 -6.6441868603e-02
4.0725085535e-02 -2.8022334667e-02 1.8322347243e-03 -3.2102062678e-02 -2.9513285206e-02 -4.0133615587e-03 6.8940871571e-02 -3.5907976574e-02 1.1220346197e-02 7.9002016940e-03 -4.1575982613e-02 1.6104668140e-02 -2.5463073586e-02 -1.4155805290e-02 -2.7993176528e-03 2.7782110655e-02 -1.5325251256e-01 1.4675671640e-01 -6.9629143872e-02
1.2603192222e-01 3.7377901720e-02 -4.6423887473e-02 1.7770240249e-02 -8.2560618904e-02 -5.8161906493e-02 -5.3134425712e-02 8.7398919524e-02 9.1134268388e-02 -1.1145431571e-01 -1.2597237143e-02 -5.0914597424e-02 -6.1601137976e-02 -1.0571518334e-02 -7.0467574427e-02 1.0210821154e-01 5.6498191773e-02 2.0488004951e-02 -1.6160253523e-01
6.3906870177e-02 -9.4734297027e-02 -4.7959110253e-02 1.1367265580e-01 2.5759302342e-02 6.1757840512e-02 2.0109992147e-03 -3.3883290725e-02 -7.1238955604e-02 8.3083249112e-03 -6.6322646310e-03 -4.6425544577e-02 4.1613177856e-03 4.6464557511e-02 -3.3313742922e-02 -2.2111334979e-02 1.4945087788e-01 -8.1054804093e-02 -1.6943062555e-02
