3.8938422736e-02 2.5010588135e-01 1.8805268443e-01 2.1684551777e-01 -1.4422102546e-02 -3.2894073131e-02 8.1654619955e-02 7.7762764565e-02 1.1396142755e-01 1.3486117236e-01 1.6464902704e-04 6.4126869615e-02 5.2134243104e-02 2.6548446078e-02 7.5364625478e-03 2.1311260448e-02 9.5076367701e-02 -1.1657893423e-01
-2.8254740082e-02 3.2245309123e-02 8.4670304099e-02 -7.9030087684e-02 1.4641787147e-02 -8.3828007734e-02 9.6763205833e-02 5.0341378317e-02 8.1825629547e-02 1.0490247349e-01 9.5802329424e-02 -3.1798384697e-02 2.3182471513e-01 4.1621657932e-02 2.0469932181e-01 -7.7831737429e-02 1.6361493185e-02 9.7475338661e-02
4.9185623570e-01 -3.6410053204e-02 2.0506071832e-01 -1.0256313855e-01 3.1671510823e-01 3.3868875011e-01 -1.3979189967e-01 1.0808721845e-01 4.4848723030e-01 1.5860597902e-01 -1.9825734028e-01 2.6263547134e-01 2.9887076849e-02 -1.9462206618e-01 1.4301476757e-01 2.7273308819e-01 3.3423241955e-01 -2.2968024106e-01
4.1441685284e-02 1.9880066334e-02 5.5969561163e-02 -1.4745817939e-01 -4.4839070685e-02 -3.8160033294e-02 8.5300169575e-02 1.6712455336e-01 3.3035173013e-02 4.0573588435e-01 7.8147214778e-02 7.2002691512e-02 -5.6615789601e-02 -1.2592500292e-01 -5.1737882907e-02 -1.6249841478e-01 -1.2142749940e-02 9.8725008826e-02
4.6743700419e-01 2.3685376867e-02 3.2904742268e-01 2.4715905613e-01 8.9179459694e-02 5.1689674070e-01 1.1916105706e-01 7.0961174855e-02 4.1219696092e-01 4.2407197810e-01 2.2727151990e-01 5.2817278540e-01 2.0047336194e-01 -4.7108439965e-01 -4.5153257074e-01 4.2492285845e-01 3.9246321106e-01 -2.1515744544e-01
-5.8076072156e-02 1.9359223345e-02 -1.2265255578e-01 3.1058993341e-01 1.0807705614e-01 -1.4089472509e-01 -1.3797252483e-02 5.1638034497e-02 2.5649776119e-02 2.0774626992e-01 1.2697660822e-01 -3.6145699556e-02 6.8291244956e-02 -4.6825623101e-02 -5.6455685736e-02 1.7761566383e-01 -6.8810470208e-03 -4.2051830776e-02
8.8887220879e-02 1.1167359990e-01 -4.1399225111e-02 1.0849583972e-01 -1.7168426192e-01 1.2837650725e-01 -2.5861752187e-03 2.1275743906e-02 3.3825898818e-02 4.1937867112e-02 1.0848616273e-01 -7.6628543559e-02 1.1105106315e-01 4.6998088350e-02 -1.3654847098e-01 1.1960798187e-01 -3.8155448729e-02 1.7339443210e-01
8.9624437600e-02 -1.4051409851e-01 -1.0030719763e-02 -2.2847066049e-02 5.9167337402e-02 1.0569282888e-01 1.2895038900e-01 -3.5895444825e-02 7.6834293120e-02 -2.7453593241e-02 -4.7647190749e-03 8.5618442022e-02 -1.2432357189e-01 1.2304381556e-01 -9.3034143802e-02 -8.1931262986e-03 -1.5373065440e-01 3.9696057521e-02
-4.0256893175e-02 4.6641181827e-03 3.9175304967e-03 1.0376027406e-01 3.8446301441e-03 2.7402028313e-02 5.5701417141e-02 -4.1548075621e-02 -1.5778380939e-01 2.3386344696e-01 9.1523569126e-02 -4.2744195113e-02 -4.2130007201e-02 -2.2678682826e-02 1.0578300733e-02 2.1095689677e-02 2.9070858659e-02 1.8928300267e-01
-1.0506899985e-03 8.1159599281e-03 1.0452362492e-01 -3.0440794139e-02 1.9818724369e-02 1.5182850230e-02 2.1341444466e-01 -4.8575630862e-02 -4.3687006329e-02 2.0205622300e-01 8.7723357437e-02 1.4196170819e-01 2.3500620821e-01 1.7210776717e-02 1.5294378255e-01 9.5569108294e-02 -5.5656546527e-02 -1.1559681535e-01
1.4755681145e-01 4.9044239774e-03 -2.4540471350e-02 2.6901907211e-01 9.2892448138e-02 8.8850539114e-02 -4.2551128352e-04 9.8342906709e-02 -6.7273292102e-02 -5.3531732580e-02 7.0880486993e-03 -1.4092186644e-02 -1.7071493369e-01 8.4146817573e-02 6.8429795224e-02 -9.4941082273e-02 1.0996686647e-01 1.1952559679e-01
-6.0623774646e-02 1.3076222504e-01 -7.4321206661e-02 1.2061545960e-01 2.0642628499e-03 1.0829459919e-01 1.8264703895e-01 4.6557335462e-02 -1.0200970194e-01 -2.9204596557e-02 1.1147859081e-01 3.5228256728e-04 1.1014500590e-01 3.2818515207e-02 -3.1873075545e-02 1.8766691370e-01 3.5741428413e-02 5.7977874072e-02
1.4206439862e-01 -7.1105985398e-03 6.3724310220e-02 -2.4682605355e-03 -1.5510054099e-01 2.9934621332e-01 8.5141980407e-02 2.3426730458e-01 2.2145852714e-02 1.9443822682e-01 -8.9335275062e-02 6.9928895212e-02 -2.0589977670e-03 8.9204845304e-02 -1.2471545005e-01 -9.6700085056e-02 1.2472781576e-01 8.4530241839e-03
7.7358020153e-02 4.7176452060e-02 1.1220491040e-01 -1.7554135019e-02 -1.5032015173e-01 -2.2584522920e-02 2.0607937881e-01 -3.9902311029e-01 -1.0031880393e-02 6.8220002205e-02 1.9762641049e-01 -1.2366888883e-01 2.7716006686e-02 3.6616307783e-02 2.0613443188e-01 5.9464252692e-02 -2.3289163026e-02 -1.1196846776e-01
1.0640938064e-01 -5.4034224515e-02 1.4258943850e-01 -7.0055387704e-04 3.0962117211e-02 -1.3798914819e-01 -1.2877769441e-01 1.3574706567e-01 2.3542149170e-02 1.4277841736e-01 -2.7088969520e-01 2.3634696188e-01 -2.2056572974e-01 -7.2339245264e-03 1.2900122952e-02 -1.4294524647e-01 9.2482526490e-02 -6.2897521079e-02
2.2398228424e-02 -4.4465747977e-03 -3.9918962853e-02 -1.2335961826e-01 2.4294480545e-01 -2.8270303038e-02 5.5796082046e-02 -2.4097775833e-01 -8.8442267126e-02 9.8412952866e-03 1.0609933731e-01 3.4563930690e-02 3.8658134682e-02 7.8186367075e-02 -7.5757276086e-04 -1.9476782852e-01 -1.2960084309e-01 6.9816844100e-02
4.4896300177e-02 1.3115690357e-01 -4.4543197322e-02 2.5136203846e-02 4.5055651128e-02 -7.1960632179e-02 -5.0188072411e-02 5.3204621875e-02 5.9215966059e-02 8.5172269352e-02 -5.3265075204e-02 -9.5997756037e-03 -3.6199113701e-02 -5.5002284441e-03 -2.5860968079e-02 1.2472353818e-01 1.1547592603e-01 6.5849427822e-02
3.3397543603e-02 6.2345910805e-02 6.7006307250e-02 -1.1773469573e-01 -6.3218342561e-02 -9.2195945123e-02 1.0969649471e-01 -1.4886475329e-01 4.6034411959e-02 2.1729318863e-01 3.0435307917e-02 -2.1814579519e-02 -9.2393414145e-02 -4.4557911967e-03 4.3048992769e-02 8.7914460612e-03 1.6806649936e-01 1.5289131239e-01
