-9.8987867270e-02 -2.3901235650e-02 -7.3920377976e-02 -1.0741986525e-01 7.8758779976e-02 -4.7036752491e-02 2.1372777293e-02 7.6684460749e-02 1.1598817159e-01 1.3782739850e-01 7.8576723121e-02 -3.1206261039e-03 1.3480743952e-02 -1.4337624701e-01 -4.3584923664e-02 -9.3562933705e-02 4.2980846521e-02 2.6677720629e-02
-4.4132366074e-02 8.8462690523e-02 -2.2152086473e-02 -6.9494182093e-02 -2.7507702819e-03 4.7686774750e-02 -1.2988435340e-03 -1.0607795674e-02 -1.0855260785e-03 2.5557425046e-03 1.7670843942e-01 -9.4107787938e-02 1.2479057225e-01 7.6593660620e-02 2.4318768880e-02 -7.5416783502e-02 1.1169186872e-02 5.3332660443e-02
7.0777828243e-01 -6.3586279146e-02 8.3955671562e-01 6.8560763361e-01 8.2397739762e-01 8.9267180240e-01 -4.9582974053e-01 -5.0646897566e-01 -5.6112797125e-01 9.2497411901e-01 -3.4822122486e-02 8.2058212104e-01 8.8611331512e-01 -5.9498371511e-02 -3.7111298615e-01 8.5674462813e-01 5.7653004705e-02 5.6441747060e-03
4.5887089701e-02 7.8801860214e-02 6.7018964266e-02 1.0916812614e-01 9.0772453120e-02 5.0751066572e-02 -3.3500028734e-02 1.9982068078e-03 -4.7278110573e-02 -5.9971796341e-02 4.1212879097e-02 4.0371790587e-02 6.8744272698e-02 3.7931231443e-02 -7.3840194054e-02 4.4370604806e-02 -4.2441783804e-02 -5.6969509964e-02
-3.1971403049e-02 -8.0070138899e-02 -3.0943845546e-02 2.7835470721e-02 -3.6484186625e-02 -3.5128820145e-02 8.8258065595e-02 -1.0616062825e-01 -6.7091447113e-02 -1.6087975258e-02 -3.9546595513e-03 6.7075684181e-02 2.8476217566e-02 -5.7299303653e-02 -1.7555024686e-02 -4.4436597064e-02 2.9867176956e-02 1.1186185264e-02
-1.4536378359e-01 -6.9450819292e-02 -9.7530193060e-02 -1.3934455873e-01 -1.5596062926e-01 8.2454444325e-02 1.5487578352e-01 1.4389142449e-01 1.1012346263e-01 -1.1799700921e-01 -5.9012069795e-02 -1.2543156676e-01 -1.6110264366e-01 4.5390204115e-02 1.5293806745e-01 -1.0287340749e-01 2.1421123138e-03 -9.2140806532e-02
4.9479266895e-02 -3.7531321520e-02 1.3967554532e-01 1.4835668601e-01 -1.3811436054e-02 1.2466094063e-01 2.3949286485e-02 5.4047852359e-02 -5.0845599422e-02 8.3643546373e-02 -5.3654046201e-03 1.1379253110e-01 1.4525985802e-02 -9.0722270759e-02 2.9068910813e-02 4.6511799896e-02 3.1091198831e-02 -3.9196802520e-02
-7.1370649794e-02 8.2309724812e-02 -1.4153573707e-01 -4.4378842292e-02 -1.6180576698e-01 7.0199236797e-02 1.5293333147e-01 8.4011238405e-02 1.4576442109e-01 -1.1059409749e-01 4.4265179142e-04 -1.1901556053e-01 -1.2655048720e-01 -1.3770983006e-01 2.1721350672e-01 -1.5529035672e-01 -3.8198367498e-02 -4.0776464529e-02
3.0793780226e-01 -9.8670449145e-02 3.5405552410e-01 3.3430488981e-01 5.0278414113e-01 5.0777509279e-01 -4.0740607327e-01 -3.3450689741e-01 -3.4649647708e-01 4.3095240660e-01 9.6684378032e-03 2.9406916607e-01 4.0514151149e-01 -5.1855137623e-02 -2.2061739325e-01 2.1498912551e-01 -8.8162380572e-02 6.0152450681e-02
-2.0852498386e-02 7.1021141379e-02 -5.8637682584e-02 -8.7759807087e-02 -6.4788057520e-02 1.3816066206e-01 -3.8349401441e-02 -2.6176241702e-02 7.0941743048e-02 5.4259162641e-02 2.0685901319e-02 6.7890357945e-02 -2.1994293481e-02 5.3367604431e-02 -2.6532709048e-02 -2.3167612770e-02 6.1306477458e-02 -1.2548976469e-01
1.8705764946e-01 2.3982394387e-02 8.8314088477e-02 8.5347159919e-02 9.7489794576e-02 1.0849631213e-01 -8.8473184973e-02 -1.1072517946e-01 -4.7312303147e-02 7.2229586884e-02 3.8942059808e-03 3.9517682133e-02 9.9879044899e-02 -9.3393287124e-02 -3.7012139866e-02 1.0377281066e-01 -6.0557467186e-02 -5.4801250599e-02
-3.2117965668e-02 8.7833783554e-03 5.2801540594e-03 -4.8552132711e-02 6.0404424966e-02 -5.1532402674e-03 -1.1520313714e-02 5.8603307955e-02 1.0962818857e-01 -5.8478403658e-02 3.5319073807e-02 3.4990512382e-02 8.4352901320e-02 -9.1018909575e-03 3.9982267710e-02 2.4911724603e-02 -8.5732416086e-04 -6.4894860779e-02
-2.0533969154e-01 1.7974317521e-02 -3.1292029664e-01 -2.7787138419e-01 -1.3692060219e-01 -1.8324752986e-01 2.0843271492e-01 1.7891919888e-01 1.5137181806e-01 -1.6093450109e-01 -2.4185662586e-02 -1.9848029634e-01 -2.6614727686e-01 -1.5017515916e-01 2.7538324338e-01 -2.2231043692e-01 -8.7168227648e-02 4.1743623534e-03
3.2367050778e-01 -5.2939990311e-02 1.9317087640e-01 3.6283194913e-01 3.3201489125e-01 3.9995305812e-01 -2.4566066713e-01 -3.6603061105e-01 -2.7555289240e-01 2.0773361440e-01 5.7591493352e-03 2.4891105074e-01 3.7297204951e-01 5.2063106201e-02 -1.7986063341e-01 1.1882940775e-01 -3.3129959825e-02 5.3665793119e-02
2.0544792185e-01 5.1647776643e-02 -5.2792076790e-02 -1.0450738281e-01 -1.9073617843e-02 -4.9773604493e-02 7.7473037205e-02 -1.1087892966e-01 -4.0628882316e-02 2.9595106049e-02 9.4254826434e-03 -2.6119666991e-02 -1.2872148354e-01 -4.8256063928e-02 8.5735373492e-02 -4.0876885202e-02 3.2878815274e-02 -6.3454991660e-03
2.0592504387e-01 -3.8195774288e-02 2.9000788309e-01 3.6647360497e-01 3.0300986170e-01 3.7477254951e-03 -1.1350041621e-01 -1.9817436804e-01 -1.2670376910e-01 1.6918486483e-01 -9.6783376816e-02 2.9274313578e-01 1.7680564650e-01 3.9546394458e-02 -2.2431841478e-01 2.2673627239e-01 4.0994420343e-02 1.8113620110e-02
-1.2438574128e-02 -5.6376889915e-03 -3.6074091391e-02 -8.7115326658e-02 -7.0019997767e-02 -4.0954247689e-02 2.0508783202e-02 2.2979242490e-02 -1.1914104154e-02 8.2413094097e-02 -7.3106055875e-02 -5.3140195906e-02 -1.7203100397e-01 -1.0847226301e-02 5.6504125914e-02 3.1542670111e-02 -4.0472430228e-02 7.0113980210e-03
6.8109383330e-02 -3.5419027244e-02 -6.3511119213e-02 1.5619589305e-01 8.3638379075e-02 1.4757031885e-01 -1.1732736714e-01 -9.9340123459e-02 -1.3139340474e-01 7.3657019499e-02 -7.6217790498e-02 9.4104637820e-02 6.6568180330e-02 -1.0121499685e-01 -1.8550723736e-01 1.3370302087e-01 -5.4792415070e-02 1.1560024981e-02
