4.4542114693e-02 -1.9257783869e-02 -8.0249472081e-02 -1.7719234087e-02 -5.5980235736e-02 -5.8713697052e-03 1.9784443870e-01 7.8600106043e-02 1.2832494269e-01 1.0968194490e-01 -5.6433744228e-02 3.8521391457e-02 1.7954677772e-01 3.2823275307e-02 -5.4447224715e-02 9.3052209069e-02 -6.9411875521e-02 7.8499705880e-02
1.9516080365e-02 -5.9385409968e-02 -4.0807422460e-02 -2.9703002559e-01 -1.8008919283e-01 2.5772445901e-01 1.2464891537e-01 1.6905509069e-02 2.0378682512e-01 7.7218458116e-02 -5.0385721363e-02 1.4743622487e-01 -3.9097863616e-01 -1.9623241017e-01 2.1081261345e-01 1.6268701230e-01 4.1168404523e-01 -1.1607816220e-01
-2.3366759827e-02 -9.9841132252e-02 -4.0654433644e-02 8.3334000381e-02 2.7611951412e-02 9.9488664935e-02 -1.0958744760e-01 1.6743811459e-01 -1.0067363393e-02 -4.8073507736e-02 1.5694677662e-02 5.0779674745e-03 1.4790746195e-01 9.2226378817e-02 1.9610437374e-02 -9.7349849676e-03 9.4595476488e-02 4.7521628230e-02
-5.2323153743e-02 3.6435670751e-02 -1.9183057761e-02 9.6916847741e-02 1.8741559151e-02 -3.3708037217e-02 3.0803766551e-02 5.8712716231e-02 8.1249360571e-03 1.3715982420e-02 -5.5847686079e-02 1.5233688173e-01 2.7565474792e-02 -4.1385014965e-02 6.0236213830e-02 -6.9010152657e-02 3.8934751628e-02 -7.8388818610e-02
-2.7882380119e-02 1.0508487374e-01 -4.2023252898e-03 -1.1192103596e-01 -9.7030994202e-02 2.9543717339e-01 2.7434095027e-01 -1.6605843196e-01 3.6320649412e-01 1.1311752751e-01 -1.2892902731e-01 2.6693522712e-01 -9.6584752794e-02 -1.3758190696e-01 2.5923997651e-01 1.6193701923e-01 2.4743954422e-01 -2.2984429074e-02
-6.7438046452e-02 -8.5479827795e-03 -1.5720821648e-02 1.2124596281e-01 8.3820855602e-02 8.6192609333e-02 1.2388189873e-01 9.5192665514e-02 2.9970564889e-02 -3.6320904851e-02 -1.6824990121e-02 2.8686841925e-02 -8.1139862738e-02 4.3812834200e-02 6.3892290535e-02 -1.3578803744e-02 -4.8535472724e-02 5.1431234750e-02
1.3725005777e-02 4.2117522826e-02 -1.4988929288e-02 2.8539068541e-02 8.8879887858e-02 -5.2866810108e-02 -5.9651153894e-03 -1.8611324936e-02 2.3741834909e-02 -2.0444350602e-02 -1.8074636281e-02 -3.2508441569e-02 4.0825956997e-02 5.2153968843e-02 7.0443688063e-03 3.7065632334e-02 -5.3865964751e-02 5.5005518915e-02
7.6143569860e-02 -6.8000448239e-02 -1.1924689048e-01 2.1193578780e-01 2.8230253738e-01 -3.7924956274e-01 -2.8903690109e-01 2.8281078132e-01 -2.8891040916e-01 -3.6533702562e-01 -1.1264214393e-02 -2.8287975490e-01 1.9098552391e-01 2.4227960866e-01 -4.2170431653e-01 -1.8825660954e-01 -3.5233554388e-01 3.2808154250e-01
4.0722573659e-02 -3.4615871100e-02 -4.9273380745e-02 6.1427179473e-02 -6.3196878460e-02 -2.2138685661e-03 -5.0236944804e-02 4.3744655313e-02 2.1038069330e-02 -7.1368725345e-02 5.2578939186e-02 -1.2951925285e-02 -3.7839272629e-02 1.1335356512e-01 -4.3120232824e-02 1.1166313474e-02 -5.0701600342e-02 3.0418103865e-02
3.1548596262e-02 -4.6983749706e-02 -6.6162515831e-02 -1.0318128355e-01 4.9719131776e-02 -9.3550444920e-02 -2.2620911785e-02 5.4942531403e-03 4.2472460485e-02 4.5281477707e-02 1.2625047394e-02 -4.1082073616e-02 -8.0209911605e-02 9.4159767056e-02 6.4003108034e-02 -4.3561130991e-02 -3.0552880481e-02 9.5897976260e-02
2.1533584809e-02 5.8513705965e-02 6.5199494936e-02 1.7963022452e-01 1.5965626158e-01 -3.1506789973e-01 -1.3755035039e-01 1.4021814287e-01 -3.0589557638e-01 -2.0655369886e-01 -6.7263782172e-03 -1.9615236363e-01 9.3116335028e-02 1.8367721023e-01 -2.4768526978e-01 -1.2554807008e-01 -1.5326786747e-01 2.5911058912e-01
-5.4133696028e-02 -3.5840406046e-02 7.4383216438e-02 1.5448948014e-01 9.9600085000e-02 4.9938884535e-02 2.6265946263e-03 6.1312706599e-02 6.9466410119e-02 -5.5488054203e-03 -4.9415971419e-02 1.2143859353e-01 1.4290279300e-02 -3.3147867706e-02 5.9688485380e-02 -1.0017227650e-01 -3.2054264825e-02 7.8191960048e-02
2.9788461286e-02 -5.9233129582e-02 4.4526922181e-02 2.2202525005e-02 2.3260413157e-02 2.9300048860e-02 -8.7724744481e-03 -5.1472501894e-02 -1.5291571579e-02 -1.3802591533e-02 8.5697216329e-02 1.2206705517e-01 4.4394264932e-02 3.9292623757e-02 1.3308585301e-01 -1.4782502507e-01 -9.4272262801e-02 -4.1058829981e-02
-1.6159343524e-02 -4.2162752327e-02 -3.2393992888e-02 3.7053076978e-02 9.3131455690e-02 -5.5533809706e-02 8.6176919154e-02 1.3478487485e-01 -1.9925446402e-03 -9.6431585490e-02 -1.0692698122e-01 6.0689719602e-04 1.6917998330e-01 1.3136740238e-01 -3.8639058878e-02 -3.7960655680e-02 -1.6340931805e-02 1.2945485875e-01
-7.2449382538e-03 9.1361303107e-03 -9.2768129344e-02 1.1210785733e-01 1.2045987544e-01 -1.6503660523e-01 -2.3095639591e-01 1.1928341860e-01 -6.7106996611e-02 -9.3399315947e-02 4.7477968190e-02 -3.2545474682e-01 9.0535803219e-02 1.5681034759e-01 -1.2855303478e-01 -1.2953078281e-01 -7.9591158316e-02 1.7918974176e-01
-4.1143687467e-02 -6.6444542022e-02 -5.5849132183e-02 -7.8815972557e-02 -4.2141945073e-02 2.2898470624e-01 1.8691218739e-01 3.0740484102e-02 2.3066829151e-01 1.5618451625e-01 1.7665568144e-02 1.8150064268e-01 -1.4701752296e-01 -1.3163117616e-01 7.2062691865e-02 2.3864111501e-01 1.5882090805e-01 -1.2413274866e-01
-8.4770676100e-02 1.1995687074e-01 9.9599442285e-02 -4.5136539479e-02 -4.5330240877e-02 5.4026361396e-02 2.1440450855e-02 -1.2666998747e-02 1.8904251287e-01 5.0096329993e-02 -3.5163211103e-02 1.2960380456e-02 -1.5598285592e-01 -3.2408294060e-02 3.9052722598e-02 1.0391087295e-01 5.4944952346e-02 -3.0578964469e-02
-7.6841145509e-02 3.9840411381e-03 -5.0654066783e-02 -9.1736671961e-02 -2.4528632672e-01 1.3016720636e-01 3.5642267837e-01 -1.5236038797e-01 1.0288023077e-01 1.2437441296e-01 -2.3006465094e-02 1.9269129445e-01 -3.0156369827e-01 -2.4019275709e-01 9.8161114895e-02 1.4989443485e-01 1.1078723119e-01 -7.0900252557e-02
