-1.1820826872e-01 -3.7075320361e-02 -2.0015872434e-01 2.2611728158e-01 -3.8204566577e-02 -9.5551675994e-02 -3.6549575169e-02 1.5839187050e-04 3.0755671852e-02 -7.5007232217e-02 1.0591070057e-01 3.1560689564e-02 -8.7140470066e-02 2.2614796943e-01 -2.7012426783e-02 -2.7566657404e-02 -6.9395939508e-02 4.9713231310e-02
2.9159629010e-02 1.2959565562e-02 -5.6877272261e-02 -4.1975332783e-02 -2.1374353042e-02 2.0087580592e-01 -1.3740277816e-01 -8.6757710890e-02 -7.8199605170e-02 -6.4232458159e-03 -1.3286499175e-01 5.5090063831e-03 -4.1342471910e-01 -1.7370961728e-01 -4.3798523363e-01 1.4390796228e-02 -4.1377291526e-02 1.0406525975e-01
1.6172814102e-01 3.7480840563e-02 -1.3194066698e-01 3.5329685538e-02 -2.3975977434e-02 1.2294679677e-01 -1.5363854253e-02 2.9860463062e-03 1.3208830893e-01 -1.0918428699e-01 -9.7687944317e-02 7.8478028455e-02 -6.0909449044e-02 2.3597248454e-01 -9.5510559798e-02 1.1211727996e-01 -4.7586035190e-03 9.0429455308e-02
1.3433627743e-01 -3.5813504516e-02 9.1013970893e-02 -4.1323454326e-02 -3.6408652529e-02 1.4243364285e-01 1.2594065109e-01 7.6466234191e-02 1.4208939745e-01 4.8518388134e-02 -9.6595743999e-02 -8.1716362194e-02 -1.6629414739e-01 -1.2665387521e-02 -4.3564472060e-01 -2.1136600053e-02 1.2634068396e-01 9.3480682281e-02
1.6376658989e-02 9.8864700826e-02 -2.7394059005e-01 1.4452862078e-01 -3.5418886468e-02 -2.9457844351e-02 5.4221485755e-02 2.3037147271e-02 7.6585460777e-03 4.0532809991e-03 -1.1782469622e-01 1.3565413024e-02 -1.7064219237e-01 3.1087284276e-02 -2.7533552606e-01 3.9183419566e-03 2.8535815165e-02 8.5207522234e-02
1.8130928952e-01 8.4241226009e-02 -5.9437038542e-02 -1.4697383202e-01 -1.3811909911e-01 3.6808827208e-02 -7.2472425307e-02 -5.2177998124e-02 -6.1989669599e-02 -5.1987473343e-02 -1.9526266093e-01 1.1956239786e-01 4.6965920976e-02 1.5779214649e-02 4.1298991015e-02 5.9683371012e-02 -1.1551881079e-01 -4.6119240462e-02
-9.8370698352e-02 -9.2413308795e-02 -2.7172761415e-01 -1.6774945694e-01 -2.8247318470e-02 -1.0328810454e-01 -1.7445158829e-01 -1.4970918843e-01 5.7852979454e-02 9.1866829951e-03 -3.2616805980e-01 1.8390218454e-01 5.8853669643e-02 5.4472066053e-02 2.2431300114e-01 2.2455073026e-01 -5.9087727817e-03 -2.0145558184e-01
-1.3986734953e-01 4.1182511092e-02 -2.7564255414e-01 1.2030147107e-01 -2.0260570201e-02 -2.4311568386e-01 3.0114886155e-02 9.0381316257e-02 -1.5516803132e-01 -3.1209059966e-02 -2.4694370024e-01 7.3214558298e-02 -2.5454509061e-02 1.1622132919e-01 -5.4839657212e-02 2.4337101680e-02 2.6870195496e-01 -6.4441977550e-02
-1.4972379008e-01 1.7879853451e-01 -2.2472292343e-01 -1.8096711466e-01 -3.1060363403e-02 8.6124434230e-02 -1.7223084939e-01 -2.3324808108e-02 -8.7174694408e-02 -2.2932201689e-02 -2.0383932565e-01 1.9748657672e-01 3.0210589378e-01 1.2034767908e-01 4.7271585558e-01 1.1709605158e-01 -1.0224376108e-01 -1.1067162012e-01
1.0762522073e-01 2.6773977849e-01 2.2620798805e-01 1.2203659694e-01 -2.7674742991e-02 9.8188653898e-02 1.1601203292e-01 1.0248777856e-01 1.6325108358e-01 1.6134991375e-03 2.5676417863e-01 -6.1435809252e-02 -1.0627824970e-01 -1.6447025893e-02 -1.1805599272e-01 -1.2907200985e-01 1.5792182522e-02 1.0586009866e-01
1.2368787172e-01 -1.2584211146e-02 -1.0256189120e-01 2.1487934335e-01 -7.2161454928e-03 -2.5133058059e-02 1.8907641973e-02 9.5698486647e-03 6.7727155921e-02 -1.0817139118e-01 -3.7887895138e-02 7.0123536964e-02 6.0729200039e-02 9.2653756402e-02 6.9436454567e-02 1.4139991294e-01 -6.6667637140e-03 5.4661050853e-03
1.6344690876e-02 -9.2287893141e-02 -3.2432926398e-02 -4.7777564371e-02 -1.1602167953e-02 4.9292526730e-03 9.5804480846e-03 5.2079956973e-02 8.6674192800e-03 -1.5466324614e-01 -6.6542496929e-02 5.4499559449e-02 -4.3476872531e-02 6.6058558736e-02 -8.6800081003e-02 1.0310891739e-02 -5.2954442527e-02 -1.2981557437e-01
-2.2208255655e-01 3.7654383166e-01 2.5561114558e-01 5.7397382072e-01 -3.4193350566e-03 -3.4579737402e-01 3.0063313566e-01 4.4921896665e-01 -2.4035851050e-01 -2.1688966876e-03 3.4185862865e-01 1.9117134506e-01 -1.2070304975e-01 6.2135215270e-01 -2.3361619917e-01 -2.0244163159e-01 5.4371163000e-01 3.0888515906e-01
-2.5469460184e-01 5.5633966864e-02 -1.1925164437e-01 1.1055471655e-01 -3.1113302709e-02 -1.7069941568e-01 -1.3655158749e-01 2.3299979003e-02 -5.0244950719e-02 -5.4179359244e-02 -1.7661944331e-02 3.2843839166e-01 2.5792029757e-01 2.4062741340e-01 1.2882698579e-01 1.2371336465e-01 6.9366449282e-02 -1.6760240772e-01
-8.3479482883e-02 1.1410495082e-01 -1.5391256943e-02 8.3923397312e-02 8.2507592698e-02 1.9241210105e-03 -1.1215085579e-01 7.4231191425e-02 1.0100849231e-02 -3.2674026032e-02 -9.7532150621e-03 1.8177228561e-01 5.5510769355e-04 1.1449606814e-01 8.3809525640e-02 7.2644588434e-02 1.1188344844e-01 9.2775481345e-02
-4.0243989901e-02 2.1813432252e-02 -2.3294198946e-02 1.1812147385e-01 -1.0287548540e-01 1.5974883788e-01 -6.0236646834e-02 7.3735728304e-02 -3.8762145042e-03 -6.5538407198e-02 1.6491007896e-02 2.7824098484e-01 6.6407674758e-02 1.5764870268e-01 6.8317864090e-02 1.5786090862e-01 9.5231807565e-02 -4.9575684906e-02
-2.3661833557e-01 2.9003147641e-02 1.4129086682e-02 1.2927855982e-01 7.0705932345e-02 -1.1224771355e-01 -1.0069487729e-01 -1.0886240097e-02 -3.2335151154e-01 3.4077275446e-02 6.7569942394e-02 2.8997882038e-01 7.2131274507e-02 2.8374372520e-01 8.8191549828e-02 9.0558781094e-02 1.9555615042e-01 -1.1119355822e-01
2.0489632880e-01 1.6297046439e-01 2.0009245592e-02 1.8618590534e-01 -1.2642443428e-01 1.7105969635e-01 1.5594742991e-01 9.3255007952e-02 1.1660397998e-01 -8.8586216954e-02 1.3399852834e-01 -1.7339937626e-03 -9.7220395750e-02 1.7632834019e-02 -1.5897244452e-01 -6.2741954836e-02 -9.0146460706e-02 1.2290178126e-01
