7.4660063196e-02 3.3472508952e-03 -5.0105484573e-02 -1.2752863669e-03 2.1246333267e-02 7.6117783118e-02 -2.8289018411e-02 1.7213604020e-02 1.1639349060e-01 -9.7158332795e-02 -1.4059141692e-01 3.1462300090e-02 -4.4624445396e-03 2.6925794984e-02 9.5069912955e-02 1.2819547000e-01 -7.3283101013e-02 1.1382462026e-01 1.0627504610e-01
-7.6004453356e-02 -4.2582660057e-02 -7.6873592423e-04 2.3929948796e-01 -1.9309775146e-01 -1.2759714924e-01 1.1094630956e-01 1.6285264401e-02 -8.3227602262e-03 4.1368618414e-02 8.2050802012e-02 1.0790438412e-02 -5.1043583765e-02 1.2416836394e-01 -2.1093362846e-01 -9.4071328129e-02 -3.7227447479e-04 1.8706533798e-01 -3.3176146124e-02
1.4811169623e-01 1.0604226617e-02 -4.9253347563e-02 6.6065853062e-02 -5.8577486037e-02 -5.2546648415e-02 -9.6854832125e-02 4.8477566075e-02 1.0656894482e-01 -3.6127206063e-02 -2.5623392225e-02 3.8881802744e-02 -9.1981525095e-02 9.1378402512e-03 -8.4962066766e-02 -5.0508189769e-03 -3.3650338681e-02 3.7311877473e-02 8.6235548292e-02
4.0103358414e-01 1.1827707900e-02 -1.2127733987e-01 -2.2398084408e-01 3.3398766591e-01 3.3495261144e-01 1.6255122896e-02 -5.2513028054e-02 4.0736449513e-01 -2.0574322735e-02 2.3455882216e-02 7.7331055903e-02 1.2533126163e-02 -1.6599231524e-01 4.3932068886e-01 3.3885422272e-01 -4.5892816961e-02 1.2997664323e-01 5.0223061776e-01
2.2332072668e-02 -7.8277779096e-02 3.7724865330e-02 -1.1803775239e-01 3.0022970658e-01 2.5466583516e-01 4.8182316329e-01 1.4300370175e-02 6.8546208090e-03 -4.5977346931e-02 -9.4785214944e-02 2.8048495749e-02 1.6868893858e-01 -1.0834261265e-01 2.4269009728e-01 -9.0221131012e-02 -9.5012556646e-03 -1.6802922884e-01 3.7283850339e-02
2.0715905697e-01 -4.2106824689e-02 -1.1270625783e-02 -1.0119714763e-01 7.2312461959e-02 9.8392893282e-02 -1.1209432984e-01 2.0943902039e-02 1.6854049397e-01 1.3294603262e-02 6.3513307825e-02 6.9420619818e-02 -1.4001279579e-01 -4.1786297316e-02 1.8267685893e-01 2.3250701607e-02 -1.7807928988e-02 8.6978616126e-02 1.2573287831e-01
6.6703728777e-02 -4.2461451581e-02 1.3479543511e-02 5.3098508516e-02 4.2942696747e-03 -4.7157655217e-02 4.4277056113e-02 -9.2649172324e-02 4.5600752631e-04 -3.4151414630e-02 3.8763744523e-02 -7.2525796440e-02 -3.5410919747e-02 1.5899275966e-01 -3.3623558216e-02 1.0529634476e-01 2.7838581782e-02 1.5890660922e-01 6.2034792905e-02
1.1623553915e-01 2.2004829280e-03 -8.1529379158e-02 4.7420419268e-02 8.0009953635e-02 1.2343500915e-01 2.2672277589e-02 -6.9779301297e-02 1.8264711919e-02 -5.2763561388e-02 -1.2333398824e-01 -1.2457615110e-01 -3.4710968776e-02 -1.4937487785e-01 6.2797026135e-02 1.3263879242e-01 -7.7515092479e-02 3.3240961702e-02 1.0945448111e-01
-6.0206875103e-02 -7.9468899578e-02 5.8365490140e-02 -3.0775567446e-01 2.0532068170e-01 4.4893770011e-02 -6.9514457307e-02 -5.2270880912e-02 -1.1050621662e-01 -8.8895006627e-02 8.4336468404e-03 -8.9747042007e-02 1.9816931892e-01 -6.5538974115e-01 2.1990256550e-02 2.4685211559e-04 -1.0899333706e-01 -5.5938997324e-02 -2.6434853109e-01
-3.4514521887e-04 1.3416489742e-01 -2.4791631685e-02 -1.2629244433e-01 5.8169992004e-02 3.5716374589e-02 6.6641729612e-02 -1.1382557840e-01 -2.4497548789e-01 -2.1576400761e-02 1.1094072094e-02 -1.6818867472e-01 1.8034025262e-01 -5.3685105979e-01 9.0493769791e-02 -3.0622944435e-02 3.7954849339e-02 -4.6435423179e-02 -4.4685215342e-02
2.6391271925e-01 7.3272378477e-02 -4.8191627407e-02 -1.5320591652e-01 1.6105260275e-01 1.8398265395e-01 -4.1147242426e-02 3.0343344278e-02 1.0007031039e-01 -6.3950002685e-02 1.2429070128e-02 -1.1252417372e-01 -1.2216121420e-01 -2.4714889151e-01 2.1246213339e-01 1.7516755433e-01 1.9543673445e-02 1.8713776951e-02 1.5169627229e-01
5.2109025469e-02 -1.3607442081e-01 -1.7253464360e-02 1.0487294313e-01 4.4518544012e-02 -3.6408820681e-02 1.5190737385e-02 6.2309908097e-02 4.3598080778e-02 3.1816732368e-02 -4.5525096025e-02 -4.6545581842e-02 9.1381236556e-02 4.0718983165e-03 -2.4753345068e-02 5.8753485123e-02 6.6443754623e-02 1.5226628090e-02 1.1140599584e-01
2.0307901177e-01 -6.6343920723e-02 -5.9054718784e-02 -1.3632289303e-01 1.0375586868e-01 1.0730782711e-01 -1.7613936926e-01 -3.3036392577e-02 2.1467042966e-01 8.9891138907e-02 -8.9132293390e-02 1.8323916878e-02 -2.0840975610e-01 -1.0674647193e-01 1.8535810840e-01 1.5713550468e-01 4.8700376053e-02 4.0097033107e-02 6.6663492402e-02
-4.7597824530e-02 -4.8505540408e-02 -6.7848328129e-02 1.7741511649e-02 -4.7310294366e-02 1.6168381650e-03 2.0831085905e-03 -3.4351781346e-02 8.2701821558e-02 -2.8958534043e-02 -3.9355326966e-02 6.7677445880e-03 -9.1906022127e-02 -4.7655206285e-02 1.4679963789e-02 -1.2972757540e-01 7.7075619342e-02 2.5174078496e-02 -5.1332132884e-02
3.0253521265e-02 -7.0301646904e-02 -2.4825679987e-02 -2.4056907492e-01 1.5842421095e-02 5.1219361451e-02 4.2241960694e-02 2.8271510341e-02 -1.2217551314e-01 -1.9107435026e-01 1.4588952276e-02 4.7527631269e-02 2.0554429697e-01 -7.9088855776e-01 8.8345475674e-03 -1.0719507834e-01 -3.6554315987e-02 4.4908472156e-02 -1.1267814591e-01
1.6029239375e-01 1.7134098300e-02 -1.1553745246e-01 -1.0492275994e-01 6.5968931809e-02 4.4137762748e-02 -3.4055130683e-02 3.5135625103e-02 1.7972911419e-01 -2.3503691649e-02 -8.5544480944e-02 -5.2052767974e-02 7.4921689544e-02 -1.1377853273e-01 1.0372582120e-01 7.7087602341e-02 1.3589483613e-01 1.4426232033e-01 1.4172382243e-01
-4.5433365346e-02 -2.2019265105e-02 -8.2916416040e-02 -1.9706637168e-02 -1.5142950678e-01 5.0933474895e-02 1.4867940597e-03 8.7998315102e-02 -1.7439146550e-02 -4.2784445344e-02 -7.8100113780e-02 8.3858746242e-02 1.3822406683e-01 1.2060614722e-01 5.6057996847e-02 -7.2425488286e-02 7.6860767131e-03 -2.7275161942e-02 -7.7224533369e-02
1.0595009122e-01 1.3057162719e-01 1.9707745634e-02 -8.5260360297e-02 4.2325284977e-02 -1.1358026303e-02 9.7589560966e-02 -4.6002839043e-02 -6.8629500017e-02 4.5111396521e-02 -5.8924890186e-02 4.4303946460e-02 1.9862121497e-02 -2.1851619862e-02 -5.4279802347e-03 4.0598196900e-02 -2.3394035604e-02 8.2344365309e-02 5.6956981634e-03
-4.5532211847e-02 -1.4750727059e-01 -1.0381632048e-02 7.8319836628e-02 3.5625156050e-02 3.0210273123e-02 7.4979485460e-02 3.8236716488e-02 -8.8689457317e-02 2.0893959331e-02 1.7050994826e-02 -2.1240313805e-02 9.0902227018e-02 3.8482620426e-02 -6.7454188287e-02 2.2011227077e-02 -8.7258172790e-02 9.0624444080e-02 -7.7651361820e-02
