-2.2268693581e-01 1.0507501711e-01 1.6238062850e-02 -1.0366785045e-01 2.4618390360e-01 -4.9455415470e-02 5.6514044478e-02 1.0876078525e-01 -2.5254979780e-01 7.5456173416e-02 1.2310740316e-01 -2.1073556672e-01 -2.3962655104e-01 1.2062092772e-01 2.6190818528e-01 1.4480638749e-01 -2.7630772370e-01 8.1107568991e-02 -4.4582539559e-01
3.0025958052e-01 2.7616856226e-01 2.7035607575e-01 1.7769968354e-01 -1.8511418762e-01 2.3398603612e-01 5.2594305024e-01 -1.3871960375e-01 -2.2251399845e-01 4.2230088417e-01 2.5332569156e-01 -2.0327204166e-01 2.1714586261e-01 -2.1351929810e-01 -2.3542047051e-01 4.6305523476e-02 1.1218185356e-03 -1.5502054940e-01 3.8009393539e-01
-1.5697023281e-01 -3.0763979858e-02 -1.5500418848e-01 3.0407955616e-02 -2.0955478768e-01 -1.8667093750e-01 3.3596650264e-02 -1.2925313839e-01 1.4002137382e-01 2.9082850353e-01 -1.3839671177e-01 -1.3058938970e-01 2.7397146425e-01 5.7000268618e-02 -5.4585818107e-02 -3.2129001220e-02 3.4912102842e-02 -7.1593657769e-02 -6.8378607968e-02
-3.2179330761e-01 1.6741555744e-01 -2.1813927875e-01 3.2260158881e-02 2.5924355193e-02 6.8508125609e-04 -3.1048016630e-01 4.8885205876e-01 2.6227917385e-01 -2.4632256049e-01 -2.7525435009e-01 -4.3056745172e-01 2.1277179855e-01 -1.3843230970e-02 -3.5305676816e-02 2.6507839305e-01 7.8337330021e-02 8.3699520903e-02 -3.6152289952e-02
6.6631342263e-01 -2.8381381389e-01 7.0859225293e-04 4.8017409109e-01 5.5179343797e-01 3.4467976970e-01 3.5364506238e-01 -2.5877157836e-01 -2.9419352061e-01 1.0379780910e-01 -4.2164253744e-01 5.5290819702e-02 1.8080157429e-01 2.8534827769e-01 -2.2022119045e-01 -3.5137327198e-03 -1.6236306942e-01 -1.9886434059e-01 -1.4694157329e-01
-1.0764865378e-01 8.3971827588e-02 4.6483719851e-01 4.6980856536e-01 -1.1011306984e-01 -2.1549033518e-02 -1.4365842313e-01 1.8127643226e-01 7.3937037471e-02 -1.7970424456e-02 -1.4768803437e-01 1.6673195132e-01 6.1740993072e-01 1.0315526761e-01 7.6184959735e-02 2.0989822107e-01 2.0553098895e-02 3.1647963512e-01 3.3598085964e-01
-2.3987085358e-01 3.8749611432e-01 -1.6444470229e-01 5.9750069175e-02 1.8805765105e-02 5.9640104444e-02 3.5426466217e-01 -2.9324216655e-01 -1.3803528262e-01 -3.5073847335e-01 5.4133301286e-02 2.9682627831e-01 8.3379492841e-02 -6.4226970093e-03 -1.4665581040e-01 -3.5828299609e-01 2.7130258642e-02 -2.7696692546e-01 3.9864159711e-02
-3.8480657341e-01 9.9340308443e-03 3.8114476826e-01 6.6306446298e-02 2.5446468882e-01 1.3839877027e-01 -7.3365227068e-01 1.4944860300e-01 -2.6128656977e-01 6.6880245310e-01 -8.7397056319e-02 -1.3347865586e-01 -4.1839362173e-01 -1.2237249893e-01 -1.8143733331e-01 1.4552645049e-01 2.1374259624e-01 -2.3759490698e-03 -2.2719010126e-02
-2.0193601268e-01 8.4057188961e-02 -2.8621735621e-01 5.2046570842e-02 6.1576561890e-02 1.7543103490e-01 -2.3505801273e-01 1.3205910756e-01 7.9396261188e-02 8.9450302919e-02 2.7420846803e-01 1.4056514411e-01 4.6340037653e-02 -3.2528337394e-01 -2.2662379043e-01 1.8683349663e-01 2.6410779719e-01 2.4483222995e-01 1.8115506940e-01
-1.4460616817e-01 -8.5129427698e-02 -2.6389849616e-01 1.5722813670e-01 -2.4544255978e-01 -2.5389025861e-01 -8.2386564729e-02 1.7712329380e-01 2.8247382728e-01 -3.9940561534e-01 2.2451935335e-01 5.8529720169e-01 2.9769876187e-01 2.7271289705e-01 1.1941401729e-01 1.1024856111e-01 1.0322713175e-02 -2.2631988466e-01 -2.7735936715e-01
-1.6749147481e-01 -1.0535442403e-01 -2.7786894833e-02 7.3127830860e-02 -2.1456124655e-01 8.4440987308e-02 2.6227350796e-01 1.6466514271e-02 -2.5395742900e-01 -1.7541430344e-01 -1.1349275909e-01 -1.4398821828e-01 2.5546897026e-01 3.1164377264e-01 3.4131717264e-01 2.9709358490e-01 3.5395433930e-01 -1.4173311365e-01 1.8744074259e-01
8.2236118519e-02 -2.5697840497e-02 -4.4484994636e-03 1.7900460770e-01 -8.4210375184e-02 1.0289689434e-01 2.7470840674e-01 -8.2458501064e-02 3.7745787882e-01 -7.6467978164e-03 3.2338869883e-01 -5.0949768425e-02 4.0737183880e-01 1.2682480473e-01 1.7015246562e-01 -5.5979789674e-02 -8.4922299025e-02 -1.1529289893e-01 -2.9715616685e-01
-1.7183576513e-01 -2.0682513235e-01 3.2838903496e-01 8.9872616122e-02 1.1310580803e-01 3.1952096363e-02 -1.4721164581e-01 -1.9634237927e-02 -1.6819695368e-01 -4.2627034858e-01 -5.4027781366e-01 4.4939793430e-01 -2.0576965973e-01 5.8297353699e-01 3.1873474561e-02 -2.0151094517e-01 1.1463091425e-01 -2.2546983399e-02 3.4725167722e-01
4.9574170699e-02 -2.2981801296e-01 3.0212880215e-01 1.6198271027e-01 -2.5633277339e-01 5.4058782274e-03 4.8330624927e-02 -5.4049597865e-02 3.0161198612e-01 1.9368935707e-02 -6.3932953478e-02 3.9473570873e-01 1.2006481376e-03 -1.1493005753e-01 -3.6373081113e-01 1.4944547540e-01 1.3396803650e-03 9.0661870324e-02 3.8730152086e-02
-1.6853273159e-02 2.7023405896e-01 -1.5462709715e-01 4.9294599228e-01 -1.1903238665e-01 4.3217827301e-01 -1.5712391089e-01 -6.6145601271e-02 6.6902209068e-02 3.2499464323e-01 1.1217625416e-01 -1.4507496945e+00 -3.2452533207e-01 2.0249115927e-01 2.1028308624e-02 -3.9303622767e-01 -1.4693800725e-01 1.1853618942e-01 1.7949196445e-02
1.5212309412e-01 -6.5846938663e-02 -1.4796255337e-01 2.1343589690e-02 2.6550744504e-01 2.6355595919e-01 3.0597993014e-01 1.7277053004e-01 -1.0666231900e-01 2.9901353727e-01 1.3570310546e-01 4.6079633195e-01 -1.4877842620e-01 4.3337149648e-01 -2.1471068788e-01 9.9398340152e-02 1.7025718755e-01 5.3125169031e-01 -1.2522821219e-01
1.8574254525e-01 -7.2290847640e-01 -1.5580606558e-01 8.3514234697e-02 -3.4299563132e-01 -3.0769479440e-02 1.8158880321e-01 2.4441817077e-01 -9.9297935110e-02 2.7118386695e-01 -9.8084185391e-02 4.9563113004e-01 3.3969414449e-01 5.3006189485e-01 1.9402528737e-01 -1.4304300840e-01 1.2556403960e-01 -1.8642160732e-01 3.5726545150e-01
-7.5093244057e-02 7.0765770330e-03 2.4418791442e-01 -4.7815292269e-01 3.5486951771e-02 -1.4173491815e-01 4.9188844838e-01 -2.5445980770e-01 2.2095262697e-01 3.0489081083e-01 2.8947733496e-01 2.7642341039e-01 1.6596127351e-01 1.8168974314e-02 1.2962883202e-01 -3.4295327311e-01 2.5442352878e-01 -3.7682756413e-01 -5.8764964036e-02
-2.9971891329e-01 5.2209534470e-01 2.8305799045e-01 -9.9401310038e-02 7.1433461197e-02 -2.3122079097e-01 -1.4175047188e-01 2.5711939299e-01 -1.0562330555e-01 -1.4218343368e-01 -9.6777507486e-02 8.8606346181e-02 -2.9749700020e-01 2.1345161341e-01 2.9931707202e-02 -2.5066310440e-01 -5.7861560729e-02 1.3581469101e-01 -2.2594866131e-01
