1.5249765657e-01 2.4987584001e-02 -1.0232902823e-02 4.5586164764e-02 1.8463599426e-01 -7.8478290490e-02 1.8464531221e-01 -8.7017797732e-03 1.1878943055e-02 1.3069836105e-01 1.3915229964e-01 4.0548367056e-02 -3.6484119664e-02 -3.6699321642e-02 4.0494326287e-02 1.1018150700e-01 -1.6633054125e-01 -1.1602936653e-01 2.8771904119e-02
-1.7642633026e-02 -1.1424214987e-01 4.0229687688e-02 -1.5100171041e-01 1.6036817763e-02 3.7108257804e-02 1.1808183340e-01 -1.7526757267e-02 -3.8075805457e-02 1.5645273493e-02 1.4196762359e-01 -1.2229807045e-01 -4.5837308264e-02 -2.3390619723e-02 1.2786309993e-01 -2.0381026329e-02 3.6047694348e-03 4.9729648599e-03 -1.3116738280e-02
9.7870606243e-02 -8.6964242661e-02 6.7464542533e-02 2.5765662167e-02 1.7961710714e-01 -3.0294514926e-02 2.5348856720e-01 1.2258369257e-01 3.6643712698e-02 2.1392049025e-01 9.2540805725e-02 -2.0069989143e-02 1.3665044665e-01 -1.1618015238e-01 2.8176457154e-02 2.5440113708e-01 -1.3478066093e-01 -1.2234034201e-01 3.6582026580e-02
-5.8070591526e-03 -7.0778674225e-02 -5.5746599084e-02 4.3936524191e-03 -3.4467685822e-02 5.8672403971e-02 4.0773325548e-02 2.1297221417e-02 -1.1867925685e-01 -4.5875603512e-03 7.4189318430e-02 -4.0147106388e-03 1.5155133908e-02 -1.0332144492e-02 9.9614580136e-02 -5.5034962820e-02 9.6334156482e-04 1.3737573844e-02 3.4792637989e-02
2.2136174771e-02 4.7623750412e-02 -3.1205828374e-02 8.8297327182e-02 1.0855792205e-01 -3.4685567630e-02 1.9863426463e-01 6.7353035438e-02 -9.8132261890e-02 1.7452283658e-01 8.2358865934e-02 -1.0427976634e-01 -7.3862190506e-02 -9.6458011118e-02 -8.0640160599e-02 6.6017168610e-02 -1.7835990596e-01 -1.6772407983e-01 -1.0049092649e-02
-7.1368822578e-02 4.9067225032e-02 -8.4131592341e-02 6.6460945727e-02 9.6778943614e-02 4.2573097903e-02 1.5561181198e-03 -2.6939800098e-02 4.8522323946e-02 5.4398975602e-02 -1.2947116933e-01 6.4013924954e-02 -4.0754794899e-02 3.0906090934e-02 -9.7110406935e-03 -3.8984386257e-03 6.3369462620e-02 7.6620623999e-03 -8.1224416151e-02
-1.3515171099e-02 1.1327167300e-01 3.8442796382e-02 -1.0600717792e-02 -3.6001725239e-02 1.3857192254e-01 5.0547725056e-02 1.0075663820e-01 7.4535893301e-02 3.9017563584e-02 -4.3027931411e-02 1.0779676198e-01 -8.2003058598e-02 1.8514239852e-01 -3.8612054667e-02 7.9558378028e-03 8.3325397417e-02 -9.7391025316e-03 -4.6914088091e-02
5.6397900092e-02 9.0703704828e-03 5.7507069353e-02 -6.4275807853e-02 -4.8415967184e-02 -2.1274030363e-02 1.2822870594e-01 6.0693620891e-02 3.5418339668e-02 6.1135010182e-02 -4.8928802893e-02 3.7014793350e-02 1.3698502230e-01 1.6851738841e-02 -4.4763571722e-02 -7.7945055932e-02 -3.8934863471e-02 -1.3711310376e-02 1.0125719108e-01
-1.8966358513e-02 1.2927448383e-02 -1.0307727470e-01 -4.9319498025e-03 -5.3951641827e-02 2.5881090540e-03 -5.1248790654e-02 -3.1049159547e-02 1.6821733750e-02 4.7901525717e-02 5.3837032429e-02 -3.3490780554e-02 5.9670430716e-03 5.0178544246e-02 8.9116401687e-03 -6.1133551395e-02 -8.2327951744e-02 -9.2399469445e-03 5.5925884286e-02
2.8325854059e-02 2.4999206254e-02 -1.0376612625e-02 2.4394636887e-03 5.3410764182e-02 -1.1021164998e-01 -1.5197380831e-02 -2.5109956697e-01 9.9145470995e-02 -8.8882863241e-02 -3.7088142130e-03 -7.4787845799e-02 1.5810679543e-01 8.8011021255e-02 -1.8573041021e-02 1.9982852391e-03 8.3707337748e-03 -9.4775206673e-02 -2.1124851412e-02
-2.7218115388e-02 -2.0952459737e-02 3.7372145318e-02 -6.1910114825e-02 5.2406314239e-02 1.1803960050e-01 4.8701062064e-02 2.5660456887e-01 -4.7489384841e-02 1.2748314870e-01 3.9943591968e-02 2.7300289014e-01 -1.1176932887e-02 1.1900940506e-01 5.1698684292e-02 1.2630064403e-01 4.2950545703e-02 5.5034892726e-02 3.5730084045e-02
2.9029970315e-02 1.3030128942e-01 1.7090474896e-02 1.3171447069e-01 3.5554644083e-03 2.7156106427e-02 -3.8223862860e-03 -7.3400982543e-02 7.0811141167e-02 4.9477402971e-03 -8.8174019650e-02 8.0482368199e-02 8.3501921524e-02 -4.0982743586e-02 2.5525031786e-02 -4.9823896812e-02 1.0840256958e-01 -3.5599429522e-02 1.3718983360e-01
2.8258093701e-02 -5.9690552798e-02 4.3864005369e-02 -1.0041722169e-01 -1.7036172706e-02 -9.4035095366e-03 5.1361627217e-02 -6.8698938775e-02 -4.8056946142e-02 -6.7626672164e-02 -2.8429099771e-03 5.1651250227e-02 -2.8849989035e-02 -1.2462239486e-01 4.8553149111e-02 -2.5674263549e-02 6.9661131582e-03 -7.1966117001e-02 -5.7221083007e-03
6.1469962550e-02 3.7600989378e-02 -3.4426093056e-02 -1.1354790310e-02 1.7813562314e-01 1.4133388141e-01 1.0259107058e-01 2.3219051490e-02 -2.1606811771e-02 -1.5903965440e-02 5.3638741298e-02 1.4592736686e-02 -7.5978668955e-02 3.6985906994e-02 8.2916434002e-03 4.9713587525e-02 -9.0737547778e-02 9.5976970504e-03 1.9788181955e-02
-3.5215777413e-02 2.3048873163e-02 -4.3085842890e-02 3.0296604743e-02 -5.5383461834e-02 1.4718069129e-02 4.0996504099e-02 -3.9505677618e-02 1.1427033475e-01 -1.9764156806e-02 -3.6367279811e-02 -1.4197398649e-03 8.6100371723e-03 5.6350472954e-02 1.5304124392e-01 -4.1946394395e-02 -1.4025930562e-02 5.1517665842e-02 1.0991861096e-03
1.6881826933e-01 -5.5945311267e-02 -1.3934082867e-01 1.7677342825e-02 1.3991234051e-01 7.9214717262e-02 4.0637159535e-02 1.4182428345e-01 -2.8191479050e-02 1.0883031914e-01 7.4724364267e-02 1.8251910532e-01 -7.8626242123e-02 -3.3492409047e-03 -9.7606089831e-02 1.3968929211e-01 5.3220067355e-02 1.0912043341e-02 -4.2606121836e-02
8.2628746273e-03 1.0462364691e-02 3.0463951317e-02 -2.4473409968e-02 8.6171343345e-02 9.5544840567e-02 8.1071279308e-02 8.4642677262e-02 3.6661120595e-02 2.5491551089e-02 6.0829062249e-02 4.2233397597e-02 2.6456590072e-02 -7.6069059130e-02 -1.1627668229e-01 1.2435256821e-01 -6.1349196442e-02 8.3743127269e-02 -9.4573121604e-02
1.7484032377e-01 -4.1401518391e-02 2.6713779154e-02 8.0086238156e-03 1.6797762460e-01 -1.1081576910e-01 7.4289240036e-02 1.4119067846e-01 1.4435771414e-02 1.6771447999e-01 3.2609584597e-01 -2.5407536352e-02 1.3804503461e-02 -1.9271821222e-01 -3.0614714894e-02 7.7594757786e-02 -9.0435279520e-02 -1.3164590991e-01 4.8601244864e-02
-2.2363366218e-02 -2.4164586266e-02 7.4505925371e-03 2.1675292411e-02 6.6633768000e-02 2.4984833844e-01 5.3782619236e-02 1.1763771958e-02 -7.7575895549e-03 3.6481183231e-02 2.3165413442e-02 2.1846855018e-01 6.0492435555e-02 1.4246701377e-01 -1.7757550709e-02 3.0599984301e-02 9.9812829782e-02 1.2978440335e-01 -1.2247497952e-01
