-9.0716028479e-02 2.5992102870e-03 4.9563516849e-02 -5.9616967949e-02 -1.6452456422e-01 3.2954779912e-02 -3.2966480116e-02 8.2711792906e-02 7.7507968414e-03 5.6325756881e-02 -5.8175058527e-02 -6.7353780597e-02 1.2050429780e-02 5.8965732925e-02 -3.6005204853e-02 -3.0551624964e-02 3.8904684814e-02 1.6805315529e-02 -1.2118484018e-01
4.2078165696e-01 -1.9614943003e-01 3.8850789348e-01 5.3969940275e-01 -2.7724396640e-02 4.0299509676e-01 2.4325424930e-01 3.3227718603e-01 -9.0795246933e-02 2.1141704268e-02 4.0404135441e-01 -1.6134245176e-02 3.6259596789e-01 -1.0350520013e-03 -2.3862896765e-01 4.2376194832e-01 -3.2178069018e-02 7.0738037035e-02 5.4937586790e-02
1.2892566670e-01 -1.4747521049e-01 2.3457377727e-02 2.0891479867e-01 -2.5498672866e-02 2.4645114844e-01 4.2038934057e-03 6.5740887075e-02 -2.6544370277e-01 -2.4922682873e-01 1.4187567207e-01 6.8097015247e-02 1.2837574922e-01 -6.2278400684e-02 -1.5216172238e-01 1.3239508115e-01 6.4485946913e-02 3.3146250819e-02 3.7975352412e-02
-8.6323308175e-02 5.3343540109e-02 3.7528441280e-03 1.1811246834e-01 1.5572601310e-01 -3.8505364736e-02 -3.2947517993e-02 -3.4795133977e-03 -5.0328373167e-02 9.3577541384e-02 -1.2877488361e-02 1.0562257248e-01 4.1949377677e-02 -7.9274437451e-02 -4.1009863498e-02 1.3434941572e-02 7.2594176248e-02 -6.2559727390e-02 1.7956372684e-02
2.1640043362e-02 -4.7188343940e-02 4.6520412714e-02 -1.5583649428e-02 1.6408922787e-01 6.2129943993e-02 5.9786529273e-02 1.1313769998e-02 1.3938047667e-01 4.5257553691e-02 4.1425041861e-02 8.1300099118e-02 9.4169420606e-02 5.2226913065e-02 4.3655236822e-01 8.6082664759e-02 -7.1777557409e-02 -9.0985165785e-03 5.3778617328e-02
3.2945419734e-01 -1.3621764112e-01 2.7472947362e-01 3.9149752610e-01 -8.0713576259e-02 3.5931497668e-01 2.6672739016e-01 3.3697928379e-01 -1.0445702300e-01 2.0913906266e-02 3.1540067422e-01 1.6778812574e-01 2.8921508487e-01 4.1656032210e-02 -1.4390467818e-01 3.3631063357e-01 2.6861090796e-02 1.1131301874e-01 1.3899591335e-02
-4.3756989747e-03 8.0618747733e-03 1.4996252476e-01 -5.7834129429e-03 -3.4176337529e-02 1.1440366767e-01 1.9098674378e-02 4.0552894141e-03 -2.9558443696e-02 -3.2258165429e-02 1.6491322881e-02 6.3370976023e-02 2.8732970383e-02 -9.1149937795e-02 -4.7894528714e-02 -8.5085894464e-03 1.1291179795e-01 4.4147635647e-02 1.4031061698e-02
2.0054036331e-01 -8.7796258180e-02 9.8733068570e-02 1.9971056012e-01 3.3795806078e-02 9.5148018040e-02 -2.7996164912e-02 7.4180846727e-02 -3.5486185761e-01 -2.0218439932e-01 1.5766039756e-01 7.5240266470e-02 2.9376296133e-01 -5.1100927528e-02 -4.3354501676e-01 1.0600162981e-01 7.9115819795e-02 8.9329335503e-03 -2.4921845394e-02
1.2967827631e-01 -9.3443967573e-02 1.2393364769e-02 8.9437850293e-02 -8.4678134972e-02 1.1643887515e-01 7.7507138268e-02 -2.7986913829e-02 6.5133839375e-02 -2.5798298944e-01 1.5292391030e-01 -2.7835507234e-02 2.6445613222e-01 -4.5808528042e-02 -1.1850407315e-02 1.4202437862e-01 -1.7426990684e-02 3.3977864130e-02 8.2259960329e-02
1.6263554629e-02 -9.2343319751e-02 -7.9557763691e-02 1.2016436615e-01 7.3269020329e-02 -2.2029943951e-02 -3.2952053570e-02 1.2024061890e-01 3.1769895098e-01 1.9769017782e-01 2.6267082120e-03 -5.8233939787e-02 -6.7945147105e-03 -4.6650076448e-02 3.4214914384e-01 5.1762902935e-02 -1.1472847366e-01 -6.4650931491e-02 -7.1289639724e-02
7.7956883566e-03 -1.8224760843e-02 -3.2271623046e-02 9.8484170112e-02 1.4730509123e-01 5.8977847207e-03 -2.1716502872e-02 1.3069440212e-01 2.7813618357e-01 2.4474117577e-01 4.8839857707e-02 -9.5285775278e-02 -1.0380239445e-01 -1.2566524201e-01 3.5199116085e-01 7.1700345716e-02 8.9301429064e-02 5.8336416784e-02 -5.2133994559e-02
-2.2614403873e-01 2.9653467890e-01 2.9445800654e-01 6.0523338939e-03 2.1240985810e-01 4.5922288890e-02 1.4034505693e-01 -2.7357574203e-01 -3.6314441870e-01 -2.9606485272e-01 -3.7000568092e-02 4.0260029587e-02 -3.5774586700e-02 7.3109269637e-02 -1.6034933751e-01 -2.0046244561e-01 2.2955843968e-02 -1.8365493467e-01 -8.0408352171e-02
-7.4636726321e-02 -2.3377518930e-03 -1.6954932314e-02 4.4800691499e-02 1.0229356316e-01 6.9940338804e-03 -6.8938331945e-02 -1.3375108474e-02 4.6466646048e-02 -1.4709882891e-03 -2.6343369645e-03 -2.9417152861e-02 9.3254527123e-03 -3.1964027213e-02 -3.6318161408e-02 5.2705759575e-02 1.4872216275e-02 3.4052037061e-02 -9.2749208338e-02
5.6941736737e-02 -1.2619220945e-01 -1.5282041388e-02 6.3306931855e-02 -4.3650707886e-02 2.0683610834e-01 1.7268872364e-01 -1.8813934337e-02 -3.8008848485e-01 -2.3556175955e-01 8.2500468341e-02 -8.8679373265e-02 1.8379034145e-01 8.6224207349e-02 -2.7381924815e-01 3.3571453292e-02 -7.6179918987e-02 -2.1227423693e-02 -6.3498028713e-02
1.0123494349e-01 4.4427725515e-02 -3.2442894288e-02 1.7116999867e-01 1.2152667853e-02 3.5593067626e-02 -1.2869364894e-02 2.8794693106e-01 -2.2495723464e-01 -2.1875128446e-01 9.8449163661e-02 -4.6621389473e-02 1.4636393277e-01 1.9991728193e-02 -1.5485699756e-01 6.4608295388e-02 -8.4843753492e-02 -8.3723540690e-02 7.4436449650e-03
-9.1372932825e-03 8.0387839510e-02 4.2644143965e-02 1.2913222164e-01 8.3640757373e-02 1.5721068967e-02 1.8556154038e-01 1.5783100458e-02 1.5918451730e-01 2.2554352201e-02 1.4835551868e-02 -9.2614333676e-02 1.2268234109e-01 5.3978479194e-02 3.1695582552e-01 9.0480686876e-02 -1.5311537022e-02 6.2817300691e-03 -7.7866489264e-02
-6.7415503019e-02 1.8723313122e-01 8.9512715085e-03 -6.0108916816e-02 2.0366850200e-01 -1.0073768681e-01 4.5160185457e-02 -8.8668524083e-02 1.4048089389e-01 4.7870367791e-02 -1.2488450726e-01 -1.3372162224e-03 -1.2160628612e-01 1.0737598461e-01 1.1170208529e-01 -8.9600901712e-02 1.7429459617e-02 -2.1623049834e-01 8.0739279099e-02
7.7084713552e-02 5.8409844361e-02 2.2141467711e-01 1.1567216451e-01 -4.7566007175e-02 -1.3191620842e-02 9.2447042290e-02 -4.8420560962e-03 -8.2293950866e-02 -2.0800062549e-01 4.3924004045e-02 -1.3667367138e-02 7.2218067901e-03 -9.9663032026e-03 -4.4367252774e-02 6.2813254908e-02 -2.2852166604e-02 -1.2287038059e-02 -7.5261647884e-03
7.1347060752e-02 -1.2075384469e-02 -4.5126733394e-02 -4.8899508291e-02 1.6778492377e-02 -5.4786505189e-02 2.7924567405e-02 -5.5688628569e-02 -7.2841134397e-02 -8.0800919217e-02 4.4041716002e-02 -5.2071588394e-02 -7.1187711099e-02 2.8705258756e-02 -2.8611893221e-03 1.6094079753e-01 1.3253667751e-01 4.0544904486e-02 3.7779795549e-02
