3.7784661969e-06 -5.5935471535e-02 6.9556327371e-02 1.1018374122e-01 5.9492640019e-02 -5.5422287213e-03 1.0604851722e-02 2.2587363038e-02 1.7375164491e-02 1.1261448087e-01 1.8148718189e-02 9.2696195017e-03 -9.8717569480e-02 -1.4408507198e-01 -5.4229087014e-02 6.0106003545e-02 -1.8193641093e-02 -7.8349391656e-02 -8.3932193129e-02
-8.0580554005e-03 4.8823586267e-02 3.3929472174e-02 4.2795647957e-02 2.9019617517e-04 7.3450735725e-03 -1.8040429705e-01 -2.2800796862e-02 -5.9199955522e-02 1.2550497514e-01 9.8928053640e-02 1.0882827799e-02 -3.5352910878e-02 4.9073547873e-02 5.1943032007e-02 -8.0316443961e-02 8.7371619401e-02 -3.1915504153e-02 3.1192595072e-02
-4.5479067109e-03 -9.9443244372e-02 4.6623159616e-02 1.2059906779e-01 5.3748632037e-02 5.4427956906e-02 1.8871901604e-01 2.3552805435e-01 2.0152945204e-02 7.3256632227e-02 -8.6368089244e-02 2.8821393669e-01 7.0740993150e-02 -3.7869105452e-02 4.1739180092e-02 8.4366511152e-02 -4.6779133389e-02 1.2590827991e-01 -5.2897740281e-02
-3.9136560182e-02 -1.6423049273e-02 5.0400599652e-02 1.4548759409e-01 1.3102339300e-01 3.9529536477e-02 2.1767181981e-01 1.2967349561e-01 -7.8082057665e-02 2.5737781122e-02 -6.4627198957e-02 1.7118979596e-01 5.7929707602e-02 -1.1268464964e-01 4.8440545656e-02 4.5907497643e-02 1.3760078368e-01 7.4941293807e-02 -1.0918528173e-01
-6.3060436846e-02 -2.7591283207e-02 -1.0337435397e-01 -8.0577653015e-02 -1.3553665436e-01 -8.3151067508e-02 1.3025085021e-02 -1.5215821091e-01 -8.1058490867e-03 -1.9669907462e-01 -8.0913967717e-02 1.1957439181e-01 -7.3378997824e-02 1.0340127427e-01 -1.1006716269e-01 -2.0142080185e-01 -1.5309593453e-01 -1.8584524337e-01 1.5731346285e-01
3.9859453092e-02 1.0219998027e-01 -4.4782724286e-02 -1.1992604556e-02 -3.5693508430e-02 -1.1801680337e-01 -4.8285241258e-04 -8.8244866474e-02 1.4838666407e-02 6.2361058797e-02 3.9434243812e-02 -2.4629800246e-02 5.1465852489e-02 -7.6996659812e-02 -2.9678081576e-03 -3.5391063942e-03 -1.1934605500e-01 5.9858015448e-02 -4.7950430637e-03
-1.3335276291e-01 -1.0107075189e-02 -8.1644425461e-02 -2.4627643974e-02 7.4508715377e-02 -6.0439316920e-03 1.4437734605e-02 1.0866987442e-01 2.8447836433e-02 1.2924875141e-01 -5.0065117708e-02 2.9215167128e-01 7.9331471718e-02 -3.6997320933e-02 1.5210724908e-01 2.4774394956e-01 1.5321055848e-01 1.0127317681e-01 3.1600022321e-02
7.7393188298e-03 5.5107137956e-02 6.8827792249e-02 -3.1666639988e-02 -4.1179187508e-03 8.5232866366e-02 8.8706606561e-02 6.3537025119e-02 -9.2407908787e-04 -1.0617100473e-01 -1.3160936978e-01 -5.2003631570e-03 -8.8243309202e-02 -2.3562039809e-02 1.0234949196e-01 -1.3780416730e-02 4.1747876443e-02 6.7615440393e-02 1.6350950772e-03
-1.7884159914e-01 -1.0179486907e-01 -1.7067670551e-02 4.5779967741e-02 2.0153793767e-02 1.2012189354e-01 -7.2842864503e-02 1.0848170654e-01 -8.4023907215e-02 8.2224169263e-02 -3.2658339929e-02 9.0221854601e-02 -7.4358875303e-03 -1.7508023326e-02 5.6636696269e-02 1.7974767352e-01 6.3877366060e-02 1.7241996820e-01 -7.1590581707e-02
-1.2435400005e-03 -2.4123233685e-02 1.1266215692e-01 8.9900008800e-03 9.9140189066e-02 -1.1043938036e-01 7.4612157376e-02 6.1351683431e-02 -2.4547424767e-02 -9.3043833369e-03 -4.5978734803e-02 1.7253355823e-02 1.1525389758e-01 2.9694565855e-02 7.0759933584e-02 -2.1062163973e-03 -4.2648384100e-02 4.8809217495e-03 -9.5495745056e-02
1.1653159893e-01 -1.4087894115e-02 6.0446011972e-03 4.6671485694e-03 -9.1001659501e-02 -6.8748446795e-02 1.4080554501e-02 -1.5388857275e-01 -2.0563383821e-02 -6.0043993890e-02 2.0979631344e-02 2.0439271933e-02 -3.3877926985e-02 -5.8874599151e-02 1.8960263991e-02 -4.1356587311e-02 -2.9813992312e-02 -3.1833664937e-02 6.1985560742e-03
1.6958326305e-02 3.1337274371e-02 -1.8725603176e-01 1.4211270435e-01 3.5059649632e-02 6.7042838893e-02 1.3854530240e-01 2.9738837230e-02 6.0920890365e-02 1.1324631727e-01 3.1461764988e-02 1.5173114205e-01 2.2831062036e-01 -4.7847429585e-02 1.1728351130e-01 -9.2246570457e-03 5.4953306075e-02 1.4486448019e-01 -8.1056382543e-02
7.6134674244e-02 -1.0146170283e-01 3.9560319395e-03 1.2835105104e-01 1.3452488763e-01 1.1041092553e-01 -4.1466590662e-03 1.3621631668e-01 -9.3700209694e-02 9.4345601616e-02 -1.4699752859e-01 2.2129397232e-01 1.2347905753e-01 -4.7636809251e-02 1.1962384828e-01 9.1631546548e-02 4.9784859298e-02 8.2709962572e-02 -9.2997034643e-02
4.6130714599e-02 4.7702540071e-02 1.2244235908e-02 8.7288242881e-02 1.5742317560e-01 6.8785843888e-02 7.4625726230e-02 1.7121380900e-02 -1.1905801604e-01 9.7840519423e-02 7.6188412672e-02 2.1709539946e-01 1.4561086525e-01 -1.2586735399e-01 1.0473681528e-02 6.7816570820e-02 1.1857248626e-01 1.0530934923e-01 -7.0532258807e-02
-4.4108536158e-02 -1.5584731730e-02 4.6713479610e-02 6.2379300493e-03 -9.9124277701e-02 7.7068657388e-02 2.4396286534e-02 -3.6501915279e-03 3.9059365593e-02 9.0516359534e-03 3.2643925363e-02 -1.9261393480e-02 -8.5128568710e-02 1.0889616920e-02 -3.5678662557e-02 -8.2675616830e-02 -1.6898653210e-02 2.9665476602e-02 -2.8030934552e-02
8.7294330450e-03 2.9326395395e-02 -7.7125879086e-02 1.6920329361e-01 1.5792806555e-01 4.7701990619e-02 1.4196374061e-02 7.9129670498e-02 6.7051024964e-02 -7.2600470984e-02 1.0081352930e-01 1.5316252031e-02 1.0853301770e-01 2.4964446049e-02 1.7383711223e-01 1.6696987785e-01 5.6634988871e-02 3.3400958736e-02 3.9415198307e-02
2.4944489447e-02 4.1397914377e-02 -6.4913268417e-02 1.4803501752e-02 3.1359752659e-02 5.6907241739e-03 -3.2026972895e-02 -7.2910617920e-03 3.7633553971e-03 -8.6764191343e-02 9.4191861445e-02 -3.5743279231e-02 1.0514320246e-01 -1.0552727722e-01 -4.9800871065e-02 1.6141530759e-02 -4.7290594872e-02 -2.6710061912e-02 -1.9411556180e-01
1.6894690065e-02 -1.1810701949e-01 -6.6991908278e-02 6.3583140590e-02 6.8537524472e-02 2.1732289646e-01 2.0270579391e-01 -1.4036480879e-02 6.9670385261e-02 8.4619883483e-02 -6.5800764803e-02 3.9401828361e-02 9.6237170330e-02 -3.4756421273e-02 1.5009991021e-01 -3.1203694167e-03 4.6120610131e-02 1.1632528999e-01 -5.5208436940e-03
-1.0884747562e-02 -4.8508416447e-03 4.0303799440e-02 -2.1281561554e-02 -2.6189812294e-01 -2.6184243244e-01 6.8939142357e-02 -1.3821531874e-01 3.1983225339e-02 -2.3084886699e-01 4.1298385529e-03 -1.0431817136e-01 -1.1653480319e-01 3.6535931194e-01 -2.3408734594e-01 -1.0654552254e-01 -1.0890507906e-01 -2.1959627953e-01 2.3179929748e-01
