-1.1549888033e-01 3.5995180807e-02 1.6652705282e-01 1.2095589937e-02 7.2338098507e-02 -2.6497782264e-02 -7.1072504769e-02 1.1887408352e-01 -5.6126613203e-02 1.2746288917e-01 4.5899072587e-02 1.3098678396e-01 -7.3170008961e-02 1.0820746163e-02 2.2498945086e-01 -1.0687841524e-01 8.3035793441e-02 2.6288638632e-02 -3.4783001986e-02
1.9137254169e-02 2.9957489666e-02 -7.7522745336e-02 -6.6263127555e-02 1.7852732378e-01 -3.6735747768e-02 -5.5459933622e-02 5.7959097555e-02 -1.6778415108e-01 -2.2854498613e-01 3.0985658279e-02 7.4487968922e-02 -1.6764421496e-01 2.0886018724e-01 1.2218947539e-01 -8.7450795515e-02 1.9275103372e-01 -1.2436586208e-01 5.1264434382e-02
1.8574447815e-02 -1.9017586788e-02 5.2493369218e-02 -6.9479342903e-02 -3.7800678955e-02 -2.9834510046e-02 -3.7238946248e-02 4.2813158147e-02 4.4062058459e-03 2.1399354482e-01 -4.4811023378e-02 -4.5502744449e-03 -4.9919882090e-02 -3.2385732576e-02 -4.2610662012e-02 -1.2743678723e-02 3.6434078022e-02 6.5107883394e-02 -3.6944717717e-02
-2.1699762968e-03 -1.7898955653e-01 -9.6350167418e-02 3.5484878337e-02 5.2484080855e-02 -1.3070743052e-03 -4.8797126376e-02 6.0205234446e-02 3.5939733041e-02 -2.2017798810e-02 5.3659885861e-02 -8.8624231167e-02 9.0379881006e-03 8.3753107095e-02 -1.7280963339e-01 -1.3223798857e-02 -6.7610944498e-02 3.1987763334e-02 -5.4375446987e-02
-3.2613426207e-02 4.1462171055e-02 3.5653644867e-01 7.6977980900e-02 -2.1212384125e-01 -1.0257901514e-01 4.2212634082e-02 -3.3622762950e-02 -9.3448085865e-02 2.7183377203e-01 1.5992090274e-03 -5.8755262908e-02 -2.3939436883e-02 -5.8135802899e-02 1.8349645497e-02 -1.2197617280e-01 -1.4354690892e-01 9.3556134832e-02 6.7380616037e-04
-3.0723248254e-03 -9.7235867279e-03 2.2487431626e-01 -7.1060581373e-02 -2.5913791649e-01 -2.6815244402e-02 2.2156242968e-02 8.5652310909e-03 1.0784560607e-01 1.9780038093e-01 8.1339411386e-02 -1.6932084515e-01 -6.3021289216e-03 -8.6177427342e-02 -9.0260132616e-02 2.3009310572e-03 -1.7652743537e-01 2.3610859965e-01 -9.1358802626e-02
-6.7839269793e-02 -6.6916831389e-02 6.5185647609e-02 -1.9753625106e-02 2.1407786920e-01 -9.7568095321e-02 -2.0898370382e-02 7.2683806653e-02 -7.0173164299e-02 2.6672991641e-02 -5.0250793514e-03 2.1035618730e-01 -6.3418273023e-02 2.5503623607e-01 1.1139302655e-01 1.7870157560e-03 1.8872338363e-01 -5.4904776143e-03 1.7595171724e-01
-6.9829592490e-02 -6.3516052627e-02 -1.3197939372e-01 -5.0976739860e-02 9.8504677295e-02 -8.7232861189e-03 1.6263519182e-02 2.3747293766e-01 9.9730510026e-02 -1.5796741964e-01 -1.5765897377e-02 1.5361926903e-01 8.9969192730e-02 1.7663113322e-01 1.8151217501e-01 -8.6677320072e-02 8.1896044399e-02 -1.6558387327e-01 9.6991445260e-02
-1.4461693915e-01 -3.6539400503e-02 1.2944600506e-01 1.1848317259e-02 1.0783692471e-01 -4.1475851221e-02 -7.3892615987e-02 1.3709593998e-01 -9.2384947635e-02 3.6366627014e-02 3.2367266316e-02 9.8935993756e-02 -2.8059562622e-02 1.8210820151e-01 1.5293537333e-01 -5.3365253238e-02 5.7879642567e-02 1.0493732855e-01 9.6734669869e-02
4.6240455033e-02 -2.1683498333e-02 2.5872108006e-01 -1.0325608002e-01 -1.6673516266e-01 -5.7072782967e-02 1.1944189805e-01 -1.2810500966e-03 2.7819743778e-02 2.7540520392e-01 -4.6821611142e-02 -4.4694255878e-02 -5.1124090401e-02 -6.6621793049e-02 -2.2413495650e-01 -4.3841242012e-02 -1.9093587406e-01 2.1728058486e-01 -7.1810121447e-02
4.2716416507e-02 -3.0965891164e-02 -7.0352398081e-02 -6.3303107421e-02 7.5796903793e-02 -5.3716739995e-03 -3.2824381823e-02 7.2428891287e-02 4.2526427616e-02 7.5928433396e-02 -8.1782467076e-02 1.1768383911e-01 -1.5761309811e-01 6.3664383111e-02 1.3626941513e-01 -5.0810157044e-02 9.8251831001e-02 -3.4455619770e-02 1.6243265622e-01
-7.1352960709e-02 -6.7670233042e-03 8.0733581426e-03 -1.1130421546e-01 -3.9403231964e-02 -5.2186579811e-02 4.8960487912e-02 7.4062793271e-02 -2.2054802993e-02 2.3925175126e-02 6.5603449898e-03 2.1585438802e-02 -1.2580528207e-01 -4.6093807526e-02 1.4405614749e-01 1.9840169142e-01 -5.4489438343e-02 5.6776683793e-02 8.6395556547e-02
-2.9184607687e-02 1.8629403564e-02 -2.5055998384e-02 3.3741163910e-02 1.1949706026e-01 -1.0834584495e-01 -1.4858403721e-02 8.0437325539e-02 6.5707894324e-02 -4.4769082601e-02 5.4934004049e-02 9.8685799148e-02 -3.7859978138e-02 1.7740367545e-01 1.4641711682e-01 -1.1324976286e-01 1.4563525081e-01 6.5409909286e-02 1.6407168554e-01
6.1096425012e-02 1.5363888241e-01 7.1809235348e-03 -2.3624439451e-02 4.8933030724e-02 1.0687094604e-01 -5.1608179664e-02 1.1202660980e-01 -1.0745600343e-01 -1.2018635800e-01 -2.7748755725e-02 1.2887090170e-01 5.3963416099e-02 1.8699772351e-01 2.2534866184e-01 2.4084294933e-02 1.3249805640e-01 -9.8776393617e-02 1.8460823374e-01
-3.5021008672e-03 6.2286714949e-02 6.6415871367e-02 -2.6187979296e-03 -2.3816644086e-02 -4.5873463245e-02 2.3807761388e-02 -3.0085040591e-02 -3.0517301063e-02 -1.1335178865e-01 -5.5140198830e-02 1.1999762191e-02 7.7046105721e-02 7.0735431455e-02 -8.9977183248e-02 -1.8078893086e-02 -1.1821646129e-02 -3.0158862613e-02 -6.6919960210e-02
5.5113859264e-02 4.0889047673e-02 1.2655082723e-01 3.0031016329e-02 -2.0989625041e-01 -6.0540194551e-02 -1.4360891283e-02 -7.9959019672e-02 3.6565378354e-02 2.3103630819e-01 8.7296476929e-03 -6.8396674315e-02 -6.4339242326e-02 -7.9403460628e-02 -1.1382284916e-01 -1.2556499078e-01 -7.3070213837e-02 1.6826311220e-01 -1.7321738463e-02
2.3795102990e-02 4.0989991685e-02 -9.1851064412e-02 -3.0261651240e-02 1.9971619530e-01 -2.2827374998e-02 -8.6189572292e-02 1.9743810818e-01 1.4441083812e-02 1.0923876759e-02 -1.1154112602e-03 8.2093361705e-02 5.4737867825e-02 1.2637998360e-01 2.0367607592e-01 2.1441540799e-02 1.1547457154e-01 -4.0300480016e-03 1.0867186714e-01
2.4756561053e-02 -3.1288566324e-02 -3.4129655254e-02 -1.4271096868e-01 1.7672500195e-01 -3.1653100993e-02 -7.7693896550e-02 9.5471137166e-02 2.3378281470e-03 -9.3971787593e-02 -5.2360748757e-02 1.4147896672e-01 -6.1852318372e-02 9.4089741533e-02 9.2642461703e-02 -7.2340816306e-02 6.2229568279e-02 2.9134711402e-02 1.9933495075e-01
1.1504795311e-02 -6.7879957126e-02 -7.1235341769e-02 -1.7954476463e-02 1.9369908959e-01 -2.6527966538e-02 7.3098548012e-02 1.8339534325e-01 -6.8336208803e-02 -8.0224109916e-02 -4.7364138714e-02 1.9926972264e-01 -7.1569631775e-02 1.3640092095e-01 9.8645058398e-02 3.8223679226e-02 1.1874056763e-01 4.5640891818e-02 3.0562965536e-02
