-9.2462687160e-02 -2.8135473249e-01 1.0468477592e-02 7.1718430996e-02 -5.9683482656e-02 -4.7110513439e-02 -1.0137381598e-01 -3.0710416191e-02 -1.0158695201e-01 -9.1082302216e-02 -1.5591958165e-01 -5.6517366662e-02 1.3948741094e-01 -3.0678438809e-02 4.9658162984e-02 -2.8347299702e-02 -4.0618882768e-02 -1.1713202697e-01
4.0885011453e-02 -2.5855147877e-02 3.5246662279e-03 -4.4675696323e-02 3.3473345122e-02 7.7044317886e-02 -9.4194370234e-02 -2.5039625658e-02 6.2325566485e-02 -8.8740866596e-03 2.2171554814e-02 -4.8369816139e-02 -5.1253352398e-02 -6.9422794964e-02 6.7684172428e-02 -9.9884334537e-02 8.9764025941e-02 2.0793382528e-03
-2.3490602815e-02 4.3008280024e-02 -6.7096315366e-02 -4.4760078599e-03 2.2643606934e-01 1.3343117712e-02 -5.3198274025e-02 -8.3159202217e-02 -1.3638376434e-01 1.8092590268e-01 1.5631342861e-01 1.2014847717e-01 1.0264877867e-01 -8.5987487385e-02 -1.2018530321e-02 -5.5455167379e-02 6.7948640738e-02 1.9134051474e-01
2.8809168099e-02 4.7018625949e-02 1.4405684436e-01 -1.0532205194e-01 -5.3346409980e-02 4.5083996093e-02 5.2772721437e-02 -1.7340334742e-02 -1.0089460244e-01 4.5890200649e-02 2.4831543728e-02 -7.6628619443e-02 -5.8449532435e-02 -9.6070497731e-03 -5.7594214975e-02 -1.7883682124e-01 6.7645915295e-02 -1.4400161584e-02
1.5929441523e-02 1.5751188173e-01 5.1438583388e-03 2.0567496341e-01 7.2674603651e-02 -1.1602900186e-01 -4.1917825659e-02 -1.3365134286e-01 1.1397000353e-01 -9.5553859330e-03 -4.3584192352e-02 -1.9913772487e-01 -8.1735635315e-02 9.3563995885e-02 9.4670290867e-02 2.0095699208e-02 1.6709855410e-01 -1.5175472022e-01
-1.4841879154e-02 1.7232373797e-01 6.1102246812e-02 1.8994253740e-01 -1.2664114419e-02 1.1199087154e-01 3.7264549887e-02 3.0485286655e-02 1.0207056717e-01 3.2824426715e-02 -1.0618581275e-02 -1.6626078472e-02 -1.7254535667e-01 1.5405769363e-01 1.8818517443e-01 5.2255031639e-03 1.0509850458e-01 2.4980801876e-02
-3.2929612171e-02 -1.6244991914e-02 -9.3050326237e-03 7.7073043623e-02 2.0436022596e-01 -1.3124978178e-01 -8.8062367839e-02 -1.0276619210e-01 1.4902459666e-01 3.7208091560e-02 -5.1965675954e-02 -1.1488456215e-02 -1.0296735716e-02 4.6605276611e-02 9.5013477281e-02 -1.3445891237e-01 6.5671181484e-02 4.4598800471e-02
1.1383467833e-01 2.4178504487e-01 3.1661751259e-02 6.8534040384e-02 -2.8312497455e-02 4.8945396104e-02 -2.6385991966e-02 3.0577887443e-02 1.3077427678e-01 1.2603759548e-03 -1.1044774056e-01 -2.2262375768e-01 -5.1460602734e-02 2.6767929464e-01 2.6647103366e-01 -1.5713084832e-01 1.4681369770e-01 5.1823871765e-03
-1.3053606119e-02 -2.2268691670e-01 -6.6349624910e-03 -6.2916607584e-02 1.3628284190e-01 -5.4479445875e-02 3.6454891036e-02 -3.1781871112e-02 -1.6194133687e-01 3.1011404777e-02 1.0741711932e-01 2.9727592797e-01 1.8567675880e-01 -3.9878781388e-02 -1.2678421320e-01 -2.7448368738e-02 9.5367487354e-03 1.9443666254e-01
-4.9470113662e-02 5.8086702819e-02 -9.4626268098e-02 1.2909168642e-02 1.1129510299e-01 -4.8063859439e-02 -1.0388304525e-01 7.3749843582e-02 -1.8716813666e-03 1.0768930689e-01 4.7273211179e-02 -2.0273805855e-02 1.5718435426e-01 -2.2578478239e-02 1.8272430922e-01 -2.7445168429e-02 3.8382151804e-02 1.5755084887e-01
-1.3939747969e-02 -1.5384268369e-03 -5.7339212164e-02 -1.7799854672e-02 1.9651282903e-01 -7.6854699980e-02 -3.2864679279e-02 2.5227101860e-02 -1.1206254187e-01 1.9009804866e-01 2.6287210940e-01 1.4989409490e-01 3.3585971376e-02 -5.6645675927e-02 1.4105839612e-02 8.9558029453e-02 -1.6326721995e-01 1.2759731736e-01
1.8927281146e-03 -1.0126343886e-01 -8.6329922481e-02 5.6570193369e-02 1.7176261304e-01 9.0268314238e-02 3.3701687531e-02 -7.7851078858e-02 -1.2460655749e-01 1.1641779492e-01 1.5776277482e-01 8.8400774635e-02 1.5738910044e-01 -7.7815702581e-02 -1.5281917190e-01 -8.9764968564e-02 -2.3699894582e-01 7.4129465814e-02
1.4868048494e-02 -1.0476142227e-01 -1.4655594457e-01 -1.4892315234e-01 2.2564494539e-01 -1.2574608589e-02 -3.1266254019e-02 -3.6836591205e-02 -2.5130079588e-02 8.4318234497e-02 1.5194524293e-01 1.8127139211e-01 1.5928120144e-01 -2.3370110794e-01 -7.0883216229e-02 -1.0375851109e-02 -1.4033991012e-01 6.4103863967e-02
1.3593493278e-02 -4.3573667747e-02 3.7864422822e-02 -1.4244738611e-01 7.1680081272e-02 -3.1802338146e-02 -6.3664955182e-02 1.3812927624e-02 2.2594919092e-02 2.0133880211e-01 7.2977471965e-02 9.9708323344e-02 1.4392966016e-01 3.7811360650e-03 3.2030635828e-02 4.0722900896e-02 -5.8658974232e-02 1.2236975408e-01
5.7763562207e-03 1.5822850346e-01 6.4730112200e-02 2.1645769947e-01 -7.0220626173e-02 -6.8312380995e-02 1.5230466884e-01 -1.4488476988e-02 2.2184444456e-01 -5.1592528666e-02 -2.8842149170e-01 -1.4900073411e-01 -1.6051633966e-01 1.2554065793e-01 1.1964832369e-01 -8.7484715765e-03 2.2458130131e-01 8.7822340237e-02
7.1900551362e-03 7.5096220988e-02 -6.0748236962e-02 7.9747553782e-02 6.5165359554e-02 2.2404098132e-02 9.1064750530e-02 1.0260311583e-01 3.4183358589e-02 5.9057346954e-02 4.8188300450e-03 -1.4992815276e-02 -4.8546798220e-02 2.1433573192e-02 -1.2880705452e-01 4.1249761294e-02 1.7862146932e-02 1.9321960644e-02
-1.6513054149e-02 -4.7202987140e-02 -2.9348616086e-02 -1.5625546522e-01 -7.8643487541e-02 -1.0756706206e-01 -2.2382515970e-02 9.4025739080e-02 1.6073950904e-01 1.9006340098e-02 -2.2524415048e-02 3.6935213332e-02 1.8326445903e-02 -9.6813557928e-02 -3.4608188086e-02 3.6426916978e-02 -4.2145474614e-02 4.3416489719e-02
-5.7678769544e-02 2.1200387127e-01 -4.1423429918e-03 2.3633327525e-01 -3.6881737835e-03 -1.5727677729e-02 -5.4047846369e-02 -5.9352623794e-02 2.1870824691e-01 4.2501374843e-02 -4.7133021755e-02 -2.2297456586e-01 -5.7517072865e-02 2.5693304713e-01 8.5427828887e-02 -5.7278372147e-02 1.8588580118e-01 -1.2797922164e-02
