-1.2298014545e-02 -2.8553741633e-02 -1.2130672436e-01 1.3176038441e-02 -9.4728613776e-02 -3.3976482328e-02 9.6418279241e-02 2.6959771081e-02 5.4929065694e-02 1.0039914267e-01 2.1874279759e-02 3.2655911899e-01 -7.7900657026e-03 1.1150411632e-01 2.3773738471e-02 4.0724159479e-03 -1.0076435775e-02 2.3308617713e-02 9.7137786978e-02
-3.6316239331e-02 6.1541591896e-02 -1.1605903175e-01 4.6974670314e-02 1.0599146722e-01 -6.9761456005e-02 -1.6502218663e-01 -1.2232751016e-01 -4.9615593587e-03 1.8030548976e-01 1.4858323900e-02 1.6266931674e-01 8.9774631454e-02 1.0429405069e-02 1.1282405950e-01 4.5419997338e-03 1.1591550175e-01 1.5115645359e-01 -8.8607639971e-02
-1.8731315917e-01 7.7959625406e-02 1.8827428436e-02 1.4894595436e-01 3.4136948956e-02 -1.1572266868e-01 -1.6784421105e-01 -1.2666194993e-01 1.1597877809e-01 1.7900691465e-01 1.4550471055e-01 1.4758825698e-01 2.0712087152e-01 1.4188726985e-01 1.7740767556e-01 -4.9130928283e-02 -5.4091010221e-02 2.1688123319e-01 -2.8760718019e-02
-8.9012781808e-02 -7.1091310128e-02 -7.8419953994e-02 1.6912875050e-01 2.6513639733e-02 -1.8151643463e-01 -1.5515795769e-01 -3.0077824043e-02 -5.8357639375e-02 1.0308012750e-01 7.3464687001e-03 1.4464117695e-01 1.0786018219e-01 1.5318841414e-01 2.1903536032e-01 -5.0344773284e-02 -4.3703852998e-02 2.4009117925e-01 -1.5425951459e-01
-2.6461383083e-02 -7.2790495604e-02 -3.3492319306e-02 -6.7852654520e-02 -7.1049545023e-03 3.3885415739e-02 1.9626247657e-01 5.7715375900e-02 -5.9575761164e-03 -6.8121847916e-02 -4.3243957825e-03 4.8454236199e-02 6.3458153508e-02 -2.4347954415e-03 2.8290850149e-02 -1.2851414930e-03 7.4910011210e-03 -1.4416879094e-02 -1.0981910138e-01
8.6562168693e-02 6.4891783459e-02 5.2166630738e-03 -2.6117369879e-02 -6.2156894314e-02 1.7960558466e-01 3.7605842393e-02 5.1736794204e-02 -3.7806975287e-03 4.5156812119e-02 2.1538277950e-02 1.7903235296e-01 1.4905203702e-01 1.3906493969e-01 7.6004684511e-02 -4.2804576148e-02 3.1948294718e-02 1.1288426980e-02 2.4240865093e-01
-3.7745437379e-02 -3.0809096738e-02 6.2611260949e-02 3.4356017359e-02 1.0232776407e-02 3.5940196778e-02 3.1622197672e-02 9.4234272052e-03 -1.2998673245e-02 7.3295282950e-02 -1.0781295106e-02 6.7629547855e-02 6.9543848577e-02 1.6218452239e-01 5.5035917691e-02 -2.3647120066e-02 -9.5474848566e-02 -8.2174996521e-02 -1.5589668306e-02
-1.6467244703e-01 1.0061100906e-01 -3.0054750515e-02 -5.8803507888e-02 5.3314317673e-02 8.7827020053e-02 6.2734773592e-02 1.2622280801e-02 -3.2061497273e-02 3.3574131709e-02 3.9610469487e-02 -3.8534925997e-03 -6.7214320345e-02 -1.7645353386e-02 -1.0957202579e-01 5.3011109925e-03 -8.3658117632e-02 -1.1485787426e-01 6.5034688628e-02
-1.5350176011e-01 -9.9348805480e-02 -1.3453429143e-01 2.1028716701e-01 -5.5783283231e-02 -2.0433015271e-01 -1.8234683197e-01 -1.4683006940e-01 -7.0440692683e-02 1.8486046568e-01 -2.9317027926e-02 2.8003706231e-01 1.7463707319e-01 1.2935535619e-01 2.2235838153e-01 7.8070573038e-02 -1.3308806967e-01 1.3614094896e-01 -8.1760942748e-02
1.8484551170e-01 -2.6823992409e-03 2.4744280118e-02 8.8803091902e-03 2.4457671541e-02 1.9525114240e-01 2.4843376100e-01 1.8466132522e-01 -1.0987545436e-01 -7.9065636411e-02 -5.2227888106e-02 7.9683568463e-02 1.2425716057e-01 -7.5269104811e-03 -3.9923620219e-02 -7.1734843131e-02 1.0302294991e-02 -1.4008282436e-01 1.5725797906e-01
7.0908807762e-02 -1.8046763436e-01 3.5867586522e-02 -2.5120643624e-02 7.5455584082e-02 -5.8304841641e-02 -5.7351318282e-02 2.1118673517e-02 -2.0442366261e-02 1.3382390212e-01 4.2684542494e-02 -1.3744975918e-01 -1.1587336373e-01 8.6092920361e-02 -1.1355697821e-01 -3.4148147548e-02 -1.1134231387e-01 2.1466006728e-02 3.2146065289e-02
-2.3680581788e-02 9.9758606019e-03 -4.8822424153e-02 -9.0674327336e-02 7.0117354942e-02 -5.0450510663e-02 1.1019785476e-02 3.0826701063e-02 4.2590385463e-02 -5.9180993082e-02 5.0572478571e-03 -5.8939266979e-02 7.9473425148e-02 1.5698198847e-02 -1.3203526078e-01 9.7670908404e-03 4.9081479429e-03 8.1667330140e-02 -5.6222697986e-04
1.8920341027e-01 -3.0532742887e-02 -1.9726916013e-02 8.9339215452e-02 -2.6948934274e-02 1.5070837663e-01 1.8523990357e-01 1.1473048190e-01 -9.2613917767e-03 -1.9838062568e-02 -1.0570522420e-01 1.6784773405e-01 1.6200135657e-01 -2.2341566205e-03 -5.2907495614e-02 -8.4067008588e-02 -4.9257586233e-03 2.2129027383e-03 2.6762218949e-01
2.8995663407e-02 -1.3385251818e-01 -5.2332454378e-02 1.1179894545e-01 4.1658870217e-03 -5.4730992096e-03 8.1322194617e-02 3.8366917798e-02 2.5851189603e-02 1.4576431635e-01 2.8781559074e-02 7.6413675440e-02 2.0333015117e-01 6.9088347516e-03 1.4049820693e-01 -7.6664158788e-02 -8.0308481649e-02 2.2310032460e-01 3.4630121413e-02
-2.4435952931e-01 -2.8461828248e-02 -2.1870601499e-02 1.4656745066e-01 -3.9280503645e-02 -1.3341201242e-01 -1.3222703141e-01 -1.1366223942e-01 -7.6844715593e-02 1.4600114537e-01 -9.3029198666e-03 1.5476884059e-01 9.7423382889e-02 8.5615798868e-02 1.0590014883e-01 -1.7399887692e-02 -7.0826572330e-02 1.0418491028e-01 -2.0314995099e-01
-1.9612405663e-01 -4.0882231742e-02 -5.1337449963e-03 6.5044514066e-02 -6.7765956976e-02 -8.8650685205e-02 -2.3835446010e-01 -9.7174603110e-02 6.4481392772e-02 1.6236932970e-01 -3.8623459179e-02 6.4404976090e-02 2.5606900788e-01 2.1744715414e-01 1.5757423600e-01 -3.1276128572e-02 1.0161518971e-01 1.4845881641e-01 -1.0861407005e-01
9.6350506398e-02 -1.2651538395e-01 -1.1641658694e-01 2.4835872730e-02 -2.0053500918e-02 -1.2685461771e-01 -1.9101714952e-03 -4.0633694033e-03 4.9923108550e-02 -1.2215493718e-01 3.6860904123e-02 -5.5675101905e-03 -3.9592363759e-02 8.7547614582e-02 6.0238618087e-02 2.6946669512e-02 -6.0231012760e-02 1.0340413137e-02 1.1601969518e-02
1.4191192184e-01 -2.6503965482e-02 9.6068839997e-03 -1.5909584999e-01 -1.0475045240e-02 8.5529287694e-02 5.1389498901e-02 7.8176974791e-02 -1.7422198033e-03 -1.6103708003e-01 1.0146673821e-01 -3.3133699737e-02 4.4894282191e-02 -1.4880658671e-01 -4.3824992338e-03 -9.1817199289e-02 -4.8903450256e-02 -3.6521402053e-01 1.2829198255e-01
-1.0854255252e-01 -3.4492768802e-02 5.3175460143e-02 -1.8904034512e-02 7.2869300936e-02 8.8266061422e-02 8.3655431032e-04 -8.5686032087e-02 1.0430988718e-02 1.0055909297e-01 1.7020888640e-03 -3.4213658712e-03 1.0221699611e-01 -5.0467882658e-03 -2.1982478630e-02 -5.8247296464e-02 -1.1853784820e-02 -4.3371589098e-02 1.3998705563e-02
