-4.5252256041e-03 -2.1437437277e-01 9.3855769013e-03 2.1568469342e-01 -4.4552108130e-02 2.1883819178e-01 8.1382279852e-02 1.8886179769e-01 -4.9438152584e-01 -3.4818285447e-01 6.4873599923e-02 1.0345325619e-01 -4.0753826154e-02 3.3292444664e-01 9.8094868145e-02 -1.9876406414e-01 2.3699236609e-01 2.1690846249e-01 3.2679693338e-02
-9.9268487191e-02 -1.3178069126e-01 6.4067154288e-02 6.2291227789e-02 -3.5790047612e-02 -1.4187386984e-01 -1.8762739862e-01 -9.3255130961e-02 2.3280345192e-01 2.2240653766e-01 -1.6958342263e-01 -4.9381141708e-02 -7.5762432385e-02 -2.2381113506e-02 -8.7741988224e-02 2.5356858244e-01 -1.2353465184e-01 -6.2272135798e-02 -4.4564848545e-02
-2.4813113242e-02 -2.5196659422e-02 3.3984546721e-02 7.7761937617e-02 -7.4805959303e-02 7.4498036728e-03 1.5380522161e-02 9.0662465728e-02 1.9570920288e-02 -8.2925571495e-02 -1.9386986345e-02 3.0875962840e-02 1.2332859390e-02 1.3245640867e-01 1.9620474891e-02 6.9743129806e-02 2.0738536216e-01 6.2409853762e-02 5.6957829437e-03
-9.9174104466e-02 7.0627947966e-02 -1.6422545120e-02 3.0303873788e-03 3.9298951787e-02 3.4294928207e-02 8.2218685347e-03 -1.0013479370e-01 8.2504216491e-02 3.4589887667e-02 -1.3411375089e-02 3.8983476434e-02 5.2648020756e-02 -3.2525744686e-02 1.5711089810e-02 1.4343081998e-02 1.1564990864e-01 -8.2409131773e-02 -6.4408916856e-02
8.0127124824e-02 4.7260500941e-02 -3.9712481559e-02 -1.3845708758e-02 5.1199927625e-02 4.4047553225e-02 -9.7460544139e-02 1.2834380611e-02 1.1819305297e-01 7.5431027384e-02 1.6477747313e-01 -4.5268076232e-02 -4.3037703669e-02 3.8990380640e-02 -2.6804481509e-02 2.0163070268e-01 3.2738037177e-02 2.2239783217e-02 1.6779299661e-01
-1.2473189831e-01 1.8690605657e-02 3.3547674154e-02 8.5915585521e-02 1.8220272986e-02 -9.6133079712e-02 -9.5533209955e-02 -2.5009267079e-01 1.9052066918e-01 1.4716119299e-01 -4.2389168621e-02 4.6534170549e-02 -2.3020620249e-02 -1.5611273407e-01 7.0729870544e-02 1.7701075137e-01 -6.4699975645e-02 -8.2959112387e-02 -1.7369463718e-01
-1.3969940651e-02 -1.2506882068e-02 1.2777813929e-01 1.5982596253e-02 -2.9134024134e-02 -1.5865639643e-01 -1.3411364061e-01 -8.0420272320e-02 -8.5715053400e-03 -2.7775635923e-01 1.3914370120e-03 2.3377682248e-02 5.0615624057e-03 1.5964785144e-01 7.7814279914e-02 1.4645294811e-01 -9.0061945826e-02 -1.0568520996e-01 1.6724437268e-01
-1.8457515631e-02 2.0701139750e-02 -1.4231497109e-02 -6.3613555743e-02 -2.9772796187e-02 -9.8504305257e-02 -1.0033836954e-01 -3.5022782234e-02 2.1346165654e-01 -2.3741531863e-02 -1.3141907345e-01 1.2853617615e-02 1.2259684609e-01 1.2036573611e-01 3.0651976620e-02 1.7001239085e-01 -8.1318102686e-02 -3.1250028753e-02 -1.5757588276e-01
-1.1445292954e-01 -1.7437130947e-02 -9.9127118347e-03 2.5022822547e-02 2.1782003932e-02 -2.2995116713e-01 -6.5311480052e-02 -1.7397737122e-01 -1.8300370688e-01 1.3473418198e-01 -1.1244769865e-02 1.3335231258e-02 6.1741355168e-02 4.2701810444e-02 -3.5019200104e-02 -7.6323638148e-03 -4.3628993106e-02 -8.3712760616e-02 -2.0926962036e-02
-4.1475626381e-02 7.9321439098e-02 -1.6790093277e-01 2.2824755540e-01 -3.6682172194e-03 -3.3359522931e-02 8.7133962214e-02 7.5196003420e-02 9.8367725911e-02 -4.5372152529e-02 -3.9665784443e-02 4.6335838131e-02 -2.6869373852e-03 -5.6861377029e-02 1.8323943420e-01 9.1262418142e-02 3.5893359152e-02 1.1156372089e-01 -7.9097599518e-03
6.8211898734e-02 6.4154553300e-02 -4.9771964267e-02 1.7974775586e-01 6.8113478077e-02 7.7867444468e-02 7.0343168826e-02 1.9182498904e-02 -1.2255765544e-01 -1.5455034554e-01 3.4815153775e-02 9.0732971325e-02 -7.6715778910e-02 1.3392452909e-01 5.8421026502e-02 1.3985031179e-02 9.5563959296e-02 9.3027142207e-02 7.7131543746e-02
1.2792761761e-01 6.7807259885e-02 -9.6770931962e-02 6.8670150666e-02 -1.6784637268e-01 2.6240737832e-02 2.1536253542e-02 2.6386705579e-02 2.5688292243e-02 6.6909790016e-03 4.2644747609e-02 -2.0804812575e-02 -1.2687076944e-01 -1.8984976329e-02 1.4576361253e-01 1.2992070827e-01 3.4674138285e-03 1.4176074857e-01 2.9072997228e-02
-5.7218281219e-02 -8.2702208603e-02 1.2429523343e-03 -6.1398473520e-02 1.0216722147e-01 7.0935150493e-02 5.6093667290e-02 -8.7809595092e-02 -2.3384769995e-01 -8.6470225930e-02 -4.3557694941e-02 6.1781109880e-02 2.8791466474e-02 2.2500766186e-01 -2.8973718963e-02 2.2743590465e-02 -5.8913051556e-03 -1.3697666094e-01 6.2243250035e-02
2.7731246901e-02 1.1150983142e-01 -5.8861645035e-02 1.0531828110e-02 2.9677401775e-02 -1.3366685840e-03 -1.5437368154e-03 -2.6807407870e-02 5.2911953644e-03 -4.2486287467e-02 -4.2751788731e-04 4.2441184761e-02 -4.1574045100e-02 6.6131665161e-02 -9.0184892629e-02 9.0943817080e-02 7.4460047626e-02 -2.1216376281e-02 1.3829791395e-01
-1.5781599328e-01 2.6665374093e-02 2.4542360012e-02 -1.1595254050e-01 -5.9900130266e-02 -1.0012940268e-01 -1.5948697176e-02 -4.2089886358e-02 1.2779312956e-01 1.7757950212e-01 -1.5106603164e-01 -3.2126528916e-02 -8.1068515265e-02 7.8818258076e-02 8.5657409429e-03 2.5946799243e-01 -6.9845796515e-02 -7.8210395852e-02 2.5874774022e-02
-5.6429619018e-02 -2.6123865302e-02 -9.0628116356e-02 -4.7333986778e-02 -1.5879596144e-02 -3.6497501709e-02 5.6125710489e-02 -1.1118201333e-02 3.1934732513e-02 -6.0324910278e-02 2.5224597601e-02 -6.6502719903e-02 -1.0063160893e-01 2.2533840297e-01 1.2377948987e-02 1.4236332549e-01 4.0195904571e-02 1.0497085104e-01 1.7663616416e-01
-4.5224387340e-02 1.5623656222e-01 -1.2663713948e-01 1.5011690933e-01 -7.5034938254e-02 1.3601159014e-01 9.0507639198e-02 8.1234254640e-02 -7.2820891218e-02 7.8394434770e-03 5.6628012676e-03 1.2136153674e-01 3.0463758294e-02 -1.6129128912e-01 -2.0796883940e-02 4.9422427369e-02 3.9041662553e-02 4.6431944902e-03 -1.8703732455e-01
4.6019111012e-02 5.2382554138e-02 -5.0842355128e-02 1.6917887256e-03 -2.8655563782e-02 2.8325739838e-02 7.6833437499e-02 3.9890469219e-02 8.4331524558e-03 1.1465033546e-03 8.5507831291e-02 6.0589033540e-02 9.2021661835e-02 9.3907537103e-02 1.6735534771e-01 3.8429342704e-03 1.5162054127e-02 5.9670640233e-02 2.9106550015e-02
1.2427241179e-01 -4.9991291962e-03 -7.1341958494e-02 3.6975182626e-02 1.3473886663e-01 1.1067698659e-01 5.2347314557e-02 2.4874515301e-02 -7.8789312254e-02 -5.8511385092e-02 1.2702500815e-01 6.5349715174e-02 -1.6082830280e-03 1.0943211135e-01 1.1214701511e-01 1.2496689591e-01 1.7955477440e-01 -4.7551244701e-02 1.1308887606e-02
