-1.1728939479e-01 8.5442797541e-03 9.7281005650e-02 -2.7897797239e-02 6.2007352260e-03 -6.9080891439e-02 -1.2537711568e-01 -1.0873329830e-01 6.5428128717e-02 -2.1541272592e-01 8.8728871757e-02 -2.6578154760e-02 6.3671479743e-02 -1.6806159943e-01 -9.5529676806e-02 3.5943297965e-02 -1.2442562853e-02 7.8233338776e-02 -8.3582964398e-03
-3.4208424317e-02 -1.5625853057e-02 -8.0666771956e-03 -1.1529330462e-02 2.8985556603e-03 -2.6134203627e-02 -2.5070402670e-02 -1.2723339652e-01 4.6440794632e-02 -4.7841086450e-02 4.9005206954e-02 8.6354343850e-02 -3.6184190637e-02 -6.1750908382e-02 -1.3886821304e-02 -1.0039877915e-01 -1.3596572098e-02 -3.5494080693e-02 8.5681407156e-02
-1.6194327609e-03 -1.4362560919e-01 -4.2935107373e-02 -7.4704257751e-02 -1.7837770892e-02 3.6239045590e-02 -9.2889328250e-02 1.8745764261e-03 -1.6668884987e-01 -1.1101846766e-01 9.7483019967e-02 -8.2799331516e-02 1.3918724963e-01 -1.3133084728e-02 5.1091832036e-02 1.2295914724e-02 1.5712519367e-02 1.6904107972e-02 -1.8246380250e-01
-1.9872928889e-02 1.8054155232e-02 -1.2648103119e-01 4.2696844383e-02 -1.1459358256e-01 7.6731782029e-04 -1.9900264545e-02 1.1237774562e-01 -9.7789540489e-02 5.5838807929e-02 -2.6389868947e-02 6.5048527125e-02 -1.5176203305e-01 9.3626676120e-02 -9.5320215878e-02 -1.5408635942e-01 -5.5060011931e-02 9.4841628745e-02 -7.7577187478e-02
2.7163968480e-01 -7.7509115317e-02 -5.1368988144e-02 1.4337779018e-01 -6.8971870408e-02 1.5038760213e-01 1.1042864525e-01 1.3218138176e-01 -1.4182676100e-01 1.0520837262e-01 -1.0735131195e-02 7.4786453396e-02 3.1414572733e-02 1.3156693001e-01 1.4870009124e-01 -4.5551229361e-02 1.4976285389e-01 6.7007920182e-02 -4.4276692181e-02
6.8350120734e-02 -7.8638800844e-02 -7.2225409453e-02 1.0890677357e-01 4.1715194746e-03 -3.4754894390e-02 2.4180148046e-01 1.5143631014e-01 -2.8461229591e-01 2.1515078321e-01 -7.7511281612e-02 1.2383640267e-01 -1.1780688631e-01 1.1629664808e-01 7.8009113355e-02 -1.1378368275e-01 6.5620417265e-02 1.2895273810e-01 8.9876812433e-03
-1.2053448266e-01 1.2958916607e-02 -7.7598677435e-02 6.1427655667e-02 6.8749737349e-02 -6.1004456946e-02 -5.9164906909e-02 4.1816676269e-02 2.3198154066e-02 1.1400592436e-01 -9.7879775684e-03 -1.4010252751e-02 6.7041106874e-03 4.5964429164e-02 -6.1241648666e-02 7.4787757046e-02 1.7798731474e-03 4.7262123056e-02 4.1672815357e-02
4.4788920074e-02 1.6252414697e-02 3.6963304731e-02 1.8373357681e-01 -9.2445843831e-03 6.2687567907e-02 1.2890152992e-01 1.9397354243e-01 -7.0648852580e-02 8.0638262680e-02 -1.2933418269e-01 1.7975933060e-01 -2.7649652103e-02 5.5556067684e-02 1.6402612074e-02 -7.3047483766e-02 1.5291270439e-01 -2.7130375220e-02 -5.7656280085e-02
-1.4672436935e-01 -5.3320653611e-02 6.7728472327e-02 -9.3212800857e-02 -9.8540713356e-02 5.8051084310e-02 -3.6718797071e-02 -1.3402074721e-01 8.8530497203e-02 -1.2590272317e-02 4.4908344969e-02 6.2257078174e-02 3.5932520992e-02 -5.8880963990e-02 -1.2357566282e-01 8.5490613207e-02 -9.0260390684e-02 -1.6844367201e-01 -4.6641125626e-02
-1.5602695033e-01 -4.1121853270e-02 1.7845264004e-02 -5.3520429246e-02 2.2809166402e-02 -1.8419393938e-03 2.9439466484e-02 -1.0112800345e-01 -2.2051358190e-03 -5.6733542997e-02 2.1473726399e-01 1.3983239273e-01 4.7019773818e-02 4.5928232000e-02 -8.9450155663e-02 8.5217402371e-02 -9.2906834235e-02 -9.0585274966e-02 -7.9979139940e-02
4.6947914162e-02 -1.4334581157e-02 4.6279028831e-02 9.4462413434e-02 -1.4415549955e-01 -4.2431983341e-02 8.0848291385e-02 -5.5011144677e-03 3.2686926230e-02 1.0084456796e-02 -3.8439596335e-02 1.1683366132e-02 2.4461810136e-02 4.1992811519e-02 -4.7561705036e-02 9.9600645746e-03 -1.7017713664e-02 5.9044982037e-02 -4.2215251086e-02
2.4844924510e-02 -4.6487771188e-02 5.5731450276e-03 -5.9115488866e-03 1.2345140947e-02 -4.2583608801e-02 8.0166528381e-03 1.9356913392e-02 6.4927770469e-03 -8.9043450276e-02 -3.0666481822e-02 -4.8303611135e-02 2.6652730621e-03 1.1243640816e-02 9.1488573969e-02 1.5418645563e-02 -1.4628174724e-03 -1.5862664592e-01 1.0270560787e-01
2.7173834294e-02 3.4378053771e-02 -7.2889210288e-03 1.1659865216e-01 -3.3700460097e-02 -1.0955963388e-01 7.8384595422e-02 8.4569636800e-02 -1.8003127586e-02 1.0031676676e-01 -2.3169056197e-02 9.6132854811e-02 8.6658182241e-02 1.2352066829e-01 -3.6200708537e-02 -3.0549095428e-02 4.6158557104e-02 -6.7599562894e-03 5.3480470203e-03
6.5466439463e-02 4.5676427639e-02 -1.2242235430e-01 -2.8597242910e-02 -5.8493596835e-02 -2.8788992062e-02 2.1567114977e-01 9.8823581211e-02 1.8258674509e-01 1.2173530659e-01 1.5439668357e-01 -1.1969427070e-01 4.5029416800e-02 1.6541739469e-01 -8.4864371918e-02 8.9964730830e-02 1.5595159844e-01 7.1842529080e-03 -1.1537598047e-01
4.0051473622e-01 1.1119190716e-01 -7.9934422706e-02 3.3254403262e-01 4.5366954914e-03 1.3418801677e-01 3.8997994113e-01 3.1828969120e-01 2.0891409488e-01 4.2704661694e-01 1.3760971379e-01 4.7008602337e-01 -3.8546492707e-01 4.1970471238e-01 4.5386845668e-01 -1.3177594098e-01 4.7401412937e-01 4.2004657094e-01 3.0831277145e-02
2.6321978811e-01 -4.8520933733e-02 -1.4059011961e-01 8.8369727708e-02 -1.3265636730e-01 -7.8110290156e-02 1.2230030798e-01 2.1341794101e-01 -1.0498357951e-01 1.5758360192e-01 4.2556979975e-02 3.8190569205e-02 -1.9608057555e-01 1.3495912451e-01 2.5613617568e-01 -8.2308076982e-02 1.9518250526e-01 4.0036694513e-02 -9.4381279294e-03
2.1292180006e-01 -6.1472498383e-02 -8.5821948840e-02 1.7164210997e-01 6.4023511442e-02 -4.0667364019e-02 1.4099749898e-01 1.3355891752e-01 -1.0288464747e-02 6.3966123757e-02 -1.0239634391e-01 7.5630509316e-02 -1.0586798870e-01 9.7142480203e-02 1.6944502810e-01 -4.0727876070e-02 1.3879478510e-01 1.6851011887e-01 8.4735036928e-02
-5.8597203124e-02 1.4033148973e-01 1.0951883200e-02 1.1081501838e-01 -5.1972843174e-02 5.3941428822e-03 -5.0464121958e-02 6.3593520386e-02 7.7007440916e-04 3.2151142749e-02 -7.9637905060e-02 -3.8723979169e-03 -1.0843648942e-01 6.2118824156e-03 4.1699278556e-02 -8.1492608402e-02 -1.0023496381e-01 4.4506571795e-02 -1.7794649314e-02
1.7113185008e-01 -6.2405370753e-02 -1.7219304286e-01 1.5557750622e-01 5.3210970227e-02 4.1331672025e-02 1.6495069462e-01 2.2390540043e-01 -2.9226363349e-02 1.0627793388e-01 -9.0853657070e-02 1.2125736509e-01 -1.4561518100e-01 9.7991739333e-02 1.2898794166e-01 -2.4960947731e-01 1.9375636774e-01 1.4751610243e-01 3.2141921029e-02
