-5.8179515857e-03 -1.6832896984e-01 3.6795045715e-01 -2.0274460905e-01 1.0023550622e-04 -3.2447672068e-01 1.9191281676e-01 -2.7385588545e-02 2.9190580593e-01 -5.4278048304e-02 -2.6959543626e-01 2.8884019309e-01 5.8747467623e-02 -3.3257376390e-02 2.7677307198e-01 -6.8803436954e-02 -1.7163025471e-01 2.8734412538e-01 2.5176502803e-01
5.9229002323e-02 2.0859387413e-01 2.6559702101e-01 3.1608415809e-01 6.2900937747e-02 9.2105145151e-02 -1.5055740415e-02 2.3648696516e-01 -9.2170460938e-02 -1.3656250871e-01 1.7194352603e-01 -2.1128120866e-01 -8.9355463853e-02 2.4238345554e-01 -1.2996120626e-02 5.0344589550e-02 1.4997113618e-01 -1.7286030130e-01 -2.5329955982e-02
-8.6255678388e-02 6.4397004990e-02 4.8413715469e-02 -7.5101722830e-02 -2.4084890742e-02 -1.6590183951e-02 6.6647116216e-02 5.6513862972e-02 7.2229882375e-02 9.1914482136e-02 -2.8208642530e-02 7.1607283501e-02 8.4860635194e-02 3.1999283609e-01 3.6961643248e-02 -6.5534496842e-02 -1.4118289427e-01 -1.9588656847e-02 2.0317563038e-01
-2.6374142844e-02 1.4820611898e-01 1.5711507760e-01 9.3220696976e-02 -5.0938153752e-02 1.6586539923e-01 1.2770420743e-02 8.6040150773e-02 2.7245040350e-02 6.8072895651e-03 1.4554031507e-01 -1.5374715310e-02 -6.3766580995e-02 1.5467712564e-01 1.0302320397e-02 -5.1584921802e-02 1.9764026943e-01 2.3025920076e-02 6.0476664584e-02
-1.2516797334e-01 2.1129472474e-01 6.8719344988e-02 1.3918539940e-01 -8.6998456029e-02 8.5710930308e-02 1.8596324186e-02 6.0346699850e-02 6.3302960620e-02 4.8170054864e-02 1.5119947253e-01 1.4163892936e-01 4.2979729264e-02 1.4667142822e-01 -1.1266779522e-01 -8.3073039744e-02 -9.7139520313e-02 -1.0612489653e-01 1.6429643634e-01
4.5560526213e-02 -5.5331595900e-02 1.3399857465e-01 -4.2700044254e-02 -3.1058746696e-02 -2.1202335599e-01 2.4871458084e-01 -5.6201341820e-02 2.5526413429e-01 4.5741828354e-02 -1.0558869655e-01 1.8423005717e-01 -2.6022959758e-02 6.8999836020e-02 2.0597916581e-01 -1.2954395537e-01 -1.4532766334e-01 2.0929638951e-01 2.0006220772e-01
6.4155775451e-02 -4.7409371842e-02 -1.2135662038e-01 3.8263183897e-02 -6.2455224028e-02 6.6510331947e-03 3.4370855466e-02 -2.0234683712e-02 -9.1318529209e-02 -5.8235844521e-02 -3.0851039055e-02 -8.1733885199e-02 -3.8153477791e-02 -1.8737543330e-02 9.8238623408e-02 4.2219341783e-02 -5.5681068539e-02 2.2351055385e-02 1.6478599411e-02
-1.2693144434e-02 7.7143105473e-02 9.0299131777e-02 -5.9980943430e-02 2.0619432075e-02 -1.9854683678e-02 -6.6840738610e-03 -6.2027290046e-02 1.6714716517e-01 -1.0871659841e-01 4.5320725064e-02 -2.7049774467e-02 4.1843708213e-02 1.0235166390e-01 5.6773253323e-02 -7.0171270037e-03 3.4032858298e-02 1.7184142745e-02 8.4191958522e-02
6.1551598569e-02 -4.4617343914e-02 5.9764944067e-02 -1.7873471783e-01 1.3790280786e-01 -7.2042093546e-02 7.8811105868e-02 -5.0828043523e-02 9.8868947817e-02 4.6527997542e-02 3.4676271608e-03 6.5807257532e-02 5.5064879905e-02 1.9353408302e-01 1.0206186390e-01 -1.0931432211e-01 -1.8901433329e-02 2.0535152513e-01 2.2450279983e-01
4.8894835877e-03 -2.3776968194e-02 -3.5681970291e-02 1.4891814693e-02 -9.7015909381e-02 -1.3095202662e-01 -1.4656161932e-02 8.2431929113e-02 -3.1095223931e-02 1.3061318012e-01 7.8107147400e-02 -1.0228991544e-01 -1.8286975392e-02 -7.5569804629e-02 1.7203083506e-01 5.1580327053e-02 1.2154530486e-01 -2.4293666727e-02 -2.1823330745e-03
-1.7969554023e-01 1.6886101449e-02 8.4929947520e-02 3.5363470413e-02 1.1778355676e-01 -1.4218378884e-02 1.3712460273e-02 -5.0692540070e-02 9.8940242370e-02 -7.3994365153e-02 -1.1026722718e-01 8.5989041356e-02 -1.7222968041e-01 9.4961759509e-02 5.5477944729e-02 4.2581779240e-02 -3.8779806103e-02 1.5637698973e-01 2.3237364665e-01
6.4080254078e-03 9.0818194055e-02 1.8483190143e-01 1.4480400436e-01 -4.1474462283e-02 1.9794646989e-01 -1.2018958341e-01 1.9474900674e-01 -3.6695687696e-02 -1.3889291234e-01 2.2327465624e-01 -1.5885335901e-01 2.8670442189e-02 1.9928315725e-01 -1.8705498441e-01 2.1025342776e-03 9.3158111374e-02 -1.2259019274e-01 -3.1040750505e-02
4.8048498659e-02 6.4989219184e-02 1.4100667250e-02 4.1017310419e-04 3.8324253585e-02 -8.8109919154e-02 4.9262166402e-02 -8.0544031225e-02 -1.1995387685e-01 -3.8870185601e-03 4.0351766397e-02 -6.0559172208e-02 -5.2827905356e-02 -6.3912655551e-02 -2.0215207728e-02 6.3580375216e-02 7.9256435374e-02 2.8565251528e-02 -7.8458197497e-02
-6.8284967367e-02 9.3747139998e-02 1.4924611220e-01 -5.9924479208e-02 -1.1581809385e-01 -1.0287872125e-01 4.3243035183e-03 8.5212983394e-02 9.0479237472e-02 -1.1602753368e-01 -1.9204208692e-02 9.0773729656e-02 7.0966033673e-02 6.4291498630e-02 4.4561691335e-02 -4.7076645062e-02 -8.2501649123e-02 1.8497355446e-01 1.9468176435e-01
-3.4090332898e-02 1.7994463008e-01 1.1092223320e-01 6.6625866060e-02 -7.4932934172e-02 3.8688666072e-02 -6.2324016511e-02 1.9377044540e-01 -4.8214804361e-02 3.4053041925e-02 2.2831142474e-01 -1.1781680705e-01 4.9342594224e-02 2.4284659617e-01 -7.4620974978e-02 2.7552419918e-02 1.2525134190e-01 -1.6653660475e-01 -9.3118655164e-02
6.0687190180e-02 6.8629360965e-02 4.4043616086e-02 4.3425096245e-02 1.9378551185e-02 4.9206507489e-02 -7.6111409147e-02 3.0850485365e-02 -7.2303299372e-03 -7.4815622700e-02 1.0640582694e-01 8.9375166847e-04 -5.4424890991e-02 1.4858283750e-01 -1.0129189123e-02 -8.9063953517e-02 1.0524431764e-01 -1.6470752261e-02 2.7160838314e-02
3.1647451035e-02 -3.2245206851e-02 1.2997194581e-01 -2.8356941024e-03 -8.8332741570e-02 5.9682797748e-02 5.9443428493e-02 4.9175086948e-02 1.5697494541e-01 -8.5208626780e-02 -8.8238209747e-02 1.5549829471e-01 -4.1082048136e-02 1.8617868110e-01 1.1199262210e-01 1.7840683171e-02 9.8987438789e-04 -1.3382071627e-02 2.7090376907e-02
-2.7499675950e-02 1.0371063426e-01 1.2965828271e-01 -2.1568869340e-02 -6.1618472816e-02 -3.8003271736e-02 1.3075383669e-01 -8.5391527071e-02 7.0319592600e-02 3.5456587048e-02 8.0160376792e-03 1.9838287418e-01 -1.0013282823e-01 3.7106831921e-02 1.4879291146e-01 -1.3709867244e-01 -1.5151240813e-01 6.7514021400e-02 1.7631942305e-01
-5.3282153978e-03 -6.7904897529e-02 7.6416105476e-02 1.2049696451e-01 1.0481371394e-01 -1.0913180069e-01 5.9164141516e-02 -1.8815344285e-02 1.2973782480e-01 3.5634707520e-02 -1.4321252402e-02 3.6728487399e-02 -1.0101026469e-01 1.4850342014e-01 7.8684984702e-02 -1.3750576007e-02 -9.8642876136e-02 1.1077246513e-01 7.2438710818e-02
