1.3486375994e-01 -2.3687005642e-02 -4.4923005786e-02 -5.3631785348e-02 -6.1036714488e-02 -8.1825665743e-03 1.0811591359e-03 -2.5160561099e-02 2.4177915829e-01 3.5360349090e-02 -3.6326305190e-02 -3.3900293386e-02 -9.3397685829e-02 1.3472598443e-02 -1.9854961952e-03 7.3790927047e-02 1.2501253952e-01 -1.1207225093e-01 1.3427988238e-01
4.8811326546e-02 -6.4641861974e-02 -1.4856294352e-02 -1.6640726174e-01 2.9567932965e-02 -1.2544550668e-01 8.8120434584e-02 1.0690099484e-01 3.9411191555e-02 1.4957299418e-01 4.5519948697e-02 -1.4557213747e-02 8.7302029390e-02 1.4545370740e-02 -1.1248008501e-01 -6.7584078113e-03 4.7766715384e-02 -1.2149838468e-01 1.9181401729e-01
-5.2887022168e-02 -4.0538589835e-02 -6.0097532584e-02 -3.5956711783e-02 -8.2996138258e-02 9.8706083888e-02 3.4386811385e-02 -2.0950015197e-02 -4.9737070245e-02 -4.0813509557e-02 -2.1418465129e-02 5.8867259052e-02 -2.9643830500e-03 6.6421184902e-03 -1.1846720465e-03 -1.3186828082e-01 -2.7201589118e-02 9.8935648738e-02 -5.8811061041e-02
-9.6734440159e-02 4.2476945773e-02 -2.7375285601e-02 -2.6588701344e-02 2.6634602229e-02 -3.5299974628e-02 4.5708218519e-02 -1.1478098654e-01 -2.5634655943e-02 -1.5109753912e-01 -4.8112407579e-02 -7.5963750711e-02 8.1130677879e-02 3.8704010434e-04 1.9630967894e-05 1.0800743555e-02 8.8441210976e-03 1.1092290324e-01 -1.7471490403e-03
3.2678480511e-01 -2.8669293046e-01 -1.3242288426e-01 -1.4537088484e-01 -1.3304741524e-02 -2.4036957051e-01 3.8194905505e-01 3.0521292125e-01 3.9922153677e-01 3.3264890903e-01 -7.4275668612e-02 -9.6825028366e-02 -5.9539044175e-02 1.0156280955e-02 1.3256633465e-01 -3.6564168193e-01 3.4546657113e-01 -2.4932776467e-01 2.5502016203e-01
-5.1299019297e-02 2.3579539850e-02 2.6148090010e-02 2.9809451318e-02 -3.5357488111e-02 1.0267924405e-01 3.7414004855e-02 5.3858628454e-03 -5.4987075256e-02 -3.8601694632e-03 1.9888153762e-02 8.5119716627e-02 7.5925200289e-02 1.1344707477e-01 9.3797581561e-02 -1.3582008427e-03 -9.0031254161e-02 6.2585855328e-02 2.2719099474e-02
8.1532255224e-02 2.0471135919e-02 5.4839226936e-02 -4.0769473945e-02 -5.8575087744e-03 -1.2033911713e-02 5.4191149150e-02 -4.9742410340e-02 1.4334671140e-02 -2.4625214990e-02 -1.0097709094e-02 -5.1671435125e-02 5.0638072394e-02 -7.1587340517e-02 -1.6779931550e-01 -1.5126593054e-03 -1.6917144089e-02 2.6476390803e-02 4.4782648767e-02
8.9870266477e-02 -1.4824344053e-02 4.9717022236e-02 -3.4331057923e-02 3.5852129429e-02 2.8930504844e-02 -2.6398611965e-02 2.2910630402e-02 -8.4852001820e-02 1.6218804941e-02 -2.3852755068e-03 2.8173605837e-02 9.8200997666e-03 3.3030219189e-02 1.0067956213e-01 -9.6840185945e-02 -1.8130505109e-02 2.2505028864e-02 -7.8337128940e-02
-1.0604470117e-01 1.4641330448e-01 -5.0397938887e-02 5.7369563578e-02 3.1705595443e-02 1.4961908147e-01 -2.1203884381e-01 -1.4599523045e-01 -1.3400697705e-01 -8.5408398206e-02 5.0749080313e-02 1.3919526237e-01 3.5770991207e-02 -5.5584263786e-03 1.5519996579e-02 3.2279552315e-01 -1.6614475639e-01 -8.9087209117e-02 -4.6499362336e-02
-2.1185459036e-01 2.1496981076e-01 4.3072956546e-02 -6.0440070936e-02 7.4429018981e-02 2.3844452514e-01 -1.0810002117e-01 -3.2464299847e-01 -1.6221430897e-01 -3.0832613559e-02 6.7737088603e-02 1.3910066366e-01 1.8835001107e-02 9.7303529846e-03 -6.0149692205e-02 2.4185053305e-01 -1.9977864804e-01 -8.0618901022e-02 -2.3154416111e-01
1.0480132180e-01 -9.3663125495e-02 1.7582206871e-02 7.5154771362e-02 9.6441192504e-03 -1.4487847794e-01 1.4765246769e-01 1.2959876525e-01 1.4474030611e-01 1.7732179613e-01 8.0675063780e-02 -1.5317884871e-01 -2.6090519373e-02 6.9318305544e-03 2.1690605446e-02 -8.0628441456e-02 3.4030360507e-02 -1.1186409337e-01 1.0852163602e-01
-3.7098194551e-02 -7.1861266618e-02 3.7119110742e-02 1.8681537669e-02 9.6866719215e-02 1.2841242345e-01 4.9217567484e-02 -1.6625646256e-02 2.9584528830e-02 -5.1669869111e-02 4.2044813757e-02 -3.0139104854e-02 4.4358809808e-02 -4.1130366126e-02 -2.7488446644e-02 7.3895505734e-02 -6.1550136674e-02 3.2322603030e-02 -9.3721115452e-02
7.1416298825e-02 -1.2533963489e-01 -1.0774661409e-01 -2.5182962677e-03 -6.2861857915e-02 -4.3751890240e-02 1.7181739518e-01 1.8462639897e-01 5.8547162268e-02 -3.0074584922e-03 6.5868444138e-02 -5.2513374023e-03 -8.1890405506e-03 1.8112757592e-02 6.2637104249e-02 -9.7820010374e-02 1.8922170208e-01 -1.2003521761e-01 1.8992425114e-01
-1.9984491215e-01 2.1882253261e-01 4.6741130028e-02 6.7427800822e-03 -7.8817926838e-02 2.4416413601e-01 -1.8836502423e-01 -1.5592372288e-01 -1.8458235963e-01 -2.8921467220e-01 4.5020123735e-03 2.4905719652e-01 -6.2874535611e-02 -3.9557224398e-02 5.0783977680e-02 2.4033142126e-01 -2.8046114871e-01 -1.0472859954e-01 -3.5737419237e-02
-1.0894198729e-01 3.1570761686e-02 -6.5877815757e-02 -9.0891122209e-02 9.8941942828e-02 6.5032548449e-02 2.3446651709e-02 5.0822209412e-03 4.9488420236e-02 9.1007407396e-03 5.8296588295e-02 -9.4359948844e-02 9.5691563042e-02 -3.4636878118e-02 4.5046115920e-02 4.0487670459e-02 -7.2770996960e-02 -5.3643464522e-02 8.5203385957e-02
9.4003532925e-02 -2.6074482325e-02 -3.9063763688e-02 -7.1253697848e-03 -5.5341558845e-03 -7.0856330943e-02 7.1884120385e-02 1.1818460396e-01 1.1988634490e-01 1.0760043924e-02 -7.4064719459e-02 -7.4550606194e-02 -6.8660124329e-02 -3.8877998879e-02 -6.7747352993e-02 -7.8497801179e-03 1.1780903082e-01 -1.8201761403e-01 1.4226256486e-01
-3.5205252822e-02 -2.2148935304e-02 -7.2560237713e-02 2.2982123574e-02 8.7922363970e-03 -4.9056535302e-02 1.0827513687e-01 1.6556061577e-02 -6.0865672740e-02 -1.2362325859e-01 8.1806808237e-03 7.2718452395e-02 4.2267007725e-02 -6.1525585682e-03 8.2325274165e-02 5.5307015654e-03 3.1585775746e-02 -5.7867040278e-02 6.7364467319e-02
5.4996556858e-02 8.8846024843e-03 -1.4081633182e-02 1.5430594319e-02 3.2741108793e-02 -5.3874653053e-02 7.0258451840e-03 5.6966962216e-02 7.0654141541e-02 1.1686867603e-01 4.9459204479e-02 4.6192298414e-02 2.1085316813e-02 4.3687739287e-02 1.0193193798e-02 -1.3459196319e-01 -6.9739222581e-02 -2.0480872671e-01 1.6744926220e-01
-1.4262353181e-02 9.6422089897e-02 -4.9960591913e-02 1.5489203409e-02 7.7570667111e-02 6.0101700747e-02 -4.5712574398e-03 -9.3301120773e-02 -2.5189924203e-02 5.1489366459e-02 7.9870334989e-02 3.7735536798e-02 -9.3458626799e-02 4.9765003455e-03 -1.0165563986e-01 2.7518800278e-02 8.2255791778e-02 -6.6103718783e-02 7.7139017901e-02
