7.9639287561e-02 -3.1817251005e-03 6.6345707683e-02 -6.3179363217e-03 -3.0199050121e-03 1.0565089887e-01 6.0388132848e-02 -7.8943895174e-04 6.5862261681e-02 7.4284813043e-02 7.6296863976e-02
-5.7300390442e-03 8.6606612129e-03 4.0216979149e-03 -8.5885660644e-03 2.5892094089e-03 2.8340014183e-03 3.7988465956e-03 -8.5241967164e-03 -2.1728546152e-03 8.9302382803e-03 -2.5315450299e-03
-5.3509189514e-01 8.2727095207e-04 -5.4752214402e-01 5.4013554895e-01 1.4052314658e-03 -4.4846899782e-01 -5.5144282626e-01 5.3441500982e-03 -5.4174895692e-01 -5.3565936992e-01 -5.5117543309e-01
5.5282784883e-01 2.9593563604e-03 4.9998739052e-01 -4.5585389541e-01 -1.1911788361e-03 5.0839069911e-01 5.1748660872e-01 -6.2471903918e-03 5.2497001888e-01 5.0760464564e-01 5.0861908666e-01
-3.2223188888e-02 -3.4207122639e-03 -2.1110591938e-02 6.2468406138e-02 5.5757376660e-03 4.9326244833e-02 -3.8628047654e-02 -2.2736871975e-03 -4.1378511765e-02 -3.4382887651e-02 -7.6603922638e-03
7.7998667494e-02 1.4922566158e-03 9.7235619296e-02 -2.6021246071e-02 -1.2282795689e-02 1.2500256717e-01 8.5269340294e-02 -9.2275158768e-03 7.8633811892e-02 9.8495234235e-02 9.5926717853e-02
1.1853943185e+00 -7.3556282438e-04 1.0407310281e+00 1.7164327131e-01 -4.2199673292e-03 1.0685384962e+00 1.0574132078e+00 4.6981881866e-03 1.0949163577e+00 1.0501726692e+00 1.0395595434e+00
8.0605599132e-02 1.6950728286e-03 6.2188038040e-02 -1.0327535738e-02 -1.0011762303e-03 1.0599569385e-01 6.7305012195e-02 -8.7010192415e-03 8.1452414160e-02 7.3111092248e-02 6.8625463975e-02
4.4257299734e-02 2.1054351335e-03 5.7882381337e-02 1.2366938698e-02 1.4400303331e-03 8.7879928493e-02 4.4767828309e-02 3.4339795464e-03 4.0462432546e-02 4.5056892093e-02 5.5902781073e-02
-3.7814831217e-01 -1.5788086929e-03 -3.9101631015e-01 3.9541347494e-01 1.3784005316e-03 -3.0636460181e-01 -3.9376057506e-01 -4.1830487027e-04 -3.8977242792e-01 -3.9674853004e-01 -3.8898171611e-01
6.9040594377e-02 -8.0627579627e-03 5.4886376054e-02 2.4355314615e-02 1.0678352134e-02 8.9101658417e-02 4.5038635134e-02 -4.7672356738e-03 5.4813486571e-02 5.7189957255e-02 4.5103430055e-02
