-9.7482177529e-02 -7.1844976963e-02 -1.8168595614e-01 7.0569586322e-02 3.3999380125e-01 1.5384629799e-01 -2.0176010521e-01 -2.1243267784e-02 1.2491432210e-01 8.3112229917e-02 -1.1405554703e-01 -6.7612396893e-03 2.0332191670e-01 4.2437534621e-02 2.7078036340e-01 -1.4311243879e-01 1.4982065627e-01 2.6618506161e-01 -2.8257437606e-01 -2.3628204064e-01 -3.6392387040e-01
-1.5894382837e-01 -8.3111914220e-02 4.2385703134e-02 -2.7198097819e-02 -1.0432384368e-01 3.3275748320e-01 5.8681014442e-01 -3.9521670112e-02 -1.4926864835e-01 7.6841891786e-02 6.4549132296e-01 -1.7723014112e-01 -4.7496780400e-01 -4.9536898679e-01 -2.9461536790e-01 -4.9272297608e-01 -1.0836182952e-01 4.0633284783e-01 -4.5275303166e-01 6.2104581228e-01 7.5309359503e-02
2.4660164242e-01 7.6377112898e-02 4.0914865906e-01 1.2112028659e-01 3.7644247945e-01 -1.0671308766e-01 -3.7137979028e-01 -2.1510270645e-01 3.2682131205e-01 4.9147668340e-01 9.3257402305e-02 7.9192419863e-02 -1.2908429091e-01 -4.0633982395e-02 1.1245450203e-01 5.3853943608e-02 7.5743130742e-02 -3.7544297784e-02 2.8697221269e-01 -6.5926927683e-02 -2.5703342146e-01
-1.6987254717e-01 1.2427477172e-01 -4.3376348028e-02 4.7009556034e-02 -1.8210257422e-01 1.9531648139e-01 -1.7196866253e-01 4.0313924922e-01 -1.6080574483e-01 1.7996510246e-01 -6.0257827463e-02 -3.6482527364e-01 2.7537538952e-01 4.2137537362e-01 6.1488209410e-02 -7.6856958172e-02 -1.9058743689e-01 4.3851008791e-02 9.4573741314e-02 -2.3203120125e-01 1.4616803874e-01
1.9542449678e-01 -7.7026534876e-02 3.1796857503e-01 -5.1109645486e-02 -3.6910490770e-01 -5.8088052646e-02 -3.7136006669e-01 3.1827981444e-01 -6.2549452825e-01 -2.6168136738e-01 -1.9143792749e-01 -3.6956587672e-01 1.2651750072e-01 4.0733365209e-01 3.1568406419e-02 -2.6442628363e-01 1.0902217984e-01 -3.0631268107e-02 4.7275669691e-01 -9.4214420431e-02 7.7698810856e-02
7.8729905097e-01 2.3488213686e-01 -1.2858673149e-01 -8.2035369530e-02 1.3158414536e-01 -3.6991051276e-01 2.0692526549e-01 4.5570403250e-01 -2.1670663670e-02 2.0197310449e-01 5.7849993800e-01 6.4544442790e-01 2.2631232436e-01 2.6506094024e-01 2.9975900867e-01 2.9499196292e-01 1.6114461488e-01 -2.7800182566e-01 1.9447761927e-01 1.8120786143e-01 1.4948985319e-01
1.3010943310e-01 3.9012185141e-02 -3.9513584269e-02 -1.5322238663e-01 2.8435776508e-01 1.1237960496e-01 4.0755980338e-01 -1.0722732811e-01 -4.2992656924e-01 4.6304092952e-01 -3.7853825148e-01 2.4652232510e-01 -2.6751309625e-02 -2.7305504138e-01 6.0829776323e-02 5.8345743619e-02 7.6384521514e-03 3.2967410050e-01 -3.4684236811e-01 -4.1929630523e-01 -2.5498900249e-01
4.0745832575e-01 4.0970577021e-02 -1.8212712454e-01 -5.8448316689e-02 2.1311186746e-01 3.6709081650e-01 1.5934106692e-01 1.6516964338e-01 1.5690568823e-01 -2.3111183944e-01 3.1235795051e-01 2.2139444504e-01 -2.4317380600e-01 -1.1260801927e-01 -5.9910915940e-03 3.3013399672e-01 2.8484936259e-01 -7.4868103198e-02 -9.3717200489e-02 -3.5434488844e-01 -1.2157010034e-01
-2.3481673841e-01 1.6870841520e-01 -1.0393343180e-01 -2.1294691213e-02 8.1336143788e-02 2.9179839005e-01 -9.1438823969e-01 -1.3142724837e-01 1.2477200965e-01 -1.3269588202e-01 3.4733046135e-01 4.0914980581e-02 2.3405573808e-01 1.7329318138e-01 -4.5146109355e-01 -1.5465045039e-01 -1.8474707909e-01 -1.4922625298e-01 -3.0325602535e-01 4.7581951601e-01 -3.1024160447e-01
-1.5650977728e-01 3.1517437172e-01 1.5299621259e-01 2.2554882803e-01 5.4136874108e-02 -3.0930013004e-01 -1.2007215458e-01 2.3158812879e-01 -1.7994101742e-01 -9.5773894694e-02 -2.8978626841e-01 -2.3620715124e-01 1.6446625937e-01 3.3694681998e-01 1.9199206427e-01 -1.2548574210e-01 -1.6664294886e-02 9.0113704173e-02 -3.3011035033e-02 -1.5946531575e-01 -8.7422419674e-02
1.1194296552e-01 -9.1493749984e-02 2.3009712552e-01 -3.8856215694e-01 3.5908333727e-02 -1.7607607339e-01 9.4961360356e-03 2.6913719670e-01 -7.5833175191e-02 1.0559537156e-01 -2.6788838941e-01 -5.8652790963e-02 -7.9198922034e-02 -2.7290091450e-01 4.2088191974e-02 -1.7544136127e-01 1.2799238164e-01 -2.6865415125e-01 -4.6098136730e-01 -9.7158892103e-02 -3.1157376148e-01
-4.5080897478e-01 3.1143355110e-02 1.4876955662e-01 1.1888338395e-01 1.9781657420e-02 -8.2923217192e-02 1.1338862678e-01 2.0877400622e-01 4.9779994790e-02 -4.5720397570e-01 2.0133501946e-01 -2.1975978928e-01 3.7712590146e-01 2.0519947423e-01 6.1322428971e-01 -1.4085505173e-01 1.8225526643e-01 -3.2145544778e-02 1.0257970107e-01 5.4888614140e-02 -1.5004999105e-01
-9.7874956843e-02 1.4476653060e-01 -2.1610483175e-01 -9.9017284414e-02 -2.6402308996e-01 -4.6266122868e-01 9.5059329337e-02 9.5680988368e-02 2.8455411845e-01 -5.8532320619e-01 4.4080030321e-02 7.5320665167e-03 -1.3483170462e-01 -7.1726018219e-02 -5.7499150580e-03 3.2482674325e-01 2.7012452920e-02 -3.5778775427e-01 -1.2991178986e-01 4.4212032407e-01 -6.5757407837e-02
2.1159181125e-01 -4.3191973148e-02 -3.6550039690e-01 1.9303691831e-01 2.2738639788e-01 6.2576418233e-02 -1.2254382882e-01 -5.2611193087e-01 -5.7454571838e-02 1.0760262649e-01 6.0824296528e-01 2.8641786933e-01 -2.2517786185e-01 -2.7435159872e-01 -4.0152745211e-01 4.9906549637e-01 7.3927859282e-02 8.5817183450e-02 -2.8537136750e-02 -3.7509159284e-01 2.0341856474e-01
3.0085954703e-01 2.2525007885e-01 -2.5606163310e-01 4.2297076296e-02 5.0604715223e-01 3.0406534159e-01 1.0652073003e-01 -1.3904835719e-01 1.5407885996e-01 -5.1060796261e-01 -7.4451008405e-03 -1.5933545320e-01 -3.2663178486e-01 3.3584157730e-01 -1.4501084475e-01 -1.4055799800e-01 8.8543464706e-02 -2.0718228301e-01 -1.1120318599e-01 -2.9585262550e-01 1.3365831535e-02
6.6994475763e-02 2.1723754682e-01 8.4636412817e-02 -9.9393572934e-02 3.2086748272e-02 -1.5350571185e-02 -1.8442408835e-01 -1.5778050043e-01 -2.1115773521e-02 1.6733024450e-01 9.6041422716e-03 -1.5884878573e-02 2.4267626830e-02 -7.0130717451e-02 -2.1051708683e-01 4.5864229651e-02 -1.3546125448e-01 -1.1929995977e-01 -4.2013457702e-01 4.6795171835e-02 -3.0374942945e-01
6.2237305883e-01 3.0853107648e-02 7.5960733769e-02 -3.6692523760e-02 -1.3032843778e-01 -2.6667471754e-01 7.2605878408e-01 -1.3978461358e-02 -4.5950057325e-01 -7.2112285780e-01 -4.8782164440e-01 -1.8036315088e-01 -9.0704156152e-02 4.1049597419e-01 3.3472969707e-01 -3.1105767663e-01 -1.6292725534e-01 4.8544753782e-01 2.4457800707e-01 -1.9416417090e-01 6.0512885931e-01
5.5850565129e-01 1.8128344180e-01 -2.6187853135e-01 5.6832650061e-02 -3.1317621204e-01 5.9690418795e-02 1.5612554326e-01 -1.5170605763e-01 1.8181886912e-01 -9.8794845704e-02 1.9701848719e-01 1.8357091421e-01 -7.8525569188e-02 -1.1893906550e-01 -9.1287591229e-02 3.6173953295e-01 3.9630648596e-01 -6.2307063512e-01 -3.0292717497e-01 3.1658281318e-01 5.3340827138e-01
4.8945015421e-01 2.4526089852e-02 -3.3204355327e-01 -4.1226132782e-02 -5.7832230579e-01 -4.7714026683e-01 1.1548146762e+00 6.6332960288e-01 4.3516166260e-01 7.1186546239e-01 5.8290410546e-01 6.2781775196e-01 2.9624755479e-01 6.5735060648e-01 3.1180556723e-01 5.5521728543e-01 1.7508179863e-01 -3.4364518449e-01 -6.2380413771e-01 -2.6710719964e-01 6.7899900024e-01
8.1235630774e-01 9.4025957422e-02 -5.0053469584e-01 6.4264796288e-02 -1.4332490536e-01 -9.9001870647e-02 -3.8347787007e-01 4.2100904913e-01 1.7786662311e-01 3.5789428714e-01 -6.2788112307e-02 5.2938478984e-01 -2.1420864334e-02 3.2854706042e-01 -7.9785940364e-02 1.3410768415e-01 1.8482269675e-01 7.8533127165e-02 1.2391545441e-01 -3.6909075333e-01 1.4193494619e-01
5.1374613838e-02 -2.9168675516e-02 1.8110053949e-01 -1.0460165498e-02 -3.6890489924e-01 -6.0185094075e-02 7.4527122512e-02 2.3101450587e-01 2.8672835643e-02 4.1404703720e-02 4.8411821305e-02 -1.1058712444e-01 3.0622835652e-02 8.1980221024e-02 -1.6174945687e-01 6.9869319571e-02 3.0709400862e-02 3.3400990139e-01 4.0408945295e-01 2.7590691256e-01 2.0938323204e-01
