-3.8803814131e-01 -3.5776891905e-01 -3.5796213121e-02 1.9377236517e-01 -2.8293244883e-01 -8.0020948392e-02 3.7598440222e-01 1.1234944576e-01 1.9013424466e-01 6.9182599532e-02
1.6459015741e-01 3.0450864487e-01 -3.1584806129e-01 -6.4526806536e-01 2.9832105219e-01 7.5075637625e-02 -4.3001699174e-01 3.8565352008e-02 -2.0337313873e-01 3.3767985512e-01
-1.9427265970e-02 -1.0475818584e-01 -6.7579927827e-01 -5.4336737338e-01 -3.7399950896e-01 5.3439404550e-01 2.7406120701e-01 5.5576413876e-02 -1.8198275968e-01 4.5844035614e-01
6.6507197495e-01 4.4840290738e-01 -1.0660356302e-01 4.9200096786e-02 4.8961492651e-01 -4.5342141845e-01 1.9024318062e-01 8.9486201352e-01 -2.2888222464e-02 7.3571904165e-01
-3.4552823322e-01 -6.3745393396e-01 3.2023080760e-01 -6.2086660299e-03 4.1826927962e-01 -3.6543441599e-01 2.3839367769e-01 -8.5610407136e-02 -2.5639351879e-01 -1.2471703410e-01
-8.6788765082e-02 -6.5872876218e-01 -3.4323559754e-02 -4.8311740453e-01 -4.8422873002e-01 -1.7061798907e-01 -7.2214291763e-01 -7.4800288670e-01 -5.7652116180e-01 2.0501848540e-01
2.7338842857e-01 4.4127370665e-01 7.6912153243e-02 -8.6239484089e-01 1.2085387823e-02 -2.3525752504e-02 -1.7396661017e-01 8.7552029406e-01 1.3335777461e-01 5.0618330533e-02
-1.3393354625e-01 -1.6138940954e-01 -4.4901661411e-01 4.1034220369e-01 3.2006335490e-02 8.7386558594e-02 1.4490514251e-01 4.1622403865e-02 -3.1870008249e-01 -4.3043120543e-01
-1.4932433912e-01 5.0116907952e-01 7.0180442507e-01 -1.5303848415e-02 1.2497568878e-01 8.0038259771e-01 -1.0675504460e+00 -5.6104355955e-01 -5.3534338768e-01 2.5742541383e-01
1.6627056995e-01 -1.2488208711e-01 -5.8668883733e-01 1.8526186391e-01 1.8839511713e-01 7.2269581844e-01 -4.4245455041e-01 3.1231645470e-01 -1.6490043538e-01 7.4428000953e-01
