-3.4838035588e-01 -1.7137250381e-01 -1.4170560930e-01 -9.3554901057e-02 4.3268335303e-01 7.4357874001e-01 1.4990384689e-01 4.3998877459e-02 5.8539968051e-02 7.3894490576e-03
-8.6525576855e-02 -6.3424152386e-01 -2.3933888014e-01 -4.0478507474e-02 -3.8603568491e-02 6.5538758819e-02 3.8570193407e-01 5.6143503789e-02 -4.7260712204e-01 2.8426319072e-02
4.6951901376e-01 9.0973162021e-01 -2.3904410998e-01 -9.0720860066e-02 1.1530480993e-01 -6.4748332631e-01 -1.9181971432e-01 -5.1868963983e-01 -5.3001097402e-01 -3.7345108179e-01
3.3858933930e-01 2.2149301500e-01 3.3188871024e-01 -2.2521993307e-02 -3.3059675481e-01 4.2168161895e-01 -1.2066932043e-01 5.8305939717e-01 -4.6206072430e-01 -3.3824576519e-01
-6.8538569562e-01 -5.3059092994e-01 -3.6640707220e-01 -8.1185923615e-01 -3.2862649816e-01 -5.8502193106e-01 4.4739732141e-02 -4.1857107974e-01 7.4606724827e-01 8.8128041870e-02
1.6923127836e-02 -4.5187937753e-01 -3.3555425335e-01 -4.9167134896e-01 -1.5215287706e-01 3.0832115925e-01 6.6096415638e-01 -2.3222734750e-01 3.3828184311e-01 -1.5400640135e-01
-8.2831211017e-02 -1.9404602020e-01 4.1534750334e-01 2.5511606562e-01 -2.8180001458e-01 6.7784193003e-02 -1.8794684332e-01 6.1167949417e-01 -2.9673636718e-01 -2.5718131608e-01
2.1804512751e-01 -5.7885721185e-01 -6.1531216483e-01 3.8315052835e-01 -2.9320224418e-01 -1.0258932491e-01 5.7366942752e-01 -1.1004858728e+00 3.8390445696e-01 -3.9203056232e-01
-4.8488557294e-01 3.0089933689e-01 3.4675689891e-02 -7.1057223577e-02 1.7033238342e-04 1.6760185342e-01 1.3642435124e-01 -2.3737819497e-02 -2.9586586518e-01 1.2017988188e-02
-6.4840830799e-02 2.0184408606e-01 5.4882413348e-01 5.9656772790e-01 4.8768202541e-01 -2.9622482202e-01 -3.4053741330e-02 -2.5709643353e-01 -1.2061612824e-01 4.1204534900e-01
