-6.1824346566e-01 -5.5659103867e-01 4.4564739358e-01 1.5033299804e-01 -3.2361674420e-01 5.5300920303e-01 -3.9306772179e-01 5.5465902967e-01 -2.2756818832e-01 8.2035735200e-01
-2.0030025634e-01 1.0382438737e+00 -5.0953140848e-01 -4.7431336369e-02 1.0280169756e-01 -4.1377614255e-01 -3.7210935122e-01 9.2349110635e-02 -1.0635054808e-01 -7.7975585411e-01
1.6268187621e-01 -6.0498716772e-01 -6.2352010223e-01 8.4691416098e-01 -1.4385808598e-01 6.4434336557e-01 2.2335317705e-01 4.2392959899e-02 2.7164542907e-01 5.5339536452e-01
1.0195985045e-01 -5.5464905408e-02 1.4632404098e-02 -6.2099523605e-01 -1.2562925937e-01 -2.2358283014e-01 -1.9576621473e-01 -1.3905835507e-01 -2.9729543351e-01 6.7645904671e-02
-1.1966699691e-01 4.2119190311e-01 -9.9823581065e-02 -5.2702325793e-01 -2.9331600405e-01 -7.8941124503e-02 2.2891161359e-01 2.3549383495e-01 1.7444914361e-01 -4.2784754442e-01
1.1293023344e-01 -1.5184921957e-01 2.2805043763e-01 -4.4936793723e-01 -4.0118167976e-01 -9.5754629827e-01 -6.3202868393e-01 -3.0127297915e-01 -9.0667376101e-01 -5.6390454357e-02
-5.2035969753e-01 1.9956767816e-01 1.0167080543e-01 7.0709627378e-01 3.9192695743e-01 4.1446511961e-01 1.9670160420e-01 -2.3943911321e-01 -2.2976820318e-01 4.3707808599e-01
1.0188531487e-01 -2.3663694976e-02 -7.5301205622e-01 3.9865714799e-01 3.6868420665e-01 -2.3546031691e-01 1.4831926473e-01 4.2748876298e-01 -5.1380277524e-01 -1.2078843234e-01
-6.5027743427e-02 4.4953662586e-01 1.2408776023e-01 -7.9458334087e-01 2.2020382671e-01 4.6362552558e-02 -2.3143096010e-01 -5.0097992961e-01 -1.6643216225e-01 4.7532965142e-01
1.4376457609e-01 -5.9689764663e-01 1.8195971420e-01 2.9520884946e-01 -2.7034645232e-01 3.0669977972e-02 1.0852157133e+00 -4.5527807571e-01 -2.2025809095e-01 7.0507418606e-02
