-1.8076998160e-01 2.9170195439e-01 -4.7335985608e-03 2.9982000170e-01 6.7399874589e-01 -5.4831566773e-01 -9.4468769924e-01 -1.6469428229e-01 3.0068173272e-01 3.7714034625e-01
-3.8789785359e-02 8.9987488672e-01 -1.8056675494e-01 5.9740922578e-01 7.9759516621e-01 1.4164926345e-01 -1.6231769900e+00 1.2340637959e-01 6.9882645657e-01 3.5202630308e-01
-1.3697627804e-01 6.3221653523e-01 1.1453021493e-01 -3.6998646402e-01 1.4631688156e-02 -3.7346245494e-01 1.8012552513e-01 -2.9472575024e-01 -2.4890892861e-01 -2.0031738267e-01
4.3246200565e-01 5.0755538637e-01 -4.0746497722e-02 2.6707121016e-01 -7.2548764546e-02 5.6758624881e-01 6.4505021008e-01 7.3787718744e-02 -3.7371030309e-01 2.9694427792e-01
2.9540784364e-01 3.1441265336e-01 -3.6812071806e-02 8.9321963458e-02 -3.5551033072e-01 -1.6723497107e-01 6.8458106891e-02 4.9396955743e-01 4.6482821667e-03 2.4197123508e-01
5.2325948311e-02 -3.1631516165e-01 -1.5233097729e-01 1.5942768986e-01 -3.0876906973e-01 -2.0208122060e-01 -4.7460620464e-01 2.1236260349e-01 -2.8253004270e-01 1.3153435493e-01
2.4870573386e-01 1.1064500359e-01 4.1558650179e-01 -1.0971783508e-01 -1.0532390611e-01 4.8739641856e-02 1.8426464307e-01 -1.7370058187e-01 -3.2707117907e-02 4.4986508849e-01
-4.1032720518e-01 4.5044238565e-01 1.5949540525e-01 -7.5489819810e-02 1.7386419618e-01 2.6774468543e-01 7.1467902765e-01 6.3175571873e-01 -9.4234354426e-02 4.4558830141e-02
-3.8129284167e-01 7.2334505495e-02 3.0563860860e-01 1.0224884495e-01 -6.7365164400e-04 -7.0883620053e-01 4.3855052330e-01 -4.0857740940e-01 -1.0987360164e+00 6.0242201670e-02
7.1022451463e-01 -8.7260784955e-02 -4.5060465149e-01 -1.2610440689e-01 -1.5735147984e-01 3.9405032360e-01 -1.7394918981e-01 2.0209893239e-01 4.5843627770e-01 2.4603743414e-01
