-4.9335609301e-02
1.6630597797e-01
4.6851992922e-02
-6.9337798441e-02
-9.2009464086e-02
1.0613013515e-01
1.1275551209e-01
9.3967057386e-02
-1.2532821339e-02
-2.7193339981e-02
1.8993166561e-02
7.6160370860e-02
-6.8758896246e-02
-1.0394065551e-01
-2.5854429569e-02
-6.5106775263e-02
1.7823255213e-01
1.0823472637e-01
9.1308475122e-02
1.2206998898e-03
-5.5316186574e-02
4.5480979047e-02
1.2018944925e-02
-1.9893345320e-01
1.5757196231e-01
2.5203737031e-02
-4.7219881568e-02
6.4089214368e-02
-2.5422253983e-02
-2.1717486137e-02
-9.1685931730e-02
9.6375835997e-02
-2.0895355277e-01
-6.1827694221e-02
-9.5173232090e-02
7.3897831429e-02
1.0452167470e-01
-1.0763964059e-01
-8.0309998861e-02
-6.4548328720e-02
-1.6248940361e-01
-1.8413772927e-01
1.6078645655e-01
-9.8866399744e-02
1.1318539945e-01
1.6011086472e-02
-1.2526471031e-01
4.9900556651e-02
-1.2759162427e-01
2.2428136049e-01
1.7743819892e-01
-1.2698392419e-01
-1.3140043592e-01
-4.9535272792e-02
-4.9782151326e-02
-1.7588049057e-01
-1.6294123224e-01
-4.2365938022e-03
1.3400494229e-01
-3.1756828884e-02
-9.1178002836e-02
-7.6141989081e-02
1.0600675633e-01
1.0969219422e-01
-9.5640023781e-02
