-2.0511227278e+00
7.2395151479e-02
3.5834866635e-01
-6.9177345565e-01
-3.0160378264e-01
6.7001668827e-01
1.5865247169e+00
-1.4918949596e+00
-5.4625430447e-01
2.9492089044e-01
3.5504373881e-01
-3.0112616560e-01
-4.2959163843e-01
1.2726358003e+00
-1.7185050503e-01
-6.6329268532e-01
-1.0428758449e+00
-6.5264534461e-02
-3.4565929303e-01
-6.9987282823e-01
1.2430312033e+00
2.6112353151e-01
-4.3835532762e-01
8.3283811842e-01
-4.5781451452e-01
1.5840527140e-02
2.4471113537e-01
-1.5632471508e+00
3.8301984697e-01
-1.0653219756e+00
9.8546413165e-01
3.6914582739e-01
-6.1946367029e-01
-8.3262591321e-01
-7.6155974645e-01
7.9897976312e-01
-1.4982962146e+00
1.1295979843e+00
-2.1612322444e-01
5.1757187935e-01
6.5627063472e-01
-3.3390757344e-02
-8.3817878951e-01
-4.2264553603e-02
-1.4641558524e-01
-5.6765842020e-01
-1.5566596133e+00
1.2460738726e+00
5.4958172587e-01
2.3897973156e-01
-2.3921549087e-01
-2.1050708863e+00
6.5824295850e-01
-1.1382097623e+00
8.5877098050e-01
1.4876512565e+00
9.5993769412e-02
-1.2382456212e+00
-1.0220782576e+00
-5.2098153127e-01
5.4839587528e-01
3.2599231929e-01
-7.0032700280e-01
-1.3651441092e-01
4.6843055279e-01
-3.2453513349e-01
-4.6279910990e-01
1.2182889726e+00
2.4074652332e-01
9.9378051647e-02
-4.4703043014e-01
1.0628787286e+00
-1.0572760370e+00
-4.8954828122e-01
4.4248844585e-01
6.3734269927e-01
-2.2627946280e-01
4.5000235740e-01
-3.5707470545e-01
-8.8352876855e-01
1.1368404996e+00
1.0468404960e-01
-6.0590576336e-01
9.4961796528e-02
3.1803615137e-02
-7.2559455499e-03
-2.1861232198e-01
-6.7137683728e-01
2.1077607190e+00
-3.8333589078e-01
-1.1344957385e+00
-7.7898572148e-01
7.3061017580e-01
1.5614878529e+00
-2.0859390470e-01
8.4315142144e-01
4.6390458168e-01
-2.4803701374e+00
-1.2764041097e+00
-1.9559422852e-01
9.1088906264e-01
-5.5632132884e-01
-2.8393404656e-01
-6.6965462994e-01
-7.2553813386e-01
-8.9638884472e-01
-8.7846240338e-01
9.1841391025e-01
3.3256162618e-01
3.4328094650e-01
-8.2961442442e-01
2.0712336945e+00
-4.5960299286e-01
-5.5860068705e-01
