-1.5933709516e-01
6.5534791351e-02
4.3193385199e-02
1.7352960737e-01
-2.9664395841e-03
5.3189146445e-02
8.7693875561e-02
-7.7447185337e-02
-1.1755084340e-01
8.0547406824e-02
-1.7977270608e-01
-5.2037506193e-02
1.6043642821e-01
1.6061710803e-01
-3.0886151303e-02
-1.4942863340e-01
2.7271971810e-01
1.0566104269e-01
-7.5676822445e-02
1.0111515872e-01
-8.5970056620e-03
1.2056189347e-01
2.3038859810e-02
-1.7257889188e-02
4.5559885579e-02
9.9105161670e-02
6.2767245297e-02
1.4595580549e-01
-5.2148030504e-02
-1.0357984591e-01
-3.5250998053e-02
-1.4853821520e-01
5.6649930293e-02
-1.0721214772e-01
-1.0012080456e-01
-1.5066423559e-01
8.2912917889e-02
2.0553393614e-01
-9.2740504239e-02
1.3581798316e-01
-5.3014506267e-02
-8.5840729748e-02
1.0060916412e-01
1.8073010507e-01
-2.8293513248e-02
9.8354261256e-02
-1.1464100939e-01
3.5747571303e-02
4.3148181697e-03
-1.4400570691e-01
-4.9213230962e-02
3.5499668489e-04
-7.4444139349e-02
1.6620164643e-01
1.3920305595e-01
-2.7900108569e-02
7.8690446794e-02
8.4284121107e-02
1.3816635107e-01
6.2394350007e-02
1.3053640273e-01
-6.6303279716e-02
-4.9542047524e-02
-1.0900439823e-01
-8.9672045472e-02
