-5.4223041343e-01
-8.0070790350e-02
-1.5678124498e-02
-1.7002565466e+00
-5.5122575258e-02
-1.6469179815e+00
-7.9982036781e-01
-2.4702961679e-02
-1.0782264590e+00
4.8352194158e-01
-4.5008673871e-01
4.8515623357e-01
-1.3547257870e+00
4.8443533486e-01
3.8066177434e-01
1.7812388904e-01
4.9091252965e-01
5.4396747371e-01
-8.5797694810e-01
2.1089427268e+00
-1.0939661400e-01
-7.0364453564e-01
-8.3468068149e-01
6.1694405518e-01
-5.0463031342e-02
8.4673279087e-01
6.7343409555e-01
-3.2281594750e-01
2.1749767216e-01
-1.0130764936e+00
-2.8159244954e-01
1.0886197357e+00
-9.5309798372e-01
4.6747652586e-01
-6.1883623055e-01
1.7301153744e+00
-1.3887113882e-01
-1.6622616446e+00
9.7216451076e-01
1.2266208152e+00
1.3901458901e+00
-1.6883840904e+00
-3.6447585069e-01
1.1420731458e+00
-6.6855902031e-01
-2.2436820372e-01
6.8040961624e-02
1.3633383873e+00
-1.6927944854e-01
-4.4535914250e-02
-1.7139851604e+00
6.4067512195e-01
1.7941187475e+00
-1.6277038327e-01
5.4191432685e-01
-5.6622703985e-01
-3.4469316131e-01
1.3915227031e+00
-6.6469119522e-01
6.4024864856e-01
1.4577056294e+00
4.1279080547e-03
5.7359023933e-01
2.4795617885e-01
-7.2412586311e-01
