2.9128482327e-01 2.0331250836e-01 4.9945662255e-01 1.9265531492e-01 5.8243246126e-01 3.9751524001e-01 4.8028502174e-01 2.7680020244e-01 -6.9753606470e-01 8.0281133296e-01
1.1266113335e-01 -9.4933424822e-03 -5.1593198977e-01 -2.3488482606e-01 -1.7879521767e-01 4.0575650942e-01 7.1363495387e-01 2.1130353408e-01 -1.9007478794e-02 2.4555063950e-02
-1.0818940788e-01 -2.4575905286e-01 1.6841945429e-01 -1.9605757880e-01 -3.6062314612e-01 3.3505068079e-01 6.1211844851e-01 9.3858990133e-02 -2.8670380087e-01 -7.0126586711e-01
6.4118276205e-01 1.0235090625e-01 -1.6704508615e-02 -1.8051791340e-01 1.9310879475e-01 -5.1100661091e-02 -7.0606421540e-01 1.1128125285e+00 9.3966471398e-02 1.9233257509e-01
-2.2690257287e-02 -1.0918584368e-01 -2.6649332440e-01 7.5920794703e-02 5.0450672540e-01 -4.9174456766e-01 -2.6254009588e-02 2.3878313402e-01 4.9261391477e-01 -5.2199813606e-01
-1.0537463977e+00 -5.2146494984e-01 -2.0525866303e-01 -1.8474599688e-01 -3.3808299013e-01 1.4406020830e-01 -4.3455383277e-02 4.0304345410e-01 1.4687674265e-01 -1.1927633524e-01
6.7259118343e-01 -1.5264539929e-01 4.3206257569e-01 -1.0469402872e-01 5.5774543700e-03 5.6844015363e-01 6.0602832886e-01 -2.5229283527e-01 -3.0915768442e-01 -4.4762377113e-01
1.2243565824e-01 -4.0676098922e-01 -3.2045303577e-02 -3.2530222225e-01 3.7959379900e-01 -7.3220352409e-01 3.3996387777e-01 4.5467972754e-01 1.1709514231e-01 -6.4028700396e-01
7.2701616407e-01 1.0129924564e-01 5.4466974398e-01 4.8977870605e-01 2.1348303192e-01 -2.6763776364e-01 -1.9226756206e-01 4.0914221156e-01 -4.8865230745e-01 1.4880974043e-01
-2.4876965004e-01 -1.3270600519e-01 -2.3834442853e-04 1.4780464925e-01 1.0494951590e-01 -6.5956499493e-03 -2.5336037845e-01 -7.4809460698e-01 -6.4236212459e-01 2.6209949428e-01
