1.7455574415e-01 -8.9207551462e-02 -1.4164302258e-01 -1.3159623430e-02 7.0482883083e-01 -3.2520965161e-02 -9.1537321208e-01 -7.9101255317e-02 1.4475159772e-01 -4.4988661104e-01
6.4204324449e-01 1.9925198718e-01 -2.6401555732e-01 -3.1830796395e-01 -8.3063530253e-03 -7.3250868762e-01 -2.3364189677e-01 2.5408755712e-01 -6.6407333741e-01 3.6109693977e-01
5.5942517971e-01 5.4010922312e-01 -2.3597726697e-01 -5.0727950492e-01 2.1998876823e-01 -2.0175559732e-01 1.9355080124e-02 -3.4798497861e-01 -2.3205493393e-01 -3.6427868158e-01
1.5249348126e-01 -7.4163075303e-02 -7.4164319693e-01 4.8032764126e-02 3.1957721385e-01 7.2915907999e-02 1.8750859159e-02 -4.4330334272e-02 -1.3809647699e-01 -6.3096350041e-01
3.4990013310e-02 -1.4322864094e-02 -5.2053963957e-03 1.8705493350e-01 4.0925911083e-01 3.6559737432e-01 -1.8286529363e-01 -1.0915095599e-01 5.4682644573e-01 1.5807119692e-01
-3.5881981950e-01 5.3138750469e-01 5.9716035256e-01 -1.2509290417e-01 -4.1150002315e-01 3.9662108935e-02 -5.0889224851e-01 5.6747427213e-02 -1.4722789793e-01 2.9848177653e-01
-8.3533800834e-03 7.7960000297e-02 -2.2490615305e-01 -2.9653116073e-01 3.4547072743e-01 2.7141748642e-01 -1.9895255700e-01 -3.2964940880e-01 9.2018280346e-01 6.4082090232e-01
-1.9774580441e-01 -4.6883961225e-02 -3.3618121655e-01 3.3919409070e-01 -2.6603593642e-01 4.8457792099e-01 4.0858484568e-01 6.3944392946e-02 -7.8886182368e-02 1.1789472839e-01
-4.8523628296e-01 3.2205988958e-02 -3.7137441885e-01 -5.3441167334e-01 1.3811668177e-01 -5.9303421622e-01 4.6249879015e-01 2.1247739752e-01 -5.2276817570e-01 -3.0073280009e-01
3.0277831586e-01 1.2219878613e-02 3.3079432325e-01 6.2624210039e-01 -3.7728159737e-01 4.2350606802e-01 -6.2524289702e-01 2.2315514326e-01 4.5570319268e-01 -4.7304249628e-01
