-2.5405952242e-01 -1.4343379542e+00 -6.4509507470e-03 -2.1665449114e-02 4.4783442546e-02 -8.0325250690e-01 1.9525582175e-01 4.4506371556e-01 -2.6425121319e-01 -3.9082853731e-01
-5.1067621621e-01 2.9420938426e-01 -8.1713342626e-01 -3.4840680695e-02 -2.1917207802e-01 -3.8381906023e-01 6.8905001026e-01 -1.9466273210e-01 4.1638333795e-01 -5.2557530129e-02
3.5791295212e-01 -2.0073671502e-01 3.3742262783e-01 1.6151620393e-01 -1.4238950539e-01 -1.8181133226e-01 -4.4118883307e-01 1.8283242120e-02 -6.8203050934e-03 4.3232979433e-01
-5.7736566758e-01 -3.8764065180e-01 -5.7625693426e-01 -7.6008875974e-02 -2.9370426712e-01 2.6179672318e-02 -6.1222795350e-02 -7.3662991334e-02 3.7677629986e-02 4.2783427668e-01
2.4011120710e-01 -1.8885436257e-01 -2.9408738455e-01 2.0758049530e-01 3.7206880181e-01 1.4348101845e-01 -2.9943229820e-01 -1.5957057851e-01 -1.8429047526e-01 4.4654416633e-02
-2.1033014265e-01 3.6071008670e-02 3.6096673870e-01 -6.7630384493e-03 6.1116581461e-02 -1.5822771598e-01 2.4734762128e-01 6.1763765907e-01 -1.0409780570e-01 -1.8173043261e-01
-1.3057985646e-01 1.0114648142e+00 3.5149745137e-01 2.6422038537e-02 -4.4371089266e-02 -4.5509725401e-01 -4.2722390242e-01 4.4399044842e-02 8.3088329544e-01 1.0335982151e-01
3.3573728387e-01 -1.1291058448e-01 -1.8768647608e-01 -3.5460845036e-02 1.3405909773e-01 -4.8007188674e-02 -1.6023977449e-02 -5.1911545281e-01 -7.1920603461e-01 -1.1112035058e-01
-2.2166377127e-01 4.8112710953e-01 -1.5942106932e-01 -3.2637186730e-02 6.3083627918e-01 1.6715921965e-01 -4.8676733624e-01 1.7368307002e-01 6.1288325671e-02 4.3610264861e-03
-3.8969855295e-01 -4.2438153184e-02 3.3564330580e-01 -3.7673467004e-01 2.1140188436e-01 2.9981202324e-02 -5.4046738572e-01 1.1605516968e-01 -4.9090280011e-01 -3.3380257228e-02
