5.6968252141e-01 6.1622682248e-01 3.0447727661e-02 3.8341020337e-01 1.9011051808e-01 2.0366759233e-01 7.8571794803e-02 3.6621096466e-01 -2.5585088933e-01 -3.0796950890e-02
-2.6713214279e-01 -2.1011219127e-02 -1.3534110918e+00 7.3626767581e-01 -1.7568346133e-01 3.2418240259e-01 7.7126898783e-01 6.7195564758e-01 3.3091337625e-01 2.3654996010e-01
8.4988929091e-02 7.0965597877e-01 2.7719517183e-01 -7.1715462522e-02 -2.3539842447e-01 6.0973082350e-01 8.8914423041e-01 4.0454110547e-02 6.3915181164e-01 -1.7897448572e-01
4.4011699693e-01 1.6241002848e-01 -2.1367026143e-01 7.6812494712e-01 3.5277393156e-01 3.2909733972e-01 -1.9526424450e-01 2.8268548236e-02 -3.4196816365e-02 -5.1147332558e-01
2.9860373827e-01 9.9209888831e-02 1.2602327728e-01 -1.6128114820e-01 7.0350320977e-02 2.0918487033e-01 1.4382674963e-01 3.4174139327e-01 7.3675230748e-01 1.0862218733e-02
3.3616514716e-02 -2.8052707186e-01 5.1913865314e-01 -4.1150722925e-02 3.6866717293e-01 -3.7007165491e-01 3.9848369281e-01 2.9848208699e-02 2.8034111933e-01 5.3537092185e-01
1.5910697846e-02 3.3872678372e-01 -1.6873181247e-01 -5.4374461736e-01 6.8182704730e-01 -6.1439619589e-01 -1.3055766140e-01 -6.3298823051e-01 -2.4998970816e-01 -6.8497013993e-02
4.3854945087e-01 -1.9087043821e-01 4.3554904658e-01 -8.5747067858e-02 -2.8603127594e-01 5.0344282007e-01 4.2876757374e-01 -2.6435319092e-01 3.3940067668e-01 -3.8778643971e-01
-1.1229790925e-01 1.8013411352e-01 4.4215367431e-02 3.3302477363e-01 2.4915405789e-01 -1.6661907381e-01 -4.6279739113e-01 -7.2823998682e-02 -1.4791877032e-01 5.2164222165e-01
2.2427477881e-01 -4.9879364445e-01 6.3318614298e-01 3.4862812110e-01 1.2218240002e-01 -5.0189887698e-01 1.6247446165e-01 3.1614561901e-02 -1.6748598115e-01 2.4997114377e-01
