-3.3683495299e-01 -1.3623034626e-02 -7.7203805776e-02 -6.5290038061e-01 2.3127802418e-01 -1.4334130598e-01 -5.4111070411e-02 -5.2677350094e-01 2.9650722486e-01 2.4873081553e-01
-1.5634679844e-01 7.9383324029e-02 8.2012293781e-02 1.7214876268e-01 -8.4501997259e-02 1.5460001154e-02 -1.9859277489e-01 -6.7546380206e-01 9.3985056682e-01 5.5999471070e-02
-1.8836036316e-01 -1.4795418707e-01 2.0518737823e-01 5.3511167016e-01 -5.8209723200e-01 -7.5495865861e-01 5.8850510564e-01 -4.2283567030e-01 -2.0361157517e-01 -1.2842867513e-01
-7.1041183143e-01 4.5314512123e-01 2.4661655533e-01 -9.2081615113e-02 -2.2135422775e-01 -3.5872167996e-01 8.4174057815e-02 -1.3434086846e-01 -3.2696552450e-01 -4.8390027477e-02
-1.7457368251e-01 5.6054470405e-01 -5.8623548674e-02 -2.3798277736e-01 -1.3406461304e-01 5.8210913930e-02 -4.3402644726e-02 2.1226228272e-01 1.3756995552e-01 2.8491481332e-01
-5.9678399743e-01 -2.5316206968e-01 2.5737867949e-01 7.8528125301e-02 4.6071167450e-01 -2.8751383228e-01 8.5505443191e-02 -1.5080419228e-01 3.0685846153e-01 3.7853964838e-01
4.4400303005e-01 2.5522342861e-01 -2.2359816152e-02 3.5712713459e-01 -6.1421761679e-01 1.9252952110e-01 -3.8513183564e-01 3.6433310702e-01 2.0337270139e-01 -6.7127469727e-01
-8.6567213449e-02 -3.7244141804e-01 4.3492844969e-01 -1.7411991621e-01 -6.8858909096e-01 1.9545756317e-01 4.6307858321e-01 -1.9970974912e-01 1.9546201462e-01 1.2174260933e-01
2.1508528322e-01 -1.0252464696e-01 -2.0444127783e-01 2.9799837607e-01 -2.3128534375e-01 -2.3431775182e-01 -2.4241133636e-01 1.8175265589e-01 6.9470349839e-02 3.0994610609e-01
-1.4688814165e-01 7.2868577692e-01 7.0050468777e-02 2.4432959867e-01 -1.9899254509e-02 -5.1185918785e-01 2.0411021284e-01 6.2336872059e-01 -5.6410541102e-01 -1.6597906963e-01
