-2.3026292414e-01 1.0472866382e+00 -6.9731987171e-01 -7.6419726389e-01 -3.3045206868e-02 -3.0322739279e-01 1.0852797846e-01 -9.7785096893e-02 3.1883261385e-01 -5.1541023892e-01
-2.9135326228e-01 1.9640190207e-01 8.6404346384e-01 -6.5086755403e-02 -8.2934615985e-02 3.8085984554e-02 -3.5618886265e-02 6.1316167217e-01 -6.0176071013e-01 -1.5820993200e-01
1.0203571265e+00 -2.0566531431e-01 -2.9861434509e-01 -1.1690371909e+00 -2.5496421427e-01 1.7745259388e-02 3.4597836629e-01 -3.8649369187e-01 2.1500971289e-01 2.3741779075e-01
-1.4885228750e-01 3.3124576889e-01 3.7463184785e-01 8.1427819235e-02 -3.6424687628e-01 2.4930866880e-01 8.1165222593e-02 5.6641100485e-02 -3.0159766252e-01 -1.5278482515e-01
6.5400317492e-01 -2.5763948828e-01 -1.0834384361e-01 -1.1582531184e-01 -6.9137579561e-02 1.6018095018e-01 -4.5755734892e-01 -2.2219018059e-01 5.6767475703e-01 -7.9214321342e-02
-2.1330463669e-02 -4.7446466622e-01 -2.5082162527e-01 6.8035433101e-01 -5.5029586659e-01 8.4504238345e-01 1.5056099060e-01 1.7253156742e-01 -1.8272757759e-01 -6.0264767228e-01
-1.8687497020e-01 -4.1161852047e-02 -3.3365281977e-01 6.6734232921e-01 6.3609337851e-01 1.7334902090e-01 -2.0578873614e-01 -2.2422851729e-02 -2.6833761505e-01 5.0636711507e-01
-2.9892772970e-01 -7.0422208600e-01 4.7995883715e-02 -3.3272108112e-01 -4.3564942224e-01 2.5635878347e-01 -3.2374766870e-01 -2.6318137017e-01 -2.4808188447e-01 1.0384535050e-01
1.4826747490e-01 8.8350699136e-01 1.4926757952e-01 4.3661879135e-02 -4.0556392591e-01 1.2512026673e-01 2.5213657580e-02 8.9675260441e-01 -1.2550935397e-01 1.7537262207e-02
2.5396545928e-01 7.9348031776e-02 -3.1058392779e-03 -4.8605576808e-01 -7.2578143400e-02 4.6802400985e-01 -1.7409783142e-01 -7.2945570134e-01 2.4228672786e-01 2.7809567982e-01
