-1.8661583372e-01 -5.3493405978e-02 -6.0599272661e-02 -7.2286614156e-02 3.1989128554e-01 -1.1428858575e-01 -2.6311483299e-01 1.4909342516e-01 -4.1004624485e-01 -1.6783935737e-01 1.3922373667e-01
-1.7445502682e-01 -1.4605464317e-01 -1.5987365218e-03 -2.9581425055e-01 1.5359550446e-01 -1.7136007683e-01 -1.5506876688e-01 2.7119412879e-01 -1.8353738338e-01 -2.3315280699e-01 1.4933473559e-01
7.6475433864e-02 -2.9417480772e-01 -3.2109439835e-01 -2.1548789762e-01 -6.5675394719e-02 -1.4212598880e-01 -1.1258823291e-02 2.0013081068e-04 -7.4266805617e-02 -1.1863457217e-01 -4.3161114338e-04
1.6869009653e-01 4.3607273644e-01 2.4890220232e-01 1.8987629101e-01 -2.1483517935e-01 2.7916114893e-01 3.3658256004e-01 -1.6347554183e-01 2.8965569297e-01 3.0781542160e-02 -5.3538001596e-01
-5.5078791314e-02 -1.3328579718e-02 3.8099256889e-02 -7.5179488227e-02 -8.4322200698e-02 -8.9478721978e-02 1.3283462267e-01 1.2845935676e-02 -4.9619519694e-02 -5.3307530652e-02 1.7526243071e-01
-4.3482011314e-01 -7.5194042893e-01 -4.8681229217e-01 -2.9978901662e-01 4.9172263829e-01 -7.4813955696e-01 -7.5196302820e-01 5.8422341162e-01 -6.9990277041e-01 -7.2045558372e-01 4.3780737135e-01
2.0983770032e-01 1.7018807859e-01 2.1816479546e-01 6.3897614970e-02 -4.8031930605e-02 1.2227914344e-01 2.4283235592e-01 -1.8292372627e-02 7.0698250265e-02 -6.9559214449e-03 -1.3074064070e-01
1.1036668835e-01 3.5891859449e-01 2.6953556683e-01 1.8904042937e-01 -3.1421127160e-01 2.7850801617e-01 2.3007477938e-01 -1.6037887776e-01 3.1392435893e-01 2.6020873427e-01 -3.7530182875e-01
1.1812971121e-01 1.5867222478e-01 1.8638985183e-01 -5.3057961307e-02 1.8772892513e-01 9.0725106339e-03 1.1887859517e-01 8.9403544085e-02 -1.3242377162e-01 -4.3322884668e-02 -2.4620491754e-02
-2.2419302536e-01 -4.8319918621e-02 -1.4634162479e-01 -1.9146409525e-01 1.6482707062e-01 -6.6585268276e-03 -2.8290796997e-01 8.7660700098e-02 -1.1294848943e-01 -2.4966106038e-01 1.1813368854e-01
-7.2555249562e-05 2.3964240615e-01 3.1419683026e-01 -8.4525396646e-02 5.0158062924e-02 -1.7796539367e-02 3.6354476533e-02 2.9497363638e-02 6.2500265050e-02 1.1815708650e-01 -1.6836553104e-02
