-2.4540392363e-01 1.6241601821e-01 7.1740403994e-02 4.9892121525e-01 5.0530132709e-02 -3.6426217563e-01 7.3870299390e-02 -9.6506823724e-02 -1.1261949500e-02 -1.6207415627e-01
1.3736944188e+00 -6.0870944021e-01 1.8613854264e+00 1.8568716262e-01 6.9383464310e-01 -5.0816509636e-01 -1.8548705189e-01 9.5745911029e-01 -8.8891588629e-02 -3.9645242540e-01
3.2128828179e-01 4.6124575076e-02 -6.9562606346e-01 4.2321850941e-01 1.9485992103e+00 -1.7738310885e-01 2.1420851858e-01 -3.4423758543e-01 8.9334589010e-01 -3.8474225244e-01
2.8973133928e-01 1.1125933011e-01 3.3323156598e-01 5.1412163119e-01 5.5218242688e-01 -4.6683642898e-02 -9.7950929937e-03 -2.2373220903e-01 2.6116026733e-01 7.4790012334e-02
1.4397356193e-02 2.6284292420e-03 3.5527531166e-01 5.7328933579e-01 -4.8803906440e-01 -6.0508125704e-01 7.2224880370e-02 -1.4242038447e-01 -7.0658814587e-01 4.0839359219e-01
8.6364280576e-01 -8.6006321501e-01 -5.1036014246e-01 1.6794882561e-01 3.7589165233e-01 3.2531197426e-02 3.7941785642e-01 4.1842561750e-01 6.1832498402e-01 -5.3229720940e-01
-1.3481667929e-01 6.1723669656e-01 -8.0102984173e-02 -7.8850743106e-01 -1.9895504696e-01 7.5210394261e-01 -3.9036213092e-01 -1.1274026826e+00 -7.8122605017e-01 2.5206642206e-01
-3.8202569282e-01 2.9865519971e-01 8.8958278531e-01 -5.4213911477e-01 -7.7311739051e-01 6.3570204994e-01 2.6667300498e-02 -2.4587182139e-01 -5.3924662192e-01 -1.5415130543e-02
-5.0903128402e-01 4.2425821024e-01 2.4461575414e-01 1.0599513760e+00 -3.7434631814e-01 -7.5354741171e-01 4.4632965613e-01 -5.1498437045e-01 2.5427881383e-01 8.5738104468e-01
-3.7016275197e-01 4.9665854912e-02 -6.4724495074e-01 -7.3031660124e-01 7.6634589931e-01 3.9471753632e-01 -7.4572723543e-01 3.4405747192e-01 2.6123438606e-01 -5.3028786160e-01
