5.8737367283e-02 3.4609821288e-01 1.4345054787e-01 1.2425645790e-01 -1.9800698637e-01 -7.8459173596e-02 2.7479232094e-01 2.4419270823e-02 7.8593789895e-02 2.9655234113e-01 -5.0102089872e-02 -5.5641279414e-01 1.8661247037e-01 -1.2099590641e-01 -1.7544684166e-01 -5.8373575095e-01 4.9937485367e-01 2.6547687725e-02 2.0629170971e-01 3.6588748035e-01
2.8756421777e-01 4.7085009245e-01 -3.4024482630e-01 -6.7225501426e-02 -1.3516306232e-01 -1.3866928751e-01 4.8806036447e-02 -2.3469667768e-01 -7.9140042169e-02 3.6000728415e-01 -2.0553660047e-01 7.3282397229e-02 -2.6879538071e-01 -4.8766788041e-01 -2.0051197302e-01 -5.6099852512e-01 4.3478010799e-01 -3.8146626988e-01 -1.2124097354e-01 -2.9390717030e-01
-4.3548719426e-01 2.8240010444e-01 -2.2306942883e-01 -1.1949399553e-01 -1.9438643453e-01 -7.6169011249e-02 -4.5818546731e-03 2.2118623375e-01 3.0111914023e-01 -7.9137921502e-03 3.9774050243e-02 -2.2880297502e-01 -9.4429887983e-02 3.7892503448e-01 2.3774920370e-01 1.8979070179e-01 1.5633770023e-01 4.0770115598e-02 -3.8192442342e-01 8.0153916868e-02
-1.2836186653e-01 -2.8209814402e-01 1.9551913056e-02 -1.4380795294e-01 -6.5932373445e-02 -4.7053345887e-01 1.6065449188e-01 1.3653314646e-01 1.7332595515e-01 9.8934771019e-02 4.6161063840e-02 -7.9829693517e-02 -1.6804383786e-01 1.8390200465e-01 -4.3385190217e-02 -1.1371401972e-01 -3.0885400009e-01 -6.2987244095e-01 3.4186925053e-01 -3.7940597117e-01
-1.7795548511e-01 1.0682620827e-01 -4.1063953126e-01 -4.6656720309e-01 2.1528417808e-01 -3.4392242824e-01 -1.2929195048e-01 -5.0288931057e-02 2.7622791127e-01 -2.1352939373e-01 -2.7459659878e-01 -3.6531540378e-01 -1.5492982361e-01 2.0850671980e-01 1.6815721622e-01 -3.7887099257e-01 7.2294153084e-01 8.3424888158e-02 5.6290512996e-03 -3.3249890664e-01
2.0157546245e-01 -2.7460367382e-01 -2.2271769724e-01 2.9891690656e-01 -4.1405785672e-01 -1.6633593051e-02 5.6424076004e-01 -3.1701120175e-02 -3.4614813311e-01 -1.0729367973e-01 1.6035970355e-01 4.7570128739e-01 -1.9438277808e-01 -4.9108632349e-02 8.4309536699e-02 2.9204184712e-01 -1.0419872845e+00 1.7482631878e-01 -1.7355378219e-01 1.7920921560e-01
2.6812475375e-01 1.5818927710e-01 -3.9326842921e-03 -1.5016219602e-01 -4.0171517856e-01 -2.0586130012e-01 -1.3893376247e-01 -6.0116541708e-02 2.0911024573e-01 -2.4993481485e-01 -1.6889664431e-01 8.2544561213e-02 1.7462146381e-01 -2.4133061427e-01 -1.6700459124e-01 -1.9370528781e-01 4.7612505046e-02 -8.3985564205e-02 -4.7720821502e-02 1.9959116041e-01
3.0931309854e-01 -4.0770139694e-01 -7.3484061677e-02 2.0050638193e-01 -4.1686629462e-01 -2.2293434619e-01 9.2485574535e-02 5.0110220723e-01 -1.4924534808e-02 -4.4539493973e-01 -8.5672331249e-02 3.2586316128e-01 -1.5777030908e-01 3.1145793208e-01 3.8299637535e-01 5.7352344512e-02 1.9857746782e-01 -1.4703412970e-02 -8.6283581507e-02 -3.1331966407e-01
2.0333562838e-01 5.8783704576e-01 7.5100932339e-02 2.7247614599e-01 -2.1714045914e-01 4.1370776447e-01 -4.4357811209e-01 -1.4063231837e-01 -3.8027632901e-01 2.5659893479e-01 -4.6181908710e-01 -4.9230914456e-01 -4.0003439270e-01 -4.1986174965e-01 -4.8654875104e-01 -2.1350392316e-01 -2.9271939761e-01 5.6464966816e-01 4.2925502265e-01 -2.7542032879e-01
-2.9303573073e-01 -4.4054662791e-01 9.9689438229e-02 1.6784541138e-02 4.8744836339e-03 -3.1654663766e-02 4.8975529537e-01 2.9990209911e-01 2.2985094528e-01 -2.3759619743e-01 1.9775879601e-01 -6.1766465640e-02 -2.2405590252e-01 -2.2064754622e-01 5.5714502777e-01 -6.2199992928e-01 -1.3596063523e-01 -2.6871090937e-01 -6.7284836955e-02 -1.7844971977e-02
-8.0632115496e-02 2.6202907383e-01 -2.9482649599e-01 1.8440187606e-02 3.2324166773e-01 -1.2697848630e-01 -5.0009426798e-01 -3.1960619089e-01 2.3365446417e-01 -2.0322237190e-01 -3.1707523986e-01 -4.7095559198e-01 -6.3372622023e-02 1.4539619755e-01 -2.5474735430e-01 2.5096826540e-02 4.3854354857e-01 -3.0115800495e-01 -1.6155974903e-02 1.3217679905e-01
-4.2395818686e-01 1.5223556307e-02 2.8400546625e-01 5.9637611798e-02 -3.3640882942e-01 -4.4755735753e-01 1.6213186563e-01 1.8430096172e-01 -2.1170686238e-03 2.3563117740e-01 5.5945785622e-01 3.3963758629e-01 -4.1623416666e-01 2.4903416443e-01 2.2690437963e-01 -1.4517732850e-01 1.8593004141e-01 -5.4375134130e-01 -1.1527275053e-01 -1.4995222251e-01
5.7948716344e-02 -6.3337142095e-02 4.9119352937e-01 5.4603691624e-02 -3.6132350098e-01 -4.0974193248e-02 2.0242843306e-01 -1.0527946850e-02 7.4075113092e-02 -1.6329745719e-01 -3.8068268021e-02 -1.2302560019e-01 -1.9165579995e-01 -2.4184215275e-01 2.1914736370e-01 2.6933087657e-01 1.2035903442e-01 -1.3611321942e-01 6.1820199408e-02 -4.3048609050e-01
2.9992157568e-01 -1.6608953549e-01 3.8877790146e-01 -1.9407702187e-01 1.5869583416e-01 -2.5417139798e-01 -2.5845340519e-01 -6.8699881696e-02 -1.3118454672e-02 1.2992875478e-01 2.0131359034e-01 1.6018779226e-04 3.0130079914e-01 -5.2070861760e-01 5.5279392323e-01 -8.2264024919e-02 -2.7441133540e-01 -2.3024048224e-01 2.4895567780e-03 1.2805063962e-01
3.2150599878e-02 -2.6832860296e-01 -7.9328617772e-02 -1.5014153279e-01 5.6535268803e-01 7.4805618636e-02 -1.9477551457e-01 -2.4481609127e-01 -1.1512423912e-01 -1.9506557106e-01 1.1349603853e-01 4.0489557429e-01 9.0715835463e-02 -6.2581252809e-01 3.0154248844e-01 -2.5611712775e-01 -2.4595224501e-01 -5.4528223753e-01 -1.5449387187e-01 1.1591109333e-01
1.9893029255e-01 2.7743259931e-01 -4.7562870561e-01 4.8683669255e-01 1.3953204742e-01 -1.0166290007e-01 7.0663698355e-02 1.2177907663e-01 -6.8070295368e-02 -2.2619000426e-01 -6.1300566116e-02 -2.1004453176e-01 -1.1093406766e-01 7.4458553822e-02 -3.8555094335e-01 -8.5676917498e-02 -8.9321561053e-02 6.2904321236e-02 1.2868537074e-01 3.3592216676e-01
9.9143276298e-02 -2.0843358535e-01 -1.4943667679e-01 3.0633468999e-01 3.4778245858e-01 -2.2085780000e-01 1.9229660934e-01 -2.2361671677e-01 1.6116160480e-01 -3.7271870898e-01 8.0023308750e-02 1.5361323016e-01 -2.1487731184e-01 -5.5139010900e-02 -2.5074164603e-02 -5.1469286697e-02 -4.1240030036e-01 7.8024052916e-02 -2.2488374586e-01 2.4599504204e-01
-2.3909058232e-01 4.7412222055e-01 4.4496293597e-02 1.7372851027e-01 1.5631124907e-02 -1.2978762676e-01 -1.5998311066e-01 -1.6191591575e-01 -4.6110305764e-02 -1.1940313367e-01 5.5973407783e-02 -8.6747230981e-02 1.6448019201e-01 -5.9126836590e-01 -4.7658521588e-01 -3.2694469588e-01 6.4319373772e-02 -5.9043562935e-01 1.8052956282e-01 3.4201112749e-02
3.2147870817e-01 -3.0171612704e-01 1.6785617558e-01 -2.1542181475e-01 -2.1857718995e-01 -3.9795572721e-02 1.5591872585e-01 -4.5401700465e-01 -2.2852261835e-01 -1.8802526213e-01 3.9198792670e-01 -2.0888507806e-02 1.2002487534e-01 4.4737022179e-02 3.5933489680e-01 -3.4364629306e-01 -1.1929665276e-01 2.0044914096e-02 -2.1115550250e-01 -3.7485536277e-01
4.2591603127e-03 2.2427530559e-01 -3.7296458308e-02 -3.0410351234e-01 1.0155264137e-01 1.1921117613e-02 -3.5389592327e-01 -1.0223841275e-01 2.8043879896e-01 2.3006503455e-01 -2.1625690860e-02 -2.4860078009e-01 -1.5383258705e-01 -1.4925678998e-01 -1.3489153014e-02 -3.5339077599e-01 -5.8451283063e-02 1.5940332718e-01 -1.0162661880e-01 1.0728547708e-01
