8.2168483567e-02 2.0860773015e-02 7.9887529769e-02 -2.5488516275e-01 -2.7350945358e-01 1.2821313200e-01 2.8954066820e-02 3.4259098797e-01 -3.4045010474e-02 -2.7239871907e-03 2.0949691370e-01 -1.0126977667e-01 1.5699789915e-01 -6.5746307523e-02 -7.3092480942e-02 1.7990267870e-01 1.5282082940e-01 -5.3036000664e-02 2.6530887351e-01 -2.4106142005e-01
3.4744251222e-02 -1.3539354276e-01 -1.3083101034e-01 -3.7492423680e-01 1.1179593452e-01 8.5307814800e-02 -5.7444793315e-01 4.2098803097e-01 -4.2796187150e-02 -1.1336620560e-01 -2.6236174640e-02 -1.2545367864e-01 -2.6229517397e-01 2.2054253385e-01 1.3596407657e-01 3.2023410137e-01 8.4040724417e-02 8.3990194366e-02 6.4648246090e-02 -2.1498435715e-01
2.4402915567e-01 1.3704530169e-01 -2.5034098141e-01 -1.2078747657e-01 9.9718446110e-02 1.0987188197e-01 9.9971829156e-02 -2.8316757812e-03 -9.9338334062e-03 3.9264001988e-02 5.5181113368e-02 4.3314165738e-01 2.3377803504e-01 4.3691837685e-02 7.9242513619e-02 2.3794127347e-01 -2.0822258948e-01 -2.8899396518e-02 -1.7014531737e-01 2.7534874009e-02
6.6527571337e-02 -9.0662200315e-02 -3.7645961291e-01 -7.5376576358e-02 2.4444519213e-01 1.8642514724e-01 -2.9423405006e-01 -3.0574307984e-01 -1.2594527088e-01 -3.7975510061e-01 -6.6452358419e-01 -9.3526587310e-02 4.7109963979e-01 2.1364531130e-01 -3.1279788851e-01 -6.3269860900e-01 -3.2914127222e-01 7.9417511743e-03 3.0339690800e-01 -3.3031403749e-02
-1.0232675836e-01 -1.1326963166e-01 -2.0847696945e-01 -3.2706213658e-01 7.8001468342e-02 -1.0302638125e-01 -2.9220776802e-01 -1.6900445413e-02 -3.6466475602e-01 -1.8865467572e-01 1.1624098428e-01 -6.7001115029e-02 -2.4897063252e-01 1.1047569585e-01 2.2047752162e-02 -1.1133958621e-01 2.4707104590e-01 -8.0331233585e-02 -2.7588464017e-02 -1.0543036042e-01
4.3439733575e-02 2.8343616380e-01 -9.0186635577e-02 1.4217653407e-01 3.3251193490e-03 1.6335135560e-02 1.1473888429e-01 4.7161036112e-01 3.1929429791e-02 -2.2425978645e-01 -1.2160617327e-01 -2.5030533851e-01 -2.9149898098e-01 1.6017801961e-01 -4.8691436720e-02 -2.9141497452e-01 3.0933671032e-01 -9.9644649832e-02 2.9026105758e-01 4.6654166418e-02
-1.6153295520e-01 -6.7517660835e-01 6.0438062270e-02 -2.0991253042e-01 -4.1564680879e-01 1.6599001647e-01 -1.9277372696e-01 2.9478936944e-01 -2.0011725495e-03 -3.7975764453e-01 4.7966271287e-01 -4.0582346978e-01 -6.0317164234e-01 -2.7423028703e-01 8.4976292617e-02 9.5445060720e-02 -2.3491127986e-01 3.6177039368e-02 -5.2535456185e-02 -1.9919814678e-01
3.1516040209e-01 -2.3820656931e-01 -2.1835592206e-01 -5.5414852902e-02 -2.7454370035e-01 9.4575393186e-02 3.8588555296e-02 1.7493650355e-01 -3.1059529547e-01 -2.2981726458e-01 -4.1479975389e-01 -5.3309578718e-02 -5.2070156813e-01 1.4924427798e-01 -1.1572136688e-01 1.6427124992e-01 3.8623848957e-01 -3.6791372258e-02 3.0308916585e-01 -1.5975182339e-01
1.4795609724e-01 -1.2650433751e-01 -1.3761920547e-01 -5.1109516356e-01 -1.8315628350e-01 1.7905513541e-01 -4.4366569005e-01 7.7071992418e-02 -2.3013144655e-01 -2.1133471200e-01 1.4550345816e-01 -1.9483876831e-01 3.6228793517e-02 1.2922576471e-02 1.5168626268e-01 2.2765271020e-01 -2.2530686045e-02 -3.3586206244e-02 -1.8535250035e-01 -2.4040113227e-01
4.8067554133e-02 3.4046454953e-02 -2.0318605908e-03 7.9667952191e-02 -3.5163591119e-01 -1.5361608162e-01 2.6935357834e-01 -1.6858375115e-02 -1.4877995705e-01 -1.7096038981e-01 -3.5988061018e-01 -4.0205796279e-01 -1.5111021955e-01 1.4456503158e-01 -2.6459035636e-01 -1.4698603962e-01 -1.7441087916e-02 -2.9565057325e-01 1.1075439651e-02 -2.2544068781e-01
-2.3507764500e-01 -7.1478237123e-02 -1.1468159807e-01 4.3932193837e-02 -3.6124622362e-01 -4.5747785426e-01 -3.7263911796e-01 -3.2443852374e-02 3.0126413387e-01 5.6427402748e-01 3.2631019846e-01 -1.7780366066e-01 -4.0695208591e-01 -4.1415841449e-02 2.4517311978e-01 2.6612957544e-01 3.4508966336e-01 3.5235669150e-01 3.5987477143e-01 -4.5454110020e-01
9.2266485952e-02 -2.8624650346e-02 2.8578293102e-01 9.3527076760e-02 2.3139800550e-01 3.8873483791e-02 1.8974716890e-01 1.2658380047e-01 4.2057101090e-01 -8.3734796866e-02 -1.2730888822e-01 -5.5688756628e-02 -1.0164155301e-01 -2.9855393824e-02 -1.1784097270e-01 2.6590514651e-01 -2.3248005872e-01 2.4050238860e-01 -1.5142523724e-01 -1.2426544188e-01
-7.9960140803e-02 -2.1846309691e-01 -1.7647787500e-02 -2.9548269360e-01 -3.7887894550e-01 -1.1603647666e-01 5.6269963171e-01 -3.5173135775e-01 -1.0053614242e-01 -2.3718539903e-01 -5.0976051138e-01 -2.0428058556e-01 -2.9720616653e-01 4.0199271874e-01 1.7924817494e-01 -6.4168709065e-01 5.3938204473e-01 -4.7831491439e-01 2.4043961148e-01 2.9080337196e-01
2.0919540474e-01 2.5377361654e-01 -1.7498973162e-01 9.9030919860e-02 1.7009512868e-01 1.4423885927e-01 -1.0678073897e-01 2.2593814136e-01 8.5396897166e-02 9.0115022181e-03 -3.7958101887e-01 9.7833884974e-02 3.0814841281e-01 7.7229265835e-02 -8.1374409641e-02 -4.8266655528e-01 1.3464632938e-01 -1.1263767905e-02 -2.8653241868e-01 2.0687625162e-01
1.8532497732e-01 2.9366341554e-01 1.2757581941e-01 -4.3521943165e-02 -5.0150381105e-01 5.3700618356e-02 2.6021062157e-01 9.0973162776e-02 -2.3349313232e-01 -7.9600720650e-02 4.4928600981e-01 4.5201057510e-01 -2.9081726468e-01 5.7087589741e-01 1.2866627275e-01 -2.6990746111e-01 -2.4951282403e-02 -4.9540951836e-01 1.6773715990e-01 1.0430418874e-01
-3.4961393782e-02 4.0431395359e-01 -1.2449620236e-01 -5.3967005443e-01 2.2809910108e-01 1.6710617369e-03 -2.6548718448e-01 8.7260443144e-02 -2.5424118484e-01 3.2748206905e-01 1.9162180289e-01 -2.6626613882e-04 -1.1767115806e-01 2.5646243829e-01 -8.3970905173e-02 3.1534901970e-01 6.3006978486e-02 -5.9062496051e-01 -1.7998748132e-01 -3.3281634209e-01
2.7042295731e-01 2.9681117729e-01 -1.7838686878e-01 4.2794621031e-02 2.0262786829e-01 3.1236291118e-01 -1.3847293151e-01 1.9531456920e-01 1.2958206806e-01 2.6248973970e-01 2.4329431237e-02 4.2315867214e-01 6.2434445810e-02 1.9910801376e-02 1.5231884702e-01 -1.3427780526e-01 9.1944055817e-02 -5.3611912041e-02 2.1266304356e-01 4.4496494026e-01
8.2823180770e-02 5.7815959696e-02 7.1397881404e-02 2.1331739825e-02 1.9287779961e-01 1.4995277103e-01 -1.6248219906e-01 -3.0261571967e-01 -3.3985236265e-01 4.7771958018e-01 -3.2916697146e-01 7.8722777492e-02 3.2108235935e-01 -3.7286256825e-01 3.9217899176e-01 3.1700455390e-01 2.5725644331e-01 1.3993157364e-01 -1.7738340685e-01 8.4312267672e-02
-4.5302692377e-01 -3.0591096517e-01 5.8214884939e-02 6.5515205541e-05 1.2834829651e-01 -5.1171539539e-02 -1.6563103419e-01 -2.0361227840e-01 1.4836524542e-01 3.6862872168e-01 1.2542078511e-01 -1.6517597637e-01 9.7078277960e-03 -3.9862467663e-01 1.2914018009e-01 2.4637942512e-01 2.0689532188e-02 -2.8071130868e-01 -5.6041725729e-01 2.2610133486e-01
2.1233540585e-02 1.2799882515e-01 -1.1476979281e-01 -1.2057095899e-01 1.1706875453e-01 -6.7059030346e-01 -1.0777730919e-01 -5.8237899086e-02 1.4212141103e-01 9.5498632109e-03 5.8298338736e-01 9.1289185206e-02 -1.0611942829e-01 -1.6249858164e-01 1.1543471343e-01 4.9246833065e-01 7.3321721788e-02 7.8442445972e-01 -4.5568197255e-01 -1.5379910883e-01
