2.9169161222e-01 4.1046598830e-01 1.4225359458e-01 -2.2272325778e-02 8.4727296532e-01 -4.0843227980e-01 5.9179754766e-01 5.4958974685e-01 4.4653394269e-01 1.1632060301e-01
-1.0248782514e-04 -6.8093769552e-01 5.8003136417e-02 -1.3051171799e-01 -8.6874166961e-01 -8.7768133956e-02 4.9674428001e-02 -4.1815298852e-01 5.9010325410e-01 -4.5383963222e-01
-3.3402944191e-01 3.1917816292e-01 2.4060740155e-01 -1.8674541482e-01 1.1482980406e-01 -6.1355996040e-01 2.4233141189e-01 -1.3233364362e-01 3.6425950741e-01 3.4708560498e-01
-6.7364513774e-01 2.3529708612e-01 3.0934258360e-01 1.1831152174e-01 2.3303866285e-01 -3.3437610210e-02 -2.8849892066e-01 -1.0722990424e-01 -6.9524505745e-02 6.1328728312e-02
-7.0320055528e-01 3.4199559753e-01 9.7990112852e-01 -4.7600175819e-01 -5.2194112036e-01 -7.4774590101e-01 -6.5741469905e-01 1.0312196543e-01 4.3952103122e-01 5.5144392216e-01
7.9673959972e-01 -5.3428207367e-01 -1.2226775341e-01 5.5742298016e-01 4.8809137673e-02 6.2150959443e-01 2.6641681894e-01 6.7192315480e-01 -4.8801667744e-01 -7.3860197730e-01
-5.0952399411e-01 -5.6302101072e-01 -1.7647448991e-01 7.6213530137e-01 -2.4354579998e-01 7.9698572740e-01 4.4427305076e-01 -1.0130917270e+00 1.0906854493e+00 -4.7366365901e-01
-8.2879966577e-01 -9.3961447141e-02 3.7501700226e-01 -9.0102832602e-03 3.9222014170e-01 -1.0629586480e-01 3.2783442718e-01 9.5869714999e-01 4.8848157035e-01 7.3229690792e-01
-9.8525663301e-02 -3.1723560822e-01 1.1802139731e-01 9.5608775933e-02 5.9039353939e-01 3.4133204431e-01 1.0166993306e+00 5.3629662978e-01 -2.0588409796e-01 -4.6944126404e-02
3.2837826699e-01 4.5584803685e-01 -6.7830019899e-01 -2.3094564768e-02 -1.0032025827e+00 -1.0322940405e+00 -5.1575297523e-01 -4.7248035881e-01 -3.6487616733e-01 -5.1433020678e-01
