-4.0073819795e-03 -6.3697870075e-02 -1.6503232704e-01 6.1202094584e-02 -2.0252495195e-01 4.5143064847e-02 9.5908222055e-02 -1.1948924412e-01 -1.0341772439e-01 -3.2128493065e-02
-4.3837391253e-02 -6.9948220206e-02 -7.8765549902e-02 -3.5003611227e-02 -2.2663558869e-02 -7.1626791898e-02 5.9952530692e-03 2.1319742933e-02 -4.4547049821e-02 1.7048100757e-03
2.0046379920e-02 1.4659891564e-02 -7.8752873338e-03 -3.8362723882e-02 3.7352172443e-02 2.0617586472e-04 2.3850190960e-02 6.9495535645e-03 -1.6163310305e-02 -6.8273260718e-03
-7.7918969471e-02 7.6348830146e-02 -1.8489566012e-02 -5.0681455016e-02 -1.0981618419e-01 -4.6772716906e-02 6.7463563173e-02 -3.1837933102e-02 4.5479371427e-02 -7.6541705845e-02
-3.0394386258e-02 3.3426410519e-02 -5.9113289188e-02 -2.7366478088e-02 -1.6391257042e-01 2.3725553694e-03 2.2468004594e-02 -1.0576242081e-01 -4.4496191159e-02 -4.0775582272e-02
8.7854424642e-02 -1.1719778068e-01 -1.1706047240e-01 3.1897931346e-02 -3.5753184521e-01 2.9438863277e-02 -5.9639014724e-02 -7.6597804316e-02 -1.2283713239e-01 -2.8202322653e-02
-1.4727320147e-01 -4.4999987968e-02 -2.1647581729e-01 1.2153976666e-01 -1.6553180612e-01 4.2415076214e-02 -1.3985231320e-01 -1.4349249520e-01 -6.6912817198e-02 -9.0914009043e-04
1.4807464839e-02 -4.9012196342e-02 -6.4227633079e-02 8.4336106156e-03 -1.1132262185e-01 -3.2621564261e-02 -1.9143272115e-03 -1.0254598083e-01 -2.4317489746e-02 1.3747055496e-02
2.2333207823e-03 -1.0183109375e-03 -2.4930329135e-03 -1.7680868476e-02 -1.0023325075e-01 -1.7656468580e-02 -1.4845083602e-02 -1.0703876709e-01 -1.8038730605e-02 -2.0691437001e-02
4.8651046822e-02 -2.7962459447e-01 -1.6246496758e-01 -1.4955214914e-01 1.1003075158e-02 7.9977719801e-02 -9.6316982853e-02 -1.4955777199e-01 6.4676184687e-02 -5.2121416832e-02
-1.5612344812e-03 -1.1618481848e-01 -4.1001773603e-02 -1.4264683991e-01 -6.7113101366e-02 -4.9396663162e-02 -6.3316067525e-02 -3.2126867756e-03 -4.2976138181e-02 8.1376258026e-02
-7.8630635999e-02 -1.3457210252e-01 -1.0664975456e-01 -3.1524698230e-02 1.4835402309e-01 -1.0288436651e-01 -9.0872413501e-02 -4.9597510216e-02 3.5816094457e-03 -8.7870259129e-02
-2.1507054487e-02 -3.5473727515e-02 -1.0403676879e-01 -5.6606088439e-02 2.3197573461e-02 1.7193667873e-02 3.7555768348e-02 -8.1773348433e-02 -4.7739248520e-02 -6.5368334279e-04
-1.3825689305e-01 -1.1959026534e-01 3.9927990587e-02 2.0435167442e-02 4.4043546706e-02 -5.0160431846e-02 7.8052659679e-02 -1.1542541952e-01 -2.1337956686e-01 -2.0540843528e-01
-2.4574501593e-01 7.3546434885e-02 6.1975610406e-02 -1.3382055300e-01 -2.0362758644e-01 -7.2289614146e-02 -9.8199851347e-02 8.7301265430e-02 -5.3769235813e-02 -1.2218000871e-01
-8.5573980533e-02 1.1928817191e-02 4.0424331987e-02 -7.8329386597e-03 -1.6073416842e-01 7.9236352460e-02 -2.3635665631e-02 -1.2573024036e-01 2.5036462968e-02 -1.5510248707e-01
1.3912996839e-02 -1.0051162661e-01 -2.4502820718e-02 -3.0864859633e-02 -2.0308521866e-01 -1.1648281145e-01 -1.0481067501e-02 -1.5660847628e-01 -4.6208067861e-04 -8.1212994414e-02
-1.8799978085e-02 -2.6398585890e-02 2.9054139203e-02 -3.6518264238e-02 -5.2104494142e-02 -1.1881941353e-02 -2.3926684484e-02 1.1080728838e-03 2.7789561286e-02 -6.5908727972e-02
8.5502053304e-02 -8.9726691070e-02 1.7460474047e-02 6.4325540901e-03 -2.2747313293e-01 2.8884578409e-02 -2.6457752277e-02 -7.8133123266e-02 -6.0692348801e-02 -5.9562515877e-02
4.0713283072e-02 -2.1469373918e-03 -6.1063558449e-03 -2.0227930013e-02 -3.2879493889e-02 -4.7702448150e-02 -4.1022083889e-02 4.7308518055e-03 -1.7679793716e-02 3.0731529380e-02
-3.0379956235e-01 -2.1399788785e-01 -8.9833055091e-02 3.7808343680e-02 -2.7106002028e-02 -2.4603855218e-03 -3.0124292498e-01 7.1234639475e-02 -1.5759641656e-02 9.6276940530e-02
2.4925928423e-02 -1.7065708514e-01 7.3456899315e-02 -5.9005258478e-03 -1.5614936268e-01 2.5309341689e-02 -4.9929886440e-02 -1.0173790689e-01 -6.7572076552e-02 -8.7490405897e-02
-1.6345132951e-02 -5.0335327451e-02 -3.7551427291e-02 -5.1612982685e-02 -1.0383488987e-01 -1.9304933770e-02 -2.4229714370e-02 -3.2787634161e-02 -1.2052261592e-02 2.0518312988e-02
1.3431331220e-04 -6.3993001201e-02 -6.0297834836e-02 -3.1404151011e-02 1.6592484076e-02 -3.1956892752e-02 4.7932025091e-02 -5.9020164717e-02 -1.9005294055e-02 -5.7640487440e-02
1.5733584626e-03 6.5679876275e-03 -1.6073167333e-03 -8.2293788153e-03 -1.0831924228e-01 -3.2080966422e-02 8.8340852896e-02 3.1747016978e-03 8.0239830188e-02 -4.7319136684e-02
-1.4930488655e-01 -7.0252524092e-02 -1.8660872783e-02 7.8977667579e-02 -2.0292940012e-01 -1.7479429618e-01 -1.8576435427e-01 4.3743527372e-02 -4.3174370177e-02 -1.7877325428e-01
-9.8299124890e-03 -1.3003235648e-01 -1.7257672896e-01 4.4517808598e-02 -8.9200109491e-03 3.1069816230e-02 -1.3101302021e-01 -2.2837518809e-01 1.0733668411e-01 -1.1925354400e-01
-8.5475427119e-02 -8.4864655215e-02 9.0266397480e-02 4.8099448987e-02 -1.6615739056e-01 7.7862853927e-03 -1.4742072302e-01 -5.1981583825e-02 -1.0510791655e-01 -1.9180670516e-01
-1.5385360613e-01 -1.7280568288e-01 6.2207411128e-03 -1.7309014706e-01 1.0340338637e-01 3.2426992231e-02 -8.3843148436e-02 -9.9467299870e-02 -1.6794138607e-01 7.0520413279e-02
-5.9207238106e-02 5.9065353934e-02 2.9864911276e-02 -1.1948057693e-01 -1.7186569443e-01 7.6516518546e-02 -1.7757718784e-01 1.1562642201e-02 -5.0543928797e-02 -1.4341625237e-01
-1.0482620439e-01 -4.4153176944e-02 2.5493673158e-02 -3.5636724402e-02 -1.0004660886e-01 -3.6835000533e-02 -4.4004416005e-02 2.2853923685e-02 -1.6018658671e-02 -7.0632800153e-02
-8.2946686612e-02 -6.8831165273e-02 -7.8165751066e-02 3.3193095527e-02 -4.2626516551e-02 -1.3211275499e-01 -1.6910971947e-02 4.3834214030e-02 -6.6090914661e-02 -9.4824374482e-03
-9.6057857961e-02 2.8816994539e-02 -1.1559903860e-01 -5.2127687972e-02 7.5186280118e-02 -1.1978688579e-01 6.9663843160e-02 1.1785325022e-01 -2.1865465547e-02 -1.7333120114e-01
-1.0752519353e-02 -1.4185546002e-02 -5.6043541502e-02 4.0001654366e-02 -1.5404717588e-01 -8.0382586241e-03 3.5064456710e-04 -6.0038786088e-03 -5.3974792324e-02 -1.6118078815e-01
-5.5000797145e-03 6.2017934178e-03 -3.3030759211e-02 -2.8272378950e-02 -3.8169699252e-02 -4.9478577940e-02 -4.3623789422e-02 7.4567052876e-02 -2.5750173710e-02 5.7861324686e-02
2.3058283229e-02 -5.8476243694e-02 -2.1736256881e-02 5.6466680513e-03 -1.0398674590e-01 -3.8621870823e-03 -4.9262893532e-02 -2.5367817726e-02 -2.8302521397e-02 2.1291070687e-02
-5.9207839877e-03 -2.2744910173e-02 -2.4527914392e-03 -1.4027685696e-01 -3.8181646497e-02 -2.4257425782e-02 1.7011630672e-02 -5.9065273563e-02 -3.6105130791e-02 -4.3319163928e-02
-1.0806829386e-02 1.9741723346e-02 -1.1195659527e-01 -4.8751587114e-02 -1.8152784476e-02 -1.4452579876e-02 6.0212206269e-02 -5.9001567099e-02 -4.1920773918e-02 -3.9146762069e-02
-4.4912670380e-02 -6.0145474629e-03 -5.3105652155e-02 -4.0066254826e-02 9.5321443926e-02 -5.9946979594e-02 -1.4295217911e-04 -4.3663700752e-02 -9.9547392042e-03 -8.5848758729e-02
-3.2585947346e-02 -7.5380388809e-02 -4.9373818725e-02 -7.3615040921e-03 -3.1870293614e-03 -2.0844165978e-02 -3.3356920597e-02 -4.9776612040e-02 -1.9301214604e-02 -3.4477478109e-02
-3.3895001280e-02 5.6293991672e-03 -5.6120750599e-02 -4.6201956372e-02 -4.0293822656e-03 -2.4710248798e-02 3.7421217816e-03 5.0654612863e-03 -3.1669904616e-02 -5.8224980697e-02
7.8747865155e-03 8.5471409984e-03 -3.0315870278e-02 -3.8056337047e-03 -2.4632372470e-02 4.7869678772e-03 -2.4991114967e-02 -3.5772919574e-02 -1.4037314105e-02 -2.8095150810e-02
-3.4133538977e-02 -5.5137911014e-03 9.5198414766e-03 2.2973915069e-02 -3.4865373786e-01 2.9382244072e-02 -6.7557668921e-02 -1.9245675097e-01 5.9003462510e-02 -2.4020814723e-01
-6.2730165823e-02 -2.2576728341e-01 8.9213953715e-02 -1.8499158082e-01 -1.9127770120e-01 4.3525551011e-02 -3.1828934326e-01 1.5075573624e-01 -3.5408360486e-02 -1.2971617390e-01
-2.8426142253e-02 -3.7809382138e-02 8.4045046849e-03 -1.6478131384e-02 -4.5702499866e-02 2.2283974617e-03 -3.9091733120e-03 4.2304168741e-03 1.1733413769e-03 9.2244896391e-03
-2.7554674449e-02 -1.5036726561e-02 -4.9416399873e-02 -4.1738454221e-02 1.5809492375e-02 -4.2084887264e-02 -5.4544030600e-02 -4.2248386405e-02 -1.5662306750e-02 -2.1855986442e-02
-9.1503155339e-02 -1.7494197909e-02 -4.0253518770e-02 -2.1721454648e-02 -1.7507264786e-02 1.4151669313e-02 3.2261606046e-02 -9.4911991799e-02 3.2583660928e-02 -4.7463884025e-02
1.8683944855e-02 -3.2585740098e-02 2.8622086408e-02 -2.2831806739e-02 -9.1234427595e-02 1.4381871290e-02 -2.6194788153e-02 -2.4139664352e-02 -8.6824600813e-03 1.3527361803e-03
-8.0182172932e-02 2.6348569761e-02 3.2692740500e-03 -4.7227045022e-02 -1.0631662219e-01 3.7438692426e-02 5.3252525934e-02 -1.4338819512e-01 -5.3349099572e-02 -1.0353805214e-01
2.0899943866e-02 -7.0963609028e-02 -1.3030990644e-01 -5.7251400490e-02 -6.1345196269e-02 -4.4008080593e-02 -1.5544976874e-01 -3.7517093906e-02 -1.3938415266e-01 8.5690473100e-02
-8.7034027400e-02 -1.3752512716e-01 5.3570317332e-02 -1.1346158130e-01 8.1977024182e-02 -5.5568605726e-02 5.9342938284e-02 -8.2561369371e-02 -1.9965142017e-01 -2.8924245403e-01
-5.4723317838e-02 -4.2778626404e-02 -4.8500909393e-02 -5.5964964873e-02 -1.1758225917e-02 -2.6706033882e-02 -4.1999210753e-02 3.2734721339e-03 1.2874791880e-02 -9.9126135306e-03
-8.0025908467e-02 5.1603117434e-02 -1.5087372030e-01 -1.7527004306e-01 1.5470421231e-01 7.0771656646e-02 -4.8005055503e-02 2.0774091648e-02 8.1040136451e-02 -2.0328624238e-01
1.6970419940e-02 -2.9131735918e-02 -7.8967079281e-02 -2.1103919282e-02 -4.9813542375e-02 -7.1360184039e-02 5.8978534614e-02 -2.0930257749e-02 2.3869695171e-02 -1.1336730787e-02
7.2137948943e-02 -1.1931094940e-02 8.6424970906e-03 2.0551617262e-02 -8.4556672388e-02 2.7752404925e-02 -7.9059932040e-03 -4.0140779309e-02 -3.8184361701e-02 -5.2531426482e-02
-7.8315020942e-03 -1.0523096684e-01 -8.2874126789e-02 -9.5203859683e-02 -7.2435511395e-03 -1.2589532736e-01 5.9728987348e-02 3.1911661896e-02 -7.1837438124e-02 -5.0993606243e-02
-2.2040782029e-02 -1.8827454479e-03 -8.7947656684e-02 -2.8779815942e-02 -1.3383944205e-02 -6.7362393262e-02 4.6093908895e-02 5.6655958571e-02 -5.5244492676e-02 -1.5924626366e-02
1.9913379333e-02 -4.1510880971e-02 8.4988195464e-03 -1.6579438822e-02 -1.8528368573e-02 4.3428005047e-02 -6.2398790688e-02 -5.9997513069e-02 -1.6273473840e-02 -2.7964313654e-02
-5.7234047157e-02 -2.1396150382e-01 -1.0494905495e-01 5.3095541519e-02 -1.1028494027e-01 -9.1210745229e-02 -2.9676506130e-02 -1.7509745463e-01 1.3217880206e-01 5.9635843747e-02
-8.8484698120e-02 -1.9565514683e-01 -7.3390556831e-02 2.0451267920e-02 -5.5497246616e-02 4.5307175923e-02 -7.9721661044e-02 -1.1508426756e-01 -1.0294576527e-01 7.0806231025e-02
3.8599409672e-02 -1.7232324868e-01 2.2134485279e-02 -7.5227415085e-02 -3.7243360964e-02 -7.3057953878e-04 -3.6953080239e-03 6.2035806621e-02 -1.3784654132e-01 -1.2886466630e-01
2.9473605201e-02 -6.3552204785e-02 1.1778652582e-03 -7.8356670293e-02 -1.7973702055e-01 2.7985368263e-02 3.6677287693e-02 -1.1459632630e-01 -2.3071913428e-02 -1.2128805977e-01
-7.0131653772e-02 -5.3224764277e-02 -1.5896496506e-02 -4.0339104021e-02 -3.9018886107e-02 -6.1522848319e-03 -2.7149519369e-02 -1.7280632635e-02 2.3243050451e-02 -7.0292970452e-02
-7.4746497077e-02 -5.1692683609e-02 1.0858574146e-01 1.3574414285e-02 -2.8186708672e-01 -1.7101186278e-02 -3.4448193643e-03 -4.4560206663e-02 4.9542437643e-02 -1.4663425488e-01
1.5047120749e-02 -1.6692589916e-01 -8.3765606107e-02 -9.3506143560e-02 -7.0273206273e-02 -1.1806862604e-02 -5.4033193127e-03 -7.0545304585e-02 -4.9874418940e-02 -1.3367436974e-02
-6.2836776774e-03 -6.5378597377e-04 9.4750508367e-02 -2.8468429842e-03 -2.7879940728e-01 8.1713984895e-02 -1.1235106652e-01 -9.2873122886e-02 -1.5839843440e-01 -1.5307537316e-01
-2.9461764926e-02 2.1157819311e-02 -1.0155238686e-01 3.9217417798e-02 -2.2143524381e-01 3.4246471788e-02 -6.3133146098e-02 -9.3728355147e-02 -3.9058137252e-02 3.1328810124e-03
4.0406019550e-03 -5.3433434404e-02 -6.7124410379e-02 1.2311446839e-02 -2.1405464600e-02 1.8547733307e-03 1.7462011414e-02 -2.7405446398e-02 -5.2006118011e-02 -1.6874279334e-02
-5.3615918639e-02 1.9441463894e-02 4.2621767189e-02 -3.6722082704e-02 -5.5292414070e-02 -1.8596350913e-02 -5.3632207752e-02 7.4773143677e-02 -3.2608271064e-02 -7.5564850750e-02
-1.0663013584e-02 1.6155897829e-02 5.5402420215e-03 -3.3466301050e-02 -5.1774020985e-02 3.5449215921e-02 -1.0836614287e-02 -4.3590296088e-02 1.5093742620e-02 -3.0560299912e-02
-1.0479554078e-01 -1.4449566676e-01 -1.3337062987e-02 -1.0973145076e-01 5.7178198636e-02 -1.7564927954e-01 6.3608040412e-02 -2.8017873954e-02 -1.2239967427e-01 2.2527631301e-02
-1.6019391947e-01 -7.1744965299e-02 -6.1149490552e-02 8.5307374743e-02 7.3255400128e-03 -5.9179013011e-02 -1.7440157364e-01 -3.1053323901e-02 1.0143618581e-02 1.4484878158e-02
-4.5737580307e-02 -3.5747547102e-02 -5.6903414278e-02 3.7488834513e-02 1.3043145752e-02 -8.2976653421e-02 3.7514504845e-02 7.6679216383e-02 -2.7617065387e-02 -3.6168982769e-02
7.7525543528e-02 -1.0986156970e-01 -5.7175807491e-02 1.2476217014e-02 -2.4938691813e-01 -4.9998896603e-02 -1.9027295490e-02 -5.9715989404e-02 -3.7661086124e-04 -2.0600010320e-02
6.0255921479e-02 2.3597590671e-02 3.6012568304e-03 1.3222926404e-02 -3.0688740454e-01 3.4992198670e-02 -6.6311763534e-03 -3.9777600617e-02 -1.6144589970e-01 -1.3879423800e-01
1.1210406397e-01 -8.2234451838e-02 -1.3327912220e-01 -3.2921610787e-02 -7.2432122347e-02 -1.5309606592e-02 -5.4141681180e-02 5.0457415614e-02 -1.2740708327e-01 -4.1225533287e-02
-8.8643608851e-02 -1.1913553872e-01 -6.3008602790e-02 -3.1717668658e-02 5.6498665319e-02 -5.4887654331e-03 -1.9155058821e-03 2.3899262161e-02 5.1228750271e-02 -1.4353603859e-02
-4.0785955704e-03 1.5294837849e-03 -2.8683996794e-02 -3.1015682269e-02 -3.6578458826e-02 1.3969848601e-02 -2.7443716780e-02 -5.3885110634e-02 1.6050264386e-03 -3.5766897053e-02
-1.4076384133e-01 -5.8244242888e-02 8.0386208096e-02 3.2738469445e-02 -1.7420629920e-01 -2.4214369401e-02 -1.1130669721e-01 8.6289324780e-02 -2.5270667983e-02 -5.1421370032e-02
-2.6908228654e-03 -1.0378374349e-01 -1.8296206849e-02 -4.4630521565e-02 7.7235783058e-04 2.3031685818e-02 4.3730071143e-03 -4.5919204779e-02 -2.4171508275e-02 -9.7761231044e-03
-7.4424812521e-02 -1.8959896399e-02 -6.5071625332e-02 -4.9644909724e-02 -6.6501107787e-04 -3.9804049080e-02 -1.7999688020e-02 3.0724689607e-02 -1.3835998903e-02 -3.8313567832e-02
-1.5075591903e-02 -5.8823233582e-02 -4.1467548399e-02 -3.7332511359e-02 5.3651876681e-02 -2.1387767834e-02 -2.9895267626e-02 -2.5856283089e-02 -2.9434106234e-02 -1.7478153377e-02
-1.7340853871e-01 1.1990626068e-01 -9.4038588675e-02 -5.0132010561e-02 1.4599720994e-02 -3.5858086266e-02 -6.6201013907e-02 7.9635853755e-03 -6.0041474558e-02 -1.0782289158e-01
-2.5045869314e-01 2.1883295692e-02 -3.9369351584e-02 -1.0650531021e-01 2.6248439792e-02 -2.3690519168e-01 5.6207654315e-02 -2.2320121461e-02 1.4148191235e-01 -1.6132040523e-01
-3.0188617949e-01 9.1040264009e-02 -2.2737267695e-02 8.1133419596e-03 5.2649539083e-02 -2.1567078667e-01 -1.5150828455e-01 -2.0516943529e-02 8.3474508825e-02 -1.0058668487e-01
-7.2643335235e-02 4.9854166256e-02 8.5834513800e-02 -7.1587107403e-02 -2.5476628031e-01 -3.6814504543e-02 1.8132141947e-02 -6.2647621174e-02 -4.2895887706e-03 -7.9057909421e-02
3.6691197943e-02 -7.7243421296e-02 -8.0683915896e-02 -3.8935852947e-02 -1.5807733257e-01 -6.6818176591e-02 2.5833799089e-02 -3.0139530951e-02 -4.6604742347e-02 -3.9987006823e-02
-2.6729240380e-02 -1.2874559473e-01 -1.7341825177e-02 -5.9049138244e-02 -3.3081574220e-02 -5.2319084624e-02 -2.3738435703e-03 4.0474696371e-02 -2.6536656708e-02 -5.0887684062e-03
2.9797591784e-02 -6.8429409143e-02 -4.4663505066e-02 -4.3629247110e-02 -9.9198523144e-02 1.4619664737e-02 9.1896181378e-02 -6.3823808777e-02 -8.7655393055e-02 -1.1773166127e-01
9.9951404351e-02 -4.3355767040e-02 -2.1011823111e-02 -1.2289176250e-01 3.0506030822e-03 1.2881646505e-02 5.1604675320e-02 1.0094460994e-01 -1.5559156536e-01 -7.5624436651e-02
-2.4135501458e-01 1.7997014031e-01 -2.9779680729e-02 4.6460850676e-02 -2.1705857587e-01 -1.7131109899e-01 -9.6305591955e-03 -1.5247761918e-01 -7.4612476301e-02 -4.7245920260e-02
-3.6665010952e-02 -1.1490782700e-02 -6.6676805235e-02 -9.8844925457e-02 9.0117284434e-03 -9.7298129206e-02 3.9936527872e-02 4.7377182987e-02 1.0065728585e-05 -3.4336817432e-02
-3.1333756431e-02 -9.3171350582e-02 9.9606744805e-02 7.0136068924e-02 -2.7242367046e-01 -7.4244521660e-03 -1.4122992582e-01 -8.8685945980e-02 -6.8313946785e-03 -1.6990014182e-01
-1.0683013305e-01 -1.3737653891e-01 -7.6953819493e-02 -6.2557795061e-02 -8.1788992368e-02 -1.6492968306e-01 -2.4616485598e-02 7.0897861859e-04 1.5713247081e-01 5.9791637905e-03
-4.7972979730e-02 1.7986821427e-02 -1.6365103594e-02 -5.5380592697e-02 -5.7910408651e-02 -8.0827758200e-02 -1.4144010173e-02 -2.1241943190e-03 7.2927822983e-02 -3.6900955253e-03
-1.3827147265e-02 -6.2348278309e-02 -2.5050248328e-02 -4.4534457776e-02 -1.6118142405e-01 2.4364459521e-02 -6.8585279813e-02 -1.1406005608e-01 -8.4942743139e-02 -7.6942460984e-03
2.0725499269e-02 -1.2857779879e-01 7.4338419977e-02 -1.1872701443e-01 -6.7707616264e-02 -2.1105375757e-01 1.2153456732e-01 9.6212282584e-02 2.1599521689e-02 -6.1289955087e-02
-1.0178054919e-01 -6.6870872917e-02 -1.7724877066e-02 7.2887738936e-02 -9.1151643379e-02 -4.2764752855e-02 -1.8773267246e-01 -1.2552299740e-01 -8.5303495423e-03 5.3652590831e-03
-5.4379175961e-02 1.4866231936e-01 -1.5143112053e-01 -1.9550531684e-02 1.5380213852e-01 -1.9026238424e-01 -6.5980591573e-02 -5.3080812817e-02 -4.9490045805e-02 -8.7353804719e-02
-7.2752516137e-02 -2.5890622371e-01 -1.8735617604e-01 1.0022434177e-04 -7.6353446940e-02 -1.1411052597e-01 -1.9733595478e-04 -7.1684267714e-02 1.5241811983e-01 1.2645041212e-01
-6.5841884548e-02 -3.6861210825e-02 -1.6798995489e-01 6.6213668498e-02 -2.8487328078e-02 2.9842753464e-02 -1.1910728828e-01 -1.3035199846e-01 4.1795869707e-02 8.3482908284e-02
1.2021825172e-01 -2.7771310650e-01 9.5946305154e-02 -3.3447389816e-02 8.7029363600e-02 -3.9685322208e-01 -1.7359792533e-01 -3.5525687255e-01 -5.4343431723e-03 -4.4770817673e-02
-6.8892695581e-02 1.6022770093e-02 -3.3878400445e-02 -4.5531061318e-02 -3.8689451888e-02 1.3541270079e-01 7.6210245127e-03 -1.8679700577e-01 6.0501097391e-02 -1.1547237703e-01
-3.4008867625e-02 -2.2752895924e-02 -4.1120774340e-02 -1.5575854731e-02 -6.3763309199e-02 -8.8307176714e-03 -5.1836472961e-02 -1.9059456508e-02 -6.4510807531e-03 1.6756001073e-02
-1.1149096963e-01 -7.6043132700e-02 -4.6658730597e-02 -1.1542606370e-01 -1.2119318434e-01 5.8587615269e-02 -1.1467798865e-02 -3.0098173476e-02 -1.8261681969e-02 7.0816172913e-03
-3.1289254572e-01 1.0298827497e-01 7.6930238073e-02 2.2010078441e-02 -2.0327636322e-01 -1.4782883318e-01 -1.1098090883e-01 1.1476051917e-01 -9.9514223346e-04 -1.6700812015e-01
2.1974420881e-02 -1.4098573105e-01 -2.9131015738e-02 -6.6007951498e-02 -5.8053031877e-02 -2.5335313647e-01 -1.1707634129e-01 -1.2198044393e-02 3.5374449183e-02 4.7042634690e-02
-1.5672245306e-02 -2.9355590241e-02 -5.8143220700e-02 -9.7276215680e-02 -1.8819157983e-02 -6.2433138858e-03 -6.0478115099e-02 -1.4651184885e-02 4.8046703635e-02 -5.2678613073e-02
1.1223858859e-03 -8.7999065163e-02 -4.1071664223e-02 -2.8536130305e-02 3.7601199241e-02 -2.6466003189e-02 8.7445602347e-03 -7.3244740093e-03 -3.9304063779e-02 1.6994968001e-02
-9.9338014307e-02 -1.1806378086e-01 -1.7805155557e-02 -1.0567149205e-01 -5.0743923999e-02 -2.1139835237e-01 -4.0118795217e-02 1.1408811504e-01 -1.8618483663e-01 3.5617046562e-03
-2.2852194879e-02 3.2759611778e-02 -1.1037193655e-02 -1.6645682431e-02 -1.9101355237e-02 -2.6464216532e-02 -3.2639259724e-02 -4.2919447799e-02 -2.8654547873e-03 5.8486718504e-04
-8.3079074567e-03 5.8827350473e-02 -1.9636093488e-02 -2.2008258024e-02 -2.7677050751e-02 -1.5434455389e-02 1.9197703279e-02 8.2481240819e-03 4.4019667341e-03 -2.7165052801e-02
3.8053318091e-02 -9.6266279757e-02 1.4466819251e-02 -6.2415631235e-03 -2.9041277575e-02 2.1783570589e-02 8.2858455316e-03 -6.5663515166e-02 -6.3377607602e-02 6.5874085118e-03
-7.6720752293e-02 -4.8143259367e-02 9.1153355116e-02 -4.4634471744e-02 4.8916807244e-02 -1.8693347676e-02 4.4997381266e-02 -2.4482578408e-01 -8.1380544122e-02 -1.9330862886e-01
-1.3321068643e-01 1.1356158340e-01 -2.6690006462e-01 -1.9797274116e-01 -1.0462397581e-01 1.3604242466e-01 -7.7824415103e-02 -3.6050790906e-03 -9.8310862123e-02 4.6779271637e-02
-6.6038443746e-02 -5.8940465211e-03 -9.3371525643e-02 -1.5600036483e-03 4.3419489740e-03 -4.7682985452e-02 -3.8972289331e-03 7.8708763925e-04 -4.9838026723e-02 -4.0872049730e-02
1.1055557997e-03 -6.9281270809e-02 1.0801908710e-02 1.1934681602e-02 -8.6712133410e-02 -2.6732962573e-04 1.5165070167e-02 -8.4003112040e-02 -6.7024404771e-02 -8.0641798332e-02
4.8997023125e-02 -9.5164319604e-02 -3.2437182243e-02 2.9503410136e-02 -2.5409243581e-01 -1.9801286943e-02 -1.0674939502e-02 -5.8465973682e-02 -1.0187989256e-02 -3.4758705810e-02
3.4948786343e-02 -1.6937060465e-01 1.6431929198e-02 -9.1993936748e-02 -4.1605099686e-02 -1.4950590193e-01 2.1079355888e-02 -6.3769546806e-02 3.9503724195e-02 -6.7462459175e-02
-3.7731761241e-02 -3.7012343547e-02 -1.1123459757e-01 -5.1700473168e-03 -4.6640800271e-02 -3.7983193102e-02 -2.3407643251e-02 -2.3329500797e-02 -2.0848578426e-02 -2.0271925590e-02
-1.4990202998e-01 -4.1569040578e-02 -1.0680194727e-01 -8.8698350353e-03 5.0534969862e-02 5.0951695670e-02 -1.2540596369e-01 -2.5073136797e-01 1.0204791996e-01 6.4959718074e-03
-1.0369966482e-01 -3.8422049186e-02 -1.5022088627e-01 -5.9413375277e-03 2.2869152012e-02 -6.2941586839e-02 -5.5249954980e-02 -3.5264761891e-02 -2.5797366471e-02 -7.8467246908e-02
-4.4998054868e-02 -6.0516093379e-02 -1.7769559074e-02 -5.1481290878e-02 -7.6947338731e-02 -5.8289514554e-02 2.0472579916e-02 4.4110679881e-02 2.7093292736e-02 -2.1582205774e-02
-3.6653336032e-02 -1.5607141189e-02 -6.2773076416e-02 -5.9738150187e-02 -7.4497703116e-03 -7.5355777111e-04 -5.9584778154e-03 2.3688640188e-02 5.7135976214e-04 -5.6346904878e-02
-1.1769023587e-01 -2.4260877504e-02 -9.4917030520e-02 -6.7212132511e-02 -2.1573894603e-02 -4.2358574908e-02 -2.7196794268e-02 -8.9387854205e-02 -1.9210938479e-02 -9.6758556853e-03
2.8007324802e-03 -6.1885351709e-02 -9.9321119283e-02 -1.2314410814e-01 -4.1021529108e-02 4.2851326329e-02 1.4003285201e-01 -7.4911225073e-02 -1.2352348242e-01 -1.9918240662e-01
-2.1038984209e-01 -5.8396212821e-02 -9.6810779194e-02 -1.1090900314e-01 7.4657262305e-02 -1.1876750320e-01 -1.7674506620e-02 3.3668823244e-02 -2.2975495672e-03 5.5620039227e-03
1.3361391620e-01 -3.7271617904e-01 -5.9399295305e-02 4.5266399924e-03 -7.5794946188e-02 -7.7773857933e-02 -1.2744985167e-01 9.6840500601e-02 -2.6508064889e-01 -1.3340390783e-01
-2.0921795863e-02 -1.6552663609e-01 1.9498976168e-02 -1.4101784918e-01 -1.2819743659e-03 -1.5099463814e-01 9.0899332394e-02 -1.5904924565e-02 -6.2736545854e-02 1.6380275445e-02
-2.7124165383e-01 1.0363383478e-01 2.0056189718e-02 8.5964953462e-02 -1.9950711240e-01 -1.6727372398e-01 -6.7807376048e-02 -7.7620006747e-02 3.0441570416e-02 -3.1991638717e-01
3.5817551121e-02 -1.8467651586e-01 -5.1271931366e-02 3.5163240434e-03 6.6562353605e-03 -2.0594601029e-02 2.3236599296e-02 -8.6267579877e-02 3.8738179781e-02 -3.4884321150e-02
-2.5851979098e-02 -4.4574813834e-02 -7.9956054288e-03 -4.5315653379e-02 -9.5449049929e-02 4.7320083202e-03 -5.3836452198e-02 -5.3787479630e-02 -1.4094957885e-02 -1.7930063631e-02
3.0909910212e-02 -1.3360229945e-01 2.4315181046e-02 -4.8407334450e-02 -7.9589181254e-02 -2.3407422241e-02 -6.0862949254e-02 -1.7006176353e-01 -4.2076572680e-02 -1.1042621474e-03
-9.2088932911e-03 -7.7654502484e-02 -8.5939535415e-02 -1.3073759600e-02 -2.3937747451e-02 2.0975825785e-02 -1.3255039576e-01 -7.2701406892e-02 7.1497558000e-04 5.6871656073e-02
-9.6257313674e-02 -5.3897745940e-02 1.3259098520e-01 -7.9179767398e-02 -2.7450032702e-02 -1.0551807675e-01 -3.9999142020e-02 -2.4831863971e-01 -6.0184535419e-02 -6.0107009978e-02
1.9790617933e-02 1.2657908542e-02 -5.1659121907e-02 -1.8169187835e-02 1.1673840533e-02 -4.7525306448e-03 -2.1411406384e-02 -4.0472221365e-02 -3.6061366915e-03 -2.1751657195e-02
-8.6669666155e-02 -4.4577669773e-02 -1.5857652485e-01 -8.6961775666e-03 4.3115067280e-02 2.6838753838e-02 -1.1770666732e-02 -8.5814707385e-02 3.0715075282e-02 -3.1127957464e-02
-1.9346663350e-01 -6.6542028312e-02 1.3939396641e-01 -9.5359759759e-02 -1.3248845207e-01 -4.2272883690e-02 -1.2285636167e-02 -1.2291137891e-01 -1.9307747759e-01 -3.7340041212e-02
-1.7092995048e-01 1.0456997238e-01 1.9072818713e-02 -1.2150914060e-01 -9.8295469106e-02 -1.4110104373e-02 3.2199184523e-02 -2.1592095067e-01 1.1059605981e-01 -2.6342561267e-01
2.0087614845e-02 -5.8086335530e-02 -1.7345281258e-01 -1.1131947549e-02 -1.4661031409e-01 6.4099567737e-02 -4.2506779912e-02 -2.4973480152e-02 -2.1851687544e-01 -1.4994358445e-01
-7.5723570021e-02 1.9651061379e-02 -5.2370874376e-02 8.3554255538e-02 -2.9029880393e-01 6.2357353620e-02 -1.4717950154e-01 -2.9920288837e-01 -3.6762449158e-03 -9.4411747086e-02
3.3172584658e-03 -1.1890699818e-01 -5.8357111214e-02 -4.6870197565e-02 5.8172328411e-02 2.2092608046e-02 -7.5249702440e-03 -7.3420568656e-02 6.4781066707e-02 -1.0235196802e-01
-7.5590970828e-02 -1.0023141180e-02 -5.8844099927e-02 -4.2533895946e-02 -8.1622990766e-02 -5.0222342188e-02 -3.9705061144e-02 -4.3288219070e-02 -4.0785828473e-02 -7.3302932894e-02
-3.9027032191e-02 -4.1762775416e-02 -3.1943234585e-02 -2.6978217713e-02 -3.3883591673e-02 -1.2178188231e-02 -3.3942925377e-03 -9.4574021050e-02 -1.6488475931e-02 -5.2198849737e-02
-4.4825595033e-02 2.0022308963e-02 -6.8504277795e-03 -4.7021191504e-02 -7.5876836150e-02 -6.2382702271e-02 1.5372372655e-02 -6.6180948708e-03 -2.7906581945e-02 -7.2183814133e-02
5.0343657541e-02 -1.0970098147e-01 -3.7297987532e-02 -2.1009627042e-02 -7.8810229669e-02 -3.3898148736e-02 -1.4249230502e-02 -1.1088737046e-01 -2.0612329481e-02 -1.4688309561e-03
6.2619798231e-02 -1.0858714399e-01 5.2142801649e-02 -3.0624221506e-01 -1.9473607768e-01 3.9376024533e-02 -5.0098876593e-02 -1.2238901778e-01 1.1377080268e-01 -1.5319398933e-01
-2.8268748108e-02 -2.4438463042e-02 -3.8695776449e-02 -6.0358670482e-02 -7.3182685764e-03 1.9525884601e-02 2.5777891839e-02 -2.1360183269e-02 3.3981325483e-04 -7.7759703116e-02
-1.1270645831e-01 -3.6891584833e-02 -6.3535950664e-02 -2.1636632768e-02 3.3518167617e-03 -1.1080385926e-02 -1.1355175039e-01 -3.5074013959e-02 -2.2130876889e-02 -2.5270041683e-03
-1.6578696393e-02 1.3956164941e-02 -6.5819604326e-02 -2.7199321949e-02 2.7114058072e-02 -5.3433455749e-02 2.3591528019e-02 -2.6935493683e-02 -1.4895516467e-02 -5.2520227303e-02
-7.7206467502e-02 6.8809871807e-03 -2.6226386629e-02 -6.9547726745e-02 1.0226836161e-01 -2.4403416727e-02 -6.4600137492e-02 -2.6545312093e-02 -8.2331920085e-02 2.4542327985e-02
2.3600774210e-03 2.2454013017e-02 -6.0758192267e-02 -1.1155833115e-01 1.2677329103e-02 -7.4142243308e-02 3.9602146164e-02 -3.4034807775e-02 4.8720367784e-02 -7.7045720835e-03
-1.7858531620e-01 -1.4756708100e-01 -2.6641870040e-02 7.4330972478e-02 -1.9279078425e-01 -9.5702211059e-02 -3.4233742848e-01 7.3898403412e-02 -5.8283509692e-02 6.0096807854e-02
-1.9661033755e-02 -7.1327175785e-03 -6.6875544052e-02 4.7113138156e-03 -1.1827871116e-01 -1.3247186746e-02 4.5147826290e-04 -2.2990257302e-02 -5.1834081096e-02 -3.4875916551e-03
7.5113346200e-03 -6.5430454648e-02 -6.8266598693e-02 4.4326159017e-03 -1.2297676739e-02 -2.2743007185e-02 8.0115688641e-03 -7.0093118246e-02 -7.4258578798e-03 5.6203476274e-03
-2.9322744784e-02 -3.8310257498e-02 -3.8074816712e-02 -5.1081268124e-02 2.1903777649e-04 -1.3175289461e-03 3.7576621687e-02 -4.6228187995e-02 -4.3182781712e-02 -9.0893356221e-02
1.7706591151e-03 -4.3397011424e-02 -6.8379351121e-02 3.6103174901e-02 -1.3322277944e-03 -3.2250986549e-02 1.3820043668e-02 4.3065191836e-02 -3.8559824702e-02 1.0885833411e-02
2.1920844896e-03 -8.6462048506e-02 -2.7856936304e-03 -5.0192407361e-03 -1.4127520816e-01 -1.1228950896e-02 -4.5674063901e-02 -9.2716572067e-02 -2.0780293012e-03 -1.2319231891e-01
-2.2586551816e-02 -1.8887103209e-02 -5.4672883907e-02 -4.7330007079e-02 5.0993299978e-02 -4.4045232433e-03 6.5641724246e-03 6.8627500964e-03 -1.7179598557e-02 -3.2603808154e-02
-1.5689546225e-01 1.0149240732e-01 -1.5998480513e-01 -8.0973502373e-02 2.8767240525e-02 -5.8107909896e-02 -7.7551489498e-02 -3.7129578389e-02 -5.9397683705e-02 7.7457136258e-02
-8.2199503958e-02 -1.1031340189e-01 -4.2515398124e-02 -6.2644920615e-02 -1.3510742168e-01 -1.3700150554e-01 1.0325442784e-01 1.7038127272e-03 4.2583457979e-02 -4.6601944715e-02
3.8432821217e-02 -1.2659431137e-01 -1.2686132531e-01 7.9429014210e-02 -1.7262370871e-01 5.5391482001e-02 -6.3696467304e-02 -9.9495293914e-02 -5.6023894001e-02 -7.0658497106e-03
-6.0206107932e-03 -2.5655894531e-02 -1.0636214457e-01 -4.5999672143e-02 -1.9565754031e-02 -4.0177968093e-02 7.4910633744e-03 2.2954187765e-02 1.3015256295e-02 -3.0926017799e-02
-1.6819749622e-02 -1.3992949859e-01 -1.2306892619e-01 1.3292716346e-02 -1.3024709715e-01 6.4723608944e-02 -1.2122972114e-01 6.0088023425e-02 -3.1889249451e-02 -4.8786904440e-02
3.9320445253e-02 -1.8652445878e-01 -1.5286449710e-01 -2.2881699655e-01 -2.0060883736e-02 3.6379776159e-02 9.9051722743e-02 -1.3365124480e-01 1.6437262923e-02 -7.4329367981e-03
-1.6004628693e-01 -1.3618803658e-01 -4.3121476605e-02 1.1023398160e-01 -2.3049907316e-01 -5.6977571826e-02 -1.9108289144e-01 -1.2984670360e-01 -1.2443192020e-01 -7.5066743924e-02
-7.5081463828e-02 7.8084875828e-02 -1.2245496195e-01 -4.2419296447e-02 -4.5967635719e-02 -9.7235830254e-03 -1.2956140848e-02 -6.6737355936e-02 -7.0840817787e-03 -5.8344648091e-02
-4.9187702604e-02 -7.4431040691e-02 3.2765211295e-03 -9.1597114705e-03 -8.9647211673e-02 3.5284360901e-02 5.2943360619e-02 -1.0919419419e-01 -6.9196508219e-02 -1.1226514246e-01
-1.5966918408e-02 -3.2235157431e-02 1.0594787520e-01 -4.0883766250e-02 -1.0240163409e-01 7.6691713618e-02 -6.0578677385e-02 -2.7611187429e-01 -3.9594612378e-02 -1.0105790162e-01
-1.6665513499e-02 -6.1290727995e-02 -6.5594718493e-02 -4.6417027739e-02 -4.5031096379e-02 -4.6481316469e-02 2.0296985334e-02 5.5368407245e-03 -1.1998744680e-02 -2.0459348918e-02
-3.9390658553e-02 1.7469771888e-02 4.1337316394e-02 -5.0539095134e-02 -1.0589504393e-01 4.2947170766e-02 -7.6172076949e-03 -6.8936909822e-02 7.2059028598e-02 9.8229075838e-03
-3.2136740405e-02 -8.1776281471e-02 -8.4781613185e-02 -5.8942354637e-02 1.6927415991e-02 -4.6583356576e-02 1.0332775996e-02 2.6203575457e-02 -5.5098520300e-02 -3.8712895863e-02
4.9328147683e-03 -3.0496290321e-02 3.1219831217e-02 4.1059434908e-02 -2.2238185226e-01 4.9301198009e-02 -5.8092139697e-02 -1.1403574796e-01 2.5464511579e-03 -1.3721408707e-01
-1.0835368570e-02 -2.3545144009e-02 8.4384647791e-03 -3.3203726864e-02 -4.0014047867e-03 1.3960412381e-02 -2.2311783737e-03 -6.5287943208e-03 1.0975553654e-02 -1.6674153086e-02
2.4998677589e-02 -6.0780080747e-02 4.2586548218e-02 -3.3075640714e-02 -1.6673110070e-01 1.5585103351e-02 -4.8095921176e-02 -9.0325468027e-02 -5.2568815148e-02 -4.7526691866e-02
4.3090733639e-02 -1.7823965727e-01 -1.0755023592e-01 -8.8506443449e-02 4.7092979043e-02 -1.7007968931e-01 -1.7729590400e-02 -1.0559566558e-01 8.2654080616e-02 5.6856117543e-02
2.7291226549e-02 -1.8533986145e-01 -6.1585936268e-02 -4.4755778420e-02 -3.7785130314e-03 -3.6931498983e-03 -2.2708040980e-02 -4.5153365145e-02 -3.9446408203e-02 8.4854236934e-04
-5.9537227715e-02 -5.6362163069e-02 -4.1169812473e-02 -9.9679892490e-02 -9.0346403116e-04 -1.2491267015e-02 -1.4834734856e-02 -4.1393611585e-02 1.7658433349e-02 -5.8043416400e-02
-4.2721739091e-02 -1.3227221409e-01 -4.8001555207e-02 -1.0588025405e-02 7.4083998540e-03 -2.3101640939e-02 -7.4842048567e-02 2.3495440579e-03 2.5418016109e-02 -1.8606758068e-02
1.4471007472e-01 -3.2337126920e-01 -1.0662285918e-01 -2.1144728880e-01 -1.2856575641e-02 -1.3032731077e-01 1.1655511735e-02 -1.0977528191e-01 -5.4415867248e-02 3.8065445499e-02
2.7134443287e-02 -9.3219922550e-02 -1.2099729917e-01 3.9144504102e-02 -1.0079086455e-01 -3.5229670786e-02 1.5578272435e-02 1.6944128328e-02 -2.0014394366e-01 -1.0340845222e-01
-1.9424404154e-01 -1.2237093491e-01 -8.9952351838e-02 5.0548131267e-03 1.8154569446e-02 -2.6782581894e-01 -2.2373013853e-01 4.0831179014e-02 -1.5268648183e-01 8.8733750866e-02
-6.0507078583e-03 -3.4050620218e-02 7.2766619277e-02 -2.5287720511e-02 -2.7054602447e-01 3.6875934090e-02 -1.0476225716e-01 -1.2492891961e-01 2.4275401589e-03 -6.1721111361e-02
5.6183792172e-03 -5.9817979156e-02 -1.0400314818e-01 -1.9287068424e-01 -5.8114826331e-02 -6.4600187901e-02 2.5273811254e-02 -4.5889290533e-02 4.8652832427e-02 -5.8512642664e-02
1.9089418609e-03 -5.7076928790e-02 2.5566208907e-02 -2.6167723523e-02 -3.8252972449e-02 2.7058029099e-02 -2.8718600129e-02 -9.9370310028e-03 2.2955863277e-02 -4.0039060147e-02
9.8410491324e-02 -2.2854515730e-01 -1.3850616568e-01 7.1838489594e-03 -1.2893538194e-01 5.8542197028e-02 -2.6743277895e-02 -9.1746334336e-02 1.1168548510e-02 -8.5451568717e-02
-2.3860455997e-02 -6.4670956914e-02 4.0122603363e-02 -1.4332391189e-02 -2.0209261189e-01 -2.5330413100e-02 -5.6161238271e-02 -1.2402412629e-01 -4.7061870834e-02 1.2792925158e-02
2.5389972103e-02 -2.1413273300e-02 -9.8548788513e-02 7.4452569774e-02 -1.1222060612e-01 4.5651846006e-02 -4.9109880925e-02 4.6921647219e-02 -9.0335088383e-02 -1.1743138658e-01
-7.4606499997e-02 -4.2731192203e-02 -2.1278630827e-01 2.4600507374e-02 -5.2898275534e-02 9.7378092382e-02 1.2332831027e-02 -1.4079544009e-01 -9.6969305689e-02 -9.0420067782e-02
-4.4819562703e-02 3.3075374231e-02 1.8115988794e-02 -4.9408967012e-02 -8.5905518908e-02 -6.0746746256e-03 2.4362187802e-02 -1.2053459938e-01 -1.8510463141e-03 -7.0771778329e-02
3.8786774883e-02 3.4082635019e-02 -5.3021587040e-02 9.8244851784e-03 4.7588775598e-02 -9.7605692953e-02 2.3072793052e-02 -4.5496489185e-02 7.3960598869e-02 1.1779086427e-02
-1.2040650095e-01 -1.1644369984e-01 -2.1034143092e-01 5.1759810980e-02 -5.2313080757e-02 8.2647243350e-02 -1.2029800935e-01 -1.3057230238e-01 -7.3722331928e-03 -4.4576249218e-02
-9.3644846334e-02 5.1680887617e-02 -8.4322435125e-02 -1.7100199886e-02 9.7649330040e-03 -4.7611624002e-02 -2.8225738366e-03 -1.6246408042e-02 -3.8891976864e-02 -2.5260814770e-02
1.4075023685e-02 1.0146350933e-01 -9.7696082759e-02 -4.1428496370e-02 -1.1937060533e-01 -5.8832821006e-02 -8.0394159314e-02 -4.2540705023e-02 -5.7218953551e-02 6.5165804567e-03
-1.6124448044e-01 -8.3705568377e-02 -3.4169126741e-02 2.9549655981e-02 6.3961111100e-02 -2.6750562118e-01 -2.1182573107e-01 1.0349236759e-01 -1.3167856047e-01 1.1051250501e-01
-3.9500267549e-02 -6.1850215550e-02 5.1078979766e-03 4.2892929236e-03 1.6346837159e-02 -1.9952111965e-03 1.2917692655e-02 3.9282777835e-02 2.6287666635e-02 -2.6221238111e-02
-1.4895914296e-01 3.2890815802e-02 5.1357075448e-02 6.9922297614e-02 -2.2252259137e-01 -2.4288511355e-01 -2.1476753273e-01 1.7292148309e-01 1.0308786247e-01 -2.5794330365e-01
3.1357338030e-02 -6.9581356379e-02 -1.2294914414e-01 -4.5930573070e-02 -1.1514746118e-01 3.5583938872e-04 -3.1551779776e-02 1.1017314759e-01 -1.3372488381e-01 -1.1379432745e-01
-1.6784759878e-01 1.4799171146e-02 4.0132483085e-02 7.1503956692e-02 -2.1649528892e-01 -1.0708359501e-01 -1.2017684885e-01 -1.4474356040e-02 5.6134898791e-03 -1.3874631858e-01
-8.6916290907e-02 -1.8041887744e-01 2.5513819632e-02 -1.7728658238e-01 8.2643639091e-02 2.2377678596e-02 -2.9656505606e-01 -6.7404466646e-02 -1.4435025357e-01 8.4343702710e-02
-3.6871791020e-02 -9.1955945210e-02 -1.8605859506e-02 -5.6342282860e-02 -8.0295487735e-03 4.2487378077e-03 -3.5057666582e-02 -1.2286593839e-02 -3.8206122195e-02 -4.5353192837e-02
-1.1696123375e-01 1.2025178487e-01 -1.7234159638e-01 -1.8390927053e-02 -2.2583744009e-01 4.8900230508e-02 3.9017911844e-02 -1.9178558335e-03 -3.6946144406e-02 -6.3839767987e-02
-9.0825237298e-03 1.0619968166e-03 -3.7853265074e-02 5.2170259337e-03 -8.9957843353e-03 1.0886682141e-03 -2.1415390777e-02 -4.2611228495e-02 9.5792692873e-03 4.0188515957e-02
1.0124042550e-01 -2.8344822973e-01 -4.8632533086e-02 -8.0139036537e-02 -1.1862631145e-01 -2.0919779918e-01 -2.5053676715e-02 -1.0886764093e-01 4.3401698992e-02 -1.0674410037e-01
-7.1647384790e-03 1.5101473563e-02 2.6448985015e-02 -3.7151109674e-02 5.4549829086e-02 -1.2613660530e-02 -4.6183813302e-02 -5.8090262340e-03 1.9917371428e-03 4.8777708339e-03
-1.3416368672e-02 -1.9978084485e-03 -2.8163165570e-02 -1.9947059293e-02 -5.8665690835e-02 -6.5870562805e-03 -1.0038341713e-02 3.1897941046e-02 6.5417376633e-04 -1.1183049235e-01
-2.6922598724e-02 -7.9067538928e-02 4.5331262161e-02 -6.3799631282e-02 -9.1976945663e-02 -4.8136982931e-02 5.0787644481e-02 1.3644677542e-02 6.6108165042e-02 -7.0277589874e-03
9.0897019933e-02 -2.1966929858e-01 -1.1494885919e-01 -2.3711180492e-01 -4.5105339416e-02 -6.2812195522e-02 -1.0055603523e-01 2.6921585199e-02 -2.3485859086e-01 1.6893633588e-02
-1.9460160144e-02 -1.0014563436e-01 -2.0091718246e-02 -5.0987360509e-02 -2.7623127152e-02 4.9464752957e-03 -1.5491225158e-02 -4.6913311666e-02 2.3302495559e-02 -4.5480190859e-02
-2.5623595992e-01 -5.4010559390e-02 -1.7972774965e-01 -1.9477910584e-01 -9.8736998146e-02 9.6312800215e-02 2.5561484319e-02 -1.4890302185e-01 9.8454870533e-03 8.4354866927e-02
-7.9938791204e-02 5.1317298712e-02 1.3106342903e-02 -4.8225237879e-02 -1.6740875318e-01 1.3615871904e-02 -3.8132030879e-02 -1.9683155548e-01 3.4807080138e-02 -4.9657906258e-02
-5.4137760381e-02 -5.8879437665e-02 -2.0734504245e-02 -9.2744266853e-02 3.8562782731e-02 -7.2331523940e-02 -1.5570876411e-03 -4.4073532154e-02 -2.5587971605e-02 -1.7512010248e-02
-1.5564559771e-02 6.7366002943e-02 -1.6409234532e-01 4.2112910191e-02 3.1011236113e-02 -5.3540480367e-02 -2.9542896904e-02 -3.5974345205e-03 -1.8439622961e-02 -7.7411900332e-02
-6.2222039318e-02 -3.4612599120e-02 3.9495242831e-02 -6.3378947560e-02 -1.2585805980e-01 2.1852612762e-02 -4.4919468372e-02 -9.2067749893e-02 -7.5787001175e-03 -6.0122743730e-02
-9.0722428025e-02 7.4538876228e-02 -8.4070806231e-02 1.2865235635e-02 1.3511599645e-01 -9.5668978522e-02 -8.3679806358e-02 -1.1841689957e-01 3.9387813032e-02 -4.4269980365e-02
5.1772482255e-03 -9.9353128795e-03 -5.8558160816e-02 -1.2163557420e-02 -6.4444695343e-02 -9.0804248697e-02 5.8151424049e-02 3.1237018653e-02 -9.0373484766e-02 -9.5177199194e-03
9.5991251277e-02 -7.1176990064e-01 -3.6002178309e-01 -2.9131569017e-01 3.5856505315e-02 9.7324481045e-02 -7.4059587441e-03 -1.9169290865e-01 -6.6005505668e-02 6.1823955054e-02
-1.1957159226e-01 1.5251962048e-01 -1.0050103407e-02 -4.4752490239e-02 -1.8190998494e-02 -6.2101389340e-02 -8.2983445085e-02 -2.8304619129e-02 -5.3164686895e-02 -3.3173009426e-02
-1.0633547787e-01 1.5034320200e-02 -6.4208286496e-02 -1.0989229452e-01 -8.7177617238e-03 2.9917356858e-02 -3.7828634872e-02 -1.1567275365e-01 1.7187911534e-03 -2.9499750812e-02
8.0040383238e-02 -1.8822430108e-01 -5.0320299939e-02 1.9190702824e-02 -5.4089896925e-02 -2.0158916001e-02 -5.5530893842e-02 -1.0199705322e-01 -1.5517244666e-01 -1.0145959858e-01
-5.3768958954e-03 -8.7032137359e-05 -7.6889427338e-03 -8.0472121808e-03 -2.9078347114e-02 1.4892397165e-02 -1.9264186572e-02 -3.6034779040e-02 -3.3153467212e-03 -8.6787423435e-03
6.8304692828e-02 -1.3463172286e-01 -5.8284631414e-02 -5.4299942129e-02 -1.0036744202e-01 -1.1112399085e-01 -2.9947399786e-02 8.1528253084e-03 -1.8650417566e-01 -1.3864636280e-01
-1.7493889601e-02 -4.5970854927e-02 -6.7616588417e-02 -5.4605364897e-02 -1.6966282613e-02 -5.4915564537e-02 3.2733569215e-03 -2.4303075804e-02 -4.9471073415e-02 -4.8367671567e-02
2.8646568333e-02 -2.5327051434e-02 -2.8326167747e-02 2.2881806282e-02 -2.1098554338e-01 4.5088291268e-02 -8.0874081232e-02 -2.6074936950e-02 7.1826311142e-03 -7.9113574004e-02
1.6445617630e-02 -7.9503080328e-02 1.2099793639e-02 -5.9184145471e-02 -9.9665505566e-02 -1.4832358061e-02 -6.2632782351e-03 2.8824450535e-02 -2.6656617819e-02 2.3705346301e-03
1.0188173611e-01 -1.5884029657e-01 3.6334145419e-02 -4.1946403342e-02 -1.0963047104e-01 -2.1776776813e-01 -2.7561870186e-02 -1.6533326440e-01 1.9273647866e-02 -7.3531583296e-02
-5.0830687159e-02 3.3828020219e-02 -4.9498199613e-03 -4.0782484009e-02 -9.2987650181e-02 -4.7256511768e-02 1.3176792580e-02 -1.3790877974e-02 -2.7712062923e-02 -5.0007833683e-02
-4.1679932513e-02 2.7545093731e-02 -1.6220247454e-02 -6.6592820522e-02 -2.4796810333e-02 -4.7689573788e-02 -4.8788548447e-02 3.9695115610e-03 1.2196679989e-02 -1.3698905498e-01
8.5139730555e-03 -1.1647982581e-01 -6.2778279906e-02 -5.9523979874e-02 -1.0053392450e-01 -1.9594979179e-01 9.1177731926e-02 -1.0088114455e-02 -2.8953090239e-02 -6.4829727903e-02
-5.7387255613e-02 -2.7944888351e-02 -6.2535346254e-02 -6.0942999508e-02 -2.2358771005e-02 -1.8570434754e-03 -2.1469145444e-02 1.9327697255e-02 2.1778772882e-02 -5.8274806932e-02
-1.0476028262e-01 -1.2761736859e-01 1.9285472804e-03 -1.4678971682e-01 3.1812486186e-02 -5.0941127480e-02 1.1710019213e-01 -1.9688441649e-01 -1.8399783945e-01 -2.6142999058e-01
6.8875902603e-03 -4.2136122176e-02 -8.4030542128e-03 -3.7885179007e-02 -2.3433816466e-02 -2.8424123858e-02 -4.6261706718e-03 1.6189056638e-02 7.1588424240e-03 -1.1019822059e-02
-2.9147714686e-02 -1.0800935574e-01 -5.2616530267e-02 -1.3108939961e-01 3.1916580385e-02 -6.8105053343e-02 -4.8098448751e-02 5.9766514357e-02 -8.5581676747e-02 1.3997610953e-02
-2.9823364771e-02 -5.3674383407e-02 -4.0606053342e-02 3.7326840435e-02 -7.6149582609e-02 -3.0022543965e-02 -7.9016289977e-02 -1.0406867504e-01 4.8450636063e-03 -5.5122267511e-02
-1.9632905162e-01 7.6027514999e-02 -3.1477469268e-01 -2.3440271296e-01 2.7754099833e-02 8.4658896847e-02 -6.5880341769e-02 -4.1066453483e-02 7.2336236203e-03 6.5023562425e-02
-1.5385256613e-02 -1.3143808771e-03 2.1226600400e-02 -8.9671002303e-02 -2.8818219676e-01 -3.2655304300e-02 -4.4790703451e-02 -1.3635081645e-01 -1.3687600995e-02 -1.6472962297e-02
1.1062660202e-02 6.8690266983e-02 1.0144891125e-03 4.0238527790e-02 -5.9401328277e-02 -9.0969466520e-02 -7.0596984952e-04 4.2006180983e-03 1.7825055337e-02 3.5860811053e-02
-3.6955438843e-02 -3.7211329974e-02 3.2833371067e-02 -5.4976232563e-02 -4.5929085419e-03 2.7526332345e-02 -1.7848169437e-02 -5.5245313200e-03 -4.9015758903e-02 -2.3652464059e-02
-8.1016035514e-02 -1.3793154984e-01 1.7962794357e-02 -1.0379762866e-01 2.8707716827e-02 -1.6058427413e-01 -1.6141571985e-02 -3.4447632550e-02 -1.7907803430e-01 4.4836364752e-02
-1.1251317111e-01 -1.1318927489e-02 1.6838896567e-02 -1.8533370377e-02 -1.2773906169e-01 -1.0448764230e-02 -1.0190930056e-01 -1.0983342540e-01 -2.3900648353e-02 -2.3529482514e-04
-3.1324659666e-03 2.0459994095e-04 -3.9096789844e-02 -1.8088805821e-02 -1.1452858682e-01 -2.6817590704e-02 -1.2924038774e-02 -2.8850179947e-02 -5.0398594171e-02 -2.9921927011e-02
-1.4255659094e-02 1.0558699399e-02 -4.6817317632e-02 2.7489116498e-02 2.3895686101e-02 -5.7137034444e-02 -5.2218693999e-02 -6.2641809915e-02 -9.1575720523e-02 -1.6181264553e-02
-6.3348049618e-02 -8.1183610282e-02 1.0183860298e-01 -9.1526515296e-02 -2.5422174637e-01 2.7857356081e-02 -3.5822742447e-02 -5.1813939267e-02 1.4219134084e-02 -9.1500451642e-02
4.2976179913e-03 1.1362612579e-02 2.3998985292e-03 -3.5477578352e-03 -4.0194822124e-02 8.0990138734e-03 -2.0281383502e-02 -1.3043419065e-01 -1.3975435641e-02 -2.4167830116e-02
-7.7793998293e-02 -3.1766518881e-02 -2.5037360094e-02 -1.4590782032e-01 3.6635108462e-02 -1.1679849702e-01 -4.9109221901e-02 -6.4461096349e-02 -1.1443764597e-01 6.3224217265e-02
-1.2444765753e-01 -1.9417228058e-01 -7.8722845205e-02 1.3019210195e-01 -5.6337587094e-02 -4.1658861447e-02 -1.1772639368e-01 -1.3073385273e-01 -1.1213920468e-01 5.6151298952e-02
-1.2124646517e-01 7.9654624620e-02 1.0074573846e-02 -5.3982079821e-02 -3.4631593478e-02 -3.4650465735e-02 -4.9083239202e-02 3.5863289381e-02 -3.1589333006e-02 -1.1376977691e-01
-5.4007104036e-02 -3.2169784979e-02 -8.0542881049e-02 -9.4024806041e-02 -7.8166658670e-02 -3.4926711708e-02 -5.7287603226e-03 -7.5063105005e-03 -4.5426391645e-02 -6.8639417743e-02
5.3700196019e-02 -5.9067671023e-02 -8.8497483452e-02 -3.3228385505e-03 -3.3717755668e-02 -1.5346858471e-02 -1.1866699725e-01 3.4406916896e-02 -1.5528601906e-01 3.0034944478e-03
1.9586959838e-02 -9.3694630354e-02 1.0158105695e-01 -1.1676457079e-01 -3.5429853641e-01 -3.4439559766e-02 -1.1579658528e-01 -7.8094887450e-02 1.8995974698e-02 -1.7360001093e-01
2.3043308578e-02 -2.6120393330e-01 -1.6901649262e-01 -1.1170466930e-01 3.6208013109e-02 3.9331213438e-02 7.3727630663e-03 -1.2717175633e-01 6.1907347874e-02 -1.2746232845e-02
-6.6692568892e-02 -2.4622117238e-02 -3.8718201093e-02 -5.7566123273e-02 3.0283146918e-02 -4.7004827503e-02 -4.8170962556e-02 1.7524863162e-03 -4.1144970123e-02 -3.9033676511e-02
4.6909742173e-03 -1.2873971444e-01 7.0687216224e-02 -3.5419368632e-02 -2.4247639600e-01 -1.1282184726e-01 -4.2804058983e-02 8.2340305114e-02 -7.2414405246e-02 -1.1303389360e-01
-1.6739682255e-02 -1.2953054346e-01 -1.1916598796e-01 -1.6445913468e-01 -1.1704534895e-01 4.4140437274e-02 -1.0212098799e-02 -1.8272374267e-01 -1.9952444663e-02 7.2672386438e-02
5.2762723923e-04 -3.2039220701e-02 -1.5049921350e-01 -3.2284366893e-02 -1.1950015215e-01 -6.2560723414e-02 7.1430143158e-02 6.1703514745e-02 -8.8620405537e-02 1.2658697889e-01
-7.2955672774e-02 -1.1670979198e-02 -8.4520333042e-02 -9.4722518841e-02 -5.9648476590e-02 -1.7868162483e-02 -8.6960567888e-04 -1.0994249463e-01 1.0458715941e-01 -5.6138650507e-02
2.1725047750e-02 1.6732831996e-02 -6.7832868280e-02 -3.6269074095e-02 -5.8765291702e-02 -3.6868114628e-02 1.2007194226e-02 -4.2660132123e-02 -3.8810083248e-02 -2.9545750131e-02
-5.3186248160e-03 2.4052041067e-02 -3.8287205261e-03 -4.4011493519e-02 -5.4602135238e-02 -2.5556445500e-03 2.7883915275e-02 -3.1084669821e-02 -3.3014021524e-02 -4.7428445538e-02
-2.9009201557e-02 7.8245749493e-03 -1.1403192891e-03 -3.7132021483e-02 1.1719691040e-02 -7.8445380797e-04 -6.4066740767e-03 6.6270747820e-03 -2.1326394673e-02 1.4401414456e-03
-1.2397684504e-01 -6.6978029789e-02 -1.4978871865e-01 -5.2578663174e-03 -7.0951255405e-02 2.1278876796e-02 -1.2147974567e-01 -8.6621727588e-02 2.7870055070e-02 5.7834778663e-02
9.5592193636e-03 -1.8675637138e-01 -4.8137678367e-02 -9.7228496152e-02 -2.4106939396e-02 4.2907836573e-03 1.1319994572e-02 -5.4674021277e-02 1.4293977862e-02 -1.7627772248e-03
-5.6196446250e-02 -3.6053617136e-02 -1.1918507081e-01 -2.9385897074e-02 3.4564220857e-03 -5.5904655124e-02 -3.4402651635e-02 9.0181875416e-03 -8.8909170988e-03 -3.1021187666e-02
-3.2806573451e-02 -5.7149864200e-02 -1.7977708464e-01 -1.2090101008e-01 -4.6843007109e-02 8.9801858122e-03 -1.1527363165e-01 1.8383174423e-02 -8.5442633849e-02 2.2213369205e-02
-1.8662405133e-02 -4.0571208310e-03 -3.1483641225e-03 1.2477523444e-02 -8.1825063564e-02 -5.4949965271e-02 -1.1671166046e-02 3.6772021866e-02 3.6260789158e-02 1.1238016968e-02
-5.6443202679e-02 -2.1861798756e-01 -1.4454454367e-01 -1.0714946024e-01 4.0579619589e-02 2.4645405247e-02 -1.2267798253e-02 -8.1406120653e-02 5.0738149680e-02 3.7669748590e-03
-4.4857195939e-02 1.1296149956e-01 -8.2808841980e-02 -1.9577224097e-02 -4.1708887525e-02 -3.4869191198e-02 1.6887998973e-02 -2.3676348985e-02 1.9822174514e-02 -9.3407358708e-03
-2.4240035889e-02 3.9612623111e-03 2.0262961523e-02 5.2549964782e-03 -1.0266562066e-01 2.4790811282e-03 -7.3864782533e-02 -6.4954033374e-02 1.4590122647e-02 -8.2076462624e-02
-3.6072644086e-02 -7.6940231000e-02 -5.5852587867e-02 -2.6830316630e-04 -6.8155982087e-02 -3.4121194424e-02 -3.5903016588e-02 -1.3144609224e-02 -8.0456638617e-02 -7.3303763892e-04
-1.3951152049e-01 -1.4534819540e-01 -6.3779919171e-02 6.0260351448e-02 5.7433352197e-02 -4.1150148432e-02 -1.1675265075e-01 -8.6286305698e-02 4.7763630315e-02 2.0352066689e-02
-3.5197433062e-03 -2.7243855378e-02 -9.3283957060e-02 -6.9628195521e-04 4.3387958578e-02 -6.4998253330e-02 5.2176612194e-02 -6.9844594390e-02 -3.1786107924e-02 -3.3403141800e-03
-3.0018453827e-01 -6.2339073863e-02 -2.1232340222e-01 -3.2768613069e-02 7.1150232184e-02 -1.0814621314e-01 -2.4410165410e-01 5.7839665974e-02 -1.3510857673e-01 4.7824533005e-02
8.6344300812e-02 -4.4921732279e-02 1.5028043225e-02 -4.3788505944e-04 -1.7409696219e-01 -9.3536349118e-02 -1.6168598522e-02 -1.2835837192e-01 -2.9534223870e-02 -1.1014723588e-02
6.0653360637e-03 7.6046329171e-02 -8.5484427881e-02 -5.1740700034e-02 -5.5678527562e-02 -2.7445883167e-02 -4.7072230942e-03 -9.9277567632e-02 -2.0316936173e-02 -3.7436999424e-02
-1.0971622161e-01 4.7903089119e-02 -6.5330718497e-02 5.0499507320e-02 -1.7574018281e-01 -8.1925292556e-02 -2.5817303203e-02 6.0286933022e-02 -1.0614918150e-01 -1.0876947905e-01
