4.6077039390e-01
2.1315733124e-01
6.4700649149e-01
-1.6922093948e-01
2.5303824981e-02
-3.6932225312e-02
-1.2586561419e+00
-6.2348906754e-01
1.0737547196e-01
1.0101288581e+00
-2.2483569051e-01
-9.0585447971e-01
-1.9193495226e+00
1.2114726217e-01
-1.7087054735e-01
-9.1091125489e-01
1.0429609108e+00
-3.4761188261e-01
1.0614734329e+00
-6.9740592919e-01
-6.8158508248e-01
-1.2781606458e+00
-3.1219399282e+00
-1.6617910752e+00
-5.8113006403e-01
2.2817610898e+00
1.9759853423e-01
4.7638531649e-02
1.6968798316e+00
-7.2109397017e-01
-3.1503628212e-01
-1.2130320739e-01
-1.4727699861e+00
1.2022691800e+00
-1.1329614514e-01
9.3833796200e-01
-1.8291725970e+00
1.8516476685e-01
-1.3671156283e+00
9.6832448349e-01
-5.1915865598e-01
-5.3788405304e-01
8.3349497350e-01
-7.1508472262e-01
-2.4432732861e-03
-9.1699780509e-01
1.1289477164e+00
6.1782218242e-01
-1.1790817408e+00
3.2506111832e-01
4.0362735717e-02
5.7349032860e-01
2.7434666833e-01
4.7649571450e-01
2.6221358895e+00
-5.6481221911e-01
1.0350155121e+00
-1.2492490888e-01
-1.2696149950e+00
5.9533735030e-01
9.6548169514e-01
-3.6058159249e-01
-3.0105206734e+00
-3.9968259459e-01
4.6790455149e-01
1.3800379911e+00
3.8139954857e-01
3.5497936645e-01
-1.1398211696e+00
-4.2741402237e-01
-3.6568077023e-01
7.3975094976e-01
1.3227994904e+00
-1.6419309136e+00
1.9037367063e-02
8.7257072900e-01
-8.8778105308e-01
-1.1320502219e+00
4.8724757201e-01
-9.6508266728e-01
6.9562218097e-01
-9.6368969158e-01
-5.2767419177e-01
3.2849165931e-01
4.3411540544e-01
4.4145427355e-01
2.5408621004e-01
-1.7090183516e-01
9.8906177719e-01
1.4961036655e+00
-1.5636021897e+00
-1.6463734046e+00
-2.0808040421e-01
-5.1393035186e-01
7.6229704782e-01
-2.2205976956e-01
-1.4113336899e+00
5.6246253640e-01
-3.3444065233e-01
-1.3149701045e+00
9.7471289131e-01
-2.4772594146e-01
-7.2600849788e-01
1.0478440652e+00
-5.3700090314e-01
8.6278495925e-01
8.1657611662e-01
-1.4984142855e+00
-2.5336543203e-01
-1.1185155728e+00
-1.0865311594e+00
-6.6355952399e-01
-9.5357642131e-01
1.1261432968e+00
1.4044415911e+00
-3.3990457325e-01
1.0716013079e+00
-4.5320639835e-01
-1.1786578101e+00
-1.2740333268e+00
-2.1055483264e+00
-2.8185858207e-01
8.0836739630e-01
-1.6865142940e-01
4.2954177017e-01
-1.9363955039e+00
5.1524256135e-02
-7.1474735263e-01
1.9611155145e-01
-7.7558253553e-01
-2.1786574377e+00
-9.2858035920e-01
-2.3802563783e-01
-2.8221224538e+00
7.6658000794e-01
-3.5362912749e-01
9.0152494991e-02
4.3257458259e-01
-9.9524009425e-02
6.5072010685e-01
-1.7546896334e+00
-1.9975057213e-01
1.3493264462e+00
-2.9988257803e-01
5.4594727907e-01
-5.9372656342e-01
-5.9584967960e-01
3.2905252798e-01
-4.1441655430e-01
-3.1837399060e-01
6.3056367316e-01
1.1553280449e+00
-4.5540110190e-01
-1.7969835605e+00
-6.7138131878e-01
-1.3449842129e+00
-9.6437956586e-01
1.2803543075e+00
-8.5002720718e-01
-5.5630544446e-01
-4.5790843711e-01
-4.3849577510e-01
-1.4751184618e+00
-5.7481755498e-01
-3.7715176636e-01
-1.0410757444e+00
2.0528609280e-01
-3.6961879985e-01
-1.8260391551e+00
-1.8078005431e+00
9.3347394100e-01
1.6837882901e+00
8.6166601864e-01
-7.3041393560e-02
-2.6504573921e-01
-1.2110152868e+00
1.4058318376e+00
2.1458808497e-01
-1.1607556009e+00
5.7392286607e-02
4.2354211843e-01
1.9543029414e-01
-1.1747829609e+00
-2.7575698419e-01
7.1601745893e-01
1.2136406270e+00
-1.3382036677e+00
-1.1602713836e-01
8.6421462787e-01
-1.5158917236e+00
4.6605346378e-01
-7.6679425142e-01
-6.9609221932e-01
-1.0526417092e+00
-1.8608709289e+00
-1.2034755497e+00
1.6520122368e+00
-6.5037919965e-01
-1.5281914350e+00
-8.2856048087e-01
-1.4272649303e+00
1.3419421643e+00
-2.5679728040e+00
6.5953738972e-01
1.9464773775e-01
-5.5609504564e-01
1.9725054509e+00
2.3488179875e-01
1.5529049974e+00
-1.2364340550e-01
-1.1260977389e-01
-3.8144934575e-01
3.7465132135e-01
7.6293334937e-01
-9.9425737870e-01
-6.4664200970e-01
-1.3160641216e+00
-5.9662768832e-01
-4.4219604529e-01
-6.5298669708e-01
-6.9586738399e-01
1.2452603041e+00
9.2900978848e-01
2.9674231489e+00
-2.8374755881e-01
-4.4583861517e-02
-1.7350880766e-01
3.4766258139e-01
2.9350597980e-01
-2.0716584508e-01
1.0668807366e+00
1.1196680401e+00
-5.1253636031e-01
1.9704685938e+00
9.8642965331e-01
-9.2032437552e-01
9.5164101897e-01
-1.1587390715e-01
-2.0547537979e+00
5.6508294512e-01
-1.8158939397e-01
-3.1709597409e-01
-6.9959280245e-01
5.1861895718e-01
2.5421135291e-01
-3.1259219401e-01
-9.3615439270e-01
1.5725154507e+00
2.6047675738e-01
-1.8269565503e-01
1.5039142483e+00
-7.1491918454e-01
-2.4508931413e-01
-9.4386139708e-01
-5.4284226237e-01
-6.6813332429e-01
1.8184323639e-01
-5.2638335954e-02
-6.4605876438e-01
-1.6219356433e+00
6.3525468587e-01
2.8290318319e-01
-7.9564719367e-01
-2.9647805437e-01
-1.3801822702e+00
8.7299782092e-02
-8.0540076667e-01
1.0837966285e+00
1.3465390305e+00
-1.3013173278e+00
-1.7366157186e-01
-1.5014679642e+00
-4.5325144574e-01
1.4721077969e+00
1.3701496574e-01
-1.6846203968e+00
3.0058716101e-01
-7.7974824999e-01
