1.4808393143e-02
-7.4573596643e-01
-3.5187065114e-01
8.6904958776e-01
-4.2335794114e-01
-4.9656065134e-01
-6.3157088263e-01
3.3478721967e-01
4.6063507214e-01
-4.0001775009e-02
-3.8694169246e-01
-2.6112417419e+00
-2.0015658601e+00
-2.0439021833e-01
-5.1496069567e-01
5.2799305080e-02
-6.0559701954e-02
-3.1741427637e-01
-1.3041795660e+00
-4.5131907141e-01
1.7575890474e+00
-1.3646475254e+00
-2.1733422494e+00
-1.6578863810e+00
-4.5163162175e-01
-2.1672502531e+00
-4.6954388766e-01
-2.9190401735e+00
2.3640530057e-01
1.0406095904e+00
-7.4370281585e-01
-2.0810495102e+00
-8.6559483962e-01
-1.6583808083e+00
1.1292491048e+00
2.5383880573e+00
-1.3247007147e+00
-2.4249929235e+00
-1.1441503225e+00
-5.7108892568e-01
-9.9809441860e-01
-6.6370817596e-03
6.6507871002e-01
-3.9052999590e-01
9.2116285200e-01
-1.4663274915e+00
8.3126082994e-01
-1.1742577595e+00
1.5345580136e+00
-1.2063458766e+00
-1.0361269635e+00
-1.3573538861e+00
1.5405732658e+00
-1.0716556939e+00
-5.6474332783e-01
2.4618555820e-01
1.3638034980e-01
3.2905836857e-01
-5.1789512940e-01
-8.9851232054e-01
-1.2618259152e+00
-1.1974389371e+00
7.1714202534e-02
-3.4542443927e-01
-1.2655519966e+00
-1.2393038145e+00
8.2282856064e-01
-4.9212930168e-01
1.6241259499e+00
-5.4936243588e-01
-6.4303097965e-01
-2.1120128371e-01
-7.2207210230e-01
8.2687281087e-02
1.5831602095e-01
-1.6399097961e+00
-2.0583389398e-01
-9.1798855487e-01
-7.3725876002e-01
-1.2645442521e+00
-4.6406512263e-01
-1.0613953592e+00
-6.1426041631e-01
-1.4326088003e+00
-5.3933256248e-01
-5.1152822969e-01
-1.3464370732e+00
-5.7543881585e-01
2.7313772549e-01
-7.4304168473e-01
-1.5291780725e-01
-1.7332520632e+00
8.2976766782e-02
-4.8292605685e-01
-1.9316853089e+00
-4.2715487709e-01
-1.1785577622e+00
9.1532465756e-01
-1.5496929149e+00
-1.3332026180e+00
1.4761123481e+00
-9.6334623683e-01
-4.4387090674e-01
7.9120547096e-01
-1.9011175756e+00
7.5284303599e-02
-1.0810679190e+00
-1.4825972051e+00
4.9661243710e-01
-1.0568112370e+00
-2.0348797526e-01
-2.2634970591e-01
-6.3598535778e-01
3.9228064086e-01
-1.0085006387e+00
-1.7574770239e+00
-2.3651430576e+00
3.0739961473e-01
-1.6545502982e+00
-6.1631440152e-01
1.0126074181e+00
-9.2814221336e-01
-9.4850900095e-01
-1.1471881249e+00
-2.1856924877e+00
4.8172057581e-01
-2.4018321586e-01
-6.2296422592e-01
3.6956402311e-01
9.0343191460e-02
1.2919495780e-01
-2.4883185711e+00
2.8534355619e-01
-1.0317507725e+00
1.5737931468e+00
-3.7545271469e-01
-2.1063948901e+00
-1.2090847142e+00
8.4798428455e-01
-4.6800825305e-01
-4.3098290255e-01
1.9736046793e+00
-1.4107332529e+00
-2.0449203759e+00
-1.5431901113e+00
-7.4914863786e-01
-8.1232843905e-01
-1.7104511621e+00
6.6694597353e-01
-2.8491872438e-01
-1.3462258876e+00
-1.3220195060e+00
2.2014584856e-01
3.4679229435e-01
-1.1234187283e+00
-1.7501814902e+00
-1.7644314115e+00
-5.1269713519e-01
-1.4693959875e+00
3.0942391511e-01
-4.1576012628e-01
1.1184593309e+00
-8.6804178148e-01
-3.6012439844e-01
-9.6804046760e-01
-1.2566075932e+00
-1.4609905273e-01
3.4438032981e-01
-3.0452130331e-01
-2.0123817035e+00
-1.4645918742e+00
7.5574735080e-04
9.5552477833e-01
1.1198247986e+00
-6.1245996956e-01
-5.0543794538e-01
-3.4541587845e-01
-7.4598780174e-02
-1.2672459530e+00
6.6106953928e-01
-8.4115586019e-01
-5.3944869213e-01
1.0729950444e-01
-6.8999965168e-01
-2.0831787697e-01
7.9646758985e-02
-1.1076833156e+00
5.8328985302e-01
-1.8956490699e+00
4.5401316893e-01
-9.8057069326e-01
-1.6142934964e+00
-6.3775354630e-01
9.2884020481e-01
9.0055085376e-01
-1.8219068479e+00
1.4261730119e+00
-1.4180265225e+00
-7.2833961444e-01
-6.0981135988e-01
-2.0357805779e+00
-4.8425144026e-01
-3.9636509152e-01
-1.7984038637e+00
7.2558689829e-01
-9.9018370610e-01
-6.1563236672e-01
-2.2511016337e+00
-9.7410225958e-01
-1.7410225148e+00
2.3838312413e-01
5.1601473966e-01
-1.3435191663e-01
-2.3234100674e+00
1.1045433288e+00
-6.3362429618e-01
-2.1297025381e+00
-1.4995670710e+00
3.9953403040e-01
-2.0741995694e+00
-2.0975089278e-01
-2.6399912629e+00
-1.1629403598e+00
1.7674171044e+00
-8.4629374158e-01
-1.1803249395e+00
3.0265444752e-01
-4.9201387707e-01
-1.8570719007e+00
-9.4740270321e-01
-1.3652179727e+00
-6.8825708989e-01
4.9321833572e-01
-3.6561329225e-02
4.9259348364e-01
-1.2765805113e+00
-2.0966314464e-01
-1.7707191264e+00
-1.7276595576e+00
-3.9080868096e-01
-1.5650671575e+00
-1.7853752631e+00
-2.8057207508e+00
-2.0845365583e+00
-4.4265222025e-01
-1.8491821607e+00
4.8048026060e-01
-6.9500579525e-01
6.2083274436e-01
-3.9749632698e-01
3.1564161348e-01
3.1049359737e-01
1.6214280432e-01
-3.4887869225e-01
-2.1444687704e+00
2.4834885582e+00
-1.2189632751e+00
-1.5286234708e+00
-1.5716002831e+00
7.3650476786e-01
1.6135000999e-01
-5.0427665776e-01
9.0767115359e-01
1.6532299034e+00
1.0038200821e+00
-1.0783013870e+00
1.1940895637e+00
1.1187765268e-01
-4.8771275697e-01
-3.4329172753e-01
-1.7327575885e-02
1.0024239246e+00
-2.3668245461e+00
-8.2020032913e-01
