1.8712005626e-01 5.9392552931e-02 1.5842843459e-01 1.0155182485e-01 8.6857409541e-02 1.5949576313e-01 5.0601992802e-02 -1.2661299206e-01 8.6065044449e-03 7.6392577269e-02 1.4999262432e-02 -1.9724768734e-01 -1.4062916680e-01 -7.5590766547e-02 -2.9081125828e-01 6.3233683601e-02 -3.6233774837e-02 -5.3371227394e-02 8.2079829986e-02
4.9496282183e-02 3.8331029254e-01 1.6499658079e-01 -6.5048183986e-02 3.2474342198e-02 -2.1312975833e-02 5.3274428675e-02 1.5104505260e-01 -3.2740827518e-02 -1.4790651961e-01 -6.1153103033e-02 1.1057152053e-01 -1.3756870557e-01 -6.2525250220e-02 2.2188354123e-01 2.7315337433e-02 -7.1704084489e-02 -9.6997381765e-02 -1.9167104260e-01
4.1071472211e-02 4.8677005217e-02 6.1532708627e-02 -3.9642806745e-02 4.5541302130e-02 -4.8563256865e-02 -1.7062408232e-02 1.3750009328e-01 1.1747153321e-03 2.3379140998e-01 -6.3886708145e-02 -4.1154155039e-02 1.3786120599e-01 -3.6816371758e-02 -4.1736559813e-02 1.5509431271e-02 1.9868854286e-01 1.3669559923e-01 6.9697498104e-02
1.6595258283e-01 -1.0727456050e-01 -4.8252949481e-02 2.5337314235e-03 -1.5124524139e-02 1.1936270613e-01 1.6903223224e-02 5.0798478447e-02 -3.0482564356e-02 6.5850178718e-03 3.5932008233e-03 -1.8926018716e-02 5.2474386046e-02 -5.4704958104e-02 1.5407880430e-01 1.7895259299e-01 6.5738400237e-02 1.5527405691e-02 -7.3341783921e-02
2.9861644020e-02 -2.2496065619e-02 -5.3099138052e-03 -7.6901289539e-02 6.6912537437e-02 -1.5135399243e-02 5.4671271735e-02 8.9042940455e-02 7.0278415874e-02 -1.1128144042e-01 4.8022814734e-02 9.6577581872e-02 -4.2263888636e-02 4.0041175282e-02 1.3541487848e-01 5.7505073610e-02 -1.3285075930e-03 -4.8505867757e-02 -9.3616135563e-02
4.3568008600e-03 2.7870932909e-02 -9.3147671869e-02 2.3889535491e-02 -6.7674459560e-02 -1.0878884471e-01 -4.9897072206e-02 1.5943373349e-01 -2.8291689303e-02 5.7575345012e-02 1.8580689556e-01 8.2724792045e-02 1.3805102681e-01 9.7001842480e-04 1.7394637851e-01 -9.3825378295e-02 2.0540608134e-02 1.2278497955e-01 -1.9863700523e-02
9.4884086386e-02 -2.2480123795e-02 9.6313956839e-03 1.8559677563e-02 9.9875635296e-02 1.3300461124e-01 1.1670291880e-02 1.1018654594e-01 7.2149064996e-02 1.7507470514e-02 1.0176961323e-01 3.3888164994e-02 -8.0717203124e-02 -3.3368112012e-03 5.1704086431e-02 -4.4129865107e-02 5.1941968169e-02 7.6315715042e-02 -1.1518561616e-01
1.0763548319e-01 3.7007503352e-02 -1.1083981927e-01 6.1356427536e-02 -7.8806051261e-02 5.0532503469e-02 -5.6655667197e-02 8.5383945337e-02 5.4109101191e-02 1.9819911126e-01 8.2502156206e-02 8.4870803944e-02 2.4604208163e-01 -2.4188230904e-02 -7.5050271894e-02 -1.0095094615e-01 3.0532319276e-02 1.1186250960e-01 -1.5048817254e-02
9.4113697468e-02 5.7159405697e-02 -2.5036749259e-02 9.8917790972e-03 1.0591042865e-01 2.2442209973e-01 6.5014458432e-02 -4.8333673391e-02 -6.3249321999e-02 1.5121446536e-01 -1.3223526449e-01 1.4289060377e-02 -2.4475358696e-01 1.4906419600e-01 7.8420330329e-02 8.2857685483e-02 2.4446764346e-02 3.1635811529e-02 -3.3291390428e-02
7.7959107249e-02 9.0650276324e-02 -7.7904458932e-02 -8.2496390030e-02 1.1066309613e-02 1.0875625284e-01 -1.2820266477e-01 -6.9871827126e-02 -2.2220134355e-02 -3.4656480752e-02 -5.9463539408e-02 -1.1782041270e-01 -3.0270013843e-02 3.1208635978e-02 -5.4200863253e-02 -1.5516154598e-02 9.5929510105e-02 -6.4165625668e-02 -5.9995882230e-02
1.0396668200e-01 2.8846600845e-02 7.9814939521e-03 -2.9493962987e-03 3.3625728299e-02 7.9573313495e-02 -5.0532108176e-02 -1.2783331389e-02 1.1286652028e-01 1.3984389916e-01 -1.2921092102e-01 1.7584106655e-02 8.4218609514e-02 -2.2340365047e-02 8.4439545978e-02 -3.3704079931e-02 1.4645604358e-01 -8.6354646078e-02 -1.4835796357e-01
4.3605327833e-02 6.4174003132e-02 6.2285263823e-02 2.8287636246e-01 -4.7431083740e-02 -1.5650476211e-03 1.7810379875e-01 4.7832976321e-02 -2.3643942349e-02 3.6844530808e-02 -7.8963459884e-02 2.6035054905e-02 -6.1108016812e-02 -8.2750425398e-02 1.2711143017e-01 1.0249927545e-01 1.7325670696e-01 -2.5351990871e-01 3.7092155475e-02
4.2407772226e-02 -4.0074505749e-02 -1.9824175706e-02 -2.0367871481e-01 -7.0327913643e-02 -2.8270755628e-02 1.7704100587e-02 6.9585551607e-02 -3.9411080233e-03 3.9524772389e-02 9.7395464991e-02 3.1178411074e-02 -2.0933002640e-02 -6.9722485940e-02 1.1554380126e-01 6.1003043628e-02 1.0928991764e-01 -1.8223930356e-01 -1.1210840858e-01
-3.9873905773e-02 -5.2212474791e-02 7.1979372787e-02 7.2481226899e-02 1.2380810372e-01 -4.3052593908e-02 2.2637367186e-01 -1.2962997144e-03 -4.4770882646e-02 1.3213401101e-01 2.0147668588e-01 1.7934847584e-01 1.0146301212e-01 4.6897264108e-02 9.3407759516e-02 5.5554684871e-02 5.3438387012e-02 -1.5239630635e-01 -6.1087434865e-02
1.7845189735e-02 8.9126857761e-02 -7.9758089182e-02 1.2361895867e-01 -1.4770398050e-02 1.5318691790e-02 -6.9946658632e-02 6.0998867926e-03 1.2499897472e-02 -1.9208759040e-02 -1.2470563340e-01 -1.9527458734e-01 -2.5156212632e-03 2.9059913883e-02 2.6634554655e-02 -2.5685559554e-02 1.2104018358e-02 -9.0658725334e-02 -2.4422024235e-02
-2.0434585630e-02 9.9728084495e-02 7.0841985482e-02 -1.2088811495e-01 -3.5877606626e-02 8.7010166059e-02 2.2025023030e-03 6.2412451829e-03 -6.1531086412e-02 -4.8212406170e-02 -7.5696562478e-02 -5.2124578416e-02 1.1820291906e-01 -9.3737690529e-02 -4.3496940687e-02 7.3669067203e-02 2.8512975285e-02 -1.8657708421e-02 2.3516866652e-02
2.4311267296e-03 -8.8900781728e-02 2.5035701330e-02 1.4982998292e-03 -3.4292366711e-01 -4.8337278852e-04 -8.4432329194e-02 -2.0339133146e-01 -1.9675058883e-01 1.7174235817e-01 1.4012592896e-01 9.5845914202e-02 3.2968167132e-02 -5.1686851402e-02 1.9284837033e-01 7.7264978509e-02 9.3919039670e-02 -9.7959670184e-02 -2.1439644721e-02
1.6666820395e-01 -9.6586576924e-02 -4.0530025237e-02 1.1126610972e-01 -4.9358684700e-02 1.4291195911e-01 7.4345356028e-03 2.4924474840e-03 2.5654650376e-01 -5.5282474916e-03 7.4526364730e-02 2.1403622607e-02 1.4534006475e-01 -1.7309578306e-02 2.0279702051e-01 -7.3721557821e-02 8.6948679175e-02 -2.1767533934e-01 1.4172978384e-02
-8.7379326781e-02 9.9390575148e-02 1.2783656249e-01 -3.5935308726e-02 1.2855145312e-01 2.7732921425e-02 -8.2302439935e-02 1.7493497906e-01 1.2612434777e-01 -7.1080874835e-02 -5.0251231424e-02 2.9606771229e-01 6.3389597658e-02 2.9419538322e-02 -2.5947793982e-01 1.2480159814e-01 -1.8639381462e-01 6.4945432150e-03 7.2277087009e-02
