4.6431531356e-02 -2.7570297658e-02 4.5176971413e-02 8.8699020676e-02 6.7222755438e-02 -7.2584113191e-03 5.0998358684e-02 1.0304904154e-01 1.5962980926e-01 1.8590531523e-01 1.4375972737e-01 1.4516567647e-01 1.4498682337e-01 2.8497318822e-02 9.8075127793e-02 2.7960146565e-02 -4.7861950765e-02 4.3383640210e-02 1.0644422136e-01
5.1240133249e-02 -3.1170561231e-02 -1.1572509060e-01 2.0703106587e-04 -6.6479743392e-02 -8.8764581077e-02 2.6299452584e-02 1.2904840934e-01 1.3016017964e-01 -1.0817056716e-01 8.4089208196e-02 4.5802810876e-02 -3.6315687733e-02 2.1768652093e-01 2.5302196554e-02 1.3747035426e-02 2.3409043817e-02 5.4430550722e-02 1.7569377329e-01
-1.3844180169e-01 7.8360687154e-02 1.0106180092e-01 -1.5960559970e-01 -8.5576790550e-02 1.2281501411e-02 4.6038941705e-03 -5.5610066699e-02 -7.5301655348e-02 -5.4291004695e-02 -3.0326255088e-02 -1.0287371700e-01 -1.1815498902e-01 -9.4776074348e-03 -6.8651891727e-02 -1.8349969240e-01 -1.4014932379e-02 -4.5325797399e-02 4.4622583698e-03
9.4226343476e-03 -2.3954836978e-02 4.4234323085e-02 1.3184026961e-01 -3.4842798120e-02 8.4872583109e-02 1.6633705791e-02 7.9218723969e-02 1.2233103076e-01 2.0944873931e-02 1.1364809031e-01 8.8831686195e-02 5.8154247178e-02 9.2137135936e-02 -4.1261379908e-02 1.0404407114e-01 1.3256607793e-01 7.4966636673e-02 -3.1979144857e-02
3.3262349477e-02 -3.4410460859e-03 6.4843237082e-02 1.7770015023e-02 6.5264462648e-02 6.3151105080e-02 -7.8829585664e-02 9.0329504726e-02 3.0713399998e-02 2.5492347604e-02 9.5228385865e-02 7.0438122101e-02 2.6598889024e-02 1.4364818617e-01 8.5426993889e-02 4.9996744185e-02 1.3692073386e-01 -6.6916765001e-02 1.5922899182e-01
1.5204129785e-01 -6.5809223756e-02 -1.3377354517e-01 2.8779270848e-02 5.2171909936e-02 -1.6019497937e-02 8.9865391951e-02 8.8018920748e-04 -4.0202238152e-02 1.5075238641e-02 4.0841329759e-02 3.5189724927e-02 -1.7192500178e-01 9.9808881352e-02 -6.5752382726e-02 3.2014111892e-02 1.0728271611e-01 8.2259654224e-02 -4.0474215116e-03
6.6295276049e-02 -4.5136856198e-02 -3.4645948760e-02 3.1389077605e-02 -1.2330294881e-01 -1.1840070189e-02 -2.2953900038e-02 -7.4097799613e-04 3.3027226927e-02 1.1010803784e-01 2.0233358437e-02 -2.4320973633e-03 -7.6750796119e-02 6.1456867749e-02 -7.4158723261e-02 3.3292500368e-02 2.6718340804e-02 3.9548039897e-02 2.7243143602e-02
-1.0235331452e-01 -1.3447354236e-02 1.2032139420e-01 3.7526703028e-02 -1.4762063768e-01 -5.6289882264e-02 8.3926455316e-02 9.9024558641e-02 -1.0104459839e-01 -5.5432485825e-02 -8.7187177424e-02 -6.2209159078e-02 -1.9078185823e-01 7.4178680562e-02 -3.4686523586e-02 -7.3848223186e-02 -5.0186819702e-02 -9.0967184051e-02 7.5678437129e-02
1.0637846714e-01 -3.0060763000e-02 -5.0962082221e-02 1.1981904006e-01 1.2296818374e-01 1.4901131514e-01 -5.1690405077e-02 1.5988973822e-01 1.2553232010e-01 1.0834646702e-01 1.5629226162e-01 1.6501476141e-02 1.3809421127e-01 1.5553314234e-01 1.5921491068e-01 4.3863166115e-02 7.9145205178e-02 5.9468421459e-02 1.0735187081e-01
-4.6678252917e-02 -1.4485443719e-01 -2.4908700078e-02 2.1900216529e-02 -7.9745772347e-03 -5.3809954702e-02 -5.3435969688e-03 1.9393321565e-02 -2.2738774861e-02 -2.5151246754e-02 7.4783534881e-02 -7.2525844878e-03 1.0445311331e-01 4.7394479693e-02 -2.8665060251e-02 5.4393842644e-03 -1.6486144334e-02 5.6673474685e-02 -6.0389294519e-02
1.5873480310e-02 -1.0151024124e-01 8.4717862331e-02 9.5574730898e-02 1.3249597526e-02 -7.6386506079e-03 -7.6575469637e-02 1.5561189328e-01 1.0100681440e-01 1.8470692357e-01 5.1517182388e-02 9.4816656225e-02 -6.2932552454e-03 9.7669432301e-02 1.4129507937e-01 -8.9491924252e-03 4.6767000602e-03 2.7469416210e-02 1.6689366655e-01
-9.1998005306e-02 6.5295385302e-02 1.3107101369e-01 -4.9726444243e-02 -1.7335515015e-01 -1.5604059160e-01 -4.7622976179e-02 6.1019397667e-02 -1.1190999226e-01 -7.0416745333e-02 -1.8027113310e-01 -1.0670937179e-01 -1.4904946405e-01 -1.0523816840e-02 -2.4112020723e-02 -1.6362678665e-01 -2.8130365954e-02 -9.1595600869e-02 -2.9574615850e-02
-1.0358314424e-01 -2.7503205384e-02 1.2643053501e-01 -2.0785782862e-02 -9.8107986810e-02 -1.2431547298e-01 2.1136139337e-02 -7.8666770700e-02 -1.1418930411e-01 -2.2988110057e-02 -1.8794163557e-01 7.5092786043e-03 -1.2145430849e-02 -1.2818597911e-02 -8.6300054509e-02 -1.6978645426e-01 -5.8212451952e-02 -1.1588911726e-01 -9.7432544558e-03
1.3240319660e-01 -1.1585479813e-01 -5.1745423901e-02 1.9395129608e-01 1.9043825900e-01 1.2112911400e-01 1.6882749207e-02 1.5156098165e-01 4.4532954277e-02 1.4802402203e-01 1.4993744453e-01 1.7024313265e-01 6.9833424356e-02 1.2188000285e-01 1.1732319668e-01 6.4093156498e-02 1.5905891356e-01 1.6313009556e-01 1.9409896043e-01
7.1437357713e-02 7.7930584654e-02 -1.0604282799e-01 6.1888373089e-02 1.2105442295e-01 2.0446761447e-02 5.9066309129e-03 1.4019124471e-01 9.3546969689e-03 2.2072848399e-01 1.3562765450e-01 7.4682405396e-02 4.0982558184e-02 1.0807467169e-01 1.3036243142e-01 1.7757018820e-01 1.0883372935e-01 2.4053104077e-02 9.6259564981e-02
1.2452377826e-01 -2.8509534855e-02 2.5165763389e-02 3.2547894523e-02 9.4390577061e-02 8.1672694173e-02 -2.0783430181e-02 3.4507967438e-02 8.3354424552e-02 3.1510908253e-02 9.6267993291e-02 1.5209451259e-01 1.8896410849e-01 8.9524915014e-02 1.9871103007e-01 1.2781395756e-01 1.9144633214e-01 2.3766856558e-02 2.3404610436e-02
1.4597305301e-01 -3.9582998805e-02 -1.1681585764e-01 1.7053136545e-01 2.0681434301e-01 1.1953202554e-01 -6.0026043475e-02 1.4940339938e-01 1.6062390701e-01 1.9361048737e-01 1.6440629062e-01 2.4700923061e-01 1.3671066392e-01 1.4635971586e-01 1.7543048259e-01 2.7775278646e-01 1.8273339357e-01 2.0562943698e-01 3.1056174590e-01
8.2560317910e-02 -9.9614721912e-02 -1.6646932076e-01 1.1647274251e-01 1.1989319871e-01 6.6133380443e-03 -1.3575869675e-01 8.4226267533e-02 1.5517774848e-01 1.0700817378e-01 1.4659990196e-02 4.9827627580e-02 -1.8599601249e-02 5.9248814577e-02 6.2030441902e-02 3.5731133977e-02 1.3882050257e-01 -5.2046679844e-02 1.0845824123e-01
-7.1936724089e-02 -1.8045294469e-02 2.8590630715e-02 -4.2423285430e-02 -8.4409435025e-02 -1.5596341412e-02 -3.6404101333e-02 8.0556038992e-02 3.0831573380e-02 2.4967247863e-03 3.2845123715e-02 -7.5191843953e-02 3.0854191615e-02 6.8165455140e-02 2.0204220517e-02 4.7195270948e-02 3.0992869097e-02 -8.1514344062e-02 4.1325165108e-02
