-5.5252898193e-02 7.1930821137e-02 2.7321368410e-01 1.4331477285e-01 1.2874168981e-01 -6.9016498748e-02 1.0489776901e-03 1.2030516394e-01 7.6910120411e-02 1.8700297867e-01 6.5252754716e-02 7.3361737068e-02 1.9276158592e-01 -5.8571577633e-02 1.3745649841e-02 -2.8965531350e-02 -4.4078647938e-02 3.4540863687e-02 1.6948137396e-02
-4.0107123935e-02 -8.2631891667e-03 -9.6061253314e-02 -3.9563390123e-02 -1.0681376238e-01 -4.9026754966e-02 -2.8279506119e-02 -9.6399170616e-03 7.6313969724e-03 4.1891129720e-02 -9.3614422002e-02 -2.9791986432e-02 -2.4245055411e-02 -1.3434411556e-02 5.8162272603e-02 -3.8185155541e-02 9.1775830719e-02 2.2372332685e-04 5.6133407464e-03
-2.1442363094e-02 -1.9765763866e-01 1.4897718951e-01 1.6999685475e-01 2.8511746875e-01 6.2680124295e-03 2.6119971553e-02 1.2644907361e-03 1.5469760816e-01 2.9892066794e-02 -1.9053031846e-01 1.8095064039e-01 1.7489221441e-01 -1.0585719469e-01 -2.7449716143e-02 6.1617617861e-02 -1.2891753631e-01 1.4985952274e-01 -6.9325978693e-02
-3.2070021511e-02 -6.0075234522e-02 6.3865616689e-02 -2.8102083295e-02 -5.4182712091e-02 8.5637764074e-02 1.7141007524e-02 -4.6079399172e-02 4.3082254447e-02 4.9646552028e-02 -9.7450655260e-02 2.2505841571e-02 -1.8034322397e-01 -2.0271681350e-02 -4.0501303345e-02 2.4160641799e-03 -1.5156280382e-01 8.1803523688e-02 -8.8144649248e-02
9.0114482461e-02 -6.0759431226e-02 -7.9108372268e-02 1.0504157637e-01 2.7307446979e-02 -2.0794538293e-02 4.0650211894e-02 -4.2420651324e-02 -9.6900657902e-02 -6.0458879003e-03 -8.7146512054e-02 2.7676024524e-04 2.1008856038e-02 2.2232178869e-02 7.7580912566e-02 2.6383378883e-02 6.7764273791e-02 3.4867487655e-02 6.9206555375e-02
-6.9053247999e-02 -5.6057181433e-02 -1.3824626748e-01 -8.9696101253e-02 -3.3565961063e-02 -5.3569825320e-02 1.1845643063e-01 -7.0026307785e-02 -1.2308457961e-01 -6.9539192656e-02 -1.2414771576e-01 -7.6108013681e-02 -1.0487492604e-01 5.9738577011e-03 -3.1999738461e-02 -2.7002189497e-02 -1.0725316293e-01 -4.7571745595e-02 -5.5173496708e-02
-9.8190750733e-03 -4.5512905373e-02 4.4196556304e-02 7.0332134296e-02 1.5175866008e-01 4.5298743516e-03 -1.1659624355e-02 8.4785618004e-02 1.9490501511e-01 6.1508678734e-02 -7.9516199494e-02 9.3715281200e-02 6.5431469461e-02 -1.5350127651e-02 -2.3398708760e-01 -1.2453335698e-02 2.0445321428e-02 1.4525016602e-01 -3.6949840017e-03
1.8937362378e-02 -1.0770716693e-01 -3.3209337293e-02 -1.3289921129e-01 5.1140665162e-02 9.0092343109e-02 -2.2384004910e-03 -5.3462179759e-02 -1.7415410809e-01 -7.4194718505e-02 -3.4912695320e-03 3.1766877145e-02 -1.7714120446e-01 -1.0331912927e-01 -2.5875370669e-02 -1.4724485481e-02 -1.1001220605e-03 -7.3108806713e-02 8.1601919220e-02
6.7742493030e-02 -1.6713440923e-02 1.9772109734e-03 -4.7266288258e-02 -1.4873158693e-02 1.5412928066e-02 6.1385595598e-02 1.4987032787e-02 4.9162606681e-02 -1.2845427464e-01 -2.3337817252e-02 -3.9805832945e-02 -8.5779699159e-02 -3.9709520107e-03 -1.1718377031e-01 1.3843686541e-02 2.0862591621e-02 8.3011356852e-02 -5.1920978339e-02
2.0375657812e-02 1.4096537602e-01 3.5769460574e-02 -4.8260471879e-02 1.0239869120e-01 5.2124935072e-02 -1.2620269359e-01 2.1340868309e-01 -2.4357942441e-02 1.1722529028e-01 7.6730121459e-02 5.6747294272e-02 1.8271267738e-01 9.7906059684e-02 1.2845725932e-01 -9.8009100803e-02 -3.1443055594e-02 -1.5125089861e-02 -1.3838074521e-01
6.4868327039e-03 -1.6442629115e-02 3.7151511698e-02 1.2507708998e-01 1.7095619222e-01 -4.2231979087e-03 8.7342681336e-02 8.8090388232e-02 2.4036349440e-02 1.2810032084e-01 1.9242321878e-02 7.3370285315e-02 6.9971880406e-02 2.1481251093e-02 8.5488389048e-02 -9.9033732554e-02 5.1368296507e-02 1.8581400915e-01 -2.5641596150e-02
-7.3800138568e-02 1.1969968424e-02 -4.9991661121e-02 4.9005980412e-02 -9.3325090291e-04 -1.8137715392e-02 -9.1168312043e-02 8.1571613602e-02 3.4175285139e-02 2.4325028119e-02 1.7117104006e-02 1.3287584456e-01 -1.0789876787e-01 5.3355417328e-02 1.0418938631e-01 1.3356201250e-02 6.7203065274e-02 -3.3455861531e-02 5.9102568549e-02
7.0381051507e-03 -5.8781906199e-02 4.2112590662e-02 -6.8068226454e-02 2.1953575384e-02 -2.2156724870e-02 5.0006351574e-02 2.9662209509e-02 3.6691189757e-02 -6.5669685336e-02 8.2528615994e-02 1.2950486801e-03 -5.6079905953e-02 6.0080002655e-02 -1.0643087696e-01 -6.8559070378e-02 -9.6346613835e-02 -1.3021280557e-02 6.5821708321e-02
9.9209320943e-03 4.5277208373e-02 1.2717485378e-01 -4.9749175324e-02 5.3603604083e-02 -1.4924611226e-01 2.1791032048e-02 1.7189105554e-02 -8.8047027253e-02 9.1699385902e-02 -2.7824819071e-02 1.0366524195e-02 -8.5256801936e-02 -5.8849812503e-02 3.3537471876e-02 2.1610650651e-02 6.0388335162e-02 4.9286075279e-02 -6.5340202331e-02
1.0079902243e-01 2.1755054551e-02 1.7886993495e-01 7.2007674421e-02 1.6937894093e-01 -9.2563644380e-02 7.5738134932e-02 5.0217133979e-02 -1.5431443263e-02 -2.4732473325e-02 3.8782728272e-02 2.7476095252e-02 1.5105267878e-01 -1.7832018139e-02 -3.3668739268e-02 2.8980451614e-02 -9.2165676929e-02 6.8103565340e-02 3.4367944293e-02
-8.5401737273e-02 5.1548493804e-02 -6.9036258162e-02 -7.1859353033e-02 3.2057281596e-02 -2.1044317517e-02 -6.8064528674e-03 8.7648223030e-02 -7.6945926894e-02 -2.5378102762e-02 2.1654664132e-01 -3.6147522479e-03 1.5786271307e-02 3.2813185833e-02 -4.6065060172e-02 -5.1029814237e-02 1.3542207522e-01 -2.3839108044e-02 -3.0767153904e-02
6.9097610762e-02 -1.3243436311e-02 9.5186177866e-02 1.8144655116e-01 7.7283399284e-02 -7.2751271546e-02 -9.7593448810e-02 6.9922385420e-02 8.2404439710e-02 6.4382344337e-03 5.7839454906e-02 1.0147797752e-02 5.0555394528e-02 -2.9849019632e-02 -3.8042174526e-03 -7.9996505581e-02 1.8425997710e-03 4.7729352698e-02 -1.2443104354e-01
-1.0581044282e-01 -3.5238281860e-02 1.8282119785e-01 1.9253331671e-01 1.0273386439e-01 -1.5701559593e-01 -1.4238716175e-01 3.9035417285e-02 1.7052238903e-01 -5.6387426312e-03 -9.4854206538e-02 8.0947129001e-02 1.6958990939e-01 4.1926504047e-02 1.9558923772e-02 -9.7821954981e-02 -6.8935234984e-03 1.4165741586e-01 4.9097572873e-02
4.4037315272e-02 -2.6215005437e-01 -1.5078920458e-01 -8.2366084815e-02 -1.2261554869e-01 3.3234413308e-02 7.2208935571e-02 9.1906335704e-03 4.5615991876e-02 -3.2739541037e-02 -7.5120186662e-02 1.9453689140e-03 -9.1799287327e-02 -4.5632568883e-02 -9.7483215099e-02 -3.2557727119e-02 -1.8149962047e-01 1.7216229667e-03 -1.0548127137e-01
