-1.0267468101e-01 -6.1478856022e-02 3.4444133799e-02 1.1696189248e-01 4.1302021136e-02 1.0069264663e-01 -1.0551786065e-01 5.1494193392e-02 1.0434490640e-02 -1.8607727233e-02 1.7364205558e-02 3.2469094375e-02 2.4312930290e-02 3.9886487620e-02 -2.3013785532e-02 -5.4869983829e-02 -5.6772877223e-02 9.8119608036e-02 -4.7750118399e-02
2.3530743516e-01 -5.7129489421e-02 -1.1631847094e-02 2.2460698308e-02 -3.7385423921e-02 -4.5709897766e-02 -2.8570699626e-02 -1.8119737241e-02 1.4931038504e-01 1.5058767058e-01 -4.6038884000e-02 -3.9342011952e-02 5.5525525898e-02 4.0046434749e-02 -1.1843294892e-01 -8.4013382334e-02 -3.2021581091e-02 1.2987684711e-01 1.8065865327e-01
4.6339861613e-02 -1.3021234053e-02 -4.3776949716e-02 9.5681060435e-03 -1.0695355417e-01 -4.6672692656e-02 -5.5413369610e-02 3.7850254562e-02 -1.0844422481e-02 1.7661695604e-01 5.0132298496e-02 1.5000012142e-01 5.4352079083e-02 3.7979655894e-02 9.1445391891e-02 7.3632206804e-02 -1.5780668543e-02 1.2894969319e-01 -6.5793426145e-02
-1.3087999570e-01 -8.0629790118e-02 -7.5260899493e-02 -2.6957244166e-02 -4.8603198342e-02 -2.8781954063e-03 -6.0031950828e-02 1.7688604590e-02 1.8103632437e-02 1.6234008831e-01 -7.1251395016e-02 2.6664712145e-01 1.1529544947e-02 8.0170219892e-02 1.6480498125e-01 5.7835160761e-02 3.5891244088e-02 1.3850765850e-01 -3.2458893494e-02
-4.9094596210e-03 -3.1712522613e-02 -1.2762282796e-01 -1.4911993434e-02 -3.2145247902e-02 3.9776921599e-02 -1.6034379186e-03 -7.1214864564e-02 -2.6391441774e-02 1.9788666378e-01 -1.0151687360e-01 1.9750968982e-01 -1.3427141898e-02 -2.5693978819e-02 1.8539321686e-01 1.9009719381e-01 3.2896818436e-02 1.6801415813e-02 9.4345751511e-05
2.8115657105e-02 5.6381544571e-02 -2.6457016074e-03 8.2087732516e-02 4.1650739059e-02 -1.1684455982e-02 7.0014981148e-02 2.5947336141e-02 -1.0718682127e-01 -4.8455498416e-02 7.6291088007e-02 -5.8880874355e-03 -4.6098179929e-02 8.3703361824e-02 -7.1657109373e-02 -3.0538222443e-02 9.3059761507e-02 1.5620629534e-03 -6.1210787382e-02
3.3781477097e-03 5.6013683756e-02 -5.4450601784e-02 -1.5022141115e-02 -7.5970856205e-02 3.4074755552e-02 -5.1806196645e-02 -3.9919798564e-02 6.8316782810e-02 -2.7451492917e-02 -4.0233102756e-03 2.1394124164e-02 7.3029784847e-02 -3.1294811929e-02 4.3831680867e-02 -5.8840102732e-02 -9.1938326086e-03 6.1724225601e-04 -5.6025056110e-02
8.6249528175e-02 -8.0864216643e-02 -3.9413114717e-02 5.0606461220e-02 -4.4071107083e-02 -5.5690347082e-02 3.2424373412e-02 7.9110000440e-02 4.8573205040e-02 1.3728683853e-01 6.1160321642e-02 5.3492583838e-02 1.4367663167e-02 1.5315390238e-01 4.9373373041e-02 2.1866193117e-02 -1.0074491914e-02 2.1424192636e-01 2.2483428427e-02
-4.9470865183e-02 -1.7330917366e-02 6.9795805406e-02 -7.5367049649e-02 1.6428633114e-03 -8.7308570897e-02 2.1205120376e-04 -2.0947460600e-02 -7.7789039866e-02 1.8288675834e-01 -9.8943180616e-03 1.3378961645e-02 -9.4980516536e-03 5.9022918222e-02 1.4755761415e-01 1.5835822764e-01 -5.6621439812e-02 4.9970602476e-03 6.4908815505e-02
9.7175626961e-02 7.3450888101e-02 4.3886311369e-02 -4.5662157032e-04 -2.7433465203e-02 -6.9794886810e-02 -1.4417373416e-01 1.0036491556e-01 3.5327229790e-02 1.6087523971e-01 1.4637171428e-01 1.7454320711e-02 4.6264832512e-02 1.3646462306e-01 2.5086079830e-02 4.4811900419e-02 6.4185408009e-03 4.4710889481e-02 -1.0011438348e-02
1.5152897313e-01 7.9964528551e-02 -6.0146092485e-02 7.6767091764e-02 2.6004721644e-02 3.5682868109e-02 -3.4983602378e-02 1.2137050053e-02 3.0628582568e-01 9.1712350586e-02 4.3423026578e-02 -1.4819539395e-02 1.0229551157e-01 7.0168285512e-02 -2.1874057426e-01 4.3008515279e-02 -2.2577058432e-02 1.9347727756e-01 1.1841759280e-01
5.4175502130e-02 2.1663539976e-02 -2.9656555995e-02 -9.7859436226e-02 -1.7601170896e-02 -1.0116548549e-01 -2.6391267907e-02 -4.2594770191e-03 -5.3177644030e-02 1.9818756711e-01 -6.0173054479e-02 -5.8502617888e-02 -1.5910733565e-01 1.0757012411e-01 -3.6705296654e-02 7.9271973348e-02 -9.3951334455e-02 1.3148837086e-01 1.0496640210e-02
1.1882556000e-02 -6.6720669931e-02 6.0062032698e-02 -6.0501321189e-02 8.9929857857e-02 6.6200841780e-02 -4.4006906626e-02 -2.2396635921e-02 -3.9159000677e-02 2.1942937297e-01 1.5024340515e-02 5.2944913815e-02 -8.4956049943e-02 -9.6578794888e-02 1.4376701254e-01 1.3580394682e-01 5.8535823607e-03 1.4612138985e-01 -2.3871376153e-02
5.9523458065e-02 6.5978792131e-02 4.0988400039e-02 -3.5041589470e-02 5.5798309160e-02 -5.6489886754e-02 -1.5138961060e-02 6.6023553580e-02 1.3576730486e-01 3.1749349293e-02 1.1400565432e-01 -1.4335384812e-02 1.2419984100e-01 8.5894983601e-02 6.6738391167e-02 -1.3753008926e-01 -3.2482840428e-02 2.9739074735e-03 2.5764171296e-01
8.3259155751e-02 5.7658396561e-03 4.3099453722e-03 1.1482324177e-02 6.2731065068e-02 1.2947424314e-01 -8.2267641484e-02 -1.4439297725e-02 1.8252618268e-01 1.9938257950e-02 -6.4167281408e-02 6.9420423146e-03 1.1277130077e-01 -2.9962555011e-02 -4.9101825751e-02 -4.2401750498e-02 -6.0910497132e-02 1.2249995200e-01 1.3991667257e-01
-1.6452141745e-02 1.1639229910e-01 -3.0363688418e-02 1.5612609827e-01 1.1925885186e-02 2.8234798936e-02 1.7953291950e-01 -2.7671054347e-03 4.1338667550e-02 1.4316135750e-01 -4.8868727085e-02 1.0933486491e-01 -3.8660287211e-02 8.4628815917e-02 3.4671363799e-02 -1.3298735921e-02 5.1630315727e-02 -4.6898569628e-02 1.9912419817e-03
2.7588616143e-01 -1.8814794626e-03 -1.5426936044e-02 -1.1892356836e-01 -6.6142678527e-02 -4.7448596270e-02 -5.7910412735e-02 -4.2510587597e-02 2.4383413917e-01 -9.0454937694e-02 -2.2062865529e-02 -1.2840009486e-01 8.2506319158e-02 -6.7676847485e-02 -1.5016361105e-01 -1.2696053129e-01 1.9561875885e-02 1.1704393385e-01 2.4201889437e-01
-1.7798433905e-01 3.0581216780e-02 7.2456327361e-02 -1.1067725936e-02 8.6445327920e-02 9.1336053271e-02 -8.9929240438e-02 7.0851614647e-03 -1.1098667132e-01 1.5867371549e-01 -8.8822393392e-02 1.8555724470e-01 -1.2922828935e-01 1.8000372733e-01 1.1587447880e-01 1.8703834932e-01 5.2050411537e-02 7.9522646976e-04 -1.5365576479e-01
-1.3799832362e-01 2.2830306175e-02 -1.0650246300e-02 4.5493402043e-02 4.2142430317e-02 5.1922524897e-02 -1.0500087776e-01 -1.3014260008e-01 4.4162857126e-02 4.9888522764e-04 8.1737718197e-02 -4.7977772886e-02 2.0397092613e-02 -2.5123985096e-02 -1.5943269907e-02 1.0593513908e-03 -4.5100579003e-02 6.1589736861e-02 -6.6755558512e-02
