1.0314875190e-01 -8.5207079702e-02 1.3568546245e-02 -2.8777610220e-02 7.6964636470e-02 3.9235904488e-02 8.2577391836e-03 1.1356504900e-02 7.9717189485e-03 -5.9967301286e-02 8.5280107242e-02 7.1354168289e-02 9.5883021371e-02 2.9695200325e-01 -5.1700693811e-02 1.5860467507e-02 -1.5187320830e-01 2.3935448915e-01 -4.5768817947e-04
-1.2737585249e-01 -8.0473706423e-02 -5.0786409651e-02 3.0491479270e-02 3.2144392457e-02 6.2701909314e-02 5.3274100332e-02 4.5574760452e-02 5.9589623156e-02 -3.9996731232e-02 6.9487204535e-02 1.2219395158e-01 -2.3177898903e-01 -1.7745820804e-01 4.0026528270e-02 -1.4625995450e-01 -1.3387804498e-03 -9.4077619453e-02 1.2593690571e-01
-3.7601394646e-01 1.4495998163e-01 -1.7803969324e-01 2.5993058323e-01 2.0323674667e-01 2.1246744705e-01 -4.4560491933e-02 4.7107931015e-01 -1.0873479501e-01 2.8767287000e-01 3.0581730100e-01 4.0497994502e-01 -4.3237314498e-01 -2.4777261674e-01 -4.1491629785e-02 -1.8024067389e-01 3.2294223367e-01 -4.3050833362e-01 3.8845580472e-01
6.7034515767e-02 -6.6285680691e-03 -8.2545257383e-02 7.1747570236e-02 3.1907867631e-01 1.2372026984e-01 1.4095922935e-01 1.9405744791e-01 -1.2205556345e-02 3.3768062956e-02 1.0099249167e-01 -1.0745736878e-01 -9.8055005535e-03 1.2647777256e-01 -4.4702259021e-02 -1.9652339271e-01 -3.3134802793e-02 5.1261503328e-02 3.7609424532e-02
-4.6179792245e-03 -2.7343357481e-02 2.5970308906e-02 -6.7093722179e-02 -5.4513971709e-02 -3.8613720846e-02 1.0380285843e-01 -1.2420269283e-01 -5.9856077728e-02 -9.3326471060e-02 6.4633259193e-02 -1.1344770221e-01 -7.7385688739e-02 1.0651246823e-01 -4.5567944003e-02 3.8057935541e-03 -5.5784716091e-02 3.9071091387e-02 -1.5808283176e-01
-8.4220543651e-02 -1.0946976132e-01 4.5679342347e-02 1.3535687231e-01 3.1598614370e-02 -9.2747395240e-02 -1.5731988392e-01 -2.5754382973e-03 -7.6775089285e-02 2.4040143036e-04 -8.3636770064e-02 1.0918862698e-01 1.2271824792e-01 2.2945575299e-02 -3.1704067964e-03 2.1435635678e-01 2.4409741996e-02 -4.6668056703e-01 -9.5123237828e-03
-2.4872102513e-01 4.9401631135e-02 -1.1928989830e-01 1.2969631128e-01 -2.3468785671e-02 8.9304583688e-02 1.6651685091e-01 1.5696564624e-01 -3.5244560462e-02 1.3182104571e-01 2.5870378114e-01 2.6687307982e-01 -1.6858120890e-01 -5.6538195528e-03 -3.8097804033e-03 -7.8756293083e-03 2.1814510504e-01 2.1700869971e-02 1.0344975719e-01
2.8445404588e-02 7.7424710132e-02 1.0355047773e-01 -1.8101656448e-01 -1.3883114099e-01 -1.0877467458e-01 -2.8421817243e-02 2.0944492502e-02 5.4311265254e-03 -3.4283561342e-02 2.4027961975e-01 8.4170202243e-02 -3.7036867941e-02 -3.1915351202e-02 6.6103344764e-03 6.1726961796e-02 -1.4260655936e-01 -2.9811556462e-01 2.0625446871e-02
7.6668174645e-03 5.3752445288e-02 1.5818310585e-01 -1.0719170665e-01 4.6964642218e-02 -1.1697856968e-01 -3.3526598458e-02 -7.3732671988e-02 -8.9905564141e-02 -2.6952638524e-01 -1.4839860747e-01 -3.6913554576e-01 8.9234143318e-02 1.2508747634e-01 -6.2494317662e-02 1.4045404862e-01 3.2085659328e-02 4.6198822171e-02 -5.5093734653e-02
-1.5956843071e-01 9.2177004666e-02 2.5208434673e-01 -4.5691131653e-02 -9.3888546212e-02 3.1290055546e-02 1.6077698244e-01 -3.2414822945e-02 -5.2386560254e-02 -1.7117614161e-02 3.1793380537e-02 9.3037831836e-03 3.6710470690e-02 -3.5122149582e-02 -6.1348900257e-02 -2.4321317492e-01 -5.3765304826e-04 1.0832332991e-01 -8.2383917743e-02
6.7725722911e-03 1.2960321517e-01 2.0226866670e-01 -1.5709114616e-01 -1.5199797189e-01 2.6140005620e-02 9.7173347252e-02 -1.1859493807e-01 6.9265949748e-02 -4.6219019555e-02 1.4062564551e-01 1.8753744509e-01 1.1632629625e-01 -2.3433396726e-01 1.9739412697e-02 -1.0230314202e-01 -1.2336038921e-01 6.0453891142e-02 -1.5984940944e-01
-1.3476547657e-01 7.9477368458e-02 3.8658982719e-02 1.3048655413e-02 -1.0020946752e-01 -8.8200875913e-02 2.9885169265e-02 2.7314269762e-02 5.1690884417e-02 7.7183540088e-02 9.1063869302e-02 2.8665029558e-02 -8.1638872339e-02 -1.6197905533e-01 -9.2100650299e-02 -2.1283637592e-02 8.1397053099e-03 -6.2342195698e-02 -4.3992716436e-02
2.4386428281e-02 7.6841546843e-02 2.4782783330e-01 -2.2053869726e-01 -3.0286271726e-01 1.8336798903e-02 -5.6885270872e-03 -9.0790460678e-02 -1.5168096623e-02 -7.0737434757e-02 1.1557655470e-01 -5.0243152225e-02 1.6322642250e-01 4.1399370541e-02 5.8229677331e-03 3.5164740637e-02 -2.5084753035e-01 1.3987883126e-01 -1.7455448435e-01
8.2511081412e-03 -6.2050155033e-02 -3.7643631446e-02 -1.6114946472e-01 -2.6495865827e-02 6.9014364571e-02 5.0180352842e-02 -1.1000462138e-01 -4.7865245711e-03 -3.6941324476e-02 2.6558642611e-03 6.9520797546e-02 -2.6935933692e-02 -3.3691220251e-02 -3.3223531969e-02 -2.8472647447e-03 -1.0182170502e-01 5.3892052695e-03 4.0143726333e-02
1.2496947055e-01 1.0689198441e-01 6.6051106288e-02 -8.2271401740e-03 -1.4354660485e-01 4.0623674167e-02 -6.2894763070e-02 1.2054827405e-01 -1.2734367444e-01 1.5782477894e-01 1.2707281519e-01 -2.0830857021e-02 9.3035249927e-03 4.7762221289e-02 3.4667304987e-03 -7.9937949059e-02 -1.4677198421e-02 9.0596085205e-02 9.6243892855e-02
-7.7995469013e-02 1.0528958260e-02 -1.4227116746e-01 1.0907430476e-01 8.3299265972e-03 -6.0031672598e-02 8.6003458126e-02 6.3861032306e-02 -3.5355668891e-02 1.2633927212e-01 4.9092394988e-02 8.6329847693e-02 -5.8584165212e-03 5.1055989260e-02 -6.2623358952e-02 -1.5210059086e-01 1.8741489825e-01 -1.8491759720e-01 1.6135323949e-01
1.2663608554e-02 1.1598430807e-01 3.6762396470e-02 -2.1280078673e-01 -4.4103786195e-01 1.1402050116e-01 -9.9132340660e-03 -3.8000535927e-02 1.9619448821e-02 8.7349768375e-02 5.5759093704e-03 1.8929656878e-02 7.9278310436e-04 9.4243990913e-02 -1.6044317123e-02 -8.2242964080e-02 -6.5682781307e-02 1.6646398405e-01 7.4686717762e-03
2.2408120676e-02 1.0582621588e-01 -7.4671658320e-02 -8.4282465911e-03 -2.2364276984e-02 1.4003022744e-01 1.8867161262e-01 -4.5081084954e-02 4.9586529483e-02 -5.5119667818e-02 1.2710572767e-01 -1.3233944885e-01 1.0892738636e-01 9.2250838918e-02 -3.4398661937e-02 1.3006964196e-01 -2.8014871612e-02 -1.9002125948e-01 -2.3391789562e-02
-5.3880020690e-02 1.7602099641e-01 2.4694635473e-02 4.8244641715e-02 -3.2886784509e-02 5.8877428297e-02 3.3575670186e-02 1.1874621750e-01 -1.6368960414e-02 8.6012732538e-02 -2.8571025071e-02 1.2809390846e-02 6.8542060895e-02 -6.7257517451e-03 -1.0396825122e-01 4.6919385842e-02 -2.1408372538e-02 1.1494010037e-01 5.5316316732e-02
