-1.0747594374e-01 -6.9972683871e-03 1.0170251950e-01 1.1667366633e-01 -2.3730700024e-02 -9.6316548085e-02 1.9937961454e-01 -5.6569666195e-02 1.6776780613e-01 -1.2321777667e-01 1.0943131469e-01 4.6020189119e-02 1.5857632075e-01 -8.3959972905e-02 -5.9618228961e-03 1.0200127310e-01 -2.1044833535e-02 -8.2889264879e-03 -3.0734829243e-02
-2.6740441549e-03 -7.8157127284e-02 2.3307328505e-01 4.4999511470e-01 1.7090767440e-02 -1.6882294554e-01 2.6759095673e-01 -1.1982018097e-01 4.7234470314e-01 -1.2414420639e-01 2.6342242113e-01 2.1054412420e-01 2.6694662579e-01 6.3355825045e-02 4.1377370205e-02 3.4043023446e-01 -8.8271275754e-02 -2.1331185379e-01 -1.2761685161e-01
3.6882056346e-03 7.4970706741e-02 -1.6757264836e-02 -6.6766415255e-02 -6.8500318928e-02 -2.6450746790e-02 -3.5882954852e-02 4.0690058197e-02 -5.0472280798e-02 -7.7497967203e-02 1.9323075363e-02 -4.7978595697e-02 7.4011991549e-03 4.9921748865e-03 -8.6215049035e-02 -3.0736184377e-02 -3.1141016022e-02 9.3498672065e-03 6.3428557838e-02
2.2980664827e-03 3.9855298305e-02 -8.1832411379e-02 -5.5430741589e-02 -1.8460884757e-02 1.3078831740e-01 -2.2513631313e-01 6.9831138371e-02 -1.7301924061e-01 -3.7776788476e-02 -1.4553440659e-01 -1.8810345675e-01 -6.5922339712e-02 -1.0518662032e-01 1.1691931546e-01 -1.7648185303e-01 -4.3453275917e-02 1.6000612005e-01 2.3340184835e-01
-3.8715640239e-02 1.4596474019e-02 2.3047132954e-02 1.9873894170e-02 3.6455409164e-02 -9.5531491779e-03 1.3506595718e-01 -1.1011088515e-02 4.8790267615e-03 -1.1348814196e-01 -4.4899238273e-03 9.7807971227e-02 8.3757679858e-02 -1.1953513204e-01 -8.3398357214e-02 1.1483297506e-01 -9.4531604543e-02 2.0269966846e-02 5.1956145396e-02
-3.8420966848e-02 -2.2062544849e-02 -4.6770056123e-02 -2.5488492803e-02 -1.5500663766e-01 9.0960780279e-02 -2.0539917736e-02 -3.4351826178e-02 8.8616799529e-02 -2.0454393246e-02 3.6693207066e-02 5.0180682776e-02 9.6492104217e-02 -6.2624941122e-03 -2.7522210925e-02 3.0261567088e-02 3.6500305277e-02 -5.6511369373e-02 8.8321874528e-02
2.4032021255e-02 -8.6974252906e-02 7.5815526237e-02 4.9075725329e-02 -9.6970505159e-03 -5.3127177741e-02 -2.0897833125e-02 -2.6923246005e-04 8.9279111317e-02 -7.3128144835e-02 1.2053093759e-01 1.6110402692e-01 7.9011519915e-03 -4.7605892018e-02 -8.0373797272e-02 9.0409922817e-02 -8.9771641389e-02 4.0180174471e-02 -2.2143658290e-02
1.1217423461e-01 -1.0997514983e-01 -2.9120646892e-02 -1.0533590462e-02 -4.1534586156e-02 4.6163898975e-02 -9.5544812022e-02 -1.0658296168e-01 3.8770290689e-02 -4.7535055598e-02 -3.1994990983e-02 -8.9629054469e-03 6.7077323502e-02 -4.9759864467e-02 7.9678832691e-02 5.7267260185e-02 -8.2772726324e-03 -3.3392804572e-02 5.4020805169e-02
9.0573039888e-02 3.7279383210e-02 1.7822578110e-01 1.4494520004e-01 -1.3971427818e-02 -1.0696433422e-01 1.1917773723e-01 -1.2404531264e-01 7.4372196819e-02 -2.1334860036e-02 1.4470167162e-01 1.1615534342e-01 1.3615639743e-01 -4.8561311076e-02 7.8423511531e-02 1.9231405418e-01 -1.5998620634e-02 -1.0883097905e-01 -5.1573518469e-02
-6.3171297745e-02 2.8220900383e-03 1.1621440395e-01 3.4309747411e-02 -4.2391953748e-02 -6.0425117929e-03 -2.1131128642e-02 -1.0868771344e-02 1.4259288949e-01 -3.7767277061e-02 6.0856659442e-02 2.4402372441e-02 -5.6110934049e-03 -1.2273202551e-01 -4.1750821728e-02 1.1375159788e-01 -1.9684807704e-02 -6.5814739825e-02 -5.8983011259e-02
6.2940544390e-02 -7.1604259875e-02 -1.8685222891e-02 4.5730701960e-02 -1.1944166141e-01 2.6158076674e-02 -1.2243264785e-01 -1.9540185242e-02 -1.1532613817e-01 -5.5819985940e-02 -5.1796983574e-03 -1.6165617228e-02 -3.7097573389e-04 9.3181153502e-02 7.5678386257e-02 -1.0259380596e-02 8.0823439748e-02 2.7552203637e-02 4.2752754823e-02
-2.3276095221e-02 1.3010242327e-02 1.3226684688e-02 -1.1030319302e-01 -1.6355403839e-02 2.0982623537e-02 4.1136430710e-02 9.8274625282e-03 2.6410633434e-02 -4.2442258068e-02 -9.9603471811e-03 3.1341137735e-02 -6.9809580434e-02 -1.4458464494e-01 6.7922513433e-03 -1.7992298136e-02 -8.3516887828e-02 6.6204689427e-02 7.3404076288e-02
-8.5018661890e-02 -5.3842577988e-02 -1.5759184048e-02 -1.6606689135e-03 1.5399952404e-02 -4.2150279067e-02 2.6278658459e-02 1.1749280359e-02 1.7440630327e-02 3.5233710721e-02 9.1620761883e-02 -2.9060714540e-02 -2.9581975207e-02 -3.6548664154e-02 -1.2916628742e-01 -1.7144979344e-02 -2.8601497427e-02 -4.8443811695e-02 -2.2898258215e-02
2.5013955616e-02 6.6808141441e-02 -3.7283546304e-02 3.5682108513e-02 5.2858375222e-02 -5.3043630774e-02 7.0305224200e-02 -5.0099001600e-02 -2.0775596485e-02 1.9644631636e-02 -2.5584876389e-02 -2.0094612018e-03 -7.3818324819e-02 -3.5261882493e-02 5.9699462427e-02 -3.1014477712e-02 -9.3404572478e-02 -2.1084590173e-02 -3.8540770765e-02
-3.9890994278e-02 -8.8501304451e-02 -4.2206284843e-02 2.2863547263e-02 4.7253359917e-02 8.5759031902e-03 -9.4541624002e-02 8.0340302509e-02 -5.5263338405e-02 4.5135395060e-02 -2.3329396445e-02 -1.0655567966e-01 -1.5764816322e-01 -7.4607486264e-02 2.7263183244e-02 -1.1885243785e-01 -4.1209925197e-02 1.0228377296e-01 1.6814040788e-01
-8.2515095458e-02 -1.2367007148e-01 4.3603471075e-01 3.9755640438e-01 1.4441203936e-03 -2.9910562452e-01 4.5086133215e-01 -6.2054177923e-02 3.1738379667e-01 -4.6245621758e-02 3.0989633803e-01 3.3157785942e-01 2.9114669806e-01 2.3017907775e-01 1.6184822599e-02 4.3703895479e-01 -3.5653108272e-02 -3.2111252238e-01 -2.1580794183e-01
6.0114368405e-02 -1.2755826809e-01 1.0710817464e-01 1.1135987451e-02 -1.9078340242e-02 -7.2639982256e-02 2.1650788323e-01 -5.1417930495e-02 7.0308360341e-02 1.3169895691e-02 2.1374152521e-03 9.0191809272e-02 -2.4890365863e-03 -2.6389472921e-01 -5.3845197764e-02 1.0396629872e-01 1.2330290337e-03 -4.7378660903e-02 -1.5787433095e-02
1.0052864965e-01 -1.5768297342e-02 -8.6152268303e-02 4.5712933417e-02 -5.2381994958e-02 5.5579825803e-02 4.1837689627e-02 -4.3472071631e-02 -1.4159596208e-02 -6.6930813860e-02 1.5954558240e-02 -3.0095891497e-02 7.1441443440e-02 3.5144677781e-02 -7.6844624403e-02 -2.2621368643e-02 3.8676953975e-02 1.7987989383e-02 8.3307460505e-02
-3.1302007612e-02 -9.8657922296e-02 -1.1492606456e-01 5.6517105555e-02 5.0068421953e-02 7.3751628393e-03 1.6953039531e-04 -1.0786543165e-01 -7.5643238898e-04 -1.5651804371e-01 2.8165986192e-02 -3.9912905472e-02 -1.1370840797e-01 1.1304371116e-01 5.3244783132e-02 -1.3797257207e-02 1.3539138994e-01 3.0909583862e-02 3.7373077381e-02
