3.4382854218e-04 -1.3348033765e-01 2.2151695739e-01 1.9708759614e-01 -1.3509821677e-02 1.0071968178e-02 -2.9361487057e-02 9.5054695732e-02 1.0288498764e-01 3.2683392209e-01 -1.1767076594e-01 4.4738950491e-02 -1.5400395333e-01 -1.7495515678e-01 1.9890884269e-01 3.3258009395e-02 -8.2758990279e-02 7.5120633170e-02 -3.1111144267e-02
8.3150812029e-02 -5.3955881655e-02 -6.1726094065e-02 1.6797178718e-02 -8.4639258024e-02 -5.2707104376e-02 2.3288748702e-01 6.7830348306e-02 4.9016572607e-02 1.3457978070e-02 -1.3028300742e-01 3.1044338795e-03 8.8369999091e-02 1.3409729611e-01 1.3362432563e-01 7.0952492297e-03 -1.5727379507e-02 -4.0304548928e-02 8.8218562460e-02
5.8351565770e-02 -3.6538392085e-02 -1.3351068841e-01 3.3897038984e-02 -3.0720676623e-02 2.9719192189e-02 -2.9138297860e-02 -5.7721500036e-02 -1.5352549085e-02 -3.4206190639e-02 -6.3831196992e-02 4.9927973288e-02 -6.5485713334e-02 -1.0670037182e-03 -2.9924626925e-02 -5.3137877485e-02 1.2095158252e-01 -9.7246932436e-02 -2.0641240170e-02
8.0974688889e-02 1.8631126474e-01 4.2436573114e-02 -1.1985008704e-02 -2.9460762337e-03 3.3203289595e-02 -1.1472324118e-01 3.8197475491e-03 4.5327496975e-03 -8.1451401972e-02 -4.7913004318e-02 -1.2436242162e-01 -4.7997511655e-02 1.7953291004e-02 -1.1552452554e-02 -8.8301632579e-02 8.0674704231e-02 6.3173822792e-02 -8.6728495785e-03
2.2205251741e-01 1.2050167959e-01 6.9158999832e-02 -9.6189982212e-02 1.3054336020e-02 -3.9040002830e-02 1.2299084574e-01 -1.0920791959e-02 6.3523941360e-02 -1.0041386866e-01 4.0631019043e-03 6.1768241241e-02 1.9609208343e-01 7.9549042914e-02 -8.5007624132e-02 8.5403813278e-02 2.0064534112e-02 2.8428479598e-02 1.6020965474e-01
-1.1174954641e-01 3.5960877220e-02 6.0285047853e-02 -6.0908938123e-02 4.2004296110e-02 8.4651093968e-02 -2.8468967727e-02 2.9659467896e-02 2.3678107531e-02 7.6439299174e-02 -6.2040898019e-02 -5.7723590539e-03 -2.4146025839e-02 1.8785404848e-02 -4.3981881421e-02 -4.1361738959e-02 4.6255240417e-02 -8.1881680365e-03 7.8841469855e-03
1.3490474961e-01 5.2093299155e-02 -2.0670358888e-02 -9.5422381864e-04 -8.6876542053e-02 2.8624938139e-02 1.5093800719e-01 -5.9701369342e-02 -6.7426784075e-02 -1.3485186930e-02 -1.0490125458e-01 -3.9834344141e-02 9.5914134421e-02 9.2951409977e-02 1.4363121427e-01 -6.7548376518e-02 -2.1464217928e-02 -3.0792587864e-02 2.8548353626e-01
2.5277969008e-02 1.5743382795e-01 -9.7053416491e-02 2.0536812060e-02 -4.8190989502e-02 -2.6756910323e-02 3.0956533678e-01 -9.7957624867e-02 2.7877558118e-02 -7.3615465527e-02 1.2527056235e-01 2.8777101319e-03 4.8820681148e-02 1.1465623500e-01 9.9297644012e-02 -1.4982372774e-03 7.8371221770e-02 2.8105206446e-02 1.3459163103e-01
-1.3355331829e-02 -1.4307664325e-01 1.7630908029e-01 2.2686378030e-01 -1.5339092835e-02 -5.8584366966e-02 1.1383870198e-01 8.1857686351e-02 -6.1806828627e-02 1.0515367603e-01 -6.5876125036e-02 -9.8530598558e-02 -8.3380780449e-02 -4.4002931278e-02 2.2627161189e-01 -6.4744230829e-02 2.0041586451e-02 8.1383806457e-02 -1.7737948731e-01
3.4384579105e-02 2.8237857254e-02 -2.7020012671e-02 -9.8921788841e-03 -9.1975009147e-02 1.4458595018e-02 -7.0184531283e-03 -5.9793199460e-03 -3.5972811644e-02 3.5746341502e-02 2.1530556155e-02 5.6181934436e-03 8.3466040233e-02 -8.8603196352e-02 3.3428966780e-02 5.3118131204e-02 -3.7822780272e-02 1.7944286568e-02 1.9439912866e-02
-5.5216556080e-02 -1.0269737503e-01 3.1375515994e-01 2.2314573033e-01 -2.5400000776e-02 2.7130773698e-02 1.7365478279e-01 1.2902669568e-01 -2.5877296252e-02 1.4008229495e-01 -1.1674714638e-01 -4.0952166998e-02 -1.8339932790e-01 -1.8713364488e-01 1.8511438503e-01 -3.5423753709e-02 -2.9512138539e-03 -6.4852111220e-02 -1.5909974683e-01
9.7745829768e-02 1.2216910749e-01 4.8936440162e-02 -1.4537798217e-01 -7.9888282143e-02 -1.2560453587e-01 1.7844519003e-01 1.9095493575e-02 -3.4512908851e-02 -9.3783679393e-02 8.8565208329e-03 -5.4140165566e-02 1.1674184347e-01 1.1412862476e-01 2.3067072813e-02 1.8156855185e-02 2.5064381944e-02 -3.2309689954e-04 1.1966344920e-01
6.4299878327e-02 -1.3219760741e-02 1.0405292776e-01 1.2624496645e-01 6.9471230093e-02 8.6545303284e-03 1.1245884965e-01 1.4314693293e-01 -6.6564406033e-02 4.5993870698e-02 -4.3749317398e-02 -7.8328021767e-02 -5.9078524266e-02 6.7410197864e-02 5.2800138160e-02 -3.1118041437e-02 -3.2069595050e-02 -6.3550220360e-02 -6.0919974044e-02
1.1359169886e-01 1.8224117948e-01 7.4924670710e-02 -2.6856842079e-02 1.5958406748e-02 -1.4927309481e-02 1.5129160144e-01 1.1225487857e-01 1.6410661561e-02 6.0153941467e-02 -1.1157195694e-01 -2.6769226018e-02 4.2976028071e-02 1.0822863473e-01 1.3830023024e-01 2.6540065616e-02 -8.2090636485e-02 -7.3510097956e-02 2.3020852225e-02
6.3767387868e-02 1.1126146269e-01 -1.4127252900e-01 -9.1406395787e-02 1.9161741091e-02 -9.6895111821e-02 1.1423350156e-01 -1.2092874088e-01 1.6668198590e-02 -1.4834928945e-02 6.1065765370e-02 -1.0420670322e-03 2.1936295133e-02 9.7088559470e-02 -9.5966452305e-02 1.3141404216e-02 -7.6586342779e-03 -3.6303644693e-02 7.4196106126e-02
-1.7291013718e-03 1.4961270908e-01 -9.1846619245e-02 -5.8672347764e-03 3.2738731757e-02 -1.7539362071e-01 -2.2021613377e-02 -2.9597916019e-02 4.8304964694e-02 2.7632315827e-02 -2.6866172994e-02 -2.0049332221e-02 -2.9839092405e-02 3.7543557235e-02 -1.3413329847e-01 2.9488816814e-03 1.5942323716e-01 -9.8046888472e-02 -9.0128257242e-02
-1.0501797331e-01 -2.7221301969e-01 1.9327650314e-01 2.1409371729e-01 3.1172207772e-02 -7.3062078976e-02 1.3075617893e-01 1.6002349590e-01 -5.2394456732e-02 1.7441998029e-01 9.1478560607e-03 4.0724617496e-02 -2.3395285154e-01 -1.9508016147e-01 1.2680609807e-01 6.2350263999e-02 -1.0505500224e-01 -4.7091701302e-02 -1.5566954950e-01
1.3875069850e-01 9.2827104140e-02 -1.6395437401e-01 -1.4893923982e-02 -3.9982233206e-02 -6.6472690122e-02 1.1765488737e-01 -1.9165028288e-01 -2.1275862263e-02 -3.5552344754e-02 7.6163011158e-02 3.2349821249e-02 -8.9983884833e-03 1.3878285176e-01 -2.6012852278e-02 -5.4641277925e-02 3.1060483773e-02 -4.3134326342e-02 4.4858370780e-02
-3.2185409994e-02 -1.3582623729e-01 -8.2601110237e-02 1.8168028975e-02 3.0203125851e-02 -5.5923974541e-02 1.0647460474e-01 1.1271871836e-01 -1.2149748507e-03 5.7526212868e-03 1.3835617360e-01 1.3402546558e-02 1.0264337290e-02 -2.8991252406e-02 1.8757505619e-02 -8.6799853793e-03 -5.0750350397e-03 -8.2490939657e-02 -6.7174208456e-02
