-2.0644234984e-02 7.7383686118e-02 -1.1830567380e-01 7.1965103282e-02 4.1562575368e-02 1.4204171853e-01 -6.2437943504e-02 1.0074943697e-01 -6.0099449619e-02 8.3540129924e-02 -7.9810569640e-02 5.1944431251e-02 5.8416977094e-02 1.1622323668e-02 6.8074760633e-03 -4.1840964744e-03 4.2629118729e-02 -2.6781637780e-03 2.2405630989e-02
-4.3064535524e-02 -6.7930353382e-03 1.5464468594e-03 3.2651148822e-03 3.1561912191e-02 1.1034571178e-02 -1.2523611519e-02 -8.0055900885e-02 1.1313918705e-01 -6.9446168358e-02 -3.7877088762e-02 1.3926981452e-01 -7.6081753734e-02 -4.7124618279e-03 6.9927288021e-03 5.9270465968e-02 1.2855863896e-01 2.4434491703e-02 -1.0246083190e-01
-3.3063808819e-02 -1.2023733493e-01 1.6897866082e-02 4.2315876763e-02 -1.5269604856e-01 7.5705170109e-02 -4.4604283657e-03 1.1940477369e-02 3.5530571982e-03 -1.6791726701e-01 -7.1719570666e-02 -1.8777016873e-02 -4.7776004177e-02 5.4057131390e-02 6.4186926165e-03 -2.7576392319e-02 -2.3662808166e-02 1.2004686131e-01 -6.0853218654e-02
2.0479351198e-01 -1.3814575257e-01 2.1124489720e-02 1.4103817389e-01 2.0268124755e-01 3.8716764951e-02 1.3276046860e-01 1.3849983244e-01 1.6731598273e-01 -4.1602981054e-02 -7.8836840662e-02 5.9622356411e-02 1.4752455732e-01 -1.7431954868e-01 -7.4019043936e-02 -7.8205139449e-02 4.0921592295e-03 1.6752910102e-01 -6.5188199156e-02
-1.5489687508e-01 1.2264084894e-01 -3.5850644876e-03 -7.5711206778e-02 -2.0150961216e-01 -7.1910785439e-02 -7.6103546348e-02 1.0798742448e-02 -4.2395548012e-02 1.3626531200e-01 -4.3699998903e-02 -1.0992129713e-01 -1.2132948918e-01 1.1486339708e-01 -1.4622705165e-02 8.1475730062e-02 -3.2914598670e-02 2.8161957334e-03 1.1290322292e-01
1.2907493755e-01 1.4469145270e-02 -2.9328675195e-02 2.3154024149e-02 4.7858787519e-02 1.1665279224e-01 5.2507953788e-02 1.1126182381e-01 8.8439620396e-02 7.2405992972e-03 8.0836498506e-02 -6.2603662935e-02 3.2077038274e-02 -4.0512578195e-02 1.5701169934e-02 -7.7583988847e-02 1.6293464830e-01 3.2325357115e-02 -1.4172716934e-01
-7.0819851978e-03 -1.0727187791e-01 5.4492329808e-02 1.3886997727e-01 7.3254958718e-03 -6.1769587531e-02 -2.4578732788e-02 7.7538310162e-02 -5.6368396262e-03 9.8857111237e-02 2.4390688565e-02 6.4630567953e-02 -3.5813727634e-02 -6.3171382862e-02 3.8990942283e-03 -6.2407567095e-02 2.5666209310e-03 1.3324402838e-01 -9.1943263340e-03
-9.8635812452e-02 5.6095257707e-02 3.1313039622e-02 7.3508265692e-02 1.0041532648e-01 6.8191930664e-02 4.7277610422e-02 5.4041312594e-02 -6.7110693842e-02 -1.0327839553e-02 -1.4672520925e-02 -7.0258463605e-02 6.9978672249e-02 -7.7353299020e-02 -3.2872084561e-02 1.1894563092e-02 1.2435600270e-02 8.9535137226e-02 6.3060047269e-02
9.3260800442e-02 -1.3110767434e-02 7.1925369963e-02 8.0551346877e-02 2.5113451670e-02 2.4719428097e-01 1.4605355055e-02 1.2399988835e-01 3.9732330463e-02 3.6409808015e-02 -7.6978056487e-02 -1.2790960502e-02 8.6276392655e-02 1.1941462613e-01 -8.2977486778e-02 -8.9920188156e-02 9.7756280987e-02 6.9582308861e-02 -1.0189215082e-02
1.0644707706e-03 -8.0290073459e-04 -2.7744778600e-02 -3.0811364391e-03 2.0100630909e-02 -1.2111069889e-01 -9.2617916754e-02 8.0755689410e-02 8.8703294561e-02 5.3228843805e-02 8.7659395023e-02 -1.1192819540e-01 -9.5056596157e-02 -4.1809352135e-02 -1.0177055787e-01 -4.5101929924e-02 7.1555359085e-03 3.9294399180e-02 -5.8955530876e-02
4.6266729616e-02 -1.3447951989e-02 8.2934122119e-02 -4.5615885910e-02 1.5841520906e-03 -1.5606034426e-01 -4.5329150337e-02 -9.5828602910e-03 2.0367901537e-02 -4.3151759861e-02 -1.1094164938e-01 3.7783289281e-02 4.5686092076e-02 -1.4495727186e-02 5.8905633501e-02 -1.1250393154e-01 1.4010042629e-01 5.1776368704e-02 -1.1929355175e-02
1.2060381717e-01 -4.3375537866e-02 1.0953890367e-01 1.3881664238e-01 1.7231947872e-01 9.2266221281e-02 9.6072164578e-02 2.7875542840e-01 1.4715900484e-01 5.9300809480e-03 -1.4228599082e-01 -6.8559067188e-03 -7.1355952497e-03 -8.2118844094e-02 4.4195616854e-02 1.7542940908e-02 1.0187958013e-01 6.9505537328e-02 2.9877180492e-02
-1.4649798191e-01 3.5035506061e-02 -1.0301519225e-01 1.0695924745e-02 -8.5764467403e-02 -1.3913064091e-01 -4.3832663171e-02 2.3759624124e-02 -1.4321827033e-01 6.6733881692e-02 2.5772081883e-02 -5.7498916872e-02 -5.2592328889e-02 1.3861228806e-01 -4.6536105647e-02 -5.0579167397e-03 -3.7910758211e-02 -7.2426549936e-02 4.8759798471e-02
7.6409956494e-02 -6.0546974668e-02 1.4204810532e-02 6.9119713316e-02 -3.3067632681e-02 -6.9376361152e-02 -1.2438379505e-02 5.6915296791e-02 1.0662350204e-01 5.6110714127e-02 3.8919751561e-02 -1.6206614184e-03 -8.8717570737e-02 -7.8939488306e-03 1.3076473694e-03 -3.6043560026e-02 9.6412914492e-02 -4.2538649420e-02 -3.7158543815e-02
7.4517813115e-02 8.8584233076e-02 -1.7745730255e-04 6.9902205071e-03 3.7933955544e-02 -5.2602165092e-02 -9.2314626146e-02 5.6141557590e-02 -6.0108105259e-02 4.8451713746e-02 -2.6318060173e-02 -1.4167881014e-02 -2.9139207334e-02 6.5120217353e-02 4.7150468838e-02 -6.0602888821e-03 3.3352641665e-02 1.4298878649e-02 -9.7597566597e-03
-2.9315780387e-03 3.3869042043e-02 -4.4589186863e-02 2.3396296592e-02 -1.2508164629e-02 1.0432051894e-01 7.9829771813e-02 1.2447783770e-02 7.4560722342e-02 3.2448841826e-02 -8.7239241319e-02 -6.2766960603e-02 1.5701386376e-02 -3.8169084135e-02 6.8210019620e-03 -1.0655771685e-02 1.1436861650e-02 1.9621805998e-03 4.1626627650e-02
1.8001202108e-01 -8.8359680879e-02 4.4899465796e-02 1.3903029977e-01 7.3676862096e-02 2.7087099492e-01 1.1602281658e-01 2.4005305464e-01 1.6655543235e-01 -1.7934887888e-01 9.0744543949e-02 4.5534521607e-02 1.0060700173e-01 -1.8690720897e-01 -1.0964593614e-02 -1.0109508897e-02 1.2332409200e-01 3.1328872665e-01 -1.2089640468e-01
8.2950171734e-03 1.7476533261e-02 7.8757541824e-02 -3.5645367360e-02 1.3448538218e-01 4.5590867042e-02 -3.4758323305e-02 -5.8193462106e-02 5.0449575253e-02 7.7184697417e-02 -3.7026359282e-02 1.5038113371e-03 -1.1131308744e-02 -3.5350255616e-02 -1.3802547616e-02 -4.2644394775e-02 -4.7204098351e-03 5.0591395022e-02 4.8330915761e-02
-9.5003712910e-02 1.7142512844e-01 -1.7522961568e-01 -1.0914740195e-02 1.3479000324e-02 -3.8024636599e-02 3.5126395346e-02 -4.4491774539e-02 7.3745864188e-03 3.4365815219e-02 -6.8819605779e-02 3.4824163698e-02 -5.5519963917e-02 4.4051704589e-02 6.6399567273e-02 4.6703105776e-02 2.2533992483e-02 5.5939187201e-03 -8.0079389946e-02
