2.6430574155e-01 6.5578936914e-02 -1.2590666429e-01 1.1784522384e-01 1.7512841065e-01 5.8548045846e-02 -7.0206786949e-02 1.6075842444e-01 -2.5424726080e-02 1.2209664170e-01 -5.2290282702e-02 2.0914837240e-01 1.4612084844e-01 1.5406344968e-01 5.1686806198e-02 1.4826253947e-01 -3.6113569852e-02 1.2975850804e-01 -1.5566955600e-01
2.5929459529e-02 2.6735376289e-02 -4.2457233004e-02 7.2404657538e-02 -4.7453005617e-02 -4.4926229802e-02 5.2098293871e-02 -8.6629131649e-02 2.3697292165e-03 8.9822344481e-03 -1.2605650766e-02 4.3074005801e-02 1.9156052306e-01 1.8915071881e-03 -8.2402853449e-02 1.1081846370e-02 2.3205294334e-02 3.2508649267e-02 8.2683672403e-02
-9.9662002478e-02 -6.9933456933e-02 1.1982658459e-01 -1.7283903395e-01 -2.3325267334e-01 -1.0859510670e-01 5.3965164352e-02 -1.0896652180e-01 -1.3531891128e-02 -2.2267701324e-01 9.4752607653e-02 -6.5770190832e-02 -1.0255991837e-01 -6.7995543875e-02 -4.7313779732e-02 -7.7788422426e-03 -5.4081143251e-02 1.8549704410e-01 -3.4336017256e-02
3.7930352062e-02 1.4828748549e-01 -2.3169565331e-02 -4.1135760526e-03 1.1852660353e-01 7.0865243594e-02 1.0612220613e-01 1.1340126431e-01 3.4287854295e-02 6.7125750483e-02 2.3939967406e-02 7.7076309520e-02 -3.8363637808e-03 1.1119617466e-01 1.8383189713e-01 7.3678539831e-04 2.6819650738e-02 9.5640041871e-02 1.4207226614e-02
3.3610333799e-02 -1.9030214161e-03 -7.5201272979e-02 8.4515837844e-02 1.3710679467e-01 1.5468016850e-01 -6.2185224878e-02 7.6461625148e-02 -2.1620760973e-02 5.4185854914e-02 3.8994005920e-02 1.6506114342e-01 -2.0665681093e-02 8.0104539449e-02 7.8490896124e-02 1.1168956847e-01 -3.5032743410e-02 1.6057990974e-01 -3.0620792308e-02
2.6092394647e-02 1.3816382236e-01 -7.4291300432e-02 1.2242283801e-01 5.3119822057e-02 1.0701078388e-01 3.9017647423e-02 3.4269644582e-03 8.7907652584e-02 3.0570584210e-02 -9.8952695814e-02 4.9422607057e-02 1.4368670963e-01 6.6472454304e-02 5.4701904664e-02 1.1112432237e-01 -2.6538920523e-02 6.7406523517e-02 -5.8909709941e-02
-1.8359725304e-02 1.5863837537e-01 -1.1370122428e-02 1.2844559449e-01 4.2767243124e-02 -7.4577898191e-02 1.1399650362e-01 5.6143871251e-02 9.8583588144e-02 3.5394805264e-02 -9.7712468813e-02 2.7601359854e-02 -6.1344053306e-02 -4.2118143132e-02 -4.9708754803e-02 1.9739661794e-02 -1.2628811669e-01 2.1594766761e-02 -8.6939283781e-02
1.6787441758e-01 1.7694972196e-01 -9.5837162117e-02 9.5787127189e-02 1.0316369360e-01 1.8415412046e-01 -1.0011139118e-01 2.5664559250e-01 -5.6205628204e-02 3.2985908591e-01 -4.1058724335e-02 1.5845122763e-01 1.2077065859e-01 2.4860884985e-01 2.2676877857e-01 2.4490350272e-01 1.8246064259e-02 2.1812230363e-01 -6.0276817165e-02
8.3031326399e-02 9.6155361478e-02 -3.5129458918e-02 -7.2911117179e-02 1.7346445654e-01 1.4984633554e-01 2.7186850200e-02 1.4772621257e-01 -9.5316106978e-02 1.0903674256e-01 -4.9573117490e-02 1.7990687254e-01 2.6547432605e-01 2.0477870524e-01 1.1215062714e-01 1.9368368183e-01 -6.2835198254e-02 1.6392992697e-01 6.2402173099e-02
8.5848159705e-02 1.6741319514e-01 -9.5889916947e-02 3.2779277770e-02 1.2276266871e-01 2.4074056909e-01 -7.8844828714e-02 1.8836152558e-01 1.0339002246e-03 1.9513504865e-01 -9.0010475215e-02 7.9840823447e-02 1.4780579644e-01 1.7843360757e-01 1.5649696067e-01 2.5893660332e-01 8.2419844097e-02 6.1794069520e-02 -3.6976608287e-02
1.6410811145e-01 1.8546310348e-01 -6.2471766108e-02 2.2209972944e-01 2.5874709386e-01 1.8713996719e-01 -1.5181270157e-01 1.6612745237e-01 -1.7518216432e-02 2.4742788394e-01 -5.1358973024e-02 9.4823164879e-02 2.2833831647e-01 1.7676969073e-01 2.1874388834e-01 2.0898823758e-01 -1.4414061463e-01 8.6285521353e-02 -7.9053288430e-04
1.0667677308e-01 6.2647529350e-02 6.3455996118e-02 1.0751657430e-01 1.1503873352e-01 1.0787910567e-01 1.5905714514e-02 4.3631301912e-02 -2.5087441623e-02 9.1972125567e-02 3.2170965942e-02 1.5883916899e-01 7.4053059360e-02 1.6995065142e-01 1.7352238569e-01 1.4244349447e-01 -1.0151600755e-02 1.8042347051e-01 4.3160835166e-02
-3.1904939673e-02 8.9450010251e-02 -1.2075589700e-01 1.5376794655e-01 1.0046978830e-01 6.9520644614e-02 -1.5514139539e-03 1.2974254876e-02 -3.8592001415e-02 3.5725636652e-02 -5.3516621130e-02 9.8028559753e-02 1.6377140751e-01 1.3376551077e-01 7.9011222025e-02 1.0547217217e-01 -6.5000849421e-02 7.6623291390e-02 -8.2225523777e-02
1.6054504036e-01 2.5247997422e-01 -9.6714014937e-02 2.6587131002e-01 1.6948766186e-01 9.0753124854e-02 -1.0842817615e-01 1.5904722609e-01 -1.4357655054e-01 2.3164164832e-01 -3.9145328127e-02 9.6732947974e-02 8.3882612161e-02 1.6373484493e-01 1.3231248756e-01 1.8481921471e-01 -3.8267988055e-02 2.7726012108e-01 4.4094582610e-02
1.1171294351e-01 9.5426651934e-02 3.8340831841e-02 1.2047521253e-01 1.5863150635e-01 1.9046963785e-02 3.6199675770e-02 5.9315002594e-02 3.3708136326e-02 1.5578136638e-01 -4.3947794615e-02 1.6083892972e-01 6.7666554976e-02 1.3911983920e-01 7.8206665993e-02 5.8785450032e-03 3.3314709244e-02 2.3303297317e-01 -1.5702999286e-02
1.8077254612e-01 2.2206494919e-01 -1.2988127296e-02 6.2647028605e-02 1.7053161347e-01 1.1933445171e-01 -1.9520309064e-01 1.9037174064e-01 -2.9116037256e-02 4.1314467992e-02 -4.6968178947e-02 1.2494796469e-02 9.7589242665e-02 9.7633302569e-02 1.1144791526e-01 2.0823876456e-01 -1.0320793215e-02 9.4817788549e-02 3.9228392974e-02
5.7860392684e-02 -1.6545174108e-02 6.2956746391e-02 1.1134814680e-01 3.4562026101e-02 2.6360086814e-02 -5.7749009264e-02 1.1716136591e-01 -9.7100744769e-03 2.4107586694e-01 -2.0603315545e-02 1.6149427702e-01 7.9495355517e-02 2.2177966693e-01 1.4631733137e-01 1.6381622893e-01 -5.9638541226e-02 1.4030015072e-01 1.9932525022e-02
8.8359969287e-03 5.4650062189e-02 -1.4618787782e-01 9.3563241042e-02 1.5238417738e-01 1.4225620366e-01 -8.5478768961e-02 3.7134855817e-02 -1.7793920668e-02 1.2461298159e-01 -7.9336444129e-02 3.0639171461e-02 8.0666941209e-02 1.3411342632e-01 1.1002860007e-01 1.0328273674e-01 -2.6820746833e-02 1.0096575230e-01 -3.9850853858e-02
1.2925646276e-01 2.6735067272e-01 -1.1771169034e-01 5.0222031935e-02 1.9542913239e-01 1.7475390239e-01 -1.6971396534e-01 2.5941553677e-01 3.5691745334e-03 3.2141721679e-01 -7.0707836099e-02 2.2063297836e-01 2.8931085975e-01 1.8197788287e-01 2.7016068769e-01 1.0663520661e-01 -1.4642111337e-02 2.6100619308e-01 -3.2981880425e-02
