-2.2251239405e-02 -1.0845042678e-02 2.0380517291e-02 -9.8558046685e-02 -7.3885178667e-02 5.2827552229e-02 -5.0846270257e-02 1.5973639422e-02 -1.6415563810e-02 1.0121987085e-01 -1.2461170947e-01 -4.6638256601e-02 2.0212725436e-02 -2.3906716523e-02 -8.6927702412e-02 2.2870284681e-02 3.2870986747e-02 -3.4234234627e-02 -3.9336316579e-02
4.0003557706e-01 3.4731263196e-01 4.0910194167e-01 2.8005630888e-01 3.5724753406e-01 3.7309197865e-01 -9.7527728338e-02 3.3172207613e-01 -3.7389914462e-01 2.4410925566e-02 -3.6429350494e-01 3.1772797184e-01 3.2516994270e-01 3.6109695154e-01 -2.7581095174e-01 3.4548138295e-01 -1.9838698243e-01 -1.4562505774e-01 -3.3768362770e-01
5.0795583272e-02 -1.3041574895e-01 -9.9536951308e-02 -2.8858546249e-02 2.1814331001e-03 3.2507462786e-02 1.0795630440e-01 6.1160842093e-02 -7.2622619998e-03 -1.6250120170e-01 -1.6240379726e-02 6.9250070845e-02 -2.8695513507e-02 -5.0820111968e-02 -4.3300420614e-02 -2.4704035787e-02 -5.0935428998e-03 -8.4189803515e-03 -9.4675163995e-02
3.4515618600e-02 -2.6932660182e-02 -7.3049344176e-02 2.7869720266e-02 -3.8213090916e-02 8.3982227267e-03 6.5666215638e-03 -5.7423826557e-02 1.0116670408e-02 -3.8318776263e-02 7.0392877551e-02 5.9770877635e-02 -3.5644379950e-02 -5.4732001455e-02 -7.9005133804e-02 1.2143666447e-01 -1.8270802231e-03 1.9069983896e-01 3.4922405675e-02
1.9583984760e-02 5.9647447012e-03 -2.6414693759e-02 1.0549920260e-01 5.6060005411e-02 2.3937878350e-02 -4.2356626453e-02 1.0900928857e-01 3.3784263807e-02 -8.6809326203e-02 8.5522214295e-02 -1.4284593734e-02 1.2422055803e-01 4.4395236744e-02 -2.3887062981e-02 6.3838671868e-02 1.2371660384e-01 1.0225958420e-01 5.1092448664e-02
-2.7653856428e-01 -2.5964814271e-01 -6.8669193144e-02 -1.7864248120e-02 -2.1431330494e-01 -1.0769650153e-01 -5.3057007883e-03 -2.0073521533e-01 1.8744569389e-01 4.2266927550e-02 2.3077027434e-01 -3.2387631457e-01 -7.4495453618e-02 -1.9803201318e-01 1.5402305913e-01 -2.9334243906e-02 1.7295723408e-01 2.9552229059e-01 2.5053980920e-01
1.8421046336e-01 3.7785997445e-02 1.8379910661e-01 8.5906430618e-02 2.0618913026e-01 6.5406573812e-02 1.5686318465e-02 5.5594456270e-02 -6.6098226732e-02 -4.9018118329e-02 -8.5644745677e-02 1.6312949225e-01 1.5456724480e-01 1.1045755275e-01 -2.5345609416e-02 1.8104479810e-01 -5.3540274443e-02 -3.4308068079e-02 -1.3096801064e-01
-3.3653770941e-01 -1.3811344549e-01 -1.3882399120e-01 -8.8436344164e-02 -6.7450127460e-02 -2.2838342271e-01 -5.0187399602e-02 -2.4216112104e-01 1.6886953041e-01 3.7030062861e-03 2.6583053625e-01 -2.3018420401e-01 -2.5712374174e-01 -1.9891199069e-01 3.0767801389e-01 -2.9363417590e-02 2.7886681853e-01 2.8039123295e-01 1.9315128785e-01
1.5355874667e-01 2.4904977973e-01 1.7946280399e-01 2.0764865556e-01 2.7746825705e-01 2.7128222997e-01 2.5558857029e-02 2.8665868329e-01 -1.0848104456e-01 -2.9120546949e-01 -1.5547045939e-01 2.6412742603e-01 2.3726205776e-01 1.9006260330e-01 -1.1006655406e-01 2.0050067316e-01 -2.0014572975e-01 -1.0053688423e-01 -2.3240622609e-01
2.1861461935e-01 2.4911025364e-01 1.1165100992e-01 1.6845842240e-01 1.5996641115e-01 1.4633989063e-01 4.4285937359e-02 2.0181616021e-01 -3.8233472175e-02 -3.2457929585e-02 -2.0526551636e-01 2.9686611391e-01 1.6978593313e-01 3.0580364888e-01 -2.2174533643e-01 1.6469573470e-01 -6.9146601549e-02 -9.1501040144e-02 -5.5109005379e-02
1.0218377844e-01 1.0477503300e-01 1.1830901330e-01 1.4320445102e-01 5.9272810985e-02 -2.1233130940e-02 -6.7793025258e-02 9.7273984801e-02 -8.2860360372e-02 8.8516736790e-04 -6.4667900032e-02 1.3033813160e-01 6.8147357970e-02 -4.1621978576e-02 -1.1732262185e-01 7.6615695169e-02 7.2560866020e-02 5.6255524781e-03 -2.6421023223e-02
-2.5260856841e-02 9.5778394872e-02 5.3724262329e-02 6.0135467804e-02 5.8978546064e-02 2.5111719375e-01 -1.3006211484e-01 4.5919770861e-02 -4.1335865491e-02 4.1679764593e-02 4.6101023214e-02 9.4444380462e-02 2.1191299131e-01 5.1940637366e-02 -2.7147340745e-02 9.4611678026e-02 5.0313783214e-02 -1.0059784158e-01 1.2913102334e-01
4.1410117727e-02 1.7383833855e-01 4.3572554131e-02 1.3135863329e-01 4.7620063300e-02 6.4524176421e-02 8.6441181197e-02 4.3777720040e-02 -4.2882829475e-02 3.6593627687e-02 -2.3667778783e-02 1.0531309813e-01 5.7668291744e-02 1.6612892590e-01 -5.3189244221e-02 9.3673395744e-02 2.9943494423e-02 4.9261814874e-02 -4.6653777231e-02
4.7427182199e-02 7.9406120884e-02 1.2670488066e-01 1.3137388344e-01 -5.2623915246e-03 1.2023622442e-01 -5.7105082374e-02 8.9721655295e-02 -7.0677530306e-02 -8.3778905718e-02 -7.0796011724e-02 9.2437668809e-03 1.2618356348e-02 1.0043061264e-01 6.7942497496e-02 -6.4055048256e-02 9.7946300508e-02 1.9889131693e-02 -1.0970415962e-01
-7.1062852202e-02 -1.4769586141e-01 -6.8494644646e-02 -1.8161124328e-01 -1.6032988636e-01 -1.4487549501e-01 -6.9894348377e-02 -1.0428134052e-01 1.1725031368e-01 -5.7979029439e-02 2.3256016406e-01 -1.2504758329e-01 -1.1326265720e-01 -7.2570725146e-02 1.9014847472e-01 -1.0615124402e-01 2.2783480764e-01 9.8407308623e-02 6.9271306392e-02
7.5819898336e-02 -2.9251893826e-03 1.1923163126e-02 5.2033866945e-02 -1.1223791931e-01 -4.8183578565e-02 -5.1318408703e-02 6.6835365462e-03 3.8073780444e-02 -8.6161529281e-02 -1.3334731848e-01 -7.2532811450e-02 7.1383030385e-02 4.2149255521e-02 -4.7102136250e-02 -7.4808709540e-03 -1.3382836658e-03 6.6412705441e-02 -7.9530138002e-02
-8.7680934464e-02 3.8140371355e-02 4.3251122260e-02 -7.5621677102e-02 3.6930227915e-02 1.0125416325e-01 -3.4846286824e-02 -5.8543086923e-03 -2.6366731096e-02 1.5066843845e-01 -7.0986376527e-02 9.0453910179e-02 -4.2692388382e-02 -5.2028695947e-02 2.0220081115e-02 1.3205454036e-01 7.8814540596e-02 -6.5108129407e-03 -8.7846274748e-02
1.4539626474e-01 1.8514543682e-01 1.5012970465e-01 2.1705107854e-01 5.3369503943e-02 1.4635854712e-01 5.0357619775e-02 8.1790166825e-02 -6.3874773504e-02 7.9484622533e-03 -6.8246604967e-02 2.2032225037e-01 1.9860668556e-01 1.1810131019e-01 -6.9135459965e-02 6.1552006426e-02 -4.6685875468e-02 -2.9374309341e-02 8.2536367969e-03
1.8434583346e-01 1.5001368022e-02 -2.5998502514e-03 6.8332586468e-02 1.7177328523e-01 -5.7284005171e-02 -6.9155049005e-02 1.2648741702e-01 -7.5517929662e-02 -4.9292531600e-02 -4.1642271573e-02 1.1179171933e-01 -1.9834554178e-02 8.3708066015e-02 -4.0157167873e-02 1.0022292909e-01 1.2637672030e-02 7.2676988033e-02 4.3908035504e-02
