-9.6722024616e-02 1.8500540194e-02 -2.4210197520e-02 4.5964147930e-02 2.2484731283e-02 1.4552936430e-01 8.7357785515e-02 2.0712157425e-01 1.4724198646e-01 -3.6405736737e-02 -1.2021961146e-01 3.1175190966e-01 -3.0187149459e-01 7.7117459009e-02 -4.3614054693e-02 -7.8244476174e-02 1.6291452525e-01 2.1797287224e-01 1.3411687664e-02
2.0105444762e-02 1.1581401424e-02 -8.6792739209e-02 -1.8373263368e-02 1.8417125955e-02 -3.9434128945e-02 -7.0240421781e-02 5.0173947174e-02 -7.1668674738e-02 8.4597696803e-02 1.8068047458e-01 -6.2647559034e-03 -7.2231780169e-02 2.1995327612e-02 6.4784957279e-02 9.1870694158e-02 9.1487669889e-04 -9.1599462621e-02 -1.0016004725e-01
-8.2195212410e-02 -1.0027641434e-01 -2.2810526858e-02 1.4276581617e-02 -2.8969572145e-02 5.2372901004e-02 -1.7462730858e-02 -1.2744342328e-02 -6.0070328580e-02 -8.2028990789e-02 1.8437891123e-02 -3.5985616038e-02 2.5021740467e-02 2.4319089446e-02 -8.4247061911e-02 -6.2809085324e-02 -3.7308305263e-02 4.6942193975e-02 1.2876181267e-01
2.5581301937e-02 1.2713201276e-02 1.0008987955e-01 -8.0927148309e-02 -3.6286453831e-02 -7.6445063370e-02 -1.0031793623e-02 -3.5856738427e-02 9.0972155008e-03 5.5874817123e-02 1.4174022574e-04 -2.9002693768e-02 7.0314784404e-02 8.0744486408e-02 2.9068671576e-02 -2.9884464887e-02 7.7079263873e-02 8.1353494024e-02 -4.6178002487e-02
1.5473778249e-02 4.8719729611e-02 -4.8989051363e-02 -1.3153354497e-01 9.5462052421e-03 1.1667318799e-02 1.4901962621e-02 -1.3495453402e-02 1.4124170922e-02 -4.6682997688e-02 -6.1947739128e-02 2.9495130440e-02 1.0350310550e-01 -3.0329702248e-02 6.0184092496e-02 4.7894559175e-04 -1.7558558334e-03 -1.0742596169e-01 -4.9217634460e-02
-6.6145092928e-02 1.2380835129e-01 -1.0077589013e-02 4.4504762718e-02 3.2679164253e-02 -3.2133957086e-02 -5.0214519409e-02 4.9543439174e-02 4.5407177064e-02 3.4215459772e-02 1.9079666225e-02 -5.6972752577e-02 -1.6480033156e-02 -3.6769121244e-03 5.2280464674e-02 -1.3647629116e-01 1.1161102901e-01 -4.4146842539e-02 9.0786386029e-02
-1.3815335622e-02 -8.9638050424e-02 3.1042711673e-02 3.8796599804e-02 -1.4095748083e-01 -4.9212942410e-02 -1.9913140306e-02 -1.3802591325e-01 -7.7981356837e-02 4.6092825239e-02 4.1059795731e-02 -1.1757736163e-01 -7.0795462064e-02 -1.5751054523e-03 -5.4506282169e-03 1.7796296800e-02 -3.9329432085e-03 9.8894764444e-02 -6.4243686124e-02
3.5625806906e-02 -6.9562186711e-02 3.2727592280e-02 -3.7830147965e-02 4.1293117130e-02 -3.9739533565e-02 1.2333882890e-01 -3.7775793305e-02 -5.7428893957e-02 3.2436144654e-02 -1.0300703941e-02 -5.6434313904e-02 -5.5704301477e-02 5.0713020550e-02 8.4216640546e-02 3.2153857234e-02 -4.9829950655e-02 -5.7564166938e-02 4.2458591741e-02
-6.1201949760e-02 -3.9944322376e-02 -5.2785085978e-02 3.4603779414e-02 2.7504669153e-02 1.1227311657e-01 2.3361347180e-02 2.1668466264e-01 2.2040201203e-01 -5.6505028164e-02 -1.8476711011e-01 1.3311910802e-01 -2.9399832253e-01 2.1315099879e-02 1.2403757202e-02 -1.4116252066e-01 1.6934827835e-01 2.9714008584e-01 -3.2254184805e-02
1.1793436284e-01 -1.3188936434e-01 -2.9855923928e-02 8.6668078090e-03 6.3811442297e-02 2.2180132321e-01 -3.5334813013e-02 -6.7089573774e-02 1.9966781339e-01 1.3053592329e-01 -1.2681025429e-02 1.9833306066e-01 1.6874463267e-01 -1.8708724790e-02 -4.3945229295e-02 1.5928290643e-01 1.3957306442e-01 3.2528235995e-02 7.6857563441e-02
8.0833587788e-02 -1.0539711369e-01 -5.3046209238e-02 -3.3107955882e-02 6.7286189478e-02 1.4910931358e-01 -7.2897844879e-02 -1.5103391474e-02 2.0225400653e-02 -2.3678565218e-02 8.6720049638e-02 -3.7620108689e-02 -6.4360501900e-02 1.0748486530e-02 -6.0103681248e-02 -5.4797851517e-02 -1.1821167972e-01 -5.5638286441e-02 -3.0589232791e-02
1.5926014617e-01 -8.3744515797e-02 -1.3928792076e-02 3.7018347994e-02 -8.2906058653e-02 2.1804176666e-01 -7.7122674195e-02 -2.3914812365e-02 5.3152770028e-02 1.5603148496e-01 1.4499397827e-01 -2.4612162784e-03 1.5494027306e-01 3.2175857114e-02 5.9378215509e-02 6.6253984110e-02 4.7087764760e-02 1.3356798932e-02 1.7652697737e-01
-7.9727762574e-02 -6.8824590895e-02 -2.0959372643e-02 2.4129141472e-02 -1.0632646858e-01 9.1679658817e-02 1.0869973988e-01 1.7952789488e-01 6.5359910263e-02 -5.7668341287e-02 -1.6179406040e-01 1.8256258088e-01 -7.3263247226e-02 7.3558445253e-02 5.0390627911e-02 -7.5258997654e-02 1.9284816046e-01 1.5665655341e-01 1.5800333205e-02
8.3505413741e-02 -5.3908867692e-02 -1.1192858507e-01 3.3412414170e-02 5.1055097662e-02 2.0127054227e-02 7.0536599925e-03 3.8829675024e-02 5.9887409473e-02 -3.9316640549e-02 1.0829631389e-01 -4.6622441656e-02 8.8031659078e-02 5.1601709621e-02 5.4432651313e-03 -9.4140551122e-03 6.0288581511e-02 -5.4673137067e-03 1.4670837467e-01
1.6112764481e-01 4.5507559156e-03 -7.9586314318e-02 -4.5325913673e-02 1.0862131491e-02 1.0515714906e-01 -2.0824007543e-02 -5.4087023160e-02 1.2079408318e-01 3.6351049497e-02 1.8526174105e-01 4.2420634906e-02 1.2863272332e-01 -1.5023444191e-01 -8.1816358153e-03 7.5108075035e-02 3.2698395342e-02 1.0819065763e-01 4.8708572827e-02
6.5031604443e-02 -5.0922946464e-02 -1.8271190776e-01 -1.3527142289e-01 -3.7756577523e-02 1.3677380348e-01 -5.2530837005e-03 -2.0175063313e-02 9.1892720753e-02 5.4150180051e-02 1.3230550824e-01 -2.6312696823e-02 1.0282769738e-01 6.6717949399e-02 -1.3956351591e-02 2.4194817496e-01 1.6744405368e-01 5.1715368408e-02 1.0669826914e-01
-5.0979718091e-02 2.2893630166e-02 -7.7098763487e-04 -1.0075193116e-01 -5.3200641248e-03 -2.7159697821e-02 -1.8447716921e-02 4.3317549660e-02 -1.6099211825e-02 -9.3997684872e-04 7.2562678611e-02 -2.6002884224e-02 1.6545946673e-02 -7.5329564022e-03 -8.3625242020e-02 -5.4827096016e-02 8.4508690510e-02 1.7006135923e-02 -1.3769364827e-02
7.3181365534e-02 -4.5447905316e-02 -3.7838336630e-02 -1.1730131774e-01 -1.9070833555e-02 1.1285921246e-01 -4.7827785695e-02 7.1789062421e-02 1.1461678007e-01 -1.1340121330e-02 -3.2698112826e-02 5.7463379410e-02 6.6600897817e-02 -4.8774845274e-02 1.5075697828e-02 -3.8850622494e-03 1.8967686714e-01 7.6426667407e-02 8.8761763462e-02
-5.7247363205e-02 8.3690952385e-02 5.9036179325e-02 -4.3772417113e-03 -7.3119994014e-02 2.6224568946e-01 2.3290203291e-02 2.0015288107e-01 2.2661139769e-01 -7.2291930524e-02 -5.0642343960e-02 2.2385629495e-01 -2.4725540891e-01 2.6278071898e-02 -1.7670009315e-02 -1.8405178866e-01 2.0188126492e-01 1.0220773147e-01 1.0694712061e-02
