3.9201589037e-02 -7.2017607444e-02 -1.1169568601e-01 1.6543190992e-01 -1.0402279098e-01 5.8756118905e-02 -4.7294191651e-02 -3.1925795465e-02 5.7202664124e-02 -7.1636136351e-02 -5.0664107079e-02 6.2722970538e-02 -2.8978569965e-02 7.8184448140e-02 4.2667908778e-02 -1.0294373313e-01 1.0034855782e-01 -1.0264025357e-01 -4.7664525324e-02
8.2900998576e-02 3.4070855147e-02 -2.9272701210e-02 -5.9633468144e-02 -7.2913062298e-02 -3.3401321226e-02 6.8464243376e-02 5.8952282205e-02 -7.8456388111e-02 7.3089504648e-02 2.5885584671e-02 6.0048865492e-02 -1.4881800344e-01 2.5719766933e-02 1.1745564046e-01 7.1733286174e-02 -2.2237538428e-02 -1.7181579270e-02 -7.2999029647e-02
-2.2762645187e-02 -2.0552573411e-02 -5.7287545941e-03 -1.8088753128e-02 6.1074078769e-03 -3.1416163994e-02 -5.0229484903e-02 1.3347294824e-02 6.7299874180e-02 9.9726124039e-02 -1.0987393920e-01 -2.9927753554e-02 5.8448890039e-02 -3.9549977940e-02 9.7218459111e-02 -5.0112721931e-02 -7.3481018830e-02 4.6971972624e-03 8.8325025125e-02
3.8076262566e-02 3.4310553796e-02 4.1884870371e-02 -1.8972376132e-02 -2.4161328326e-02 -8.7088117797e-03 -3.5328607417e-02 8.5628276956e-02 -1.3975368175e-01 1.1291452318e-01 -3.7354003785e-02 -9.9209563293e-02 -4.7399629477e-02 7.1555525372e-02 8.4795958682e-02 2.3005553826e-02 7.0660970183e-02 -8.1005168444e-02 1.1944434835e-01
1.0515438801e-01 5.2173348417e-02 -3.1037634320e-02 1.6131833735e-01 2.3634505823e-02 1.3000560456e-01 5.7538430959e-02 -2.4058757203e-02 -6.3647940839e-02 1.2883256433e-01 1.3383302423e-02 5.4084909210e-02 5.3820799695e-02 1.6594940386e-02 2.1837250828e-02 2.2252160469e-02 1.1390096534e-01 9.0424093019e-02 -1.0123135856e-01
1.5711412945e-01 8.1184846450e-02 3.1176160762e-02 8.7268947589e-02 1.2306386671e-01 1.8094748234e-01 1.4600123341e-01 -8.9921507159e-02 3.3892168418e-02 5.1685803218e-02 2.1943244490e-02 -9.0772107509e-02 5.1539362131e-02 1.2178481219e-01 3.6116375705e-02 1.4991801291e-01 1.3961160591e-01 1.1118175257e-01 -9.9199454884e-03
1.1420904369e-01 4.3313653957e-02 2.6815261451e-02 -4.1324309096e-02 1.8896879695e-01 1.1321217733e-01 5.0175801217e-02 1.8804326836e-02 -1.9777387395e-02 1.3783072953e-01 1.6799009563e-01 3.1729627257e-02 -1.0403154813e-01 -8.4542933462e-02 -1.1174949743e-01 2.1700735194e-01 9.2720294808e-02 6.5109648783e-02 4.8796384479e-02
-5.1322638631e-02 2.1526931769e-01 -1.3884696848e-01 9.2033122777e-02 2.9545332815e-02 7.5013191017e-02 1.3323039351e-01 -3.0488345773e-02 2.5961709343e-02 1.9046873926e-01 7.8834250659e-02 1.1660033703e-01 4.7749724197e-02 -5.6810861745e-02 -1.0148695362e-01 9.3030665878e-02 -2.3357830322e-02 1.4018376811e-02 -4.3038443619e-02
6.8269906941e-02 -1.0975366475e-01 1.3825309896e-02 -1.0062713093e-01 1.7262384003e-02 1.2153924481e-02 -2.8843848116e-02 4.0954659884e-02 -4.9193148325e-02 -1.6846634094e-02 -1.9648584434e-02 2.7294789467e-02 -1.6488152247e-02 4.0125877553e-02 1.9190673835e-02 4.4986933594e-02 5.3852757129e-02 4.2983243373e-02 2.3792014296e-02
-1.7596058318e-02 -5.0817407441e-02 -1.5585028930e-02 9.0882004949e-02 -7.1372446202e-02 -1.2438554757e-02 -3.0228665805e-02 1.7804491111e-04 -1.1716281947e-01 -8.3905689069e-03 6.4433939609e-03 -6.0743580669e-02 3.8326072140e-03 2.6929462431e-02 1.9074805251e-01 5.1818821146e-03 6.7613131103e-02 -3.5398128628e-02 -2.3521464661e-03
-2.7203916083e-02 2.0064287869e-01 -6.7737745566e-02 1.2419965594e-03 5.6307744776e-02 -3.3716552017e-02 2.1602647408e-02 -3.4755160986e-02 3.6191821568e-02 3.6230356064e-02 -1.2676007791e-01 -2.6268884771e-02 -9.2508404972e-02 -5.7879001240e-02 3.3806405553e-02 1.0649255198e-01 -8.0901136884e-02 1.1044601388e-02 8.1082668277e-02
1.9200155611e-01 1.2509369115e-01 -1.1495343190e-01 4.1955531636e-02 1.1425957973e-01 2.1855564364e-01 2.4344402443e-01 7.3233608273e-02 -4.6750098216e-02 5.9980780576e-02 7.7074281089e-02 6.6545075952e-02 -1.2539739778e-02 -5.9507034217e-02 -3.5126429614e-02 1.2177474623e-01 -3.1476316891e-03 2.7921207278e-01 5.4353566789e-02
8.2505528306e-02 2.0255430335e-01 7.6720382720e-02 -5.0906250146e-02 2.0705999363e-01 1.5211624955e-01 5.7233741136e-02 3.1154710494e-02 2.6142719168e-02 8.8759559888e-02 1.1754242039e-01 1.4343750195e-02 1.6572503975e-02 -7.5803526341e-02 -9.8798671613e-02 3.9485708498e-02 1.0255709682e-01 1.7114421400e-01 -6.8567507705e-02
1.0665970049e-01 1.7907015089e-01 1.0865465949e-02 1.2563946332e-01 1.0279657197e-01 7.8407600951e-02 1.8984839411e-01 -8.0166951022e-02 -9.7619066974e-02 1.2902076526e-01 3.4423133305e-02 -5.5389226999e-02 -2.7161215769e-02 -5.2745484837e-02 -4.2338184277e-02 1.7908718668e-01 1.0580748784e-01 1.0032314079e-01 -2.6641831593e-02
8.4224274411e-02 3.7098821883e-02 6.7740517516e-03 -3.5750052867e-02 7.8347552554e-02 -4.8491722775e-03 -2.6504279936e-02 -5.7498252117e-02 -4.5116071999e-03 1.2841593956e-01 5.2024179577e-03 3.7154006318e-02 2.2225490481e-02 -3.3626109577e-02 8.5269278437e-02 5.7653369520e-02 1.1949501589e-01 6.5257006240e-02 3.3370500970e-02
2.7633933484e-01 2.7202896101e-01 4.5492896801e-02 4.1256720223e-02 1.3554756151e-01 3.9419235150e-02 1.0473699157e-01 1.5249193174e-01 4.3232609762e-02 1.1063352484e-01 1.8016767576e-01 -4.7587732791e-02 -4.2061498613e-02 -5.6421142945e-02 -1.8080022307e-02 6.2040496513e-02 2.9567184903e-02 9.4641996810e-02 -1.9311185103e-02
-1.2586552772e-02 1.3852366926e-01 -8.3415395909e-02 -9.3754324592e-02 -6.2469891768e-02 6.0264983404e-03 1.0899797207e-02 3.7689142497e-02 -7.4298193966e-02 -7.0890395388e-02 8.9543387766e-02 1.7035157845e-03 -5.8031339765e-04 5.8667218553e-02 1.0347545437e-01 7.4345452031e-03 -5.0693166799e-02 1.9014693852e-02 4.6845646555e-02
-4.8480316431e-02 -4.2081946222e-02 4.7729001193e-02 1.6941291380e-01 -7.4704426059e-04 -4.6100704123e-03 -1.6176486447e-01 1.9758054399e-03 -7.7390903307e-02 1.4390210091e-02 -2.0323695185e-02 -1.5975535875e-02 -6.5064925033e-03 4.9866770652e-02 6.0532560343e-02 -3.6108180182e-02 1.2335284018e-01 -1.0369584920e-02 -3.7470274242e-02
-2.7779933512e-03 3.5378466273e-03 6.6801322077e-02 6.8996274252e-02 7.8573616014e-02 8.6444711360e-02 7.2680655331e-02 1.4924820654e-03 1.3601190434e-02 3.2471938188e-02 3.1476872575e-02 8.7228460715e-02 -1.3075775854e-02 -1.1890044814e-02 -3.6229912803e-02 8.7526819552e-02 3.9880115764e-03 4.1960504904e-02 2.3255020201e-02
