1.6209122903e-01 1.3605922461e-01 -1.0099194252e-02 1.8318487157e-01 8.8368864673e-02 9.7812106945e-02 -3.1759010968e-02 -9.4228605207e-02 1.4614168515e-01 -3.5880393887e-02 1.4175243765e-02 2.7714857725e-02 -4.1820630149e-02 8.2156992086e-02 1.4780668379e-01 1.5569133713e-01 8.2199301558e-02 1.3319389170e-01 -2.6499303172e-02
-1.2969926082e-01 7.0773046958e-02 1.4171341405e-01 -1.6660805074e-01 -7.5581152434e-02 2.4873347823e-02 3.6511031863e-02 2.0290743114e-01 -6.4229718304e-02 6.3637074457e-02 1.1327503884e-02 1.4761878941e-01 2.1818154969e-01 -1.4179843568e-01 -1.9276536551e-01 -6.7411881593e-02 1.6525876602e-02 -1.2205102744e-01 1.0924336191e-02
7.4707359519e-02 2.2208501316e-02 -2.1908712559e-02 -2.6426725606e-02 3.2289782379e-02 6.5033616699e-03 -4.2600765608e-02 -6.4863593979e-02 -5.3170014850e-02 -5.9836422377e-02 -1.1940247812e-01 6.8873454831e-03 -5.6728628249e-02 1.3342917516e-02 1.0809472654e-01 -7.5847393030e-02 -1.8523511987e-02 5.0112288976e-02 -3.8420238420e-02
1.2251190706e-01 1.6969304113e-01 -2.0284908488e-01 1.8027671775e-01 1.6285653157e-01 -6.3289955594e-02 2.6773386273e-02 -1.1328126398e-01 2.4746803253e-01 -1.3689759816e-02 1.7400543962e-01 -1.8823168710e-01 -7.6773225643e-02 2.3207285749e-01 1.4209246773e-01 1.8377360789e-01 1.5374746288e-01 2.2532491637e-01 6.0053324699e-03
5.7714972564e-02 1.0717509280e-01 7.1715699420e-02 5.0974057065e-02 6.4113041149e-03 2.8259048065e-03 -3.0203235629e-02 -1.2280113502e-01 4.3897373156e-02 -6.5123834662e-02 9.4465528614e-02 3.3128798343e-02 -3.6314858687e-02 -1.7756082666e-03 1.2291144883e-01 5.2934941782e-02 7.0451423570e-02 4.3655952055e-02 -1.7942123959e-02
8.1166189065e-02 5.0573615650e-02 -1.8370556335e-02 1.2861673364e-01 1.6777573219e-01 -7.3462246474e-02 -3.9254870420e-02 -9.3586472046e-02 1.1672423889e-01 5.8532092474e-02 1.2627360323e-01 -2.5458232476e-02 -5.5079340946e-03 1.0105827037e-01 1.0242214990e-01 1.1867885546e-01 1.9843797994e-01 1.0282179347e-01 5.7465284847e-03
-3.2679698728e-03 2.0938870745e-02 -1.9285247677e-02 5.9404608990e-03 8.5771675719e-02 9.2480484753e-02 -1.7369042387e-02 -1.5165739703e-01 7.9064565002e-03 -9.2718149795e-02 1.0787062150e-01 -1.1244087473e-02 -2.2595272642e-01 9.8540035105e-02 1.2965454506e-01 9.8067898832e-02 1.6669042167e-01 -4.4758692474e-02 4.5627531085e-02
2.1831310380e-01 2.5330361262e-01 -1.9646639502e-01 1.7310502277e-01 2.1212776499e-01 -1.3324451250e-01 -9.7180413381e-03 -1.3260302850e-01 2.9036827132e-01 6.8558281526e-02 3.1744403106e-01 -6.7958813534e-02 -1.8188137344e-01 3.5184615614e-01 4.0536898102e-01 2.3513244727e-01 2.3821683785e-01 1.3562512536e-01 -2.8880980478e-03
1.4991296302e-01 1.9294854637e-02 -3.7444661366e-02 1.5261667146e-01 3.4713693245e-02 5.8701359660e-02 -3.1833370171e-02 -7.4704013724e-02 1.1637987434e-01 -1.6086226858e-02 7.7384748137e-02 -2.8793385144e-02 -6.5177140685e-02 1.7363150152e-01 1.5851135795e-01 1.1586927467e-01 2.0467776647e-01 1.1606192266e-01 7.9150406526e-02
-1.2515932738e-01 -1.1370050365e-01 1.2019687224e-01 -4.4019937203e-02 -1.9279826076e-03 -3.6350897968e-02 -2.1481840821e-02 1.5459251617e-01 -7.6224595763e-03 3.1012339765e-02 -2.3164793048e-02 1.9405103084e-01 1.4616948563e-01 -3.4850785279e-02 -1.0345331332e-01 -1.2045926060e-01 6.7297655113e-02 -3.7282201845e-02 5.1746807143e-02
-1.0714750228e-01 -1.2303487613e-01 4.7574000031e-02 -4.7609581101e-02 -9.8576015428e-02 4.2925004561e-02 7.2298081189e-02 -6.2107850565e-02 7.7319996720e-02 -1.0879543212e-02 -6.6849523819e-02 -5.6454502441e-02 1.3347283836e-01 4.8747259082e-02 -1.7146083303e-02 2.9085502387e-03 -3.3189260182e-03 -1.2810396826e-02 1.5125680869e-02
-3.0088249906e-02 4.6783531808e-02 4.8656528568e-02 -1.6995760680e-02 -3.7179711408e-02 -5.6960051673e-02 1.5157105356e-01 8.5841075173e-03 -3.8105997255e-02 -7.7294879557e-02 1.1324377476e-01 8.1323022417e-02 3.2614869069e-03 4.1223605366e-02 -4.7942687157e-02 -3.8191707566e-02 -2.6846933797e-02 2.3863395123e-02 1.4237101826e-01
1.4256371225e-01 3.5441168989e-02 -9.5260965443e-03 -4.5146635280e-03 7.2663672511e-02 1.4933495742e-03 -1.2079666460e-01 -6.0466431809e-04 5.0588005595e-02 -2.2644327612e-01 1.2680535795e-01 -2.0193071283e-02 -3.1357891282e-02 1.0977561149e-01 3.8123148145e-02 1.6176940962e-01 2.0369011184e-02 2.5071479600e-02 8.3784771084e-02
-1.0212074601e-02 -7.1325103175e-02 6.1772975077e-02 -2.0689733789e-03 -1.3711863838e-01 1.0264369577e-01 -3.7270312463e-02 2.7497572408e-02 2.3846334630e-02 1.9751578309e-02 1.1735387426e-01 1.8364272080e-01 3.6440232078e-02 -1.3245881515e-01 6.5109010007e-03 -4.5054424889e-02 9.3139211124e-04 -4.6173359987e-02 -9.4837350012e-02
-5.2974010255e-03 -7.4662470504e-02 -2.0292698658e-02 9.1824834177e-02 5.3189383919e-03 -5.1000249181e-02 4.6075111571e-02 -6.0350203015e-02 -1.0928977404e-02 -9.4357510625e-02 4.7862554966e-03 1.0613472089e-01 1.3132161890e-02 -5.5159195681e-02 7.9690407750e-02 1.1764420094e-01 1.8158392959e-02 3.0932366690e-02 -4.3769269764e-03
-8.0158889444e-02 -5.2405504665e-02 1.0726761802e-01 1.7963087885e-02 -2.8994926991e-02 -8.4027546905e-03 -2.4450286059e-02 1.8088721803e-02 7.2273857955e-02 -1.2465279617e-02 -3.1426660884e-02 1.8680455499e-02 4.8735249091e-02 3.8239984081e-03 1.4342766139e-02 4.9074561787e-02 7.1758992900e-02 7.1378979545e-02 6.9214633829e-02
8.0263813963e-02 5.0750898850e-03 1.0923827693e-02 4.3884099069e-03 1.9115554981e-02 4.0060261241e-02 -1.6237183262e-02 -9.4645803723e-02 -5.0345012314e-02 -6.0025858770e-02 7.4821283483e-02 -1.1940597520e-02 -1.7093759110e-01 9.5831858506e-02 1.1924517617e-01 1.0833458321e-01 7.8419918567e-02 1.6143281259e-01 9.4078478777e-02
2.1477544963e-01 1.3740482807e-01 -1.5404976987e-01 1.5521146784e-01 1.6717114188e-01 -2.4231879139e-02 4.0627016164e-02 -1.1345233061e-01 2.5899690061e-01 -7.2258072307e-02 1.1479954160e-01 -2.7101562733e-02 -1.5626958167e-01 1.2147609385e-01 1.4592541148e-01 1.3607492270e-01 1.2091512695e-01 2.4855174681e-01 -9.7016816015e-02
-8.8192041692e-02 5.9531089119e-03 1.5524852510e-01 -1.2635982528e-01 -4.4653920351e-03 -7.9279600930e-03 2.6242507308e-02 5.7649923117e-02 -2.0390292492e-01 -8.1406966646e-02 -3.4891504842e-02 1.0981614784e-01 1.7269193409e-01 -1.4194357307e-01 -8.1635385530e-02 -2.4171085631e-01 -1.6683629391e-03 -1.3564690368e-01 -3.9519462154e-02
