6.9163558746e-02 9.8270381446e-02 8.7481360268e-03 -3.8008389697e-02 8.7359831155e-03 9.6688562932e-03 1.2314459095e-02 8.6971708903e-02 8.9821912315e-02 7.1810285822e-02 4.1431917227e-02 9.3203016914e-02 -7.3594359841e-02 1.7496844667e-01 3.1994842616e-03 5.2521623526e-02 -1.7461743239e-02 -2.8949255057e-02 -2.7375407068e-02
2.2082201853e-02 9.5408498261e-02 9.4450465916e-02 -3.3198749288e-02 -3.0389397632e-02 2.5473608588e-03 -8.1390010850e-03 2.3384840290e-01 1.1826453880e-01 6.3428840749e-02 6.1845365968e-02 2.9608354175e-02 2.9690100068e-02 3.0460786174e-01 -1.6420845932e-02 1.2992608826e-01 -1.3014227214e-01 -1.5603412939e-03 -1.8753613045e-02
8.1530894130e-02 -6.5815192517e-02 -9.5784243863e-04 1.2639430603e-02 5.8978292654e-02 -2.5078167237e-02 9.6027950204e-02 9.1755734885e-02 -1.7559253797e-02 -1.2080394997e-02 4.7294156213e-02 -1.8588485029e-03 5.9875132195e-02 -3.2383124670e-02 -4.4793902751e-02 -5.0626846931e-02 1.3219631282e-01 -1.3283068478e-03 3.5800303273e-02
4.0475326263e-02 6.1911676344e-02 -4.6159161034e-02 -5.5478732111e-02 5.4824099014e-02 9.8651938926e-03 2.2133744123e-02 4.3156653677e-02 -1.8880202177e-02 5.3908548154e-03 -1.0738804286e-01 -7.6648240122e-03 1.0745923388e-01 1.2065638514e-01 -2.9737185718e-02 -1.1099289510e-01 1.3262989401e-01 -5.9845731907e-02 3.4334014730e-02
-2.1710009458e-02 1.5500262131e-01 1.0329541703e-01 -6.9053283106e-02 -2.7637840188e-02 8.6923117869e-02 -1.1149814931e-01 9.6525704670e-02 2.8089701833e-02 4.7724999206e-02 4.1158776645e-02 1.6826232375e-01 -3.8069436323e-03 5.5433405289e-02 -1.0728975744e-01 1.4767466751e-01 -2.1461290951e-02 5.6734533145e-03 -1.1735342461e-01
-9.1583742946e-02 9.7536701361e-02 1.0261191603e-01 8.8535312430e-02 -3.4789069685e-02 2.2684066752e-02 -1.0766395316e-03 1.1254870745e-01 2.6645998512e-02 9.1944611353e-02 -7.4475183333e-02 6.4422583756e-02 -7.5888574161e-02 1.2556889183e-01 2.6051940287e-02 1.3305402014e-01 8.4116863903e-03 -4.9248637611e-03 -1.9079160378e-03
-4.6945915768e-02 1.6058294280e-01 2.1417802324e-01 -3.4011084826e-02 5.3895553529e-04 5.1458381752e-02 -1.4287578519e-02 1.0154242392e-01 2.4412087972e-01 3.3111102680e-01 -3.3942764271e-02 1.6236543642e-01 1.1378208857e-01 1.6959097412e-01 -1.5211688250e-01 2.0132235693e-01 -1.0927095161e-01 7.2728957647e-02 -1.5314883192e-01
-3.5786078902e-03 -4.3763342518e-02 1.0764404093e-02 2.1825384910e-02 1.1510522834e-01 2.7488782106e-02 -8.2537914469e-02 3.7101053778e-02 4.5046127212e-02 -4.1280691626e-02 1.3477422823e-02 9.2964955488e-03 1.7761653316e-02 2.2947879064e-02 -1.0867992692e-02 -1.3313117452e-02 -2.7790164594e-02 -3.9565660823e-02 -6.4121659919e-02
4.1219824484e-02 5.8415291757e-05 3.7407868170e-02 4.0105203678e-02 -7.3490320645e-02 -5.3551450630e-02 7.5534505379e-03 -7.3168737021e-02 4.8665648290e-02 1.0804635695e-01 -1.6464190892e-02 -5.9172081333e-02 -4.3080989463e-02 -1.0275803948e-01 4.1913221641e-02 8.1320851059e-03 -3.8252432563e-03 7.2702874316e-02 -3.7086252351e-02
-4.3140040213e-03 3.7823493616e-02 -1.0719112360e-02 -1.0496631279e-01 2.7232431397e-02 9.0633068264e-02 1.3690922413e-02 8.4707501274e-03 7.4072628998e-02 1.1946550723e-01 -1.3476011847e-02 1.1556795277e-01 -1.0416447712e-01 2.8156588257e-01 -1.0094739796e-01 1.0481290102e-01 -4.9753079793e-02 1.4952567525e-02 -4.0925072765e-02
-6.5684600939e-02 7.0902578750e-02 2.0825856922e-01 8.2979276028e-02 8.3058980937e-03 1.2211615342e-01 -2.4015291360e-02 1.1813092473e-01 1.4312715808e-01 8.0505112909e-02 -1.2802701935e-03 7.3439532464e-02 -3.7897831775e-02 1.8562163551e-01 -1.2583353630e-01 1.1842998655e-01 -1.7241390162e-01 1.7642967693e-02 -6.7161906652e-02
3.0053977629e-02 1.6573335624e-02 3.6960217065e-02 8.5915033796e-02 -5.3969533396e-02 -1.0248075613e-01 -5.8555495253e-02 7.0222747931e-02 1.3700973706e-02 -4.2396800200e-02 6.7276016109e-02 7.5682505303e-02 -1.4788261679e-01 -6.5550764349e-02 1.4193747227e-02 -5.3828303054e-02 -4.9170317727e-02 6.0263398530e-02 -3.6928167726e-02
1.1348275000e-02 2.0333250228e-02 -9.0594716636e-02 8.5521360066e-03 1.1882131724e-01 3.3352175372e-02 2.9633537967e-03 9.4016948221e-02 -6.8352880492e-02 2.8168560254e-02 -6.4730968753e-03 6.3801245167e-02 2.3648576045e-02 8.0871297275e-02 -3.5101726431e-02 9.2922433736e-02 -9.3827642141e-02 -7.6070322730e-02 -3.7198648765e-02
-1.1477562200e-02 -1.3786449310e-01 1.5769780394e-02 -2.0622799082e-02 8.7722242907e-02 -1.1487659650e-01 1.3421366831e-01 -8.5704414297e-02 -1.7709472059e-01 -4.0467887178e-02 1.1486595287e-01 -5.2154197774e-02 2.5665298739e-02 7.5014948169e-02 1.8402596402e-01 -1.0846315842e-01 1.0983927449e-01 1.1671818705e-01 2.4639466885e-02
4.3584946370e-02 -9.4342205454e-02 -1.8721857160e-01 -7.3908306544e-02 -1.1346477511e-01 -1.0574989271e-01 1.3025327182e-02 -1.0995561230e-01 -1.2491499161e-02 -2.7513203888e-01 1.1265538766e-01 -1.3437430024e-01 1.8471859107e-02 -1.7183394686e-02 2.9038056389e-01 -2.4265963074e-01 2.6025020565e-01 3.2062308428e-02 5.2058554225e-02
6.7926026463e-02 1.4426248952e-01 1.1298894627e-01 5.9954340750e-03 -7.1475770377e-02 6.7357108360e-02 1.4036882548e-02 -2.9138953185e-02 5.5997253512e-03 2.7579549187e-02 -1.0632167855e-01 7.9572533077e-02 -1.6649863064e-02 1.7969520981e-01 1.1640259853e-01 5.2585073418e-02 -3.4531804608e-02 3.6707863825e-02 -7.6765217194e-02
-1.1026292916e-02 2.1170473611e-02 -7.6958491833e-02 -1.2768071186e-02 -1.7694165924e-02 -9.2319721766e-02 2.3236544279e-02 -2.5740806698e-02 1.3856783957e-01 3.0354843906e-02 1.3106793102e-02 -3.4282883861e-02 -6.1363621779e-02 1.6276491962e-01 9.1151261358e-02 -8.3498076217e-02 1.0391944223e-01 4.7239960410e-02 8.2490779790e-02
4.3363157131e-02 9.3947329715e-02 2.3579877547e-01 5.3826651178e-02 6.7340723926e-02 7.4312348172e-02 7.8733955272e-03 3.9297338991e-02 4.0090219565e-02 1.9543990715e-01 6.9616749553e-03 7.7019289474e-02 -4.2274697754e-03 2.3121162409e-01 9.2213931375e-02 7.7456253529e-02 -5.1179431516e-02 1.4348686085e-02 -3.9005091464e-02
-2.6359876311e-02 -7.0205172528e-03 -1.1828855233e-01 2.4603374489e-02 -1.5050828575e-02 6.4108213743e-02 -7.2780556146e-02 1.5503133466e-01 9.4049129108e-03 -7.8848427128e-03 -1.2750019263e-01 9.8789202916e-02 7.8096165818e-02 3.3109202944e-03 -1.1342757111e-02 -2.0214806173e-02 -4.6183560375e-02 4.1763484805e-02 1.3535936429e-02
