-1.3511755644e-02 1.0340027674e-01 -1.0272562632e-01 -2.9001712241e-02 7.5898739532e-02 9.5230538923e-02 1.1501909394e-01 2.7473728810e-01 1.1642287096e-01 1.6161601400e-02 1.7352409158e-01 5.4514033761e-02 2.2695973502e-02 -3.8796083582e-02 -6.7993181655e-03 6.4991478273e-02 1.4077857476e-01 -5.6283556164e-02 -8.1774909178e-02
7.7950473742e-02 1.3252885923e-01 1.8536523745e-02 2.1729949530e-01 3.5523076385e-02 1.3812865433e-01 2.1354462437e-01 1.7465990834e-01 -1.1921732497e-02 2.2435432560e-02 1.8508478471e-01 1.7853004160e-02 6.4258747712e-02 -3.1399974928e-02 7.7996074376e-02 1.9429226355e-01 1.5684076676e-01 -8.0174185804e-02 -3.0102463735e-02
2.1521176990e-02 -1.1311623580e-01 -9.6572698350e-03 -1.5098542382e-01 -9.8037627278e-02 -9.0896956230e-02 -4.1016549554e-02 -1.3280727817e-01 -4.2164725640e-02 4.1910211923e-02 -5.4817754751e-02 -2.1729342062e-01 -7.1351452918e-02 1.0606747133e-01 2.0242186204e-01 -5.7049936242e-02 -7.9627450887e-02 2.8412570997e-02 2.5177037589e-01
5.0376723457e-02 -4.2428968649e-02 -2.0395611406e-03 -5.6529266713e-02 -5.0646032153e-03 9.2349734751e-02 -1.1112113477e-01 -1.1627283819e-01 -1.1272115284e-01 -1.6222736217e-03 -4.1365452994e-02 2.1726206628e-02 1.9228291059e-02 5.5553486072e-02 1.5244967914e-01 -2.6314187823e-02 -7.4193469626e-02 7.6201822816e-02 1.1090522782e-01
9.5790203557e-02 1.4740850064e-01 5.8308645381e-02 1.6217760563e-01 1.0987538841e-01 1.1887411810e-01 1.7609105935e-01 1.6057932384e-01 1.3896789940e-01 3.0056821731e-02 1.4476240967e-01 1.9556908659e-01 7.2116997163e-02 -2.1470088902e-02 -4.4606422072e-02 2.2679151414e-01 1.6355917314e-01 -3.2534858393e-02 -1.4713232029e-02
-7.9772405541e-02 6.3094539572e-02 6.1049326128e-02 2.9474051695e-02 8.1780027636e-02 9.0472026062e-02 1.8367306550e-01 1.4847765515e-01 2.6345061007e-02 3.8401903893e-02 5.0465724049e-02 1.4520354839e-01 1.0563865729e-02 6.9330737422e-03 -1.1853406678e-02 1.6467769263e-01 4.2804517258e-02 -2.4602170221e-02 -7.9915059267e-02
2.0099749862e-02 -6.2389981452e-02 2.6234600000e-02 4.4905989258e-02 2.0973388421e-02 -5.8189606605e-02 -1.4492868376e-01 -1.3470569061e-01 -4.4451007094e-02 1.5732311426e-01 -4.1791827296e-02 -1.6178435138e-01 -4.4549504121e-03 3.9884430678e-02 2.0147292862e-03 7.5366956081e-02 1.1473497484e-02 1.1795516041e-01 2.8700440999e-02
-1.3828098704e-01 6.5888327687e-02 -3.8311397385e-02 7.9483230141e-02 1.4162857947e-01 7.1541848249e-02 5.2999262649e-02 1.4102520453e-01 5.3627750912e-02 2.8545996715e-02 1.4530836456e-01 5.2403217304e-02 2.1128945341e-01 -1.8485297335e-02 -9.1001282374e-02 7.0267855926e-02 7.6533216186e-02 -7.0050382338e-02 -1.1101550480e-01
-4.2350460438e-02 1.1385082347e-02 -3.1218175090e-02 1.1874977184e-01 1.3364486133e-01 6.5599242599e-02 1.2227356071e-02 6.7571241215e-02 1.4598193833e-02 6.4464760669e-02 4.9626916547e-02 1.7913655605e-01 1.7824899164e-01 -4.4967464674e-02 -7.8990923226e-02 1.8529021248e-01 6.5462514015e-02 -4.5503280959e-02 -1.5876056717e-02
-8.5138886470e-03 1.0696042983e-01 -9.3367071618e-02 1.4182808146e-01 1.2274982615e-01 1.2066633130e-01 1.8071436766e-01 1.9226325375e-01 3.8315422726e-02 6.9873543801e-02 1.9127262902e-01 7.3539634817e-02 1.1920735853e-01 1.1473656737e-02 1.2233842159e-02 1.0767544610e-01 1.3824683482e-01 -5.2735219952e-02 1.1248184851e-01
7.1368899532e-02 2.1983996035e-01 -2.8383312661e-02 1.9468300681e-01 1.9262381541e-01 1.3215325242e-02 8.6804718098e-02 9.4222838935e-02 1.2974133958e-01 2.2435177342e-02 2.2145715220e-01 8.4156171641e-02 2.1092406623e-01 3.6422249295e-02 -1.4548076755e-02 2.0509064046e-01 7.8919399754e-02 1.4904613390e-03 -1.9421540397e-02
-5.2624665604e-02 6.5838055480e-02 1.9647937322e-02 1.8306526322e-01 -1.7363753888e-04 2.2553500783e-01 2.5148990883e-01 2.0398801662e-02 1.0783775929e-01 -1.5140177546e-02 6.3000633355e-02 1.3111583330e-01 1.4939719453e-01 1.0081650741e-01 -2.9948823673e-02 1.7095950039e-01 8.2421065513e-02 -3.2175472184e-03 -7.9993730670e-02
4.2237477018e-02 -1.1752130430e-01 -3.3338041707e-03 -5.2078306530e-02 -1.6295387246e-01 -1.5986079378e-01 -1.3116387230e-01 -2.0808769733e-01 -9.6277910692e-02 -3.4081260709e-02 -9.0960103066e-02 -7.5950247169e-02 -8.2962278786e-02 7.1484494886e-02 8.5830167572e-02 -1.2132229419e-01 -4.8935095280e-02 9.1821724361e-02 -1.1340392318e-01
-3.2034821348e-02 1.0675014497e-01 1.1791062273e-01 6.9801180069e-02 1.4622401775e-01 -1.7225863970e-02 1.0411968862e-01 1.0568267752e-01 5.1838430509e-02 -4.2787767432e-03 6.6104643494e-02 3.9383609843e-02 4.7750041708e-02 -5.1460970636e-02 -5.8166406984e-02 9.3342288829e-02 -1.0304330955e-02 7.2851212792e-02 -5.1892471576e-02
3.3998543151e-03 1.4533557942e-01 1.0398137082e-01 1.7312548178e-01 1.9825780194e-01 1.5322596865e-01 1.6134399227e-01 1.5992601084e-01 1.0760490476e-01 1.1074676009e-01 9.5715856448e-02 2.9232951366e-03 9.5569929660e-02 -3.4246285870e-02 -4.3989371154e-02 1.1033333510e-01 1.4375871637e-01 1.8761250024e-02 7.8024876562e-02
1.7353988028e-02 7.7469156588e-02 3.5613664147e-02 1.0996017818e-01 2.1274628388e-01 2.0524422667e-01 1.5431081040e-01 2.1778851743e-01 1.0642882742e-01 -2.0485559352e-02 1.9672019042e-01 2.2082468424e-01 2.1197940229e-01 6.7245210524e-03 -3.4107611768e-02 2.1549585888e-01 1.6475729019e-01 -7.4535077528e-02 -9.3624329911e-02
5.0418217006e-02 -1.6653877249e-01 2.0483960745e-02 -6.5036631577e-02 -1.6192368516e-01 -1.1582230845e-01 -3.6227147155e-02 -1.2954880004e-01 -6.0508990028e-02 3.1505786084e-02 -6.2767239881e-02 -9.6016599991e-02 -2.3995943583e-01 3.4166393666e-03 2.2885454762e-01 -9.6694704134e-02 -1.7540254602e-02 7.3934715971e-02 1.1934655344e-01
-4.0189221698e-02 1.4343256725e-01 -1.0756530046e-02 2.0062197076e-01 1.4903349366e-01 1.9216437767e-01 6.5457866425e-02 -2.3839021392e-03 1.2700049471e-01 -4.1256026009e-02 1.6207090802e-01 1.2179730874e-01 1.4911330354e-01 -1.0238605275e-02 -2.0707186432e-02 1.2543798708e-01 1.0335749263e-01 -1.2421484218e-01 -9.6445840934e-02
-1.3219653832e-01 1.7144403872e-01 -1.2722231254e-01 8.0139037318e-02 5.3645617020e-02 1.2282979642e-01 1.3498387873e-01 8.9829501016e-02 -4.9292964497e-02 3.5428670840e-02 4.5080664388e-02 1.4794635644e-01 2.0039078772e-02 -1.0355568563e-02 4.6182695658e-02 8.6184863928e-02 9.4944023789e-04 2.3841363242e-02 1.1378589352e-02
