9.0226113689e-02 -6.0071335033e-02 -6.1710492075e-02 3.7829535764e-02 -1.8676491363e-01 1.6720417676e-01 1.4498301911e-02 3.7116393221e-02 1.8786435080e-01 6.2547233031e-02 2.8181568251e-02 9.6219766039e-02 -2.4225787675e-02 6.0483154811e-02 1.7157112798e-02 7.1987297307e-02 1.7716807719e-01 8.7973413440e-02 3.3831109553e-03
3.6189300880e-02 -5.6404755825e-02 6.6129968647e-02 -1.8839461692e-02 -1.2560122250e-01 -2.6592547724e-02 -4.4939708176e-02 -6.7030571325e-02 -2.4655211516e-02 -7.6235544910e-02 -8.8586943044e-03 1.2717470425e-01 4.3137687863e-02 -1.3295951583e-02 -4.9792530816e-02 3.1028179972e-02 2.7837203061e-02 9.1303891413e-02 -2.3861433157e-02
1.8589189684e-01 2.4596778607e-02 -4.7938885791e-02 -1.4547970508e-01 1.1826822300e-01 -1.5253487658e-01 -3.0388866838e-02 -1.7278141006e-02 -6.6236233384e-02 8.8078775020e-04 -2.3316987432e-02 -6.3706563727e-02 1.2358139461e-01 6.2646618636e-02 -7.1346986512e-02 -7.0153772101e-02 -1.1234508148e-01 -6.1599189724e-02 2.3025862993e-01
1.6702777881e-01 -1.0546485543e-01 -6.9535332855e-02 7.1958455810e-02 -4.8464044597e-02 1.1809165283e-01 -1.4108765390e-02 9.5410574906e-03 2.4196997877e-01 -5.8196824932e-02 -8.8917437002e-03 1.8430387169e-01 -4.2684394334e-02 2.4601331506e-02 -4.2762984466e-02 -1.2080845705e-02 1.7346528433e-01 2.7404180393e-02 2.4860128415e-02
9.7819420868e-02 -4.6886008452e-03 -4.9642968612e-03 2.2881864658e-01 -8.5477240478e-02 9.4497264575e-02 8.4717691410e-02 -1.2228187169e-02 1.9194913413e-01 -6.3584070682e-02 -1.2369928096e-01 1.4817197939e-01 -1.6214062030e-01 -3.3752686708e-02 -1.0674737433e-01 1.2426791279e-01 2.0055214172e-01 1.2208885318e-02 1.1090295277e-01
8.1353366460e-03 1.0201088302e-01 -1.2298835524e-01 -3.1069798221e-02 -3.2950567933e-03 4.0605694538e-02 3.1711686950e-02 -4.0989329085e-02 -5.4574903599e-02 -1.1649161154e-01 1.1667409854e-01 -3.1209311919e-02 7.4158936800e-04 4.5677929333e-02 1.9929535364e-02 -3.7167373272e-02 -3.2947149097e-02 7.9548229805e-02 5.9703615258e-02
1.4461608417e-01 2.4785426430e-02 -2.5265975840e-02 8.9789951553e-02 -5.1108615917e-02 -1.9696640450e-02 -5.3272891106e-02 -3.3648733131e-03 9.7481619432e-02 -4.3093323335e-02 -4.5368088428e-02 9.7849136949e-02 -6.7300058090e-02 6.2411924393e-03 -8.5607628629e-02 3.7091437367e-02 3.3377267391e-02 -5.4344664782e-02 -3.9328167336e-02
1.1141524859e-02 3.7801385848e-02 1.2219178942e-01 -4.9417513831e-02 5.0334395268e-02 -2.9463122887e-02 4.5840457015e-02 -1.9769225649e-02 1.1997110772e-01 -1.8110143060e-02 -7.8227983181e-02 -2.3843065189e-02 3.9731599700e-02 4.9243567560e-02 -1.5243506356e-01 -1.0272072476e-01 -2.2210642095e-02 -4.0219768705e-02 -1.0597157412e-01
2.7620604951e-01 -2.4109386355e-02 7.4060555848e-02 2.5693611212e-01 -1.5190242008e-01 1.8468335266e-01 -3.1108727354e-02 -2.4456516714e-02 2.6141894849e-01 7.0504253155e-02 -9.8406115290e-02 2.6089850755e-01 -2.0730797818e-01 4.6361076747e-02 -5.0933785736e-03 2.1752939200e-01 3.5242039908e-01 1.5263003537e-02 -4.6816695515e-02
1.2314398703e-01 2.6056452902e-03 1.8759742301e-02 1.3913870351e-01 -5.8012997305e-02 7.7615348144e-02 -1.8265270924e-02 -6.0389230699e-02 8.6221824728e-02 8.4242219860e-02 -9.3484080910e-03 8.1103531948e-03 -6.4664117303e-02 -1.4332771206e-02 3.1579904237e-02 -1.1935308680e-02 9.0885426141e-02 2.2724247905e-02 -5.1481939783e-02
2.1715286535e-01 3.7023276975e-02 8.1318418089e-02 -1.5385806602e-01 1.5095901128e-01 -2.6948678380e-01 6.4675983418e-02 8.1857892809e-02 -1.2136766790e-01 2.2952463000e-02 -2.5998070375e-02 -8.8212498463e-02 1.6157645244e-01 -8.1807548280e-02 3.0294558760e-02 -8.4323756122e-02 -1.2821691791e-01 3.7524333213e-02 -1.0305805441e-01
9.3328941950e-03 6.2688958756e-02 3.1631201056e-02 -4.8498877815e-02 -5.8312559488e-02 1.6560431075e-01 9.2067185541e-02 -8.6406860778e-03 8.2271032923e-02 2.7923045970e-03 2.2741469665e-03 9.2703308566e-02 -7.7725787064e-02 5.4813282370e-02 4.9389373107e-02 1.2655173214e-01 -6.5018309254e-03 4.3537227314e-02 -1.6034179418e-01
1.8089389206e-01 -1.8307077291e-02 3.4167665294e-02 -1.2447316218e-01 1.3647963618e-01 -1.1540640220e-01 6.4512089588e-02 -1.2309265850e-01 -8.6229926496e-02 3.6238146052e-02 1.5721039426e-02 -6.5407243555e-02 7.8374876465e-02 -1.4037414076e-02 2.0566740923e-02 -8.6749584908e-02 -1.8696820556e-01 2.9661256983e-02 -1.0171773861e-01
4.2198848147e-02 -8.6145670036e-02 -3.4197690847e-02 1.6409674443e-01 -1.4494540633e-01 4.8503090471e-02 -6.4389264576e-02 -1.0192178527e-01 2.9402747949e-02 -1.1403132144e-01 -6.8965259862e-02 1.3219908891e-01 -1.0887240668e-01 5.0995763615e-03 3.1580920382e-02 -3.2913964473e-02 1.3287422403e-01 -5.9479479431e-02 -6.8738243192e-02
1.8091226249e-01 2.8177932191e-02 -8.7825086382e-02 -9.3142311155e-02 1.5607100583e-01 -2.0971829870e-01 8.4750847113e-02 -1.0748653045e-01 -1.0427161520e-01 8.5642789727e-02 2.3782253934e-02 -8.1358327651e-02 1.5195097313e-01 1.5109882067e-01 -5.8124450030e-02 -8.7436630140e-02 -1.2382929166e-02 1.0811394904e-01 -5.9907996834e-02
1.1061600865e-01 -4.0200271297e-02 2.9337439658e-02 -1.4534826592e-01 -1.2723636119e-02 2.1375082566e-03 -4.6203082043e-02 -2.1360057952e-02 1.3540662375e-01 -8.3359316787e-02 3.7046578617e-02 1.6834508280e-03 1.6889694054e-03 -3.3328276922e-02 -6.7360733251e-02 6.0758964082e-03 1.5817528826e-01 -4.9371933712e-02 -1.6436391162e-02
1.1314708436e-01 5.7985139706e-02 5.0261461639e-02 1.4930656371e-01 5.1490785409e-03 1.0059122446e-01 -3.1355989600e-02 8.2457957765e-02 1.1160578187e-01 -3.5828213797e-02 -2.6954136524e-02 3.2605168550e-02 -1.4413121914e-01 -4.8902795300e-02 -1.2375790771e-01 -1.3879674472e-02 1.1025360146e-01 -6.4899982990e-02 -8.1134148213e-02
3.6142323693e-02 1.3074047220e-01 1.7276906743e-02 1.1316248759e-01 -1.5063588838e-01 1.4090269168e-01 -1.3808344148e-01 4.3924574890e-03 1.0059906001e-01 8.2292720763e-02 8.3108620868e-02 1.7658765465e-01 -8.1301661402e-02 -1.4700785960e-02 -1.3614089019e-02 3.0907156979e-02 2.2633193225e-01 -4.0384523414e-02 -7.3109744157e-03
3.8701672152e-02 3.3877139904e-02 -3.7292087201e-03 8.8850188864e-02 -7.2542361133e-02 -7.3232404739e-02 -2.3909208006e-02 1.8474214104e-02 -4.1157256280e-02 2.3542965561e-02 -1.1161675202e-01 3.8468030198e-03 -5.5130224619e-02 3.6862848775e-02 -7.6399388459e-02 -6.2093504764e-02 -3.6778121749e-02 -9.3142050582e-02 1.2404699270e-02
