-1.8391557741e-02 -7.5913069941e-02 1.3729810678e-03 -5.9577153362e-02 5.1646174574e-02 1.0310725350e-01 5.3532712342e-03 9.0110791180e-02 -7.7849588897e-02 1.3361204651e-02 -9.5082490337e-02 -9.1873535693e-03 1.0231968435e-01 -6.1593751072e-02 3.4908113351e-02 -7.4674454921e-02 2.8481522284e-02 -7.0455376817e-02 2.7184088613e-02
-3.6461210040e-02 1.1454616959e-01 -9.2089173542e-02 -8.2790676272e-02 1.7528580358e-01 1.8145688412e-02 -2.7557814915e-02 -1.7739377442e-02 2.4037266954e-02 -2.7069605317e-03 7.8787593226e-02 4.9016770772e-02 -9.6039948257e-02 -1.0619469799e-02 2.8350899391e-02 -5.3054397266e-02 -2.0665619578e-02 1.1447264490e-01 2.6360463751e-02
8.6844042693e-02 1.5267716580e-01 -8.6369949339e-03 -5.7966138891e-02 1.0495952238e-01 -7.0777352038e-03 -3.1413734608e-02 7.1450044055e-02 -3.2182865314e-02 1.2349905904e-03 1.1375803930e-01 3.7192207085e-02 6.3704945256e-02 -5.2882235824e-02 -3.8281176389e-02 3.5910872741e-02 2.6233286563e-02 5.3592685668e-02 -5.4870570073e-03
-1.2525658516e-02 1.6075773246e-01 -2.6963818373e-02 -3.6806255937e-01 2.0944814132e-02 -1.4036740348e-01 1.7250181731e-01 3.1849557562e-02 1.5291394202e-01 2.3955856153e-01 1.3638930299e-01 1.6704744113e-01 1.4988349378e-01 1.5209628377e-01 -1.2384263903e-01 -9.8134687338e-02 4.2009529811e-02 1.2199763453e-01 1.7659980223e-01
-9.6361871792e-02 3.2598033000e-01 8.4662589755e-02 -2.6127533637e-01 6.6346395015e-02 -2.4778830531e-01 2.5633887661e-01 -1.6648136037e-01 3.9581438408e-01 3.8166113159e-01 4.3843463518e-01 3.4382572482e-01 3.9946523194e-01 3.7162258558e-01 -2.5274109111e-01 2.3419248014e-02 -1.1727397156e-02 4.1032617120e-01 3.4084097417e-01
4.8930521645e-02 -1.7243257386e-01 -7.4829973744e-03 2.0326499799e-01 3.4664398895e-01 3.5636139422e-01 -2.3827468720e-01 2.5889221232e-01 -2.1748667270e-01 -1.9760781821e-01 -2.7098046017e-01 -3.2909988723e-01 -2.8736395323e-01 -1.7620178649e-01 2.5334220861e-01 3.6747108511e-02 -2.2838773256e-02 -3.4035090896e-01 -2.3764100754e-01
-9.3577225898e-02 1.1903926270e-02 9.3608580565e-03 2.0648414097e-02 7.4093781817e-02 -5.9250246237e-02 3.4298300614e-02 5.0781298483e-02 -4.5912069346e-02 1.3936197370e-01 1.2366005034e-01 1.3616293780e-01 -2.5514923378e-02 1.1799523526e-01 8.1629435362e-02 -4.7822557238e-02 -3.4659091814e-02 9.2554342544e-02 6.9443300642e-02
8.8011341247e-02 4.3209773880e-01 -6.8467731802e-02 -2.4553441490e-01 1.9647474041e-01 -1.7066848772e-01 4.1434374665e-01 -2.2756004962e-01 3.9041612630e-01 3.4250317273e-01 1.7429519881e-01 4.9828410004e-01 3.8245861797e-01 3.2966767237e-01 -1.8971850055e-01 -1.5893107726e-02 -6.4657548156e-02 4.0014100554e-01 2.8598762230e-01
7.0943880086e-02 1.3964667214e-01 -6.0852141887e-02 -6.1781867036e-02 4.5400833115e-02 -2.6244018166e-02 1.3560489183e-01 1.5210137847e-02 3.6758957116e-02 1.7462006203e-01 1.0727858771e-02 1.2143888682e-01 4.8999366190e-02 9.4979885691e-02 -4.7150632259e-02 -9.4026391894e-02 -4.4769389991e-02 7.0392905887e-02 1.0128284970e-01
8.1244335709e-02 9.7693982281e-03 -5.5336005120e-02 -4.3989537290e-02 1.1046841630e-01 -1.5792064007e-02 6.2821040109e-02 1.4498468696e-01 -5.5557627128e-02 -3.0511247650e-02 -2.5310663069e-03 -3.0144922676e-02 -2.2191509531e-03 -3.6317006897e-02 -8.8778329438e-03 4.1714332963e-03 -8.1615705223e-04 6.8130655581e-02 -4.7173331213e-02
9.6762314495e-02 1.0933741861e-02 -5.4581734781e-02 8.9630859221e-02 1.2430984110e-01 5.8867918587e-02 9.5030644955e-02 2.9134589804e-02 1.7375844860e-01 -1.2677242875e-02 -1.3460156241e-02 1.8914664865e-01 -2.5184990838e-03 1.5598939333e-02 3.5841803782e-02 -1.5099695247e-02 1.0862629745e-01 -1.8204395535e-02 5.3041968055e-02
-4.0277876044e-02 2.0157395917e-01 -1.0165593796e-01 -6.9774894387e-02 1.2256348381e-01 -9.5012920141e-02 1.9354272361e-01 -4.5031094759e-02 6.9936045085e-02 -2.3808333802e-02 1.5995945653e-01 -5.8456043089e-02 2.1539177072e-01 -3.9623196060e-02 -8.1845871237e-02 -7.0645741925e-02 -4.7311462598e-02 7.5588975406e-02 1.0626451022e-01
-1.2663359552e-01 1.9806815315e-01 3.4787013860e-02 -1.6510131631e-01 -2.1529740369e-01 -2.0401215794e-01 2.8285881905e-01 -2.5564494946e-01 3.4081224593e-01 2.8993754581e-01 3.0985190497e-01 2.0868288080e-01 3.1869445461e-01 3.6795251307e-01 -2.9137936616e-01 -5.3847772253e-02 2.7225843733e-02 4.1340234357e-01 2.7698469637e-01
3.1091154937e-02 8.4787212471e-02 7.7267626884e-03 -6.0167748218e-03 2.3546517880e-02 -3.3339270819e-02 1.4161100610e-01 -2.3863089293e-02 2.4393414673e-02 2.2947647167e-01 7.3773621650e-02 1.6022671080e-02 1.2288566297e-01 9.6127326426e-02 -7.0819341972e-03 -9.7391145953e-02 1.8420063531e-02 1.4780869217e-01 6.2654755667e-02
8.5482650831e-02 1.2891230497e-01 -4.2052466110e-02 -4.0146042843e-02 -1.3519109950e-02 1.9010914801e-02 8.0328210153e-03 8.9085326533e-02 3.7892112991e-02 2.5192749618e-02 2.8383508298e-02 8.6171126116e-03 4.9492065583e-03 -1.7562000768e-02 6.8752123244e-02 -7.4757979556e-03 -6.0360380584e-02 1.6127304282e-01 4.2025732444e-02
6.9636454447e-03 3.9346679544e-02 1.2111700901e-02 -8.3219134501e-02 1.9516678114e-02 7.2580435648e-02 5.8475148985e-02 -5.9815191312e-03 1.6131650000e-01 6.0113603593e-02 6.5924182795e-02 -5.1000549996e-04 -2.0620074417e-03 -1.6238997623e-02 1.8916977741e-02 2.7436972409e-02 -9.7995825776e-02 1.1966820838e-01 2.3003070822e-03
-1.5935805818e-02 3.5940383915e-02 2.6871865224e-02 -2.0932723823e-02 5.5000109221e-02 2.1527425157e-02 -4.0216191086e-04 -1.7264231431e-02 1.7834832301e-01 4.4271087171e-02 7.6697678533e-02 1.5601936701e-01 9.4406550834e-02 8.2633558340e-02 -1.3672673399e-01 -4.7931798640e-02 1.1463943124e-01 1.5250291977e-01 1.0063148444e-01
-2.9732331112e-02 7.2163955782e-02 9.2279075852e-03 -9.1886072078e-02 4.1621557978e-02 -1.4306357231e-02 8.8015647065e-03 1.6821467251e-02 -7.1835331632e-02 -2.4923694225e-02 4.1880921639e-02 -6.6060562988e-03 5.5391840703e-03 2.8334704518e-02 -6.5185576136e-02 8.1340936830e-02 -4.0759668075e-02 1.5110658606e-01 4.2400726262e-02
2.8613808549e-02 1.1206123053e-01 -4.2714609520e-02 -1.3108949837e-01 -3.9357576344e-03 7.5229785542e-02 1.4588873280e-01 3.1513298680e-03 -2.6772495780e-02 1.7354380096e-01 -6.4280595136e-02 8.6247982505e-02 3.5975994692e-02 1.0078066452e-01 -7.5859376817e-02 -1.3951446430e-02 4.6544610005e-02 1.6778535667e-01 1.6496858133e-01
