-3.9618957292e-02 1.2814956354e-02 -3.4792586433e-02 6.5776246633e-04 -1.1212860637e-01 -2.0599454882e-02 5.7121506732e-02 -4.4412362475e-03 4.2327127354e-03 -5.2857264772e-02 -3.6136084436e-03 1.2924084041e-01 3.1677729472e-02 -2.1596776164e-02 1.6561211102e-02 4.6428495235e-03 -3.7446172310e-02 7.5276750492e-02 -5.6268667168e-02
1.1349707160e-01 -4.4939882301e-02 1.1736891293e-01 -6.5542462443e-02 -9.9440359453e-02 -8.7255375173e-02 6.6768749973e-02 -8.9203944243e-02 -3.4617208854e-02 -4.0498052604e-02 8.2211950713e-02 -1.0958541618e-02 -1.3168833123e-01 -4.4202525031e-02 1.0505763459e-01 3.6403664074e-02 1.6847636846e-01 8.1897849343e-02 -5.9047952009e-02
1.5891933573e-02 5.1489887440e-02 -6.2824082469e-02 -2.4373134242e-02 -4.9760554383e-02 -1.2107437203e-01 -3.3303506018e-02 1.7639189632e-02 6.9707864600e-02 -2.9359781694e-02 -9.6078693976e-02 -4.3494534095e-02 -2.6650413367e-02 -3.2329550828e-02 7.0750151464e-02 1.4509641275e-01 1.4127384243e-01 4.5322901619e-02 8.3759209422e-02
2.2164532428e-01 3.6336436059e-02 2.0668856746e-01 5.5544228019e-02 -2.1969467236e-02 3.8532653732e-02 1.2898316109e-01 -1.4020196726e-01 5.2213097905e-02 1.0178741438e-01 1.0010159511e-01 -1.5624485123e-02 -6.1785717405e-02 1.5849846158e-02 1.2735298277e-01 -7.4046730031e-02 4.5682182849e-02 8.7076423726e-02 -1.0152259419e-01
1.5849157297e-01 2.3326531221e-05 2.3493929621e-01 -7.8618609509e-02 -6.9667975469e-02 -7.6608371037e-02 1.4340896970e-01 -6.2169256835e-02 -3.1186557651e-02 2.6942560717e-02 3.8048429677e-02 3.6655638581e-02 1.0670861492e-02 3.8105772362e-03 1.8290571757e-01 -1.1390428551e-01 1.1053706779e-01 1.0576419933e-01 -1.3918083851e-01
1.4889748775e-01 -7.9864774464e-02 1.1162447898e-01 2.2035935514e-02 -4.4844098386e-02 -1.5334471938e-02 1.1164327999e-01 -5.6939575423e-02 1.6347451743e-02 5.1075448356e-02 1.0771991192e-01 4.5100672837e-02 7.9777662470e-02 1.5417979735e-01 5.8096003929e-02 -1.1220271211e-01 1.0719240625e-01 1.2000853257e-01 -6.6812792846e-02
1.5193764152e-01 -5.2760425143e-02 8.6432477024e-02 -5.7358261900e-04 2.5978930275e-02 -1.4295255519e-01 1.7956278477e-01 1.9222180312e-02 -1.2772447082e-01 6.5795114418e-02 2.0894429740e-01 -5.5539574042e-02 -8.8835490321e-02 5.6506447230e-03 5.5187910997e-02 -7.0724708918e-02 1.7263148292e-01 -1.9875581621e-02 -5.5625738092e-02
2.2333239525e-01 2.3316166700e-02 9.4656462989e-02 -7.6234507759e-02 9.1783140124e-02 -3.5183680527e-03 7.8532230838e-02 -3.4359882075e-02 -7.5410832359e-02 -1.8873459386e-02 1.1570793684e-01 1.0730274176e-02 -4.3970848516e-02 -4.4237845689e-02 4.1161462559e-02 4.8218916490e-02 1.0003721717e-01 1.8072465453e-01 -7.9454421782e-02
7.2105418690e-02 -3.9227407583e-02 7.6910970367e-02 4.9035513758e-02 -1.1817895588e-01 -2.0460114229e-02 6.9962765949e-02 -1.9295531945e-03 -1.9538254893e-04 7.6320383345e-03 1.4580919478e-01 2.1870359002e-02 -1.4967915383e-01 -6.5260815387e-02 7.1408642825e-02 1.3572732880e-01 1.7237055903e-01 1.6165784076e-01 -1.3656709663e-01
8.6416074971e-02 8.5537861834e-04 -4.2026611756e-02 3.0425826395e-03 -7.9237636970e-02 -5.7760781305e-02 -9.2790543753e-02 3.5084434968e-02 2.5286768584e-03 2.0661278840e-01 1.2277695962e-01 7.4713459024e-03 -5.1041229227e-02 7.1039152872e-02 1.3545907892e-01 1.1086075540e-01 8.4887488219e-02 -2.4419269916e-02 -3.7458835118e-03
1.9440077321e-01 -7.6476015098e-03 1.5770920059e-01 -1.7587506101e-01 -1.9695254204e-02 -1.2026708676e-01 1.4101381820e-01 -1.1428925714e-01 -4.7720197014e-03 6.7078744365e-02 1.5768679642e-01 -7.0072918368e-02 -5.9717541036e-02 1.0415962114e-01 1.4535566829e-01 -3.1590320597e-02 6.8591942568e-02 1.7422457281e-01 -1.3117179575e-01
1.6586034714e-01 6.2913115038e-02 1.3286147918e-01 -1.0921839734e-01 -1.1232073387e-01 -8.3154161009e-02 1.3467552228e-01 -4.5042632965e-02 -3.6789371621e-02 3.6125721813e-02 1.3183866706e-01 -3.4634480049e-02 3.2807814269e-02 -9.3673410327e-02 4.7985465941e-02 8.7943088782e-02 6.9847314441e-02 1.4588496220e-01 1.2251375524e-01
5.5281361144e-02 -3.7195989618e-02 8.2767225017e-02 -8.3670568498e-02 5.1327860959e-02 -1.6327481210e-02 5.9975191429e-02 -6.2462989383e-02 1.2577505585e-01 4.8856783732e-02 1.5547331410e-01 3.4712501611e-02 6.7193284044e-02 -8.9632152722e-02 1.3952819979e-01 -4.6638803638e-02 1.3430164136e-01 1.0317909830e-01 -1.7582547480e-01
-8.4684976739e-03 -1.0589142315e-01 -1.1202092599e-01 1.2241516712e-02 3.4317519876e-02 -1.9788047946e-02 -7.3433377049e-02 -1.2177058370e-01 -5.0257967764e-02 -2.9615832804e-02 -6.1183485555e-03 -6.7555749167e-02 -6.4104614669e-02 -5.6270902545e-02 -1.3372314504e-03 -5.1815238684e-02 -2.8569976499e-02 2.6473986341e-02 -7.3133561114e-03
1.3252815945e-01 -1.3114105277e-01 -2.3916787780e-01 -1.1633860729e-01 -1.8446302111e-02 1.7148756230e-02 -2.0644663766e-01 -1.9123644565e-02 1.0905626239e-01 1.2886577574e-01 -9.2491032745e-02 1.1327064280e-01 -6.3284687481e-02 -5.1929744773e-02 -2.1041361780e-02 6.4997933536e-02 -5.6863378463e-02 -2.2138819287e-01 5.6717216427e-02
9.9149354771e-02 -1.0947376405e-02 1.5316534999e-01 -1.2107935305e-01 4.3759876316e-02 -1.9983260144e-02 1.2047614748e-01 -5.5661291703e-02 6.0100154240e-03 4.7370027577e-02 1.1996514730e-01 -5.8036743181e-03 -4.3666350392e-03 3.2793649109e-02 1.3686168054e-01 -1.0052208934e-01 1.3143326724e-01 9.3970723051e-02 -9.1622945501e-02
1.4250398986e-01 3.8544859130e-02 1.0579366766e-01 1.8586151923e-02 8.4214992273e-02 -5.6300217890e-02 9.7240291632e-02 -3.5703388877e-03 2.7886485610e-02 1.5072534405e-02 1.5584948083e-01 2.5722951081e-02 -2.3388826247e-02 -1.4189291127e-01 1.9811957471e-01 2.0162013859e-02 1.4043745207e-01 1.2480924974e-01 3.4734552580e-03
-6.0259864865e-03 -4.5466846121e-03 -1.3549304980e-01 2.2173379694e-02 2.9333353907e-02 -9.4679447260e-02 -1.7959651286e-01 -3.4915750663e-02 -4.9949500060e-02 1.1828737946e-01 5.2353576708e-02 -9.6473554905e-02 -1.7635524498e-02 3.9000453080e-02 -6.6674688190e-02 2.6748157992e-03 -4.5264406860e-02 -1.2685468729e-01 -7.6035520328e-02
5.7384313591e-02 -3.1551720626e-03 -2.1085528884e-01 2.0959339547e-02 -5.2691884613e-02 -3.5336546490e-02 -2.7003919046e-01 6.8332731713e-03 -3.4751548207e-03 2.1787313346e-01 -8.3772952633e-02 -1.0133885287e-01 -4.4740039442e-02 5.8594954964e-03 1.8642511600e-02 1.0627772791e-01 1.4635464622e-01 -1.9389907392e-01 4.8785030189e-02
