-5.7696095279e-02 5.9959675174e-02 -3.9244615343e-02 -8.2119846082e-03 -2.8727297074e-02 -6.4741584127e-02 -1.3033220216e-01 1.0880109212e-01 -1.0599359659e-01 -1.0199909248e-01 -1.7755416434e-02 -6.3698060824e-02 -6.7813132251e-03 -3.9135402315e-02 -1.2177319388e-01 -3.3677931121e-02 -5.9583504375e-02 -3.6486280381e-02 -1.4201139129e-02
-9.2407675091e-02 9.3101697297e-02 1.2162294377e-01 4.1850342056e-02 -3.3299642300e-02 3.0956083332e-02 5.0801580747e-02 1.4354071031e-01 -1.8419604270e-01 1.4992313596e-03 5.5780380022e-02 3.4235275322e-02 -6.4893145740e-02 2.6615732525e-02 1.2747138955e-01 1.3170556682e-01 9.0002858340e-02 -4.6900867874e-02 9.2690107396e-02
-6.3229676420e-03 1.2438243495e-01 1.0733208479e-01 -1.2521624490e-01 -4.5000620039e-02 1.3281802060e-01 1.8781305783e-02 7.8791610840e-02 -1.1922330597e-01 -1.9554274138e-02 6.3232787619e-02 -1.4604660315e-02 7.3370819946e-02 6.8960073387e-02 1.9802528826e-02 2.7688706421e-02 -3.9870635032e-02 9.1056960478e-02 6.6227814583e-02
-2.0718313658e-01 1.8315003746e-01 1.5859611094e-01 1.3678493886e-01 1.5243266082e-01 -1.7857595319e-01 7.8306901638e-02 1.9798988611e-01 2.3608872126e-01 -1.9535716279e-01 -5.2229924297e-02 1.6990845966e-01 1.3642168649e-01 2.2592990657e-01 1.7462852781e-01 1.3053087538e-01 1.9279991123e-01 7.5148449888e-03 1.1320646645e-01
-2.1162546382e-01 2.3826742287e-01 2.1091548818e-01 2.7226317833e-01 1.3433210316e-01 -7.2766754633e-02 1.2824415610e-01 3.2623644254e-01 1.0913078959e-01 -6.4235409758e-02 1.7672033334e-01 2.0458476544e-01 2.0759319469e-01 1.2822326773e-01 1.8497557177e-01 1.9311682267e-01 1.2307969819e-01 1.0523816261e-01 7.5270984331e-02
-1.9120824090e-02 -7.4202970862e-02 3.1098994489e-02 1.2962142284e-01 1.5774872057e-01 -3.8744611567e-02 1.0260183332e-01 1.0473922446e-01 1.3243701753e-01 -4.9442004869e-02 7.9808824605e-02 -9.2968109233e-03 3.3008070572e-02 -1.2735943875e-02 1.2594331532e-01 1.2724222148e-01 1.0932525388e-01 1.9230768119e-02 -7.5574916680e-02
6.4547525831e-02 -2.5469237472e-03 6.3913194887e-02 9.5734396555e-02 7.8505093509e-02 1.4316746777e-01 -5.7307154122e-02 1.0841589320e-01 4.8202205677e-02 4.2400895086e-02 -4.0957237199e-02 -3.8919507011e-02 9.9615224714e-02 -1.4376393780e-02 3.3902609815e-02 3.3281794365e-02 8.1401719794e-03 -1.0740685471e-01 -2.2118970564e-02
-3.0984810991e-02 -9.2483305224e-03 9.8087789625e-02 -2.4168987642e-03 8.6430399946e-02 2.5901744666e-02 8.7107156940e-02 2.0996407270e-01 -1.3665335810e-03 -5.5457828530e-02 -8.2358191579e-02 9.9962362044e-02 8.7490003489e-02 7.5824636377e-02 7.3864764714e-02 1.2019619392e-01 9.6766090201e-02 6.0596769443e-02 1.1597827808e-01
3.8425305171e-02 -2.1629295933e-02 -1.1606769243e-02 -5.1015045707e-02 3.2221687697e-02 6.1029743214e-03 2.8942708982e-02 -3.0044236617e-02 -3.7261909975e-02 7.6684513770e-02 1.1232768508e-01 1.1172011192e-01 7.8674547712e-02 -3.8728972012e-03 -5.0660577715e-02 1.7652730730e-02 6.9001576460e-03 -6.2771086371e-02 2.3687611913e-02
-9.6313684710e-04 1.0741978830e-01 1.7729585869e-01 7.6321731567e-02 5.8743994338e-02 -6.1312884755e-02 1.3001132698e-01 1.0383240994e-01 -1.9147673015e-01 -4.3714783948e-02 1.0513021936e-02 1.2839355922e-01 5.8693380454e-02 6.4947444499e-02 -1.3023981655e-02 2.1915738659e-01 3.2241456811e-02 -5.8173442909e-02 3.2056212047e-02
-1.0395824248e-01 1.8839453419e-01 3.3874703595e-01 3.1794227277e-01 2.9754977955e-01 -9.2256701292e-02 3.2072101985e-01 3.3213210832e-01 4.1779634972e-01 -6.3316776605e-02 2.0782374648e-01 2.6742572604e-01 2.8432951588e-01 3.3257464960e-01 3.2255880165e-01 3.4699988654e-01 2.2959567051e-01 9.2648222292e-02 3.2810762097e-01
-2.1121931655e-01 2.0807060381e-01 2.1699512714e-01 2.4317575659e-01 1.6734777123e-01 -2.6238796752e-02 1.7001445463e-01 2.0430374166e-01 9.0358088882e-02 -2.2632671771e-01 2.1693945702e-01 2.6461845221e-01 2.1139961709e-01 2.0678610681e-01 6.2346912837e-02 2.2364667457e-01 2.0606054427e-01 -6.5131489570e-02 8.8661467127e-02
4.1642766860e-02 4.0995668915e-02 1.3539856348e-02 -4.2842933610e-02 4.4928379256e-02 9.2915608399e-02 -4.8732491279e-02 1.1915806351e-01 6.0275622504e-03 1.4487812234e-01 5.4053581729e-02 -2.2484649415e-02 -6.0334240606e-02 1.7065103116e-02 3.1565738086e-02 -3.9242007093e-02 -1.1685669857e-02 1.5816307893e-01 1.7113174594e-02
7.0975358490e-02 5.5655045657e-02 -6.8748172958e-02 -1.3479247763e-02 9.6302643409e-02 -8.0066595074e-03 -1.4365388881e-01 2.5495261736e-01 -5.6178821271e-02 7.2521890853e-02 -1.6619824128e-02 -1.4902020068e-01 -9.3904906498e-02 -1.3968300490e-01 -6.9143917299e-02 -7.7509504368e-02 -1.0222206920e-01 1.1322017704e-01 -4.3351629776e-02
-5.9798529959e-04 9.6759578698e-02 -6.7480127927e-02 -4.3548940953e-04 2.4724997359e-02 5.7273446876e-02 8.0054750873e-02 -9.3182851619e-02 3.7517492103e-02 4.9932985488e-02 -4.3925074711e-02 7.5376853997e-03 -2.6975933191e-02 -6.9598921636e-02 1.4454880363e-01 3.3544756536e-02 -3.0527879555e-02 1.8227627234e-02 9.9631882123e-02
-1.1339420785e-01 4.9042602670e-02 4.7552605190e-02 1.7031856032e-02 -4.7892957507e-03 2.1242898501e-01 3.1191639916e-02 1.4273987953e-01 -7.3737261415e-03 9.5868206422e-02 -9.4722095417e-03 -1.0076939122e-01 -2.1985171123e-02 2.4718742305e-02 8.5002070996e-02 -1.8661815983e-02 7.5838007823e-02 8.6727657001e-02 1.4778914840e-01
-1.6495473211e-01 1.9405262183e-01 2.8202830465e-01 1.1499073504e-01 1.2138920199e-01 -1.9072243332e-01 1.6091418043e-01 1.0510605073e-01 2.2222944869e-01 -1.4598140594e-01 2.0880590050e-01 2.6138269481e-01 2.4046107256e-01 1.6334211272e-01 2.4362263551e-01 2.1026626109e-01 2.2310727292e-01 1.2678935606e-01 6.6454125694e-02
-5.6332855772e-03 6.6239637699e-02 -4.3824682025e-02 -3.1682541008e-02 -1.0461818233e-01 1.1844118805e-01 1.5633594101e-02 -2.5806554880e-02 -1.5767792740e-01 2.1225149129e-02 -8.5364135100e-02 -1.1017236735e-01 -8.1158427238e-02 -8.7182121409e-02 -6.4800000429e-03 4.2739444550e-02 -2.9040058100e-02 -2.0247731458e-02 2.6912316222e-02
-1.3536927700e-02 1.4765014359e-01 4.7755226745e-02 4.4142315083e-02 -8.6202159157e-03 -9.6306259323e-02 -1.6919337448e-02 2.6946846362e-01 5.0233579775e-02 -3.4412370799e-02 -1.8063061233e-02 1.1654512715e-01 1.2387490985e-01 1.1405777340e-01 5.0097493265e-02 -4.6828265052e-03 7.5814505533e-02 2.8018862206e-02 1.4292880412e-01
