-4.0973487461e-02 2.0974934838e-01 -2.3623711405e-02 -2.3935634430e-02 1.1261702894e-01 -5.4957798727e-03 2.4602640487e-01 2.0650219155e-01 -2.3877954764e-03 -1.7906268998e-02 5.4430156310e-02 9.0786212121e-02 -1.5152965029e-01 2.4600989871e-01 7.6790879480e-02 3.2237916491e-02 -4.6883297699e-02 7.8067790071e-02 -4.6081662805e-02
-1.9255419255e-02 -3.9500344407e-02 3.5641360259e-02 1.2758300525e-02 -7.8662342710e-02 -5.5237599658e-02 8.9730175043e-02 -1.4129457058e-01 2.3314721940e-02 -5.5283428685e-02 -9.6678503598e-02 4.2623116104e-02 5.8348526929e-02 4.9002734995e-02 6.2722987347e-02 -8.2697338662e-04 9.5676533892e-02 -2.5040716494e-02 2.4433248704e-02
-7.9295102866e-02 -3.2991808835e-02 2.9745182872e-02 -1.2999024987e-01 8.0965013402e-02 -1.0137294980e-01 -5.2840662836e-02 -6.4118749769e-02 5.6844375742e-02 2.2565746339e-02 -1.0964972418e-01 4.7551589932e-02 8.8388561595e-02 -9.5466686537e-02 -4.8503064162e-02 -1.1667962180e-02 -9.1350813244e-03 3.5140333515e-02 -5.4985417871e-02
-2.8961985157e-02 5.0828143845e-02 1.0859402063e-01 -1.9164639479e-02 -1.6988569808e-02 2.9452711759e-02 -2.7025101454e-02 -8.6447009913e-02 5.9788213035e-02 1.0692284699e-01 -9.9110265179e-02 -6.6575172630e-02 -7.3228441484e-02 -1.9678675451e-02 -4.0884270732e-02 -1.4121636391e-01 3.0581506133e-02 -1.5296453768e-02 -7.0125340180e-02
1.6040348493e-03 -4.0058031472e-02 1.8419886606e-01 5.2818037192e-02 -3.6921522067e-02 -2.5906586697e-02 -8.3614027723e-02 3.6579875055e-02 -3.1832587647e-02 -6.4079656824e-02 5.2137004691e-02 -3.1385516618e-03 2.2404103044e-02 4.7035302124e-03 6.0335599303e-02 4.3776106375e-02 -6.9502088946e-02 8.3983624877e-03 -8.9085148456e-02
7.0510391408e-02 9.2153658602e-02 -7.6412549670e-02 2.1497458640e-02 8.6564799499e-02 -3.1199739866e-02 2.1796045859e-01 2.1975298016e-01 2.4273588116e-02 -9.8482465188e-02 7.3070207871e-02 1.0750966528e-01 1.0486430216e-02 9.4251695835e-02 3.7856054110e-02 -5.9150329433e-02 1.1391281855e-01 -1.0651319793e-03 -4.3335635900e-02
4.2023433049e-02 2.9712907587e-02 1.4456241958e-02 -6.9623688545e-03 -1.4207200818e-01 4.8614834105e-03 2.8700270323e-02 -7.9392877707e-02 8.0261657053e-02 -2.7814714769e-02 2.3305895263e-02 -1.2493383072e-01 -1.8826425348e-02 4.8266621932e-02 -1.9055349881e-01 -2.0307698515e-03 -6.5440823428e-03 -2.0880989304e-01 -1.0000754484e-01
1.7154537655e-01 6.8210549852e-02 -7.9289124768e-02 -2.2677964637e-01 -1.5470794262e-01 4.0764396183e-02 -2.8500344685e-02 -4.4073859444e-02 2.3960964121e-01 -3.2054137522e-02 1.6185126662e-01 -1.4216625612e-01 1.9666901983e-01 1.3031988324e-01 -1.6406029315e-01 1.6144728954e-02 1.9692713586e-01 -2.5179771412e-01 -8.9351019863e-02
2.7276269794e-02 2.0764295891e-01 3.2782064600e-02 -4.4902430423e-02 1.8896621021e-02 -1.6465167012e-02 1.0607640421e-01 1.5229276198e-01 7.8199305799e-02 6.3396684240e-02 1.0713955223e-01 9.5881687896e-02 1.2081026942e-02 1.2491597996e-01 -1.5577078097e-02 1.1527468993e-03 1.3153348617e-02 3.3851186923e-02 -9.3680693161e-02
-4.5701425992e-02 1.2713290348e-01 3.5606286022e-02 -1.3220738288e-02 3.6626626264e-02 -1.3282862843e-01 1.3818577073e-01 3.1438480583e-02 -3.6342842786e-02 3.3930268127e-02 -1.3595953346e-01 1.7406530492e-01 -8.1004342449e-02 2.5840911540e-01 5.9358633440e-02 -5.3067918955e-02 -2.2222223054e-01 5.9304474822e-02 -3.5685253968e-03
-7.9718501534e-02 1.0136309408e-01 3.5056360113e-02 8.9431540521e-02 6.3650605116e-02 -1.9566902269e-02 2.2542534429e-01 9.3168435076e-02 -1.1217977256e-01 -1.6402130911e-02 -1.9650233892e-01 9.3434016812e-02 -8.2256596114e-02 -8.9942149834e-03 6.2467894299e-02 -7.1029626793e-02 -4.8335071257e-02 5.7561945998e-02 -5.9436335569e-02
4.8363889337e-02 1.2237528357e-01 1.0820937307e-02 -3.3618132160e-02 -1.9631495829e-02 7.1775174358e-02 4.5440650352e-02 8.4475015822e-02 6.8241053758e-02 -7.9299111108e-03 1.3224182161e-01 3.2362567797e-02 -4.5074144505e-03 1.0345085931e-01 8.7488959203e-02 5.8579890008e-02 9.4499074090e-02 -4.9063074468e-02 5.6723263744e-02
-1.0076347223e-01 1.6722016653e-01 -5.9148785884e-02 -6.5233822040e-02 8.8111191011e-02 -7.6467453054e-02 1.5311342238e-01 2.3787816308e-01 -9.4370230221e-02 6.4640601938e-02 -1.9252687963e-01 1.8234174938e-01 3.5668802797e-02 2.4670973882e-01 7.5909638153e-02 -1.4709167572e-01 -2.6549967875e-03 2.0275232204e-01 -8.7718150515e-02
7.2287539672e-02 -2.4529254089e-02 1.1690227604e-01 -5.0551587670e-03 6.3046251056e-02 9.1673894380e-02 -1.0092375717e-01 -5.5786691914e-02 2.6310979995e-02 -5.6573528064e-02 1.2439231913e-01 -6.4231942721e-02 5.5847646172e-02 1.3440042790e-03 -6.1240734755e-02 2.2305074638e-02 -6.8826373325e-02 3.0724847494e-02 8.0829913819e-03
8.2001064985e-02 7.5345758781e-02 1.0013300350e-01 2.5097987683e-03 9.7100053215e-02 8.0910533362e-02 3.0074842889e-02 -5.5827351200e-02 -5.3697290852e-02 7.4949893599e-02 -2.3691404566e-02 4.9612097404e-02 1.0382872311e-01 -5.8511149308e-02 6.2401794028e-03 -1.1221827122e-02 1.5491065007e-02 1.6367492514e-02 -5.3511993408e-02
-1.2381249422e-01 1.3630523407e-01 1.3108709140e-02 5.6309561476e-03 1.3664561431e-01 3.2822038887e-02 8.8952946981e-02 1.8618398857e-01 -1.9440504634e-01 -2.4363802573e-02 -1.3074382040e-01 6.2998087973e-02 -2.9206189166e-02 8.8650508482e-02 1.8111600670e-01 -5.6877696951e-02 -1.4556541573e-01 6.7231778345e-02 5.1689037025e-02
1.3252529293e-01 1.0881816092e-01 8.3609344706e-04 8.3738115220e-04 -9.6755396016e-03 -1.0971610581e-01 1.5159860007e-01 1.1748649318e-01 1.1603593444e-01 1.3998778610e-02 9.5950172201e-02 -1.4817529949e-02 6.6206710918e-02 1.6857594934e-01 3.7451928860e-02 7.1098990684e-02 5.2289367732e-02 4.0601309734e-02 5.9968502939e-02
8.1809113858e-02 7.1822167946e-02 -4.1034486010e-02 5.0904565974e-02 5.8172522924e-02 -1.7676832934e-03 -1.2378174067e-02 1.4153486415e-01 4.9023884377e-02 8.8709803836e-02 1.6161559496e-01 8.6348564660e-02 9.5237606970e-02 1.3668677613e-01 -2.4983213360e-02 2.9178598909e-02 1.0572198721e-01 -2.7769861292e-02 8.2098331757e-02
-1.6837934419e-01 8.0518713030e-02 -5.4764249826e-02 -2.4974840884e-02 1.3571743030e-01 1.0729479194e-02 8.2497572742e-02 5.7989898016e-02 -1.2596176547e-01 -2.8803379162e-02 -3.5145406925e-02 1.5237689715e-01 -9.2126290925e-02 1.5036010136e-01 8.0023209621e-02 7.7907891963e-02 -1.9680868412e-01 1.4188317809e-01 -1.0728456390e-01
