7.3318427426e-02 5.6624010677e-02 -6.0686846512e-02 -1.8372269033e-02 -1.1419275125e-01 3.7827910494e-02 6.7455290008e-02 5.2832102277e-02 -5.2655324590e-02 6.2247138089e-02 3.3878055798e-02 1.1502297443e-02 -2.1015852529e-02 -3.6503124709e-02 -3.0572931726e-02 2.4790965662e-02 1.0782275280e-01 4.5192750548e-03 2.5677812975e-02
-4.7612141133e-02 -6.7789280558e-02 -1.5263924790e-02 9.5654320712e-02 5.2472900029e-02 -2.9711037001e-02 9.0642490021e-02 5.4717304019e-02 2.5048778447e-01 5.4925525468e-02 7.8444896250e-02 5.6966991609e-02 -4.1983681937e-02 7.3845603576e-02 7.0697267507e-02 -1.2601099953e-02 8.4638919184e-02 -6.2434413288e-02 -7.0573420882e-02
1.2088967547e-01 4.8630061349e-02 -1.4263398446e-01 1.0020708798e-01 1.5460473695e-01 -7.3058691532e-02 1.0724130054e-01 -1.4779344175e-01 2.2427906481e-01 7.4351840743e-02 -3.6420929609e-02 8.8791982281e-02 7.2543144819e-02 1.0718126689e-01 -2.4682765311e-02 1.3878460935e-01 1.5791144520e-02 2.1739842991e-01 -5.3585055355e-03
1.5639337695e-02 2.8298921247e-02 -3.2984508413e-02 -9.0083565431e-02 8.2629961080e-04 7.4560609579e-02 -4.7440947298e-02 -1.0477273100e-02 5.4375732819e-02 -1.1393383323e-01 -1.5194521672e-02 6.4634900467e-02 -6.3242504039e-02 -1.7355470392e-02 -2.4476971580e-02 2.3460821211e-02 -2.7982756139e-02 -6.4520109694e-02 -4.8444480771e-02
3.2071868548e-02 -6.6549776884e-02 4.0422323874e-02 -1.0219630897e-01 1.7009104823e-02 5.4737045737e-04 -1.1006188747e-02 -3.1591258942e-02 4.9925649529e-02 -6.2750359934e-02 -7.9917802354e-02 -2.2445405407e-02 2.5805425005e-02 -2.3065861790e-02 1.7989268509e-02 -5.9454133759e-02 1.3098879496e-02 1.4784567689e-01 -2.7223464298e-02
2.1602678111e-01 -3.8930249302e-02 -2.5356547468e-02 1.3745121749e-01 3.0246315285e-02 -1.1943021688e-01 9.3921558555e-03 6.1516120909e-02 4.8911122659e-02 5.4723638741e-03 -1.0910193823e-01 1.0213423007e-01 -3.4133519778e-03 -2.5177659291e-02 2.1278218025e-02 6.1337424588e-02 7.4160159732e-02 1.2649248238e-01 -2.1812940343e-02
-4.4853202316e-02 -6.2725318859e-02 -7.8266317479e-02 -3.5597849692e-03 7.5658212282e-02 -1.4907542774e-01 -5.1737873462e-02 -5.8207964039e-02 4.2502043692e-02 7.6092987618e-02 1.4860829221e-01 -2.1056872198e-02 -4.2068169226e-02 3.3407867950e-02 5.8219374946e-02 -4.3953908752e-02 -9.1812413065e-03 -2.7217974074e-02 3.7409038114e-02
1.6651842010e-01 -4.0978527319e-02 -1.0143993142e-01 1.8770542746e-01 1.9721472698e-01 -3.0078843354e-02 1.5081553378e-01 -6.2819819399e-02 1.5245267862e-01 1.1342427596e-01 -1.0005261374e-01 5.0187756039e-02 -7.9475322476e-02 2.4941791537e-01 2.2377521130e-02 1.5975465217e-01 2.3071315380e-01 1.8941621824e-01 -2.8570234113e-02
1.7618333455e-01 -7.0361512527e-02 -1.4364878238e-02 2.8527408547e-02 2.1961635432e-01 1.5074367792e-02 1.9773863453e-01 3.1980911114e-02 2.3780241952e-01 1.5913042194e-01 -3.9243511960e-02 5.7757679162e-02 3.7349319932e-02 1.8874408370e-01 -8.2351316817e-02 3.1092753879e-01 3.2923420992e-01 2.2054273744e-01 1.0865433883e-01
6.2087955904e-02 -2.6190045776e-02 -1.1948474516e-01 6.3368636619e-02 1.0460085095e-01 2.7041409867e-02 1.5031388436e-02 7.1808011632e-02 1.8695741907e-01 4.9678368112e-02 6.3469776784e-02 1.2493704467e-02 -5.1695001034e-02 3.1245764034e-02 2.1333526654e-02 7.9453200777e-02 7.7333922218e-02 5.5357154473e-02 3.4104263494e-02
-1.6870496540e-02 -1.4390372436e-02 -7.1283022110e-03 3.5384410758e-03 -4.1991002280e-02 4.5471950636e-02 -2.5357496220e-02 -1.1592503382e-01 -6.6267291987e-03 1.0365738990e-02 -1.6868582268e-02 -7.3398970890e-03 7.8936771244e-02 -2.9485686510e-03 -4.6309720858e-02 2.0893607544e-02 -4.0757829873e-02 -9.2956580646e-02 -8.7430557517e-02
7.9104668785e-02 -7.8280150053e-03 4.3908114970e-02 3.9257707356e-02 7.2600928618e-02 -7.6725124368e-02 4.0793428771e-03 1.4807795500e-02 1.5427604254e-01 1.4048703743e-01 -8.2539050404e-02 -1.7243215731e-01 3.1597454993e-02 1.0499357579e-01 6.1906565467e-02 1.0458070995e-01 7.5830173248e-02 1.5280465142e-02 8.7366732108e-03
2.7956186646e-03 1.7970390559e-02 -6.4180569993e-02 -2.5899566219e-02 7.2718762555e-02 -2.1033955310e-03 3.0227700870e-02 -6.8094534168e-02 9.1787230853e-02 3.4935909283e-02 6.8283095442e-02 4.8906201624e-03 2.4756345621e-03 1.3534424821e-01 1.4308129204e-02 5.2779371624e-03 -5.2031870233e-02 -1.4596672998e-02 -4.4395948122e-03
3.4710789331e-01 1.4517078859e-02 -2.0489132596e-01 4.0547253541e-01 2.9865982694e-01 -4.6983136486e-02 2.5958202977e-01 -1.0771409095e-01 4.1788522296e-01 3.6521375333e-01 -1.2370713497e-01 2.2992846443e-01 -1.9909826029e-01 2.6585950668e-01 -2.1463895884e-01 3.7952820905e-01 2.0870395687e-01 3.5357084910e-01 -4.7078895322e-02
-5.3351021447e-02 -6.4013706531e-02 6.7111012167e-02 -6.7118585399e-02 -2.5403012701e-02 -5.6816070769e-03 9.7733278344e-02 4.1190902052e-02 -1.9691305806e-02 2.2000338981e-02 1.0399298210e-01 3.1315870999e-02 2.3100948324e-01 -4.8318581741e-02 3.0038616136e-02 -1.8032659695e-02 -5.3767932045e-03 1.2991446770e-01 7.8205639819e-02
7.1642194040e-02 -2.1029907754e-02 -4.9194035988e-02 1.3672693878e-01 1.5555402146e-01 -1.7216535715e-02 1.6908241067e-01 -2.1039711721e-02 6.4699400895e-02 1.6317957838e-01 1.8195477915e-03 1.1338683351e-01 1.2463876838e-02 1.4981198432e-01 -3.5566771228e-02 1.0211492969e-01 1.8930848065e-01 1.1818946005e-01 4.2719674317e-02
2.1225309869e-02 5.8513675094e-02 4.5391829223e-02 -7.1424045273e-02 1.7573292213e-03 -1.4384475276e-02 2.2539624845e-02 -9.4144314226e-02 2.3331097081e-02 -5.1898972526e-03 1.6846109242e-01 -9.7862117409e-02 4.4530019980e-02 -3.9039147353e-02 7.1257179417e-02 5.9799434654e-02 1.3336183803e-02 -8.3926116287e-02 2.3253822915e-02
1.2128505603e-01 -2.3498379656e-02 7.0893323105e-02 -1.7003451052e-03 -1.5866072790e-01 -6.7729303004e-02 6.4183296144e-02 -5.6914286583e-02 1.7600152488e-01 -3.3532237604e-02 -6.9733612856e-03 5.8024625838e-02 -6.3203001066e-02 -6.4125810578e-02 -4.4156509304e-02 -2.8840285426e-02 3.7570091665e-02 -2.3094570256e-03 1.1606604830e-01
-7.3796498877e-02 2.9450095649e-02 6.5058497325e-02 -3.4305021527e-02 3.6610117656e-03 -1.4345587945e-02 -8.2078498152e-02 -2.3251817749e-02 -1.3352305062e-02 -2.6234665786e-02 2.3859213188e-01 -8.7432303467e-02 9.6035387446e-02 -2.0557380783e-01 1.1330595163e-01 -2.0090933085e-02 -7.1788075509e-02 -1.1462606816e-01 3.2329196644e-02
