5.5688536979e-02 1.7338898141e-01 -5.2892281284e-02 -1.8772295957e-01 1.4890477290e-01 1.5581539173e-01 1.7335239979e-02 1.6006355591e-01 2.4817547424e-01 1.7127078886e-01 2.3322015487e-01 1.8884183030e-01 -1.8972251387e-03 2.6964687920e-01 2.5973081550e-01 1.1697397428e-01 -1.2225087228e-02 1.2855716487e-01 1.5818399961e-01
-1.3926924790e-02 -6.8272511292e-03 1.2086088983e-02 3.1565596994e-03 6.2616553456e-02 3.3285924715e-02 -4.0105825065e-02 -1.0469205313e-01 -5.5426471845e-03 1.3029822242e-01 -8.5488372305e-02 -1.4955859301e-01 -2.2943249743e-02 4.8833878192e-02 4.3163287523e-02 -7.1953112868e-02 -2.4132409055e-02 1.2142357184e-02 -2.5517258892e-02
-4.1739672655e-02 5.8039052167e-02 -1.1514648948e-01 -2.5027498249e-02 3.1091200270e-02 -2.1891850495e-02 2.9982800738e-02 -4.3399684509e-02 2.7318917792e-02 -3.7572201987e-02 -6.5979123272e-02 -2.5364996376e-02 -8.4513182650e-03 -8.6741727953e-02 -1.0372335331e-01 9.2253015401e-03 -7.4459979777e-02 1.2026768147e-01 7.6603003402e-02
5.7018663312e-02 1.0334525616e-01 2.8557262959e-02 2.3026140004e-02 8.3440582628e-02 9.1095062098e-02 -6.4548703400e-02 2.5895976439e-02 1.1251119701e-01 1.3897394642e-01 4.0217535710e-02 8.3239913115e-02 -2.4752974215e-02 7.1995310421e-02 2.7382588375e-01 2.2766542709e-01 6.7868783629e-03 3.5742466134e-02 1.3681460692e-01
-1.6677223849e-01 -2.5665803311e-02 1.3098021887e-01 8.1116442478e-02 -5.5181054893e-02 -1.1484098606e-01 1.5971691180e-02 -1.2535685772e-01 -1.0006028694e-01 -7.5973660076e-02 -2.0072419746e-01 -6.4751359452e-02 8.6563845677e-02 -1.7962323592e-01 -7.8605953419e-02 4.7629968128e-02 1.0568122116e-01 -2.3749951708e-01 -1.0650749490e-01
5.3486832899e-02 1.0657926197e-02 -1.1368894957e-01 2.1404216325e-02 2.7658219692e-02 -6.9851140896e-03 3.5708420697e-02 9.9954518933e-02 1.5753309708e-02 -2.8915445448e-02 -5.1007147395e-02 6.5419517488e-02 9.1032123118e-02 -1.6053925649e-01 -2.4699421471e-02 1.4407292355e-02 8.6761327707e-02 8.3101681507e-02 4.0702467068e-02
-1.0275987931e-01 1.1326081887e-01 -7.5604113046e-02 3.4663134998e-02 -9.9056620310e-03 -3.1974029479e-02 -1.2309695579e-03 -1.3420154538e-01 5.7509294951e-02 -3.0818475923e-02 -4.1669788876e-03 1.4981055309e-01 7.8801916243e-02 -6.2689142778e-02 -6.0507289297e-02 6.2274772969e-02 1.8624994755e-02 2.7963367755e-04 4.6892683447e-02
-1.4222477175e-01 -1.6155759823e-01 2.1360978778e-01 2.3059427717e-01 -9.6961487200e-02 -1.5822369531e-01 4.7070052758e-02 -2.0963718243e-02 -1.8048015515e-01 -8.2974488209e-02 -6.3676335783e-02 -5.1109501398e-02 7.4029332188e-02 -9.9260978420e-02 -9.8707714605e-02 7.7612598773e-02 7.5462277637e-02 -1.8904991831e-01 -1.7144155532e-01
-3.7979707116e-02 -2.9963544232e-02 8.1348089083e-02 4.9796024470e-02 -3.3994746409e-03 -6.8733786214e-02 -4.3962481724e-02 -5.3160705459e-02 -1.8344199824e-01 -1.0558137802e-01 -1.4421143462e-01 -6.5423068736e-02 4.5925953764e-02 -6.4765378466e-02 -2.3765072161e-02 2.0828441291e-02 -7.8881997769e-03 -2.0330287001e-02 -1.0862343695e-01
-3.9819731788e-02 3.2899567223e-03 5.4661150772e-02 -8.4668248905e-02 1.2978034525e-01 1.3113399820e-01 -1.2172533214e-02 -1.7108160309e-02 1.4726719994e-02 2.7990704998e-02 9.5068617676e-02 1.0095053791e-02 6.5403760171e-03 -9.3832219467e-02 -3.2682058085e-02 -9.2145386328e-02 6.1864703925e-02 5.2819069190e-02 -1.2871466110e-02
6.1706666074e-02 3.7418636007e-02 -6.1815051298e-02 -9.7718535851e-02 1.0754685646e-01 7.4626389516e-02 -7.9926168963e-02 1.8668170476e-01 1.4117854759e-01 1.2831775818e-01 1.1135106040e-01 1.5756172950e-01 1.7075771816e-02 1.4532528483e-01 6.9501822419e-02 1.3072045231e-01 -6.9439057241e-02 1.1504867746e-01 1.3322102571e-01
-1.4241131436e-01 1.9339665931e-02 1.3458221063e-01 1.4928583032e-01 -1.0385816068e-01 -1.0552304868e-01 3.3162298827e-02 -2.1052411472e-01 -1.9240670961e-01 -1.0732045730e-02 -6.0494239912e-02 -1.8905590819e-01 8.9925535867e-02 -2.0044000328e-01 -1.4895482036e-01 -5.2032980601e-02 7.6128155019e-02 -2.6801131346e-01 -1.5420595418e-01
9.4829295174e-02 4.7573188101e-02 -6.7125568950e-02 1.8027488547e-02 1.9400943443e-01 9.4061524332e-02 1.0177960067e-03 1.4662354096e-01 1.5481488786e-01 -1.5706865338e-02 1.1357651148e-01 1.1138890320e-01 1.9026417176e-02 3.8134909330e-02 1.1148778835e-01 8.0555847445e-02 4.7094123051e-02 1.0810264743e-01 -2.3690343540e-02
-5.7845705806e-02 4.6919854811e-02 9.7518131870e-02 -1.3384706583e-01 -1.4099004186e-01 -9.9319019849e-02 -3.5352828045e-02 -5.8667628684e-02 1.5818110549e-02 4.0321037823e-02 -1.1504882524e-01 -7.0891350853e-02 -1.3955378882e-01 4.2696001177e-02 9.0987323130e-02 -4.3050522962e-02 -1.4815215669e-02 -1.7643311714e-02 2.5842772612e-03
1.3096600006e-01 1.4878996370e-01 2.7132952144e-02 -3.0190109470e-02 2.0300427203e-01 6.7322332092e-02 -6.8150506889e-02 1.2640707681e-01 1.2853101092e-01 1.2962873575e-01 1.6457124649e-01 7.6271315049e-02 -4.1048482207e-02 4.3786535130e-02 7.2310614877e-02 2.2065997170e-01 -7.2789397391e-02 8.5918898238e-02 1.3462190709e-01
3.6932588702e-02 3.3879578047e-02 4.6835241603e-02 -3.6432138578e-02 1.1037601783e-02 1.1914151464e-01 -2.2061227366e-02 -4.1911260048e-03 1.0800690709e-01 -2.8504016272e-02 8.7094997939e-02 7.9275628374e-02 8.9170323664e-02 5.7631350714e-02 -5.3908726277e-02 4.8692144353e-02 -1.0977222660e-01 -5.0178115396e-02 -1.9496760311e-03
-5.5657616649e-02 -4.5725112251e-02 -1.3914708462e-02 -1.8663946425e-02 -8.4120886236e-03 -3.3923844096e-02 9.7958092079e-02 -1.2400034181e-02 3.9493018069e-02 9.2550194086e-02 7.5742529559e-02 -3.2414411048e-02 -6.1579264692e-02 3.3696718986e-02 1.0149955246e-01 -1.1528615638e-02 -4.7427880864e-02 5.0644144504e-02 -4.2599253353e-02
9.8711232856e-02 -3.0052923507e-02 1.7849610088e-02 6.5216192446e-02 3.5137320294e-02 -1.8121839801e-02 -5.1401386307e-02 1.9402787165e-02 -9.5109461512e-02 4.7701427551e-02 4.2418106413e-02 -3.5079603168e-02 -8.6352011343e-03 9.1543860279e-02 4.9930696157e-02 -3.4245340013e-02 -6.3960261138e-02 1.1515732970e-01 -1.2619790237e-02
1.0075044322e-01 8.0690322623e-02 -7.7448187218e-02 8.6666578980e-02 2.7529384724e-02 1.4538600456e-01 -7.1750986187e-02 1.0003370101e-01 3.9850977831e-02 3.4825651134e-04 1.6142485470e-01 -2.3633944054e-02 -1.9272315641e-01 7.3025543077e-02 1.3730135829e-01 1.2755513613e-02 -7.3759453174e-02 8.9943176780e-02 1.4063186002e-01
