4.7187313658e-02 2.6859149616e-02 9.3873986279e-02 1.5181334443e-01 1.6025888484e-01 5.6824131496e-03 5.8558212487e-02 -1.8004579854e-02 -1.9968137547e-02 -2.1354385443e-02 1.1647994212e-01 -1.3898163013e-01 1.3181895151e-01 -1.2940031248e-01 1.9577849469e-01 8.3973161347e-02 2.3494800265e-02 7.5290727214e-02 2.1271511635e-01
1.6440372647e-01 -3.6829196793e-02 2.3338316223e-02 1.1282497477e-01 -6.9034642818e-02 6.9638286638e-02 -4.2753640140e-02 3.7999123388e-02 1.9147130069e-02 -1.0961724003e-02 1.5434526447e-01 -1.5715893419e-01 1.3519384481e-01 1.9384986722e-02 2.4147397380e-01 -1.7555233528e-02 -1.0097532113e-02 -1.3111268329e-01 1.2902808384e-01
-2.1036789861e-02 -4.1298724308e-02 -5.0337777561e-03 -9.4577094735e-03 1.6456408396e-01 3.6418171102e-02 -3.5419616092e-02 -1.9773806076e-03 -1.9221293373e-02 -6.3532976496e-03 -1.7281655004e-01 1.6526278223e-01 -2.1481865368e-01 1.3591485993e-02 -7.1327318969e-02 5.5851553621e-02 -2.8592193021e-02 2.8521856977e-02 -1.0162538424e-01
1.0729182407e-01 -5.2193695265e-02 -4.0984472754e-02 1.4400176100e-01 1.2166778557e-03 1.1780605473e-02 -3.5697505185e-02 -8.7229831572e-02 6.1305554733e-02 -7.3655127399e-02 6.3484775506e-02 -4.5955965723e-02 1.1669052998e-01 3.9112958225e-02 1.6517429554e-01 -2.8847037199e-03 -1.9661967318e-02 1.2630310904e-01 5.3827536984e-02
9.1187968296e-02 -9.6093078928e-03 -4.8014029366e-02 9.6576054706e-02 -3.1121809665e-02 -1.2069038986e-01 7.8917103701e-02 -1.7365278787e-02 -1.3427097210e-02 -4.8249234063e-02 4.4196133770e-02 -9.6038387340e-02 9.9339821673e-02 -6.4063617711e-04 1.2589319181e-01 -4.9652712170e-02 -2.2521435317e-02 -1.7165881392e-02 1.6236388462e-01
6.7743555195e-02 -3.2426530158e-02 1.5291774223e-02 9.1733033990e-02 -1.6931860218e-01 1.2846881777e-01 -7.0293890795e-02 -8.8518078144e-02 -1.3961308592e-01 4.7114124006e-02 9.8974503182e-02 -3.6389198355e-02 5.2119023423e-02 3.8842880807e-02 1.6115007207e-01 6.1468767034e-02 -8.7428421231e-02 -8.7802122799e-02 1.1628717742e-01
-6.2165611364e-02 -1.3830898442e-02 3.8413570435e-03 -1.0586797285e-01 6.7152135544e-02 -8.2067996188e-02 -3.3994510239e-03 1.1568842357e-01 -5.8315545129e-02 4.3566618582e-02 -2.3524547886e-01 6.6067306238e-02 -1.7650312655e-01 -1.7691046639e-02 -1.0826113432e-01 6.4333783441e-03 -1.6860874330e-02 -4.3170801737e-03 -1.7410532680e-01
1.8447970973e-01 -5.3393445307e-02 -8.2893086515e-02 1.0339298142e-01 -2.8633779221e-03 -7.4806597949e-02 5.6231169016e-02 -8.6952224055e-02 -1.7439741499e-02 -5.9161421972e-02 9.2186906570e-02 -7.2887863911e-02 9.6418926343e-03 -3.5284303665e-02 1.1991419951e-01 -4.2823014763e-02 -2.7861435967e-02 -1.1115397233e-01 1.9620836677e-01
2.9061084178e-02 -3.1517746588e-02 -4.0720242873e-02 -1.1099932838e-01 -2.0673665181e-02 1.2756545344e-01 8.3494948512e-02 4.4327359900e-03 2.4985624069e-02 -5.9058141683e-02 2.2572563570e-03 -1.3336223187e-02 6.2745935699e-02 1.0220575762e-01 2.2569096935e-02 4.4514909694e-02 8.8867117336e-03 -7.1487922638e-02 4.0154778986e-02
8.1028113739e-02 -5.5700397537e-02 4.5623410125e-02 2.2839244411e-01 -9.3524121522e-03 -9.5214998020e-02 3.9112420781e-02 -4.3265260009e-02 3.5486551841e-02 -7.3274120252e-02 7.3258769789e-02 -5.8793891711e-02 1.7351120491e-01 -1.2562128468e-02 3.0064533250e-01 1.0450153838e-01 3.5681274056e-02 -2.4959956881e-02 1.4277515744e-01
-4.3386656360e-02 -7.7674358630e-02 -2.3091031737e-02 -8.4766244567e-03 9.1836217344e-02 5.9395375297e-04 7.4373215302e-02 -6.4533711857e-02 6.6974776311e-03 -1.0960478788e-01 -1.7298587503e-02 4.3488105581e-02 -1.0948648758e-01 -5.7967913110e-02 -4.8554955880e-02 -6.3129219532e-02 -1.4360127755e-02 -5.5213567612e-02 -2.5383360389e-01
2.8271190053e-01 7.4460851846e-02 -6.1847180941e-02 1.6100410015e-01 -7.7019023390e-02 -3.2064509073e-03 -2.2318566598e-02 -5.0335531662e-02 -8.7517846944e-03 -2.0450680547e-02 2.0012382398e-01 -5.2885615470e-02 1.3664449714e-01 -4.8323504785e-02 1.6812253607e-01 -3.6394408973e-02 -2.2261666326e-01 6.9967304018e-02 1.1826426055e-01
1.2587955689e-01 3.3449606061e-02 3.0165911519e-02 6.1940184658e-02 -1.2253739038e-02 1.0075630434e-01 -8.6011673677e-02 -5.4662817558e-02 -7.6953228016e-02 1.0117042001e-01 6.0861597494e-02 -1.4553125506e-02 1.3414037483e-01 -1.3273144088e-02 2.2174155078e-01 -9.4600646516e-02 -2.9979409399e-02 6.2011526790e-02 7.7782541534e-02
1.9228260451e-01 4.3812332316e-02 -7.2161172250e-02 2.0869370581e-01 -7.5277575206e-02 3.6261150094e-02 -3.7849331083e-02 -2.4953495303e-02 -5.9198890839e-02 -2.1185447832e-02 1.4200347926e-01 -6.9939518391e-02 1.2725139543e-01 -5.7470726342e-02 2.1318784918e-01 -1.5571010398e-02 3.0880040181e-02 3.0481920473e-02 2.0611188470e-01
1.5843038310e-01 5.3669684416e-02 -1.9748274628e-02 4.0811838623e-02 1.0547147607e-02 -3.5743264205e-02 -7.3750217264e-02 -1.4003473528e-02 -7.1503915721e-02 -8.0548549435e-02 8.2327148279e-02 3.3241247791e-02 -1.5692050159e-02 9.4182777151e-02 1.8792037741e-01 -7.6552305844e-02 -3.6199293987e-02 -7.9049683813e-02 6.6069857920e-02
1.1922011518e-01 3.3931759533e-02 1.1946180852e-02 1.7634412026e-01 1.0396554255e-02 -9.2483030008e-02 -1.6666392336e-02 1.7608926375e-02 -1.3144240669e-01 2.3994068199e-02 5.0482504588e-02 8.3007790822e-02 1.6190704959e-01 3.8707987775e-02 1.7269808465e-01 5.7329499006e-02 7.4817823100e-02 -8.7609301017e-02 7.7895232230e-02
1.3107726656e-02 -5.1721277293e-02 -6.0146904097e-03 1.9903616612e-02 -1.3468311870e-02 -2.5915714715e-02 -6.1240443114e-02 7.6553823690e-02 2.1361863172e-03 6.6176618186e-02 -1.3104563410e-01 2.7085051671e-02 1.5207142919e-01 -1.7210498837e-02 3.6548526174e-02 -4.1287292227e-02 1.0487773650e-01 3.5677728069e-02 8.2598962820e-02
1.1845679182e-01 -9.5997574847e-03 -4.4231924929e-02 1.0163452993e-01 7.8191471749e-02 -3.2258205634e-02 6.1944689235e-02 1.4832127649e-02 4.0322362644e-02 -1.1037901309e-01 2.8605235415e-02 9.5891784906e-02 -2.0931024341e-02 -3.0461689099e-02 1.2104129800e-01 -5.0076309293e-03 6.9105920180e-02 -3.0793407662e-02 -5.4634744129e-02
-8.5815991379e-02 3.4321618948e-02 2.9862301898e-02 -6.9056670575e-02 -7.7798731997e-02 -9.7877186922e-03 -2.7497975472e-02 -2.1486925132e-02 -6.7971747518e-02 -1.1410238667e-02 -1.6529338725e-02 3.4822620257e-02 3.7393422369e-02 -6.4374477887e-02 -1.6905112733e-02 4.2254652040e-02 1.6480355202e-02 -1.5387153659e-01 5.3840803162e-02
