-8.7023527342e-02 4.8881019653e-02 -2.0267015819e-02 -1.4350728968e-01 -6.5930241531e-04 -2.2898187622e-02 7.3358527511e-03 5.3039092449e-02 2.3590316840e-02 9.9819518099e-02 -7.7881623062e-02 -4.2454004790e-02 1.3927403715e-01 -5.0351440595e-02 -1.8152897982e-01 5.7474434013e-02 -4.0414460997e-02 -7.2947931075e-02 -2.1273535707e-02
8.7912816131e-02 9.1088130624e-03 8.5683777614e-02 6.7659805234e-02 7.0208345971e-02 6.5038569347e-02 1.6693166528e-02 1.2679870831e-01 -1.8001726735e-02 -3.7881111119e-02 -3.9458600274e-02 -3.3190772653e-02 5.1184705568e-02 1.5824658711e-02 -9.6296737770e-03 6.0038866756e-03 2.3904344463e-02 1.8424943382e-03 -2.6558304112e-02
-1.1919882850e-01 -2.4321795923e-02 -5.7419836249e-03 2.6820587471e-02 1.3194609644e-01 6.4991888751e-02 1.2864489002e-01 1.8293085250e-01 -6.8884633370e-02 -7.2113666025e-02 6.1083480545e-02 7.1830290204e-02 5.9526672556e-02 7.5562353258e-02 1.3928851788e-01 9.2328301443e-02 -8.3901736261e-02 -1.6590372921e-01 2.9501109865e-03
5.4070081666e-02 -1.8287371444e-02 6.1599953596e-02 9.1837444349e-02 1.8154280907e-01 1.4009438105e-01 1.0677840162e-01 5.3622041214e-02 -3.3702163164e-02 -6.9546455078e-02 3.5094204174e-02 1.4705943692e-01 1.3952083249e-01 8.4640767559e-02 3.0559711782e-02 1.1931068400e-01 -5.0469173005e-03 -8.7433586676e-02 -2.8271821679e-02
2.5138990604e-02 1.6124974933e-02 -8.3713381899e-03 -7.1441798060e-02 6.0232954099e-02 5.3698682015e-02 1.4291719799e-02 -2.8692368606e-02 2.2583146702e-02 1.4477563119e-02 4.7211147053e-02 9.0972185815e-03 -5.1241826980e-02 2.3520370558e-02 -2.6433660861e-02 -1.5198685010e-02 -3.1805883974e-02 1.1556048840e-01 7.9726901717e-02
-1.1542466414e-02 -6.4432909105e-02 -7.2876942727e-02 -4.7869447945e-02 4.8836368997e-02 5.8027903321e-02 -4.7131081924e-02 -1.1492201385e-01 -1.5155942924e-02 9.9942672720e-02 -7.1206498699e-02 7.5231580820e-02 5.4384955269e-03 -5.3341601663e-02 -4.2043274047e-02 -7.4868511906e-02 -4.8902772422e-02 -3.6610607296e-02 1.1541767813e-02
-9.9173694345e-02 -1.3811788585e-01 8.5769623976e-04 -1.2021994351e-02 1.3597656898e-01 1.0832083924e-01 1.1399381989e-01 1.6131901638e-01 2.9325340212e-02 3.0787207271e-03 -1.4682652317e-01 1.5732466403e-02 1.3395938502e-01 1.0744582632e-01 1.3637553445e-01 7.6285574107e-02 -1.3873521556e-02 1.4337768145e-03 9.1307178381e-03
7.5273695211e-02 1.2941351015e-01 1.0742842348e-01 -5.2945263230e-02 3.3322535795e-02 3.0839082754e-02 -1.4755556974e-01 -6.3112732480e-02 4.6016704940e-02 4.6180428256e-02 3.9724470342e-02 6.2607823476e-02 -5.2172741124e-02 2.9875984594e-03 3.4897497478e-02 -5.8716409093e-02 6.7758388404e-02 5.5841077410e-02 -3.8756495428e-02
-6.0193295135e-02 1.6068032054e-02 -2.3879572331e-03 -9.2788996301e-02 1.2886249469e-01 1.6664959393e-01 4.3936421007e-02 3.4852136513e-02 -1.3585638983e-02 1.3783600808e-03 6.0407429640e-02 1.1841774146e-01 -5.3401575399e-02 1.5692911553e-01 3.4339407076e-02 1.8030868121e-01 -5.7930769918e-02 -3.7464501468e-02 -7.8486864799e-02
-5.0732921257e-02 -5.2727857423e-02 8.2279249347e-02 4.0793161915e-02 -3.6768861492e-02 5.7385782999e-02 3.2139979072e-02 3.3749991159e-02 -1.2938871067e-01 1.5444534950e-01 -1.9214878358e-02 -5.4909823262e-03 -1.1997574994e-01 -2.1399010758e-03 7.2279767233e-04 -3.9055915825e-02 -7.2464651761e-02 2.5548721216e-02 1.0787216596e-02
-1.4784551617e-01 4.6881328937e-02 -2.2838283222e-02 2.1513036932e-02 2.9071796436e-01 9.0495262214e-02 4.1547707065e-02 1.6909842944e-01 4.7930302637e-02 -1.8690059234e-02 7.5220408373e-02 -6.7787170952e-03 2.4635258769e-02 9.8106840600e-02 6.0353595014e-02 4.9796146088e-02 -8.4365563300e-02 1.8094023737e-02 -4.2443095897e-02
-9.3360796338e-02 -5.8197793439e-03 6.1187139266e-02 -1.6206313069e-02 3.3590997219e-02 1.9484037295e-01 3.5469387469e-03 2.4269409122e-02 4.0352001112e-03 1.1615427643e-01 -2.9594833523e-02 1.6978990864e-01 9.4146064168e-02 5.8278424496e-02 2.6014311493e-02 1.3186293864e-01 3.6111750602e-02 -1.9352691818e-02 -6.1328860156e-02
-1.2934187348e-01 7.1495892094e-02 -8.2098072039e-03 -2.3311852021e-02 5.5397676971e-02 7.9704438302e-02 1.1369396934e-01 9.4082112219e-02 -2.2032877465e-02 -1.5630752838e-01 -2.1990186078e-02 1.6582921902e-01 9.2917543808e-02 1.6453670188e-01 5.2794509401e-02 1.4142419081e-01 -2.2995387949e-02 -1.3860719946e-01 2.9936547629e-02
1.4593335724e-02 7.7788262071e-02 -1.8588970547e-01 -8.2548972656e-02 1.7905920572e-02 6.8189758183e-03 6.2690422025e-02 -2.5155615493e-02 2.9884821262e-02 -4.8439028462e-02 -1.9816903863e-02 -1.8844066683e-02 1.4148141139e-02 3.3031886213e-02 -6.2708200895e-02 -4.2750016982e-02 -6.3871219563e-02 -8.3865246697e-02 6.8447547903e-02
9.2171245262e-02 -1.5896399837e-02 -1.7152795664e-02 -2.0112491813e-02 -6.1631066192e-02 -8.4685133660e-03 -2.9888708228e-02 -2.4873852267e-02 -6.9251216962e-02 -4.4662877670e-02 -3.3342163111e-03 -3.7141104474e-02 -7.3218845381e-02 -4.2310518718e-02 -1.4408055098e-02 8.1377080421e-02 1.6532910731e-03 -7.9872667586e-02 -3.2781592480e-02
-4.6010802253e-02 1.9344131879e-02 -6.8685958632e-04 7.9522319665e-03 1.2176948871e-01 2.0373907298e-01 4.2850011895e-02 1.2812603371e-02 -6.6443673920e-02 -4.3233159216e-02 2.3602043106e-02 9.3300248347e-02 5.3584516658e-02 2.6561612851e-01 9.7476774479e-02 1.1789140195e-01 2.9986516259e-02 -1.4683064711e-01 4.2711699642e-04
1.1961168173e-01 2.4605599019e-02 -5.5594697586e-02 1.6288677339e-02 -1.5489895065e-02 -3.5175636569e-03 9.0398022511e-03 -3.9936092640e-02 -5.5257723946e-02 5.7043235166e-02 -9.2049262325e-03 8.7067768285e-02 -1.4126772460e-01 -5.6848172091e-02 7.8817249772e-02 7.2991137456e-02 -1.5395066900e-01 -1.0526150949e-01 2.4256193683e-03
1.9939805219e-01 3.4655960244e-02 -2.1256087948e-02 3.4247360827e-02 3.7049619902e-02 -2.1029191068e-01 -2.4460216237e-01 -2.1543555874e-01 3.6110978823e-03 8.7290193244e-02 1.1550418235e-01 -1.6021156533e-01 -1.8660089617e-01 -1.7412992577e-01 -8.1962713009e-02 -7.3327825807e-02 1.2162392139e-03 1.0828462871e-01 5.4005399368e-02
1.0069582494e-01 -4.2278554702e-02 -9.7560013138e-02 1.6151238308e-02 1.1256829000e-01 -1.2157912029e-01 -2.7621833190e-01 -2.0267205772e-01 4.7088806433e-02 2.3653388302e-01 -1.3016165765e-02 -2.1781357814e-01 -1.8267386340e-01 -2.4950748440e-01 -1.7829652251e-02 -1.3101244446e-01 -2.5262444370e-03 2.5624325342e-01 -4.7673989843e-02
