1.1795660232e-01 1.4407774895e-01 4.1134096670e-02 -9.1073726588e-02 8.5376764902e-02 3.0490761730e-03 8.1091505000e-02 -4.2131111740e-03 1.5331067424e-01 8.8681492017e-02 -3.3989632474e-02 -8.9852220153e-03 2.2746159203e-02 -8.2685132238e-03 -2.1227411091e-01 1.8531703173e-01 1.8629385555e-01 -9.5342154400e-02 -1.6055130223e-01
9.9433410010e-02 1.2442992152e-01 1.7788375387e-02 -5.4073752442e-02 9.3029383245e-02 -3.5510652798e-02 1.5167231913e-01 -8.4518105511e-03 4.8847397327e-02 7.3694954024e-03 6.0624446980e-02 -8.6227392847e-03 3.8677029591e-02 3.9038179038e-02 -7.3510832914e-02 1.1126897268e-01 1.4111815814e-01 9.8633137368e-02 -1.5184179676e-02
3.0132794301e-02 7.7572434145e-02 -3.2355479806e-02 -8.7572726049e-02 2.8535974790e-02 9.8270515679e-02 2.7432238792e-01 -4.4442134616e-02 8.6225846051e-02 3.3370435089e-02 -8.8175240522e-02 -1.0511432414e-01 1.9361275986e-03 4.4136547888e-04 -4.6522714550e-02 1.5853828714e-01 3.8199530670e-02 5.5797378889e-03 -4.2227693057e-02
7.5753184211e-03 8.7353287062e-02 -2.7440111666e-02 4.6532591519e-02 -7.2629390547e-02 3.3794595412e-02 3.1294658240e-02 -4.8721997135e-02 8.3159634133e-02 -9.8630860095e-03 -2.7160589937e-02 -7.6598602768e-02 -3.9757622022e-02 1.0232631817e-02 -4.6528874257e-02 1.9940291955e-01 1.5063517390e-01 -1.3025248161e-01 -2.0123509602e-02
2.1173557390e-01 9.8765317822e-02 1.1201915336e-01 -1.5324865615e-01 1.2309648904e-01 6.1593130657e-02 -1.1979793550e-02 -6.2656582456e-02 7.8410453381e-02 8.1702906083e-02 -6.3288636372e-03 8.4879829944e-02 -1.4474514551e-01 -9.1201499210e-02 -1.7496552974e-01 2.3112536428e-01 6.2448758685e-02 -1.4783093651e-02 -5.5207342625e-02
1.0544521215e-01 1.4496701275e-01 6.8903742911e-03 2.1333992124e-02 2.1802114739e-01 8.9256447387e-02 7.6349446560e-02 -2.1012747782e-02 3.3645764966e-02 1.0418585812e-01 6.5609941350e-02 -3.1256653114e-02 3.9550179674e-02 -1.6822725744e-02 -4.2876203615e-02 1.0644160820e-01 3.6555570695e-03 -3.1065625900e-02 2.1230439897e-02
4.5817718102e-02 -6.6644129443e-02 4.4556289995e-03 8.2359229478e-03 5.3598364103e-02 -4.4271285156e-02 -1.1323591110e-01 -3.1485401748e-02 -3.0222190681e-02 -3.9897724475e-03 6.7139974654e-02 -3.2438844505e-02 8.7051964366e-03 -2.7341804910e-02 -3.2927426505e-03 -1.1665527154e-01 -7.6076776053e-02 -3.8071990646e-03 1.3628898793e-03
1.3973678454e-01 9.5196933102e-03 -5.2772061077e-02 2.6507824291e-02 6.1520056821e-02 6.2280405912e-03 6.9002270679e-02 -6.3223906842e-02 1.1723745811e-01 4.0421314315e-02 -1.5341224071e-01 -2.4894168947e-02 -5.1789526823e-02 2.5894101560e-02 -3.2475752792e-02 3.4480985736e-02 7.1894509054e-02 -7.1629425294e-02 -1.7488678460e-01
-1.6105854178e-01 -3.1690719727e-01 -1.4993891036e-01 2.5011278556e-01 -1.3998356308e-01 -8.1222152447e-02 -1.2210593818e-01 5.1052995706e-02 -1.8825467836e-01 -2.7120531464e-01 -2.2023595453e-02 -7.7017313866e-02 -3.0387059211e-02 8.4228878492e-02 2.1304096275e-01 -2.5920469046e-01 -2.3289997114e-01 -4.3899287870e-02 2.2478658573e-01
3.1094880814e-02 -3.9042128308e-02 -3.3887081023e-02 -3.4867063471e-02 -7.0016779453e-03 -8.1205732811e-02 -9.7165425409e-02 -6.3279353099e-02 1.5842149789e-02 2.3582918505e-02 4.4764313908e-02 1.5111084497e-01 4.8138124837e-02 -7.8381678387e-02 -9.0511580997e-03 5.7430413056e-02 -1.7377567555e-01 -4.5797855101e-02 1.1384386205e-02
-3.0797823519e-01 -4.7074985110e-02 -5.2092790451e-03 2.1616577745e-01 -1.5151525275e-01 -8.7402860864e-02 -2.8966384677e-01 -3.5048455827e-02 -3.6529649417e-01 -3.0289354782e-01 -1.7318537108e-02 -8.0420307616e-02 -8.6472625929e-02 -4.9530247990e-02 1.7586823786e-01 -1.1689838293e-01 -1.8087399750e-01 1.2458144682e-03 1.0760709870e-01
1.7925530048e-01 1.5547820950e-02 -6.2590853578e-02 -9.5514802665e-02 2.4930498533e-01 8.0869330207e-03 5.6496921650e-02 -1.2462642325e-02 -2.2157996566e-02 8.1540275969e-02 -7.0682628489e-02 -3.8373635932e-02 -6.5947445208e-02 -1.0782050651e-01 -1.0157260579e-01 1.5825051458e-01 1.0297079574e-01 -1.3126008717e-01 -1.5710103048e-01
9.9776083341e-02 1.2038514301e-01 -9.3548151322e-02 5.0432771557e-03 8.1958146895e-02 3.8196388675e-02 1.4317164362e-01 -2.2585397143e-02 1.9398470550e-02 1.2261597663e-01 -2.5685146986e-02 -6.8328042047e-03 -7.7441715084e-02 1.2146399506e-01 -3.1984319907e-03 2.1028364935e-01 1.2238464753e-01 -1.0452267125e-02 -5.3730314370e-02
2.1403481574e-01 1.8946955395e-01 -1.5473619125e-02 6.5957342004e-03 9.4479773124e-02 1.2971750898e-01 5.4435950961e-02 1.5163754836e-02 1.9429334002e-01 8.1550289403e-02 1.6800842792e-02 -4.4719303193e-02 9.9674597809e-02 -1.2453560022e-04 -8.6545492250e-02 1.0190814842e-01 6.8491349657e-02 -1.5951506610e-02 -6.3924197616e-02
-3.3203873732e-01 -1.5843317638e-01 -3.2817537380e-02 1.5570443434e-01 -1.2887260096e-01 -9.1480530180e-02 -2.8140425938e-01 5.7036464708e-02 -1.3455172256e-01 -1.0511682433e-01 -8.1602040689e-03 -5.6750317507e-02 7.2004795366e-02 -1.3551445636e-02 1.5062189411e-01 -7.1920557336e-02 -1.6011582935e-01 6.2767630270e-02 3.2063600335e-01
1.9817358643e-02 1.7995253133e-01 -1.9355394077e-02 2.9897704205e-02 1.7434919175e-01 6.4803196256e-02 9.0558696394e-02 1.8384344663e-02 2.6988666509e-02 4.6655363356e-02 -7.5848347257e-02 -5.7504511655e-03 4.8365993055e-03 -6.6964038088e-02 3.8397137000e-02 2.2171738586e-02 1.0956242043e-02 -4.0519398418e-03 4.2027275553e-02
-1.3759457788e-01 -5.3341367052e-02 1.0524534809e-02 3.4532506333e-01 -7.0584604921e-02 -4.4135312331e-02 -1.4781311428e-01 -1.0941007193e-01 -7.4892449238e-02 -1.8914192677e-01 5.3439471364e-02 1.4404296172e-02 3.3126285684e-02 -1.2838795976e-01 2.6354289360e-01 -1.3106416420e-01 -2.0263965378e-01 2.4942724131e-02 2.6059031585e-01
-2.7380344397e-01 -2.1388657203e-01 8.3788164895e-03 3.0158857894e-01 -3.1787476456e-01 -8.9568076346e-02 -2.7987259910e-01 -7.4746596311e-02 -1.7513263206e-01 -2.0089855728e-01 1.6923609127e-02 9.7537302323e-02 -7.2111408729e-03 -1.3098389876e-01 1.2905660719e-01 -1.1582186805e-01 -3.2755278755e-01 5.1966456020e-02 2.6184638116e-01
-7.9438558969e-02 -1.2241694402e-01 -8.2004425567e-02 1.9562952442e-01 -1.6989534870e-01 -1.1352472884e-01 -1.7197977086e-01 -1.3656778785e-01 -1.6444706604e-01 -2.4416925466e-01 3.0354618146e-02 2.5063713604e-02 -3.3593304643e-02 -6.8730588612e-02 2.1957839650e-01 -9.8080606772e-02 -1.7138854915e-01 -1.6052383939e-02 1.7811483071e-01
