9.3137160040e-02 -3.0830706584e-01 1.5284110728e-01 -6.8022657548e-02 -1.2452291901e-01 3.3101373724e-02 -2.6612228479e-02 4.1697216396e-02 1.1836907064e-01 -2.7481944557e-03 9.7188396099e-02 1.9530102689e-02 -3.3732749712e-02 1.1433462055e-01 9.8494649273e-02 1.3991990017e-01 6.1513689544e-02 -1.5209383617e-01 -6.2673716922e-02
-4.8746816840e-03 -5.8185226962e-02 -4.5142708778e-02 -1.0468591629e-01 -1.0352251022e-01 -1.0476399153e-02 -8.2333497401e-02 6.5091931134e-03 1.4733515220e-01 -9.9852028074e-04 1.4664565193e-01 4.3110169892e-02 1.0136772580e-01 5.0152978049e-02 1.3778906249e-02 -1.7050142732e-01 -1.3291001993e-01 -6.4941510262e-02 -2.4946696267e-01
-1.7395808377e-01 3.5692726624e-02 -7.1188561567e-02 -5.2975760855e-02 -3.4762811932e-02 -1.7762197599e-02 -1.4878940038e-01 6.2527744419e-02 3.4525136199e-02 -5.0465237154e-02 -1.7302485735e-01 7.0013137871e-02 3.2755899795e-02 6.5150433820e-02 -9.2773790996e-02 -4.9609042566e-02 2.7113682715e-01 -8.4410757381e-02 -1.0552242982e-01
-2.1630360576e-01 -2.0643809235e-02 -1.3824086641e-01 3.1981416981e-02 9.4398348649e-02 2.6001883420e-01 1.1428530667e-01 -1.2869770882e-01 -3.2144649037e-02 -1.8683253661e-01 -9.1899444697e-02 5.3642804118e-02 1.8486717420e-01 2.7795507148e-02 -1.3524112418e-02 -4.3550266442e-02 1.2244347210e-01 -9.3856972328e-02 -2.5636622370e-02
-9.7379669806e-02 -6.8245436012e-02 -8.7930326456e-02 5.8477890903e-02 -1.7505482915e-02 -1.4092754240e-01 -1.0446763260e-01 1.4458588106e-01 8.7622303262e-02 -2.5979763532e-02 -9.0648925619e-02 5.6767748822e-02 2.0489026615e-01 6.2579882134e-03 -1.8418554074e-01 1.0349732750e-01 -1.0753663218e-01 -9.0472602664e-02 7.2226176942e-02
1.2996975110e-01 -3.2050476421e-02 -6.5010876437e-02 1.5462761138e-01 -1.5353087032e-01 -5.5730842923e-02 2.3394943300e-02 -1.2050545863e-01 -1.1061484286e-01 6.0800367582e-02 -1.9566882444e-02 6.0286704813e-02 3.5725619057e-02 -1.4137158347e-01 1.4731442255e-01 -8.8353081864e-02 -4.4955246264e-02 2.6012372005e-02 -7.8977668720e-02
4.2127134214e-02 -5.8861643633e-02 2.0250235907e-01 -2.1927425665e-02 -1.3748589160e-01 7.2539298838e-02 5.2469847198e-02 -6.1744544902e-02 -2.4345214574e-02 -1.0932777592e-01 -1.1028039400e-02 2.2326389920e-01 -1.6331541300e-01 3.9426784658e-01 -1.3343606843e-01 -1.1560658557e-01 1.0471137616e-01 2.1596693287e-02 1.9500579477e-02
2.9173607806e-02 -6.3597836330e-02 -8.4052725401e-02 -7.8159501793e-02 6.1810041487e-02 3.4186092252e-02 1.1979371540e-01 1.7856829525e-02 3.2797855267e-02 -7.2559045493e-02 -7.0674176741e-02 2.7750429057e-02 -7.0888844645e-02 9.2071236570e-02 -6.7516055969e-03 5.9623576114e-02 -2.2699136315e-01 1.2779040267e-01 -3.2280263428e-02
-4.5399823220e-02 1.3606314885e-01 2.9908174273e-02 1.4258744420e-01 1.9299147447e-01 5.1116618124e-02 5.9642316643e-02 -7.6751461086e-02 8.9742259078e-02 -5.5788087896e-02 -2.7527464455e-02 2.2642045512e-01 6.8373644430e-02 8.7209277155e-02 -1.6463995009e-02 5.3933721646e-02 -1.3892213531e-01 -2.7278258702e-01 -8.6706754780e-02
-5.8678127418e-02 1.1045641999e-01 -1.8740392078e-01 2.0442913680e-01 5.6785654095e-02 4.0580007255e-02 6.3227331792e-02 2.1260195979e-02 -1.2474726133e-01 -9.9692615177e-02 -1.4337446169e-01 -1.1404806040e-01 -3.5850450108e-02 3.8607502849e-02 2.1174056564e-02 -1.0461392067e-02 1.8804487839e-01 4.9999363068e-02 -9.2484261689e-02
