1.6086792436e-02 -5.1938032440e-02 8.8081128377e-02 -1.1674099402e-01 1.6533448127e-01 -7.0262073403e-02 1.1588213482e-01 2.0022356401e-01 1.2377615157e-01 -2.6049949608e-02 -1.5000160511e-01 1.2073109172e-01 1.8805454489e-02 2.3326521592e-02 1.1234575762e-01 1.3091133200e-02 -5.1657112621e-02 -1.0232327915e-01 -2.1649104813e-02
-3.0713176529e-02 -7.8457933102e-02 1.0548977172e-01 -3.0896294729e-02 1.6868723434e-01 -7.2939677672e-02 1.8010778043e-01 2.9669166391e-02 1.3602163683e-01 -4.1336880806e-02 -1.8780825780e-02 1.1549850374e-01 6.4090955811e-02 1.9385358702e-02 1.8680812310e-01 2.0598784260e-02 -1.4277876590e-01 -7.7647938647e-02 -8.6400024934e-02
7.2640186643e-02 -2.7157795278e-02 -1.6709419065e-02 1.5503045482e-01 -1.2410652906e-01 9.6145715979e-02 -6.0349262271e-02 -1.2791854693e-01 -2.0293540750e-01 2.6818544626e-01 2.6862638142e-01 -1.5478382128e-01 -5.8761977447e-02 -2.9068088351e-02 5.7267813815e-03 -1.2730244522e-02 1.8384192158e-01 1.6065255689e-01 -3.6639976030e-02
-9.7889986656e-02 2.7291271419e-02 4.4180650980e-02 1.5553335521e-01 -2.8734559347e-02 1.2289346671e-01 -2.1298094832e-02 -6.5819825542e-02 -7.9692573132e-02 2.2828571722e-01 1.0322853729e-01 -2.0566547688e-01 -3.8277961936e-02 6.8610122251e-03 2.9332941215e-02 5.8934218459e-02 2.7098674497e-01 2.0644899233e-01 -1.3587151806e-01
4.9997750283e-02 3.7880160085e-02 1.2611087778e-02 -3.2226128007e-02 6.0829928119e-02 -3.3409677119e-02 1.2454827637e-02 -7.5739314760e-02 8.2177405812e-02 2.1323723959e-02 -5.4703827963e-02 -5.0947683445e-03 -1.5139869695e-01 -1.0962289702e-02 3.6355744335e-02 9.5388529487e-02 -7.3700356234e-02 -9.6031692330e-02 -1.0508730493e-01
4.5810613761e-03 -5.2107027185e-02 3.4060813094e-02 -2.7674527912e-02 2.8244116522e-02 1.3068166535e-02 -7.8185880834e-02 9.4445462485e-02 3.5287186811e-03 -5.8923922005e-02 4.6841154392e-02 2.0056998216e-02 6.3097902055e-02 -2.4167854735e-02 -4.7499984428e-02 -6.2538967370e-02 -9.2905795920e-02 4.3138344893e-02 -6.0781831304e-02
-1.7983235250e-02 -8.2977242490e-02 2.1582106160e-01 -7.8712949599e-03 1.5236313735e-01 3.4975100439e-02 6.2916393828e-02 1.4934292020e-01 1.3467476649e-01 -2.6561865535e-03 2.6440910088e-03 3.1623356390e-02 -1.1928048996e-01 -4.5744264067e-02 1.8177026583e-01 2.6021505822e-03 7.4988643163e-02 3.6949638523e-02 -2.1513477763e-03
5.0038879489e-02 -3.9348730348e-02 4.6310846783e-04 -6.3841256670e-02 -1.5715777524e-01 1.3468958096e-01 -2.3452678540e-02 2.8610425303e-02 -8.0775748550e-02 1.2642078502e-01 2.2672621055e-01 -2.2002598495e-01 -1.2505932505e-01 4.6247601061e-02 -7.3233724890e-02 2.1618850299e-02 2.3748632985e-02 1.2452746782e-01 -6.3891352320e-02
-1.2556908320e-01 5.4738877404e-02 6.9875268255e-02 -8.2066599981e-02 -1.2419100097e-02 -1.0691508740e-01 -2.6958721193e-03 -7.2354392601e-03 -4.4731830181e-03 6.0679006731e-02 2.3492931360e-02 -1.7659608860e-02 4.1638949916e-02 -5.3856159021e-02 -2.0970108028e-02 -4.7554751972e-02 -6.1720871222e-02 -2.4390594780e-02 -3.0502381884e-02
-1.6739676086e-02 -1.6409097877e-02 5.9793216698e-02 7.1993970298e-02 -7.5800531744e-02 1.3823680916e-01 6.0544150662e-02 -7.2358027718e-02 -1.1554491951e-01 1.2907578052e-01 1.6015050139e-01 -1.4044254283e-01 2.1368638184e-02 1.9122248340e-02 5.0843244324e-02 -4.2361241822e-02 7.4652199194e-02 1.1292373413e-01 6.4290833070e-02
9.3169042016e-03 -1.4650839860e-02 -6.6302414250e-02 -5.3033515198e-02 -1.0218536265e-01 1.1404844088e-01 1.1161496449e-02 7.9024331685e-02 1.0788107457e-01 3.9759021285e-03 -1.2046083499e-02 -2.5004255154e-02 5.6657556747e-02 9.2980322351e-02 9.2878718905e-04 4.4123546856e-02 3.6472128224e-02 -7.4852487137e-02 -2.4586875245e-02
-2.2750614424e-02 -5.0594160522e-02 4.3430594726e-02 2.5299298932e-02 2.5908269243e-02 -3.2672160927e-02 -2.7515413838e-02 -1.1163140340e-02 3.4132781925e-02 -3.7264862568e-02 -4.7499847698e-02 -2.5899871471e-02 2.7579337606e-02 -4.1622512237e-02 4.7613051803e-02 1.7226503781e-01 -6.3733815540e-02 4.2807048465e-02 1.2760643572e-02
-7.0388872775e-02 -9.2437429187e-02 3.2024945741e-01 1.6555332949e-02 1.3007456568e-01 -7.3528368332e-02 9.6825648639e-02 3.6913266424e-02 5.9823611318e-02 2.5455878714e-02 -5.8286838711e-03 -2.7113643245e-02 7.8671510447e-02 5.8132681860e-02 6.4496833213e-02 -1.5811798206e-03 -4.2676390664e-02 1.2051692552e-02 -2.5995844193e-02
-6.1182786966e-02 1.0780846288e-01 6.4712225025e-02 -1.3305798672e-01 1.5373379212e-01 -1.6612537099e-01 1.7742774265e-01 1.0480869659e-01 2.0491030863e-01 -7.9035575980e-02 -7.6576572454e-02 6.9941525376e-02 3.9452709387e-02 2.6073082894e-02 1.7882231730e-01 -2.5058362689e-02 -1.4960102041e-01 -1.6003730387e-01 -1.7673299655e-02
-8.8737771958e-02 -5.7810192939e-02 1.6076618548e-01 1.0956396168e-01 -5.3242226400e-03 1.3705186065e-01 7.8742533407e-02 7.9422884859e-02 1.2208389981e-01 9.2952908593e-02 2.3482700359e-01 5.9208613221e-02 -5.7905247817e-02 -5.3323149066e-02 1.8100213188e-01 4.0475932601e-02 1.7788975518e-01 1.0037283178e-01 -5.6757388598e-02
8.1070583331e-02 2.0770027987e-02 -5.4563120546e-02 4.0709447154e-02 -1.9945470274e-02 1.2076321528e-02 -1.9707888720e-02 -2.8033954879e-03 -1.7957644063e-01 -2.6649032844e-02 -2.4898166890e-02 -1.1901290837e-03 4.8452852122e-02 8.6651340696e-02 -2.5657947490e-02 8.3046418984e-02 -4.1986258294e-02 -1.0455208546e-02 -1.3795159898e-01
-1.0949741973e-01 -5.9475999620e-02 -8.8650452776e-02 -9.9762606459e-03 -8.1749670371e-02 -2.2841424438e-02 1.3529929805e-01 -5.1446265421e-02 -6.8660549332e-02 1.2958356502e-02 4.2454893276e-02 -1.0103166798e-02 4.7774982640e-02 -1.1227841388e-02 -2.7120044744e-02 3.9336429017e-02 -2.4394204520e-02 -6.3091811152e-02 2.4006964771e-02
5.5844646669e-03 1.3878690471e-01 -3.3651698833e-02 1.5609379699e-02 -1.2233481945e-02 -9.6203555971e-02 7.1317453712e-02 -2.6991208456e-03 -1.8946335131e-01 -1.3407229528e-01 4.7086269894e-02 -2.2418627173e-02 3.7360802131e-02 -1.7097183957e-02 -4.3008541502e-02 8.5854749401e-02 9.8324278490e-02 -4.9916163333e-02 -1.1890720366e-03
3.2341675891e-02 -2.8068478681e-02 2.0702054904e-01 -4.4435133700e-02 1.1607581270e-01 -1.5627008560e-01 1.2723697333e-01 2.2512734090e-01 1.7690977546e-01 -8.0122403697e-02 -1.7643908574e-01 1.8024255256e-01 6.8724753463e-02 1.3518701491e-02 2.0475982307e-01 4.6869889648e-03 -1.4557854388e-01 -8.9546106992e-02 -2.6398563447e-03
