9.3570669796e-02 3.7845388000e-02 -1.3586955085e-01 -1.2431915472e-01 -2.5384370491e-02 1.1648556821e-01 6.2088716984e-02 8.7855117744e-03 -2.9829609825e-02 -2.0820760478e-02 7.1980269254e-02 5.0715002568e-02
-1.4794445051e-01 -1.5062893628e-01 7.4511961334e-03 -6.1244560698e-01 6.9758190376e-01 -7.1383489716e-01 -1.6612812418e-01 -5.2307754689e-01 4.1420209714e-01 2.2900530813e-01 -8.7180008991e-02 1.5523696446e-01
-1.3033319381e-01 1.8327659370e-01 -1.8797432738e-01 1.3861280406e-01 1.7646444998e-01 1.6919009516e-01 -7.9558493643e-02 1.5815846684e-01 -1.8428291145e-01 -2.5282280579e-01 3.1182699697e-02 -1.6046272421e-01
1.2093579159e-02 2.4717523677e-01 -4.4714355982e-02 1.7435936289e-01 7.8866717596e-03 1.8793211530e-01 -1.1236005498e-01 2.4676970916e-01 -9.9828266306e-02 -3.1781373496e-01 1.2233381128e-01 -2.9874533423e-01
-2.6097112517e-01 2.2076171665e-01 -1.1824958858e-01 3.5649247429e-02 -5.2487578513e-01 4.3194432226e-03 4.1652058041e-01 1.9150625248e-01 -1.7948316134e-01 2.6108526465e-02 3.1089119255e-02 8.9007610849e-02
-1.1878147653e-01 1.4327150393e-01 6.2491778521e-03 -1.9489405723e-01 -2.1768896722e-01 -9.9303289371e-02 -2.8101787535e-01 -1.1576250496e-01 -7.7445611680e-02 -9.3540319328e-02 -9.2176370077e-03 3.7532788898e-02
3.1982730239e-03 -1.9426535930e-01 -1.8270089897e-01 2.3223470278e-01 2.4847458077e-02 1.9467857243e-01 4.6652873726e-02 1.5952166242e-01 -4.6541896947e-02 -2.4047216778e-01 1.0667823600e-01 -9.7713614604e-02
3.5757525917e-01 -1.4890128992e-02 8.5003895017e-03 2.2949974324e-01 9.1195701151e-02 3.3770400832e-02 8.3596091507e-02 -4.2598170732e-02 -1.5790371756e-03 2.1641719965e-02 7.6313002157e-02 4.8817680110e-02
1.1834563368e-01 -1.0499413191e-01 5.6598127944e-02 -2.5239760942e-01 3.7581758187e-01 -2.5272795016e-01 1.5482656365e-01 -1.5402305542e-01 3.2149486622e-01 1.7785846509e-01 4.0616927864e-02 1.5633375924e-01
2.7618131513e-02 1.9805880052e-02 -1.5784361641e-01 1.6383852038e-01 2.0877241106e-01 -1.3857891671e-01 -6.8586510718e-02 -1.4712479819e-01 8.0531485312e-02 -1.4551311516e-02 3.8640239940e-02 -7.4910248413e-02
2.0666320864e-02 3.1327286791e-01 -2.0543510535e-01 1.6423843703e-01 -2.0247933361e-03 3.8480872017e-01 5.7858319290e-02 3.0718693536e-01 1.8558191709e-02 -6.0598542309e-02 1.0567551130e-01 -1.0966769041e-01
-1.4745241957e+00 -4.8235303058e-01 -8.8430074051e-02 -4.7571622143e-01 7.2684217151e-01 -6.5281306654e-01 -1.6285445572e-01 -3.8889346323e-01 4.1840704194e-01 1.2648033966e-01 -7.2863795825e-02 -4.0894804704e-02
