-2.5280865315e-01 4.4369663748e-02 -3.2066660260e-02 2.2427420908e-02 7.7561924675e-02 -6.8764179540e-03 7.8387121118e-02 2.0827140621e-02 -2.0858127657e-01 -1.8705002210e-02 1.4268548000e-01 1.6882602884e-03
2.0047519297e-01 3.1974579924e-01 3.5809203476e-01 4.4077031982e-01 3.7242835287e-01 -4.5208833178e-01 -1.3761041868e-01 3.5385550075e-01 5.7904739047e-01 4.2713857724e-01 -3.8756593736e-01 -1.1320401921e-01
2.0749909577e-03 3.1877139141e-01 2.3004674127e-01 6.1675726680e-02 1.0787907228e-01 4.4594549575e-02 -6.5199067857e-01 -2.2359116421e-02 -2.7635153868e-02 4.1524234805e-02 4.3317596958e-03 9.4050444260e-02
1.7969630782e-01 4.3794403430e-01 7.5864476086e-02 1.1581857749e-01 -1.4172292667e-03 -7.2438356608e-02 -3.9118097831e-01 3.3551261390e-02 1.0966136165e-01 1.4878180047e-01 -4.2534579775e-02 2.0646443453e-01
1.1480075890e-01 -6.1334867545e-02 -3.0766118207e-01 -1.4839055837e-01 8.8638678826e-02 2.1767876560e-02 -3.3035593464e-02 -4.6701950871e-02 -6.9332926329e-02 -2.1475538628e-02 3.4021474793e-01 6.4629700809e-04
-6.8878817175e-01 -4.5509412136e-01 -4.8872453346e-01 -6.0717153918e-01 -4.4990575784e-01 6.3760875796e-01 1.1075451905e-02 -4.1821829873e-01 6.5448986592e-01 -6.2842343121e-01 4.8188103833e-01 6.5039278780e-01
-2.8385808278e-01 -3.4681082602e-02 -1.0459286770e-01 -1.3261838817e-01 -2.2769626322e-01 1.9572991025e-01 -8.2141190421e-02 -1.9356560272e-01 -2.9956019912e-01 -7.3045961250e-02 8.3433816565e-02 1.6345007090e-01
-9.1970683585e-02 -1.2293735615e-02 -3.6215701016e-02 -1.4440682550e-01 -5.5918297740e-02 1.0803997327e-01 -2.1170009551e-01 7.4954913222e-02 5.5924984675e-02 -2.0031223595e-01 2.6958497039e-02 7.3780766642e-02
-1.0986954475e-01 2.6540316501e-02 -2.4961167657e-01 1.6583199112e-01 -2.2076302057e-03 5.8412095526e-02 1.1272337911e-01 -6.6669900190e-02 -5.6589439183e-02 -1.1052858302e-01 6.1050967261e-03 -1.2739028799e-01
-2.6116656132e-01 -5.6438717155e-02 -1.8784120176e-01 2.2571753240e-02 2.1338887350e-02 -9.0474104639e-02 2.3611921793e-01 -1.0215753648e-02 2.8829220811e-03 4.9297906070e-02 -1.2600707038e-01 9.7673200839e-02
-9.9297050348e-02 -1.1759930374e-01 -8.5086433260e-02 -1.3385347260e-01 -1.5465903915e-01 1.6738050573e-01 -1.3462580525e-01 -1.4017440025e-01 -8.9732231746e-02 -4.4546863529e-01 2.9298707372e-01 2.3991376890e-01
-1.8083764926e-01 -1.7259335846e-01 1.7248401898e-02 -1.6989655841e-01 -6.6762918769e-02 2.6689783714e-01 -1.1166168360e-02 -1.8672191949e-01 2.1594106890e-01 -1.9628481404e-01 1.1583682832e-01 3.0367166074e-01
