4.9118567405e-02 2.9899311059e-01 -5.0544725285e-02 -4.5620560439e-02 3.3259243335e-01 -7.6340752817e-02 7.4237143429e-03 2.7561059176e-01 1.1874200735e-01 2.7166810912e-01 -5.0234737281e-01
2.3807366859e-02 1.2700470061e-01 5.9486790517e-02 2.8815369144e-01 -3.6442752102e-01 -4.4436358868e-01 1.8179632201e-02 1.6746385433e-02 -2.6319388631e-01 2.0331696543e-01 -3.4815511690e-01
5.3521819244e-01 3.6898542667e-01 -1.9390452189e-01 -5.4457973361e-01 1.9614398742e-01 -1.4837878499e-01 2.8747047025e-01 -4.3616167383e-01 1.2662017195e-01 8.8349231888e-02 -1.6697771778e-01
-3.5748026768e-01 2.9218208834e-03 -7.4635883480e-02 1.2984654271e-01 2.3177409632e-01 -1.2261040243e-01 1.3887023752e-01 -4.7059327759e-02 -1.4382713563e-01 3.9009138767e-01 -2.6770641484e-02
-3.6713849043e-02 8.8095784214e-02 -1.9061548198e-01 -4.1200896119e-02 2.2898772207e-01 5.7339222856e-02 1.4705882276e-01 -2.9526012070e-02 -3.3557082993e-01 -4.9388825925e-02 -2.8811066467e-01
1.6938468513e-01 9.3158202651e-02 1.2832971764e-01 8.9320336716e-02 -1.9906409505e-01 1.4798790193e-01 1.5715235403e-01 -1.3887675913e-01 -2.9204594485e-01 2.0680779266e-01 9.6213996571e-02
3.4561517414e-01 1.2638599520e-01 -1.2890539706e-01 -2.3168951270e-01 -1.0140430567e-01 4.1801203579e-02 -1.6323393049e-01 -2.5115111915e-01 2.3728925586e-01 -1.4691417878e-01 2.6564386730e-01
-3.5909012976e-01 2.9439216147e-03 6.3100040940e-02 3.6265027147e-02 1.2508547990e-01 -3.4922874291e-02 2.4333151932e-01 -2.0803691933e-01 -5.8354951767e-01 3.8468940938e-01 -5.9335938264e-01
-3.1318807645e-01 1.1537626201e-01 -1.8639387636e-01 6.8430618549e-02 1.1084118191e-01 -8.1000832687e-02 1.2103323268e-01 -1.6376888306e-01 2.3449662909e-01 5.8935932452e-02 5.7880626028e-02
2.3982179283e-01 -1.0857845719e-01 2.6341941637e-01 2.0953980893e-02 6.9748352763e-02 2.4685587840e-01 1.7960088846e-02 1.8552572502e-01 -1.2173721876e-01 4.3874194553e-02 -1.7572626983e-02
2.7791562349e-01 -4.3307137971e-02 -2.8598673940e-02 -2.3237479705e-01 -2.2578736883e-01 -1.5001293815e-01 -2.3562740380e-01 1.3199324732e-02 3.2724802123e-03 -2.2033840875e-01 8.4080946587e-02
