-5.1901069640e-02 -3.9867246777e-01 1.5123998499e-01 1.6501462502e-01 1.4701570582e-01 9.9636165316e-02 2.0861682571e-01 -1.3949650951e-01 -1.1158742893e-01 1.6234570601e-01 3.2284716307e-01 -4.5770583510e-02
8.5321745372e-02 -6.2316743574e-01 -2.5941853334e-01 -5.2645717960e-03 4.5478189132e-01 9.9968881433e-02 7.4355878044e-02 -3.1251419229e-01 1.8229175701e-01 1.8196260173e-01 3.6076347901e-01 1.6918854870e-01
-8.7919932081e-02 2.4299374055e-01 -4.1058635200e-01 -1.4113704472e-01 -6.7653537563e-02 6.4817018681e-03 -2.7369682386e-02 -1.0774009731e-01 -1.1405847248e-01 4.4754920387e-02 -2.4811941630e-01 -1.4351152183e-01
1.8606628912e-01 1.8750091477e-01 6.7090268427e-01 4.4681671072e-01 -8.5829533257e-03 4.1182971835e-01 -4.2631727239e-01 -1.5321151226e-01 3.4023258877e-01 7.7727800244e-02 4.7980468776e-01 3.8049292116e-01
-1.1841669672e-01 3.0252112859e-01 1.1447095669e-01 -2.3163290692e-01 3.9390172550e-01 1.2311531692e-01 -7.4314304346e-01 -1.9331615905e-01 -3.7688346269e-02 -1.1182596702e-01 9.2957503583e-01 -6.6121138669e-03
-7.9578952743e-02 -1.6806290401e-01 2.4073910918e-01 2.5182007931e-01 -3.2687876098e-01 -7.6503173629e-02 2.2435875316e-01 2.6213442496e-01 1.3137088585e-02 1.3070616727e-01 -6.4768432331e-02 -1.5040382335e-02
4.5163413818e-02 -8.0162132769e-04 6.8692913942e-02 1.6961213617e-01 -4.8926468328e-01 -7.2446040314e-02 3.7509551635e-01 -4.9280794925e-02 -4.3429850239e-02 -1.9910571395e-01 -2.3128913421e-01 -1.9563764963e-01
6.5649428082e-02 1.4625462250e-01 2.1653957982e-01 -4.4821520298e-01 2.4350517905e-01 -5.6872713879e-01 1.8486452559e-01 1.2832426963e-01 1.6501850942e-01 2.7220522385e-01 5.0461101237e-01 2.3104967096e-02
9.0702487400e-02 -1.5592186749e-01 -1.5460003249e-01 7.0072916663e-02 -1.7806124860e-01 -3.3382038330e-01 -1.6575661705e-02 7.6385412001e-02 -1.9259278457e-02 -5.2832373530e-02 -4.6255311086e-02 3.8238228767e-02
-3.8035392121e-02 3.5349212724e-02 3.8644818327e-01 2.3960432718e-01 -1.3230575170e-01 2.8872299076e-02 6.1536849777e-01 4.2640782805e-02 1.1078857946e-01 6.5040665022e-02 -9.1186273181e-03 -1.0042233353e-01
4.0649940173e-01 -4.1445832258e-01 -1.6450549307e-01 -3.1504176687e-01 2.7137400315e-02 1.9121895703e-01 1.2495747239e-01 -2.2502559853e-01 -1.4217260137e-01 -8.0754648092e-02 -1.5840507433e-01 2.8520579863e-01
-1.5928544524e-01 8.0265584081e-01 4.0894293506e-01 2.6786741620e-01 -2.2474798569e-01 -6.3072317368e-01 2.5423326903e-01 5.7455811285e-02 1.8686588363e-02 1.5388375418e-02 3.0784089353e-01 1.0591443652e-01
