2.7282865729e-01 -1.8079795838e-01 -2.3383561691e-02 -3.9487518024e-01 4.8804452004e-02 -1.1245244451e-01 -2.7824364861e-01 2.9947674033e-01 2.2348440803e-01 -9.4532000498e-02 -4.4591126963e-03
9.9021561170e-02 -2.3281454268e-01 5.5545500714e-01 -3.7320392869e-01 1.8492839746e-01 -2.1740482233e-01 -2.2916497234e-01 2.8045563725e-01 2.8912361062e-01 -1.5163178853e-01 3.8307586024e-01
-6.3024613179e-02 -7.0843397625e-02 6.4516558357e-02 -6.8713570649e-02 -2.0112541650e-01 6.3905008752e-02 1.4181966167e-01 -1.3772237935e-01 -2.5087624576e-01 -2.7999033350e-02 -3.3879009855e-02
2.9188655055e-01 -3.2666416072e-02 -4.4729340485e-02 -6.2667722250e-02 -2.8988545122e-01 -3.9407374702e-01 -8.3858571504e-02 1.4968484042e-01 -5.1842903927e-02 1.5396694736e-02 2.8580527284e-02
7.7119960605e-02 -1.4330094896e-01 3.0165459414e-01 3.1817155092e-01 -1.8422870028e-01 3.2483786434e-01 4.1822984856e-01 -1.1981442578e-01 -1.8526956387e-01 3.4535434230e-01 -1.6487501794e-01
1.5499745787e-02 -8.0008922557e-02 1.7690396355e-01 8.4022213622e-02 1.7933813081e-01 9.9374680368e-05 2.2037687918e-01 -6.2251018907e-02 -9.4839955952e-02 1.9495510164e-03 -1.5556033399e-01
1.0470220313e-01 -1.1196980260e-01 -7.9170050602e-02 3.2572923193e-01 -8.2672484015e-02 -2.0068250425e-01 -8.6237360591e-03 -1.1911354103e-01 2.0954308685e-01 -2.4854692571e-01 -3.9968248690e-02
4.7404383324e-01 -1.2131478293e-02 6.7146326913e-02 -3.4815959516e-02 -4.2118951653e-01 -9.0476813267e-02 -2.1827975401e-02 -3.7381678795e-02 9.8733421084e-02 1.9658339213e-01 -1.5143939932e-01
1.4231628532e-01 -1.7003323793e-01 -1.9732289668e-01 1.4464381062e-01 7.7451231311e-02 -6.1529010114e-01 3.2022127733e-02 8.6484180282e-02 1.9156431539e-01 -2.1819604501e-01 6.7805053179e-02
-1.1115709172e-01 -9.6647857554e-02 3.3559908920e-01 -3.6775706711e-02 -1.6274450721e-01 -4.8473902655e-03 -2.0524287866e-01 2.9687691751e-01 1.0219248954e-01 6.2414914162e-02 6.7504082526e-02
-1.6723001435e-01 8.6605790952e-02 -7.1137306077e-02 -2.2719350061e-01 -1.7738608948e-02 1.3572582327e-02 1.1767282998e-01 -3.4312090266e-01 -1.1670133295e-02 -2.0640184306e-02 -4.8580851222e-01
