5.0136095780e-03 -6.4098247025e-06 -4.3658437300e-02 4.4430416652e-02 3.1989769189e-02 -7.8726514468e-03 -1.0347224431e-01 -1.9066632178e-02 -3.2600467239e-02 1.2600803973e-02 -8.3596764675e-02 2.5027188996e-03
-1.3793369758e-02 3.1610025077e-02 1.0068113124e-01 2.0190986908e-02 -4.4890757127e-02 -2.4557723145e-02 1.4647186304e-01 1.8846977753e-02 -1.0392022544e-02 3.4738139277e-03 1.3118771891e-01 -5.0215782987e-02
-2.1173047754e-02 3.2686985354e-02 7.5395679920e-02 3.6511230869e-02 -7.7608145567e-02 -6.2057243283e-02 1.8574336398e-01 3.6590880876e-02 1.4551683328e-02 2.2659107923e-03 1.2709915968e-01 8.5324073774e-02
-1.7870240345e-02 -1.1167249161e-01 5.5028829777e-03 -7.2059616044e-02 1.6753995195e-02 1.4655433251e-02 -1.2194968122e-01 -1.0047185433e-01 -1.6240265644e-02 7.0495225441e-03 -1.1490955015e-01 1.1021879462e-02
2.2891526139e-01 -2.7330279004e-01 3.8758079431e-01 -2.6069985464e-01 9.0186522075e-02 1.3704421966e-01 -8.7641309194e-02 -2.6260470333e-01 -3.4535776687e-01 3.2039834087e-01 -8.4850905861e-02 -3.1044922846e-01
3.3986772784e-01 -4.5169892887e-01 5.1734961322e-01 -3.7634137394e-01 2.0480437601e-01 1.6305467095e-01 -1.5197692926e-01 -4.2767268759e-01 -3.9268809502e-01 4.6796912545e-01 -2.3141842177e-01 -4.3594400973e-01
2.7058470664e-01 -3.3125568143e-01 3.5855424486e-01 -2.8265686487e-01 1.4341920807e-01 1.7456476531e-01 -1.0952059482e-01 -2.9811403106e-01 -2.7901615747e-01 3.4880390224e-01 -1.0132723358e-01 -3.0429684565e-01
-4.0985430392e-01 4.3427292173e-01 -3.2106703703e-01 3.8920183129e-01 -2.3137004777e-01 -3.0321581294e-01 6.0305214963e-01 4.2187373621e-01 4.2625260987e-01 -3.8686745946e-01 5.2783456158e-01 4.5423247021e-01
8.4701301273e-02 -4.5326399891e-02 1.3380000535e-01 -5.1749488282e-02 4.5523920975e-02 4.9800677412e-02 4.2124871490e-02 -3.6226888351e-02 -2.1351888616e-02 8.2869091476e-02 6.2233725740e-02 -9.4397272366e-02
-2.2236515825e-02 6.9628846523e-02 5.5489208475e-02 6.2140623874e-02 1.0218781361e-02 -6.5576083263e-02 2.3215237392e-01 6.2481273962e-02 3.4741409061e-02 1.9111717849e-02 2.2347126046e-01 9.9675381331e-02
-2.7636190105e-01 2.9057969073e-01 -1.8611377742e-01 3.1532972823e-01 -1.7327963059e-01 -2.0714069149e-01 4.4042203318e-01 2.6960864239e-01 2.9126295123e-01 -2.5224849288e-01 4.0698738317e-01 2.6826335706e-01
1.7168325155e-03 -4.7967532558e-02 -3.9839125906e-02 -4.0266301866e-02 6.2521161365e-02 2.6568341258e-02 -1.8347281338e-01 -7.8960553185e-02 -3.0590269474e-03 1.5018822922e-02 -1.8760716693e-01 -2.2355427521e-02
