6.3129471623e-02 1.0297799218e-01 -1.9698857143e-01 -3.1241204962e-02 -1.5129851251e-01 4.2978553967e-02 -4.1623438249e-01 5.3297679647e-02 -8.6924763179e-02 -6.2399306730e-03 -2.4311571672e-03 -3.8425594719e-01
-5.6784107022e-02 -1.4948782184e-01 -3.2351958892e-01 -2.3981392902e-03 6.4795241498e-02 1.6598768722e-01 1.5383755331e-01 -2.6539864035e-01 -1.6816048930e-01 -1.9363446360e-01 9.6963255705e-02 3.0585881914e-02
1.4195612357e-01 -8.6168413869e-02 -3.4151898789e-02 -1.1337258726e-01 -7.2432795236e-02 4.1170292990e-02 -2.8671730884e-01 1.9416816296e-01 1.2288454691e-01 -4.6661692955e-02 -7.0327333206e-02 -1.1924304102e-01
6.3158819696e-02 -1.4897409361e-01 9.7298656294e-02 2.3339422420e-01 -1.7005842877e-01 1.0821674970e-01 -2.4886948662e-01 1.6127269915e-01 7.3016415349e-02 6.0361273139e-02 -4.0287999258e-02 5.9562300306e-02
-4.2189854649e-02 -1.3728446410e-03 9.1728144278e-02 -6.7764961244e-02 1.1627463650e-01 -2.2726941000e-01 5.4275974779e-02 -2.1483295630e-01 -1.5935190645e-01 2.2079172566e-02 1.0236106828e-01 -2.5453180466e-02
-1.1294904565e-01 4.9340130009e-02 6.5067762170e-02 7.7754315462e-02 -7.6520320394e-02 -8.1137855538e-02 -1.7067452322e-01 1.0511141451e-02 -3.3313087472e-02 -2.4221793479e-01 2.3605494028e-02 8.7189002542e-02
1.6508906342e-01 -5.6231250105e-02 1.7647678401e-01 -3.5999077373e-02 -7.2740196559e-02 -1.5834900984e-01 -1.0255263928e-01 -8.6595118580e-02 2.2012167966e-01 -1.4763047899e-01 2.3715598205e-01 -1.5792007890e-01
1.8166092887e-01 5.9547212509e-02 -6.6696570046e-03 -9.0445098344e-04 -1.7774398924e-01 1.6911815453e-01 -3.3258912097e-01 -3.1777402993e-02 1.9903799570e-01 1.6857132557e-02 1.8641278114e-03 -9.7635709939e-02
2.4647252897e-01 -5.3875524269e-02 -3.2398508818e-01 2.3663289206e-01 -3.0034184294e-01 4.2880284322e-01 2.9123539491e-01 1.9855924103e-01 -5.0725628807e-01 -1.5188586341e-01 -1.8086984949e-02 -2.0854701372e-01
1.3577914164e-01 -2.6327522569e-02 3.9469054367e-02 1.2132735445e-01 -1.5560247410e-01 -2.0333230552e-01 1.9898815711e-01 -4.3084656367e-01 5.2498239909e-02 -3.1809889206e-01 3.5059919633e-01 -9.7497888184e-02
-1.6198858474e-01 2.7496627645e-02 1.7223528498e-02 3.3218492843e-02 -1.3416519432e-01 1.2510953605e-01 -2.9417983136e-01 4.1230495324e-02 4.8260783245e-02 -1.3430622359e-01 -1.7501417789e-01 3.6795467314e-02
-7.5794912390e-03 5.2748621835e-03 -6.9882298818e-02 -1.5482307947e-01 1.1044294475e-02 -3.0659053530e-01 1.4253148778e-01 -1.9208398456e-01 1.1731960607e-01 -3.3735508133e-01 2.3628759996e-01 -3.0923083605e-01
