2.9078064980e-01 2.6403853799e-01 -2.4028657201e-01 -3.2298112768e-02 -1.2169438754e-01 1.9868847788e-01 3.2718636368e-01 -1.2881358574e-02 7.3430657790e-02 3.1907286165e-01 -1.8562903597e-01
6.3857780687e-01 1.3194759612e-01 -5.3528186053e-01 2.7845247361e-01 -4.7399316112e-01 1.9185283947e-01 4.3621397936e-01 -3.3582965995e-01 -1.9038057582e-02 5.1506587703e-01 -2.2249840992e-01
-1.7966152155e-01 9.5487325330e-02 -4.1128660219e-02 -8.4640280753e-02 -1.3704411224e-01 9.8737164024e-02 -2.1363656356e-02 -1.0847436862e-01 7.7790578809e-02 -9.4478381545e-02 4.1503063766e-02
1.5243607407e-01 -1.8557187021e-01 1.5710453993e-01 2.3151793329e-01 -3.5496243767e-02 -1.0124682089e-01 1.3405345273e-02 1.1981854193e-01 -2.7089309176e-01 2.7727270291e-01 -2.3465261336e-01
2.4922081977e-01 3.4787545960e-02 -3.5573318206e-02 -5.3061345039e-02 -2.9055172894e-03 7.2169251445e-02 2.1338139587e-01 7.7046456963e-02 -1.8929579635e-01 1.5598982851e-01 -2.1470129687e-01
-8.2084365318e-02 -2.8767336574e-01 2.1833676427e-01 1.7424033510e-01 3.0190523115e-01 -2.5197735923e-01 -2.9364450766e-01 2.6582759881e-01 -4.3350442353e-01 -1.7411898297e-01 -1.5748390384e-01
-2.0958460402e-01 -2.6899934634e-01 4.0822432157e-01 9.0516314129e-02 2.9608591684e-01 -2.9229535923e-01 -1.7567327709e-01 3.9664685469e-01 -4.8669190394e-01 -1.7662002892e-01 -8.1081037062e-02
-6.4421553643e-01 3.5420201833e-02 2.6894033093e-01 4.2578796304e-01 5.8238831557e-01 2.9191359284e-02 -2.3381623555e-01 7.7151063707e-02 -9.9065268937e-02 -4.8406355669e-01 2.1088673146e-02
-1.3084774482e-01 -6.2899231514e-02 1.7167691134e-01 -6.8534964044e-03 8.1305605402e-02 1.0011852482e-01 -2.1159344545e-01 1.5541874126e-02 8.5360735913e-02 -6.4068700581e-02 -8.7780588118e-02
-1.6320625362e-01 -2.7371574781e-02 -1.1736257996e-01 6.5874649608e-02 -5.2013967740e-02 -1.8068418079e-02 -1.5562444597e-01 -1.1263578725e-01 -1.0540523235e-01 -2.5144978421e-01 7.2647967172e-02
2.4247570071e-01 1.8355442194e-01 -1.7025565932e-01 -2.9374606499e-02 8.2020790074e-02 -8.9277732267e-02 1.6605213122e-01 3.0582157872e-03 5.7871058678e-02 -6.5973056794e-02 -1.2541007244e-01
