3.0965344494e-01 -2.6791836664e-01 5.8289262128e-02 1.8047773029e-01 2.7260000186e-02 -1.7475459128e-01 -2.5112497129e-01 -4.0185307754e-02 -1.4052874429e-01 1.9829545380e-01 -1.1185784620e-01 4.2720063240e-02
-9.3981215433e-02 -2.1717666504e-01 -7.2894566548e-03 3.0852990170e-01 -1.7227875263e-01 -2.8521699786e-01 -2.6953114223e-01 3.2116570490e-02 -4.2802864758e-03 2.3950268245e-01 -2.2075843118e-01 1.1893047884e-01
-1.1610803666e-01 6.5048853250e-02 4.6920978527e-02 -5.9687567542e-02 2.6249601298e-01 1.0255589168e-01 -6.6896532152e-02 -2.7433104034e-02 1.3059182128e-02 -4.9875696984e-02 -1.6365245272e-02 8.4878872639e-02
2.5860116904e-01 -1.6232091700e-01 2.3827917081e-01 3.4843404526e-02 2.5619883807e-01 2.0648826189e-02 -1.6646126306e-01 1.1073726913e-01 1.4333250080e-01 2.0670407720e-02 1.1835452088e-01 -1.0368615225e-01
1.5068153917e-01 -1.0468233449e-01 9.6555390465e-02 1.4004787745e-01 4.7807730990e-02 1.9709358304e-02 -2.5919907224e-01 1.1950998941e-01 -3.0405007838e-02 -6.6359119895e-02 -8.8648785734e-03 -1.5479382487e-01
-2.7142687456e-01 -1.4248728546e-01 -3.0086302463e-01 -1.0510816869e-01 -6.6650176300e-02 -5.1603428204e-02 7.2349414399e-02 -2.5605269624e-01 9.0245704202e-02 -2.0718495875e-01 1.6764330822e-01 8.2704144658e-02
8.8009552964e-01 -2.0983435070e-02 -7.9376093701e-02 7.8027655795e-01 -7.2791344097e-03 -1.0483899690e-01 -1.7633024467e-01 8.8410246047e-02 -8.3170373322e-02 3.2181158655e-01 -2.3504339679e-01 2.8465032348e-02
4.1177952003e-01 -2.0686849184e-01 -4.1392535840e-01 4.0911667790e-01 -4.4572131047e-01 -3.1701083681e-01 -3.2139936848e-01 -2.6216028720e-01 -1.9011992241e-01 4.3689188943e-01 -2.3999805127e-01 9.7502635136e-03
6.6937326610e-01 -4.1091910461e-02 5.6589701590e-01 -4.9880414403e-01 5.2117043026e-01 -3.6850452980e-02 -1.8609272068e-01 5.7016372438e-01 2.8198546293e-01 -4.5910306876e-01 3.7185215258e-01 -4.0197748172e-02
3.0671095853e-01 -1.5471308868e-01 1.1009484707e-01 -8.4365479911e-02 -2.0646682275e-01 -2.3025946275e-01 -4.3557433782e-01 7.0894161012e-02 -1.3773929074e-01 1.1763042137e-01 -1.8166390995e-01 3.8452010104e-02
3.3060962895e-01 -2.9510467965e-01 1.2407093782e-01 1.4574463980e-01 1.1357962504e-01 -1.5377320571e-01 -3.3335738653e-01 3.0689473131e-01 -7.9554187201e-02 7.7516486971e-03 8.3237787974e-02 -4.2222131375e-02
-2.8386778661e-01 2.9299470293e-02 -1.6071049053e-01 -3.4399008803e-02 1.5395849179e-01 -1.3285950797e-01 1.0894981039e-01 -9.5864945904e-02 7.9511517295e-02 -2.2068735305e-01 -2.3983190967e-01 7.7185616892e-02
