-6.7946748701e-01
-6.6062304429e-01
6.0546510681e-01
-3.8890496072e-02
-3.0938081811e-01
-5.7411775932e-02
-3.0482890063e+00
2.2963152119e-01
1.5167499154e-01
9.5914512575e-02
2.1669805089e+00
8.0830606501e-01
-5.7929441470e-01
-3.0493317749e-01
6.7151662931e-01
-6.4237433665e-01
1.8951461756e-01
-3.9220153032e-01
6.7851518449e-03
-1.2819061881e-01
-2.1970266924e+00
5.0984056320e-01
-6.8701783289e-01
1.0150109868e+00
-1.2097112085e+00
-8.8006781697e-01
2.5213258405e-01
-7.5063617251e-02
3.5235267335e-01
-1.1604991812e+00
5.6548196315e-01
4.2215970755e-01
1.4993965920e+00
1.3201659394e+00
-4.7895057869e-02
-6.9821540015e-01
2.9053531607e-01
-4.9624236391e-01
-6.1312268990e-01
2.1998860692e-01
-5.4862003419e-02
