9.7855155681e-02
9.5304133968e-02
9.6751847661e-02
-1.1139188364e-01
-7.4357808876e-02
9.5342183236e-02
-1.5984352312e-01
-8.8119682515e-02
-1.0778059760e-01
-1.3036097950e-01
-4.7298503276e-02
7.1183082298e-02
-3.8126326632e-02
-9.1490572735e-02
-4.3327667608e-02
5.4452819687e-02
6.4710212473e-02
-2.2037159317e-02
-1.3910360557e-01
-9.2286498808e-02
1.5063463340e-01
-5.1224071078e-02
-3.2098480197e-02
7.9664034643e-02
-6.7272758766e-02
7.2152046537e-02
1.3405357608e-01
1.1499566397e-01
-5.4050656721e-02
1.1119082311e-02
-7.2617168190e-02
-1.7329234781e-01
1.2862923836e-01
1.5031452603e-01
-4.6532917921e-04
1.8646875623e-01
1.2121257206e-01
8.9563275479e-02
9.5423412148e-02
1.4792162138e-01
-1.2389026210e-01
-1.2030089976e-01
1.7441807349e-01
-1.0337509727e-01
-6.3402361617e-02
-6.9903823806e-02
-2.6370931851e-02
-1.2671962758e-01
1.7653969173e-01
7.8778927868e-02
9.0697515883e-02
3.8131950579e-02
6.4489309932e-02
-1.0969110382e-01
-6.0514230793e-02
1.7722391830e-01
7.7612540302e-02
-5.8652874483e-02
-4.8312683712e-02
5.3038895979e-02
-8.5387482799e-02
-9.4266850838e-02
-8.7916039414e-02
