1.0804612740e-01
-2.0205674124e-01
2.5725118006e-03
-7.5199591548e-02
1.2905722672e-03
1.1521007662e-01
-7.2153536503e-02
2.3965796259e-04
1.3585464213e-01
-5.8243920622e-02
-8.6465411385e-03
-5.8976806255e-03
3.0370309022e-01
1.0389021934e-02
-6.0188003453e-02
1.3253147204e-01
-3.2364463810e-01
1.3294719854e-02
-5.4069442885e-01
-1.2615915591e-01
9.0979574039e-03
-7.6372772234e-03
5.9465709824e-03
-4.9436925847e-03
4.2036268894e-03
2.0329491659e-03
-6.3076621979e-02
-6.1723546895e-02
-1.0442360907e-02
8.1952220443e-04
9.2432178125e-02
6.1672979376e-03
1.1395919752e-01
-8.4163751471e-02
3.5196565701e-03
-6.5926912731e-02
5.8476267796e-03
-1.6422899873e-01
1.2928299071e-01
1.1278732594e-01
-7.6939246848e-03
2.2357857938e-03
-6.0387352550e-02
1.1256038172e-01
-5.1672219364e-03
4.7268118679e-02
-7.3814227320e-02
-1.1702665784e-03
-3.2214157184e-01
-6.2441852519e-02
-7.5613484720e-02
8.6192538974e-04
7.1034777346e-03
-9.4054902680e-03
-8.9219283297e-02
-1.9273935502e-01
-1.1920184999e-02
-1.5159257188e-03
6.8884573654e-02
4.3658114160e-02
-5.8755493167e-02
4.9286762943e-03
6.0919460457e-03
-6.9111608800e-03
-1.3765794021e-02
-5.3524562934e-02
7.2066461940e-02
7.9669538929e-02
