3.4372458282e-01 1.7755537405e-02 2.3910496443e-02 -4.7004550673e-03 1.7549798229e-01 -4.8038325129e-02 -7.2526973999e-03 1.0858760272e-01 8.3748759023e-03 5.2998920419e-03 -6.4667450110e-02 2.3569830831e-01 -7.1812187053e-02 -1.0883367473e-02 1.2799347930e-01 2.4947621821e-01 -3.5229299818e-01 1.2098028436e-02 -1.7735196731e-01 -1.9259306509e-01 -1.3787326424e-02 1.6052692801e-01 -7.2885049542e-03 -6.8396788081e-03 2.0574617016e-02 1.7505165498e-01 3.7086952101e-02 1.2778790064e-02 2.7108117935e-01 -2.3056080194e-02
1.0601994274e-02 1.4872621395e-03 -1.8762989822e-01 -1.0174355393e-02 1.4492823553e-01 1.4686320800e-01 4.0653191323e-03 3.9211282069e-02 -8.8111501619e-03 -6.7372927647e-03 1.6976378638e-01 5.4039862481e-02 1.6884200439e-01 -4.4425082672e-03 2.0999858325e-01 1.7425357252e-01 -6.6681885116e-02 -1.4862920886e-01 1.7404889165e-01 3.5119453672e-03 -6.7923373295e-03 -1.1774052234e-01 8.5754177290e-03 -2.2525493378e-02 -6.6473465592e-03 -1.1476570029e-01 -1.9164646859e-01 -8.3252539155e-02 1.5215354747e-01 1.7714912260e-02
2.0387139160e-01 8.1117092387e-03 2.6286951907e-02 -1.1481873022e-02 1.4399542436e-01 -4.4407934001e-02 -1.4560250000e-02 -1.3870331132e-02 -6.0146856362e-03 -1.0575278648e-02 -6.0803052380e-02 1.0177330051e-01 -4.5176994779e-03 -7.7984613891e-04 1.5656001852e-01 1.4075852159e-01 -1.0724148063e-01 1.7775191637e-02 -1.3847209232e-01 -1.4346691824e-01 7.2789158457e-04 6.0866698348e-02 -1.2444548756e-02 -1.4595671330e-02 -3.4505959655e-02 1.5266211176e-01 4.1078020762e-03 1.7537816924e-01 9.0075379516e-02 -1.3597062571e-02
3.6684109918e-01 6.2163895270e-03 2.9639556687e-01 1.8607353378e-03 2.6278300522e-01 1.1000183688e-02 7.3545067925e-02 -1.2219961465e-01 -5.3978592123e-03 3.5786014705e-03 -2.0966645352e-01 1.9081626159e-01 1.7553958310e-01 -2.2106530496e-03 2.8960531814e-03 1.7337696417e-01 6.3562512778e-01 1.9267710632e-02 2.7632934650e-01 7.7644601022e-02 -3.8724109753e-03 2.3552863533e-01 9.4418316183e-03 7.2175465951e-03 3.2711431322e-03 1.5814396458e-01 3.1557974663e-01 -4.0424121203e-02 4.2466155546e-01 1.7840444110e-02
1.0774395813e-01 -2.5866943065e-02 1.0686586715e-01 -1.1192447292e-02 9.7839371358e-02 -1.1777439669e-01 3.4881827649e-02 -1.0090399902e-01 -2.6008288240e-02 -3.4401333027e-03 -1.7566246041e-01 1.9781314352e-02 -3.3621074188e-02 -1.0757589049e-02 4.4978617618e-02 -5.1641285678e-02 7.5818335945e-02 6.8728891610e-02 -1.4109992895e-01 1.1516426373e-01 -2.2456162784e-03 7.6843133706e-02 8.9806789319e-03 -6.2312403632e-03 -9.3544360903e-03 5.6733102072e-02 1.4107197775e-01 4.6242547445e-02 4.8592761151e-02 2.5133314580e-03
1.6040856696e-01 -5.4777440459e-03 -7.7914154543e-02 6.0994754407e-03 1.2823576941e-01 3.7797888588e-02 2.0554809529e-02 -1.3076974274e-01 -8.7490806997e-03 -1.2784319122e-02 -3.2590983112e-02 2.2404410166e-02 6.9020210051e-02 2.0969329429e-03 1.5518643280e-01 -1.1513389278e-01 -7.4277392013e-02 1.4652151336e-01 1.3006998804e-03 8.8154852288e-02 -1.5377840015e-03 -6.6297175769e-02 -1.6461696676e-03 -1.2987993681e-02 1.9521863903e-02 7.3443284419e-02 8.0843082352e-02 1.2578080848e-01 1.2869087212e-01 1.1261379512e-03
-1.9180902252e-01 1.1721000630e-02 1.8774915249e-01 -1.5372626783e-03 4.9189168114e-02 -2.7325030638e-01 7.8097349556e-03 -2.3925144848e-01 1.5013357180e-03 -6.4180412611e-03 -2.8640500104e-01 -4.3888833212e-01 2.8048171514e-02 1.5054254612e-02 -9.2467610787e-02 -2.4565011767e-01 1.4615079856e-01 -8.0449739514e-01 -3.3660275442e-01 1.6509451536e-01 -1.9870668105e-02 -4.1008608508e-02 -3.8407405018e-03 -8.6295499460e-03 1.8583681747e-02 -1.0143941570e-01 1.0326532552e-01 -5.0099996547e-01 -3.7634818321e-02 -1.8092169297e-02
-5.8976704558e-01 -9.8268958227e-03 2.0747825706e-01 -5.4023533271e-03 1.6378084775e-01 -3.0316590187e-01 9.9431155038e-02 4.1613423226e-01 5.0176785516e-03 9.4494830549e-03 -2.4608281510e-01 5.3282990465e-01 -2.1812947937e-01 -2.3297206510e-03 -2.4924255874e-01 3.1819011891e-01 -3.5490987804e-03 2.1700886299e-01 -1.1179329160e-02 -2.3531329803e-01 9.0445295912e-03 9.0992604356e-02 2.9101789505e-02 2.2961819927e-02 -4.2262491397e-03 4.2086291296e-01 -7.7032621289e-01 6.5261800947e-01 -9.2107183560e-01 -8.3674450448e-05
8.3605477772e-02 -1.8198826796e-02 -1.0828421932e-02 1.6201798751e-04 1.2762365978e-01 9.3816495015e-03 2.5081665008e-02 -8.8474967845e-02 -2.0581776312e-02 -1.0806248512e-02 -2.4864041737e-02 3.0658342238e-02 4.2299046142e-02 1.5089052770e-02 1.3645051892e-01 -5.8749453330e-03 4.1168366487e-03 6.0235771006e-02 -1.0732947008e-02 -1.3805881635e-03 -4.1286925609e-03 -2.0322881604e-02 -2.0752639788e-02 -1.2417470581e-02 -3.7283901417e-03 4.4157940076e-02 5.7438776364e-02 9.8402851965e-02 1.2013047675e-01 9.4898225965e-03
-3.0521565984e-01 8.7975075224e-03 2.3518808177e-01 -3.5762668658e-03 4.2209977296e-02 -1.9701906435e-01 8.3683412834e-02 3.8541512613e-01 3.8780097385e-03 1.2043133946e-04 -1.1814561143e-01 -3.3873993177e-01 -5.8139977164e-02 7.3952334888e-03 -1.0722648829e-01 2.2691122971e-01 2.5815082199e-01 -5.0837436260e-02 -2.2509045287e-01 1.0683646715e-01 -6.5745610437e-03 1.7939194311e-01 3.0478010140e-03 -1.9010307099e-02 1.0719861673e-02 -1.9743322075e-01 8.7594875970e-03 -1.9704319626e-01 -2.1931764402e-01 -5.2349473269e-05
-1.2101886108e-01 1.6650076512e-02 -1.9712437944e-02 -8.9880409069e-03 9.2455879824e-02 2.0302699055e-02 2.7227291399e-02 1.3414877626e-01 -1.2393780260e-02 -3.8599873961e-03 8.1714687646e-02 -6.0043944005e-02 7.8463427377e-02 -1.1156662536e-02 1.1708368507e-01 1.6027946655e-01 5.4581524521e-02 -9.3169223399e-02 2.4122682367e-02 -7.8656867900e-02 8.8851267320e-03 -3.1628683524e-02 2.4936150651e-02 -6.3683176322e-03 1.8694046900e-02 -6.2764826740e-02 -1.1878262208e-01 4.4148450352e-02 -1.7646014417e-02 -1.3938710474e-02
2.5729544639e-01 -1.4016120937e-02 -1.5749375541e-03 1.3435042878e-02 1.8701352918e-01 -1.3520005134e-03 5.3010334546e-03 1.9454162623e-01 -5.0251261130e-03 1.1022147967e-02 -2.1086644144e-02 1.8979831655e-01 -1.6443853443e-02 1.3968529696e-02 1.5628793522e-01 2.6936779438e-01 -4.1475347371e-01 -2.6352888116e-02 -1.3263737139e-01 -1.7017294728e-01 1.4041166964e-02 1.2496228657e-01 -1.7081756464e-02 3.6305053916e-03 6.2351415554e-03 7.1812213157e-02 -1.7855630181e-02 -8.8845463282e-02 2.1717715762e-01 6.6551655479e-03
2.4926622099e-02 -1.2570737616e-02 -1.3843434800e-01 -1.0954831366e-02 -3.6270866604e-01 9.6231500791e-02 -2.1132741951e-02 -1.1791306030e-01 3.6854352195e-03 4.3599665902e-03 8.9620996468e-02 -6.9596743891e-02 1.2688771421e-01 -1.6466345434e-03 1.9531185816e-01 -3.6956811698e-02 -2.7751140612e-02 -4.7587914686e-02 1.2701830620e-01 5.3560491455e-02 -2.8007592354e-03 -2.2725418628e-01 -2.1475330871e-02 -4.5176104758e-03 1.1782920508e-02 -3.6339251214e-02 -2.6228762796e-02 4.4411675858e-02 1.1116450009e-01 1.1350541793e-02
8.2173528665e-02 -5.1540164984e-03 1.1606206140e-01 -1.4521282744e-03 9.7111944699e-02 -1.5455826934e-01 -7.3939042851e-02 -1.1407585645e-01 -3.5561289517e-03 -1.3081883715e-03 -1.8137210893e-01 4.8625855249e-02 -1.0114985594e-01 -8.0133103800e-03 3.8947983421e-02 -7.9030095437e-03 1.4352636178e-01 5.4015939491e-02 -1.3964803406e-01 4.9563608623e-02 -8.8240706044e-04 8.3515466394e-02 1.6300753072e-02 2.5653432147e-04 -1.8439111064e-02 9.7908193124e-02 1.1398643491e-01 5.4562210727e-02 1.6764121601e-02 -3.1025939753e-03
-1.5084506596e-01 -1.2100579891e-02 2.8655315657e-02 6.1032952986e-03 1.0271484514e-01 -3.1509677959e-02 1.4240629838e-03 2.7575844346e-01 -7.7464366402e-03 -1.3149669099e-02 3.2051059256e-02 1.8602577926e-02 2.2676757938e-02 -5.3477444684e-03 1.1432374160e-01 3.2145838971e-01 1.1198835431e-01 -1.3895415157e-01 -6.5607150773e-02 -9.6564096730e-02 -1.2257271225e-02 5.2221828959e-02 -3.1700982687e-03 -4.6747208482e-03 -1.2395701112e-02 -5.3113197130e-02 -1.2798325505e-01 -8.6453096857e-02 -8.2561113407e-02 4.7112400791e-03
6.6464625218e-02 -8.4685283541e-03 -1.0072388066e-01 3.3781732004e-03 1.5915817931e-02 7.2686352989e-02 -1.1364185958e-02 -1.0942865869e-01 -8.0816469468e-03 1.2020217561e-03 6.3741942274e-02 -4.1080283422e-02 9.9679923444e-02 1.5706342638e-02 1.7464558812e-01 -2.7883988773e-02 -1.1151516230e-02 4.4994559355e-02 6.4146229565e-02 2.9966370056e-02 -3.4319402990e-03 -1.3481212357e-01 -1.8550762273e-02 -8.5601206963e-03 -1.3891700024e-02 -4.8743721222e-03 -5.7933195771e-03 8.5652858058e-02 9.0877613817e-02 -2.7092485972e-02
-2.2548651669e-03 -9.4329441782e-03 -5.3836109047e-02 -2.6068820429e-03 9.8263520896e-02 2.6309648902e-02 9.4297777845e-03 -1.5635628911e-02 -2.3084665535e-02 -7.4555706936e-03 8.2562576246e-03 -2.7195202266e-02 5.7447566374e-02 6.2265314333e-03 1.6047455137e-01 3.2920096733e-02 2.9434536477e-02 -4.5776869761e-03 2.5490097785e-02 -1.8994190401e-04 -5.1224706319e-03 -3.0909294701e-02 -2.1675306377e-02 -1.9138741965e-02 -7.4489130802e-03 -9.9023280978e-03 -4.1202361276e-02 6.0672734920e-02 3.6177661079e-02 -1.0222368386e-02
1.6761757916e-01 -7.0690915102e-03 2.9815878777e-01 1.4124006218e-02 2.8151431109e-02 2.7009961745e-02 9.4126727412e-03 -2.8894091682e-02 -1.0292574549e-03 -1.9677560338e-02 -3.1335999963e-01 8.1315486027e-02 2.5376122356e-01 -1.5021975702e-02 -7.2305830336e-02 1.4420095306e-01 3.1425819691e-01 -1.8547144867e-01 1.4860465005e-01 4.2227478301e-01 1.6525644019e-03 -4.7492778062e-02 1.6610543684e-02 3.2057758637e-03 3.0440821252e-02 -2.9122282441e-03 1.8611415166e-01 -5.7119508167e-02 1.7687728105e-01 -1.1943824726e-02
1.8756564831e-01 1.5012568656e-02 -1.5783561814e-01 5.2055394700e-03 1.2997042469e-01 6.8861946375e-02 1.7649610503e-02 -1.9409938753e-01 1.8707342103e-02 -1.7466782192e-03 2.2052411871e-02 7.2207809894e-02 1.0047210390e-01 -1.5298353849e-02 2.0395138570e-01 -8.4609936876e-02 -7.1009172899e-02 6.8974762781e-02 8.8821220961e-02 5.5153474668e-02 -2.3617086011e-03 -1.6976414334e-01 -1.1271770284e-02 -1.0338543728e-02 1.8370405664e-03 7.1162527719e-02 7.1845060212e-02 1.2608824601e-01 1.1799538970e-01 -5.8134555730e-03
