-2.2534780042e-01 1.7866087035e-01 1.5690371419e-01 -3.3164343497e-01 -7.3346108945e-03 3.9074719354e-02 -1.7306527030e-01 -2.1158899835e-01 -5.6291304153e-01 2.1295284771e-01
5.2480232116e-01 2.3581422606e-01 -3.0052603475e-01 -2.1737681521e-01 5.7825424914e-02 -8.6086848048e-02 -2.5304248428e-01 -1.2172310175e-01 -1.7810725414e-01 -2.0368261863e-01
-4.5375459862e-01 3.1222072553e-01 2.2227736661e-01 6.3111655844e-01 3.6859798198e-01 4.4847217030e-01 4.6410548342e-02 -3.4751824299e-02 -2.5804490468e-01 3.3355302655e-03
2.7330627784e-01 -1.2047112935e-01 -2.7157103145e-02 -8.6817455589e-02 -1.1442752275e-01 1.9702400582e-02 -6.2733693401e-01 2.0234393846e-01 -6.5623156434e-03 -1.7911579335e-01
1.7388474905e-01 -1.9448755633e-01 -4.7297730406e-02 -1.6058468543e-01 -1.0683025422e-01 -1.9230864552e-01 -1.4316369648e-01 3.3021931879e-01 5.5910382340e-02 -1.8154506531e-01
-2.4940930099e-01 1.1465231728e-01 1.2035241192e-01 -1.1242811148e-01 1.3803790125e-01 -7.1054426432e-02 3.7749897905e-01 -9.2163789990e-02 -3.6183806587e-02 3.4189331872e-01
4.2336672533e-02 -1.8033471702e-01 -6.2085842225e-01 -1.8496883276e-02 -6.9052519365e-01 -2.5631781537e-01 1.1432257068e-01 4.9801996882e-02 5.3947569662e-01 6.5784356520e-02
4.4066799714e-02 -2.0964042926e-01 -2.5024721417e-02 -5.3999387209e-01 -1.2418475849e-01 -5.9075003227e-01 1.6202594022e-01 8.8224131499e-02 3.5131741676e-01 -2.2932020345e-01
4.3356674124e-03 -3.8641021352e-02 2.7590849088e-05 -1.3034887393e-01 -6.5311969985e-02 -2.4328863939e-01 3.6914511107e-01 1.5098101682e-02 1.5141114109e-01 -2.6816088658e-01
2.4033812643e-02 1.5802988940e-01 9.2725461968e-02 -1.2437981586e-01 -9.7547776190e-02 4.5019478875e-01 6.2782645198e-02 -1.6983491543e-01 -1.0762561467e-01 -7.9418369242e-02
