3.1325393675e-01 1.4505744849e-01 3.9546196742e-01 -5.6051396864e-02 -5.8912598092e-01 7.6436972961e-03 -1.2353855711e-02 5.8462433494e-03 3.1595082993e-02 6.4760734349e-01 -1.4937512858e-01
2.8560690820e-01 -2.1580250550e-01 -1.3940842790e-01 -7.3598734093e-02 -2.4911143110e-01 -2.5908560782e-01 8.0592803438e-02 3.6412700567e-01 1.4290016574e-01 9.7766402641e-02 -3.5907667259e-01
2.5540004771e-01 -1.5088102907e-01 1.2288095527e-01 -2.6113695830e-02 1.7662590201e-01 -4.7623466364e-02 -1.9520097706e-01 2.5601017161e-01 -3.2097109748e-01 -3.1847429286e-01 3.6315147559e-01
-2.5866426880e-01 -9.7796481199e-02 -1.2982044670e-02 -7.5930802200e-02 2.5196729014e-01 2.2443721493e-01 -7.0480302018e-02 3.6512477330e-01 -4.0469457079e-01 -3.0080410687e-01 -9.5110282817e-02
-1.7727936710e-01 1.1681163183e-01 -2.0267352274e-01 -4.3838096140e-01 2.6304069811e-01 -1.3701560607e-01 3.2092223630e-01 -1.4936427465e-01 -1.9477262386e-01 -1.3659099513e-01 8.3494113432e-01
1.0872754455e-01 -9.8971068006e-02 -3.3741173964e-01 -2.6250206563e-01 1.7104208716e-02 -3.1714583058e-01 3.2287372532e-01 3.3321881203e-01 -5.5680982662e-01 -1.6157197806e-01 6.3059989475e-01
-3.0774580105e-01 7.8370167455e-02 1.5318237863e-01 3.1746489284e-01 2.6593947541e-01 -6.4975298637e-01 -1.1795655068e-02 1.5261527169e-01 -6.7605742293e-02 -1.3588926982e-01 -4.0794308232e-02
-1.6370122045e-01 1.4507525571e-02 3.5031957629e-01 1.0998424346e-01 5.0558656503e-02 4.9134319557e-01 -5.3786742690e-02 -2.1774285872e-02 -1.3956275976e-01 1.9894398564e-01 -2.4412574570e-01
1.9935853405e-01 -9.6582156869e-02 2.2184623979e-01 3.2896294813e-01 -3.5230260117e-01 -1.1835369303e-01 -2.1465429860e-01 -4.0000631062e-02 1.9915199094e-01 -1.3724550666e-03 -3.7388101897e-01
-3.4432182239e-02 8.0481248363e-02 2.4778342767e-01 -5.2282936256e-01 2.1543813674e-01 -4.0871663429e-01 7.3776125258e-02 -1.3170080073e-01 2.5810008251e-01 -1.9545806133e-01 -4.4980241994e-02
