-4.4582558761e-02 2.0932400241e-01 -1.3583358517e-01 -7.5202525977e-02 4.4397458424e-02 -1.9015992580e-01 1.2257588634e-01 -2.6934750509e-01 -1.2106374560e-01 1.1846272691e-01 1.0360339163e-01
3.9516611387e-01 -4.4428440512e-01 1.8177811541e-02 -3.0090983475e-01 -2.7417165811e-02 -4.5923670995e-03 -3.4475021483e-01 6.5228224143e-01 -3.2830299208e-01 2.5739797054e-01 -2.7855833474e-01
5.8307381931e-01 -6.7891197665e-02 2.2186527969e-01 -1.0395378889e-01 2.3524207718e-01 -1.0665829197e-01 -3.7282440572e-01 1.9823206584e-01 -2.5341917569e-01 3.9834488156e-01 1.4917148339e-01
2.8358155951e-01 3.2096442609e-01 -2.7267103674e-01 -8.9228489366e-02 -4.3162580166e-01 -4.7870958671e-01 2.3350199975e-01 2.1951935307e-01 -2.6182131577e-02 -3.2719780186e-01 -9.7574116765e-02
3.5750849223e-01 -1.3518980330e-01 2.6011645271e-01 -2.0840879428e-01 3.6966467276e-01 2.6500093567e-01 -1.5083058080e-01 -3.8388992832e-02 -1.8127741145e-01 -3.3310120819e-01 -3.7356469213e-02
8.5866064203e-02 -2.2397813288e-03 1.6009436677e-01 -2.7558425116e-01 2.2947690005e-01 2.6796790746e-01 -1.1030168266e-01 -1.2939634688e-01 -4.8055757022e-01 3.1783148716e-01 3.5328370179e-01
2.9726133829e-01 -3.5697774205e-01 3.4386761978e-01 -1.2489100339e-01 1.1026415459e-02 2.1652139774e-01 -2.4079983479e-01 2.0894361327e-01 -1.9916435206e-01 1.8291079197e-01 -4.5053699348e-01
-6.9048557959e-02 6.6854514426e-02 -3.6047790422e-02 1.8981340641e-01 -1.9497787025e-01 4.6875975138e-02 3.6751323850e-01 2.7245610692e-01 1.9431584896e-01 -4.7374602180e-01 -3.2236896498e-01
-1.3872524578e-01 2.2293355384e-01 -1.9377019676e-01 1.8872793751e-01 -9.6970636757e-02 -3.9521243273e-01 1.5299104876e-01 -1.4924202851e-02 2.9911596516e-01 -4.5399742545e-01 4.2713766636e-01
4.4101542804e-04 -1.2229933497e-01 -4.2776671531e-02 4.6887432914e-02 1.9865968577e-01 5.4199713625e-02 1.1741207273e-01 1.6939124530e-01 -2.8021064596e-01 3.1242690149e-01 -1.3235444466e-01
-1.3534987357e-01 -1.3476922127e-01 -3.1732372010e-01 3.2842665248e-01 3.7867262925e-01 3.4628820448e-02 5.5874798986e-03 -2.8100221694e-01 4.3387959218e-02 1.4733157779e-01 3.2051653483e-01
