7.0523679132e-01
-3.8937444000e-02
-1.0517979123e+00
2.7962588730e-01
-1.1726241261e+00
5.7960279045e-01
6.0500872096e-01
-4.3137010951e-01
-3.7018284533e-01
1.1937486667e+00
-4.8422717861e-01
-5.7082901167e-01
2.4778193857e-01
-9.8712212219e-01
1.6462020748e+00
-3.1191005122e-01
-6.1407750903e-01
2.3929582851e-01
7.6608613799e-02
-9.9578676598e-02
7.6438239072e-02
-6.8673941627e-01
-8.5206434915e-01
-3.1475566221e+00
-2.9162413263e-01
-1.4784223086e+00
4.6592974161e-01
1.0302193335e+00
-1.0324741195e+00
-7.5715435574e-02
9.2986632983e-01
1.7629904415e-01
5.0916128823e-01
3.5079199043e-01
-1.5248079458e+00
5.3592706932e-01
-1.9821665692e+00
-6.9650911401e-01
8.0937441334e-02
5.3616177403e-01
-7.9684177232e-01
3.8644005296e-01
1.1339265336e+00
5.1769600647e-01
-1.4399886239e+00
1.8572035184e+00
8.3983361410e-01
-1.5005843940e+00
6.2468371839e-01
7.9319342204e-01
2.0042648162e-01
1.0146851411e-01
-1.6077177096e+00
1.4083474812e-02
6.7517008885e-01
6.1635065021e-01
-3.7849465459e-01
-1.1629079346e-01
1.1901205226e+00
2.1848942952e+00
1.5998922929e+00
-2.1842992840e+00
-2.8413933051e-01
4.2318316357e-02
-1.8956328565e-01
1.6973677319e+00
1.2456276080e+00
1.0718958257e+00
