-1.1878370733e-01 -1.7055567631e-02 8.5239199760e-02 -4.2941755792e-02 -9.7363896301e-02 8.5404440681e-02 1.0402161500e-02 -6.7994855966e-02 -1.9190482145e-01 -3.7305915248e-01 -1.3589411556e-01
-4.0984674018e-01 -8.3764504673e-02 1.7284960560e-01 -5.8435973675e-03 -2.8007141523e-01 -6.4129690816e-02 -2.4744547209e-01 -6.6138965571e-01 -2.1583116346e-01 1.8497985712e-01 -5.3522798817e-02
-1.4691556217e-01 3.3771716971e-01 1.1292147594e-01 -5.7372376692e-02 2.5949274169e-02 -3.9673146436e-01 2.0862404477e-01 1.0192721107e-01 -2.0557805315e-01 -1.6309174558e-01 -1.4985721670e-01
-3.6435212018e-01 9.3417881392e-02 1.7956389337e-02 8.9863880311e-03 1.8313059482e-01 -2.1540080153e-02 4.0659981423e-01 1.1830549466e-01 -1.5561679233e-01 2.7361102108e-01 -2.7079381582e-01
3.5334649028e-01 -2.0058148527e-01 -4.6961575924e-01 -3.5219392211e-02 5.0452483095e-02 -5.0252367704e-01 -1.0000513703e-02 -1.9415064377e-02 2.4040518091e-01 -1.7536220867e-01 3.5578857614e-01
-1.5576580627e-01 -1.5235072260e-02 -1.0037714342e-01 3.4848624727e-02 3.4106208143e-01 9.3223549249e-02 -1.9653791110e-01 7.3811233229e-01 -2.0546066402e-01 7.5519793654e-02 4.7940259723e-01
4.2404283618e-01 7.8772120392e-03 -8.4607858097e-02 -2.4824718166e-01 1.2281364822e-01 1.1167439214e-01 2.0237116200e-01 -2.1385112147e-01 -3.4227327003e-01 -6.1858972875e-02 -1.2159956911e-01
1.1899577149e-02 -2.2737334847e-01 -1.9622787113e-01 -3.3426145537e-02 -1.4620373540e-02 -2.7307699942e-02 -3.3818684907e-01 7.4116379953e-02 9.2924687990e-02 2.9791397813e-02 2.8586281521e-01
-1.0668629679e-01 3.1816096370e-01 1.5729416312e-01 -3.0571544034e-01 7.4798976880e-01 9.7321850735e-02 5.2182370601e-01 -3.7756331973e-01 -2.4701686749e-01 4.0818969445e-01 -4.8576814311e-01
-3.0773398040e-01 2.8691261853e-01 3.3643864382e-01 4.4696496319e-02 4.0670347323e-01 7.0535927838e-02 1.4096827021e-01 -1.8406238426e-01 -5.4206785316e-01 4.4242603248e-01 -1.8369326110e-01
-1.7939913176e-01 -1.9370390284e-01 -2.2208859486e-01 5.4478531499e-02 8.0033793424e-02 -2.0521504251e-01 -7.3432833916e-01 -1.8019900818e-01 -9.5689584460e-02 -4.9738182093e-02 1.5000919251e-01
