-1.1453067816e-01 -6.7576264080e-02 -2.3199453873e-01 2.2729887625e-01 2.4235802572e-01 -3.4269695342e-03 -4.7908438199e-01 2.9872960377e-01 2.8767898668e-01 -4.4756805116e-01 9.7523729740e-02 -4.2196745400e-02
-1.5080184838e-01 2.9362556157e-01 4.6581663442e-01 -1.9588363506e-01 -3.3610766339e-01 -2.0357885567e-01 4.0101246827e-01 2.9373998161e-01 6.6576423597e-02 3.5302165031e-01 -7.8919584427e-02 -9.9640708438e-02
3.5316917363e-01 -4.0052896027e-01 -7.8901682266e-02 1.2708526661e-01 2.1068157334e-01 2.0016103912e-01 -4.6912422263e-01 -4.9134990869e-01 -2.6243083703e-01 -7.0319707795e-02 -1.0535824582e-01 3.0885043920e-01
-4.8945389400e-01 3.6667110101e-01 -7.2630416536e-04 -2.9582415505e-01 -7.6368486610e-02 -3.7278078547e-03 2.5000122904e-01 1.8062715718e-01 4.9211477665e-02 7.8775569307e-02 1.4525671069e-01 2.6023330313e-01
-1.7572879180e-01 8.2443990802e-03 3.1127228782e-01 2.4986061629e-01 3.2610835704e-02 2.0061888069e-01 1.5161557034e-01 -6.4715837778e-02 1.2615210339e-01 1.7360241562e-02 -2.9699934045e-02 1.5172286313e-01
3.0371535823e-01 1.5420209737e-01 -2.4609613406e-01 8.0735753960e-02 -2.2198616886e-01 -9.5905655939e-02 -2.2449171877e-01 -9.3148754870e-02 1.1137784305e-01 1.1114574741e-01 1.4218575229e-01 3.3259871719e-02
-2.3594865754e-01 2.0424559968e-02 3.2077834982e-01 5.9536586247e-02 -8.0257188124e-02 -1.5540344897e-01 2.0453969743e-01 3.8912739814e-01 -2.9411077035e-01 4.9313541430e-01 3.0328344685e-01 -8.3565804136e-02
1.9091250688e-01 -1.2972096084e-01 -3.7517734735e-01 -4.3110867572e-02 1.2581587089e-01 -3.2539493151e-01 -3.1708353853e-01 -3.4025460811e-01 2.0705102215e-01 -8.4651485382e-02 -2.1513420954e-01 2.5427167082e-01
-2.8065125942e-01 1.7313792591e-01 3.8308313024e-03 -8.9456954828e-02 -5.1601303472e-01 1.8024483633e-02 2.2223061486e-01 2.9466132465e-01 5.3757899455e-01 5.2416386449e-01 -1.5152831247e-02 2.3185656361e-02
2.7448861935e-01 -3.1064687566e-01 1.6580809720e-02 1.3229182193e-01 1.8121345783e-01 3.4593605345e-01 1.7337009451e-01 -1.5517757376e-01 -2.4478018622e-01 -2.6555413265e-01 -8.4908424652e-02 8.1247334341e-02
-3.2258560524e-01 3.1515329743e-01 1.9467953715e-01 -3.2261920099e-01 -4.7301078130e-01 2.6213476577e-01 -6.7340696051e-02 1.2148738916e-01 -7.4499987581e-02 -2.2491572328e-02 8.1952494201e-04 -1.4616982424e-01
