1.8237970018e+00
2.1509509589e-01
-1.0654686204e+00
3.3678576705e-01
2.2368877822e-01
4.5486763682e-01
8.9412165726e-01
-4.7590197777e-01
-9.1821879691e-01
3.5667133328e-01
1.6323971817e-01
2.2837481012e-01
8.0516343992e-01
3.5524585210e-01
-1.3353032141e+00
3.9159680431e-01
1.7829045937e+00
-8.6368595267e-02
1.0807585557e-01
-4.5763872250e-01
1.0554048867e+00
2.4237109130e-01
3.5702331701e-01
9.4424489188e-01
6.6938873140e-01
-9.4191779945e-02
7.2625983291e-01
-5.9436722388e-01
6.0417805059e-02
1.0021101548e-01
-1.3411582930e-02
-6.5870660508e-01
-1.4088297929e+00
8.9078602279e-02
-8.6703492688e-01
-2.6961584944e-01
-1.2295478967e+00
6.0690358216e-01
1.4353185388e-02
2.3100138667e-01
-1.4275416381e+00
-1.9547969457e-01
4.2989464801e-01
-6.6786321967e-01
-5.9285731685e-01
-6.3638546388e-01
1.0147021292e-01
-1.9330164788e+00
9.5542839874e-01
3.2776381512e-01
-1.2719650179e+00
-6.5509007031e-01
6.2786779075e-01
-1.5920607141e-01
