-1.2981362527e-01
-1.1857955352e+00
7.4953696700e-01
-9.0899036706e-01
-2.0074936294e+00
9.8097004697e-01
-7.1053846179e-01
1.2699020840e+00
9.1620647965e-02
-1.4791426852e+00
2.2734696245e+00
-2.4321409797e-01
-7.7087340744e-02
-1.2869605888e+00
-1.6436764609e+00
1.3617108207e-01
2.0040790185e-01
-8.9084387511e-02
2.0118832923e+00
9.7186498103e-01
-7.3891769487e-02
3.0691657729e-01
-1.3171528119e+00
1.0676069237e-01
-1.4913938511e+00
-1.2959419570e-01
5.0795297385e-02
-7.2407352762e-01
-5.3723879984e-01
-1.5965839736e+00
