-2.4316657748e-01 6.6535642343e-02 -1.8638322499e-01 -3.4542023203e-03 -4.6847796677e-02 1.1665630117e-01 -5.5187610508e-02 2.7893762717e-02 1.1826198489e-01 -1.3295661994e-02 6.6560893551e-02 -1.7541322195e-01 1.1993628152e-01 -1.0650069366e-01 -2.3416718732e-01 1.0715881395e-01 8.5245438197e-02 -1.0071492288e-01 9.2212222808e-02
3.9626495234e-02 -9.4392494850e-02 4.2892207316e-03 1.7273181241e-01 1.9801193360e-01 8.8765789438e-02 8.0168692328e-02 -1.5803566523e-01 8.1056700751e-02 1.4469600621e-01 -5.9256151561e-02 1.8248250679e-01 -1.9841103290e-01 1.3794371161e-01 -2.6909518889e-01 -1.2533361991e-01 -1.7553870499e-01 1.0975216363e-01 -4.1830678283e-02
-1.3697622189e+00 1.3535986431e-01 1.0633735746e-01 5.7345689040e-02 4.8121669795e-02 5.4595135838e-01 -9.4565973909e-02 1.2087786463e-02 4.7545290196e-01 -4.1760511727e-01 -7.9091571532e-02 -3.6840529331e-01 3.5759037094e-01 1.6918343156e-02 -4.0820970748e-01 5.6278382875e-01 2.4763277009e-01 3.1928173680e-02 6.8581270118e-01
5.3047206948e-02 -1.9134982361e-02 8.9181888875e-02 2.5017048110e-01 2.1457426180e-01 -6.6294923473e-03 2.2641606945e-01 -8.4442435244e-02 1.0139878965e-01 -5.1717325381e-02 -7.1500525882e-02 4.9064911493e-03 -3.8444829271e-02 2.5722143775e-01 -1.5016414685e-01 -1.3276439157e-01 -1.3788715860e-01 2.5707926325e-01 3.4426326318e-02
5.9560737197e-01 7.0479164626e-02 2.6757878192e-01 3.1084811054e-01 2.3808547401e-01 5.9137338507e-02 -4.2022097592e-03 3.8474027001e-01 2.5285482818e-01 -1.4673824597e-02 -3.8627624185e-02 3.3070965356e-01 -2.4235594252e-01 2.9500668107e-01 6.0120770303e-02 -8.5629820108e-02 -1.6159799778e-02 4.9714368876e-02 1.5951446874e-02
2.4836048395e-02 8.7588266270e-02 -7.3039678555e-03 -4.4758192159e-02 -1.1038031505e-01 -5.2814145867e-02 1.1716746832e-01 1.1502603874e-01 4.2872206204e-03 4.1242051620e-02 1.5481001710e-01 7.2252758470e-02 5.3991795178e-02 -1.0581801888e-01 1.4747513821e-01 6.5849059875e-02 9.8301568624e-02 -1.3634273372e-01 3.6921139292e-02
6.2254881865e-02 6.9896302785e-02 1.3414624994e-01 -4.7266802642e-01 -2.8573194053e-01 -2.6788256956e-02 -2.1457440330e-01 2.3572416078e-01 2.2020421759e-02 9.8732943688e-03 2.7164294667e-01 1.5421570153e-01 6.7273060769e-02 -1.0001644742e-01 4.5915707238e-01 9.8135882750e-02 1.5177154176e-01 -3.6377747029e-01 5.6581915094e-02
-1.9626079838e-01 1.9822834280e-01 -3.5846521446e-01 1.7464285608e-01 -1.9523033845e-01 -7.7767751606e-03 4.1255478433e-02 1.2157488404e-01 5.1448756352e-02 -2.4554692221e-02 1.5780754374e-01 -1.2212990718e-01 1.7241170969e-01 -1.7262530484e-01 2.3718023828e-01 1.1759899839e-01 1.5801260176e-01 -3.3847243177e-01 8.1289126370e-02
3.5252819214e-01 1.6446740983e-01 3.7929983866e-01 1.1516621145e-01 -4.1175075436e-02 2.2598100813e-01 -6.8761756540e-02 2.7206874326e-01 2.8929938777e-01 -1.9880340382e-01 5.6688483286e-02 3.9633139785e-01 4.1631152793e-02 -4.6156441664e-02 9.2115905113e-02 8.6265721509e-02 1.3291853127e-01 -7.3008578091e-02 1.6342893224e-01
-8.8219394788e-02 7.4364487063e-03 -3.3094051088e-02 1.3335686528e-01 2.9775084589e-02 4.8239746526e-02 -3.4563308281e-01 1.2548121570e-01 6.2474094440e-02 2.7425106839e-02 2.8749346481e-02 -2.4181527832e-02 1.4254666317e-02 -7.8874164149e-02 -1.7914339052e-01 2.7631171190e-02 3.7594365949e-02 -1.1554508713e-01 9.4227874342e-02
