2.6493669305e-02 8.7599884202e-02 -1.2913069509e-01 4.8336455468e-01 -4.9859846860e-02 -2.6279474440e-01 4.8871947345e-02 -2.0139926390e-01 -1.1006429555e-01 4.4229531151e-02
-1.7348463098e-01 -1.5322861307e-01 -1.9967458800e-01 1.1372905994e-02 1.6687590068e-01 9.2332506912e-02 5.1575532984e-02 2.4268936602e-01 -1.1101065856e-01 1.9667318101e-01
1.1442951781e-01 2.5258598427e-01 2.4775384920e-01 -1.4899023573e-01 -1.6286224441e-01 -9.0198540196e-03 3.0713879639e-01 5.7528131935e-03 -1.5207654336e-01 -4.2996967009e-02
1.4286864255e-01 -2.4748848521e-01 2.7720840336e-01 1.0253574178e-01 -2.4525724452e-01 1.9747460970e-01 1.5641980525e-02 -2.9354944476e-02 5.5013950002e-02 -8.7422188013e-02
1.0162571607e-01 -1.6184567650e-01 -2.7278741386e-01 1.2410203771e-01 2.1727689332e-01 -1.1528160050e-01 -2.7777412038e-01 2.0158125730e-01 9.7877656831e-02 1.8789125002e-01
-2.3475229214e-02 1.6711889587e-01 1.9218873772e-01 -1.6669616578e-01 -1.1871345519e-01 2.9036129206e-02 3.4528227735e-02 6.0385639717e-02 -3.2282877537e-01 -2.1708552526e-01
1.0595846618e-01 -1.1991075734e-02 -1.8449275893e-03 -3.1311038612e-01 2.3131166474e-02 -6.1892758126e-02 3.0791210689e-01 -7.0440512585e-02 -1.7243788218e-01 -1.4583042801e-01
-2.2902183829e-01 4.7751983802e-02 -2.3399822287e-01 -3.1375261511e-01 2.2958913454e-01 -8.0135243386e-04 1.6230971361e-01 2.2389931826e-01 -3.1718124585e-02 1.5749701129e-01
-1.9074094930e-01 -3.3408598902e-02 6.3250022805e-02 -2.2900209330e-01 7.2283686026e-02 -1.7344089116e-01 -8.2473554533e-02 5.5439693190e-02 6.3746781183e-02 1.0892320816e-01
-4.8915297569e-02 2.9724826323e-01 -7.8059604195e-02 -1.1847569445e-01 -4.7659763214e-02 4.6949737086e-01 1.0290926281e-01 -1.3121476161e-01 -1.1193978030e-01 -1.3636268591e-01
4.1676512358e-01 -1.6997316120e-01 -1.2441401847e-01 5.5054697412e-02 1.2212958873e-01 -1.3732787865e-01 -1.0368449168e-02 -9.2019053973e-02 -1.7412532401e-01 4.2671346048e-01
1.0454977674e-01 -2.1282964186e-01 4.1072598542e-01 -2.5920433379e-03 1.1437690303e-01 -1.6060013002e-01 2.7877541948e-01 -2.0735381139e-01 -2.6418830013e-01 1.2729396596e-01
9.2862259888e-03 2.6126955027e-02 6.1746878694e-02 -2.5362591986e-01 1.5816723411e-01 1.1781524923e-01 2.6664252174e-01 4.0305169362e-01 -2.9815628008e-01 -1.1604280236e-01
-2.3189592233e-01 5.0267735201e-02 2.0950228309e-01 2.6543303312e-01 -1.4303850562e-02 -7.1115634889e-02 -2.2739245729e-01 5.1397527802e-02 1.2461313064e-01 -1.1651097056e-01
-1.1512003683e-01 2.6134269840e-01 -5.5811104824e-02 2.1257024604e-02 3.2130574152e-01 -3.4138721396e-01 6.6531270503e-02 -7.5605388173e-02 -1.7216358853e-01 -2.2832436249e-01
1.8852730168e-01 3.1659179904e-01 -3.0510380331e-01 2.4925053672e-02 2.8057857707e-02 -1.4674508155e-01 -1.0154798306e-02 1.1915378831e-01 -2.1479288993e-01 -1.3377312408e-01
1.0140173994e-01 -5.4551794867e-02 -3.0578489471e-01 -2.1781607951e-01 1.1660528875e-01 1.2527943954e-01 2.0905441688e-01 7.3266256111e-02 -2.9765104545e-03 -2.2031548721e-01
2.6010462350e-01 -1.3976565238e-01 3.2280281647e-01 1.2720667186e-01 -1.2444588942e-01 -1.5405075425e-01 1.6061668011e-01 2.0836154928e-01 -1.9685437710e-01 -1.0550533129e-01
1.0059789401e-01 -2.1415286183e-01 -2.8712637975e-02 1.1143827580e-01 2.4083432931e-01 -1.1210900117e-01 1.1009056370e-02 3.1717102667e-02 -2.1663638043e-01 2.2058683484e-01
-1.2954916396e-01 -2.7557447957e-01 -1.7307305705e-01 -2.2487117218e-01 3.0957343451e-01 1.2634285911e-01 2.2727400686e-01 -9.1136504445e-02 -6.3254573440e-03 -1.2796404935e-01
-2.4283899021e-01 -3.6815886974e-01 1.6560225851e-01 -1.0544739359e-01 6.6958526598e-02 -4.4339398740e-03 2.6922645745e-01 -2.8840307697e-01 1.4806859830e-01 1.1627435213e-01
-1.0037354593e-01 2.7187602342e-01 1.6412610518e-01 2.8967014610e-02 -2.1539283468e-01 -1.2191953185e-01 -1.0171537959e-01 -6.7926658522e-02 1.6959861090e-01 1.6951280222e-01
-2.3917791532e-01 2.2022648568e-01 3.3697861158e-01 1.3748014021e-01 6.9141079996e-02 -2.0746062374e-01 -1.6039893409e-01 -2.4447654397e-02 4.0127782706e-02 -2.2529272396e-01
6.1477112196e-02 1.1699565960e-01 -2.8937340287e-01 -2.1866547578e-02 1.5720970326e-01 3.0347348875e-01 3.1691516986e-02 3.1164401628e-02 -1.9821520108e-01 -2.6647764103e-01
-8.0861901155e-02 1.1133183907e-01 1.9574509948e-02 2.2039390576e-01 -5.3444553830e-03 3.4642559386e-02 -2.1788404618e-01 1.2704928459e-01 -1.7632570988e-01 -7.9603531589e-02
2.2529887228e-01 9.5612364505e-02 1.3312797473e-01 3.3354687624e-01 3.4535884515e-02 1.7795987377e-01 1.0654927719e-01 -9.9359578025e-02 -8.4876900481e-02 2.1632891545e-01
5.4019669524e-02 6.6319350170e-02 1.1676154619e-02 -1.0009828166e-01 5.8770757222e-02 3.2693082894e-01 -4.9378586003e-02 5.4669887344e-02 6.7180647270e-02 5.2781227067e-02
-9.8463354161e-02 7.8636228568e-02 -1.7509603893e-01 5.9230247786e-03 2.0161144065e-01 -1.1496939671e-01 1.7833873589e-02 -1.0184540839e-01 2.1396899969e-01 -1.6056509337e-01
-5.1997676836e-02 2.8377014131e-01 -2.0437451025e-01 1.8942821438e-01 -1.4202867471e-01 1.6093271913e-02 -3.1849656722e-01 1.1657171069e-01 -1.7947746876e-01 2.9804978465e-01
1.0353215054e-01 9.7162168767e-02 2.0638761819e-01 5.2353264389e-02 -1.9980055354e-01 -3.0545144987e-01 3.0005470247e-01 -1.2709669774e-01 7.3709672541e-03 1.6189897749e-01
-2.3828447391e-01 2.5333204557e-01 -8.2400438422e-02 1.1029465329e-01 -4.4470006969e-02 -1.6403445521e-01 -1.0294911031e-01 1.9719114684e-01 -4.0054459402e-02 8.5549942651e-02
-7.0362595938e-02 -2.5511157712e-01 -1.1354186932e-01 -3.9205764000e-02 1.9487836884e-01 2.1946208178e-01 1.2750511893e-01 1.7910170453e-01 1.7214102549e-01 -6.2629107046e-02
1.4249550405e-01 -1.1071960660e-01 7.5402636320e-02 6.4568449408e-02 -2.6272252591e-01 4.2593315448e-01 -2.7908042949e-02 -1.4196431935e-01 -8.8479728674e-02 8.2259533570e-02
1.7404799421e-01 -3.0318791169e-01 -7.6496963744e-02 1.5801321449e-01 -2.3333021137e-01 -7.6822553510e-02 8.5433248803e-02 -2.4609494903e-01 1.2976669481e-01 1.4366867233e-01
-1.3770281578e-02 1.4549901637e-01 1.9811916490e-01 1.8150064775e-01 -1.8751961862e-01 3.2183407982e-01 -7.4939572123e-02 3.0965718736e-01 -2.9893759545e-01 -1.8815020564e-01
1.6600681867e-01 -3.2797253699e-02 2.3706028971e-01 -1.8998983710e-01 2.1062337761e-01 -2.1644876010e-01 4.0456279328e-02 -1.6416294430e-01 1.3268131675e-01 1.0493358680e-01
4.9969612787e-02 -4.6764878601e-02 -2.7198897361e-03 3.0078929762e-02 2.3752743542e-01 2.5777291492e-01 -2.2893648627e-02 -2.2119012776e-01 1.9736288032e-01 -2.4720032013e-01
2.7385519215e-01 3.6090350236e-02 -4.8385312398e-02 -3.5410315334e-01 7.2902004799e-02 2.3348025925e-02 8.5826524599e-02 -1.8249808591e-01 1.3908942749e-01 -7.3670014723e-02
-2.6792684774e-02 9.3726137615e-02 -8.5876892614e-02 -2.6541144657e-01 1.4288430099e-01 1.1150435626e-03 -1.8428276071e-01 -9.1969721172e-02 -6.6678932261e-02 7.1827298589e-02
2.3881379614e-01 8.9638648403e-02 7.2854725970e-02 3.2349734809e-01 -3.9052106957e-01 2.6503305130e-02 -1.8919443248e-01 9.7032343608e-02 -5.7931727562e-02 2.7892780681e-01
3.7546123726e-02 -1.9439850349e-01 1.2480590461e-01 3.5383002656e-01 -1.2033251390e-01 -1.9013450739e-01 -7.0057927909e-02 7.6469531564e-03 -2.2593404423e-01 1.9205819897e-01
1.8213061897e-01 -9.3090102510e-03 1.9336564023e-01 -3.1996690542e-02 -1.8092847291e-02 -1.8959763168e-01 -8.7163386583e-02 -9.0899932289e-02 6.7720713387e-02 -1.4900881815e-01
-9.0377584288e-02 7.4869426836e-02 1.4646941283e-01 3.2304590398e-01 -2.3454572315e-01 -1.6911778812e-01 -8.4425443622e-02 1.7720627603e-02 2.2999214186e-01 2.0034681064e-01
-2.7470259836e-01 -1.3456475706e-01 -4.4769383797e-01 2.0619338573e-01 2.2705915901e-01 1.8334867103e-01 -1.8124904498e-02 -5.5182941964e-02 2.2424249204e-01 -2.1462996543e-03
-2.1553146135e-01 -4.2257810425e-02 1.8235871952e-01 2.9049151538e-01 1.8100691994e-01 9.9457951293e-02 1.0055924868e-01 1.0960597861e-01 -1.4189885623e-01 1.0215263071e-01
1.9324052556e-01 -1.2726772181e-01 8.9763330219e-02 -8.8113432322e-02 3.2916549224e-01 5.5161735121e-02 -2.4210926272e-01 -6.9055849736e-02 -1.2059827579e-02 1.6361806385e-01
-9.3603904609e-03 -1.0502481040e-01 -2.9214403050e-02 8.9894902983e-02 -2.3919228798e-01 1.9342773034e-01 -1.6293385782e-01 7.4753080327e-02 2.0077002730e-01 3.5828885936e-02
7.8981351671e-02 1.8251029007e-01 -3.2434894371e-03 3.5907852343e-02 -2.1251727597e-02 3.6256397685e-02 -2.5209519903e-01 -3.3432180177e-02 -9.1245640397e-02 1.1495484657e-01
1.9110526420e-01 -2.3147831139e-01 2.7204079656e-02 -2.2007588243e-02 -1.1830183240e-01 -1.0213788623e-01 -7.4072477992e-02 1.5765679821e-02 2.5204154866e-01 -1.4483967248e-02
-1.9571593215e-01 2.0882934070e-01 2.7066272803e-01 7.7056433250e-02 -1.8596251963e-02 2.3464764747e-03 -1.3059257826e-01 2.5464476118e-01 -1.8726493459e-01 -9.0821544203e-02
-2.4798740409e-01 8.0187123003e-03 3.0576289917e-01 -9.1523528035e-03 -5.9282738223e-02 -7.2376943380e-02 -1.9532310947e-01 -1.5137269879e-01 1.7614654440e-01 1.5785178571e-01
-1.6289011683e-01 1.9421409186e-01 -2.5372701000e-01 -2.1640651496e-01 1.3210765266e-01 -2.0831220248e-01 4.0613718536e-02 2.0057513868e-01 -1.2392394309e-01 1.4458989127e-01
6.2641426244e-02 2.3892030900e-01 4.2822841727e-03 -2.1603550167e-01 9.8334586022e-02 3.7930627659e-01 -2.2427577803e-02 1.3758660619e-02 -7.3486086300e-03 1.7210432901e-01
-1.6822060192e-01 2.6389116445e-01 -7.4230167246e-02 3.0114021052e-01 1.9076202387e-02 -6.8958363976e-02 -2.2225859142e-01 1.5423343540e-01 -1.7970982959e-01 4.3580259330e-02
4.1880592803e-02 -2.1593093917e-01 9.9930945171e-02 2.0494024977e-01 3.6124878703e-02 -1.1316718662e-02 -3.9713843900e-02 -2.7987698009e-02 -2.7647712365e-02 3.5034772358e-02
1.5803867724e-01 -2.1212415825e-02 1.1222442125e-01 -1.5454985234e-01 2.7560996606e-01 -2.9949562299e-01 -2.6915501954e-01 1.5437305614e-01 -1.1036887336e-01 3.4653503924e-02
-3.4705056797e-01 5.6845130617e-03 -1.4726976743e-01 1.6277203755e-01 4.2727104324e-03 -4.1406877174e-02 1.2965678306e-02 -1.4269581350e-01 -1.2399546033e-01 2.1405533171e-01
-2.1970569299e-01 -1.7427238474e-01 2.0356836380e-01 6.1334592054e-02 -1.6349188469e-01 8.9545747273e-02 1.1787444831e-01 2.8948386762e-01 -3.5155889531e-02 -1.1449373899e-01
-4.6892163091e-02 3.2296759991e-02 -3.3950087634e-01 2.4626008778e-01 -1.1977012382e-01 -7.7534170028e-02 1.4258749242e-01 1.1862552148e-01 -5.9688604084e-03 2.0804982385e-01
4.0162755689e-02 -3.9902889714e-02 2.2510163152e-03 -1.6610710637e-01 -6.6908931768e-02 -1.3873535805e-01 -1.1843164001e-01 1.6481504485e-01 -1.4628532556e-01 1.4737731933e-01
-2.2850550611e-03 -1.8615631459e-01 -3.2044971760e-01 3.8727539734e-01 -8.5441175073e-02 1.4684573668e-01 2.6285631442e-02 9.7730382379e-02 -2.1765259124e-01 7.2479339114e-02
4.5139137460e-02 -1.9866418569e-01 1.9604914522e-01 2.1486818286e-01 -2.1591543011e-01 -1.1278900753e-01 1.5050527432e-01 -2.5996552574e-01 -6.8381340160e-02 -1.1754393387e-01
1.2599110344e-01 8.5592531944e-02 -1.4028462633e-01 8.5005159434e-02 9.2252335255e-02 4.5129335337e-02 -8.0437550050e-02 -2.4045498631e-01 -1.0216139640e-01 -2.0849454310e-01
1.3866251269e-01 7.6822244368e-03 -3.4582387325e-01 -4.8518021162e-01 2.0869296405e-01 1.8267538769e-03 4.1376009252e-02 2.5270782314e-02 -4.2893192863e-02 -2.3147295476e-01
-1.2453951468e-01 1.6001680090e-01 -5.5458475853e-02 -6.1993950409e-02 -2.2214371852e-01 1.2636438320e-01 2.0316961896e-03 -2.2679446539e-01 5.9998548685e-02 -2.7012661837e-01
1.2911432673e-01 -8.9616230530e-02 2.7182598790e-01 1.3584478505e-01 1.5957794640e-01 3.9579510745e-02 -2.5708528992e-02 -8.0685097705e-02 -7.9742141843e-02 -1.4352699843e-01
2.0426061840e-01 2.7156263743e-02 -1.4248131561e-01 3.8136336529e-02 -7.9443174711e-02 -9.9790174159e-03 2.1674966855e-01 2.4228280630e-01 -2.5849901507e-01 -1.5796160812e-01
-2.2041731056e-02 -1.4476571655e-01 3.0919621743e-02 1.6906524898e-01 -6.0991920811e-04 1.8541430816e-01 -2.0831701481e-01 2.5118125539e-01 -2.0272854330e-01 -6.1270674712e-02
4.8536192918e-02 -4.2954236272e-02 -1.3637544829e-01 -1.2768082855e-01 -2.4649112281e-02 -4.6228408851e-01 1.0818232842e-01 4.4893814248e-02 2.3184234190e-01 3.2874278312e-02
1.8458331745e-01 1.4193472182e-01 -9.0134641299e-02 3.0570672468e-01 -3.3089518613e-01 1.1911128510e-01 -1.6809237451e-01 2.2916112532e-01 -9.6184111313e-02 1.9830499592e-01
2.6860848782e-02 -2.5487405863e-01 -1.6734440432e-01 -2.2312923801e-01 1.5145744203e-01 -1.3813363623e-01 2.8527646030e-01 3.0857375989e-01 -4.4255477240e-01 5.6855857732e-02
6.3246772863e-02 -3.2768483937e-01 -1.1121905748e-01 -2.1701655879e-01 -6.0460568381e-02 -8.6598278184e-02 -3.8203579689e-02 2.6118477834e-01 4.9968796933e-04 -1.4366419515e-04
1.8684278464e-01 4.1774495261e-01 -4.8543787692e-02 -5.4398778219e-02 8.2470421133e-02 -2.1942634874e-01 -4.5472310028e-02 -1.2527543968e-01 1.7297415843e-01 -2.9278420937e-02
-2.5473473283e-01 8.4701287555e-02 -2.9417728724e-02 1.9432444169e-02 5.6015638819e-02 1.7695189071e-01 8.2259745602e-03 -3.0316281567e-01 1.0376886245e-01 1.0644158730e-02
2.2441561084e-01 1.3592840135e-03 1.0818062758e-01 1.5266337235e-01 1.5641999708e-01 -1.9616165813e-01 -4.2297510168e-02 2.7944894232e-01 -1.4068058118e-01 -1.0655377959e-01
-1.0440385854e-01 2.6864845251e-01 -5.4301231817e-02 -1.3720446448e-01 6.9471986835e-03 1.3559489313e-01 2.2101605809e-01 -2.9215995044e-01 1.4134602238e-01 -1.0892597172e-01
1.0392451410e-01 -2.0756998767e-02 9.4016944615e-02 -2.1355077590e-01 -1.4810967852e-01 1.5804189263e-01 -2.6414418972e-02 2.1196275651e-01 -7.2062983183e-02 -3.6012079090e-02
-1.6495254077e-01 4.4771374326e-01 6.3050494462e-02 -3.4030456838e-02 1.4646164861e-01 -2.3631308074e-01 -9.8103301212e-03 -1.7484838006e-02 -1.8305547323e-01 1.4085865749e-01
2.4431370002e-01 1.8706827034e-01 -3.1804452980e-02 -1.6365679307e-01 -1.6930288485e-01 2.3812815700e-01 1.2516191133e-01 -2.8257077013e-01 -8.7281207513e-02 4.8979337811e-02
-1.2688031588e-01 2.5603115989e-01 -5.7822013384e-03 -2.5128749741e-01 2.2638481086e-01 -1.3996232889e-01 1.3797152065e-01 -1.4308226608e-01 -2.8844899886e-01 2.2598329298e-01
1.1114314545e-01 1.2305888390e-02 2.2019245365e-01 6.1669426477e-02 2.9710485866e-01 -1.6046868737e-01 -1.3298761958e-01 -8.1613432476e-03 1.7935341456e-01 -3.2512435979e-01
-2.9524992505e-02 -9.8526055636e-02 -1.5612638697e-01 1.0317369081e-01 1.5936388936e-01 -8.9368233967e-03 2.4856472445e-02 1.0738657709e-01 1.4391561835e-01 -3.8190028573e-02
-3.6516168526e-01 -1.2270109022e-01 -1.4809093795e-01 7.8103828431e-02 1.0879501653e-01 -1.1812811361e-01 -3.4556335859e-01 5.9951713075e-02 4.4417844282e-02 3.3501009400e-01
-7.9270463462e-02 2.1992712124e-01 -1.4035629842e-01 -5.6227330199e-02 2.0731193421e-01 6.7177810714e-03 1.4265300055e-01 -1.6939356270e-01 7.0850463461e-02 -4.5805717755e-02
1.5931671898e-01 -6.2755384422e-02 1.7430283448e-01 -2.1594441541e-01 -1.3910912280e-01 -1.1618948730e-01 1.4472055942e-01 -3.1941146501e-02 -3.0353048997e-01 4.0894050891e-03
-2.5232233742e-01 -8.8037282735e-02 1.1190188103e-01 -1.3910936764e-02 1.6097275006e-01 -2.8611289042e-01 1.4630175721e-01 -1.9981247277e-01 1.7904991325e-01 7.9324395488e-02
-5.7257199981e-02 2.3836837835e-01 4.4274450002e-02 1.5873213511e-01 -3.9104715711e-02 -1.0463862794e-01 -2.2831981446e-01 2.5537371985e-01 -9.9756942730e-02 5.4380599428e-03
-1.5469583321e-01 2.6134087945e-02 1.8053822879e-01 1.5818841275e-01 1.0049927996e-01 1.6304728085e-01 -1.5577246798e-01 -1.9279359998e-01 -9.0573424638e-02 -9.0331749565e-02
1.6068917469e-01 -2.3248564213e-01 1.4602144665e-01 -5.0652582438e-02 1.7529592362e-01 -4.2704638916e-02 -1.1891321300e-01 1.0889572880e-01 -1.5532752137e-01 -2.1195804220e-01
2.8135509320e-02 -8.8433648639e-02 -1.6658397230e-01 -2.8601181822e-02 9.4377732675e-02 3.9202117066e-01 9.0873930199e-02 -2.2786373234e-02 -8.0652334803e-02 -1.9220774538e-01
-4.2345303462e-02 1.4399359065e-01 -9.6786805685e-02 1.4541852294e-01 5.7905487124e-04 -3.1042498846e-01 -1.2709331604e-01 1.0332839299e-01 -2.7301642411e-01 -9.5672420349e-02
-7.1877931505e-02 2.1473963419e-01 -3.3575648539e-01 1.0240499255e-02 1.2508650673e-01 7.9086717804e-03 -2.0140389012e-01 1.2236171200e-01 -1.2269897148e-01 2.0341596485e-01
-8.3596850280e-02 4.1485598696e-01 1.5682446614e-01 1.7382384587e-01 -1.3298204547e-01 1.3472670992e-01 1.0984703352e-01 -6.4228354487e-02 -7.9240057961e-02 -7.0890264471e-02
3.0023901767e-01 -1.4715401338e-01 -2.2807273276e-02 -1.4750194701e-01 -2.9172018433e-01 -1.1041989553e-02 -1.1773669799e-01 2.6268949794e-01 -1.7873406593e-01 1.8903865529e-02
9.3506463221e-02 -6.1145262378e-02 -1.3380251937e-01 -1.6534262395e-01 3.2842384135e-02 -3.9821978977e-02 -1.0760364764e-01 1.5946271528e-01 1.2449102505e-01 1.1726560923e-01
3.4821624769e-02 1.5346560628e-01 -5.5138915099e-02 1.4421054298e-01 -2.2728296944e-01 -1.2745908435e-01 1.2583746857e-01 5.6826509183e-02 1.0557115375e-01 -2.7339035750e-01
1.0356292254e-01 -3.4054157280e-02 -3.7860246853e-01 6.5318034563e-03 -1.4279484174e-01 1.7857147339e-01 1.0071174130e-02 8.6814145539e-02 -2.7675132090e-02 8.2372465699e-02
2.4804623025e-03 -1.8072468187e-01 2.0219472818e-02 -7.1945298857e-02 1.0465942876e-01 4.1495093461e-01 -7.0577995651e-02 -2.6125395120e-01 -1.4205309474e-01 -1.7420883215e-02
-5.3753446785e-02 -2.4030736414e-01 -2.6439174104e-02 -1.6455441302e-02 1.4219169412e-01 5.7599301522e-02 2.9817147293e-01 -2.2269124164e-01 -1.6893092195e-01 1.2983623589e-01
-4.0666807747e-02 -1.0132507930e-01 -6.8790216597e-02 -1.0687868033e-01 2.3712296573e-01 -4.4393675810e-02 -1.4110816053e-01 1.7855797364e-01 -2.2580665608e-01 3.0062283223e-01
