1.1280018442e-01
5.7046364696e-02
-7.7497366133e-01
-9.8970817941e-01
-4.5269466472e-01
3.3768939755e-02
-1.9240832704e+00
-4.2427968815e-01
-9.2220294777e-01
-4.5319723185e-01
-1.1463900673e+00
3.4288022917e-01
-2.3429158075e+00
6.2637966330e-01
-2.8546143392e-01
5.8791755736e-01
-8.1107887003e-01
-2.3047031720e-01
-1.0414520424e-01
-1.4931480286e+00
-2.3074434710e+00
-8.6504188586e-02
1.9949433806e-01
-5.9370395454e-02
1.2192570856e+00
3.8691822763e-01
-1.6789288017e-01
5.8215036641e-01
-1.3171952653e+00
-3.7651276464e-01
-1.1832676080e+00
-3.8137988836e-01
6.4965389532e-02
-1.6116479680e+00
-2.1877681494e-01
-4.1861464236e-01
-3.8309069383e-01
-6.5315433806e-01
6.9779929992e-01
7.9364164876e-02
4.1187758062e-01
-1.1681535451e+00
3.7102258659e-02
-4.1588127784e-01
-2.3191877369e-01
3.6353377977e-01
-5.6845203630e-01
4.4746080749e-01
-2.8911328006e+00
9.7921221260e-01
-8.6930985717e-01
2.6964561483e-01
3.7993213922e-01
1.1388782116e+00
1.2045087007e+00
7.2995903914e-01
-8.8403073776e-01
-3.2527906529e-01
1.0467033248e+00
-9.2634259119e-01
-1.6591957374e+00
-4.2188078656e-02
2.1359956133e-01
-8.3822861115e-01
1.3541241578e-01
-4.9932906377e-01
7.4437641018e-01
-6.5201033222e-01
-4.9155877367e-01
-1.2033355338e+00
-1.8643244829e+00
-5.9284661422e-01
-6.2731855869e-01
1.4813433928e+00
9.0108065998e-02
-1.8298713067e-01
-5.6874351548e-01
-9.0163695571e-01
-1.0161957126e+00
-7.6214700462e-02
-5.3536652068e-01
6.5862836378e-01
-2.2965521072e-01
-1.2027098421e-01
8.4401921756e-01
7.7803052881e-01
-1.1694610318e-01
-6.2959625342e-01
9.8433320130e-01
9.9963655694e-02
-7.1884578433e-01
-7.3010915182e-01
-3.4108701152e-01
-4.4990209050e-01
-8.6778475402e-01
-2.7446225824e-01
-4.7699453202e-01
-7.5905366931e-01
-4.5255644430e-02
-1.7651298978e+00
5.3839074509e-01
6.2399051939e-01
-3.7223109141e-01
-5.4857087660e-01
-1.9816597132e+00
2.0850659454e-01
-2.1033425717e+00
-8.4776180403e-01
-1.7218709194e+00
-4.5303651275e-02
-2.8390671703e-01
1.0763935012e+00
8.7938107687e-01
-1.5591699799e+00
-7.0064546559e-01
2.5995632223e-01
-4.2071590418e-02
-1.6155462807e-02
-2.5506121574e+00
-7.3253126947e-01
-4.2914079295e-01
1.8069674306e-01
-5.6361372966e-01
-4.8097340935e-01
-2.1526393131e-01
-2.1106398892e-01
1.4368073917e-01
-8.2928731167e-01
-1.6885332076e-01
-1.8294164808e-01
-2.7677124284e-01
-2.3785492291e-01
7.0840218192e-01
1.0465904359e+00
1.8487632499e-01
1.5842410385e-01
1.9473091238e+00
-9.8322301173e-01
-1.3244047572e+00
1.8268692900e+00
-5.8704126995e-01
4.6589229290e-01
5.6530447561e-02
-9.8067380587e-01
-1.0595193597e+00
-2.1915762447e-01
1.3880579711e+00
-8.7706632481e-01
-2.6576923768e-01
1.0745688894e-01
1.8078239075e+00
-1.8657388732e+00
2.0737076897e-02
-1.9791844490e-01
-7.9582478570e-01
2.4728511180e+00
4.8833257964e-01
-8.3247138851e-01
-1.4536188681e-02
-3.2355544101e-01
-7.5923659153e-01
-1.4723171082e+00
-8.4894102319e-02
-1.2382291384e+00
-6.2609587311e-01
-2.5924276427e-01
-1.9465735477e-01
1.3788742423e+00
-1.4141655886e+00
1.0277027917e+00
-1.2000419606e+00
-8.2484505338e-01
-1.5840597082e+00
-9.7846447900e-01
1.4396753463e-02
-1.8018137696e-01
-7.1235424888e-01
1.9338417013e-01
5.4124121706e-01
1.0191404847e+00
-1.1298718593e-01
6.3817109759e-02
7.9883346033e-01
