-5.5972389624e-01
-1.5343556011e+00
-1.1525538696e+00
1.0271531126e-01
5.6570794637e-02
1.6443979852e+00
-7.7462794692e-01
-3.3972862051e-02
-6.6736784959e-01
-1.2409254154e+00
9.7258735586e-01
-1.1129623525e+00
1.0285091465e+00
1.1919451257e-01
-6.7233990968e-01
1.0548205060e+00
9.0814040415e-01
2.5549503619e-01
7.6359357871e-01
3.5909270780e-02
-1.0472804575e+00
-1.0112185571e+00
-2.2489719431e+00
-7.9651097920e-01
-1.2542238995e+00
4.9527534589e-01
6.9033398360e-01
-1.5338052830e+00
-1.3203825193e+00
-3.3053216055e-01
-1.6164433581e+00
-8.0146600935e-01
-6.2253367596e-03
-4.5226982089e-01
1.0179583335e+00
-1.0888423795e+00
2.3459527251e+00
-5.6181030698e-01
-9.6321342234e-03
1.1463064299e+00
1.8921952452e+00
-3.4174959388e-01
-9.7037631171e-01
-2.2808623277e+00
-1.5549127645e+00
5.8048873499e-01
4.5755894251e-02
1.2696199760e+00
-1.6692751127e+00
-7.7903799179e-01
4.3043477291e-01
-8.2433420933e-02
-1.4352469294e+00
-4.2378511391e-01
-2.7923125226e-01
7.1366809898e-01
2.1998469844e+00
7.3449925658e-01
-9.9041391375e-01
9.9180237310e-01
1.2850938714e+00
2.7890816659e-01
4.1930486843e-01
1.3901869626e+00
-2.7989987585e-01
8.6671598841e-01
1.0802259654e+00
2.5299468185e-01
3.6973462132e-01
-5.0571782366e-01
2.3857727465e+00
2.4847281129e-01
6.2174565152e-02
-7.7039501533e-01
-2.8266027154e-01
-2.4791216316e-01
-3.0996810073e-01
1.0523157830e+00
3.2211838688e+00
1.1054848929e+00
9.3385073148e-01
-2.3523736254e-01
1.2728852450e+00
-4.3554421344e-01
1.3948441282e+00
-7.3722164880e-01
-2.9118687663e-01
-1.9631444410e+00
-1.3110934475e+00
5.7675553883e-01
3.7832093139e-01
1.0904843431e+00
3.5926088475e-01
1.2272660781e+00
-1.5092864293e-01
-2.1288098353e+00
-8.2060444641e-02
8.1245799935e-01
1.4707031744e+00
-6.8325424478e-01
-2.1404187633e-01
1.9770742377e-02
5.1559802751e-01
-1.2683515427e-02
2.2041275389e-01
2.0108978333e+00
-1.2419512444e+00
6.1204038235e-01
1.3145115795e-01
1.8132116524e-01
1.1380731051e+00
1.1501708227e+00
-2.4072392782e+00
4.9738770462e-01
3.1982374711e-01
-1.1600868673e+00
-9.7661266450e-01
6.5591660198e-01
