-1.3978405349e-01 -9.9297930755e-02 -1.0254144327e-01 8.8927707466e-02 5.8213185674e-02 2.4026884876e-02 -1.9694491111e-01 8.7622582346e-02 -2.1930259706e-02 1.3199645770e-01
9.6507088937e-02 1.4425303998e-01 -7.7395860084e-03 1.4068670479e-01 2.8732177562e-02 5.8456819960e-02 -7.4144450227e-02 -1.5041456018e-01 1.4488415505e-01 -1.3224463442e-01
-6.7345426461e-03 1.0612726100e-01 -1.6415242093e-01 -7.9825203119e-02 3.5111441953e-02 -2.8188302055e-02 9.3431800866e-02 -4.0963697609e-02 6.5248714139e-02 1.8751903951e-02
2.0676290914e-02 1.4898478603e-01 1.2355868353e-01 -1.3543364913e-01 -8.7781829915e-02 2.0496046966e-02 -1.1256763388e-02 1.8715334441e-01 -6.5898652931e-02 -1.0488340714e-01
1.9936026667e-01 -7.9093963827e-02 -1.1239251457e-01 1.7155468822e-02 -1.8635115912e-01 2.2460224681e-01 -4.9143915674e-02 -1.3218848259e-02 -8.4574211422e-02 1.7037311789e-01
1.2423928098e-02 -1.9097085586e-01 5.0556046882e-02 1.5623934841e-01 1.8487400247e-02 -2.8523102589e-02 1.9384771574e-01 -9.8668946412e-02 -1.4122194306e-02 -5.7925248926e-02
-1.9907869283e-02 -3.5069991090e-02 -1.4008538438e-02 -3.3175594164e-02 -2.0107405802e-02 2.2496095637e-02 2.6809155740e-02 7.5239836814e-03 5.6371980936e-03 -1.3392581195e-02
8.8518787268e-02 1.1017718629e-01 2.7546228521e-02 3.0485424652e-02 8.7880750460e-02 -3.5882443746e-02 3.3911221453e-02 -2.7897383953e-01 5.4610441809e-02 -1.1367373458e-01
-4.4853393256e-02 -3.4689108604e-02 1.0949778175e-02 -1.0765511816e-01 2.2300647715e-01 -6.6938973049e-02 2.5862046875e-01 9.7370600433e-03 -8.5178786058e-02 -7.7702385458e-02
-2.7488486881e-02 5.4391165917e-02 2.3174639573e-02 -2.5747830597e-03 6.7005226364e-03 7.8280300423e-03 2.3674959745e-02 7.9325519692e-03 -3.2620538848e-02 -1.0686430545e-02
4.3288330800e-04 2.2055203563e-02 4.7346016758e-03 -5.4211942403e-02 -1.0040200675e-03 -3.4718588217e-02 -7.9992974506e-04 4.4111510330e-02 -7.5943350010e-03 -7.9615138364e-04
-8.0223405200e-02 4.7934674163e-02 -1.9783168378e-02 7.2041085707e-03 -9.6247523161e-03 -1.5002805347e-02 -6.7869908023e-02 3.3043000821e-02 1.1719016336e-02 8.5003319064e-03
2.3239571809e-01 -1.0899446439e-01 1.8925625168e-01 -1.5892199930e-02 -6.1265487659e-02 -7.6779319924e-02 1.5452245702e-02 -1.1569932115e-01 -7.8416017342e-02 -4.4900155463e-02
1.3943794422e-02 2.2719144874e-03 2.2215947177e-02 1.9970542666e-02 4.5793653736e-02 -1.1149847325e-02 2.2268489356e-02 -2.7081694743e-02 1.0558784987e-02 2.0731187630e-02
6.5336682528e-02 -5.4675437661e-02 4.3348999896e-02 -2.4585848810e-02 6.9729442334e-02 6.4885477412e-03 2.5857192539e-02 -3.8894649223e-05 3.3620069601e-02 -3.9301164625e-02
-1.5767048139e-02 -9.9363421331e-03 3.7580073053e-03 -2.0039969367e-02 1.0533373557e-02 3.0956708143e-02 4.4133770743e-02 3.2465326800e-02 1.0245525440e-02 2.0229882125e-02
1.1525909293e-02 2.8936103405e-02 -1.9229059901e-03 -6.6676588325e-03 5.6430046125e-02 -1.0666300012e-03 5.6579123328e-03 -2.0633139961e-02 3.3705870102e-02 2.4117700978e-03
-4.5677360292e-02 4.0375128365e-02 3.1013492930e-02 1.5979783001e-02 7.3250601215e-03 4.2093256654e-02 2.1880722330e-02 1.7896378970e-02 1.5950309453e-02 -2.9763862301e-02
-4.4656609299e-02 5.6727063013e-02 9.3163917571e-02 -3.0179988078e-02 -7.5380031521e-02 -2.7536980794e-01 -5.1751421587e-02 -1.3970662284e-01 2.5708211979e-01 9.9289490203e-02
6.4600853256e-02 -2.1655274148e-02 -1.4258359789e-02 -1.4653046966e-03 -1.0937127254e-02 -4.3613790675e-03 7.8453428596e-03 9.0412994659e-03 1.0521387473e-02 -1.5151904109e-02
1.5949747799e-01 -9.6769343549e-02 -1.4128787190e-01 1.1134539259e-01 -2.8361844862e-02 -6.6899467873e-02 -1.1262046231e-01 9.3247820711e-02 -5.3231613312e-02 1.2001628754e-01
-3.0448799107e-02 4.8768474080e-02 4.3053228977e-02 -6.0228874022e-03 -1.3915896570e-02 2.8159556952e-02 -9.4302170710e-03 -2.0294588327e-04 1.0497930099e-02 -3.0119902902e-02
8.8054362374e-02 -1.4540643071e-01 1.3729723395e-01 8.1149382414e-02 -2.3762711549e-01 4.3630045135e-02 6.2088979140e-02 -2.4168617314e-01 9.9075456704e-02 -6.1315167060e-03
-4.0887811421e-02 1.8471441336e-02 -1.3330006598e-01 8.9499455313e-02 -4.1688163900e-02 4.6817132564e-02 7.9808765854e-03 -1.8789088644e-01 8.7045604088e-02 1.5593576894e-01
-8.7382350718e-02 1.0803158594e-01 9.6816215561e-02 6.6036578599e-02 -1.4620545170e-01 -1.1007616976e-01 -1.7849916454e-01 -1.6358135230e-02 3.3813939720e-02 1.9362614814e-01
6.3065840174e-03 6.1211555045e-02 4.1290589811e-02 7.7107634804e-02 -2.3803448397e-03 -1.1403440269e-01 -1.7818116133e-01 -1.8954571259e-02 3.7636354876e-02 -1.3319749120e-02
9.4212914648e-02 -1.7639761791e-01 9.2135389071e-02 1.4301180742e-01 -6.0012018801e-03 5.5377999749e-02 -2.0589187044e-01 -3.2650079562e-03 3.4310905280e-03 8.9259355403e-03
8.2521441224e-02 -7.0731261038e-02 1.8099136910e-01 -6.1992590534e-02 6.8829263785e-02 -1.1506113286e-01 7.9304252730e-02 -6.4572064298e-02 -9.8427822469e-02 3.6757669090e-02
-2.0027649866e-02 -4.4203990581e-02 -1.0101424379e-01 -9.1305041641e-03 1.6426365812e-01 -7.2531051699e-02 -6.5113991103e-02 1.1610166154e-01 -2.6912372156e-02 -5.8141248771e-02
3.6023213020e-02 -2.0473937499e-01 2.1493006195e-02 1.6397432374e-02 -5.9871460291e-02 -1.4723490451e-02 -5.4431837451e-02 1.3815912797e-02 1.1896996502e-02 5.1158260883e-02
-1.4067342481e-01 6.6415016677e-02 8.2293597968e-02 -1.6973205251e-01 4.5665221520e-02 -2.7357351332e-01 4.2942373621e-02 1.0164777624e-01 1.1089200489e-01 5.6543283584e-02
1.1578139256e-01 1.4849850805e-02 1.8232070033e-01 -3.7458944893e-02 -7.2371296826e-03 -2.0223236051e-02 -4.9639310989e-02 2.4098114171e-01 -1.2486900727e-01 -1.0932681524e-01
-4.9889167950e-02 3.6759010054e-02 2.8057257787e-02 2.8211794587e-02 -5.8442737373e-03 -2.1090426793e-03 1.6547248320e-02 -1.6469260649e-02 2.2057962687e-02 -1.2398796785e-02
3.0595236387e-01 -1.2170692232e-02 6.4630802014e-02 -8.1830587056e-03 -4.0762226283e-02 -1.3709711205e-01 6.5620956997e-02 -2.1160644659e-02 -5.7169779867e-02 -2.4617337413e-02
-1.2992632541e-01 9.2159090234e-02 -6.4593491424e-02 -5.4885813876e-02 1.4133079730e-01 -1.4446216930e-01 -1.2410393547e-02 -3.9478982613e-02 1.0467144418e-01 -1.4448953965e-02
8.2754970706e-02 1.5771709794e-01 -2.8868734142e-03 -1.2263992604e-01 -1.3401947055e-01 2.1774002218e-01 6.4669210830e-02 4.8209058063e-02 -1.3803528047e-01 -1.1233394042e-01
4.3344168333e-03 5.9143929578e-02 2.5914783210e-02 -3.8092901408e-02 -4.9869084926e-03 -5.4078651339e-02 4.6422435455e-02 -1.4997381370e-02 9.7118705455e-03 -4.3007945506e-02
1.5477603695e-01 1.5514604889e-01 1.5810477773e-01 -7.7776470765e-02 -8.2842042009e-02 -9.8049534535e-02 -9.0403472755e-02 5.3888996270e-02 7.8671129921e-02 -1.5629458828e-01
3.5553204787e-02 -1.0875066968e-02 -1.7040971641e-02 2.6042775892e-02 -3.5402522651e-02 -1.9838741712e-02 -4.0882289813e-03 -3.1473625402e-02 2.0872124428e-03 -4.5463110782e-02
4.7252125827e-03 -1.6454548611e-02 3.0624540209e-04 -2.2380637811e-02 4.3885916900e-03 1.2401347023e-02 2.0830400132e-02 3.0522176940e-02 4.5381912181e-02 1.1104777009e-02
-2.7718653759e-02 2.7750978588e-02 5.6443234909e-03 3.6837595202e-02 7.0044862801e-02 -1.2358927619e-02 4.2327525462e-03 -1.8505649480e-02 3.4770487960e-02 7.3261499487e-03
6.5063084964e-02 -8.9263176704e-03 -1.1031099928e-02 3.5073110246e-02 6.7636658539e-03 -1.5801294607e-02 -1.3286732730e-03 -1.2288808950e-02 2.2030672328e-02 2.6365808268e-02
-6.4023429987e-02 -4.4023862541e-02 3.9616123577e-03 -8.0945980314e-02 9.2200581767e-02 -1.0365807219e-01 2.0175564843e-01 -1.2808871123e-01 9.6819338527e-02 1.2746286425e-01
1.5000661787e-01 -1.5499142706e-01 -1.2980314280e-01 1.0758299920e-01 1.5124054363e-01 7.2486794212e-02 1.1610213844e-01 -3.5955623290e-02 -7.6870456462e-02 -1.4436065078e-01
-3.7853000542e-02 1.3149547075e-01 7.4553500607e-02 -3.3886158186e-02 1.3674331386e-01 -1.0865849298e-01 3.4510730402e-02 3.0000977794e-02 5.4788395936e-02 -1.6027586722e-01
-2.3186088345e-02 -1.9783640867e-03 1.7735843109e-02 -2.4368473316e-02 -5.4637905529e-03 3.7550077256e-02 -1.9690084128e-03 -2.0749235903e-02 2.1641899886e-02 2.0691690139e-02
1.2130867967e-01 5.3142754659e-02 2.7670550639e-02 2.1408757511e-02 -1.5359710404e-01 -6.2357082541e-02 6.9101957245e-02 -1.2718167130e-01 1.1511669336e-01 -1.1632779620e-01
8.7648918304e-02 -1.6620688357e-02 -7.2885892488e-03 -1.5821295265e-02 -9.1949738139e-03 -4.1483047489e-02 -3.5737841987e-02 4.5325297994e-02 2.0877421572e-02 8.3277773534e-03
1.2693779603e-01 -4.5694576014e-02 -8.1872807533e-02 -1.6124789189e-01 8.0777987962e-02 1.9883966045e-02 1.1127115947e-01 5.3038301896e-02 -1.5771711555e-01 1.3538334251e-01
-9.3365814295e-02 2.2323595412e-02 2.8011136124e-03 -7.1138481925e-03 -4.4713606901e-02 -6.0817957912e-03 -3.4770027666e-02 -1.1237866915e-02 -2.8305840534e-02 1.2969479243e-02
1.7519946242e-03 7.3350786746e-03 -3.2359886512e-03 2.6990977109e-02 2.7085194337e-03 1.9782093784e-02 -2.0912727928e-02 3.1124152739e-02 4.5098841217e-02 1.2211187386e-04
-2.1532542463e-02 -3.3677386617e-02 -2.6705292048e-02 -2.8559937840e-03 -2.6967065980e-02 -1.8552581140e-02 -2.9747458538e-02 -9.9960307857e-03 -6.9723582620e-03 -2.6285000004e-02
-3.0353262777e-02 -3.2097593335e-02 4.8745193405e-03 -4.0966310330e-02 3.6066298500e-02 -4.0579294284e-02 3.0190173102e-03 1.5018537702e-02 -3.2867601584e-02 -8.9747010674e-03
6.7489467171e-02 1.1128655151e-01 -6.0740398275e-02 -1.0523825847e-01 -6.5489121183e-02 2.0568060128e-01 -5.2990748872e-02 1.9519711148e-01 -7.8163156968e-02 -1.4057185507e-01
-1.1203682475e-01 1.4419825167e-01 -4.2777886927e-02 -5.7772729877e-02 -1.4251262399e-02 -3.2635595410e-03 -1.3607154603e-02 -6.6295309673e-02 1.9994874087e-01 -1.3730112189e-01
-2.1738021419e-01 2.3383722586e-02 1.4731842761e-01 5.2418546785e-02 -5.8910840029e-02 -2.1077217798e-01 -1.6449425169e-01 2.0601461007e-02 1.4314559138e-01 1.1730035067e-01
8.2858496239e-02 7.1132322587e-02 8.2779466498e-02 -1.6673495761e-01 -6.6777559145e-02 -1.5019980172e-01 8.5093378876e-02 1.3996604619e-01 -3.5787534651e-03 -1.0031969794e-01
-2.6413010659e-02 1.5279716375e-02 -1.5605946010e-02 6.6103400305e-02 -7.2070151524e-03 2.8575274446e-02 -5.4012942596e-04 5.1966354593e-02 3.2336134836e-02 3.2154936401e-02
2.3034002304e-02 1.0374775529e-01 9.7632995587e-02 1.4236353030e-01 -3.8142642123e-02 8.8927376373e-03 -2.0917201700e-02 4.0728482324e-02 -7.5069169037e-02 -4.0976636908e-02
-4.8735901426e-02 1.3452742392e-01 2.2138300909e-01 2.1152562338e-01 9.5590528987e-03 -8.5624120049e-02 -5.5573873380e-02 1.3466483616e-01 -1.2672536015e-01 -1.2330192280e-01
-1.3845998079e-02 4.2117400462e-02 -3.6429075764e-02 -1.4698672814e-02 -1.1269964491e-02 -1.1306535155e-02 1.8252457315e-02 -1.4116756326e-02 7.3749351421e-03 4.0424390052e-02
-3.4493145863e-02 2.1761555479e-01 -7.7559587921e-04 -1.1215134949e-01 1.1585517485e-01 -6.3139650786e-02 2.7240638108e-02 -1.5122816031e-02 -5.1139399803e-02 6.2660181979e-02
4.6310896749e-02 -4.9133660639e-02 4.6028030117e-03 -4.0150779484e-04 2.2763169879e-02 4.9499789072e-02 1.4015395849e-02 -1.2223332423e-03 -4.4392025793e-03 -2.9494062888e-02
-5.2284333695e-02 1.9964433262e-02 1.3875735665e-02 8.9031388803e-02 7.8399297124e-02 1.8782916740e-01 -1.4290488834e-01 -9.3552784385e-02 -1.2382335891e-01 3.4258968986e-02
3.7141292411e-03 3.4136292663e-02 -5.3394206691e-02 1.1405600352e-01 -2.5549084866e-01 7.6543532524e-02 -1.1375777482e-02 -4.9943618057e-02 2.2410360568e-02 1.5457506467e-01
1.2188301837e-02 1.4652434029e-02 1.2259567091e-02 2.4758520669e-02 -5.3201043968e-03 5.4705955578e-03 -1.6940064573e-02 1.2701653202e-03 -2.7853518836e-02 1.6003753506e-02
1.0183429651e-01 -1.6438182337e-01 -7.5982515264e-04 -5.9895183723e-02 -1.0755433075e-01 -1.8451116615e-01 -3.0316759267e-02 8.0311220274e-02 1.5906823942e-01 1.3091830278e-01
-4.2531600740e-02 -2.7371156258e-02 -3.3585807594e-02 2.2049253979e-01 1.4268387134e-04 -8.2341147448e-02 -4.9249225285e-03 -8.8961663994e-02 -3.7745607986e-02 3.5954407612e-02
-9.6484650723e-03 1.0179993399e-01 -3.9107884923e-02 6.6760279008e-02 1.0254696532e-01 -6.1979262430e-03 7.8710035510e-02 -9.5423773499e-02 -1.6059063267e-02 -1.5212616311e-02
8.4087212573e-03 -6.8556508922e-02 -1.0459202162e-01 -1.4792656579e-01 6.1298460979e-02 1.2970250597e-01 1.1194411002e-01 1.6658566415e-02 8.7543299188e-02 -1.0355359220e-01
-4.2279061925e-02 1.2690213245e-01 1.0141724726e-01 2.3096768494e-01 -5.5538559770e-02 -1.1413892148e-01 -1.2914915205e-01 7.0685029294e-02 -1.2000656553e-01 -6.7248773487e-02
-4.9027916562e-02 -1.3049000085e-01 -4.6235827900e-02 -7.4287150737e-02 9.4426328069e-02 -9.6385928604e-02 1.0724057603e-01 -1.5034689367e-01 1.5246446854e-01 1.4507762298e-01
-3.9814064965e-03 -6.3533132341e-02 2.4437989367e-02 9.9852050894e-03 7.2612162952e-02 -5.2059496671e-02 1.2533470516e-02 1.5779746540e-02 5.1095270092e-03 4.5685619678e-02
1.4120503664e-02 -2.0951417397e-02 1.1053201054e-02 -2.4518797544e-02 -2.1091787748e-03 -1.6765438189e-02 -1.2653055038e-02 2.7253478788e-02 1.4164741713e-02 7.7448474029e-03
-6.2400100614e-02 2.0396054806e-01 -1.1043262001e-01 -3.4518760999e-02 -1.0087985365e-01 2.1652341391e-02 2.3234084782e-01 1.1780111381e-02 -4.5940177358e-02 -5.6877593362e-02
4.1248556739e-02 1.4991737565e-02 1.3837405539e-02 1.6279878085e-02 -3.0064259665e-02 2.5612747114e-02 -2.0319953579e-02 4.0404543961e-03 1.2512277191e-02 1.4881528612e-02
-7.4300489208e-02 -5.9009604280e-02 -5.0940331228e-02 -6.9955212175e-02 1.9449489336e-01 -7.0811761666e-02 -3.2154054054e-02 -1.7464341250e-01 8.4709094903e-02 1.4753228320e-01
-1.4401763629e-01 9.0008637567e-02 3.5131696200e-02 1.0812334625e-01 -1.2289538290e-01 2.7056219725e-03 8.8274109700e-02 -1.1151368309e-02 1.0046047775e-01 -1.1728879682e-01
1.2440262120e-04 -3.2287454148e-02 5.8818827724e-02 6.7856684121e-02 -1.2023220354e-01 -2.3834907110e-02 -1.4710808462e-01 -4.6122613617e-02 1.3704065411e-01 -1.8908493426e-01
-6.3177539626e-03 4.8631309492e-03 -2.4904678210e-02 3.0381239845e-02 -2.0200579151e-03 2.5034702346e-02 -4.6133333615e-03 1.2274041644e-02 1.7968786925e-02 -3.4978735877e-02
1.3220305710e-01 1.2238930709e-02 9.2607206477e-02 -2.2193663869e-01 9.5579487404e-02 -1.8527969162e-02 7.1546385166e-02 -1.7483143782e-01 8.6782270595e-02 -2.0885998158e-01
-2.3880659352e-02 -5.2183308439e-03 -4.4378739660e-03 2.8535091121e-02 1.5812795079e-02 1.1810879225e-02 1.6159620340e-02 -7.3109388426e-03 2.7425974475e-02 3.9648874207e-02
5.1740164236e-02 -1.2851487010e-01 -7.8414076510e-02 8.9678197321e-02 1.0973639882e-01 -1.1058406270e-01 -1.2141895006e-01 -7.5737645253e-02 2.3580635149e-02 1.0739695836e-01
-2.6667238779e-03 2.2159846693e-02 -1.8156669731e-02 1.1043585983e-01 -7.3916640793e-04 -3.6738806540e-02 7.4039938215e-02 3.2784050137e-02 -8.8090507981e-04 1.1959584419e-02
-2.4758212766e-02 6.5385508543e-02 -4.0101473363e-02 2.8666574446e-02 -4.6260603767e-02 3.8717764842e-02 1.4212838307e-02 9.7736280958e-03 -3.5899285912e-03 1.9953928482e-03
-9.0703779131e-02 2.2284035050e-01 8.6567399801e-03 -1.0176512972e-01 1.0501491765e-02 -8.3838044711e-02 1.0678940714e-01 7.8408450314e-02 -9.6586473363e-02 -7.9811619280e-02
1.4104719246e-01 1.1687476443e-01 -7.1739046029e-02 -8.9515783074e-02 6.1117318122e-02 -4.6017998549e-02 1.4033126444e-01 -1.2825457132e-02 -2.4037980557e-01 6.9128808902e-02
-4.7516310547e-02 -4.6018885850e-02 -1.2454735957e-01 1.7039803612e-01 2.0069855981e-02 1.8484585299e-02 -6.8752956741e-02 1.5538131168e-01 -8.8721210588e-02 1.1917005131e-01
-1.3461159700e-01 1.7311230495e-01 1.5755111879e-01 -3.1993501121e-02 -6.3681443810e-04 -1.2784985547e-01 -1.3341515730e-01 1.9638814765e-01 -1.5307270747e-01 1.1032328679e-01
-4.2444442022e-02 1.2511522815e-01 7.4360358497e-04 1.2313707554e-01 -4.5470932946e-02 1.3451614598e-01 7.3987448389e-02 -1.1550547277e-01 -6.5533054346e-02 -1.3136721873e-01
2.2481027741e-02 -3.2302649273e-02 -1.4958150250e-02 -2.8476820990e-03 -4.2468246149e-02 2.1178753614e-02 -1.2236595835e-03 -2.5859443313e-02 -2.8159015168e-02 5.8629934057e-03
1.8862210346e-02 2.5647474445e-02 1.1933531653e-02 3.3606553320e-02 1.0815495266e-02 3.6998485469e-02 2.1449363672e-02 5.2193784029e-03 4.6513806732e-02 1.4703692950e-02
8.7987984485e-02 -1.1302806836e-01 3.4562014834e-03 -1.0115052992e-01 5.7847078730e-02 -3.7824995863e-02 -1.1980296885e-01 1.4229861930e-01 -6.3229900729e-02 1.2958054038e-01
1.0527580400e-02 2.7823842195e-01 -1.5422931886e-02 -6.4348334416e-02 -8.4586403000e-03 -7.1756651311e-02 2.2752681640e-04 -2.4702532407e-02 -8.1440883628e-02 -2.3523892654e-02
6.5616825370e-02 9.9926677797e-02 7.3513086725e-02 -1.0814211218e-01 -1.4921275432e-01 1.0088920760e-01 -9.8637545829e-03 -1.3305996567e-01 1.2112680763e-01 -8.7232663382e-02
-1.9187636754e-02 2.5130714749e-02 1.9273818498e-02 -1.0524941343e-02 -3.2232144249e-02 -1.0327153585e-02 -3.9171278512e-02 -5.3345810660e-03 1.9569220834e-02 1.1570797677e-02
3.2241480361e-03 2.1453689917e-02 4.4085996844e-02 1.1699939640e-01 -4.0049443780e-02 6.8545449534e-02 -1.5369919434e-01 6.3360027038e-02 1.3048693633e-01 -1.2826944615e-01
-9.6567629873e-02 1.1989204594e-01 3.8822416275e-02 1.0589515666e-01 -1.9143486171e-01 9.8698180870e-02 -1.3579133282e-01 1.4612326373e-01 6.6284749347e-02 -4.9135072853e-02
2.0156264710e-03 -2.8877204739e-02 2.4810904177e-03 -4.3667062718e-03 3.6103362268e-03 -1.6928798588e-02 7.0826956119e-03 -5.4508466235e-02 -6.3931580025e-03 -1.9981407628e-02
9.6006910654e-03 -1.0317685753e-01 3.7623156390e-02 7.0118931786e-02 -1.4580122129e-01 1.4442800894e-01 -9.0183719934e-02 2.7942169304e-01 -1.9035371963e-01 -8.3058379138e-02
5.8410513596e-02 -3.8994059261e-02 -1.9168873577e-01 8.7636048924e-02 -1.4739278229e-01 5.6053588127e-02 -3.1301383525e-02 1.0921715393e-01 4.4557859265e-02 -3.3665558242e-02
6.5715095347e-02 -2.7929410919e-02 3.8829975075e-02 -3.0706506383e-02 -9.6455626175e-02 4.7376278168e-02 3.0133913103e-02 -8.6555707341e-02 3.5792966933e-02 -5.9233893599e-02
-1.8478131978e-02 9.5288632383e-02 2.2505985308e-02 2.0020692709e-01 -6.0124537283e-02 -6.9625281177e-02 -6.8305152669e-02 4.8063106264e-02 -1.0430019243e-01 1.6320894157e-01
-1.9604753552e-01 8.7846474692e-02 1.3840692792e-01 -1.5620712117e-01 4.9981520409e-02 1.7918516469e-01 6.6500135822e-02 -5.2610501139e-02 6.6493222730e-02 -8.5861097341e-02
9.9027748057e-02 -1.2227542511e-01 1.4598734770e-01 -2.8014056557e-02 -7.7500901259e-02 -6.6648595051e-02 2.8374104164e-02 -8.5215128931e-02 -2.2130181122e-02 -4.6296905481e-02
3.2076894881e-02 -2.5131493529e-02 -1.6204894970e-02 2.9795062570e-02 1.9767682302e-04 -4.6967509538e-03 4.8874307373e-03 1.1226248792e-02 3.0670839766e-02 -3.4590526022e-02
1.0103987202e-01 2.5647216991e-02 -6.7423988825e-02 6.7107878151e-02 -2.6655884072e-01 1.2185624766e-01 -4.8427654366e-02 -5.1086394172e-02 -1.3674317891e-01 2.3798607390e-01
-2.0761249812e-01 8.9663804882e-02 2.8816829018e-02 5.4988116520e-02 2.3331919588e-02 1.4362233268e-01 -7.6348252679e-02 2.6481290470e-02 9.3110160684e-02 -5.2022523632e-02
3.7518543236e-02 1.9951640435e-02 1.0349793798e-03 1.7943286080e-02 2.9564769584e-02 1.5835281150e-02 -1.3758119329e-02 2.3056653435e-02 1.9783074262e-02 3.7763739745e-02
4.0952645473e-03 4.8766782443e-02 1.3762123168e-02 1.8079730945e-02 -8.1604739457e-03 1.2951306984e-02 -1.0543786939e-02 -2.6769257881e-02 5.9065674951e-03 -8.5007202853e-03
1.8203693964e-01 -1.3676868526e-02 1.4165762919e-01 1.5887102976e-01 5.4188316478e-02 -6.5738198060e-02 -1.2820347496e-01 9.8078813254e-02 -1.4572840839e-01 -8.7438591606e-02
-2.2623129982e-02 -1.0016906758e-01 1.6374005988e-01 -1.9687506770e-02 4.8131001495e-03 -1.5550726223e-02 -2.7488508962e-02 1.6910319616e-01 -8.2566987986e-02 -9.8514164546e-02
-3.9564757403e-02 1.0556829824e-02 -1.0463162109e-02 7.5827268419e-03 -1.3020895020e-02 3.0192634173e-02 -5.2072367813e-02 -1.4379693798e-02 -1.7211622089e-02 7.8076963501e-03
-7.0534230079e-03 1.3666665500e-02 2.6316480098e-02 -2.5483906250e-02 -3.0722596490e-02 -1.4100522001e-02 -2.2249126968e-02 -3.2275848471e-02 -8.3937160273e-03 -8.7673132006e-02
1.0710856575e-01 -6.7050869889e-02 2.3028323354e-01 -1.8140404996e-01 -4.2765072402e-02 -3.1027086764e-02 -2.1516045535e-02 1.8951629687e-01 -1.0861774120e-01 -6.9840652902e-02
-7.3322770941e-02 5.7917970984e-02 3.5096296787e-02 -1.6388526222e-02 7.0350621351e-02 8.3466437834e-02 6.3506309868e-02 -1.3377666889e-01 5.5121624062e-02 -1.4672815328e-01
6.6663826722e-02 4.4735311967e-02 1.0242376767e-01 -1.2337352080e-01 -1.5311828506e-01 2.2505696560e-01 9.9844872408e-02 1.4802319918e-01 -2.0052109485e-01 -2.1674633332e-01
-4.3759003849e-03 3.6652473903e-02 -7.8528466437e-02 -1.3062869834e-01 3.8820189259e-02 8.6548890261e-02 3.2696372874e-02 -1.6960415225e-02 -2.0685283332e-01 8.9367710495e-02
1.7711321938e-01 -1.6086227403e-01 -9.7351182599e-02 -1.1626553601e-01 -1.1723060562e-02 -4.7222420816e-02 -5.4366427274e-02 7.6157553428e-02 1.7550210792e-02 1.4888016487e-01
1.0502810007e-01 -4.4127986705e-02 2.9563214279e-02 7.1288812687e-02 -7.2547331349e-02 -8.6211480249e-02 7.2079766664e-02 7.7554206775e-02 5.1825517090e-02 -1.6708888568e-01
3.0600114706e-01 -9.7590685037e-02 -2.9865373595e-02 -2.5437722817e-02 3.6994279149e-03 -1.8160469441e-01 9.5397934441e-02 -6.7637008960e-02 1.0728574075e-01 3.7311976532e-02
1.6920038571e-02 3.1482954186e-02 -7.8736257570e-03 4.7322120681e-02 3.0111510630e-02 1.0403063991e-02 -2.3665560971e-01 1.0021231760e-02 4.8484352608e-02 5.7855418761e-02
-7.7719817148e-02 1.4130044692e-01 -2.0665249990e-01 7.8792228274e-02 5.5213058546e-02 -1.0955644815e-01 -2.0218742175e-01 1.9076584718e-01 1.6936630918e-02 1.1241409534e-01
-2.1481672450e-01 3.9793644435e-02 8.8365626276e-02 8.3498612884e-02 -1.0758268373e-03 1.4429092580e-01 -2.6882652974e-01 7.1160537307e-03 6.4837239288e-02 -8.9261228136e-03
-4.8191683398e-02 2.7973458895e-01 -4.6503304616e-02 -3.7167143905e-02 1.4657394906e-01 -1.1729698967e-01 -8.7556753970e-02 -6.9600886009e-02 -5.9431215776e-02 3.3176941151e-03
-1.2348944446e-02 3.1637540909e-02 -1.2140189214e-02 -1.9450481731e-03 -3.9892848270e-02 3.0084565844e-02 -1.9559683951e-03 1.1892079530e-02 5.0052293003e-02 5.8082983759e-02
-3.6021971907e-02 -4.1889885196e-02 -5.0937204889e-03 -2.5482788334e-02 -1.6242115583e-02 -1.0657721801e-01 -4.5543422445e-02 1.7518540762e-02 -4.3203107115e-02 1.8167676226e-01
-1.4247195875e-01 -1.3113463119e-01 -2.1810635401e-02 1.1406949860e-01 -6.4768079064e-02 1.1638265106e-01 -9.1724351046e-02 -1.4423706474e-01 1.6148887647e-01 2.0424644351e-01
-9.1110767842e-02 1.3180608870e-01 2.8247316739e-02 6.2947647121e-03 -1.6560252154e-01 9.2058190882e-02 1.0292757470e-01 -1.6861713393e-01 1.3971187393e-01 -5.8967938634e-02
-1.8853402975e-01 -3.1967734881e-01 3.8926997783e-02 7.8825078017e-02 3.8766324176e-02 7.4525614366e-02 3.7921166588e-02 -1.0055284636e-02 6.7317644436e-02 2.5571647881e-02
-8.7005248326e-02 -1.1674469650e-01 1.2299863176e-01 1.4454540650e-01 2.6620930840e-02 -3.3653722287e-02 1.3928573118e-01 -5.0983128138e-02 1.2662799046e-01 -1.0518769292e-01
4.4180684502e-02 -2.0760828546e-02 -5.4609962887e-02 3.2668855693e-02 4.2853778790e-02 -3.5309338908e-02 -2.2871979768e-01 5.2458866680e-02 4.3359748034e-02 1.2277045888e-02
1.1301221751e-01 3.7073441387e-02 4.5853015080e-02 2.6579540815e-02 -2.0775857756e-01 4.5565406372e-02 5.5353762310e-02 -2.1115079205e-01 3.3168240696e-02 6.8292935551e-02
-3.1095790428e-02 -9.8238577314e-02 -1.4881156579e-01 1.6718569999e-01 -7.5419467308e-02 -1.5632091619e-02 5.5511767166e-03 5.3814242621e-02 7.1284003774e-04 6.2285245678e-02
-6.8161350549e-03 -2.4803057550e-02 6.7928197344e-03 -8.4807038023e-03 1.0932518561e-02 -3.1916211626e-03 1.3563542546e-02 5.4564104498e-03 -2.2558579828e-02 2.2834076184e-03
-7.6152779332e-03 -9.1932919263e-02 -2.2193366671e-02 7.8591536724e-03 1.0902312199e-02 -2.8387537032e-02 5.9073813765e-02 -4.5054265235e-02 -1.8370264380e-02 4.8979554954e-03
8.7014873404e-02 2.8491643489e-03 -9.5841245189e-02 5.8382740454e-02 -1.9478773618e-02 9.3817125280e-02 -3.9988567133e-02 3.4760696702e-02 1.0772050128e-02 -6.9018672383e-03
1.0574112601e-01 9.2447464828e-02 2.8356940432e-02 6.9222906574e-02 -1.5511371013e-01 1.7331681492e-01 1.0671380133e-01 -1.5807821365e-01 -2.8788458724e-02 -8.2215260725e-02
-7.8383109519e-02 6.3069835181e-02 -1.9994586707e-01 4.3605879396e-02 2.3920752943e-02 1.2370050059e-01 -1.3191605611e-01 1.3500416269e-01 6.5652050216e-02 1.2026664473e-02
-1.5022608414e-02 -6.3420663985e-02 7.9575389303e-02 1.8520404316e-02 1.6690071410e-01 -9.3791682448e-03 -9.7499641096e-02 -1.7821433176e-01 -5.4233264826e-02 1.8071533283e-01
2.2276843731e-01 -6.6166166831e-02 -8.7585292543e-02 -5.0220766901e-02 -7.5370482589e-02 -1.2496118787e-01 1.1679744802e-01 -5.0662755676e-02 4.6864499826e-02 1.6587249080e-02
-3.0953711089e-02 3.5489067259e-02 -8.3696411517e-05 -5.2788890442e-02 3.6547439935e-02 -3.0889372020e-02 2.5861571885e-02 1.8030616566e-02 1.5009798035e-02 2.2388157316e-02
-1.1481283740e-01 -1.2693331212e-02 -4.7219764624e-02 -8.0503711689e-02 1.3897969239e-01 1.5293305713e-01 -7.5070689376e-02 1.1686569279e-02 5.4382429554e-02 -2.1403754380e-02
-8.1413470624e-02 -3.5057062808e-02 4.0148322778e-03 2.2370319512e-03 -1.1781824150e-01 -2.5560293137e-02 -1.5776238777e-02 1.6941958001e-01 -3.1293595813e-02 2.4698359152e-01
-1.6615196069e-02 -2.9967936650e-01 4.4772617821e-02 4.2341448145e-02 1.1393597488e-02 4.1536041859e-02 -9.0100445419e-03 7.0462833556e-03 3.8656513037e-02 -1.6742537146e-02
-1.0551836543e-01 -6.1879057174e-02 1.0303077874e-01 7.9691733824e-02 3.5399550746e-03 3.3121473715e-02 -3.6558864661e-02 -3.2205500708e-02 -3.0514739584e-02 -1.9890723452e-02
-1.2002663670e-01 1.8900118940e-01 -5.6237584491e-02 2.5837569851e-01 -2.0529789467e-02 -1.3727389490e-01 -6.9238898499e-02 1.0312752815e-01 2.2546806520e-02 -4.1010503277e-02
1.9376107841e-02 9.7994063966e-02 8.6448542286e-03 6.4578861648e-02 -1.0810109189e-01 7.6485587798e-02 -3.2741126175e-02 -4.1523289508e-02 2.7603228033e-02 -2.5702208238e-02
5.3318282426e-02 -2.2942006862e-01 1.3990588556e-01 -1.7549693833e-01 -7.9655121969e-02 1.6948782545e-01 3.0788082415e-02 -1.9454430166e-01 4.5956623392e-02 -2.5623658593e-03
1.1590244385e-01 -6.2839600832e-03 -1.1353252865e-01 1.2483908085e-01 -1.1490759250e-01 -4.2206098583e-02 -6.7653814602e-02 8.5770106397e-02 5.0553955923e-02 1.0106361376e-01
-3.1083998252e-02 -3.3374958113e-03 -1.6511294048e-01 1.0214554675e-01 -4.7520902599e-02 -4.1397598477e-02 1.7864217016e-01 -1.6306557470e-02 1.4047473722e-01 -2.9212480282e-02
-2.4644265779e-02 -5.8983669613e-02 -4.2633918337e-03 1.3541257586e-01 -2.5607679403e-02 -4.5989954489e-02 -3.9825868408e-02 -2.1990875636e-02 -1.9319105681e-02 -3.7942804732e-02
-2.0937881369e-02 -2.2199330345e-02 3.8217875445e-02 -3.6022899862e-02 -1.5418144035e-02 -4.8533674266e-02 1.2323665556e-02 -1.5030771771e-02 3.6976566173e-02 1.9970059750e-03
8.9180284097e-02 3.6278274694e-02 8.5657578277e-02 -2.6401595427e-03 2.7492825608e-02 -1.2952521299e-01 2.0448371147e-02 -1.8087199276e-01 5.0579029402e-02 6.9570609198e-02
-2.8148781993e-02 -3.0048562438e-02 -3.1959322878e-02 -1.5333142455e-02 -2.9589879889e-02 8.7951646092e-03 -2.1385133292e-02 -6.3272340111e-03 -1.3818148962e-02 -4.1648015256e-02
-4.8255115484e-02 3.1561353485e-01 3.3752299215e-02 -2.7314916225e-02 -2.8690538778e-02 1.5805642168e-01 1.0289961148e-01 -6.4281879730e-02 -6.5709650424e-02 -6.0883063274e-02
-8.0331192871e-03 -8.3824750038e-02 8.7170844213e-02 -4.8893086597e-02 1.5153060267e-02 8.5135116082e-03 1.4758379663e-01 -7.8938832285e-02 -2.0472692350e-02 1.0505087957e-01
-2.3842704838e-02 5.3904111511e-02 4.9747607540e-03 1.6944226000e-02 5.8070781471e-02 4.5868297113e-02 5.2385938247e-02 7.2939080191e-03 1.7675901191e-03 7.2968093589e-03
8.1462427423e-02 -6.5156828342e-02 -1.0867977311e-01 8.5743191794e-02 -5.2159022826e-02 1.8659064477e-01 -1.4720495034e-01 -7.6541993566e-03 -2.1500047691e-01 1.2094006928e-01
3.7426589460e-02 9.1267374947e-03 5.6612065892e-02 1.9080897745e-02 -1.8407410861e-03 -2.3125394704e-02 -1.8380941310e-02 -1.0239857385e-02 3.7390332232e-03 -1.6694689100e-02
-8.0667192621e-02 1.1884134607e-01 1.0403816617e-01 2.1763321175e-01 -4.4178167305e-02 -1.4703657139e-01 5.4276683862e-02 1.0086788866e-01 -1.2518363091e-02 -1.0154831915e-01
1.1959885856e-02 4.5698768652e-03 2.9801099104e-02 1.2675376156e-02 -4.4080639381e-02 1.4613852923e-02 2.6223328541e-02 8.2729999559e-03 -4.5688251195e-02 -8.2924362199e-03
-1.6949918818e-01 5.0379734038e-03 2.3476589122e-02 3.3984084440e-02 5.5266324834e-02 1.0363918288e-01 5.2802767577e-02 -1.3817228865e-01 3.8324722118e-02 1.5331715135e-01
-2.9318452270e-02 3.8705778969e-02 -9.8293242807e-03 -2.0980074941e-02 -3.4055447149e-02 -3.2389723745e-03 -4.5204797943e-03 -3.0907292264e-02 7.1142827727e-02 -3.5996076102e-02
9.1110444050e-04 3.1470539204e-02 -7.1361182844e-03 -2.7218971484e-02 2.6462016698e-03 -2.6695817707e-02 -3.3698881550e-03 2.5035423417e-02 -3.1564452572e-02 1.1361951329e-04
-1.4501718877e-01 -2.2745034743e-03 -2.7564050193e-02 -1.5060344763e-02 1.7059290905e-02 6.6599163570e-02 -2.0355553485e-01 3.6629323441e-02 3.7979950044e-02 1.5031880264e-02
-1.2237146617e-03 -3.0566972765e-03 -7.8678805641e-03 1.4541094926e-02 9.7949568795e-03 6.3623595973e-05 2.1550735915e-02 9.2414966391e-03 1.2102370339e-02 -1.5761201426e-02
-1.1074215746e-01 -1.2972174928e-01 -6.2831057502e-02 5.6031526119e-02 -4.2900074703e-02 5.1448555771e-02 -4.4406451164e-02 9.3047103113e-02 1.2627086691e-01 7.8442732504e-02
-4.4497202937e-03 -8.5654705413e-03 -6.0442589600e-02 -1.6444326298e-02 -3.0087598638e-02 -3.7754683066e-02 4.0201736708e-04 -1.7494771355e-02 -1.8625443413e-02 -8.4222108879e-03
-4.0520162435e-03 2.5946145732e-02 1.6400751194e-02 -1.2327653241e-02 -1.5258652672e-02 -2.1415103205e-02 4.0641006757e-03 8.6163974653e-03 -2.3366096551e-02 1.4077533158e-02
1.3847703362e-01 -1.8945909235e-01 1.2770352938e-01 1.9974746552e-02 -1.8382355315e-01 -1.2200048836e-01 3.9611410222e-02 9.1803956242e-02 -5.9589745306e-02 1.8167467637e-01
-1.8017061003e-01 9.8369227918e-02 -1.9471242756e-01 1.2670701924e-01 -8.7229018923e-02 1.4166975559e-01 -9.6770976046e-02 1.2851341210e-01 -3.5263386547e-02 1.5271984716e-01
1.1489868011e-02 -1.1741746598e-01 9.7213976095e-02 6.9208537686e-02 -2.2145030511e-01 -1.8984796822e-02 1.3758255457e-01 -1.8147079893e-01 4.9044736579e-02 9.4860092263e-03
-1.8874006923e-02 -5.7962792400e-02 1.9053726148e-01 2.6938725320e-02 -8.9400283223e-03 -3.6627452331e-02 -2.2735656407e-02 -3.3402975270e-02 -3.6583103526e-02 -5.4279371033e-02
-1.8368932821e-02 -5.7898654070e-02 -4.6710747848e-03 6.2863363727e-02 1.8177482677e-01 4.2605883710e-03 -7.2785477319e-02 -4.2247377503e-02 -3.5046687425e-02 -1.4272644823e-02
9.4791327405e-03 -3.2774231148e-03 3.3230709762e-02 1.9346113279e-02 7.4413192937e-02 4.2447950891e-03 9.7902560324e-03 2.0662876311e-02 1.4962678157e-02 5.5737888560e-03
-1.4620034247e-02 -1.3430741091e-02 -2.4186956835e-02 4.9197857664e-03 1.3343954880e-02 1.6585983565e-02 2.9652083609e-02 -3.6166300015e-02 -6.6844575346e-03 -4.5290339733e-03
-1.8127858086e-01 2.1993967107e-01 -2.1560010029e-01 9.6525118331e-02 3.3786776694e-02 1.3043769640e-01 -1.1453937194e-01 2.5679819096e-02 9.7511906218e-02 3.3544571268e-02
2.0524436108e-01 4.8970752784e-02 1.5454707520e-02 -1.3611477673e-01 -6.8365960204e-02 8.9993351087e-02 1.0586650618e-01 -1.5017745829e-01 8.9982513903e-02 -1.3294405666e-01
1.2657338369e-02 8.2795804061e-03 3.9667792651e-04 -8.1664952520e-03 5.2938304390e-02 -2.2389773138e-03 2.0061765768e-02 1.1778973434e-02 -6.8788940578e-03 2.1762013547e-03
-7.5458357947e-03 2.9793557077e-01 -3.0073240005e-02 -5.7147421508e-03 -2.3849377511e-02 -2.5335834513e-02 3.1870927309e-02 -3.9888440408e-02 -1.1044432124e-02 -1.0245668795e-02
-4.4114014110e-02 4.9047283912e-02 3.6585550500e-02 6.2320953565e-02 -2.5381294995e-01 -6.6025464687e-02 -1.5014813027e-01 -1.6436789306e-02 1.3176916802e-01 2.1287537086e-01
1.0631460900e-01 4.7682139703e-03 -9.2095735674e-02 -4.6673726491e-02 3.2809131411e-02 1.2561697148e-02 6.7126452536e-02 -1.0827476084e-01 1.1973744465e-01 -1.0580558446e-01
1.4709669031e-02 1.9613191237e-01 -8.3806152918e-02 2.3096650935e-01 -3.8880922481e-02 -1.1240283087e-01 -2.6261594936e-02 6.8939864382e-03 -8.4302028543e-03 -7.1699233441e-02
-1.1326639422e-01 -6.9133713077e-03 -1.4281010799e-02 -6.4709638521e-03 1.2855322706e-01 4.1875375887e-02 -1.4967634711e-01 -1.8157387123e-02 -1.2265692581e-01 1.9465571453e-01
1.0049258293e-01 -8.6423476078e-02 -8.8944429772e-02 -8.9128159671e-02 8.7914563162e-02 -1.5179042489e-01 1.3029795360e-01 -4.2428483482e-02 -1.6771303011e-01 1.4537001755e-01
-3.3836364678e-02 6.3513650706e-02 -1.6093319999e-01 1.0071648708e-01 -1.5006856813e-01 4.1750306505e-02 1.7535534233e-02 -6.3868240289e-02 6.9787429646e-02 4.7036541479e-02
1.5238432377e-01 -1.6990825672e-01 -9.7038844363e-02 -1.5488413924e-01 1.7667887127e-01 4.6745047229e-02 -3.8720885019e-02 3.6850270464e-02 -1.1183566895e-01 1.3641776490e-01
2.0828395027e-01 -5.1209936430e-02 -8.9449398203e-03 -2.1776987235e-03 -7.2297123389e-03 -1.0722683291e-01 3.1464914509e-02 6.5532994624e-02 -7.6733597552e-02 -7.5896981171e-02
-1.1395202070e-01 4.6783060489e-02 2.5304672565e-01 -8.6444301898e-02 -3.4045726179e-02 -4.5490921093e-02 -7.2013569404e-02 1.2344488086e-01 -1.5577807214e-01 -1.3722235118e-02
-3.3624926893e-02 -4.8918822156e-02 -9.4290640165e-03 -4.3004938417e-02 2.4999397029e-01 2.2636474767e-02 -2.0912707187e-01 1.8752049108e-01 -1.0554960807e-01 1.2652681043e-01
-5.6269251005e-03 4.9538863282e-02 -4.4635227364e-03 -3.0159458821e-03 2.1564404045e-02 -1.9069038008e-02 1.8921331362e-02 -3.2213618689e-02 4.4709226311e-03 -2.1202104918e-02
-2.7819989058e-01 -8.2026130467e-02 -1.2874373754e-01 8.4669067232e-02 1.1016733104e-01 3.8430843910e-02 1.0514918851e-01 -1.1876728204e-01 6.7505163301e-02 1.0371373356e-01
-1.2601418530e-01 -3.5589546564e-03 4.6938025537e-02 -1.3775570336e-01 1.1210411717e-01 -1.2902448713e-01 -1.4932006619e-01 7.4902786989e-02 1.1430283635e-01 6.3375281409e-02
-3.6038833981e-03 -2.6838409676e-02 4.7242485521e-03 -1.6600451539e-02 -3.5246068455e-02 2.2707641805e-02 3.3093565500e-02 1.8187408676e-02 2.1329993028e-02 -2.0212067039e-02
-2.9912851767e-02 -5.4503615881e-02 -3.4049074843e-02 -2.1451221740e-02 -3.0580202479e-02 -3.3810580079e-02 -2.3726044589e-02 -9.3948776282e-03 7.2203483695e-03 -1.3980258221e-02
9.3797512594e-03 5.5953384285e-02 -1.3194086915e-02 -2.9826442532e-02 -1.2166889347e-02 1.7593085448e-03 1.3314025271e-02 4.1199579955e-03 1.4103574960e-02 1.2464591743e-02
-1.2456662767e-01 1.4220192128e-01 -1.5439196117e-02 1.5753965524e-01 1.5937021320e-01 -2.5651626713e-01 -1.7071058042e-01 1.4293712961e-01 -1.6971132251e-01 1.5261999426e-01
1.0715133667e-01 -8.7388908248e-02 -1.7006496164e-01 -1.7556047829e-03 -6.6206677853e-02 2.1770568010e-01 2.0441524139e-01 -6.4970215748e-02 -8.1105516028e-02 -6.1951411882e-02
1.4535671910e-01 -8.0055435714e-02 -6.9890956606e-02 -1.7710803780e-03 7.4613950316e-02 9.2695340754e-02 -1.9724155899e-01 5.0985956558e-03 -4.0907599249e-03 4.7357772744e-02
6.8498062115e-02 4.0655901662e-03 -8.0050345779e-02 1.9150310825e-01 -4.8240015234e-02 2.3001086302e-01 -6.3570212252e-02 -8.2004105562e-02 -1.4241398377e-01 -3.1005013140e-03
2.7700252922e-02 -1.1696938278e-02 3.8295206104e-02 -4.7855606488e-03 -1.3622561167e-02 -2.7827533220e-02 -2.3979175208e-02 3.8168858432e-02 -3.8856922537e-02 -2.4571096755e-02
7.8929012878e-02 -1.6312553404e-01 4.2288722871e-02 1.2607597922e-01 4.6742938320e-03 -9.1352026977e-02 2.7495520849e-02 -4.9584025991e-02 1.4141012574e-03 1.1611600237e-02
-3.3125915188e-03 -4.8873690959e-02 -1.4110216417e-01 -7.0624318284e-02 1.0818820264e-01 1.4139169921e-01 1.2909774306e-01 8.3047720551e-02 -1.4675934055e-01 -7.1694867542e-02
-1.5305299287e-01 -1.0456503617e-01 3.6677853525e-02 8.9821534105e-02 1.3367813408e-01 -2.9134844156e-02 1.5219408576e-01 -9.6338183084e-02 1.1704666430e-01 -1.0701464045e-04
4.6920645144e-02 -1.5798717926e-02 1.7674373711e-02 -6.7538537354e-03 -5.4129746360e-03 -2.7649423138e-02 6.1868317834e-03 -1.9286671386e-02 2.8349901966e-03 -1.5055390418e-02
1.5406682520e-02 3.9524557492e-02 -9.8118313277e-03 1.9694501578e-02 -1.2754606344e-02 1.1201972893e-02 2.4951734741e-02 -1.3691208011e-02 2.3226445352e-02 3.1629418238e-03
1.1268898985e-01 -1.7075081859e-01 1.4885934783e-01 1.1937472843e-01 -6.9122007488e-02 -5.3986644541e-02 -2.5118107643e-02 -2.3295389532e-02 -2.6949717436e-02 -4.3180249941e-02
-1.6198106306e-01 1.0369592643e-01 4.1665686780e-02 -7.5073801497e-02 3.9654164880e-02 -5.9241845153e-03 -9.4404475801e-03 1.5497581311e-01 -2.1297641349e-01 -8.3999215394e-02
1.4254357007e-01 -8.9972657687e-02 8.8838938212e-02 -1.7391025374e-01 8.1796666931e-02 9.5691469983e-02 3.9748878595e-02 -1.4549901938e-01 6.5608899113e-02 -1.6299472785e-01
-1.3602909419e-02 -4.1435016206e-03 -3.3065513089e-02 -2.3979637604e-03 5.6020640912e-03 -1.4055860733e-02 1.3632222236e-02 1.3313133757e-02 2.7111638031e-03 2.0868066360e-02
2.2333974594e-02 -1.2034463980e-02 4.9178481937e-02 3.3944486776e-02 -1.0286641258e-02 1.0359198704e-02 -2.1031954759e-01 1.0565770293e-02 4.1542230728e-02 -1.7018664798e-02
