-1.1670692162e-01 7.6210260321e-02 6.4962113039e-02 1.6609491544e-02 -1.8798655735e-02 -2.2015973778e-02 6.5992820387e-02 1.3872067863e-01 2.3219136587e-01 -7.4420000939e-02
9.3675583579e-02 7.2943373286e-02 9.8568983911e-02 1.0951348165e-01 1.7520733742e-02 -1.2139848563e-01 -7.4830298004e-03 -3.9655051174e-02 -3.5850743554e-03 9.5687857509e-03
1.2909995987e-02 -5.6445044430e-02 -1.9778335030e-01 -1.4457038081e-01 -4.8853174728e-02 7.2618761159e-02 7.7388377905e-02 -5.4362588141e-02 -3.1844135446e-02 1.2798208300e-01
-4.9217553385e-02 1.5627120082e-02 -7.5012304448e-02 6.3038429456e-03 2.1773298622e-01 -2.0060895344e-01 6.9887095230e-03 -4.1472721781e-02 3.7345070981e-02 -1.3579778027e-01
-1.0939560672e-01 1.1343547047e-01 -1.5500462323e-01 -1.1846692011e-01 7.9511723285e-02 9.1709524486e-02 1.1763354703e-01 1.2693875127e-01 -1.4964632273e-02 -1.0784226235e-02
1.3070785749e-01 -6.6109085497e-02 8.8824839541e-02 -3.7704229985e-02 6.5297791859e-02 -1.1327462277e-01 -2.0676054395e-02 -1.1685326674e-01 2.5186191218e-01 -9.5483460267e-02
1.4777585101e-01 -1.3025244095e-01 1.0526791198e-02 -9.2391872604e-02 -1.0196753078e-01 -1.0229974083e-01 -1.3747863815e-01 3.9508073764e-02 5.0737639492e-02 7.9422652251e-02
1.0442943053e-01 -1.4165300650e-02 -5.0838891353e-02 6.7427213685e-03 2.1563787988e-01 -1.3071053895e-02 1.2901135666e-01 1.8925221203e-02 -8.8384238809e-02 -8.7373863123e-02
-1.1943660967e-01 -1.2302010851e-02 8.8526442451e-02 2.0312927007e-02 9.9780089644e-02 5.0358333814e-02 -2.8775878235e-02 -7.5814163819e-03 3.7416700759e-02 1.2039628813e-01
-9.4149062028e-02 -8.1745906614e-03 -5.3168495572e-02 -3.8989359858e-02 1.3399006602e-01 -3.7567088792e-02 -1.0826848292e-01 9.7837220441e-02 4.2665221162e-03 1.6796398733e-01
-1.0400845978e-03 1.3889445925e-01 -7.6257704369e-02 1.6542991791e-02 -1.2660699539e-01 -1.1413066276e-01 6.0079330375e-02 2.1347126442e-01 6.4017101061e-02 5.6109030304e-02
-5.9072168060e-02 6.5049375737e-02 1.3294637559e-01 -7.1266980481e-02 -5.5081349882e-02 1.8497059253e-02 -4.0588343358e-02 1.0737548547e-01 -2.6831085241e-03 7.6292281596e-02
7.6701132107e-02 -1.3545285084e-01 7.8953275014e-02 -6.3637691983e-02 1.1790404909e-01 -1.8977849344e-01 1.8360327734e-01 -1.4680356228e-01 1.6507483894e-01 -1.5798152935e-02
-4.2081482096e-02 -1.2880859361e-01 -1.3983686415e-01 -6.4207220643e-02 3.7896109464e-02 -1.0754327877e-01 2.2803854920e-01 -7.6892561902e-02 4.3285310007e-02 1.1562708987e-01
-7.5146247076e-02 1.4938027436e-01 -2.3578116767e-02 9.0960001094e-02 -1.0963696730e-01 8.7344622048e-02 5.2077048318e-02 -5.5558790209e-02 1.8564538464e-01 -3.1633645667e-02
-2.9930187030e-02 6.5831230720e-02 -1.4411566132e-01 1.3875690403e-01 4.2994282404e-02 -5.5528961402e-02 -4.8336435907e-02 -1.0278718610e-01 -4.6040503498e-02 -5.3422642156e-02
-7.2447803952e-02 1.6384460651e-02 -2.6648530550e-03 -2.0869733408e-02 1.1778564238e-01 -3.8982819915e-02 1.3245534786e-01 4.0071032650e-02 -3.3835039793e-02 3.9386862888e-02
5.1957776236e-02 8.0293878913e-02 1.4083862820e-01 -3.5927129832e-02 1.1694373242e-01 -1.8169413255e-01 -3.8313967639e-02 -5.1169395258e-02 2.0049798047e-02 -3.8534076059e-03
7.2214947949e-02 -1.1597844210e-01 9.5581220419e-02 -5.2498386681e-03 -2.5130668043e-02 4.9614256066e-02 -9.6706588141e-02 -9.8856984656e-02 4.1697129382e-02 1.4287437452e-01
6.6197427656e-02 -9.7491920290e-02 -1.2719126795e-01 -4.1438399713e-02 -7.1727722236e-02 -4.2441765025e-02 9.4283294794e-02 -4.8759465076e-02 1.9291154751e-01 -9.3637717917e-02
2.0125305276e-02 -7.8197287019e-02 5.8981648846e-02 -3.7823807789e-03 3.4949658749e-02 -4.3531736266e-02 -9.8657725987e-02 -7.9516349819e-03 9.5001444612e-02 5.9114273981e-02
1.1557304853e-01 -6.2413434229e-02 1.8405420433e-02 2.2822027497e-02 -8.3257155594e-02 1.5376764426e-01 -1.7932623756e-02 1.7514783154e-02 -1.1203712467e-01 -1.4802906867e-01
4.9961505961e-02 1.3610928622e-01 -9.1362403378e-02 1.5126825437e-01 -2.0649624131e-02 1.0521480196e-01 5.3286846695e-02 4.2844929722e-04 1.0440553335e-01 1.1982306018e-02
3.2885254206e-02 -2.5932096709e-02 -2.9633258510e-02 -8.8183095549e-02 6.6848789442e-02 7.4981129296e-02 9.9683285488e-02 8.7280760030e-02 7.8389003053e-02 3.6596345749e-04
-1.0291521126e-01 -1.3890592260e-01 -7.9319914800e-02 -1.7091934812e-01 5.1096261387e-02 4.8158322916e-02 1.2214921599e-02 1.5621857643e-01 -6.8068787086e-02 1.2739452209e-01
3.1545848442e-02 -9.0414672985e-02 -6.9142504656e-02 1.2512909183e-01 4.9436039899e-02 8.7245887217e-02 -2.1395339091e-01 3.9498054053e-02 -1.7809760757e-01 2.9345998893e-02
1.5155502182e-01 5.6348647582e-03 8.6933946755e-02 -4.3943037279e-02 3.4647918903e-03 -1.3143455949e-01 1.6540853225e-02 -1.4287572672e-01 -5.4368263346e-02 -2.4158943579e-02
-5.7135873610e-02 -1.7129670511e-02 -5.8819816912e-02 -1.2251003167e-01 1.0280116873e-01 1.9000122405e-02 6.1478286843e-02 -3.3972581232e-02 1.9646634151e-01 1.4142991246e-02
-3.6972944126e-02 1.0487498567e-01 -1.2157727801e-02 -6.3344278584e-02 -4.4464527232e-02 2.2458326017e-01 -6.2685823471e-02 6.3275377061e-02 1.0876765639e-04 4.8943882074e-02
5.2781060539e-02 8.4747383323e-02 2.6286159949e-02 1.0894226136e-01 -7.4044404508e-02 6.1314041361e-02 1.0006298880e-01 -1.5097123843e-01 4.5505800076e-03 -6.5155191750e-02
-1.1220768443e-01 -3.0817818806e-03 -9.8429021817e-02 2.9724243377e-03 7.1166747169e-02 -1.4541323022e-01 -2.9220456787e-02 9.3829275954e-04 2.1203395427e-03 2.8872103504e-02
-1.4241624573e-02 -1.0223957343e-01 -6.0692382530e-02 -3.6474258292e-02 -1.2773562874e-02 1.2030990396e-01 4.8425481325e-02 8.5171815062e-02 2.5831471855e-02 -4.3770851430e-02
-2.4039242694e-01 -2.0916340785e-01 1.2983588089e-01 -2.5672787566e-03 8.3030901918e-02 3.3850380182e-03 9.9336728736e-04 -1.1265715973e-02 5.0585576082e-02 -1.2625132933e-01
8.0360831282e-02 -1.4355404825e-01 4.1417914242e-02 6.9280882143e-02 6.6479228839e-03 3.3163869024e-02 -2.4648460118e-02 -1.8881099351e-02 9.3833388528e-02 -9.0227844906e-02
-9.0725013245e-02 4.2027711323e-02 9.9182547728e-02 -4.9259913905e-03 -1.3199711791e-01 -1.0498800567e-01 -7.1750915750e-02 2.4827270712e-02 1.4882788192e-01 -1.3835822510e-01
-1.7917576945e-02 -4.3963499524e-02 -5.6257805094e-02 -4.4183967282e-02 -2.6436680023e-02 3.0312257042e-02 -3.1929310014e-02 3.0687308973e-02 1.7227036965e-01 -7.5914231051e-02
4.5931255671e-02 -5.2573859563e-02 7.2244691437e-02 5.4620976529e-02 -8.5091616612e-03 4.9801994202e-02 -3.0522631961e-02 -8.3658402544e-02 4.4134063501e-03 5.8119912952e-02
-1.2969655595e-01 -6.4477775058e-02 -6.2973656660e-02 3.5890572620e-03 6.6977871332e-03 1.4017760617e-02 3.0711387764e-02 1.4305294985e-02 4.4145149078e-03 1.5422258486e-01
6.6322484125e-02 -2.3315761244e-02 -7.0455341021e-02 -6.1502518704e-02 2.6757687559e-02 6.2956210304e-02 -1.0387804606e-01 1.7552704657e-01 -2.3994506264e-02 8.6726891111e-02
8.4762100082e-02 3.1943102379e-02 1.0679204263e-01 -8.7559203238e-04 -2.1089412144e-01 -1.6863130778e-01 1.0405889320e-01 -5.4582985957e-02 1.0605038633e-01 1.8709610478e-02
1.4710869737e-01 -6.9280586882e-02 -6.5372595378e-02 3.0482681618e-03 6.7527437820e-02 -2.6165349849e-03 1.4715331053e-01 -9.9500748553e-03 -9.6866570651e-02 -5.1929350667e-03
-4.5733037667e-02 1.1156369422e-01 -6.5236746480e-02 -5.0207616123e-02 -8.1232098084e-02 4.2970367695e-02 -3.1789757146e-02 1.0657417531e-01 -2.9653685917e-02 3.1840855383e-02
8.2452910307e-04 -1.1024038796e-01 6.7532850410e-02 3.4328440544e-02 -3.2490678736e-02 -1.1856143296e-01 1.9074413874e-01 -1.5085451103e-01 -7.1546670649e-02 -5.7429897876e-02
-7.4352609552e-02 -6.0648301317e-02 2.5202842179e-02 -1.2043968593e-01 -4.2664433485e-02 -9.2745548981e-02 1.3213405586e-02 -1.0039276727e-01 1.8248598591e-02 4.5784749659e-02
-1.3341676427e-01 -2.3902597382e-02 -8.6963880936e-04 -2.8924810536e-03 4.8618799876e-02 -6.8827358625e-02 -1.2774757808e-01 1.2273983822e-01 -2.5896187171e-02 -5.5233014204e-02
-5.3286905456e-02 8.4984229225e-02 8.2259215342e-03 4.3691849986e-02 -2.5619228209e-02 1.4507413892e-01 -1.6669185280e-01 -3.0577479427e-02 5.6267452835e-02 -9.8206363727e-02
-1.0285450070e-01 1.2213838930e-01 1.7869901362e-01 -5.7100900242e-02 3.4829974790e-02 -5.7969368001e-02 1.2891928468e-01 -7.8235183735e-02 -4.7235838726e-02 1.8595741739e-03
1.6519311528e-02 5.2773900103e-02 -6.3040943949e-02 -1.4868032024e-02 1.2680973415e-01 1.0053488848e-01 -3.7554000364e-03 -1.9795051811e-02 -4.8326302821e-02 -5.9377338139e-02
1.5403390511e-01 -6.8503801851e-02 1.6331017501e-01 8.8747187927e-02 -1.7467650539e-02 -7.8146311146e-02 -8.3546543243e-02 6.2257928336e-02 -4.7351000680e-02 1.3253293710e-01
-1.2239242570e-01 -7.4511273816e-02 4.6350058355e-03 5.5635485936e-03 8.6141517743e-02 1.4526549262e-01 1.1651742212e-01 6.3585641733e-02 1.0851315768e-03 1.2905541456e-01
5.5435425593e-02 5.3377907043e-02 7.0449100262e-02 -1.8688816065e-01 6.0601674516e-02 4.1680538776e-03 -3.1202067762e-02 1.3876755349e-01 -4.0864780769e-03 6.6828950891e-02
-3.6234729720e-02 -3.5900160159e-02 6.1893616173e-02 -2.7291415709e-02 8.3215791148e-03 -9.8483563240e-02 2.5237632050e-02 -2.1695501166e-02 -8.5550877104e-02 1.4211692559e-01
-3.3023797769e-02 8.5922568055e-02 -5.8240170962e-02 -9.1348019219e-02 4.3916015412e-02 -1.1566390032e-01 -8.9902365736e-02 2.2049404948e-01 -1.2246847712e-01 -1.6920004387e-02
1.0595635545e-01 7.8999284156e-03 3.6905602073e-02 -1.5201582704e-01 -2.7861990323e-02 1.2978074037e-01 1.1768453713e-01 3.9569668759e-02 1.2758283037e-01 -8.1918463440e-02
8.5080803689e-02 4.1537527849e-03 1.1459037504e-01 -1.2117169432e-01 -3.3121564160e-02 -6.6145304535e-02 8.1741325080e-02 7.2632440597e-02 -1.0088024915e-02 6.9047045567e-02
1.0134627663e-01 8.7812192486e-02 -1.9437890064e-02 1.7506012068e-01 -1.7959736411e-01 -9.3982630928e-02 -2.1373487670e-02 1.1583886378e-01 2.7108916441e-02 -1.0221361577e-01
-7.4010677057e-02 1.1003829086e-01 -6.3380605533e-03 -4.7308523754e-02 3.1121589241e-04 -1.0305316817e-01 4.1396001411e-02 -4.4729594270e-02 -1.8668949410e-02 -7.6571288325e-02
-2.6924052847e-01 8.3759111325e-02 1.0757625148e-02 -9.9151202485e-02 9.3803296280e-02 -6.1925792452e-02 -1.0389480328e-01 1.0083341169e-02 7.4250746717e-03 1.2820857132e-01
-7.8687052972e-02 4.3137559119e-02 -4.7275324710e-03 5.2383617312e-02 -5.5877650688e-02 2.1542124387e-02 3.8796953955e-03 -8.9561450466e-02 1.1649601804e-01 -3.4631608151e-02
1.0199974667e-01 -4.2082954464e-02 -9.5161794823e-02 -1.6426808786e-02 -9.0586320776e-02 7.4633509635e-02 4.2721997153e-02 1.5895583504e-01 8.8070473743e-02 -1.6449533527e-01
4.1196608574e-02 -6.5227891066e-02 3.4294278994e-02 7.8791685616e-02 6.4016830003e-02 -6.0104248281e-03 -4.6233062785e-02 4.1972150601e-02 -2.6415825467e-02 -7.5816741443e-02
-5.7976397071e-02 3.9093809470e-02 -1.1252098762e-01 -2.1764374213e-01 -1.6716580988e-02 1.3168015740e-01 2.1649233187e-02 1.0159984112e-01 3.0650012883e-03 -9.2728066807e-03
1.3457247065e-02 -9.8957324978e-02 -7.0341740137e-02 -3.9068746470e-02 2.5585238712e-02 6.7394112380e-02 -3.7866954169e-02 -5.0813601745e-02 4.4770439624e-02 -7.2973838716e-02
2.0892549204e-01 -2.5677159797e-02 3.4257854946e-02 -1.8267574786e-01 -1.3131927657e-01 -2.8613095920e-02 1.1623311013e-01 -6.5084935930e-03 8.2828864995e-02 -1.7736385090e-01
1.1614399437e-01 1.3160622717e-03 -1.1455824916e-01 9.2808455248e-02 1.7650754896e-01 -1.8711109387e-01 -3.4842488875e-03 7.1480130601e-02 7.4185730976e-02 1.7995016482e-01
-8.3330542690e-03 5.0427328598e-02 1.1352023086e-01 -1.3907175215e-02 -5.2707675717e-02 -1.5983580072e-04 2.8347345461e-01 3.6531483578e-02 -6.0025627102e-02 2.6596298369e-02
2.9539994582e-02 -5.1701018159e-02 -4.5774811200e-02 -9.2921646759e-02 1.6889563821e-01 3.5612502073e-02 1.7680943064e-01 3.0258889664e-02 -1.3493819431e-01 -1.0601903098e-03
-3.4473920111e-02 -3.7235266741e-02 1.4191469918e-01 3.6936190472e-02 -1.5781708137e-02 4.5394064365e-02 -1.1271029468e-01 -1.4674973572e-01 -4.9326527108e-02 -7.1639805668e-02
1.5922408577e-01 -5.3803182207e-02 5.5952309493e-02 -6.6940393646e-02 -6.4159104863e-02 1.8689616628e-01 -4.4466406314e-02 7.0952691309e-02 -2.4157498052e-02 -7.1142383802e-02
3.1422728709e-03 -1.3782655659e-02 2.2074487313e-02 1.7089580931e-01 -2.6577470343e-02 9.9880026865e-02 -1.0726415480e-01 1.2613981886e-01 -1.3375986371e-01 -1.8580737725e-01
-7.9828281290e-03 -9.7002701762e-02 1.3284030672e-01 -3.9458657608e-02 -1.8373825660e-02 7.4539508022e-02 -5.2816612060e-02 4.1604317109e-02 -1.6516530465e-01 -4.5584604685e-02
1.6628289090e-01 5.1254316485e-02 1.4050313150e-01 -2.7864014279e-02 2.5352626187e-03 -1.1972350431e-01 -6.9046590264e-03 -1.6460543665e-02 -6.7223205954e-02 2.2726235105e-02
-4.8357503533e-02 -1.3632231530e-01 2.3104264284e-02 5.0374825517e-02 1.0638901910e-01 -3.4345311145e-02 1.5993266895e-01 -4.2514371331e-02 -1.0325960505e-01 1.0821249056e-01
1.1331256245e-01 1.3737582908e-01 -1.0574067259e-01 -1.4309624168e-01 -1.0997991662e-01 1.4752175407e-01 9.7524926334e-02 -1.1723779729e-01 -1.6351084847e-01 -1.7939074581e-02
-2.3732515985e-02 1.8172236839e-01 -6.6684909165e-02 -8.1176147157e-02 7.3513131704e-02 -1.3045463177e-01 2.7524767661e-02 4.9890454378e-02 5.8135667308e-02 1.5409837986e-01
-5.2002494899e-02 1.6590360573e-01 -9.8441617948e-02 -4.1650141869e-02 7.0969825084e-02 1.1184218609e-01 1.1191852013e-01 4.8827335209e-02 2.3904738356e-02 -2.1429124503e-03
6.3285887422e-02 -7.1226584433e-02 -3.0874700277e-02 1.7450712716e-03 5.2362219123e-02 -2.7790480549e-02 1.2244457360e-01 1.5240141567e-01 3.6729034034e-02 1.0733571745e-01
-1.1711824887e-02 -2.5513323494e-02 4.0944442800e-02 4.4145836075e-02 -1.5919712598e-01 -2.1136352629e-01 4.1535999433e-03 -7.7463246325e-02 5.0183357445e-02 5.4251746984e-02
4.6609700013e-02 2.8214294391e-02 5.7283327267e-02 -1.0410396961e-02 2.0227908676e-01 -5.4853923439e-02 -9.2010519235e-02 -1.3657863215e-02 1.4642145579e-01 1.3143388830e-01
-2.9044235964e-02 4.1666188114e-02 7.8339867604e-02 -8.9796433197e-02 3.0297617922e-02 -3.2101918821e-02 -8.4869086476e-02 5.9851745689e-02 1.3600337511e-02 -4.4819407908e-02
-6.2667515323e-02 1.2438738123e-01 1.1322478947e-01 -6.8955416010e-02 1.1794682316e-02 -3.0711574050e-02 -1.5381318394e-02 -1.2625287892e-01 -5.8472519308e-03 1.0924903911e-01
-1.1141879666e-02 3.2861249752e-02 1.0897217444e-01 8.0262192718e-02 1.5046785544e-02 1.0766318176e-01 -7.8327948343e-02 1.9887896707e-02 -9.3782825462e-02 1.6976027727e-02
8.1222490442e-02 4.6385695628e-02 -8.6500748065e-02 -7.1161693843e-02 6.3556065297e-03 5.0242318366e-02 5.6467193157e-03 1.6164913286e-01 2.0034300479e-01 -5.2559017025e-03
1.4461395863e-01 1.8240070073e-02 -9.0097670529e-02 -1.2519488080e-02 -1.9511924078e-01 6.3630517591e-02 2.1434106690e-01 9.7040947082e-02 6.9538809723e-02 -6.7649126085e-02
-1.5941517489e-01 1.3836865946e-01 -7.0757408034e-02 -1.2024527026e-02 9.2440079808e-02 -1.0790198829e-02 -4.1796619182e-02 6.4687763456e-02 -2.7661087825e-02 1.8737903203e-01
2.6477443766e-02 -1.0799309099e-01 -1.0011300669e-01 2.8631246195e-01 -3.6886658657e-02 -1.4411455444e-02 1.0164600233e-01 1.9871474460e-02 -4.5234712136e-02 -5.0692908923e-02
-2.5883402275e-02 6.5820984062e-03 3.8696400311e-02 2.0044666219e-02 -1.1964118709e-01 4.8449873424e-02 2.7090885626e-02 2.5727687709e-02 7.3812064003e-02 -8.8011464458e-02
3.7255186285e-02 3.7410245147e-02 -5.0733665761e-02 -1.7381333589e-01 -4.9552580006e-02 -1.0376339098e-01 1.3617451121e-01 -2.6323411839e-02 7.3982772356e-02 -1.3255111392e-01
-1.6437731791e-01 -1.6669285248e-02 -3.4292596703e-02 2.5399021149e-02 1.3646208956e-01 -7.2222258878e-02 7.7939758083e-02 -1.2040115373e-02 1.9070162368e-03 -5.0567838461e-04
5.3063520278e-02 -8.2497228196e-02 1.4546490069e-02 -1.1985932533e-01 5.4242820820e-02 1.5121738352e-02 -1.9416128408e-02 -2.7544052415e-02 1.0203304510e-03 -8.1572333760e-02
1.1089269829e-01 5.5609617751e-02 1.3734417478e-02 -3.1151032974e-02 -1.3820373199e-02 -2.1211601572e-01 2.6706614879e-02 1.9051195231e-03 -2.2683125056e-02 5.8848035858e-02
3.3248631053e-02 -9.9819509972e-02 2.2713015807e-01 3.2437049169e-02 -4.3530667866e-02 3.6173742274e-02 7.0332388768e-02 -2.1122330048e-02 -2.4241014941e-02 -3.6631144487e-02
-1.2250749407e-01 1.0215076368e-01 9.9124911767e-03 2.3649113396e-02 8.3891687836e-02 1.5658969702e-01 -9.2439487193e-02 -7.6222938711e-03 1.4866036169e-01 -8.8367465508e-02
-6.5772065548e-02 -8.1559048768e-02 -4.7710801821e-02 2.4888714373e-02 3.2261384758e-02 5.6914165392e-02 -3.1198329896e-02 2.9222520039e-02 4.0360857677e-02 -3.1111787726e-02
3.4764050020e-02 3.2775083275e-02 -9.7336094834e-02 -9.5207263358e-02 -6.2420874625e-02 -5.5215429801e-02 -1.2518411751e-01 1.0145155669e-01 3.0770539971e-02 6.9229771452e-03
3.8992626181e-02 -4.2137285997e-02 -1.2719744118e-01 -2.4675370280e-02 9.3221955183e-03 4.3625408021e-02 7.9437139312e-02 -1.9823531149e-02 -5.4119790609e-02 7.3168399232e-02
6.1196148881e-03 1.7328719241e-01 5.3347669441e-02 5.0231572891e-02 -4.1592063921e-02 -2.3114130230e-01 -1.4710791737e-01 -3.9543660053e-02 1.1803904565e-01 1.1943667681e-01
4.4520175628e-03 6.9593208648e-02 -5.9677312254e-02 3.8040351368e-02 9.9281443869e-02 -2.6821387190e-02 7.6966024926e-02 2.7754620825e-03 1.1563608644e-02 3.3181962160e-03
6.2421510595e-02 -3.4828522971e-02 2.9530430107e-02 7.4903619134e-02 5.5067001170e-02 -1.4098752156e-01 -1.8140389090e-02 -1.2643467207e-01 7.2214623943e-02 1.1101965300e-01
1.0739754647e-03 2.4735833840e-02 -7.1352755369e-02 9.4970163482e-02 -4.6862624492e-02 -3.0084837973e-02 9.3362943402e-02 1.4957010952e-02 5.4300913124e-02 -6.0884957011e-02
-5.0041937395e-02 7.5561222894e-02 -1.5302719583e-01 6.7206464897e-02 1.8320123751e-01 -5.1472780434e-02 -4.7821845468e-02 -4.7516924708e-02 -4.4438271362e-03 -6.6672474757e-02
6.0761460612e-02 -1.3250110038e-01 -4.8517063159e-02 6.9739719936e-02 7.1901129882e-02 3.1787740877e-02 -5.4272831755e-03 1.4105992271e-01 -6.3718562690e-03 1.6591375655e-01
6.6756796016e-02 6.3901440841e-02 -7.0254924733e-02 7.9735560610e-02 -3.3384943255e-02 -3.1929326393e-02 -2.6658004724e-02 -8.8300018802e-02 6.7576396516e-03 1.6295729124e-01
-1.7117569548e-01 8.8397905314e-03 1.1067767665e-01 1.4856778388e-01 3.2511496602e-02 -8.5363271361e-02 -8.1232987149e-02 4.8491093564e-02 -6.0143851388e-02 -4.6136594192e-03
-1.7548283941e-02 -1.4793000961e-01 -5.5532426278e-02 8.2680267527e-02 4.5193693774e-02 -7.5311850941e-02 6.3443639539e-02 8.9094568169e-02 -5.4456977334e-03 8.5623655013e-02
5.0001370382e-02 -1.7834619706e-01 -2.9808384198e-02 1.6816368540e-01 7.3517213887e-02 -1.0297437407e-01 -2.9708083798e-02 -6.1828290846e-02 9.2930571890e-02 -3.9385392327e-02
1.1535524414e-01 -1.5390177213e-01 -8.3539646731e-02 -8.3572534526e-02 -6.9706157592e-02 -3.3703711484e-02 -5.7455367017e-02 -1.5503915810e-01 1.1039474573e-01 3.4673998953e-02
-2.0786017156e-01 -1.5514698881e-01 1.1849447125e-01 5.0158188580e-02 6.5370710425e-02 -1.5766654781e-02 -1.2840573923e-01 1.0530732681e-01 4.2876723385e-02 1.5525561538e-01
-7.5004039979e-04 -9.2167363161e-04 -2.0544139945e-02 1.1245594690e-02 1.0128085517e-01 -6.2777191090e-02 1.2339327726e-01 -5.1433375615e-02 -1.2176202211e-01 -5.6725232531e-02
-1.2417685174e-01 -9.4554821338e-02 5.2183565740e-02 -2.1194199041e-01 -6.3695057368e-02 -6.3116025222e-02 -9.0721583047e-02 -1.1816713248e-02 1.8002003295e-01 -4.5998055826e-02
-1.3413727769e-01 1.1637302466e-01 -1.5931115538e-01 -1.6010130965e-01 1.1025526280e-01 -3.7200376127e-03 6.1279137765e-02 2.4855133377e-03 -1.3870642316e-01 5.8380788865e-02
6.0972500187e-02 7.9799023471e-02 -2.6052920417e-02 1.5587780442e-02 5.1385476290e-02 -3.4877318335e-03 -2.3501527101e-02 8.9609350138e-02 8.2473981664e-02 1.3736675277e-02
9.9879407977e-02 5.6103296727e-02 1.4403828049e-01 -2.0338508480e-01 4.8703872645e-02 -2.0933070111e-01 4.1859520501e-02 5.2920923416e-02 8.0692311864e-02 -1.6720478748e-01
-8.1808483528e-03 -9.0978787987e-03 2.5207176146e-01 -7.8360937706e-02 4.2912510428e-03 -1.5057213688e-01 -6.1806963725e-02 9.0856276399e-02 -6.9453632078e-02 -1.2246627234e-02
2.5910370864e-02 9.1683124190e-02 1.7727805133e-01 5.7740555708e-02 1.9216036828e-04 3.1972473016e-02 -1.1344925824e-01 -7.3814283657e-02 2.4384962845e-02 2.1753290877e-03
-3.3448011323e-02 -8.5868929966e-02 7.6977305805e-02 -6.4949186599e-02 -9.7082251415e-02 -2.3185457429e-01 -1.0164205778e-01 1.1576136280e-04 -2.1629842542e-02 1.2392377144e-01
1.6959495543e-01 -1.6001351238e-03 -6.6893869709e-02 -1.0721127118e-01 -1.2120055519e-01 4.6607116910e-02 2.4714952178e-01 4.0502473166e-03 -1.2088776280e-01 -3.6572607068e-04
9.6376260591e-02 1.5530784827e-01 -1.2471620026e-01 -1.1563901405e-01 6.2462852106e-02 -1.8156318084e-01 -1.5322183013e-01 -6.8000690200e-02 2.2760552142e-01 4.3090997686e-02
-7.7879031940e-02 1.4134302082e-01 -1.0995162780e-02 -1.9490458106e-02 -4.1673055077e-02 6.9203460081e-02 -9.4353664965e-02 3.8014475840e-02 2.1866371696e-02 9.7059671472e-02
1.0057600820e-01 -6.1454622119e-02 -2.1508583002e-03 2.2226069325e-02 1.3730758349e-01 -4.9923377607e-02 -8.8512572778e-02 -8.2759679095e-02 -6.0640123465e-02 -1.6367580819e-01
7.6936590686e-03 5.9668993349e-02 -2.2245851587e-02 -4.3703428262e-02 9.0494387355e-02 -1.0034525486e-01 3.1696832293e-02 1.1726682528e-01 -6.1559740545e-02 -1.4268969917e-02
2.6940068389e-02 -1.2910288284e-01 -1.2455356547e-01 1.1460259757e-01 -1.2133237605e-01 1.9378227746e-01 -1.3705524555e-01 2.1998387324e-02 -2.5642797124e-01 1.4124997587e-01
-8.2873282798e-02 4.6983538049e-02 -8.2977914279e-02 -3.3083747432e-02 -3.8903039517e-02 6.2620210517e-03 9.4658682374e-02 -1.2397968794e-01 2.6371098107e-02 1.2937232294e-01
1.2528580428e-01 9.1130017214e-02 1.1089695424e-02 6.0125693555e-02 2.1263725199e-02 2.1767579594e-03 1.8011850982e-01 -1.5448474035e-01 9.2777916111e-04 -6.6113697908e-02
-2.0636308516e-01 -8.8963264031e-02 1.0046093597e-01 -1.4434892483e-02 -5.7759403545e-02 -2.5398493662e-02 -7.2147611443e-02 -3.6348144003e-02 2.6105033334e-02 4.3958866786e-02
8.0601652570e-03 6.3861471550e-02 -4.3868282928e-02 1.6644467584e-02 -4.9239996763e-03 -9.8313795578e-02 1.4142032256e-02 1.6887080136e-02 -5.7692446484e-02 1.1586612417e-01
3.8109227042e-02 3.8922762989e-02 6.1908092115e-02 8.0734448035e-02 1.1841386236e-01 4.6197233119e-03 8.1560891261e-02 -1.1729564209e-02 -8.6834750133e-02 -6.8109757960e-02
-4.8440726959e-02 9.1139212978e-02 -6.4275779020e-02 7.9426062755e-03 5.0973525472e-02 -7.1218486644e-02 -1.1015675847e-01 -2.2105125467e-02 1.1706523225e-01 7.6119042591e-02
-1.7965980794e-02 -1.1818783580e-01 1.9183667720e-01 1.1866103523e-01 -1.4308345628e-01 2.3565235476e-02 -4.0595678632e-02 -1.6550893091e-02 5.3642136699e-02 1.3014540268e-01
-9.0330427363e-02 1.8555524601e-01 1.3319785979e-01 2.1377954491e-01 1.2454729958e-02 -1.9023892877e-02 -1.0212030875e-01 3.4609056379e-02 1.8596109101e-01 -1.9293594039e-01
-1.5760562381e-01 2.3142923990e-02 8.6298335551e-03 2.5711956365e-01 1.4949248454e-01 -2.7115902331e-02 -1.2201053045e-01 4.8292184961e-02 -6.8497150467e-02 2.8567455955e-02
-3.0894881106e-02 6.6836062387e-02 -7.6861624150e-02 1.0178594772e-01 -9.1157653234e-02 -6.0612128629e-02 -1.6752248545e-01 9.3682540444e-02 -1.1278298484e-01 9.1673780000e-03
2.6170369819e-02 6.2719474703e-02 -7.3237962396e-03 1.6706704484e-01 -2.4655358956e-02 -7.4579683503e-03 8.2896389282e-02 -6.6520980332e-02 4.7064804816e-02 7.4317232225e-02
-2.8455822906e-01 7.5584712896e-02 -1.8800696335e-01 1.3126187045e-01 3.6635800503e-02 2.6479790551e-02 7.1386445952e-02 -2.3639014865e-01 1.3614533718e-01 1.1563976810e-01
-1.1408506338e-01 1.2314748594e-01 -5.8701299647e-02 -3.9630992149e-02 1.3921417881e-01 -7.2765446547e-02 -7.2273860707e-02 4.6320928086e-03 3.4823364833e-04 -7.4895242143e-02
-6.2785494633e-02 1.7121121836e-02 -1.2917807317e-01 9.8166783516e-02 1.5526823089e-02 -1.1183405101e-01 6.0037523592e-02 6.7253957351e-02 -9.0578727129e-02 2.2359556030e-02
5.4726523881e-02 -1.2582524206e-01 2.0810019410e-02 3.7071962404e-02 -1.9876367353e-01 7.8329654097e-02 4.3003913267e-02 6.7233250823e-02 -2.5469121800e-02 7.7568727159e-02
1.3990015206e-01 -1.9161328611e-01 -6.9193032844e-02 1.1824973309e-01 1.2241879284e-01 -4.2537917992e-02 -2.1522391318e-01 -5.8589790843e-02 -6.3821787130e-02 2.4695977212e-02
2.4143702461e-01 -4.6135258625e-02 -5.0262998709e-02 -5.9524232278e-02 1.6757252868e-01 -1.0600170371e-01 -1.0345563160e-01 4.9827529196e-02 -3.0670144539e-02 1.8939324735e-02
8.2619677518e-02 8.1092360447e-02 -1.2083826685e-02 -2.2378739144e-02 1.4804260199e-02 -1.5107354075e-02 -5.1963422886e-02 -5.0303161572e-03 2.7400807682e-03 6.4431914700e-02
-1.8532348540e-01 -2.1931642917e-02 7.9274797396e-03 -8.8247153428e-02 -1.5873915597e-02 1.9912644449e-02 -7.3425437222e-02 -1.4554897111e-02 1.1558542755e-02 2.7608300420e-02
-1.1548047551e-01 -8.5146983662e-02 -2.6369811983e-02 9.4501885654e-02 9.9641731634e-03 4.0446669133e-02 -7.1070228657e-02 8.6514142305e-02 -1.0060918874e-01 -1.5798548916e-01
-6.3562261196e-02 6.9031774189e-02 -3.6298379352e-02 -3.4092988684e-02 -2.6995571428e-02 -1.3282818927e-01 -2.6096773415e-02 1.1066044730e-01 2.1781066684e-01 7.5514351964e-02
-1.0531119096e-01 3.8217326022e-02 7.7186046401e-02 -1.0178869061e-02 1.3191216895e-01 -1.0459080153e-02 -4.8105022812e-02 7.5972394757e-02 -1.8964631532e-01 -9.4257035373e-02
-6.2949683901e-02 3.4398614956e-02 -2.9356438437e-02 1.5554070995e-01 -1.3870951350e-02 -1.1572111826e-01 -5.2245209277e-02 -1.7640497325e-02 -3.3396195599e-02 5.4516586060e-03
-4.0482895315e-02 -7.1227500665e-02 3.9663322523e-02 5.8540591470e-02 -4.7104632747e-02 2.1203871001e-01 -1.2478724361e-01 8.5067398505e-03 2.6855377579e-02 2.0157190684e-01
1.9519875694e-02 1.0959424225e-02 8.3607560434e-02 7.2533999434e-03 -7.7579180436e-02 -8.6415206549e-02 1.1610256875e-01 -7.1491231461e-02 7.0685379287e-02 -4.5050407790e-02
-8.0646599669e-03 -1.6476970607e-01 9.6252465597e-03 9.8338207365e-02 -1.1226207824e-01 3.6444965503e-02 -9.6515657445e-03 -1.4598832192e-01 4.4737069150e-02 3.6313068171e-02
1.9121024558e-01 -1.8919359503e-01 2.2058085696e-02 -1.0531335650e-01 -1.7554557376e-01 -1.7936456492e-01 1.1297431684e-01 9.0623016934e-02 6.5119504044e-03 -1.0439813018e-01
2.5277977747e-02 -4.9835977687e-02 1.5138107692e-02 3.5643938312e-03 4.4076765271e-02 -9.0338713037e-02 7.0670333203e-02 2.7955139684e-02 7.5992768811e-02 -4.6774218919e-02
7.0128438003e-02 4.7160082000e-03 -3.2714535895e-02 -2.8652865047e-03 4.2423489366e-02 -5.8037919826e-02 -3.0560719639e-02 -1.1127535116e-01 -1.3249346451e-01 -1.0758666751e-01
-1.5114462696e-01 1.1368689553e-01 2.7915826295e-02 -6.1306175973e-02 1.3448968374e-01 8.8679710501e-02 4.5414882006e-02 1.2031363749e-01 -8.1039329100e-02 -1.0225473030e-01
-8.2777645359e-02 -6.6180593434e-02 2.2274245115e-02 -7.7007326101e-02 2.9527905868e-03 3.9325603048e-02 -1.2323579032e-01 -1.7317045931e-02 -8.2312523803e-02 -6.5640731028e-03
1.3827437525e-02 -1.1453520069e-01 8.7118833030e-02 -1.1762963378e-01 -3.3594180482e-02 6.7039128444e-03 3.5579982629e-02 6.8766823935e-02 1.4047420140e-03 -2.0079072148e-02
-1.0652016022e-01 8.4940837502e-02 -7.8928842049e-02 1.4185463513e-01 -8.0856387157e-02 5.3828199126e-02 7.9655135882e-02 -7.3206109838e-02 -1.6414075791e-02 3.1085134738e-02
-4.9671070551e-02 6.0345065803e-02 1.7279037339e-02 -9.9832667589e-02 -5.6366674777e-02 -2.1749698256e-02 1.5689828097e-01 -2.0776705026e-02 -2.0465856774e-02 -1.4559817885e-01
1.1521838049e-01 1.6959751544e-02 -3.7573243636e-02 -1.1452442874e-01 -1.1534589857e-01 -8.2324637403e-02 1.6453120955e-02 -1.3563130987e-01 7.9204411178e-02 -1.0813644680e-01
4.9713257404e-03 -7.0781300052e-02 7.6075752205e-02 -2.1263502095e-02 -6.5427682392e-02 2.2101870217e-02 1.1533118504e-01 -1.0577774640e-01 1.7180621285e-02 -4.8338201876e-02
1.3754414009e-01 -1.5305461702e-01 1.0591652364e-01 -7.9688886657e-02 -2.8148714537e-01 9.7099868392e-02 5.7038600299e-03 1.8119573624e-01 -9.3080687001e-02 8.7844113114e-02
9.3822566348e-02 1.6052871369e-01 1.1563990358e-01 4.5141873031e-02 -8.3609390359e-02 -1.5147836898e-01 -8.6638074605e-02 -1.9930748714e-02 -1.2578855782e-01 9.9283260099e-03
-2.5488191155e-01 2.7105903351e-01 1.6858334421e-02 1.9553954102e-01 -6.1052634111e-02 1.1649429621e-01 7.0661983683e-02 -1.1545237067e-01 1.3801713797e-01 -3.0022624338e-02
-9.8666467296e-02 1.1520522338e-01 1.0309186588e-01 -7.8879320893e-02 5.4304474381e-02 -5.6260347204e-02 3.7759555829e-02 -2.8985450192e-02 -6.0660123685e-02 4.4025738165e-02
1.1383176392e-01 -1.3880878461e-01 -1.7876798311e-01 -1.7565948965e-01 8.2321002511e-02 6.0636471953e-03 1.3774180075e-01 2.5039612617e-02 2.6866915544e-02 -5.7814543676e-02
1.1035870336e-01 1.3367427452e-01 4.3291707876e-02 6.6314511012e-02 7.9698417379e-02 -3.4670075367e-02 -1.3678952647e-01 1.1498798875e-01 2.0347445473e-02 1.8585938587e-02
7.7175967913e-03 8.2784788402e-02 -2.3268608905e-02 -2.1588181947e-02 5.5134969294e-04 9.6195925786e-02 -1.0973847877e-01 1.4226187738e-01 8.7148424121e-02 -1.7166074183e-02
-1.4964733140e-01 9.1143270215e-02 1.2623553115e-01 3.0542429500e-02 -1.0293712005e-02 -5.2446417710e-02 -1.6757121508e-01 -7.9384782595e-06 1.3767473782e-01 -1.6761490488e-01
-3.6683153079e-02 -7.2709314377e-02 1.9024600041e-01 -2.2349700132e-02 -1.6924871142e-01 1.3892026812e-02 4.3819709610e-02 -1.3348172436e-01 -1.1379222770e-02 5.3545123408e-02
2.9527430822e-02 -5.8907802256e-02 4.3209901629e-02 -8.0327751175e-02 2.4999149771e-02 3.5052185530e-02 3.8524643015e-02 1.2794817216e-01 7.7022222976e-02 2.0483500185e-03
1.2546932813e-02 -2.4576004324e-02 -9.0941041820e-02 -3.5328084230e-02 -8.7375302181e-02 5.4056914411e-02 -2.1034709124e-02 -3.5015451779e-02 1.2851069105e-01 4.0124655211e-02
-5.3779374784e-02 1.2365304092e-01 6.0849446209e-03 -2.4478591976e-04 9.2667312040e-02 -7.6707723524e-02 1.2170338080e-01 -4.9007040599e-02 -6.8562507627e-02 9.5545649279e-03
-1.5617178344e-03 2.1474402374e-01 7.7789367415e-04 1.1193118670e-01 -3.5988136461e-02 -6.4768847154e-02 -1.8046302732e-01 4.5465627437e-02 -6.6670046014e-02 6.1561087391e-02
-9.2047060764e-02 -5.3026612309e-02 -2.0217308798e-01 -6.2380962312e-02 1.1462195932e-01 1.2088530391e-01 -1.1991509129e-01 -1.5400990268e-01 8.3829875447e-02 8.0299587913e-02
-1.3191865824e-01 -1.8799725677e-02 9.3933506797e-02 1.4534814531e-01 2.4753904497e-02 4.8397358138e-02 -1.2611157966e-02 -1.0754737593e-01 9.1760671775e-03 2.7273130243e-02
-7.3347983493e-03 3.1098478287e-01 -1.1500912320e-01 -6.7590780975e-02 -9.1607481241e-02 5.4731350480e-03 4.0104440437e-02 -6.7157061753e-02 -8.6586339334e-02 4.1981362879e-03
-1.2736402624e-01 2.2076762044e-02 -1.4056296942e-01 1.3366797163e-01 -5.1416750388e-02 1.4643904303e-02 3.9347801137e-02 -2.8013432993e-02 1.2582829427e-01 -1.2375321489e-02
1.1551737956e-01 1.1339652433e-01 1.5959674307e-02 -4.8416837334e-02 -1.2696132633e-02 -1.1151291392e-01 1.1408398041e-03 8.5126436994e-02 2.1336673777e-02 1.1316705452e-02
-1.1765205051e-01 1.4388467115e-01 6.5005418026e-02 5.7549420711e-02 -6.8299177522e-03 -2.6748264145e-01 -8.9062450300e-03 -6.9038332613e-02 2.6536365997e-02 -1.0385322444e-01
-8.2713503270e-02 2.2303733081e-01 -3.2382384849e-02 -1.2762945870e-01 9.7824724823e-02 -3.9317677755e-02 1.3588081466e-01 -4.1396586900e-02 -8.8590823344e-02 -4.6081246433e-02
2.3407412433e-02 -6.2609581815e-03 2.6428604652e-01 -1.4674950660e-01 8.6487934194e-02 1.0869157885e-01 1.1716207328e-01 -3.0780933720e-02 1.9251245752e-03 -1.1091505820e-02
2.4245524378e-02 -1.3542678479e-01 -2.3585280333e-02 2.2923849377e-02 5.7984932264e-02 5.6864225321e-02 1.2026809288e-01 7.1655783331e-02 -6.0990582316e-02 7.3981323050e-02
-3.6085267032e-02 -5.6778181838e-02 -2.3139678189e-01 -1.7510153118e-01 1.6741971723e-01 -1.0861636720e-01 7.6013390164e-02 4.5769170425e-03 1.4953527871e-01 5.3641190828e-02
1.3079483910e-01 -1.2219242922e-01 1.4118023588e-01 -4.9587551302e-02 1.0751259399e-01 -1.6055271564e-01 4.8282910590e-02 9.2446982169e-02 -1.5374521743e-01 8.2265931316e-02
