-3.7699094661e-01 7.9362504789e-01 -4.9611743536e-01 -4.9345725895e-01 3.9786444795e-02 8.8866575635e-01 7.0412875307e-01 -2.7111173032e-01 -2.9624343257e-03 -2.1054215028e-01
4.7252213108e-01 9.5131933953e-02 -3.9236370642e-01 -1.9654897240e-01 -2.3244707524e-01 -1.6603341398e-01 -5.5127457402e-01 4.7436455211e-01 1.8591479597e-01 -6.1553816777e-01
3.9745920360e-01 2.3491322868e-01 4.0797221171e-01 5.5263721447e-01 1.1790907601e-01 1.3821274061e-01 -8.1915386043e-02 -5.8856237001e-01 2.6850943214e-01 2.6908921155e-01
1.0395432834e-01 -1.9277531085e-01 -4.0709592274e-01 -7.2375454422e-01 6.8425110226e-01 -2.6207204102e-01 -3.4004104847e-01 -3.7722220231e-01 -4.7193579320e-01 -1.7865711116e-01
-1.9173453498e-01 -3.5359158464e-01 -7.5962076231e-01 2.8201263480e-01 -4.3326958491e-01 -6.1405749948e-01 -1.6161533176e-01 4.1066240153e-01 8.3369846265e-01 -6.1214037414e-01
-4.6380764114e-01 -2.0535327055e-01 -3.4879481565e-02 -3.0094784318e-01 -4.4669199288e-01 -5.9451124927e-01 3.8004897217e-02 2.4570851492e-01 1.1968165790e+00 -5.6652593075e-02
5.3097966005e-01 4.4152212292e-01 8.8620155480e-01 -1.5800423181e-01 -4.2389007127e-01 5.6526831702e-01 2.5187404103e-01 -4.3989096834e-01 -4.0976202502e-03 3.2249423801e-01
-9.8257733095e-02 -9.1855234586e-02 6.8836051354e-01 3.6963348000e-01 -1.1112231970e-01 -6.4142590701e-01 -4.5850050972e-01 5.8572244780e-01 7.9008959014e-01 -2.4663690673e-01
-9.9509713088e-02 -1.1263559156e-01 -2.0195047926e-01 -5.7866462186e-01 -1.4126858512e-01 5.1539779192e-02 2.7639609519e-01 -5.2762173641e-01 -3.7936020928e-01 5.0819620692e-01
-2.7532792138e-01 5.8163842231e-01 -1.0893420838e+00 -3.1608011669e-02 1.7333318352e-01 2.4601047093e-02 6.0960104163e-01 -5.4355212516e-01 -5.5298284571e-01 -2.1043791985e-02
