2.9830562521e-01 2.3520527269e-04 1.3174916023e-01 1.2127486322e-01 4.9557466297e-01 1.7629921791e-01 9.3358505675e-01 2.9915652666e-01 -1.7263969833e-01 -3.4620177860e-01
-3.3113242993e-01 -7.1077523670e-01 2.6292140534e-01 -1.6656804834e-01 -3.5704456178e-01 -1.2437914079e-01 -2.0074082074e-01 -3.1280619728e-01 2.1173765604e-01 1.0439852720e+00
-2.3681571172e-01 -2.7090883956e-01 2.4438555933e-01 -5.1504081946e-01 6.4535292892e-01 8.0274594667e-01 -3.7603955264e-01 7.0148968943e-01 -1.3513089648e+00 3.0578998943e-01
-2.6269166922e-01 -9.5002133143e-01 -5.9655665004e-01 5.6381549810e-02 -5.5358064600e-01 -4.0202206724e-01 3.2293397045e-01 -7.9103066487e-01 -1.9211268224e-01 -2.1729051121e-01
-3.0043021384e-02 2.0434924377e-01 5.7809493086e-01 2.4498862230e-01 6.4830827555e-01 -1.8733395936e-02 -1.2381154759e+00 3.4964712084e-01 -1.0409151109e+00 -9.1739985482e-02
-4.1125497036e-01 -3.8609445079e-01 -6.8234056927e-01 4.2913601503e-01 -4.4384779540e-01 6.3012976255e-01 -1.9940163899e-01 3.3687537044e-01 6.6785591917e-01 -5.9969399829e-01
-1.4644549850e-01 -1.8559466504e-02 -3.0260596129e-01 2.6061979359e-01 -5.7984400903e-01 -8.7493720448e-01 6.4375571231e-02 -4.0339134597e-01 5.3369420341e-01 -1.7763499812e-01
5.5358913714e-01 -5.4380822307e-01 2.2756627780e-01 3.6113784843e-02 3.5099673597e-01 -7.9626738113e-03 4.7297225582e-01 -7.7524289411e-02 -3.8201810407e-01 -9.6994672623e-02
3.5169003672e-01 9.8408873717e-01 -7.3880571111e-02 -1.9069167768e-01 4.1229067719e-01 4.4876709437e-02 -1.7412254592e-02 -5.5578084426e-01 -1.1451063051e-01 -2.6717994796e-01
-2.8532899466e-01 4.8158232203e-01 4.8331333663e-01 -4.9701866403e-01 -3.9114647978e-01 6.9116832627e-01 -7.6214057302e-01 3.7238147517e-01 -5.6232966174e-01 5.5260411817e-01
