-1.3473799371e-01 1.4680721582e-01 1.2371261360e+00 1.1890407958e-02 8.6831164764e-01 1.4618068858e+00 5.3523119562e-02 7.5594018587e-02 -4.5295349851e-02 -1.1792268448e+00
6.7109541011e-02 4.3085856781e-02 8.8573644655e-01 -7.2926732556e-01 8.4042916420e-01 7.7357865132e-01 7.5882659824e-01 8.8676660219e-02 -2.8425725811e-01 -3.2338555285e-01
1.4835668065e-01 -1.1437590475e-01 -5.6654845095e-01 -3.6743718294e-01 -7.2917844244e-01 8.1189744866e-02 -3.6961333264e-01 -2.6977999954e-01 1.1088814275e-01 5.7046975987e-01
-6.5974607356e-01 2.8704861740e-01 1.3852112356e-02 -3.3250630430e-01 1.5007608520e-01 -1.9156606142e-01 -6.2875901792e-02 -5.9219968141e-01 3.8782791950e-01 3.3823642801e-01
2.3358678759e-02 1.0820799539e-01 -2.4674075596e-01 1.6313259820e-01 4.9028769898e-01 4.3494072197e-02 -2.3915240027e-01 7.4255729096e-03 4.1680369215e-01 4.3335294549e-01
-3.8408799524e-01 -7.5716166529e-02 -2.1980101948e-01 2.3960743962e-01 1.0534374942e-01 3.8724058484e-01 -2.3937262797e-01 -2.8181520044e-01 -2.4673471262e-01 1.4888317076e-01
2.4010138587e-01 -2.4151966683e-01 6.6976286888e-01 -5.3291858118e-01 4.3689273416e-01 1.8962559146e-01 5.0197712660e-02 1.4417582081e-01 2.4148296088e-01 -3.7825757730e-01
-3.2624757776e-01 -1.6588360171e-01 7.7325289632e-01 1.8967771148e-02 6.3511039031e-03 -5.4667107862e-01 2.5487828644e-01 -2.5744612885e-01 -2.6978434358e-01 -3.9156019688e-01
-3.4777101528e-01 1.8312567546e-01 -2.8388442843e-01 1.3744991945e-01 1.8619240450e-01 1.6949152370e-01 4.6676420474e-01 3.9381241219e-01 -1.0733752814e-01 -1.3032910399e-02
-2.1500984412e-01 -2.1618063511e-02 5.8624821264e-01 -2.4862849122e-01 2.7559660744e-01 4.2338089408e-01 1.9727665586e-01 -1.0363068555e+00 -5.3247118069e-01 6.3264195543e-01
