-9.4438836389e-02 -1.4636002174e-01 -2.1682611705e-01 -1.0972229440e-01 1.7705841963e-01 -6.5790887779e-01 4.3237363526e-01 3.1032849459e-01 -3.5170059536e-01 2.6566857562e-01
2.3555096997e-01 -2.4876704340e-01 2.1276514536e-01 -3.5947689527e-01 2.0125197996e-01 -3.8237211145e-01 -4.2570116108e-01 4.7935796768e-01 -2.8495125755e-02 -2.3017748396e-01
-2.1703489062e-01 4.0014398756e-01 -1.1661996049e-01 -2.7259933233e-01 -4.0664149753e-01 -1.8712482155e-01 4.0501868491e-01 2.6078280539e-01 -3.1219014900e-01 2.2199208594e-01
-3.0920143230e-01 -7.5076988205e-02 1.8137010266e-01 -2.8751830885e-01 -1.2292835627e-01 -1.4719451886e-01 5.2176264356e-01 1.2827536492e-01 -3.1316439150e-01 -1.6323497717e-01
4.5680292036e-01 3.3506878334e-01 1.1461303530e-01 2.5121004757e-01 -2.4052866562e-01 5.5932457481e-02 6.2046872510e-01 -7.5917708565e-01 2.0017456429e-01 5.1263347501e-01
1.2695689159e-01 8.1644587486e-03 -2.9183049277e-01 4.9672272001e-01 -1.6793053481e-01 1.2763482317e-01 -2.3266816007e-01 4.2918128228e-01 1.0715954764e-02 5.9113177841e-01
1.7416736519e-03 -4.8924563580e-01 1.6062938108e-01 1.3339086183e-01 -3.9207058562e-01 3.8868344878e-01 4.0899557885e-01 3.8237892228e-01 2.3360247817e-01 3.2891491126e-02
2.0241058593e-01 -2.5083132222e-01 -2.0402320626e-01 7.2082853159e-01 2.7758937169e-02 4.7778328168e-01 -3.4966828796e-01 7.1332773664e-02 -4.7411141361e-03 -3.6590395869e-01
-1.1755281768e-01 -5.9334400501e-02 8.3898719796e-01 2.7079841009e-01 3.9278913850e-02 -4.5808192488e-02 -2.5102110818e-01 -1.5768756668e-01 -3.7763199378e-01 -5.0055182575e-01
4.6664080823e-01 5.7895123409e-01 3.7920350702e-02 -2.0127085266e-01 1.0251719433e-01 -3.3288106179e-02 -3.4484644470e-01 7.0368532858e-01 -7.1665234295e-02 4.5282487496e-02
