5.4136793619e-02 2.3302153983e-01 -1.2980631873e-01 4.6521002184e-02 4.4557349906e-01 3.5088266803e-01 -1.0550572250e-01 3.7027974878e-01 -8.6444741952e-02 8.4624652946e-01
-8.2171801610e-03 9.8343422158e-02 5.1244732337e-01 -1.6727771005e-01 -3.6210137872e-02 -4.5649977448e-02 -1.0416234084e-01 3.8549759325e-01 1.7284075348e-01 -2.4311704779e-01
2.3354458571e-01 7.8530042467e-01 -5.4678992953e-01 -3.2539638242e-02 -7.3900449908e-01 1.1369729770e+00 1.3593510928e-01 -4.4825967589e-02 2.7636694468e-01 3.3512407111e-01
-2.1791773014e-01 3.4325680819e-01 6.6011014081e-01 -7.1898531700e-02 9.9577234577e-01 7.7143807139e-01 -7.2895376339e-01 -1.9143259755e-01 2.8396244636e-01 3.4075211344e-01
-2.2373278686e-02 8.7543629776e-02 7.4698394371e-02 -4.0717324426e-02 -1.1695686237e-01 -2.4234350657e-01 6.5355419978e-01 -1.9755495592e-01 -3.5810287030e-01 5.5526749197e-01
-3.5271200401e-01 4.7096415287e-01 -2.3802710488e-01 -1.9805600342e-01 3.7405168901e-01 -2.5476878136e-01 -2.1938341570e-01 -1.7783490341e-01 1.1307723585e-01 1.7228310020e-01
-1.2311099346e-01 -2.7806263971e-01 -1.3498338800e-01 -9.6118852310e-02 -3.4121233688e-01 -2.5892078886e-01 -2.4617995438e-01 4.4567565243e-01 2.1816113954e-01 -7.8316377968e-01
-1.7155146425e-02 -1.6698797940e-01 4.2726452426e-02 3.1678847282e-01 3.1751652479e-01 -2.5143975691e-01 5.0785809346e-01 -3.9787014377e-01 -2.1478748887e-01 -1.1543978370e-01
-1.8788814907e-01 2.0982955261e-01 1.8220731397e-01 -3.3810969194e-01 3.6425224980e-01 -1.0928983217e-01 -9.2555916558e-02 -2.2734178515e-01 3.5711268900e-01 4.2537567838e-01
1.6681383366e-01 7.6643503374e-01 -1.2504669739e+00 -2.9642977840e-01 -2.3607818304e-01 -2.1290083740e-01 -1.2140619464e+00 6.7284981411e-02 -1.9041793211e-01 1.9694090471e-01
