-3.0409824506e-02 -1.9321692931e-01 -5.8311490035e-02 4.6031418058e-01 -2.1748611413e-01 3.3625050416e-01 6.7069667388e-01 -2.3523178000e-01 -3.2292007252e-02 -8.4744763810e-02
-6.4496176623e-01 -2.2609185584e-01 4.0746940829e-01 -2.1126537498e-01 -6.8618525027e-01 1.1989163448e+00 -6.1364224229e-01 5.6223232534e-01 -8.6565135603e-01 -2.2499973010e-01
2.1642641043e-01 1.5920964754e-02 3.9363026416e-01 -3.0909696056e-01 -1.6378113763e-01 -5.7878350889e-01 -8.7756144162e-02 -2.3314547330e-01 -3.4327099836e-01 -3.7994776969e-01
-1.0698591952e-01 5.7027951266e-01 1.4586804251e-01 1.4935040989e-02 -2.3368523731e-01 5.7718288072e-01 -2.9321284972e-01 -3.3228171366e-01 1.5154719881e-01 -6.7870184971e-01
3.5041662957e-01 -3.3775349029e-01 -6.4440600399e-02 -1.5180589398e-01 -4.0166836045e-02 -1.8257635864e-01 2.9532823490e-01 -1.2882872569e-01 -5.1111842351e-02 1.2380917723e-01
-5.7516463566e-02 -6.0443513395e-01 -3.2295742434e-01 -3.0080684269e-01 1.9839123809e-02 -6.2126776494e-01 -4.5192025215e-01 -4.3748587676e-01 5.6119455870e-01 8.0044613254e-02
4.7395960429e-01 -6.3576309165e-02 1.9368261808e-01 -2.0545821481e-01 5.7874879593e-01 -6.7045756183e-02 -2.0012132453e-01 -2.2868305273e-01 -2.3713236054e-01 -5.5016437303e-01
-4.9077783786e-01 3.7333874413e-01 9.9891011137e-02 7.9085854531e-02 2.9496333106e-01 -3.3269830930e-01 -3.2276470919e-01 -2.3501391584e-02 2.1827784261e-01 2.8106534516e-01
8.4748093859e-01 -4.9298210975e-01 8.7379794548e-01 -2.3620658977e-01 -3.4790962307e-02 -1.6658261870e-01 1.1077384162e-01 5.4327307054e-01 4.0745683608e-01 -1.2959688492e-01
5.7219337193e-01 -5.5009747675e-01 1.3663508374e-01 -5.3148800075e-01 -1.3849067695e-01 5.0742573577e-01 2.5217509648e-01 1.6538384676e-01 -2.9122221251e-01 3.9273162886e-01
