-8.1600934362e-01 -9.6569457999e-02 7.4113825904e-02 -2.4568022787e-01 -2.1352439003e-01 2.5328380767e-01 -5.2274023426e-02 6.4129960020e-02 1.3741519451e-01 -1.5852620631e-01
3.3958530285e-01 5.1397269531e-01 2.9431001012e-01 -3.3546192253e-02 -1.5674984340e-01 -1.0492135801e-01 3.2325395155e-02 -3.4908442576e-01 -1.3506199554e-01 -2.6684006404e-02
5.8879662799e-01 -8.6443136107e-02 -1.7460080191e-01 -1.6508606608e-02 1.5082848330e-01 3.5835782193e-01 3.4823210155e-02 -7.6511444556e-02 -3.9635082852e-01 7.0717352098e-01
-2.0242749934e-01 8.1473141519e-03 5.2691075536e-02 1.1264927499e-01 1.2498859333e-01 2.3479683609e-01 3.7802969094e-02 -3.5875007277e-01 -1.3540251360e-02 5.2981932334e-01
-2.5186043651e-01 -2.8042700261e-02 -3.5153848994e-01 -1.5291469339e-02 5.0541221044e-01 2.9795664617e-01 1.8222608429e-01 8.9119415818e-02 3.5706064395e-01 2.5193256178e-01
2.4297353655e-01 4.1186283057e-01 -3.2499105646e-01 2.0665755240e-01 -9.2479347520e-02 1.3819651044e-01 -4.1039630547e-01 -3.3219551394e-01 -2.4029800391e-01 5.9464796235e-01
-5.4103046861e-02 -1.6643590598e-02 -2.5297051635e-02 2.4276099564e-03 1.1442593978e-01 2.2790557663e-01 7.6640776311e-01 1.4672712009e-01 -2.8122507040e-03 -2.2037798948e-01
1.0162177298e-01 -6.3471442461e-01 -2.5035380614e-01 9.7397148858e-02 -3.5402265717e-01 -1.5020381912e-01 -1.6004606808e-01 -5.5734729388e-01 -3.7400482344e-02 4.2687559252e-01
-1.1392842628e-01 -3.1982553140e-01 6.8107705433e-03 3.6997214626e-01 -1.6196653418e-01 -2.9924649452e-01 4.3404643263e-01 -6.0098743284e-01 4.3244434880e-02 -1.7155062782e-02
-1.7917055147e-01 2.9629191770e-01 2.5982561699e-01 -2.0253893879e-01 -4.8681325328e-01 -1.4921348859e-01 -2.9783816549e-01 -2.2536791215e-03 2.8072538943e-01 5.1562856612e-01
