3.6648583913e-01 3.3613627226e-01 -2.3940129197e-01 5.4887188237e-01 3.9732895933e-01 -5.1101838160e-02 -2.5204178736e-01 -3.5843784482e-01 -1.3510031891e-01 5.2288633401e-01
5.1230544700e-01 -4.1841574358e-01 -6.2607116432e-02 6.6402084171e-02 -2.2564038852e-02 1.0016646993e-02 -6.6410829074e-01 -1.0920272126e-01 5.3489137646e-01 2.3803402410e-01
8.2644564348e-02 2.6310333319e-02 2.5520583398e-01 1.9684330812e-01 -3.9981934826e-02 -9.0151177553e-02 -1.1839968521e+00 -3.0633077698e+00 -3.8680783119e-01 6.9435570105e-01
5.8001618657e-01 -3.4341935236e-02 3.0381139486e-01 -4.8065583565e-01 -9.2344700974e-02 -3.6175774116e-02 -1.1873359105e-01 2.3933535885e-01 -1.7956276753e-01 -1.6208997671e-01
-4.9425783557e-01 -3.3267261543e-01 -1.7457246190e-01 -3.1161766894e-01 -4.3059661296e-01 -9.1816136948e-02 4.3904754357e-01 -9.8358928863e-02 3.0261363852e-02 1.0319672605e-01
-6.2496813257e-01 -1.6726960111e-01 4.2404360661e-01 -2.1963704111e-01 -1.3332001024e-03 4.8935729045e-01 -3.0392120947e-02 5.8171164955e-01 1.2169400923e-01 1.2303902924e-01
2.2952662379e-01 1.2333604397e-01 -8.1539101024e-02 7.8491680860e-01 3.0748702046e-01 -2.7224979594e-01 9.1233013596e-02 -3.0398415993e-01 -3.2596989037e-01 4.3614148958e-01
3.1655630611e-01 -2.1474095130e-01 -8.8464046344e-02 3.9633340169e-02 -2.0235858449e-01 -2.1221416725e-01 6.3582573192e-02 -4.1849003253e-01 -2.0520417795e-01 6.0523341719e-01
-5.5901580039e-02 -1.8189864997e-01 3.9642096197e-02 1.4040683570e-01 2.1573142761e-01 6.0694269347e-01 1.5096875197e-01 5.0022401926e-02 -9.2059258903e-02 -4.3721153709e-02
-3.9761029661e-01 -3.0740039793e-01 4.1731652210e-01 2.9746004031e-01 3.0009510020e-02 8.6098143099e-02 4.6474128591e-02 1.2199916802e-01 -1.2617761742e-01 -2.0044708273e-01
