-9.7314865452e-02 2.1246484495e-01 -1.7460567523e-01 1.7504489118e-01 -4.1126145017e-01 -3.0727274497e-01 1.1304151352e-02 -6.8326937056e-02 -1.7868839263e-01 3.7895550672e-01
5.8737754439e-01 7.0720880901e-01 -8.8818701658e-03 -3.4797005006e-01 4.7411902361e-01 -1.0149545220e-01 2.0216134558e-01 5.6271022263e-01 -3.3615039813e-02 4.9582917896e-01
4.4325753371e-02 5.3239566851e-01 2.2232611339e-01 -2.4407345094e-01 -8.4577296989e-02 -3.3415541063e-01 -2.0639391776e-01 9.1466988977e-01 2.5487130093e-01 -3.5092357255e-01
-7.4816652391e-01 -9.6546862883e-02 5.9043201655e-01 -3.7513369338e-02 3.7487931366e-01 7.3501093942e-02 -2.9989373196e-02 2.8356674848e-02 -2.6264699622e-01 -8.0907912139e-01
1.5265940016e-01 -4.9240471560e-01 -6.8601982997e-01 2.5455948809e-01 -3.3066062494e-01 -4.3251095953e-01 -1.3471297092e-01 1.9859948414e-01 -3.8952202327e-01 7.1022151725e-02
3.6782515692e-01 -1.6956591464e-01 -3.7117016187e-01 -2.5845207387e-04 3.6898741473e-01 4.4921084868e-01 4.8608542023e-02 -1.3370812354e-01 -5.9024568459e-01 4.0048402551e-01
5.5911338064e-01 -8.7714010452e-02 -1.2366447357e-01 6.9669271810e-02 -6.9994731106e-02 5.3638603096e-02 -1.9745119948e-03 -4.9856754157e-01 8.5271033161e-02 4.5364268781e-01
-3.8065576964e-01 -1.2156565903e-01 -4.2489628910e-01 3.4554433936e-01 4.4827865583e-01 4.3254556335e-01 6.2484712800e-01 1.6944710875e-01 -7.4182055397e-02 4.4216295889e-04
-1.5208643896e-01 4.6026365234e-02 3.3314954358e-01 -2.2523622720e-01 -5.8253768071e-01 1.9998151471e-01 -5.3301720223e-02 9.5540943188e-02 5.2108309121e-01 -2.1159994673e-01
8.1661717115e-02 4.0645877890e-01 1.3462181207e-01 -3.9746728173e-02 2.5815088329e-01 -2.7661085081e-01 4.0580913245e-01 1.7011160658e-01 -5.9414419169e-01 8.8401083713e-02
