-8.3447250495e-01 -9.2605831126e-01 -4.4343133350e-01 -2.6549846032e-01 -8.8668387776e-02 -6.7923787388e-01 3.8618646423e-01 -6.7196862118e-01 1.5645422429e-01 -4.3281650555e-02 -1.5578084929e-01 -9.7522713307e-01 -5.3988912945e-02 -7.1346245042e-01 -1.6631730387e-01 -2.1129112867e-01 9.0512140732e-01 1.0514642707e-01 1.7907971185e-01 -9.9792474540e-02 -9.0809307994e-02
-8.6698634390e-02 6.3195940113e-01 -8.0876165533e-02 -3.7563615141e+00 1.7235778907e-01 -1.0794319711e-01 1.0963621546e+00 4.3143584336e-02 -1.7311971659e-01 -9.7259353485e-02 4.5620387957e-03 -4.4548944088e-01 4.4014529177e-02 -9.4125470660e-02 6.0688634547e-02 2.9200536868e-02 2.1811792869e-02 -2.9265728935e-01 -1.2030798169e+00 -3.5077270759e-01 -1.6102488252e-01
-3.9340452037e+00 -4.9233331031e+00 2.3670016455e-01 9.1151234550e-01 -1.8080974026e-02 -1.0069391907e-01 3.8618799262e-01 -1.6890115368e+00 -2.9628077963e-01 -1.5999397274e-01 3.8356563495e-02 -1.3301312514e+00 1.6575209269e-01 -3.3063820367e+00 -9.0870107249e-01 3.7617063617e-01 -2.8184223569e-01 -4.0342760312e-01 -9.3280477610e-01 -1.7789204303e-02 -1.9088556694e-01
4.2483942598e-01 2.5749916505e-01 -8.8122137117e-01 -2.8923143287e-01 2.9698450156e-01 2.4328506507e-01 -2.1462017461e+00 -2.4821513262e-01 -3.7515215255e-01 1.3331630133e-01 1.0804239822e-01 -6.1560797343e-01 4.2155908990e-01 -3.8790827570e-01 -1.6922077894e-01 -3.6702429736e-01 -3.8242149145e-01 1.0661910999e+00 -3.7068307395e-01 -2.2990172640e-01 -2.6943547487e-01
2.7590229327e-01 7.2435525607e-01 5.7707996042e-01 -4.8223555259e-01 -1.6575234735e-01 -5.5570391847e-02 1.3732208214e+00 5.9713270248e-02 -1.3931579907e+00 -1.3676655118e-02 1.7508911090e-01 -1.7094097456e-01 4.0773382430e-02 -2.3675109028e-01 2.0778610862e-01 8.1748446568e-02 -7.5141628093e-03 -3.0601969901e-01 -7.0607795717e-01 -6.3258189951e-01 -1.4059128061e+00
2.6658647871e-01 -8.0317543701e-01 -5.3903797564e-01 -4.2221141477e-01 7.5882301721e-04 1.1465691100e-01 -3.7501128884e-01 4.2367690504e-01 2.7399407960e-01 1.0034467749e-01 5.4627494845e-02 -2.2956317708e-01 -2.3854209720e-01 -7.3478216687e-01 1.8361186819e-01 9.2901950637e-02 -1.9122816878e-01 -9.5104136580e-01 5.3684095989e-01 -3.5922477969e-02 2.2766171562e-01
-1.1376541014e-01 -1.9368274060e-01 -1.1379719244e-01 -1.4063909863e+00 -5.4368052713e-01 2.1525998241e-01 2.5089647589e-01 -2.5696831746e-02 -1.5747530747e+00 -1.6374422352e-01 -4.1002508914e-01 -5.6188722495e-01 -2.6432544350e-01 -5.2471714976e-01 2.1029148304e-02 -1.3393430079e-02 -2.4946077199e-02 -2.7358322792e-01 -2.6102480587e-01 -4.5045032388e-02 -2.4656660060e+00
1.0858800611e-01 6.5742546273e-02 1.8097366157e-01 4.1900129582e-02 1.3262958539e-01 3.8470892912e-01 1.1805649988e-01 5.0196109177e-02 -2.3660008926e-01 -4.8975203837e-01 -8.3095547257e-02 7.3616419120e-02 5.4673867243e-02 1.7557511129e-01 -1.6874404175e-01 -6.8215399890e-01 -4.3709684531e-01 -2.6060608217e-02 3.9542793502e-01 -2.1306731523e-01 2.9573393750e-01
-1.3027844846e+00 -4.5764803928e+00 3.7774326884e-02 -1.5519701993e-01 1.2691201132e-01 -1.4385405307e-01 1.5484513837e-01 -1.6223484092e-02 4.5687990653e-01 -2.3074769760e-01 -2.1173414515e-01 7.8138997434e-01 -1.4207034178e-01 -1.3050966946e+00 3.8819722085e-02 1.3081714763e-01 2.2169042993e-02 -5.1229333652e-02 -1.1329675045e-01 -3.5203422091e-01 4.4792837690e-01
-5.5063784511e-01 -1.1478182915e-01 -1.0119429140e-01 -4.7847573421e-01 -1.1216843633e-01 -6.3005018981e-02 -4.2718688970e-01 9.3227861590e-02 -1.6003212636e+00 -1.6459627786e-01 4.2764815590e-02 -1.7453072205e-01 -2.0869098005e-01 2.6682591120e-01 -4.8656334096e-01 1.5492069526e-04 -1.2927805896e-01 3.5577751822e-01 -5.8884441965e-01 -1.1759135697e-01 -1.3167533980e+00
-7.8753817636e-01 2.9544471067e-01 -1.1510433597e+00 -2.1998475230e+00 -5.9550474115e-02 -4.1470086777e-01 -1.0431474555e+00 -4.1964111166e-01 -6.5695996078e+00 -1.2264548983e-01 1.0850264853e-01 4.7007712606e-01 7.5400660789e-02 -1.6171076512e-01 1.3521835789e-01 -5.0095717432e-02 -2.5847965016e-01 -4.3372901819e-01 3.9762803373e-01 2.1891917179e-01 -1.9585231582e+00
8.3721502665e-02 -5.7957809776e-01 -6.8763501154e-01 6.9615149542e-01 -4.1058914905e-02 -2.0181913776e-01 8.7283725806e-01 -7.6237791346e-01 1.8513570078e-01 -1.1371505244e-01 -6.3488340012e-02 -4.4906083913e-01 2.2563428681e-01 -1.5142483211e-01 6.0420369342e-01 7.1893123213e-02 -2.9551433824e-01 -2.0136185073e-03 -5.9453469180e-01 4.7819304062e-01 8.1552359309e-01
-1.4182393139e-02 -1.6929191547e-02 2.4616383566e-01 9.9995959899e-02 -4.5806870949e-01 -5.0101310153e-01 1.9992920948e-01 5.8036220924e-01 3.0335337977e-01 -1.7550918063e-01 -4.1062822433e-01 -2.4852684948e-02 -2.1338097768e-01 1.9287728688e-01 1.7620117299e-01 -3.3366832048e-01 1.6670533675e-02 -9.8013136701e-01 -6.1125073985e-01 2.5899545715e-01 -1.9620613959e-01
-8.6208962119e-01 -1.4436099013e+00 5.7949238348e-02 2.6079184472e-02 1.5041399163e-01 -2.8637732698e-01 -5.7691692693e-02 -5.7973058162e-03 -3.7627230533e-01 6.2123888209e-02 -1.6825546138e-01 1.1978015393e+00 2.3196683898e-03 -8.6404608570e-01 -3.1977265409e-02 -2.1807811669e-01 1.1273410982e-01 1.1970668235e-01 7.0455719407e-02 2.0127288013e-01 9.4448027208e-03
2.5664784852e-01 2.3825555247e-01 -3.5242157786e-01 -2.3892923989e-01 -5.5688830840e-02 2.0559454849e-01 1.1050949535e+00 -9.8492898544e-02 -5.1599797534e-01 2.4716260945e-01 -2.6338107495e-01 -8.2363094072e-01 -4.3172587198e-01 -1.9883581638e+00 -7.4192771623e-02 3.6732900544e-01 -2.2111010598e-01 6.6858742965e-01 2.0096261656e-01 -3.8296591845e-01 -3.7575806047e-01
-3.3008172458e-01 1.4402775782e-01 4.2257820717e-01 -4.8973672545e-02 -1.0163812755e-01 -3.9803153055e-01 -1.4861778447e-01 -6.0868607544e-01 -6.5040809232e-01 -1.4131262670e-01 -6.3088775190e-02 -7.1724174208e-01 -5.0511815482e-03 3.7134767187e-02 -1.0140184175e-01 3.8989413609e-02 6.1438656006e-01 2.1216625824e-01 3.8084235084e-03 -3.9236974394e-01 -1.0218852921e-01
-1.2892767042e+00 -9.4943936366e-02 -9.6288167798e-01 6.4380925164e-01 -2.9715785751e-01 2.5055732019e-03 -3.2869949901e-01 -1.5193172184e+00 -1.9226390802e-01 -2.8949597079e-01 -4.1333780528e-01 -9.1687068692e-01 -1.9240679095e-01 -5.6014089058e-01 3.0107518678e-01 1.4893582558e-01 -1.9764044438e-01 -8.9618704985e-01 1.8239827093e-01 -9.2274242854e-02 2.0166361575e-01
1.3111939879e+00 1.3863896206e-01 -3.6386145355e-01 4.3603108243e-01 -1.5425686293e-01 -4.7433294569e-01 1.5893687047e-01 -4.5057383380e-01 1.0286847250e+00 3.0850573672e-02 -2.3367692488e-01 7.1927606481e-01 -2.9650536063e-02 7.6579647643e-01 2.5171803516e-02 3.2399050902e-01 3.2681782701e-01 4.0790198891e-01 -5.1229121090e-01 -6.4646763224e-02 -1.9459974999e+00
9.8006624632e-01 1.4619942698e-01 5.8858079224e-01 -4.0981085923e-02 1.4234475474e-01 -2.5440842526e-01 -6.8424271991e-01 -1.3344180130e+00 -2.8297211360e-02 -8.4568107748e-02 1.5187840553e-01 -1.0498712115e-01 -1.2124003922e-01 1.4280542550e-01 -8.3168770388e-02 3.4565535417e-01 1.9403664721e-01 -4.1669681715e-01 5.0222698157e-01 -1.1072409796e-01 2.5481327029e-01
6.1695474857e-01 -3.0532903330e-01 -3.9756473045e-01 2.2833991396e-01 -1.2180648782e-02 -1.0552083400e+00 -2.6811911278e-01 -6.1778077646e-01 4.9253258304e-01 -4.8616654363e-01 -7.2312461228e-02 -2.6325756640e-01 1.2541105416e-01 -8.4956192658e-01 -1.9543634516e-01 -2.5231686456e-01 1.2708855356e-01 -4.2410204862e-01 -4.7775105409e-01 3.4465612980e-01 4.2917857923e-01
-8.4841006018e-01 -1.6781395937e+00 -2.5806603070e-01 -1.5626056853e+00 -1.6670884846e-01 -2.5379579162e-01 -1.2731635259e+00 -2.3455183342e-01 -2.4150346961e+00 8.9741538112e-02 -6.0485996405e-01 1.0431313853e+00 1.6169994648e-01 -2.6245425308e-01 7.7044146970e-02 8.6879635278e-02 -2.8240999339e-01 -2.1701949907e-01 -7.4806916750e-01 -4.6201391371e-01 5.6871349408e-02
