-5.8443573249e-02 -7.8952470584e-01 -1.4531151550e-01 2.6933786922e-01 -2.2658729761e-01 -5.6328398998e-03 -4.2700612697e-01 4.6378094376e-01 -4.3553468140e-01 7.6103875614e-02 -2.9372305642e-01
8.3447950555e-01 5.8564301735e-03 3.3122766185e-01 5.5486132848e-02 1.2025711565e-01 1.0092316684e-01 1.4376083674e-01 -1.3123150400e-01 2.4462893370e-01 -9.0344586826e-02 1.6376024912e-01
2.8724946368e-01 -2.0549405289e-01 4.8190770814e-02 8.5038413746e-02 6.1575862230e-01 -1.7877026381e-01 -3.5250997703e-01 4.5875804709e-01 -2.2375719912e-01 -2.0810330555e-01 6.5437350731e-01
2.2910901679e-01 -3.2521953019e-01 2.2688032339e-01 -2.3770127083e-01 -3.9340511855e-01 -1.6176908354e-01 -4.0346368475e-01 -1.3301869332e-01 4.8196608572e-01 6.3074931023e-01 5.5449184013e-02
5.4145967249e-01 6.4860515974e-01 -2.4623724772e-01 2.8156848709e-02 3.0984863367e-02 5.9690100350e-02 3.9127144310e-01 -1.2304128143e+00 4.5617930644e-01 4.6497913702e-02 4.6780326098e-01
-1.7939908087e-01 -2.9003223950e-02 2.7813449255e-01 2.2099702064e-01 4.5750656610e-01 2.5095196371e-01 -1.1247138152e-01 7.7369321437e-02 -3.0329995794e-02 5.1722625319e-02 -5.5802739419e-02
-4.6329747707e-01 -1.0584226501e-01 -1.2025933296e-01 -2.8673572859e-01 1.1058271069e-01 4.9710062311e-01 1.2969139329e-01 2.9419026163e-01 2.1537357516e-01 3.7486037186e-01 2.7431749929e-01
1.8374029452e-01 -1.8088097753e-01 -1.4525878479e-01 -2.0686088712e-01 2.7451679432e-01 -3.2564472794e-01 -7.4086550236e-01 -6.5105300346e-01 -3.3388270078e-01 -1.5696538932e-01 5.2520546548e-02
-3.3512233176e-02 2.6947498677e-01 2.7650677197e-01 1.4383475506e-01 -7.4235425369e-01 9.8769766270e-02 3.6314967607e-01 -4.0431731500e-01 -1.1134055605e-01 -4.1215223963e-02 -3.6541419965e-02
4.3528877245e-02 -3.6210319788e-01 -3.4967842326e-01 1.3066204624e-02 -5.5422839284e-01 -2.0531251466e-01 1.5090768569e-02 -4.3805753601e-01 -1.2857219318e+00 2.4884645921e-01 -1.3538901075e-01
-4.1985340755e-02 4.4369440264e-01 3.0520752597e-01 1.6542857621e-01 -2.5831516261e-01 1.1168828294e-01 -8.2591416058e-02 4.7240718362e-01 -6.0269242838e-01 -8.3215130476e-02 -7.6335056306e-01
