3.7080649432e-01 -1.8720227495e-01 2.9702931939e-01 7.9369497254e-02 2.1488924298e-01 -1.4224052585e-01 2.3869128730e-01 -4.9869126757e-01 -1.6185478851e-01 3.6264419273e-01 -6.9600685125e-02 1.8231203357e-01 1.3603183295e-01 -1.8483926244e-01 9.6225102217e-02 1.5312030161e-01 -9.3466957117e-01 1.1901731748e-01 -2.8673110022e-01 -2.8320032092e-01 -1.6847943583e-01
-3.2325321374e-01 1.0536823660e-02 1.6833242954e-01 3.0298466333e-01 -5.1523934115e-01 -1.0035923605e-02 -1.0030576294e-01 4.8494785501e-02 2.0907448676e-01 1.3612638193e-01 1.3776542904e-01 -1.8978527727e-01 -4.7106508775e-02 2.6981171764e-01 -2.1723151376e-01 3.2363779181e-02 -2.3366184055e-01 -2.0570876136e-01 8.8945235329e-03 -6.6988016349e-01 6.0792304908e-02
1.5815251403e-01 -5.6172822862e-02 -1.8118896837e-01 8.9234002306e-02 1.6365362865e-01 6.8021521079e-02 -2.2508673050e-01 -1.0450315549e-02 -5.1247688785e-01 1.4384436917e-01 -4.7233641398e-02 1.5166911172e-02 1.1640069946e-01 1.5587003875e-02 -5.0234218124e-02 1.2920688387e-01 3.9903211670e-01 8.1851922287e-02 1.4366689475e-02 -3.3955424089e-01 7.6405112670e-02
3.0870019296e-01 -2.8160645466e-01 -5.4464016274e-01 7.8282013757e-02 -9.5422582199e-02 -2.2303757499e-02 -1.6401184624e-02 -7.1365364948e-01 -4.9360041026e-01 -2.2032165487e+00 4.0056042458e-02 2.2715762946e-01 -1.4807516951e-01 9.1199765331e-04 5.2158656936e-01 3.8549745660e-01 5.4622364980e-01 2.3563144105e-02 -7.4160392950e-02 -5.5228070932e-01 1.1799344902e-02
4.1144985795e-01 -4.9712358436e-01 2.1790434529e-01 -1.6148600281e-01 1.8527026223e-01 2.4864537100e-01 1.3146495003e-01 -2.8651970433e-01 6.4987967261e-02 1.5065078078e-01 -4.0195134136e-02 -1.0986947637e-01 -5.0018866380e-01 1.7246464471e-01 3.3461527252e-01 2.1090541274e-01 -3.4244889341e-01 1.1866665722e-03 3.9556577576e-02 -2.8387011409e-01 -2.8023704421e-01
3.6833613910e-01 9.1649891697e-02 -9.9422330302e-01 1.0491520837e-01 -6.4280776765e-01 1.0489613549e-02 -1.5398570508e-01 -3.4217827696e-01 -9.2242421549e-01 -3.1722616510e-02 4.9186963912e-01 6.9660926660e-02 2.2179404385e-01 -2.4758159654e-01 -3.4501345593e-01 4.1463968066e-01 4.2157206557e-01 5.0104652052e-01 1.8311815040e-01 -4.7678185067e-01 2.2364343438e-01
-2.7105217392e-01 8.8138838075e-02 -1.5878933226e-01 1.3192376403e-01 -1.2030624199e-01 1.6362865825e-01 -2.0951865182e-01 -5.0108226997e-01 -5.8637105664e-01 -1.0449975547e-01 1.3865860392e-01 -2.4056955466e-01 1.1199385039e-01 -6.1884332922e-01 8.4258020539e-02 -4.8561675103e-01 1.0155184940e-01 -1.3520012951e-01 1.5429401389e-01 -6.4819566807e-01 2.0352718439e-01
-3.2551277283e-01 -2.6864748039e-01 -6.9348643235e-02 5.8030276172e-01 4.8074177161e-01 1.7137270362e-01 1.2022326820e-01 -8.1235265361e-02 -2.5079275815e-01 4.4479917549e-01 3.1211892313e-01 -1.4095497737e-02 3.0771899015e-01 -1.3750013626e-01 -4.7713286242e-02 -3.2254152092e-01 1.3594494035e-01 -1.5716343177e-01 -1.9295731767e-01 8.3029715127e-01 -5.0697077771e-01
-1.7595687245e+00 7.6176792214e-02 -1.8452203625e-01 2.1334800846e-02 2.2633083580e-01 3.2206290034e-01 -5.3219609117e-01 -1.9646037172e-01 -1.7542004255e-01 -4.5187312967e-01 1.2571601059e-01 8.0121938451e-02 -9.4132359589e-02 -4.6434890086e-02 -1.4860429473e-01 -6.0284756918e-01 5.9763520611e-02 -7.5074064887e-01 7.6732127411e-02 -2.5645175635e-01 5.5593743601e-02
-6.1652871720e-02 1.5567079980e-01 3.4537761486e-02 -4.4235947656e-02 -9.2492667750e-01 2.9877872442e-01 -2.3636479053e-01 -4.2901798823e-02 -3.1815020608e-01 3.6355546557e-01 1.4040463141e-01 -2.8510577252e-01 2.5248576701e-01 -4.6538278417e-01 5.2071883271e-02 1.3931621693e-01 -3.2951060046e-01 -2.1374397263e-01 5.2767147250e-01 6.4250025375e-01 -1.8271639592e-01
8.1405308140e-02 3.8279507996e-02 -4.5198412093e-02 -5.5032626571e-02 -4.1708137519e-01 1.0599911016e-01 -3.0767033925e-01 1.0836207863e-01 -5.0389900071e-01 5.1608938793e-02 -5.0961561156e-01 1.8238501650e-01 -1.1501436591e-01 -3.7521101882e-01 9.7548293401e-02 -1.2813811565e-01 -8.3213801484e-01 -6.3179618646e-02 6.8863924048e-02 -1.8418429212e-01 4.5782426334e-01
2.8321189170e-02 -4.3102686713e-01 5.3599408781e-01 3.0259342689e-01 9.8656134440e-02 2.1219913025e-01 -2.3699034510e-01 -4.0890564237e-01 4.7042744857e-02 -2.6019077518e-01 -1.6720775292e-02 1.5226366157e-01 -8.2275605054e-03 3.6892249079e-02 2.6570802684e-01 9.0207574466e-02 -5.9206674851e-01 9.0145131812e-02 1.2319689236e-01 6.5610203508e-01 -2.4900003966e-01
-1.5704806125e-01 2.8886382000e-01 -2.4911812500e-01 2.3698108974e-01 -2.5622884639e-01 -4.4472311247e-01 -1.1420769282e-01 -2.7779642126e-01 7.3852389423e-01 -1.0669523427e+00 -1.6210271840e-01 -1.9509878922e+00 4.8743144475e-01 -2.4449647657e-02 -1.6259972917e-01 -1.4783501698e+00 3.1840157496e-01 1.8186934878e-01 -3.9862613227e-01 4.0005623705e-01 1.7500735064e-01
2.9989593132e-02 -6.5700111188e-02 -1.3792268620e-01 -2.6545140263e-01 -1.3319408786e-01 -5.0164815943e-02 -2.6735101561e-02 3.1495714473e-01 1.3691443341e-01 -5.3558328358e-02 3.4169670670e-01 -1.1975932774e-01 3.0021823873e-01 1.4611516269e-01 1.5078921668e-01 -2.4665917732e-01 -1.3699703362e-01 3.1998185226e-01 1.3143134715e-01 -4.5895279037e-01 3.3548596712e-02
-4.4283697060e-02 -7.7480546908e-01 2.7394614134e-01 -2.4211943137e-01 2.4739859173e-01 -5.0365296167e-01 2.3943205650e-01 1.8628977491e-01 1.1232049868e-01 -1.8987970991e-01 -8.1203574748e-02 -6.2444025917e-02 5.6178014616e-03 -2.5362223676e-01 3.5968102930e-02 3.0758639627e-01 -4.0244485031e-01 3.0232299542e-01 1.8202393116e-01 2.1031267464e-01 4.5179124103e-01
-4.7064059220e-02 2.8300096462e-01 -8.7613270378e-02 -2.9002576905e-01 -2.9767308815e-01 -3.3587783830e-02 1.6749520862e-01 7.7952500880e-02 -4.0706298923e-01 1.4554639325e-01 3.1822259614e-01 -2.0587848676e-01 2.7454400585e-01 -1.7440639143e-01 -1.1745037322e-01 5.8744111313e-02 -8.1723023553e-02 2.1571038412e-01 -9.9873681909e-02 1.5539980830e-01 -8.7653573786e-02
-3.0523368114e-01 3.8374949761e-01 -2.8961399765e-01 1.9024527502e-01 -3.7028127989e-01 -3.8930542020e-01 -4.2272496546e-02 4.7901301631e-02 3.0226886845e-01 -2.7242300578e-01 1.9427122786e-01 5.4738310072e-02 -2.9796573467e-01 -1.3913062061e-01 -3.1710597334e-01 1.2579949090e-01 -1.6162434739e-01 -3.3771470388e-01 9.2137131802e-02 2.8485555418e-04 6.6997926174e-02
-5.7966169780e-02 -1.6393114219e-01 5.1439729187e-02 -5.2886117149e-02 -1.5345700441e-01 -7.7434018900e-02 -1.0691453925e-01 -6.3926345149e-02 3.8922290263e-01 -4.0584639856e-01 -1.8553613777e-01 4.1645243182e-02 7.9607615649e-02 -8.1007223547e-02 -4.8909567341e-02 -1.1470686203e-01 3.5957914476e-01 -8.7515259774e-02 -1.6622090859e-01 1.0777160484e-02 1.6516040905e-01
4.5616000629e-01 2.3088620794e-01 -3.0667787072e-01 -1.3155147597e-01 2.8539390852e-01 8.4568156372e-01 -3.6187722178e-01 -8.2440442016e-01 -6.2091938986e-02 -8.4119058745e-02 -1.7193150211e-01 -2.3656490707e-01 5.6182487228e-02 -3.5492983895e-02 -2.7198732864e-01 1.9738871527e-01 -1.0241096786e-01 -2.1509842762e-01 -5.5013064273e-01 -1.6218704928e+00 -2.4909371596e-01
-2.5931490379e-01 -1.0526220101e-02 2.5201940324e-01 3.1290774051e-01 -9.3393047504e-01 -2.2724048327e-01 5.3725166146e-01 -3.5095734314e-01 -7.0679014545e-03 3.5276959719e-02 -1.5793919425e-03 4.5632400900e-01 -6.9442387083e-02 1.6062933804e-01 -5.4302185323e-01 -5.4331624763e-03 -1.9401672171e+00 1.1546151125e-02 -4.6600988572e-01 2.2705320474e-01 -6.8295469307e-02
-3.0167641879e-01 8.7630354974e-02 -3.3226024958e-01 6.0784585528e-02 -3.5641422691e-01 1.7594265604e-01 6.5017892698e-02 -9.4781399077e-02 -1.2771536315e-01 -3.8308055690e-01 -3.6211334723e-01 1.4815053080e-01 2.0745958200e-01 -2.4086211170e-01 -2.1748452340e-01 -1.9717408419e-01 2.9612000490e-01 -9.8835679814e-02 1.5143409368e-01 -1.0748573616e-01 -5.8871736225e-01
