1.9849518926e-01 -7.7203738693e-01 1.5716548317e-01 -8.1062269918e-02 7.5820607422e-02 -1.1311637419e-01 -1.4020456083e-01 -2.7060811619e-01 -1.7532470845e-01 2.7997370645e-01 -3.2357750877e-01
1.1775281131e-01 -1.3154267377e-02 1.1064975736e-01 -1.4172376105e-01 1.1632085266e-01 -1.4668122610e-01 -1.1116154001e-01 -7.3071645499e-03 -1.4389227698e-01 -4.2195449429e-03 1.5262647778e-01
-1.2613070146e-01 1.6660209975e-01 -1.4420822082e-01 1.5695732380e-01 -1.5459407579e-01 1.6183038667e-01 1.5743114385e-01 9.3542033479e-02 2.2908020260e-01 -6.2114036652e-02 -8.5678195870e-02
-2.2446748496e-01 -1.7869352492e-01 -9.6945294031e-02 2.5436886408e-02 -9.8414660303e-02 6.1321247253e-02 -6.6193954656e-02 -1.1302492947e-01 -8.0603224634e-02 7.1590127264e-02 -7.6935468598e-02
-1.1299879077e-01 -8.3654533656e-02 -1.0576949575e-01 1.5708424208e-01 -1.5583097212e-01 1.3843493115e-01 1.7112721269e-01 -6.4040645756e-02 9.0789395735e-02 7.1360951174e-02 -1.9158002139e-01
2.2353648067e-01 -6.8552275698e-01 6.5820730093e-02 -2.7499930888e-02 2.0132823446e-02 -5.9535249051e-02 -4.4044304987e-02 -1.6747437633e-01 -1.0354070842e-01 1.4702457342e-01 -2.3703038326e-01
1.1785929002e-01 -1.3514671696e+00 4.7609926703e-02 1.5943817838e-03 -2.2509692751e-02 -3.4539921180e-03 -3.6497544218e-02 -2.2793580395e-01 -1.3626700677e-01 2.3087468989e-01 -2.7427418071e-01
3.8986326140e-01 -8.1340169493e-02 2.5285613992e-01 -2.5338355836e-01 2.1434973912e-01 -2.4667341430e-01 -2.5851459975e-01 -2.3422812511e-01 -2.5727396879e-01 2.1873589047e-01 2.2554224635e-04
-3.0255802301e-01 -2.7356065874e-01 -2.2724034694e-01 1.2849444388e-01 -2.0065025128e-01 1.5506074495e-01 1.1971049316e-01 7.9877986336e-02 8.3554131070e-02 -7.9048517402e-02 7.8426020359e-02
3.8923939086e-02 1.8642102961e-01 -9.0249615313e-02 1.6649150890e-01 -1.0159943125e-01 1.5734708383e-01 1.5658290575e-01 1.7499266608e-01 2.2464530658e-01 -1.5949723347e-01 9.7837036808e-02
-2.0685424442e-01 -1.0528524608e-01 -1.0214458826e-01 2.8941170741e-02 -7.9774070344e-02 4.9412530776e-02 4.1133134317e-02 6.7589014597e-02 -2.8061108169e-03 -6.6976636912e-02 1.4394982512e-01
