8.8405390367e-03 -1.2038070617e-01 1.2273792025e-01 5.0655696387e-02 4.9362133134e-02 -1.0254185665e-01 1.0124210033e-01 4.2447605689e-02 -1.8529863565e-02 3.5286672436e-02 1.0497218603e-01 5.3390304249e-02
-2.2319197319e-02 9.1981383405e-02 -9.7071458028e-02 -1.3538767224e-01 -1.2972993339e-01 1.5574684685e-01 -1.2039342591e-01 -9.3032805356e-02 2.0193946519e-01 -6.3069755948e-02 -1.5061219228e-01 -1.4322106503e-01
-6.7722107070e-02 -1.3860613362e-01 1.4887416402e-01 1.2906875442e-01 1.5307916541e-01 -1.0999833512e-01 1.1821269969e-01 1.5592995497e-01 -1.0670012333e-01 1.5215444440e-01 7.6964412874e-02 1.8472677366e-01
-1.7720093559e-02 -2.5378400682e-01 2.3216834531e-01 4.9679458133e-01 1.4470916582e-01 -1.7248828685e-01 8.1931904434e-02 2.2013577633e-01 -2.4312173137e-01 1.8731320913e-01 2.4546476863e-01 1.5340577790e-01
8.0751086974e-02 7.5095599871e-02 -4.7957530779e-02 -1.4887353598e-01 -1.0689098462e-02 2.4050831249e-02 1.9875304588e-02 -1.1968987717e-01 3.4138771212e-02 -4.0817939933e-02 -5.9212239365e-02 -4.3288991214e-02
9.0338426499e-02 -7.2728637548e-02 2.9053545078e-01 2.0799482200e-01 8.8658887177e-02 -6.8231884421e-02 1.1495483182e-01 4.6308609599e-02 -1.0843103387e-01 1.2195810649e-01 1.5328782914e-01 7.7957254781e-02
3.1338375125e-02 7.4193432299e-03 -1.6226766139e-01 -1.1150845905e-01 -1.0680619001e-01 5.0759847065e-02 -5.3915135188e-02 -4.0558800253e-02 6.7100183599e-02 -8.7104190356e-02 -6.0890810919e-02 -1.0759404000e-01
-4.7978779423e-02 -4.7768977356e-02 5.3280685655e-02 1.2666490289e-01 8.0469533632e-02 -4.0943051623e-02 -4.9695654885e-02 1.4022626808e-01 -1.2505504698e-01 1.2056792266e-02 4.1766084195e-02 6.3662170269e-03
-2.4281363266e-03 1.9590159003e-01 2.8082100649e-03 -1.4702627758e-01 -6.8133511913e-02 2.0748691258e-03 -2.3086862992e-02 -5.1445341256e-02 1.5683652529e-01 -6.5705451512e-02 -1.2297994887e-01 -2.5391513912e-02
5.1796799122e-02 1.3986791374e-01 -9.4582117870e-02 -1.0287976812e-01 -2.1667844668e-02 9.1244352570e-03 -4.7109487142e-02 -1.3019343813e-01 8.3096894502e-02 -6.7173775136e-02 -7.5553780586e-02 -8.6013232600e-02
6.6459664780e-02 3.6487107331e-01 -1.4834808776e-01 -2.7673353308e-01 -2.5515262589e-01 2.8965845371e-01 -2.9989050307e-01 -4.9690259347e-01 2.9298792893e-01 -2.0116814107e-01 -1.5937002752e-01 -2.3374358357e-01
5.9199360088e-03 1.6906259405e-02 -1.2397391451e-01 -1.4268828953e-01 -3.1028440226e-02 1.1970470708e-01 3.7716177660e-02 -3.1022115589e-02 1.3652755921e-02 -6.9276894051e-02 -4.5236281454e-02 1.8036945730e-02
