-1.7884786982e-01 -1.7580790887e-01 -1.0664769538e-01 -5.5626656152e-02 -6.3156057777e-02 8.6902254817e-02 1.8048641474e-01 -2.6754713339e-02 -1.5019752446e-01 8.4862711837e-03 -2.6592992710e-01
-2.3270542587e-01 -2.3992597142e-03 -2.6168602483e-01 -1.2722647293e-01 2.5211486555e-02 3.9632411369e-02 -1.6788097274e-01 -2.2218672914e-02 9.8766351408e-02 -1.7332566037e-02 1.6184279571e-02
7.4558596217e-02 5.9517849710e-02 5.8105301115e-01 1.2807438007e-01 -2.0512772713e-01 -3.0545533812e-02 1.6840189050e-01 -1.0659783556e-01 4.5298747335e-02 -1.3442246710e-01 -8.9516259418e-02
1.5783182341e-02 3.8611427813e-01 7.7909286434e-03 -7.7735765236e-03 -2.2788208705e-01 -1.8213564395e-01 2.5742402125e-02 -3.7000635136e-02 4.8333496071e-02 2.9218973163e-02 1.7871517577e-01
-3.7307690583e-01 -1.3282828104e-01 -5.1080971570e-01 -2.8291911844e-01 1.3042128862e-01 2.6923468860e-01 -1.1150957967e-01 4.5829185261e-01 -2.3969954615e-01 3.2200622814e-03 6.0075712937e-02
-3.3585100480e-01 -2.4521949956e-01 -1.4299474449e-01 8.3543371983e-02 1.2189313273e-01 1.4065766816e-01 -1.0510345901e-01 1.7552547751e-01 9.1120858138e-03 -6.0492852825e-02 -9.9720044731e-02
-1.9537966910e-02 -2.1058220621e-01 -6.1521680549e-02 -1.1699381650e-01 -7.5710302466e-03 3.0132255313e-01 5.2419013370e-02 1.4513628927e-01 -2.1829440386e-02 1.3269391564e-02 2.7266825815e-01
5.0680289159e-02 4.2535706012e-01 -1.3049922093e-01 4.2068076162e-02 -1.4046355783e-01 -1.3087640826e-01 3.7970305901e-02 9.8392087410e-03 1.0343355184e-01 1.0331624090e-02 -3.9155570857e-02
-2.6258953165e-01 1.3634297543e-01 -7.1826671629e-02 1.1311868526e-01 -1.7251225079e-01 3.9520542229e-02 3.4737745210e-02 -2.9773821095e-02 -9.0250036367e-03 2.4913790832e-02 9.5672473901e-02
-2.5065431319e-01 -5.6278994284e-01 1.0921564751e-01 -1.5463348270e-01 1.5619039258e-01 2.8379170403e-01 -3.5552197983e-01 2.1481562799e-01 -2.5458885531e-01 -7.1698437491e-01 -2.0042584182e-01
-1.6820245109e-01 -1.4848285421e-01 -1.2118703610e+00 -2.2918963574e-01 1.6198081719e-01 1.2263803906e-01 -3.2180949360e-03 1.6097457743e-01 -6.3584346175e-02 3.5069467121e-01 3.4042800835e-01
