-1.7026884533e-01 -1.3337252998e-01 2.7100152121e-01 2.8025758144e-02 -6.8780169730e-03 -1.2221368975e-01 -1.1431938951e-02 1.3366459757e-01 2.8608186735e-01 -3.1781123976e-01 -5.9430721842e-02
2.4943573554e-01 2.7718755728e-01 -1.5763003332e-01 5.8103110950e-02 5.3765388572e-02 7.0180547359e-02 1.4684360262e-01 1.1498426623e-01 -2.6172768848e-02 1.1614484888e-01 1.7055378385e-01
3.0601158668e-01 1.8074736427e-02 -2.6743819869e-01 1.7119072616e-01 -1.2908635321e-01 8.5946238953e-03 4.0537136885e-02 -7.6017410260e-02 -2.7957545322e-01 1.2502946828e-01 1.2123548617e-01
5.5581232091e-02 -8.5760552910e-02 1.0126192561e-01 4.9782159784e-02 1.2004221420e-01 -9.6892834338e-02 -9.4385275437e-02 1.8204064328e-01 -2.0075524467e-03 -3.3492943033e-02 -4.7611392754e-02
4.9038575615e-01 2.3178140194e-01 -6.4843390535e-01 2.2360257285e-01 -1.7388263284e-01 3.2179344636e-01 4.2716385188e-01 -2.3653881233e-01 -1.7483261827e-01 2.6711854224e-01 2.9782855278e-01
9.9213361971e-02 -1.4039104052e-01 -1.8004179182e-01 1.5132137816e-02 -4.0372958221e-02 -1.2227649907e-01 -4.9096159129e-02 -1.8357338228e-01 5.0748701503e-02 5.8233471741e-02 -8.3784450740e-03
-1.3962177693e-01 -3.3159947830e-02 2.1358197659e-01 -1.0347364107e-01 1.8329606210e-02 2.6903876862e-02 -1.3208735141e-01 5.9400748289e-02 2.1927741626e-02 -4.5703521294e-02 -2.0486263602e-02
-2.6349893453e-01 -2.9447103840e-01 2.2671053801e-01 -4.2785902139e-01 2.5373941657e-01 -7.2344257917e-02 -1.7578322617e-01 2.3791554122e-01 1.6932899004e-01 -2.5087070653e-01 -2.6004321719e-01
5.7826752242e-01 2.4020516432e-01 -5.0474561314e-01 2.9848612639e-01 -2.4816446777e-01 2.0823548735e-01 2.5658934512e-01 -3.4896881181e-01 -1.7635934928e-01 2.1295318552e-01 2.5925989823e-01
-5.4169990354e-01 -3.5805531981e-01 3.0022074342e-01 -2.8602587921e-01 3.3013978860e-01 -4.1648213047e-01 -1.5615461288e-01 2.3667153356e-01 3.7111759971e-01 -5.1754454806e-02 -2.4517717915e-01
-5.4729872683e-02 -1.1853849559e-01 1.8982728413e-01 -9.9619714937e-02 -2.0790736875e-02 -2.2660234317e-01 -7.6013622426e-02 9.8816572941e-02 8.2735152122e-02 -7.5054591060e-02 -2.9812955681e-01
