-2.1001587330e-01 3.0477477495e-02 -1.6458804954e-01 -1.4105491810e-01 4.1130702188e-01 2.5598126981e-01 -2.4682958682e-01 2.2979014627e-01 2.5289485665e-02 -2.1493502773e-01 7.6374488569e-02
1.9492107445e-01 -4.7737697500e-02 1.6831600510e-01 1.3499281723e-01 -3.8020558924e-01 -2.2991797279e-01 2.4579998411e-01 -1.9594952278e-01 2.6955425259e-02 2.0580176351e-01 -7.3189618615e-02
1.1927530663e-01 4.4033878641e-01 1.3783380944e-01 1.0827469011e-01 1.3897908431e-01 -1.4590277936e-01 1.0032752883e-02 -1.6383268196e-01 -2.5688215736e-01 1.3956910901e-01 7.7127152954e-01
-8.0821004666e-02 1.1659638877e-01 -3.7490597060e-02 -3.0243594269e-02 4.2642101337e-01 1.3347581393e-01 -1.1472831828e-01 1.4462682255e-01 -6.2237029009e-02 -7.0941974165e-02 1.6735138566e-01
-2.0856149079e-01 -3.8879947031e-01 -1.9331078759e-01 -1.9669741343e-01 -1.5981644685e-01 2.1670000574e-01 -3.7156281797e-02 2.3505387777e-01 4.2383917211e-01 -2.2741809038e-01 -4.1921308473e-01
7.0373312611e-02 4.4573504624e-01 8.9440398673e-02 1.4367776176e-01 1.4502698914e-01 -1.1482506024e-01 1.6123261240e-02 -1.2216123913e-01 -3.1329838022e-01 1.3258631279e-01 7.8067630840e-01
-1.2846837941e-01 1.0611722862e-01 -9.2164845869e-02 -9.3134505215e-02 4.6277470618e-01 1.4038145542e-01 -1.3296129177e-01 1.5070114064e-01 -5.9956403364e-02 -1.2911085691e-01 1.6923994802e-01
5.3158238006e-02 -3.5029954271e-02 -7.7725346094e-03 -2.9688844309e-03 1.3846741833e-01 -1.0674438906e-01 6.6356271964e-03 -8.6994073295e-02 3.8090632882e-02 8.7852054340e-02 -4.8144948345e-02
-4.4964450485e-02 1.3797608614e-01 -2.9033434482e-02 -4.6373793334e-03 3.7123197661e-01 7.8754270790e-02 -1.4829826126e-01 9.3589527390e-02 -1.4007596210e-01 -5.4125958267e-02 1.8813308537e-01
-8.6353623702e-02 1.0833993229e-01 -9.4192123566e-02 -2.2336213982e-02 2.1406366007e-01 1.1779751806e-01 -9.9907673697e-02 1.1786005171e-01 -6.0430142417e-02 -9.1507853229e-02 1.3987751829e-01
-9.0170891237e-02 4.0372596356e-02 -5.1344325426e-02 -2.1525262785e-02 -1.1925147974e-01 1.3002849597e-01 -4.5097956074e-02 1.2161780665e-01 -9.6734979792e-03 -4.7053479865e-02 5.2324181103e-02
