3.7211108303e-01 -1.5397487526e-01 2.3882734212e-01 -2.3013100736e-01 -4.6059320876e-01 -2.3521953994e-01 -2.8231721288e-01 -2.2831597907e-01 2.5698403565e-01 -2.5058058395e-01 2.1816819051e-01
-3.3691884205e-02 -1.1399630138e-01 1.0109444970e-01 7.4325130058e-02 -3.1092273821e-02 6.5799228637e-02 -1.3854148043e-01 -8.4441754457e-02 -5.8308043809e-02 -7.2246157672e-02 6.2507896847e-03
-2.1648940291e-01 2.2052782086e-01 -4.4157058673e-01 2.3336233790e-01 2.3710249074e-01 2.6305405937e-01 4.8382791774e-01 2.7896127967e-01 -3.3697527233e-01 1.6397691244e-01 -3.0315672053e-01
1.5427181724e-01 -1.0010773847e-01 9.9248964071e-02 -1.6915971532e-01 -2.8315826343e-01 -5.1439973058e-02 -1.2402658100e-01 -8.4380112835e-02 2.4547352150e-03 -4.7978782498e-02 2.1544502630e-02
-3.4520867197e-02 -9.8290913614e-04 -4.3454587506e-03 3.2441342199e-02 7.0733733666e-02 8.9550062775e-03 -1.5000439770e-02 -8.9420653420e-03 1.2846748027e-01 -3.4144776539e-02 1.6544743670e-02
1.4812325876e-01 -1.1747207839e-01 1.5771748100e-01 -1.5762918027e-01 -1.2580591959e-01 -1.6954990991e-01 -4.3242822784e-02 -6.6146034752e-02 1.6065413895e-01 -1.3667991487e-01 1.1710237018e-01
7.1289056827e-02 -1.3084541659e-02 1.0807791004e-01 -5.2776790384e-04 -1.2073870119e-01 -1.1470322094e-01 -8.7496310195e-02 -1.2907759527e-01 2.8102497325e-01 -7.2613609708e-02 8.7822981596e-02
-1.6546257060e-01 1.2754204408e-01 -1.9437408123e-01 6.6692132420e-02 2.8481901882e-01 1.2171511377e-02 2.5854080270e-01 1.9942935639e-03 -2.2642788599e-01 6.9236505864e-02 -5.6194985094e-02
2.1285040301e-01 -3.1679240785e-01 3.5415246794e-01 -2.1615857055e-01 -2.7192386679e-01 -3.2674602273e-01 -2.4592715111e-01 -2.4759040708e-01 2.6832733628e-01 -2.2518811378e-01 2.6326750688e-01
-7.6337558039e-02 1.4090719147e-01 -9.2535285344e-02 5.7979633038e-02 1.2185167977e-01 8.0518846192e-02 2.7685011375e-04 5.2760085872e-02 -1.4232749385e-01 4.1952407878e-02 -4.0447716984e-02
-9.1290729295e-02 1.7164558308e-01 -1.8620326916e-01 1.9994097376e-01 2.8887366740e-01 1.2379823435e-01 3.5169051999e-01 2.0538314175e-01 -5.0451016022e-01 3.0126304386e-01 -3.0635110725e-01
