-1.7286418047e-01 5.6428312105e-02 -2.0874185207e-01 1.7403006489e-01 2.4492867285e-01 1.9204323736e-01 -2.6959438737e-01 -1.3204718333e-01 -1.7303597385e-01 1.6363925079e-01 1.4150201665e-01 3.3356188327e-01
-5.9621118140e-02 -3.8926940240e-03 -1.6194421921e-02 1.0948723032e-02 4.2022431366e-02 3.0515606180e-02 4.2023841101e-02 -5.5107281962e-02 -9.8365689916e-02 -1.4252162827e-01 -4.1590590730e-02 -6.3201863825e-02
-8.7779321894e-02 4.6167834307e-02 -1.1343544084e-01 -6.7862073527e-02 1.4762431108e-01 -1.0704141034e-01 -1.3227707731e-01 -5.6819780838e-02 -5.9858903530e-02 5.8181020431e-02 7.1197515607e-02 5.3713127231e-01
6.4154578565e-01 2.6918038707e-01 1.5136448955e-01 -7.6547753666e-02 -4.6741883940e-02 -2.5388712541e-01 -4.6976492714e-02 4.1686753555e-02 1.8858639957e-01 6.7166081576e-02 7.5096701711e-02 5.2099306713e-01
-1.7654815772e-01 1.0920664771e-02 -1.7458651791e-01 8.1926888182e-02 1.9877544450e-01 3.2795952409e-02 -2.0349033152e-01 -6.0521080863e-01 -4.0351451320e-01 2.7831631471e-01 9.3927384207e-02 1.3328332275e-01
2.7051020619e-01 3.5284234671e-02 2.0142222148e-01 -7.6719899964e-02 -1.0230881988e-01 -1.4854333870e-01 -8.8171282794e-02 2.3074925323e-02 4.2896420615e-02 -8.0283792343e-03 9.3680126150e-02 2.1764396548e-01
-2.3073249177e-01 8.2574486718e-02 -3.1927313539e-01 1.5466891534e-01 3.2981752744e-01 4.8877353986e-02 -4.6243529453e-01 -8.5196344822e-03 -1.8603715680e-01 1.5931122795e-01 1.3678445576e-01 1.0019883308e+00
-2.5242322461e-01 9.2471806083e-02 -1.2781240321e-01 1.5950738326e-01 2.4514538457e-01 -4.8831584861e-02 -3.7371032823e-01 -1.7194369045e-01 -1.2438613291e-01 2.4945135403e-01 1.8999605923e-01 3.2712883870e-01
1.9654154021e-01 -1.1389200256e-03 2.3642339997e-01 -1.5278549667e-01 -1.4956707035e-01 -5.1078582575e-02 2.2077840170e-01 7.9761566555e-01 4.0040394935e-01 -4.4339796541e-01 -1.8871251749e-01 -1.6485637898e-01
8.2083949349e-02 9.7824052482e-02 6.2293454200e-03 -9.4152925304e-02 -1.6712038306e-02 -1.8351361755e-01 -1.9257852007e-01 3.3439665433e-01 2.5575799702e-02 1.2825985610e-01 1.1830730987e-01 4.0769402789e-01
2.4404100674e-01 1.8915384349e-01 1.8964778908e-01 -1.6405333481e-01 -1.4535213134e-01 -2.0328039165e-01 1.7331477982e-01 7.5938166968e-02 1.4415086124e-01 -1.4173612963e-01 -3.2562014489e-03 -6.7768798140e-02
-3.0004303551e-01 -2.8612652666e-02 -2.1956107332e-01 1.1706974075e-01 2.2201339828e-01 1.0418366899e-01 -9.4637048029e-02 -1.6557679930e-01 -1.4899069414e-01 -1.1978014645e-02 -8.7488467680e-02 -4.0833367072e-02
