-1.0341023095e-01 -9.7578815455e-02 8.1823446912e-03 -1.1109201914e-01 1.2665169620e-01 4.7391747850e-02 -1.3133969927e-02 -1.8312980383e-02 -4.6508513868e-02 6.7580691301e-02 -1.0721875223e-01
2.2777723044e-01 3.9458129299e-01 2.4794873525e-01 2.0629335182e-01 -2.1401635725e-01 -4.0395798875e-01 3.2157341398e-01 -2.6738632930e-01 2.1880017881e-01 -3.4286533171e-01 4.4387148697e-01
-1.2918066024e-01 -4.8359912725e-01 -1.1936746799e-01 -7.8853266722e-02 1.7559146899e-01 2.4442925048e-01 -1.7095066711e-01 1.7184946036e-01 -1.6653419706e-01 2.4797728347e-01 -3.2343349346e-01
8.5373623430e-02 1.8963651570e-01 9.9535164942e-02 1.5168540576e-01 -1.5382299810e-01 -1.1008326596e-02 1.2299178134e-01 -8.8785347412e-02 1.7934139131e-01 -2.2006438717e-01 1.1533459786e-01
5.4971124540e-02 4.3983344660e-02 9.5329777462e-02 1.1324715373e-01 -1.2276498725e-01 9.6867980905e-02 8.0899497934e-02 -2.9721066822e-02 8.2297982410e-02 -1.0427779743e-01 1.4391745804e-01
8.3514934358e-02 2.6375784647e-01 3.9645016662e-02 7.1937037249e-02 -2.6606517038e-02 6.5100595667e-02 6.7483529825e-03 -3.1098820903e-02 4.7372841564e-02 -3.4688069805e-02 1.3887083563e-01
6.6457106766e-03 2.0164024840e-01 8.0968731287e-02 1.1284091130e-01 -4.1041449846e-02 -1.2748991439e-01 1.2837936951e-01 -8.7284153310e-02 1.0000604800e-01 -5.1273527956e-02 1.2612081590e-01
1.5510294718e-01 1.5016813340e-01 1.5564363647e-01 1.9211769436e-01 -1.7510030539e-01 -6.9857427803e-02 1.5780854911e-01 -2.0895085839e-01 2.3266687922e-01 -1.0036079950e-01 1.9681776357e-01
-1.0296749835e-01 -7.8702824249e-02 -1.5234527188e-01 -7.5863273677e-04 7.4471671218e-02 -8.6563081495e-02 -5.7849942667e-02 1.6421947680e-02 -1.2965532875e-03 6.1939209504e-02 -6.7803220147e-02
1.4755152080e-01 1.0319461832e-01 2.1921850259e-01 1.9482423552e-01 -2.0335557152e-01 -1.0837172082e-01 2.3702338183e-01 -1.8444735864e-01 1.5113776462e-01 -8.6530587120e-02 9.5368675482e-02
-4.8458954891e-02 -2.7143391045e-02 -2.3069267800e-02 -2.6193821696e-02 6.4539098827e-02 3.3278671773e-02 -3.7541202859e-04 1.3630703337e-02 9.1932685033e-03 1.3454653742e-01 7.0220832014e-03
