-1.5151719569e-01 -4.6719356482e-02 1.9631973681e-02 1.5185449873e-01 3.0276191105e-01 2.0985838617e-01 5.4773506260e-02 1.0595364206e-01 -1.3424885333e-01 4.5757653082e-02 2.8919241517e-01
3.9539225019e-01 -1.3825742664e-01 1.4334520035e-01 -1.7906730520e-01 -3.0956266039e-01 -8.9021187609e-02 9.6072509712e-02 -3.4055125416e-01 1.3950294861e-01 -3.1813137155e-01 -1.0257718442e-01
-2.6843699605e-01 -9.1082417611e-03 -2.0110580439e-01 2.3527538189e-01 9.3166991961e-02 1.8921752243e-01 3.3202204081e-01 3.3684916929e-01 -1.4211968785e-01 3.4506538663e-03 3.5010514041e-01
-6.9634785373e-02 9.5494549972e-02 -1.4798875440e-01 1.6406089578e-01 2.4379685540e-02 9.1715928169e-02 9.9980790415e-02 -5.7103433515e-02 2.4117750680e-02 -2.1198506505e-01 2.8141363532e-02
-1.3787704924e-01 1.6253120206e-01 1.5376960007e-01 1.4868894075e-01 1.8897159425e-01 6.6589968585e-02 1.5334387327e-02 4.6804095298e-02 -1.7045679812e-01 1.3215896762e-01 -9.0842963084e-02
1.8517252908e-01 -1.6633658434e-01 -2.3101785121e-01 -4.4424798620e-03 1.4478009873e-02 5.2967068399e-02 -1.8673345669e-01 -4.6732596856e-02 -3.6305752227e-02 1.2072966266e-02 -1.1692593817e-02
4.6603131301e-02 -4.6465309874e-03 7.5034674627e-06 2.1279919065e-01 7.9228924442e-02 -5.6068799353e-02 -7.5741858739e-02 1.9097662540e-01 -1.1588754433e-02 6.5693445968e-02 1.3827917992e-01
4.6746905833e-01 -2.9195682295e-01 4.2047065183e-01 -1.9778002811e-01 -2.5314779995e-01 -2.7298942877e-01 -2.6434770220e-01 -1.9659179962e-01 4.5031643696e-01 1.3562463370e-01 -2.2702075302e-01
-5.7450964424e-02 9.3835616617e-02 3.3476481814e-03 -2.5114132774e-02 2.1428598176e-01 2.3818354564e-01 2.1901552172e-01 5.1183841324e-02 -1.3931030894e-01 2.8393168438e-01 1.0498020548e-01
-5.9221850345e-02 2.0375670982e-02 -2.1621845445e-01 -6.9899570109e-02 2.1297129640e-01 1.7106836932e-01 9.2967338365e-02 1.0201812260e-01 -1.9514872053e-02 2.0092861637e-01 5.6769842264e-02
1.7701185464e-01 -1.2227669130e-01 3.1794257878e-02 -8.1607197904e-02 -8.0568477362e-02 -4.1056757491e-02 2.5710599715e-02 -1.0824928449e-01 1.0891845134e-01 -3.0501570676e-02 -7.0103516435e-02
