5.1295386803e-01 -6.0036053259e-01 3.1883033583e-01 6.1276285505e-01 -3.5555801711e-01 8.3811100362e-01 -2.9244485270e-01 2.9160681261e-01 -4.2703956040e-01 -3.8677378991e-01 -4.0670710329e-01 -3.9128330116e-01
-4.1726564433e-01 3.5201247130e-01 -2.3173855703e-01 -3.0128612097e-01 2.6713968921e-01 -8.5402068984e-01 5.1077935162e-01 -3.2181235836e-01 3.4557795655e-01 3.4060852939e-01 2.0353989339e-01 2.9100812619e-01
-6.3145194439e-01 3.5345782479e-01 -2.0558215292e-01 -2.7666979713e-01 2.3287284183e-01 -2.0732674013e+00 1.2766275035e+00 -8.5646512101e-02 2.6638895365e-01 2.1129474113e-01 1.4407178918e-01 1.9445521438e-01
4.7576375905e-02 -1.2078532453e-01 -8.6259473701e-03 6.9801492832e-02 -2.7828634086e-02 6.7488158387e-02 4.7833122775e-02 8.8578400186e-02 5.0432907535e-02 6.1088867595e-02 -2.7647828856e-02 4.3389156306e-02
-8.9648085688e-02 2.5550228271e-02 1.4606634839e-01 -6.7768938640e-02 -1.4000888934e-01 -2.1451569791e-02 -2.6312953257e-02 9.1388213808e-02 -7.3738100314e-03 -2.0757089278e-01 -1.2719385051e-01 -1.5012733485e-01
-1.7659863802e-01 9.3607289354e-02 -1.0218625318e-01 -2.1461064464e-01 -9.9761185553e-03 -2.6320622791e-01 1.1115193629e-01 -7.1505717508e-02 2.7365776003e-01 3.8122401163e-02 1.7136439561e-01 6.2850927049e-02
-9.2882851109e-02 8.9825248059e-02 2.1118578258e-02 -9.0186971951e-02 -3.4803240588e-02 -3.0747941274e-02 -5.8098038533e-02 -4.0315036916e-02 -8.2037492063e-02 -5.1503654854e-02 -1.7935145408e-02 -5.5135372228e-02
9.4629554525e-02 -1.7961453666e-01 2.2267959765e-02 1.0516835118e-01 5.0094726432e-02 1.1450909943e-01 -9.4143892168e-02 2.4165616213e-02 -5.4493597545e-02 1.2631654115e-02 -1.0218189835e-01 -8.6506682814e-03
-1.3978555173e-01 5.6797084934e-02 -4.1309005516e-02 -1.0653513649e-01 -1.9879720366e-02 -2.1524445184e-01 1.1029176391e-01 -1.1425521300e-02 1.4380931492e-01 1.4942297060e-01 1.2414196911e-01 -4.8683517146e-03
1.4348876338e-01 -9.6589472931e-02 -9.8756544463e-03 8.5293311051e-02 2.1143976756e-02 8.6803606902e-02 3.2680371600e-02 2.4977939335e-02 5.6443047732e-02 8.9932660084e-02 -8.2403813423e-03 3.5994538546e-02
-2.3302405093e-01 1.6601777097e-01 -1.3316741728e-01 -1.4966014686e-01 2.1290444324e-01 -2.8652044515e+00 7.9550379156e-01 -9.6402721572e-02 1.8330283480e-01 2.0259836961e-01 1.9668318014e-01 1.2742029005e-01
-7.1889412827e-02 1.2987759676e-01 -1.8820288470e-02 -7.0141334976e-03 3.8677573265e-03 -1.0309509185e-01 -4.9887412759e-02 -3.3314882390e-02 -6.0488264828e-02 -2.6380853409e-02 4.2895694955e-02 -6.1672830808e-02
