5.4242982217e-02 -1.8736211455e-01 2.2597551191e-02 -1.4797964705e-02 -1.2203683365e-01 -7.1585871475e-02 9.4171355536e-02 7.1318883483e-03 1.4265408177e-01 -1.3692516903e-01 -1.4371883528e-02 -8.5013614604e-02
-3.7683802213e-01 1.6372664292e-01 -3.7638803112e-01 2.9119414427e-01 2.1638205121e-01 2.6251208641e-01 -2.8211529805e-01 -3.1120793801e-01 -2.3771895444e-01 3.7791513690e-01 2.5000184761e-01 3.8250263950e-01
-6.8924201988e-02 1.3773504611e-01 -1.0122530504e-01 1.5606241667e-01 1.8880058972e-01 1.2507841772e-01 -2.1634670532e-01 4.2382748026e-03 -2.8411809605e-02 2.5489875254e-01 3.0321209812e-01 5.1080455317e-03
-1.9148726327e-02 -2.1979820498e-02 1.5710136721e-01 -1.6464093460e-02 -1.6430341825e-01 -3.6509810202e-02 -2.5700871187e-02 9.3086504481e-02 -4.8864644474e-02 -6.4270558847e-02 -6.9033384238e-02 3.3175025703e-02
3.3099496725e-02 6.7418337780e-02 -2.8250528732e-01 1.3179317899e-01 1.3132404129e-01 1.4397202650e-01 -1.2475297866e-01 -1.7625283630e-01 -6.9642333182e-02 2.1022541689e-01 1.1783353435e-01 7.6709341656e-03
-6.8887057418e-02 1.2930442319e-01 -1.3489691359e-01 1.5325004446e-01 2.1572700834e-01 1.3070693731e-01 -2.2571150682e-02 2.6981161117e-02 -1.7642062678e-01 1.0539703030e-01 1.6234633483e-01 1.7426342130e-01
-7.2712306381e-02 -6.0161335724e-02 6.6452388963e-03 1.4204814356e-02 -1.1221690871e-01 -7.8452232124e-02 1.4019386478e-02 2.1059147874e-02 -3.3420074240e-02 -1.4331761425e-01 -3.2803500256e-03 -2.0727453433e-01
8.5458401709e-02 -4.7001862792e-02 1.0977759991e-01 9.4901504421e-02 -1.4269854792e-02 2.6557796127e-02 4.2708238874e-02 9.4161981649e-02 -5.7552334592e-02 3.1258406073e-02 -7.6461094458e-02 -3.6003726707e-02
1.9066786352e-01 -1.5437318091e-01 3.5798812718e-01 -3.0498401847e-01 -2.1547421740e-01 -1.6044897277e-01 1.6854275014e-01 2.5413747191e-01 2.0406572221e-01 -2.2343954171e-01 -2.1244580047e-01 -7.2130956519e-02
1.9592579598e-01 -1.8339820709e-01 3.1303790220e-01 -7.3643390335e-02 -7.2138927597e-02 -3.3121448274e-02 5.8128887368e-02 3.7323449115e-02 1.1397120996e-01 -8.0676264504e-02 -1.6977488059e-01 7.5960196940e-02
6.3021410822e-02 1.1246344186e-01 -5.9245401085e-02 6.3304608330e-02 1.2052014968e-02 1.7158202053e-03 -5.9675489497e-02 -5.7147655879e-02 -3.4426810969e-03 6.0414552152e-02 -3.0778004096e-02 -8.1070751999e-03
1.5141022423e-01 -2.2550705180e-01 2.1748131487e-01 -7.2332904759e-02 -1.2222333062e-01 -5.6673546862e-02 1.3689012680e-01 5.5209277394e-02 7.5935663424e-02 -4.5932105972e-02 6.0540802682e-02 -1.4380361576e-01
