-5.5550612035e-01 7.8344734439e-02 2.8065788762e-01 -3.9307479131e-01 -1.0185056743e+00 7.9396238360e-02 -2.0394029276e-01 -2.7802960378e-02 1.3127874738e-01 -9.7145358077e-01 3.0290629602e-01 1.0336094555e-01 -3.8108391000e-01 3.4662909417e-01 2.3944593572e-01 -5.0720974112e-02 1.9898368417e-01 -1.8400768524e-01 -5.1388571649e-02 -2.2329581326e-02 -4.6514455990e-01
-3.2309563152e-02 -2.3163897821e-01 1.2515443173e-01 2.6747696041e-01 -1.7402272653e-01 2.1264176444e-01 -4.4179987541e-01 -2.5932728005e-01 -2.2631940247e-01 2.5346051927e-01 2.5131482174e-01 -3.7851938746e-01 3.7073489754e-01 5.9392101800e-02 6.4383041256e-01 2.8318299373e-01 -3.2444031565e-01 -1.2782760669e-01 8.5013935819e-02 1.9348618864e-01 2.6046644665e-01
2.2356196381e-01 -1.7273025409e-01 8.4921051543e-02 5.5744988975e-02 -5.7830313670e-01 -5.8362643932e-01 -5.6954919846e-01 -2.9938923378e-01 1.5826696132e-01 -7.0314653963e-02 1.1708433466e-01 -1.3118714089e-01 1.1548560869e-01 -5.3911078319e-01 -5.1846993276e-01 4.0504146923e-01 -7.7563013496e-02 3.2568461041e-02 -5.0492125748e-02 -1.8395807265e-01 -4.1803427836e-01
1.5979779144e-01 2.3993316990e-01 -2.0404130032e-01 -1.8314776635e-01 -7.9077945278e-02 -1.1356156805e-01 1.6170097304e-01 2.4832568040e-01 -4.1326327862e-02 -2.4430669402e-01 3.7359390993e-01 -3.5334669868e-01 2.9220921215e-01 -1.5203187708e-01 -2.0268829915e-01 3.7500690079e-01 4.5579571842e-01 1.3900927026e-01 -3.1221178853e-01 1.2711185394e-01 5.6721255102e-02
5.3123866772e-01 -2.1460398681e-01 -1.7948132025e-01 -4.2518254472e-01 2.2248428352e-01 3.2056236945e-01 -2.6986843489e-01 5.5905785906e-01 -7.3295401871e-01 1.3038065853e-01 2.3414234612e-01 -6.6059432705e-01 3.6089646950e-02 1.1651671473e-01 -1.3324512485e+00 -2.6492608556e-01 -4.3868651579e-01 1.5213481502e-01 -2.7323428502e-01 -1.0374626378e-01 3.7746767416e-01
-1.7692253864e-01 -3.1086726615e-01 7.2326195465e-02 -2.8175412120e-01 -1.0255458295e-01 5.7959088131e-02 -2.5910425860e-01 4.3179445467e-02 2.7167211564e-01 4.1298618677e-01 -1.0380599715e-01 2.6368561868e-01 -5.8162311967e-01 1.2986302108e-01 3.0131034058e-01 3.5855676169e-01 -2.2051479869e-01 -4.1955595246e-03 1.1438576271e-01 -8.2162432197e-02 2.2490670239e-01
-1.3380974928e-01 -7.6521641407e-02 -2.4200492791e-01 6.2206332963e-02 -2.2799967234e-01 -4.1365011908e-02 8.6129305124e-02 -4.0224166532e-01 8.3779968147e-02 -1.0172416938e-01 -1.9333356467e-01 -2.2910223432e-01 -3.2644263114e-01 1.1833172401e-02 -1.9831357219e-01 1.5174097214e-01 8.7657748546e-02 6.2750009559e-02 1.0376488525e-01 3.8757238562e-01 8.4825142345e-02
-5.2373459913e-01 -3.5882951188e-01 1.6672329669e-01 -3.0365133728e-01 -1.7095030950e-01 1.3150430598e-01 6.7503238671e-02 -3.8903052622e-02 -9.8006322272e-01 3.9396204483e-01 1.7589776909e-02 1.1343029744e-01 -2.3195515356e-01 -9.0291331198e-02 -1.2382760088e-01 -4.7340697116e-01 5.7460851192e-01 -2.0039630110e-01 8.2665031287e-02 -1.8623086079e-01 -9.6532365503e-02
5.0536560603e-01 -8.6073613162e-02 -7.3932762566e-02 2.2186479797e-01 -1.1909772496e-01 -4.6269202963e-01 1.4856162834e-01 2.6254613247e-01 2.3640414968e-01 -9.0257498764e-01 5.7276218549e-02 -1.2448665780e+00 2.5115114067e-02 -6.1581555261e-01 2.8762799301e-01 1.3523864037e-01 -3.3981070581e-01 1.4747825472e-01 1.7450030682e-01 -1.1999248203e-01 8.0171788034e-03
-1.1959342443e-01 -4.0000704486e-02 4.8146698436e-01 1.5646647621e-01 3.3800294307e-01 -1.8787427587e-01 6.3300656870e-01 1.9104933603e-01 1.0624756975e-02 -1.3805590924e-01 -4.4019869759e-02 3.4786818387e-01 2.1611923210e-01 7.1537054753e-01 2.5417015028e-01 -1.4206228091e-01 1.4472357892e-01 -2.7504456984e-01 -9.9836361492e-02 5.3733473641e-02 -1.0996402195e-01
-1.8243422122e-01 -6.7412396821e-01 -8.6481193633e-02 -1.6780172880e-01 1.5141785525e-01 5.4419157923e-02 -4.4757374910e-01 -2.4260662116e-01 -4.0181515406e-04 -1.9367390526e-01 -5.7727289036e-02 3.7708899652e-02 -2.8898115799e-01 2.0229995457e-02 3.0452250559e-01 -8.3461585856e-01 -4.0383590949e-01 2.4281439926e-02 3.0904342116e-01 -2.6357864906e-01 -1.7521607557e-01
2.6047895322e-01 -1.5231701993e-02 1.0303606255e-01 1.7464575253e-01 -1.4446210376e-01 -1.9397929306e-01 -1.7498287718e-01 -2.3507101714e-01 1.4826327599e-01 6.0857248795e-01 -6.6561783988e-01 -2.6990478342e-01 -2.5089346379e-01 2.8557608417e-01 3.8702569979e-01 1.6785227656e-01 3.4120282539e-01 1.9379085641e-01 -1.8926825605e-01 -2.4795438971e-01 -1.4724730568e-01
1.1595142663e-01 -1.5840913411e-01 -1.3943052948e-01 5.2141712143e-01 -2.1473585641e+00 1.9874852532e-01 -4.1148315018e-01 2.3821020605e-01 1.3117559729e-01 7.1466184004e-01 2.9512431938e-01 -2.0227852465e-01 2.5838453342e-01 -8.5748908889e-02 4.7614875824e-02 -4.6906801620e-02 1.1122961718e-01 4.4796773610e-01 -1.9937168695e-01 -5.2827224000e-02 -6.3385640525e-01
-3.2568995430e-01 -3.0863096642e-01 2.5015525909e-01 1.2561610283e-01 -1.4341233628e-01 -1.2580031832e-01 -4.2601566646e-02 1.2233899008e-01 -4.6403296522e-01 -9.0918792110e-02 -2.4395595066e-01 7.4133346658e-02 -7.8774721454e-02 2.9114579854e-01 -7.9590735518e-02 6.3687229958e-02 -5.3866575712e-02 3.7726342378e-01 6.3232627568e-01 6.7921321000e-02 -3.5578832939e-01
2.4958480927e-01 2.7234530282e-01 -1.5588895888e-01 -8.2111603606e-03 -5.8768550120e-01 -1.3489730905e-01 1.5325512303e-01 -3.5373300346e-02 4.2931962302e-01 3.5784263376e-01 2.1861745977e-01 -8.0140476159e-02 1.8637362870e-02 5.2963671003e-02 -1.1305457044e-01 5.4650555751e-02 4.1613726303e-01 3.2176590957e-01 -2.4044013918e-01 8.0123648782e-02 7.1131713371e-02
8.0989626302e-02 -1.4086936934e-01 2.2624032118e-01 1.6378216631e-01 2.5628598694e-01 3.7618985427e-03 4.4247054946e-02 6.8246520515e-03 -3.6694378185e-01 1.6127133267e-01 2.7131585806e-01 8.8662434043e-02 2.7186788211e-01 -5.6862822175e-02 -8.2851171391e-02 2.2179427720e-01 7.1117400891e-02 9.6566185273e-02 5.7498262879e-02 3.8424821261e-01 -7.6861358088e-02
4.2101246375e-01 -3.0210884705e-01 3.2645804414e-01 1.2750997102e-01 7.1928781270e-01 2.5037509600e-01 -1.9700697409e-01 -8.9190304437e-01 -8.1745319731e-01 -5.9583679611e-01 1.9797901400e-01 -3.1253625349e-01 -4.1813751041e-01 3.0169727704e-02 -1.5558520386e-01 -1.9085858552e-01 1.5718710514e-02 -6.5333083504e-01 2.2297455014e-01 2.1770638103e-01 -1.8818625835e-01
-4.8112941592e-02 7.1490837962e-02 3.9280875309e-01 1.6614990675e-01 2.1943544058e-02 -6.1375381942e-01 4.2503803285e-01 -2.3111882467e-01 -4.6890421541e-01 -5.2950831791e-01 -8.2912399485e-01 2.0779210790e-01 -9.8941591082e-02 -5.9502189706e-01 8.1510453081e-01 5.3574093739e-01 -2.1837458128e-01 -1.9880576803e-01 2.4528133498e-01 -5.1419156807e-02 -1.4071535194e-01
-2.1359264018e-01 -7.2386741933e-02 5.6917656876e-02 7.9319222032e-02 -3.4044675447e-02 3.0149358820e-02 1.7129331425e-01 -2.8329328723e-02 4.9060769622e-01 -1.1709444765e-01 -7.0516132533e-02 1.5799194798e-01 5.4818499291e-01 -2.8608587918e-02 -2.0736843095e-01 -6.7257822006e-01 9.0093565304e-02 3.7422654088e-01 -1.1248945773e-02 3.5240871339e-01 -4.6307473169e-01
7.4453070385e-01 -2.6980942880e-01 2.8320064922e-01 -1.9964232811e-01 4.2411448919e-01 1.2441202281e-01 1.6575734841e-01 -9.5049180093e-01 -3.6715161972e-01 -2.5338541658e-01 -1.8964941306e-01 -4.3548618302e-01 -1.0210763959e-01 7.9245210735e-03 2.3256345314e-01 2.3668026825e-01 2.7424463252e-01 -9.4274714957e-01 8.8852416494e-03 9.5460969901e-02 -1.4675998424e-01
-9.9917564584e-02 1.2885978260e-01 4.8561738027e-03 9.8626685399e-02 -9.9203975747e-01 2.1305893141e-01 4.9430045633e-01 1.8840355251e-01 -5.2370477855e-01 2.9268546581e-01 -4.9838586260e-01 -1.7195423504e-01 4.1189250935e-01 -3.0256520221e-01 -2.2447184416e-01 -1.8276440147e-01 2.3709063629e-01 -7.4819400684e-01 5.0919441264e-01 -2.1207018197e-01 -2.3617971038e-01
