-2.6157183569e-02 -1.8913423525e-01 6.4089470923e-02 -7.8579320717e-02 1.2456603648e-01 -8.0841186208e-03 -1.3775995992e-01 -6.7889040592e-02 -9.5077557672e-02 -4.2119603224e-03 -2.1455692719e-03 -3.7143664583e-02 -3.3592053209e-02 1.4157568190e-01 -7.8767195879e-02 -4.8679697041e-02 9.4076890334e-02 -9.3388715241e-02 -2.6448749337e-02
-2.3628394794e-03 1.2822072324e-01 4.0205849800e-02 2.7373587710e-02 -9.6397031870e-02 -1.0992269126e-03 1.2371563397e-01 2.0008697362e-01 1.4770800183e-01 -4.9659603107e-03 -3.2801281094e-02 9.8065225275e-03 6.6479120083e-02 -9.9576208559e-03 7.9391653261e-02 1.1902167007e-02 1.2663373590e-01 1.4569258530e-01 1.0328827837e-01
-8.0164994033e-02 -3.6742352857e-02 -2.0871037529e-02 -6.0017812145e-02 -7.1993341155e-02 1.2172589007e-02 3.4338131640e-02 -4.1672227339e-02 -4.4896919036e-02 5.0732338488e-02 -6.7302647621e-02 -3.2237267857e-02 5.4457214992e-02 5.1734595266e-02 -2.2747701440e-02 -6.1744097281e-02 4.2119236203e-02 -9.1332379264e-03 2.0091944310e-02
9.7659991920e-03 1.7757969385e-01 1.9410171438e-02 7.9988679713e-02 -4.9888599966e-02 -3.6087305830e-02 1.3266470513e-01 1.6945891671e-01 1.8368528139e-01 2.5951824577e-02 -5.4290874427e-02 3.2720026704e-02 1.0290715967e-03 -1.1299991516e-01 1.1861277301e-01 -3.4304816822e-02 6.3265475354e-02 1.8137148631e-01 1.5392845520e-01
-5.9376918529e-02 -5.1026135150e-02 1.9320181346e-02 7.5965472404e-02 1.4754680378e-02 2.6266988133e-02 -3.1798775284e-02 7.7876459671e-02 -4.9850085112e-02 1.1079371979e-02 7.4687800380e-03 4.4412195932e-02 8.0128534666e-02 -1.7593439588e-02 -5.7808926069e-02 2.7838480195e-02 -7.5378176488e-02 1.2111443549e-02 -2.8198736009e-02
-3.2344596248e-02 8.5174441819e-02 1.1179236053e-01 2.4503532092e-02 2.8144809528e-02 -3.7076044319e-02 1.2693303068e-01 1.2019716926e-01 1.4173779363e-01 8.8045024528e-03 -8.2990889660e-03 6.1973877515e-03 3.4772644729e-02 2.5718052246e-02 5.7190346505e-02 1.6458244694e-02 8.5076901668e-02 2.0838786674e-01 2.2722884451e-01
5.7164078482e-02 1.1750155518e-01 1.1731739849e-01 -4.4378065593e-02 -6.1346791755e-03 5.3439701061e-02 1.3439137270e-01 2.3896965180e-01 6.9981824181e-02 2.3297671028e-02 2.9585730676e-02 -2.2185917303e-02 -5.8265204673e-02 -9.4595064466e-02 2.3149202062e-01 -3.1299317601e-02 7.6565098353e-02 6.3465591457e-02 1.3664940975e-01
-8.7131852100e-02 8.8152028793e-02 1.7220150743e-01 -6.9307998740e-02 5.2890885336e-02 2.8593087987e-02 3.8951801628e-02 1.3350852553e-01 6.5225306300e-02 -9.5710131871e-02 -4.4363053675e-02 -7.7929211356e-02 8.0522793865e-03 1.0793309849e-01 6.7630088439e-02 -5.1717455553e-02 8.0680292333e-02 1.6962473975e-01 7.4183589533e-02
1.1694347937e-02 -1.6300039340e-01 1.7820069273e-01 5.0416650426e-02 1.3460340951e-01 2.1152772348e-02 -2.4206874118e-01 -1.5334106417e-01 -1.9907338903e-01 -3.4369294860e-02 -6.8459169131e-02 6.7239818676e-02 -2.4594153685e-02 1.1502802384e-01 -2.0767757120e-01 4.9858495352e-02 1.2095982037e-01 -1.4605620113e-01 -2.4908471701e-02
-6.3129706997e-02 6.9281798781e-02 1.4618561460e-01 -8.1059224257e-02 7.6095368036e-02 6.1314012015e-02 5.1732211454e-02 1.4783092153e-01 1.1528471316e-01 -2.0050867044e-02 -5.0892838785e-02 1.5056179012e-02 4.0708291982e-02 7.2502388643e-02 1.5107487892e-01 1.4061165615e-02 1.7516663326e-01 1.2750319951e-01 2.0457251109e-01
-4.2959211695e-03 1.3755154894e-01 6.7916477792e-02 -2.2791881997e-02 -5.5262518705e-02 -2.4027210806e-02 1.4945807156e-01 1.8491293479e-01 1.7741198278e-01 -8.8316459736e-03 -6.7621013406e-03 5.0784955079e-02 -9.7533832257e-02 -2.8166021758e-02 1.1213702504e-01 1.7443159362e-02 7.4821121223e-02 7.4710039720e-02 1.2488346621e-01
-8.2312693116e-03 -2.8069969400e-02 1.4338627031e-01 -4.9097120085e-02 1.7239050372e-01 8.6778423131e-03 -1.2876362088e-01 -9.1803923854e-02 -4.9818585397e-02 3.5898182160e-02 7.0836493372e-03 1.9218055410e-02 -2.2242521529e-02 1.3199388512e-01 -3.1777033721e-02 4.5215480039e-02 1.3748550639e-01 -3.4240393232e-02 -4.0281691150e-02
1.5679332080e-02 -6.0784407848e-02 1.1021392227e-02 1.5443921568e-02 -1.7573569976e-02 -5.2816258253e-02 1.3657352218e-02 2.2994666914e-02 2.1503640902e-03 3.4899556522e-03 2.0437911605e-02 -1.3656189768e-02 -2.1621110684e-02 -5.2655377674e-02 -5.8676086023e-02 -1.3124799389e-02 3.8035861482e-02 6.2439046750e-02 -2.1680030180e-02
-2.0453333957e-02 -3.9273371302e-02 7.3629526766e-02 -4.9337041356e-02 1.9112530582e-01 -2.5078093718e-02 -1.7075022086e-01 -4.2959743326e-02 -2.5265175149e-02 -6.4677880117e-02 -6.7944455358e-02 2.2763160957e-03 7.5916937744e-03 1.3005336030e-01 -6.0463113276e-02 6.0114103893e-04 4.9892690151e-02 -2.8223459310e-02 5.4274536128e-04
2.1259693008e-02 -8.2850636581e-02 1.4906910524e-01 1.8641656263e-02 1.6171201940e-01 9.4548310724e-03 -2.7579412186e-01 -2.4104196312e-01 -1.3389462934e-01 5.6436540601e-02 -5.3663547845e-02 -6.5004635964e-02 -1.5145716969e-02 1.6246247827e-01 -1.4643618778e-01 -7.1587583288e-02 1.5139638024e-01 -8.0918252354e-02 -2.0209676131e-02
8.2189814417e-03 -3.1770978478e-02 -2.2079445890e-02 1.8911906729e-02 -1.1185945932e-02 9.7283979798e-03 -1.3573565284e-02 3.0483217644e-02 3.6244317355e-02 1.6559832812e-02 -5.7805989884e-03 -3.0134321508e-02 4.5844174272e-02 1.3218719108e-02 5.8397083126e-02 -3.9329536322e-03 -3.2700610224e-02 -2.1404456392e-02 -3.6751208165e-02
-3.0079962411e-02 9.6517087537e-02 1.0027110870e-01 1.6582181871e-02 1.2518915818e-01 -7.3913657012e-02 1.2192886855e-01 4.4295108291e-02 1.1144568334e-01 4.6045422974e-02 -8.2038094377e-03 -3.6115022731e-02 -7.7418847986e-02 4.4234881130e-02 5.5222029773e-02 -3.1618234261e-02 1.8402616774e-01 1.0534796352e-01 2.4546193101e-02
-3.7519110959e-02 1.0541815008e-01 1.1868967147e-01 5.0834539659e-02 -9.2922207577e-02 3.5595661395e-02 8.0802728534e-02 9.8669789075e-02 1.2412100175e-01 5.7018142886e-03 -8.6487585204e-03 -4.4242314034e-02 1.4772797433e-02 -2.0101680172e-02 1.2828759195e-01 4.0987585473e-02 1.3449372736e-01 1.9712901665e-01 1.3095244935e-01
-9.0982681433e-03 2.8665815703e-02 4.3668727215e-02 -3.9068446024e-02 -6.8207593283e-02 -4.2107040650e-02 -3.3825451860e-02 8.8205127835e-03 -7.0312401184e-02 -4.9023492399e-02 -2.1955194859e-02 5.7523063801e-02 -5.6392987624e-03 -7.2090196756e-03 2.0467531313e-03 -1.0711777421e-01 -7.3315067235e-02 -3.0017349930e-03 -5.9592587062e-04
