-2.9871244821e-03 -2.3561931218e-03 4.6736218335e-04 -8.7909178943e-03 1.6580476328e-03 -9.3012979095e-03 -4.7200244129e-03 -1.4133260487e-02 -1.2401144720e-02 -1.3788355983e-03 -6.7102418847e-03 -1.9479330141e-04 4.8827330581e-03 -1.0809812702e-03 5.7883108172e-03 3.2011843243e-03 -8.6781539503e-03 3.5468489356e-03
-4.0016805125e-03 -1.3424057947e-01 -1.0109933032e-03 6.5135236023e-02 -1.6599644449e-03 -6.8371399755e-02 -1.1919283153e-03 2.5608117937e-02 1.5667226210e-01 -9.2163543689e-02 -9.9937052573e-02 -6.2645766545e-03 1.6660077791e-01 -5.0435594194e-02 1.6176023524e-01 1.5720297727e-01 -4.4810017543e-03 1.5123890602e-01
-4.0553969182e-03 -6.9351293685e-03 3.1689891365e-03 -8.3131929994e-03 1.4976543737e-02 6.8460192434e-04 -7.5583037419e-03 7.8281982830e-03 -4.4062876709e-03 -7.5630871427e-03 -3.4915596335e-03 1.4980358961e-02 2.9513440020e-03 -3.6676270475e-04 3.8063634702e-03 -8.6261753958e-03 -8.5430342776e-03 -2.6288579502e-03
-2.6909527942e-03 -1.4777618810e-01 -2.0811698116e-03 5.4662024689e-02 -1.2603759866e-04 -6.4122329062e-02 -5.1135005715e-03 3.7430194853e-02 1.5437535991e-01 -9.5636568332e-02 -8.6364911321e-02 6.4950845743e-04 1.4886248122e-01 -3.7600505482e-02 1.5925764312e-01 1.5578542880e-01 -7.3683023455e-04 1.5487065771e-01
-2.5663894679e-03 -1.2916807622e-01 -5.5202871256e-03 6.1476082257e-02 9.6288248662e-03 -6.7606847822e-02 -1.1687082490e-02 3.3010759792e-02 1.4427818636e-01 -6.6559345726e-02 -7.7694348083e-02 5.3567937445e-03 1.4237509928e-01 -2.8499619478e-02 1.3702570669e-01 1.5891856285e-01 2.5648074609e-03 1.4493551440e-01
-6.1633937997e-03 -5.2330400945e-03 3.2960482742e-03 3.9961128382e-03 3.2642660038e-03 -1.0080118690e-02 -4.9526948772e-03 4.9147663284e-03 8.0924380261e-03 -5.1710052464e-03 -7.0378511769e-03 1.1003330380e-02 -4.6409254507e-03 9.7066493330e-04 -5.1477197991e-03 -7.4826997980e-03 6.3587240343e-03 -4.5663076450e-03
3.2313984559e-03 1.1409833733e-02 -3.2875672911e-03 -3.6607727275e-03 -1.2547481446e-02 8.8227551656e-03 2.5403623073e-03 -2.5217531905e-03 5.7851616946e-03 -8.0351711216e-04 6.6007695816e-03 -3.9480326041e-03 7.7233089575e-03 -7.1882498042e-04 -6.6613436913e-03 -6.5353634386e-03 -7.9404865476e-03 3.7513065522e-03
-3.9388860849e-03 -1.4399182272e-01 -1.6107766366e-02 5.3924301899e-02 -2.2339780724e-03 -6.9781072101e-02 6.4181952474e-03 3.9699457553e-02 1.4899090807e-01 -8.9074424273e-02 -8.6393821808e-02 -7.2173426223e-03 1.5902833787e-01 -3.2730582163e-02 1.5609870135e-01 1.5234881781e-01 -2.2638943010e-03 1.6234935616e-01
8.5348696008e-03 1.6126666104e-01 4.1288470761e-03 1.4293015563e-01 1.0343378330e-02 1.5507452033e-01 5.5787598417e-03 1.4014100039e-01 -9.1451710484e-02 1.6288586504e-01 1.5234514409e-01 -1.4892455533e-03 -7.2468629517e-02 1.5337035993e-01 -6.9922950061e-02 -8.4946660908e-02 3.2756557742e-03 -1.2260357211e-01
7.2520999418e-03 -1.4179158222e-01 -1.2670550429e-02 5.6764574740e-02 -9.4305475636e-03 -5.7680602745e-02 -4.6040593438e-03 3.2792111313e-02 1.5495206714e-01 -9.9868856892e-02 -9.1959129340e-02 -7.7515504692e-03 1.4428402914e-01 -3.6259761165e-02 1.5333519856e-01 1.5872584880e-01 1.3524389052e-03 1.5750778616e-01
-3.5305995550e-03 1.3979503423e-01 -4.3342159758e-03 1.2944133428e-01 -1.1504954528e-02 1.4681853472e-01 -2.1482256900e-03 1.3146599488e-01 -9.4873445207e-02 1.3933978333e-01 1.4599897931e-01 6.9240187455e-04 -9.1896055916e-02 1.4591678913e-01 -7.7906102357e-02 -9.3695656528e-02 -9.4335773882e-03 -1.1362302061e-01
1.0778485658e-02 8.6474740202e-02 -2.0475711362e-02 1.5748078451e-01 5.0535449807e-03 1.1856649064e-01 3.0193634310e-03 1.6214124139e-01 9.9989285538e-02 1.0763077621e-01 1.0708237251e-01 -9.3640795781e-03 1.0255838711e-01 1.2423833102e-01 9.6216503546e-02 9.4430259220e-02 1.7202304712e-03 6.8752603352e-02
1.8463767370e-03 -9.8127502689e-04 5.8499345778e-03 2.3048203798e-03 -4.6023438516e-03 -8.0321902340e-03 -5.3114483571e-03 -3.4937442486e-03 6.1188207795e-04 1.0455438668e-02 -9.3851858029e-03 6.7543418758e-03 -6.3287250379e-03 6.5125660797e-03 -4.1113263312e-03 6.4165738069e-03 -1.3614461299e-03 2.6564504395e-03
2.3192656793e-03 1.4758624850e-01 2.9358413569e-03 1.4103777224e-01 5.3114652078e-03 1.6326464741e-01 -3.6551587162e-03 1.4985031686e-01 -7.9635750534e-02 1.4983361095e-01 1.5084897548e-01 -2.7595651326e-04 -7.0627142922e-02 1.6260423483e-01 -5.4323665743e-02 -7.1675892126e-02 9.4790699851e-04 -1.1215421962e-01
-4.7909435017e-03 1.4961958867e-01 -1.6805611463e-02 1.6256999835e-01 2.6379964540e-04 1.5344226598e-01 -2.6716311033e-03 1.4996565976e-01 -1.9903584545e-02 1.4817020295e-01 1.5629413737e-01 -3.1993336265e-03 -3.8248438941e-03 1.6444105467e-01 2.8050246894e-03 -2.6965665525e-02 -1.2738285917e-02 -4.3504539410e-02
5.8574002610e-03 -7.3388269446e-03 2.4238318121e-03 6.6542389763e-03 5.4603041631e-04 1.0138689128e-02 -6.3520503585e-03 3.8778079761e-04 -3.7616448640e-03 -1.6254424111e-03 -9.3706891959e-03 9.0782475256e-04 -1.5905348777e-03 -6.5383147803e-03 -3.1868592873e-03 3.8862966666e-03 4.4485418984e-03 1.2763446641e-03
-6.0221494389e-03 -1.4216954194e-01 -6.9644565539e-03 5.6949253088e-02 4.6021314817e-03 -4.7288704690e-02 7.9361818119e-03 2.7338425435e-02 1.5317081938e-01 -8.5708911569e-02 -7.1342560212e-02 -2.1814620076e-03 1.4390278604e-01 -2.7157293764e-02 1.4585426227e-01 1.4866629014e-01 1.8935823887e-03 1.5291855432e-01
-3.5746032692e-03 -1.8254754725e-03 -1.0205827177e-02 1.1650706264e-03 8.1627344975e-03 2.7814944536e-03 5.6894771396e-03 -2.9312377554e-03 -3.8861745940e-03 -6.6556381569e-03 -1.0097339500e-02 5.1309266855e-03 -6.0075392630e-04 -1.3694922234e-04 9.0967309660e-03 8.2990463456e-03 8.5474075217e-03 9.7937708737e-03
