-2.1377271106e-01 -2.6715477842e-01 -2.8263748403e-01 1.8483858521e-01 1.0187762622e-01 2.2700587776e-01 -1.9469375602e-01 -1.7776145865e-01 1.8009369548e-01 2.0065107866e-01 1.5183595191e-01 1.9394285256e-01 1.9316264161e-01 1.2876034670e-01 -1.7178674667e-01 2.5518297745e-01 1.6001619225e-01 -2.2563113322e-01
1.7004856488e-02 1.1425664858e-02 4.6250904839e-02 -7.0359968289e-03 3.6392844179e-03 -9.4807538476e-02 7.3085145340e-02 1.1718660945e-01 5.3972798234e-02 1.5376225232e-02 -2.0039539794e-02 -3.4160542464e-02 -1.3379207027e-02 -8.9199773366e-02 1.0465850861e-01 -5.9756726395e-02 -1.7141912596e-02 6.1531863340e-02
-9.6613316522e-02 -1.7584473868e-01 -1.9301787727e-01 1.0209879059e-01 1.3800490850e-01 1.6415841313e-01 -1.4886896855e-01 -8.6455021823e-02 1.0297189951e-01 1.3271652209e-01 8.3134062170e-02 7.5044926701e-02 5.3400389652e-02 1.1776915429e-01 -9.0553532197e-02 7.4483369701e-02 1.3266010318e-01 -6.8617071633e-02
8.8007973340e-03 1.8548814550e-02 6.9272935461e-02 6.3156939326e-02 3.0732484239e-02 -2.1481641570e-02 -7.4231131313e-02 3.1962408569e-02 -2.2309696064e-02 -2.3818433018e-02 1.4723819982e-01 4.8602139661e-03 -2.4515182282e-02 3.1823324754e-02 -5.2809675516e-02 -8.1908170959e-03 8.4206437695e-02 -1.5420213591e-02
-6.5850464580e-03 -7.0516168335e-03 5.9281948955e-02 1.1998373552e-02 1.5831351347e-02 -2.0779166975e-02 -1.5020170475e-02 -2.4965463129e-02 -1.6276208044e-02 -2.5181817712e-02 5.6671684033e-03 1.0486260625e-01 -7.3886763716e-02 4.3762211240e-02 -7.2694166948e-02 -6.5286371854e-02 -3.7950851122e-02 1.3606282917e-02
-2.6591380552e-02 -4.7649153251e-02 3.0263162887e-02 9.1910320055e-02 1.6005117667e-02 1.6162800357e-02 -3.1207716710e-02 2.7675735755e-02 -4.0295527280e-02 5.9528019392e-02 8.3950246513e-02 1.0139390790e-01 5.3790481833e-02 2.8974004699e-02 -8.7475204188e-02 1.3367969597e-02 8.3973706457e-02 -2.7342797793e-02
-4.5106469327e-02 -2.3018423252e-02 8.8774625308e-02 -2.2622460464e-02 -3.9336469271e-02 -9.0959098824e-02 -4.0707537812e-02 9.7163319791e-03 5.2819844876e-02 -1.1672655338e-02 -4.4216357810e-02 3.6979590765e-02 -7.5779577219e-02 -2.6177436403e-02 -6.6897240714e-02 -3.4864821855e-02 -2.3428070673e-02 -1.1467518369e-01
-2.6582199785e-02 1.8781446551e-02 9.5634932905e-03 -4.8563813224e-02 -1.8463359040e-02 3.5778742914e-02 4.0229749613e-03 4.7102350498e-03 2.1821406934e-02 -1.1053812754e-01 -4.6205328995e-02 -9.2292599207e-02 -1.1988068879e-01 -6.3131605200e-02 5.8682443415e-02 -4.5524249780e-02 -7.0183199902e-02 -3.8176301808e-02
-8.0974357633e-02 -1.0413854647e-01 -7.7149173153e-02 7.3971932635e-02 9.9128240589e-03 6.5262663123e-02 -6.3449350135e-02 -6.5081069292e-02 1.6900916233e-01 3.2015410160e-02 -3.5942050723e-02 -6.5635997095e-02 6.4866491087e-02 2.0472946152e-02 7.6349187412e-02 -5.4251564991e-03 5.7577054301e-02 -8.8091149772e-03
2.6462628991e-02 4.1765241623e-02 5.6912915618e-02 -1.0769708883e-01 -6.2519057566e-02 -7.7456385315e-02 1.9786897960e-02 2.2754945679e-02 -2.7995994054e-02 -2.0160389130e-02 -4.8280135724e-02 -1.6794637723e-01 -7.5672294439e-03 1.1284597778e-02 1.6032178227e-01 -5.6997413167e-02 -7.8161158904e-02 7.4243008838e-02
-9.3676239017e-02 -6.5957733724e-02 -3.1108136757e-02 3.3924036379e-02 -3.4976951852e-03 1.1399928127e-01 -8.8844753610e-02 -1.0408748049e-01 6.3072619488e-02 8.5443288722e-02 2.5796026410e-02 5.5210001457e-02 -1.7167454998e-03 1.4818541624e-01 1.0559667016e-01 -1.3329783361e-03 -8.4043476550e-03 -8.3273261810e-02
6.1539911992e-02 7.4469331263e-02 -2.7442917220e-02 -6.4067839467e-02 -1.5780815211e-01 -5.1449204367e-02 3.3610553236e-02 1.7348360672e-02 -1.7965114969e-02 -3.4349127527e-02 -5.7971678849e-02 -4.4738901655e-02 -2.1370447712e-03 -8.1984718848e-02 1.6238052811e-01 -5.7710813408e-02 -9.8125795246e-02 8.0277626537e-02
2.3840258749e-01 1.4513614815e-01 1.5469749498e-01 -1.4578556409e-01 -2.4280312509e-01 -1.3056222905e-01 2.0590370994e-01 1.3243126073e-01 -1.3809815685e-01 -1.8955122535e-01 -1.9933667814e-01 -2.0157714374e-01 -1.7639551039e-01 -1.4264008496e-01 1.0987532521e-01 -1.8205438476e-01 -1.8374912698e-01 1.5646498190e-01
3.3215268863e-02 7.1930868315e-02 -1.8872000895e-02 -8.2876427579e-02 -6.6758802580e-02 -2.6834720571e-02 9.1931889165e-02 3.9360862863e-02 8.3410505727e-03 -5.5541488628e-02 -2.3059537176e-02 -8.4411321800e-03 -5.0729569729e-02 -6.3376408189e-02 8.8805419718e-02 2.3709824548e-02 3.5728512260e-02 8.0476789189e-02
1.3851759217e-02 -3.5204344307e-02 2.6470888033e-02 3.1693237888e-02 -4.5510093857e-02 2.2568726329e-03 3.1372301025e-02 -3.4245831480e-03 -5.8259430931e-02 2.1959817853e-03 7.6322806859e-02 7.6346221918e-02 7.0272003772e-02 -2.6252556098e-02 -9.6606506362e-02 9.4255210275e-03 6.8101226967e-02 -2.2466639743e-02
2.6612535301e-02 -3.7599780389e-02 -4.4843768946e-02 -5.8460543431e-02 -2.4742596133e-02 1.8066032147e-02 3.6865786627e-02 6.0390565527e-02 8.3996870229e-02 -2.6661856764e-03 -6.7167004129e-02 -1.0453758483e-01 3.4742803759e-02 -5.1646052911e-02 1.3021199904e-01 -2.1332757389e-02 -9.7530982488e-02 2.2007777141e-02
1.3154380020e-02 -7.7872651680e-02 9.8756396472e-02 1.0623439954e-02 2.1094485516e-02 -6.2720637451e-02 6.5033874462e-02 -1.8085412284e-02 -5.7011484361e-02 -1.0439532339e-01 2.7387782288e-02 5.0258847117e-02 3.4438944281e-02 4.4317458040e-02 2.1383475720e-02 8.0519584100e-05 1.9905553076e-02 -1.3144641366e-02
2.5686952350e-02 -2.5149702669e-02 -9.0088053191e-02 1.4961434148e-02 1.7107260276e-02 -2.1231111431e-02 1.4448836106e-02 -4.3316600370e-02 2.8406822500e-02 3.4876004728e-02 3.5406662268e-02 -2.5112922758e-02 6.3024663703e-02 -3.9027553921e-02 9.9658742672e-02 2.8660598012e-02 -6.4940514156e-02 1.0602912738e-01
