7.7060409896e-03 -1.0082945348e-01 -3.7954393865e-02 -1.0384539998e-01 1.3463297268e-01 2.4049034340e-03 -1.4589746715e-01 -3.6019301882e-01 -9.2583668532e-02 2.6993638396e-02 -1.8747570453e-01 4.0484597348e-01 -1.2549188546e-01 2.5424522243e-01 -4.6062680120e-03 8.7266528348e-02 -4.1031928135e-01 1.1525589621e-01
3.5766021663e-01 1.0183751992e-01 2.3348196363e-01 8.7444094642e-02 1.9752055246e-04 -2.8806969267e-01 1.7618974077e-01 4.4591829952e-02 2.0014670364e-01 2.3517462806e-02 1.6556721249e-01 1.4115648722e-01 6.3789288625e-02 4.5672703014e-02 2.1978338177e-02 3.0056550705e-01 1.4987131624e-01 -2.5187401772e-01
-1.5847035679e-02 5.8177694495e-02 1.2171647312e-01 -2.3480885273e-01 3.2253684002e-01 -1.7498081765e-01 8.0324520960e-02 3.6947330242e-03 -2.7603187179e-01 -1.5750049245e-01 8.0502745327e-02 -3.4974784134e-02 3.2564724879e-01 8.3858980270e-04 3.0143056628e-01 -8.2213365695e-02 -2.8755300187e-02 -4.0167885649e-01
1.7920382256e-01 1.2758880588e-01 1.6556818060e-01 -2.0059675092e-01 -3.8112605320e-01 2.3137003817e-01 -2.7972376791e-01 -2.0030428000e-01 -9.1538567046e-02 -2.6474134469e-01 1.9026620545e-01 3.7985574105e-02 7.0803651669e-02 6.5336075531e-02 -1.5589187019e-01 7.4010712840e-02 -1.5972397743e-01 -2.2112230134e-02
-1.3623899109e-01 -6.3737217569e-02 1.7922250741e-01 7.6708964638e-02 -1.4143640781e-01 -1.8196208345e-01 -5.8447980320e-02 7.5926549002e-02 -4.1315089163e-02 2.5164620585e-03 -1.1526016266e-01 -3.6039259583e-01 -2.6832949507e-01 2.0987069228e-02 1.7214427482e-03 -9.7535782474e-02 -2.4241841155e-01 3.8613105291e-02
-2.1180367092e-02 -1.4669034148e-01 4.7366477690e-02 9.5361624194e-02 -6.8074513364e-02 2.7192420785e-02 8.4080271007e-02 8.5799599637e-02 2.5689968383e-01 -2.6229180815e-01 -3.6258109062e-01 -2.4054265517e-02 8.0943566094e-02 -3.8021406464e-02 -1.4778083927e-01 6.1574077931e-02 4.0642986303e-01 7.9590480767e-02
-1.5801328174e-01 1.1022870325e-01 4.6088554646e-02 -2.3584513672e-01 8.2045966014e-02 1.1328059199e-01 3.8296958951e-02 8.6732628359e-02 1.3027310767e-01 1.6053658542e-01 2.3240684137e-01 1.4533479875e-02 2.3245510394e-01 3.6936173741e-02 3.3847881611e-01 -3.0558895785e-01 -1.5992622839e-02 -5.0027576134e-01
-4.3387391131e-01 2.5583341732e-02 1.6796637438e-01 2.9443376896e-01 -2.5482006837e-02 -9.6124147377e-02 1.5000840165e-01 -1.4714825645e-01 -3.8959094883e-02 -2.2604198827e-01 -2.9418386522e-01 -3.9173741973e-01 -6.8887804738e-02 -2.8132055290e-02 -1.1052400393e-01 8.5941294415e-02 -4.1911270510e-02 2.6274467434e-01
5.3482551400e-04 1.1653033889e-01 1.1068392287e-01 -2.9245481657e-01 -1.5872788699e-01 -9.3742069780e-02 9.4216119833e-02 -7.2256186303e-02 2.0872280440e-01 1.9536663829e-01 2.1302005353e-02 6.9211271133e-02 -4.7664886674e-01 1.2342918059e-01 -8.1102061187e-02 -5.4245397849e-02 -1.3008341335e-03 1.8128353315e-01
-1.8835764226e-01 -2.4058728198e-01 8.7871830704e-02 -2.9586698314e-01 -5.8051372187e-04 1.6015727567e-01 8.1361029124e-02 -5.5857773499e-03 3.6700990685e-02 -1.5018523110e-02 5.5229787531e-02 -3.6815374156e-01 -3.2117287312e-01 1.7576011686e-01 3.3000244451e-01 2.1796011604e-01 -2.9636030334e-01 -3.0815278328e-01
-9.1292275482e-03 4.0415477796e-02 2.5107156593e-01 1.9186454332e-01 -2.8343207594e-03 -5.2694772383e-02 4.7724648691e-02 2.2743382053e-01 1.6399738770e-01 -2.0808476946e-02 -1.1052685281e-01 -4.9992964874e-02 -1.2105099059e-01 -1.8911539276e-01 8.0021748729e-02 -1.5849927289e-01 5.8407649371e-02 9.0864017807e-02
2.7727418859e-01 9.2243266105e-02 1.9465806916e-01 2.7275797099e-01 -1.1988219593e-01 -3.6978310208e-01 1.8912586865e-01 -4.0160107473e-01 1.3821146323e-01 -9.0017262784e-02 -8.0303805835e-02 7.0202593367e-02 -3.7351088464e-01 6.0492580677e-02 -2.2708345766e-01 6.5628097471e-02 2.9327682895e-01 -1.1657912736e-01
-6.4040533796e-02 1.3574256407e-01 2.0162861201e-01 2.1351321800e-01 1.4180599745e-01 -5.0989143162e-03 -3.8726387106e-01 -1.4594466339e-01 -5.4943169048e-02 -3.1797808072e-02 3.3582695180e-01 -2.0698514404e-02 -3.1421917112e-01 2.7413400904e-01 1.6060063336e-01 -2.9205056588e-02 -3.3473762810e-01 -1.3209660466e-01
-4.3979069671e-01 1.1995377739e-01 -1.7468749280e-01 3.0033074789e-01 -1.5931566879e-01 -1.4292334445e-01 3.1122271387e-01 -5.4471694873e-02 1.2779517250e-01 4.0985141844e-02 1.0999497648e-01 -1.4135864483e-02 -2.9298550777e-02 -3.3807315834e-01 -1.8661268893e-03 -9.8598890643e-02 1.1535404449e-01 -5.3533422958e-03
3.1228442961e-01 1.2474232267e-01 5.1221753873e-01 -3.3982621838e-02 4.3307242594e-01 -1.1466802910e-01 8.7364583339e-02 -3.5766341168e-01 -4.4320847664e-01 -1.7097173448e-01 1.7772113868e-01 -5.3228323423e-02 8.0940383695e-02 -4.5557014421e-01 2.3899459483e-01 1.9301911147e-01 1.2276831883e-01 4.5904504760e-02
-1.5162803359e-01 5.2679635367e-02 1.2536173136e-01 -1.2063955237e-01 1.7408227857e-01 -2.1964109883e-01 1.5084627183e-01 1.7407539410e-02 -2.6046579413e-01 -2.6690693544e-01 3.7182227242e-01 2.2868767947e-01 1.3155091006e-01 -1.2588538790e-01 -7.1403391655e-02 -7.4846838300e-04 2.0732011032e-03 2.9303811558e-02
-3.4755795546e-01 -1.9310221883e-01 1.6652650617e-01 1.2541948822e-01 3.1562208473e-01 -1.3551022076e-01 1.7478490777e-01 -5.4075201327e-02 8.9477094948e-02 -8.8568744363e-02 -5.1831300125e-03 -1.2490079061e-01 -2.0149771605e-01 -4.8877296233e-02 -1.4465854943e-01 1.5523053259e-01 2.6533706941e-01 -3.6654983375e-01
1.1786266062e-01 2.1333253949e-01 1.2081712073e-01 -2.2590465255e-01 2.2302761419e-01 -1.0721878619e-02 -1.0672878420e-01 -2.1523606838e-02 -2.3915006827e-01 -1.3498741085e-01 -1.2755184461e-01 -2.8540846201e-01 -2.1632198550e-01 -7.6585445141e-02 1.9473606433e-01 8.6487890077e-04 -6.0603514866e-03 -3.2359197705e-01
