-2.1037357585e-02 5.1647796790e-02 1.1605160398e-01 -2.2536812089e-01 1.9882105409e-01 -8.0220671377e-02 3.6467288859e-02 1.3546613849e-01 2.5484051271e-01 -1.8730357123e-01 -4.2998886922e-01 -1.4289810310e-01 -5.1422128393e-01 1.8389122870e-02 -3.6375489487e-01 2.3252576937e-01 1.0154198084e-01 -3.5664238501e-01
-1.0974967971e-01 3.5509170377e-02 4.1325115576e-01 -3.2813410665e-01 -6.0013159562e-01 -6.1043626094e-01 1.2204331742e-01 4.3249349881e-01 3.7784913539e-01 -2.1816576910e-02 -5.4695199874e-01 -3.6766951299e-01 -8.5573519987e-03 4.8530439331e-03 1.6556896255e-01 5.2150842635e-01 -5.1295605388e-02 -6.4436057106e-03
-1.3638452160e-01 -5.1039728835e-02 1.5444837365e-01 -3.3195397679e-02 1.2234550054e-01 1.1495583616e-01 -3.5035627919e-01 3.9499285100e-02 -1.5918796543e-01 1.7635843990e-01 1.7029743811e-01 8.7659017999e-03 -2.4589216313e-01 1.3988985424e-01 -1.3846809650e-01 -2.3394305871e-01 -4.0785053080e-02 -1.3610854250e-01
-1.2052111459e-01 3.1685140024e-01 -1.2834008986e-01 2.0007636786e-01 -9.8976375592e-02 -4.4594843706e-02 -1.2760517565e-02 -1.3685871423e-01 1.6665060788e-01 -5.2439027040e-01 -1.9219306323e-02 6.2852103023e-02 2.7962892619e-01 1.7001757083e-01 -2.1103605991e-01 -3.3049707029e-01 -4.1649834915e-02 -1.5392756025e-01
-1.5144776198e-01 -4.6778716717e-01 2.5179238620e-02 -6.5544490257e-02 -1.0219607017e-01 2.3195367248e-02 3.4306864220e-01 -1.0429452889e-01 7.4992655338e-02 4.0909123863e-01 1.3619121096e-01 6.5813533679e-02 -5.5309853098e-02 -5.6934724828e-02 1.5916300475e-01 -1.9396398112e-02 4.3906301465e-02 8.9828045703e-02
2.7950994250e-01 2.1578763601e-01 -2.1662269528e-01 1.9446258465e-01 3.4297297882e-01 2.1796057228e-01 -8.4308245387e-02 8.3785573125e-02 1.7889838214e-02 4.1714783057e-02 -1.2993855547e-01 1.0954262226e-01 -1.6368284556e-01 -1.2159193714e-01 -2.3329716425e-01 7.1188945680e-03 -8.3137399756e-02 2.1998408464e-02
-2.8070379709e-01 1.6922773683e-03 -2.7273996663e-02 -6.7759405274e-02 -4.1936493372e-01 -2.2751047852e-01 3.7203924188e-02 -2.1431462606e-01 4.8310232595e-01 -1.0788613808e-02 -5.0953944603e-02 3.7935325821e-02 1.7269093455e-01 3.1335381941e-01 -1.7779146557e-02 -4.8135212021e-02 2.0255301782e-01 2.0497534722e-01
-4.7165159934e-02 2.6473471082e-01 -2.2896520521e-01 -3.3779017255e-01 9.9772005881e-03 1.6740853465e-01 -1.8534402149e-02 2.1066631254e-01 1.9727065637e-01 -1.6171305736e-01 -3.3257421736e-02 -7.5772399720e-02 -1.3660160984e-01 1.5336498870e-01 -3.5563749153e-02 -2.3112965559e-01 4.8256526119e-01 1.3807535747e-01
-3.3665398970e-03 -4.0594629744e-01 1.7644231018e-01 -8.1597607475e-02 5.3595070578e-01 4.6098760409e-02 8.0770374263e-02 1.7358700139e-02 8.0222878643e-02 -7.7579175761e-02 -1.4840574328e-01 3.5736432270e-01 -3.2323597958e-01 -4.2139123503e-02 -6.6368631185e-02 2.7721009557e-02 -8.0998946413e-02 -2.8423653662e-01
-3.4174899827e-01 -3.9307559614e-02 2.1995251867e-01 6.1423533838e-02 3.5103958931e-01 2.6970399265e-01 -2.5938099725e-01 2.3416866030e-01 -7.5020976540e-02 -2.9632336640e-01 1.3942289344e-01 6.3820384775e-02 3.8595486128e-01 2.0362969909e-02 4.3094225137e-01 2.3909882124e-01 4.5705491635e-01 4.5796764520e-01
9.1118539303e-02 1.6003799352e-01 -2.3757079879e-01 2.6232755410e-01 2.5541299705e-01 -4.7130155229e-02 -2.5965162480e-01 2.8626696799e-02 -1.3479781873e-01 -2.1960344074e-01 -3.1451048649e-01 8.2225389844e-03 -2.9403179413e-01 2.2469827507e-01 1.1233273938e-01 -2.4075532530e-01 1.2469513284e-01 -8.9620516177e-02
6.7049325539e-02 -4.7674795584e-02 -4.5416233245e-02 -2.5559565904e-03 -2.1198995871e-01 1.3760964732e-01 -2.9195445414e-01 7.1444199700e-02 5.0493635567e-02 -6.7647431398e-02 -6.9400851521e-03 3.0237889409e-01 1.6752721002e-01 -4.0949284886e-02 -9.3328931117e-02 2.2353289432e-01 -3.8695646320e-02 6.5893596128e-03
-5.0129025109e-01 -3.7884415642e-02 1.4397951069e-01 -4.4920965972e-01 8.2097517906e-03 1.3171434988e-02 -1.1387618156e-01 2.7600879945e-01 6.2838721372e-02 2.6516939949e-01 1.3455450067e-01 3.1177914683e-01 2.0714386173e-01 -1.3175000254e-01 1.1170936164e-01 -3.2622176818e-01 1.2496518491e-03 -3.6471222121e-02
-8.5564900155e-02 -4.0808279375e-01 -1.0164374254e-01 -2.5302288175e-01 -1.8274665412e-01 -1.3346337825e-01 4.6501826987e-01 4.0466041813e-02 3.4916090281e-01 -9.9485208845e-02 1.1353751518e-01 -2.5754982624e-01 -3.1350812238e-02 1.0221639673e-01 -8.2665410025e-02 -8.3550938866e-02 -1.8384622458e-01 -4.2970040770e-03
-6.0846225178e-03 2.4761253077e-01 -1.9510941515e-02 8.8921012237e-02 5.0039281206e-01 -3.7362550042e-01 -2.7684975165e-01 1.7166011022e-01 2.1203229224e-01 2.3146346593e-01 8.4072483670e-02 -8.8086131454e-02 2.7800428822e-01 1.2745671596e-01 -1.9240164322e-01 -2.3365935140e-02 -2.1336357643e-01 1.6841260402e-01
-2.0706331198e-01 1.2269063115e-02 1.3312739078e-01 -1.7277467100e-01 5.0471747395e-01 -1.1957034687e-01 1.0222841893e-01 3.3229182024e-02 -1.5792845888e-01 -9.8734518989e-02 5.3300266158e-03 -5.2333309518e-02 1.4885197366e-01 2.0369522954e-01 -1.8717648561e-01 1.9826613410e-01 2.4531449371e-01 2.8978050104e-02
-1.7486715901e-01 6.0891648988e-03 7.0663676441e-02 1.7786226347e-01 -2.8685941630e-01 -4.6460523916e-02 -1.6841559745e-01 4.1936789819e-01 -8.0516756171e-03 -1.9082395365e-01 2.5322039036e-01 9.7602270354e-02 1.7580035044e-01 1.6604409658e-01 2.8373238961e-01 2.8560744178e-01 6.8618541303e-02 3.3832500270e-02
1.9657272050e-01 3.7546248114e-01 2.7738122180e-01 -3.9683714574e-02 -3.6461881896e-02 -2.1111079286e-02 6.9307814404e-02 -5.1295100997e-01 3.5742274827e-01 1.7711374159e-01 2.0795196143e-01 -2.0155716942e-01 3.8172252794e-01 -1.2596969638e-01 1.6309697857e-01 5.5594375456e-02 3.3439038574e-01 3.1707632295e-01
