1.0825372519e-02 5.9249456078e-02 -3.6520328896e-02 6.0562016146e-02 -8.3369949288e-02 -5.9067938648e-02 -2.0533791674e-02 -8.5036792551e-03 6.6272247707e-02 -2.3199071517e-02 -2.9972840074e-02 -2.2066320784e-02 -1.9162257563e-02 -2.9808483565e-02 7.1463263671e-02 9.1613452990e-03 5.3801490152e-02 -4.9705676836e-02 -2.0175283267e-02
-1.1947332576e-01 -1.0812013029e-01 9.5070080967e-02 -7.0265256788e-02 1.3060385903e-01 1.3564578429e-01 -9.3436117847e-02 8.9338252043e-02 -1.4822013852e-01 1.3796369717e-01 -8.6624955672e-02 -7.7952320696e-02 9.9598423688e-02 -1.0911017006e-01 -1.2232844898e-01 6.3554124551e-02 1.2591267473e-01 1.5500704936e-01 1.0332072082e-01
-4.0995654987e-01 -4.1202547723e-01 4.2959858291e-01 -4.9034680509e-01 4.7166197568e-01 4.0753473157e-01 -4.8948861952e-01 4.9486289187e-01 -4.2963861741e-01 4.6007179224e-01 -4.3990361054e-01 -3.9568458989e-01 4.4697769247e-01 -4.8068531419e-01 -4.3979537999e-01 4.6930947036e-01 4.2052204345e-01 4.3971944272e-01 4.5448390830e-01
7.8823363463e-02 1.1967547331e-02 1.0184357508e-02 3.3342953168e-02 -7.5014436476e-02 -6.9005661413e-02 6.5266652254e-02 -3.1685218799e-02 5.8113250177e-02 -4.5876518829e-02 -4.4982937154e-02 -4.7180303861e-02 -2.1078830802e-02 3.8582264136e-02 4.9391066885e-02 -5.4027371929e-02 -3.1063716243e-04 -4.1171531259e-02 -3.2213077793e-02
1.4413205071e-03 -1.3823434216e-01 1.0074924828e-03 -8.2026182868e-02 6.6602627815e-02 5.8166426685e-02 -6.9029135193e-02 8.7802228366e-02 -9.7930489229e-02 4.6551271013e-02 -1.2410251442e-01 -1.0678775622e-01 5.2845753890e-02 -4.4943980626e-02 -7.3060823484e-02 1.1486266383e-01 1.3157829366e-01 1.1670971449e-02 9.8073464781e-02
-3.2151352457e-02 -3.0151303493e-02 5.1022769314e-02 -2.2343488237e-02 3.4699521425e-02 3.9258760803e-02 -1.3859008079e-02 2.1090815503e-02 -1.1318337476e-02 -1.3231597620e-02 -1.6756773617e-01 -4.5205366408e-02 3.0292951203e-02 -8.6291802739e-02 -3.7608044211e-02 7.8757058941e-02 9.6598421895e-02 -3.7250465325e-02 7.3790406696e-02
-3.4102058788e-02 -8.7236306999e-03 -2.5271568476e-02 3.1557012201e-02 4.6548922280e-03 -2.5493553492e-02 -1.7236009375e-02 3.6418780730e-02 -1.8378084312e-02 6.4662938323e-02 -7.7758674360e-02 -9.6844655438e-02 -3.1406961173e-02 -3.6200431591e-02 -3.2492344365e-02 9.5348150508e-02 9.9339001695e-02 -3.3942370834e-02 3.2576362222e-02
-5.7757658321e-02 -4.0285465351e-02 1.2434810723e-02 -2.7827112923e-02 5.7492415635e-02 6.4671155457e-02 -8.4870469466e-02 -6.1761309507e-02 -1.5784143197e-02 -9.1550764633e-02 -2.2080961993e-02 -5.6217525937e-03 2.0056276579e-02 1.6630181492e-02 2.3641854094e-03 -1.0045396171e-01 -1.0847545907e-02 8.3560748965e-02 1.8010746771e-02
5.7694288540e-03 3.5079349791e-02 -1.6178616828e-02 3.3261145827e-02 -1.8955596466e-02 -2.0241402792e-02 1.6443839133e-03 -3.4836329058e-02 3.9490540401e-02 -4.1200837325e-02 7.3255444659e-02 5.4362029779e-02 -5.3274672912e-02 2.5858140416e-02 2.6519819417e-02 -7.0434077102e-02 -1.1235769584e-01 -3.5842838212e-02 8.6759257594e-03
-2.0084161896e-02 -4.3506721569e-02 -2.5333196352e-03 -7.0124545322e-02 -4.4900157029e-02 4.6800083196e-03 -4.8845002974e-02 1.0743796110e-02 -4.9507359334e-03 5.5617782237e-02 -7.3831044290e-02 -1.3268137411e-02 2.6324655988e-02 1.9093460313e-03 3.7221251554e-03 8.4405565942e-02 1.1007429368e-01 5.5135379770e-02 -9.4756137720e-03
4.1164683903e-02 -2.8038231499e-02 -5.9034564628e-02 5.2120650912e-02 -7.3112167858e-03 -2.0285393040e-02 8.6543558905e-03 -1.6061499596e-03 5.6541018205e-02 4.6561578166e-02 -4.3368803613e-02 2.8388923172e-03 -3.2074563698e-02 -2.7823798867e-02 4.2257839171e-04 1.1164647500e-01 4.3902651340e-02 -9.8805453882e-03 8.0217317780e-03
9.5248569822e-02 1.0412246981e-01 -9.4548929173e-02 7.8947376997e-02 -6.7842048726e-02 -5.6903797867e-02 1.1278507097e-01 -1.5271173806e-01 1.3735060543e-01 -1.1946372965e-01 4.7437772322e-02 1.0593237167e-01 -9.2878546436e-02 1.3941788758e-01 9.7561020308e-02 -1.1241078136e-01 -9.2096495244e-02 -1.0677821961e-01 -5.9501864163e-02
-8.8099607410e-03 -5.7600818184e-02 -2.3715626564e-02 -3.8114542624e-02 5.0225641618e-02 -1.3746551797e-02 7.6460418632e-02 4.8643341909e-02 1.8834568518e-03 -1.1347751957e-01 7.7918674975e-02 4.6931800194e-02 7.9145153801e-02 1.3675402304e-02 -1.8611183762e-02 -9.0217594717e-02 -8.6980178252e-02 4.2360783600e-02 2.1144983007e-02
8.8984434731e-02 5.2887930571e-02 -1.3252684292e-01 7.0719825037e-02 -6.3401342046e-03 -5.9989043589e-02 1.2654293533e-01 -8.6461253540e-02 5.9003298856e-02 -1.2167090625e-01 9.1975776297e-02 1.2501075907e-01 -1.2043843770e-01 1.1860987602e-01 4.8221227981e-02 -6.4297305523e-02 -1.6665146218e-01 -4.2372858085e-02 -6.1525999010e-02
2.9933967593e-03 -1.0973920498e-01 9.6176328198e-02 -4.6591846222e-02 2.8618781279e-02 8.4465407942e-02 -9.7322770588e-02 1.3098488411e-01 -2.5548556384e-02 1.8732680186e-01 -1.6215088445e-01 -1.3558780677e-01 1.1931813515e-01 -5.0439708214e-02 -6.8878982362e-02 1.3099434581e-01 9.9723605833e-02 4.8642990476e-02 5.4478532142e-02
-3.5059177900e-02 -4.1224354348e-02 5.1186426582e-02 -2.0653113094e-02 3.9028366297e-02 4.4890780169e-02 -2.0932112250e-02 2.8142287349e-02 -1.6851725930e-02 5.3442436592e-02 -4.3768247553e-02 -9.0867020267e-02 3.6847383265e-02 -4.8519201656e-02 6.5245561729e-02 5.7523860642e-02 9.3885578226e-02 4.5753563269e-02 8.6413755942e-02
4.4199855514e-02 5.4147305292e-02 -6.2311072033e-04 5.3261470891e-02 3.5641321668e-02 3.9350707675e-02 1.8619588989e-02 -1.2701829184e-02 3.8739135222e-02 1.4386609175e-02 2.0015430888e-02 -1.6705277298e-02 -3.3803096657e-02 -7.5856290857e-02 6.6239985762e-02 3.3937503589e-03 3.9814429817e-02 -5.0348292868e-02 -5.8527300353e-02
2.4460606045e-02 1.9251218024e-02 -1.8368747803e-02 5.4836166835e-02 4.3111556556e-02 -6.9714381260e-02 -3.0924396039e-02 -2.8645154534e-02 1.7771027795e-02 -4.7741606678e-02 8.9117049730e-02 7.6898255951e-02 -1.0363739629e-02 3.1082128311e-02 4.3033099716e-02 -7.6555324497e-02 -5.4970126457e-02 1.2377588229e-04 -8.4160206794e-03
-8.1989912604e-02 -6.2108135609e-02 3.8194425663e-02 -1.0907236610e-01 3.1587672502e-02 4.8968218928e-02 -3.8087497679e-02 5.1147738296e-02 -1.0736454796e-01 6.4715299792e-02 -1.1038178433e-01 -9.9278727891e-02 1.2745162358e-02 -1.1314703640e-01 -3.8207586057e-02 4.3219540993e-02 1.1975751990e-01 4.1068440843e-02 1.0087054833e-01
