-2.5927428390e-02 1.5698589324e-02 9.1483994042e-03 -4.9842009049e-02 -1.5054632801e-03 -1.3177372951e-02 -1.3965430775e-02 6.0420510013e-02 4.1712788535e-02 3.3094046989e-02 8.7369836521e-02 -2.7236121796e-02 -2.1765888672e-02 -8.0006850394e-03 -7.7809162611e-02 -5.6448743386e-02 -7.3695487612e-02 4.2378697087e-02 -2.4217294438e-02
-1.2899935433e-01 2.6971602418e-01 -1.2225922823e-01 -5.2607235159e-02 1.5831470609e-03 2.0216012575e-03 -4.8368111131e-03 -3.7394602925e-02 7.7101448956e-02 -1.0233772467e-01 2.0979795776e-01 -3.9135827144e-02 -1.5146224817e-01 -5.3724722034e-02 1.0683511128e-01 -7.0630684879e-02 1.5222610641e-01 1.1836533185e-01 -1.2470060741e-01
1.1194032094e-01 1.0677985199e-01 1.2789953345e-01 1.4609689499e-02 -6.0832250471e-02 -3.7081601807e-02 -3.5431569056e-02 -1.5735098575e-02 -2.9891452922e-02 4.7037340994e-02 1.1122684576e-01 -9.6109131493e-03 2.9726407975e-02 9.0448343255e-02 1.6041859164e-01 9.8364731880e-02 1.7141879490e-01 6.3595850165e-02 7.7876507663e-02
6.9300390375e-02 1.6861022785e-02 1.5754201055e-01 -1.7375468603e-02 4.7977818877e-02 -6.0354247456e-02 -2.8340972256e-02 -4.9554035094e-02 2.0438594567e-02 1.7950705947e-02 1.1915299398e-02 1.0865250886e-02 6.4286232387e-02 1.5367691631e-01 6.2022610002e-02 8.7258547179e-02 2.5760864245e-01 1.8138410055e-02 6.4003031113e-02
-8.3093520204e-02 1.3710307797e-01 -9.9303965469e-02 -5.0525394683e-02 4.6237260246e-03 2.2664483100e-02 -5.0291516441e-02 7.4486431723e-04 1.2555339354e-01 -9.8124304486e-02 1.3592941287e-01 2.8293582350e-02 -7.9074957483e-02 -3.4141468059e-02 1.0801554808e-01 -1.0083474642e-01 2.0857932466e-01 1.6026354716e-01 -1.7137861135e-01
9.4152005439e-02 3.3135516416e-02 1.1459653092e-01 -1.2600203242e-02 -1.0341753875e-01 -8.1267208544e-03 -4.2784124992e-02 3.1234092107e-02 -4.9407970180e-02 9.7521617296e-02 -1.1110955392e-02 -3.5960444811e-02 7.8350373296e-02 7.9049563323e-02 8.3340162674e-03 5.3525121490e-02 1.4767546507e-01 -6.1161307352e-02 8.1215363134e-02
-1.6897928115e-01 1.8979260699e-01 -3.0064270742e-02 2.0450922618e-02 1.3759667574e-02 -1.1243507376e-02 -5.7229214871e-02 1.3792791731e-02 4.8462617887e-02 -7.7825952706e-02 1.1552925786e-01 6.0179290791e-02 -4.9210489168e-02 1.5200163151e-02 8.6310801554e-02 -4.2621316877e-02 1.1911760268e-01 8.3198397694e-02 -4.9851774279e-02
-9.3416960521e-03 2.7876772154e-02 -1.0356760674e-01 -7.2112873912e-02 2.7651646806e-02 -4.7916864408e-02 4.3290238391e-03 -4.6141271813e-03 -6.7956840520e-04 5.1209914957e-03 4.8365991360e-02 3.6031938339e-03 3.6199310685e-02 -4.0213713790e-02 7.3897108713e-02 6.4551491987e-02 -2.0625913228e-02 -5.9913678918e-02 2.2819788263e-02
-3.0439020408e-02 4.1753244479e-02 -1.2006598140e-02 1.6335714202e-02 8.3857861143e-03 -7.6874475761e-02 1.2470020390e-02 3.9990998169e-02 -5.5425951558e-02 2.5999926703e-02 4.6855324410e-03 1.3340813066e-02 -2.5540553903e-03 -8.8155112344e-02 7.2223523989e-02 8.2109330281e-02 -4.4862968669e-02 6.3492724551e-02 1.6268645043e-02
-4.8809407079e-03 9.1636029250e-02 9.1632807304e-04 -8.9961450902e-02 -3.4031820070e-02 -1.3652938075e-02 -3.6334494224e-02 -3.4676708227e-02 -7.4124833419e-03 -4.9088724257e-02 2.1662535741e-02 -6.4155471021e-02 2.3280473494e-04 -2.7840375928e-02 2.3938518095e-02 -4.5940058838e-02 -3.5781786637e-03 -9.0959889080e-03 4.6641649535e-02
2.5071218165e-01 -1.8141424237e-01 1.2126472926e-01 -2.0182274386e-02 -3.2988370590e-02 5.1370936547e-02 3.8469845078e-03 -7.0867738797e-02 -3.8778531150e-02 2.2556535544e-01 4.9807709505e-02 -5.0406682898e-03 1.9040893423e-01 1.2441213962e-01 -3.5403968610e-02 1.0574933342e-01 1.0800017074e-01 -1.4490577173e-01 1.8384653257e-01
6.3993454688e-02 6.6454749612e-05 1.2752900024e-01 -2.4489791442e-02 3.3796368154e-02 -7.6070926246e-02 8.0233353501e-02 1.8878536937e-02 -6.3404589723e-02 1.6701864222e-01 4.8198383489e-02 -1.1585026754e-02 1.2999288976e-01 1.3066346626e-01 4.9637569004e-02 1.3861887228e-01 1.6135861552e-01 -4.1714921288e-02 1.1808642684e-01
1.3750038178e-02 -5.5212736950e-02 -4.4997893405e-02 -2.0178738479e-02 3.5203668378e-02 -6.2088931715e-02 -7.5724704073e-03 -1.1325358956e-02 2.4166451538e-02 -3.6841729100e-02 5.6591552307e-02 -8.5944152437e-03 -1.4097990964e-02 4.6572368611e-03 2.9036722401e-02 -1.9250464661e-02 -2.0148675219e-02 -3.6992764092e-02 6.0579167621e-03
1.6525411498e-01 -1.0251488701e-01 7.3324555924e-02 5.3292565109e-02 1.9110038950e-02 1.9517197810e-02 3.2081891378e-02 -3.3386635842e-02 3.9144366198e-02 5.0708922658e-02 -2.6000341640e-02 -1.0830942546e-02 5.5697058711e-02 9.3106134810e-02 -5.4422331163e-02 9.5654001535e-02 1.5025138506e-01 -5.0177461863e-02 8.3951943024e-02
1.2109492068e-01 -9.1579648516e-03 1.2578064182e-01 3.8529771429e-03 8.9976294420e-02 1.1596072814e-02 -8.9677667730e-02 1.3074975981e-02 -9.6675206568e-02 1.7186097892e-01 1.8228078946e-02 -1.3894544257e-02 3.7156038695e-03 8.4001451907e-02 1.6944522935e-02 1.5231307274e-01 1.5216684398e-01 -6.4319984391e-02 1.2668251058e-01
1.2044253597e-01 -1.0629925415e-01 1.2046990468e-01 -3.8464026815e-02 6.3622666782e-02 -7.9302514903e-04 -2.7046032951e-02 -7.7191208077e-03 -1.0736927883e-01 8.3272928630e-02 -1.3191447505e-01 -1.4282473766e-02 1.8030896756e-01 1.3886354611e-01 -1.0371151362e-01 1.5204167588e-01 1.1066595798e-01 -1.8264934664e-01 1.9599258841e-01
3.4354145833e-02 7.1920542405e-02 -2.9728233003e-02 4.2553824201e-02 5.5338069674e-02 -1.0848004967e-02 2.9227346458e-04 -7.5326148835e-02 1.8230314900e-01 -4.6495494698e-02 8.6103388584e-02 -7.8474683603e-03 -9.7441253208e-03 9.2028004111e-02 1.8270290969e-01 -3.9200252307e-02 1.7827028965e-01 4.6822214857e-02 -6.4215658814e-02
9.4597978861e-02 4.5667550402e-02 7.8033056900e-02 -2.7557492784e-02 -2.9854662329e-02 -2.3363440285e-03 -2.6847200825e-02 5.5704390125e-03 3.9621249213e-02 -4.7407072208e-02 -4.4884782614e-02 -5.2516850674e-02 1.4882219793e-04 -1.7550562116e-02 3.8866757310e-02 4.7771776981e-03 -9.1393379040e-02 -5.8841508514e-02 1.2267590828e-02
-1.6439576379e-01 1.7378048781e-01 -9.9393289368e-02 -1.6027102871e-02 -2.8224777638e-02 9.4602914461e-03 -3.8775022562e-03 7.7303573845e-02 6.1641591033e-02 -4.0249561587e-02 1.7722399674e-01 -3.3819425394e-02 -9.5390299341e-02 -8.8765150254e-02 2.7784278822e-01 -6.9068415572e-02 1.2879052539e-01 1.4344912552e-01 -3.2260806316e-02
