-1.6562645129e-02 6.2395222072e-02 3.9489320982e-02 -3.9678194707e-02 2.5087156351e-02 -1.6079827511e-02 4.9690486475e-02 5.6354368191e-02 4.9590383359e-02 -4.8375843097e-03 1.0102666094e-01 9.0775644988e-02 -1.2842005784e-03 1.0645713140e-01 -4.5329875221e-02 4.7611894764e-02 3.9511069179e-03 6.9611969422e-02
-3.0426614517e-03 7.6534925634e-02 6.7217610359e-02 -5.1696970154e-02 -5.8041286630e-03 -9.9164736707e-03 8.6824881571e-02 7.3913850254e-02 7.4025374013e-02 -2.6740161146e-03 1.1491814625e-01 1.0223875904e-01 -2.9241396388e-02 1.1624251788e-01 -5.9457928260e-02 7.6621352355e-02 -1.5114784312e-02 8.1598733539e-02
1.0975866760e-02 1.0084266994e-01 8.3291767886e-02 -7.4676587739e-02 -1.6105368056e-02 1.0456615966e-02 9.1862615255e-02 8.4502839013e-02 9.6565587094e-02 -3.4904848447e-04 1.0012216662e-01 1.0657678661e-01 -3.5686924282e-02 1.2449432886e-01 -6.7772725632e-02 9.0871502426e-02 -1.0873221742e-02 9.4890125636e-02
-2.0554604785e-03 -4.7653575257e-03 1.1407350226e-02 3.5912069133e-03 -4.3755474373e-03 -2.1732232996e-03 -3.4936517717e-03 4.1981541416e-03 3.9261827340e-03 -6.7492187556e-03 2.0036428028e-03 2.0758625384e-03 1.3481235222e-02 -4.8270212848e-03 9.8572794540e-03 -5.5703112786e-03 8.6490785273e-03 6.2298614675e-03
-2.5747978489e-04 6.9014636557e-03 -1.7566831257e-03 7.3551423521e-03 -1.0206667634e-02 -9.1687847206e-04 4.4023160815e-03 3.1462252871e-03 2.0768364967e-03 -1.3606996851e-02 1.9362680957e-03 -5.8550448725e-03 -3.1576752733e-03 -9.7169875341e-03 4.0809388123e-03 -2.9021805837e-03 -1.5696314747e-03 -1.3737721528e-03
2.1838391059e-03 -2.4252279275e-02 -4.6612801180e-02 4.6960965984e-02 7.3985769802e-02 -1.4845789191e-02 -2.0905592198e-02 -3.5815495378e-02 -1.5280230432e-02 -9.2074757021e-03 6.0307137404e-02 4.0542073124e-02 6.7622083051e-02 5.0027933862e-02 2.6553106286e-02 -2.9797718131e-02 6.8743776132e-02 3.5872485909e-03
-5.7857277829e-04 -1.8077553871e-01 -1.6253726611e-01 1.6968116645e-01 1.7092849479e-01 -1.2416540653e-02 -1.6342635157e-01 -1.7362568377e-01 -1.5064244658e-01 8.2378234180e-03 -5.1895914892e-02 -6.9560973500e-02 1.7230567647e-01 -6.0200062367e-02 1.1970497651e-01 -1.7298194185e-01 1.7025928839e-01 -1.0709173451e-01
-1.0529120931e-02 1.7356787477e-01 1.7420027721e-01 -1.5751616207e-01 -8.5967448307e-02 -2.9235471826e-03 1.6928022320e-01 1.5209833577e-01 1.6093232465e-01 2.3675581895e-03 1.3400946361e-01 1.6626191370e-01 -1.0258118010e-01 1.6991838451e-01 -1.5265431233e-01 1.7178921085e-01 -1.0891732817e-01 1.6356623904e-01
1.0470367367e-03 7.0493163582e-02 6.0814992195e-02 -4.8360400133e-02 1.0148217733e-02 -6.6112851780e-03 6.2200273998e-02 6.1359420310e-02 6.0574215964e-02 -2.0877022967e-03 9.6646839720e-02 1.1037184630e-01 -1.1696157592e-02 1.0471356928e-01 -4.2966240129e-02 5.9988451542e-02 -1.0646411661e-02 8.6675376254e-02
3.1769581356e-03 8.0069643791e-02 4.9244319043e-02 -5.2809804863e-02 6.4029075134e-03 -2.2877796098e-02 7.5616103992e-02 7.8685080991e-02 6.6038679661e-02 2.1644970691e-04 9.7003619295e-02 1.0086746917e-01 -1.2867642397e-02 1.2145379344e-01 -5.0765867281e-02 6.4313837924e-02 7.9581064007e-03 8.5408839554e-02
1.1789179269e-02 7.9936098083e-02 6.6474054112e-02 -5.2166943574e-02 -1.7500673579e-02 -8.5550401717e-03 6.8710298408e-02 8.0349767698e-02 7.7512667609e-02 4.6616034267e-03 1.1423424727e-01 9.7905604177e-02 -2.1095834269e-02 1.1896019484e-01 -4.8430534548e-02 6.4717557697e-02 -1.5168991279e-02 7.8050153402e-02
-7.9359335022e-03 -1.6339435630e-01 -1.5686261145e-01 1.5943407294e-01 1.6110464710e-01 -7.7261804004e-03 -1.5827163596e-01 -1.5903458212e-01 -1.3884957702e-01 -6.7372693453e-03 -4.8653800040e-02 -5.9675569902e-02 1.5562399228e-01 -5.8124207004e-02 1.1002594206e-01 -1.8300837969e-01 1.7023754158e-01 -1.0602489174e-01
6.9747522716e-03 7.0057452211e-03 8.1280655939e-03 -9.7933309251e-04 -5.9359778379e-03 -9.9769458617e-03 -1.6890546724e-03 -4.8694857958e-03 -7.6696262688e-03 3.1295097640e-03 -4.3737728638e-03 -7.6080498122e-03 -6.8200600684e-03 -8.8359059336e-03 5.9214064260e-04 -6.5389347834e-03 1.2134601974e-03 -5.8936986327e-03
-4.3956357622e-03 -1.5396152806e-01 -1.4588489938e-01 1.5268197560e-01 1.6323683412e-01 -1.9091000843e-04 -1.5885622737e-01 -1.5022387351e-01 -1.3483130862e-01 1.3543902001e-02 -4.3142730718e-02 -6.3172164108e-02 1.5399484512e-01 -5.9000591320e-02 1.2500277153e-01 -1.6860392527e-01 1.6311047402e-01 -9.3945963788e-02
3.4271347602e-03 1.7798382249e-03 1.2069275934e-02 -6.9975832339e-03 -9.9100011463e-03 6.7747577318e-03 4.4152614574e-04 -4.4334329657e-03 9.0524044543e-03 -3.5382016344e-03 -1.1582525323e-02 -3.3033064637e-03 -6.2358558166e-03 2.4586350018e-03 4.1741124040e-03 -5.0399907404e-03 -8.9211958040e-03 7.1490595784e-03
-2.0485734309e-03 2.3933781220e-01 2.1954404495e-01 -2.3755891210e-01 -1.4938087982e-01 -4.7304000799e-03 2.3286479467e-01 2.2888989846e-01 2.3197469885e-01 -5.4959663308e-03 1.2791227411e-01 2.3017039250e-01 -1.6381050121e-01 2.2039579171e-01 -2.0961739810e-01 2.1073752910e-01 -1.6114493881e-01 2.2003639567e-01
-1.2718452677e-03 -4.3931178730e-03 -6.3832433220e-03 4.3112367209e-03 -1.1919946475e-03 2.1267995819e-04 -1.1161186726e-02 -6.3985441020e-03 3.8242213809e-04 8.1506070463e-03 3.8671313395e-03 9.9375527345e-03 2.0263749961e-03 -1.1449401151e-03 -9.5832437808e-03 3.8762052730e-03 6.0390408493e-03 -1.6484550433e-03
9.6864411938e-03 5.8122431752e-02 4.5917591356e-02 -2.2891155627e-02 2.5762033250e-02 -5.4068192706e-03 4.5515400205e-02 3.9998772583e-02 4.3448449720e-02 2.8076355713e-03 1.0357216779e-01 8.7646984602e-02 6.8364552483e-03 1.1259979606e-01 -3.4886514265e-02 4.6013179081e-02 6.3291457552e-03 7.1224172512e-02
