1.0277387837e-03 -1.0484849221e-01 1.0878587565e-01 -1.7982465464e-02 -7.5528727851e-02 8.4805026921e-02 -1.5993706650e-02 1.9035730358e-02 4.5023824194e-02 1.2759924272e-02 8.2654829527e-02 1.4485006819e-02 4.9205402033e-02 -4.1203474297e-02 -1.2719601694e-01 3.0533528641e-03 1.0705764503e-01 -2.4834636918e-02 -3.8274192445e-02
-4.9926907417e-02 -5.2155657174e-02 -2.4057892747e-02 -2.9585294752e-02 3.1908275897e-02 3.4268434626e-02 -4.1563250214e-02 1.6338042862e-02 8.7025834818e-02 -1.2771376263e-02 4.6099222030e-03 2.1489613065e-02 4.0235858152e-03 2.5791888926e-02 1.9775399312e-02 -3.6810559777e-02 -1.1061914645e-02 -8.5019859979e-02 1.0807898992e-01
8.0171111945e-02 -5.0496854623e-03 -5.5424860761e-02 2.2471908743e-02 2.3815446569e-02 -6.3809513974e-02 -1.4863347075e-02 -1.0283591114e-02 4.7518487145e-03 4.9773045029e-02 3.6179226006e-03 5.8890330869e-02 -2.4119524785e-02 -6.7060190840e-02 5.2427506167e-03 -6.1137321806e-03 -3.6993895276e-02 -1.0308217194e-01 -9.6270183533e-02
-6.3084873760e-02 -1.4456345774e-02 6.7409184604e-02 -2.1261454606e-02 -1.4554531990e-01 1.8454909229e-01 -1.0374618154e-01 -1.2680045758e-02 5.4683263477e-02 -1.4271473871e-01 -1.2756235188e-02 -5.7626291237e-02 -4.5333034647e-02 -7.9963844148e-02 -1.1616264700e-01 -3.6435301395e-02 1.2933710543e-01 -1.5699251096e-01 -3.3656858704e-02
4.5208533454e-02 3.6741669026e-02 2.3176374296e-03 -4.8920171386e-02 6.7147654627e-02 -2.8602539458e-02 -1.1537684576e-02 1.2478845701e-01 -4.5118617922e-03 7.1084138524e-03 -1.3463406438e-02 -3.4849191745e-02 4.4859047564e-02 4.4981084274e-02 7.8961082954e-03 -7.2632405470e-04 -7.1915532611e-03 2.5158267307e-02 -8.1121863894e-03
-8.3710145754e-02 6.9018001241e-02 1.4446217134e-01 4.2057005810e-02 1.5751584577e-01 -1.9478774550e-01 -2.7753117315e-02 -2.7324430959e-02 1.4325953038e-01 1.6252304491e-01 5.1406924967e-02 3.8502346656e-02 1.7067625804e-01 1.2234578555e-01 1.0256741006e-01 -2.8783207416e-02 -8.1942383360e-02 1.9742588298e-01 2.3741282104e-01
4.6815023039e-02 -2.8418357741e-02 1.0703544569e-01 -1.8347515806e-02 1.2743628277e-01 -2.1854982211e-02 -2.0373504035e-02 -5.0156588684e-02 3.2661443761e-02 2.0043446451e-01 -4.0810958055e-02 -3.3285278037e-02 1.7893842735e-01 1.6253937710e-01 1.3607630325e-01 7.4817710542e-02 -7.0723365141e-02 1.1131685356e-01 8.3691489717e-02
-4.6360909547e-02 -9.8764686305e-02 2.4785921879e-01 -8.7389575099e-03 1.3036258224e-02 2.4029451672e-02 -5.3758653415e-02 -7.4762800929e-02 9.1262036184e-02 1.3401591533e-01 -6.0982359854e-02 -6.9508027996e-03 1.4837845234e-01 1.0915634325e-01 7.8649040401e-02 -1.1138670137e-01 -3.9576196163e-02 1.0799649652e-01 1.6942203290e-01
-7.3074695262e-02 1.5394506114e-02 6.0198660572e-01 3.5776390473e-02 5.1167651668e-01 2.3038337455e-02 -1.4088421210e-01 6.1707054509e-04 6.0617296687e-01 5.7164440717e-01 1.5792911979e-01 -1.8948492735e-02 5.9907683134e-01 6.5215426991e-01 7.0064035499e-01 4.5442252053e-02 -8.7622074218e-02 6.4368885073e-01 5.8482571918e-01
-4.1198598754e-02 3.8301151416e-02 2.3831145272e-01 -2.2351351137e-02 -4.6151435658e-02 1.5213266897e-01 3.6405650790e-02 2.0214784027e-02 1.5297561080e-01 3.0661910969e-03 5.8704417112e-02 -3.6466283182e-02 9.3237939338e-02 3.8515966124e-02 -8.3287736376e-02 -3.1525127346e-02 2.0447202896e-01 -6.2179826409e-02 1.8242674350e-02
4.0341935800e-02 -4.0145304438e-02 4.5555955693e-02 1.2519339756e-01 -1.5348375983e-02 -4.6482543086e-02 3.2374993088e-03 -1.5256967030e-02 3.1613529079e-02 -4.1403423522e-02 -4.2465270705e-02 -3.4687577647e-02 4.1021871923e-02 3.0839760152e-02 -1.7212620370e-02 4.2704486641e-02 -6.4910257936e-02 -5.4768544740e-02 2.6874182727e-02
4.5779062795e-03 1.9266083860e-02 1.3418089079e-01 -1.2481767749e-02 7.8165392009e-02 6.2992886137e-05 -7.9313682264e-02 -9.6813879569e-03 1.2674434807e-01 9.0398740245e-02 -7.7215778648e-03 -1.4479069756e-02 5.6468347423e-02 1.6401931696e-01 8.7257948213e-02 -6.6414433658e-02 8.4460260681e-04 1.5023537087e-01 1.5476712220e-01
-5.8746263575e-02 1.7057494230e-02 1.8484772431e-01 -1.6669431525e-04 -6.4851718242e-02 1.6337478078e-01 -1.8826528654e-02 -3.8555598889e-02 3.5878772281e-01 -3.8907688587e-02 -5.0293218439e-02 -7.9692098598e-03 5.7123163481e-02 -4.8196100500e-02 -1.3350365017e-01 1.8096507610e-02 1.3883660535e-01 -8.7009753215e-02 1.4861041590e-02
-4.1321696769e-02 1.9108051208e-02 -2.8788387388e-02 1.7811712192e-02 6.1979539469e-02 -2.7401963343e-02 -5.6958250828e-03 -1.9458785288e-02 4.5295927445e-03 -8.4023966681e-02 -3.8468478353e-02 1.5958791275e-01 4.0951748788e-02 9.8615684070e-02 1.9366265013e-02 -1.6044087815e-02 -1.1648526829e-02 1.4952620559e-02 -5.5128893596e-02
2.8230121502e-02 -7.1349127067e-03 -2.5798685211e-02 -2.1772428697e-02 3.0148703147e-02 6.9155556049e-03 -2.4092811541e-02 2.2219744183e-02 6.1889480252e-02 4.2054314462e-02 4.2529992470e-02 -5.4648766419e-03 -1.3238266929e-02 -1.9898583720e-02 -2.9843186201e-03 -5.4739244254e-02 -4.1090361640e-02 -9.3258127148e-02 -9.3385847468e-02
3.8663623609e-02 5.6471754818e-03 1.6867054384e-02 1.8689769014e-02 4.9903237413e-02 -4.9503470170e-02 -1.7383984776e-02 5.3873709833e-02 8.9552868637e-02 7.5841506895e-02 1.9724894241e-02 6.0710375657e-02 -1.8757694186e-03 3.2080310203e-02 -1.5931888642e-02 2.2139042070e-02 -1.0866410178e-02 9.4422601581e-02 3.6739942185e-02
-9.2766828272e-02 3.1237576136e-02 1.1136526560e-01 -6.0435289845e-02 1.9354085795e-01 -5.9722169488e-02 -6.8276872359e-02 1.0247484392e-02 4.8940850456e-02 1.4365676823e-01 1.6017505356e-02 2.2928664634e-02 9.2479569916e-02 1.1948614822e-01 1.0615348770e-01 -3.1352285044e-02 -1.7117535836e-01 7.5310750389e-02 1.8083001933e-01
-2.7946735475e-02 3.9326977787e-02 1.6675766684e-02 -6.7701491968e-02 -1.5008377595e-02 -5.2861555778e-02 -6.3499498864e-03 -1.5435124784e-02 -5.1137906030e-03 -7.9010403188e-02 -6.8245803671e-03 2.7164018355e-02 2.6066371600e-02 -6.8240491322e-02 4.7401636549e-02 5.6890432941e-02 -4.4873517499e-02 -2.8006049202e-02 3.2072433350e-02
8.0367824812e-02 -3.3531806779e-02 2.1023737660e-01 1.2095385542e-02 4.7481250932e-02 -1.0717270155e-01 -2.2453187509e-02 -2.2713203689e-02 6.5026852064e-02 2.1080937825e-01 1.5340430999e-02 -1.8516491968e-02 5.2768527136e-02 1.5078807593e-01 1.7089311614e-01 2.1975528448e-02 -9.8852540005e-02 1.3573801534e-01 2.7480998898e-01
