-1.9951274436e-03 7.3517352208e-03 -5.2931974395e-03 -3.2834208101e-03 1.4984339455e-03 9.2866002570e-03 5.2669660696e-03 -3.0287901906e-03 -1.6876260666e-03 1.7879645552e-03 -4.8779372674e-04 -1.2340239790e-03 1.1243159407e-05 -6.4824386329e-03 1.3783478845e-03 -4.4879099623e-03 1.3580494617e-03 8.3088402611e-03
-2.6927556851e-03 -5.0416880791e-03 -6.0104348805e-04 5.9134354370e-03 1.9976969675e-03 2.5171795124e-03 -1.3884019857e-04 7.2313788927e-04 -2.7248087922e-03 -8.1904171092e-04 -3.6377958859e-03 -1.3166328233e-03 -2.8977523160e-03 -5.3653752627e-03 -6.3805198310e-03 -8.9831477022e-03 3.5515204365e-03 -3.4797724011e-03
-3.5650485503e-04 1.1633229245e-01 1.1326824499e-01 -7.1808017753e-03 -4.6381036881e-03 3.8409713044e-03 -5.9677553605e-03 1.1353244110e-01 -3.7762942959e-03 -8.8709846766e-03 1.0350540298e-01 -5.9525554319e-03 8.2413598015e-03 -6.4945745580e-02 -2.1050276365e-03 5.2453849759e-03 1.1116527176e-01 1.2337535619e-01
-4.1642314133e-03 -7.9782788468e-02 -7.3643582433e-02 -6.3348421555e-03 1.8483767082e-03 -1.2659291786e-02 -7.6308680066e-03 -7.4890205745e-02 4.2009044964e-03 -1.6993233379e-03 -6.0221691073e-02 1.0578559683e-02 -3.1133218150e-03 1.1760645962e-01 8.3571154066e-04 -6.2541132453e-04 -1.0153455032e-01 -1.1277740208e-01
-2.3480890265e-03 -7.4630535868e-02 -7.7110501618e-02 7.3602393209e-03 -1.2494061328e-02 2.9190677799e-03 -9.8967292531e-04 -7.9840330144e-02 6.1955320902e-03 -5.5686322439e-03 -6.1026338409e-02 -7.4726456445e-03 -9.2748049524e-03 1.0981983960e-01 2.3763779439e-04 -2.1848710059e-03 -1.1275587741e-01 -8.9130837130e-02
5.7829052500e-03 2.5705266689e-03 -9.5049705673e-04 1.1874340865e-02 -3.2679390520e-03 3.4872329879e-03 -2.8008263074e-03 1.6759480524e-02 6.3779388005e-03 1.4841581834e-03 5.8793503890e-03 -4.4504346027e-03 1.1753758750e-02 -3.9894993781e-03 2.8733863360e-04 6.6848224938e-03 1.1950987091e-02 -4.0853247602e-03
4.3770512244e-03 4.2983373387e-03 -5.5869755037e-03 -8.7785691764e-03 -1.1911809331e-02 8.7621595977e-03 2.4590848710e-03 6.7068835222e-03 9.3269989128e-03 -1.1507116908e-03 -1.0215867717e-03 -5.0704235787e-03 -1.6729374955e-03 -2.5633068483e-03 -7.0236081923e-03 -4.0471615236e-03 -2.6695071773e-03 4.2265708624e-04
-2.4161206464e-03 4.8755691334e-03 -1.6081947667e-03 -5.2664855196e-03 -4.9351575143e-03 1.8723596388e-03 -6.1195070895e-03 -2.0385804320e-03 8.5140738280e-03 4.2537767924e-03 -3.5926902231e-03 7.0884558080e-03 9.5321311557e-03 1.0466852087e-02 3.7633820349e-03 -3.6884025540e-03 -5.1281937655e-03 -1.1680152481e-02
-3.9023778324e-03 -9.3349733247e-02 -8.0290991077e-02 -9.0090076569e-03 1.2288412134e-02 1.9772393361e-03 2.7126686656e-03 -7.8990413488e-02 -9.7482377093e-03 1.2916768416e-03 -6.2752028065e-02 1.4247425789e-03 -1.1277028761e-03 1.0944759958e-01 -7.4769697940e-03 -3.4318873994e-03 -9.8743997260e-02 -1.0510922667e-01
-8.0783736930e-03 -7.8189215076e-02 -7.0579520911e-02 2.9042338635e-03 8.7323069721e-03 1.3458414999e-02 -6.9877847653e-03 -8.0923510991e-02 2.6121517791e-03 3.6376294735e-03 -4.0916218622e-02 -1.5722878448e-03 -1.7301513143e-03 1.1984288329e-01 -5.1811135838e-03 -7.6850103333e-03 -1.0332180702e-01 -1.0090934694e-01
-2.0858039450e-05 -1.2895208052e-01 -1.1365044047e-01 -1.0292783739e-02 -3.0016163765e-03 -1.7974919429e-04 -3.6339777532e-03 -1.0871453015e-01 -4.2172482923e-03 9.7705319586e-03 -7.1938768864e-02 -6.4342493085e-03 -1.1919184526e-03 1.6883873277e-01 2.0486811494e-03 2.2068205107e-03 -1.2607610214e-01 -1.4364389615e-01
-1.0756670062e-02 6.3954757029e-03 6.7642379558e-03 -3.0127251287e-03 -3.5923872399e-03 -7.5597078821e-03 8.4992317733e-03 -2.3063622954e-03 6.9766547796e-03 -8.8756860519e-03 -4.9487702439e-03 -1.8138747638e-02 -1.7940042342e-03 -6.2099725222e-03 8.5492765995e-04 -3.6444455508e-03 -6.8967617118e-04 -2.1912964713e-02
2.7848904164e-03 1.2092970416e-01 1.0611079847e-01 -3.2426344300e-03 -4.4000539341e-03 -1.6099463126e-03 1.9338719450e-03 1.2133285299e-01 -1.3442507768e-02 -9.7772252897e-04 1.1780911872e-01 -1.4954055241e-03 4.5372739011e-03 -7.9622090226e-02 2.5720721548e-03 3.5932184526e-04 1.1472579230e-01 1.2526163483e-01
1.8195280425e-03 1.4158184105e-01 1.2174310767e-01 5.9922772795e-03 8.8083069438e-03 -6.8073721492e-03 -2.0636344864e-04 1.3129315280e-01 4.2918884518e-03 1.3190296476e-05 1.4415065945e-01 -2.0453262538e-03 -5.8360881448e-03 -1.1522612147e-01 -5.7820872475e-03 4.7390947636e-04 1.4238127291e-01 1.3182055317e-01
-3.9071997059e-03 -3.8146628787e-03 8.9514486161e-03 9.7505776215e-03 2.1984202604e-04 6.1331762005e-04 -1.7113837243e-03 -7.2569378595e-03 2.8262645003e-03 -1.8821125834e-03 -8.8005067700e-03 -1.3494340608e-03 4.7340865695e-03 9.5663994243e-03 -6.8005432693e-03 -1.7960866301e-03 -5.4852248339e-03 1.0055095421e-02
-2.9507097085e-03 1.2166320117e-01 1.1538066019e-01 -1.0564853641e-03 2.0575863482e-03 -9.3336769947e-03 -4.4234149623e-03 1.0471602416e-01 -1.5616348296e-03 -2.4977856540e-03 1.1408003932e-01 2.8506681876e-04 -3.6931594983e-03 -5.9401305985e-02 -4.5582389860e-03 -4.2619816797e-03 1.0670492595e-01 1.1032286076e-01
1.7677825857e-03 1.4421289137e-01 1.4545354775e-01 -5.5530797855e-04 -7.4262782844e-03 -8.7846006421e-03 -8.6383902974e-03 1.5217078953e-01 -7.5523893412e-03 5.4104539133e-03 1.5150807901e-01 -1.3354166639e-02 3.5331933707e-03 -1.3009472480e-01 1.0768758623e-02 -7.7876513104e-03 1.5673621114e-01 1.6152790731e-01
-1.3462189397e-02 1.6439963549e-01 1.5132775031e-01 3.3685554779e-03 -3.5079176929e-03 5.2253347457e-03 5.2625855624e-03 1.6641044012e-01 5.3447926256e-03 -2.3727346067e-04 1.5267373667e-01 -1.3476060642e-02 7.8588853827e-03 -1.4021829436e-01 -1.5048365940e-03 -3.6887291858e-03 1.5680083901e-01 1.6939799899e-01
