-6.3227699380e-03 -3.1724859534e-01 -3.1800610859e-01 -4.4703017437e-02 -7.5830413748e-02 -5.6675001436e-01 2.6932190114e-01 4.4716460278e-01 -1.9138320943e-01 3.6094457302e-03 9.8850011843e-02 8.4260513375e-03 1.1410879565e-01 3.0030748743e-01 -8.9034748916e-03 -1.8252097085e-01 -5.2281939673e-02 -1.4374543696e-01
-1.0469479951e-01 -2.5800628995e-01 1.5634072483e-01 -3.6920845798e-01 2.6056441092e-01 -2.5977032959e-01 -3.1165488445e-01 -3.1127274595e-01 -9.3672926011e-02 1.1752630598e-01 -2.6957490668e-01 -6.1787743461e-02 2.8140199306e-02 -7.6664854748e-02 -1.4407565462e-01 -1.5343257579e-01 1.5120228888e-01 -3.0444554965e-01
2.4123960456e-01 1.9997007211e-01 6.4912309325e-02 1.2102939152e-01 4.0123713765e-01 1.7900582417e-01 7.6115636969e-03 -3.6985283882e-01 1.7348473133e-02 -1.9637290147e-01 3.2604690948e-01 2.6330754255e-01 4.5892641673e-01 -4.5284503745e-02 5.0724417367e-01 2.7092448160e-01 7.0317062235e-02 -1.8033906710e-04
-1.8198385621e-01 1.2722782571e-01 -1.4804679792e-01 3.4061917166e-02 3.0877564642e-01 4.4670022220e-02 -1.2013656233e-01 -3.0823529811e-02 -9.9071855160e-02 7.5257401367e-02 -2.2283810186e-01 -3.0312415305e-01 4.2744925284e-01 -1.3166181172e-01 -1.8079232451e-02 3.1007021246e-02 2.5510326655e-01 3.0561187334e-01
7.5571487336e-02 2.9351622533e-01 1.3439029291e-02 3.2688469312e-01 5.3229557954e-02 -2.0609790719e-01 3.6009575884e-03 -2.9226625512e-01 1.6961121936e-01 -2.7171563592e-02 3.0361475354e-01 -2.0618437457e-03 3.9128552048e-01 -2.1500136688e-01 -4.7396747949e-01 -8.4370225595e-02 4.7528216077e-01 -4.2507015072e-01
-6.1385308092e-01 4.6775506410e-01 3.7783164792e-01 -5.7582032516e-02 1.6753026749e-01 -1.9326309416e-01 -6.5276409986e-02 1.6067164890e-01 -1.7715859179e-01 1.1490940762e-01 -1.2647259689e-01 1.7296247058e-01 -2.4247056866e-01 6.2495979124e-02 -1.0687091852e-01 -6.5689594953e-02 -2.0154374480e-01 3.8241687720e-01
-3.2337523129e-01 2.4989967024e-01 -5.5669064416e-01 7.7622346888e-02 1.8548710856e-01 -1.6790916417e-01 -3.8876275802e-01 -1.2047276103e-01 -2.3576708818e-01 1.3289354679e-01 -4.3237243944e-01 2.9925901838e-01 -1.3729063645e-01 6.6112672401e-02 -1.1439045342e-01 -1.1546219810e-01 1.2157615966e-01 1.4545818340e-01
-3.6239583974e-01 1.4186690373e-01 3.9780628969e-01 -6.1011320385e-03 2.4951277596e-01 1.9758678309e-02 2.3011645481e-01 1.4468146454e-01 -2.2630952565e-01 -4.8696330093e-02 7.0388793907e-02 -1.0767798163e-01 -4.1644535941e-01 5.7647740973e-01 2.9712467284e-02 1.4299824262e-01 4.4815881643e-01 9.4155495185e-02
1.0446946186e-01 1.9234394421e-01 2.7315137443e-01 -2.2058600784e-01 -2.3240389204e-01 1.3515995084e-01 -2.2235869389e-01 1.8979864194e-01 -2.0773593882e-02 -1.1217585084e-01 1.5716033478e-01 4.9047331347e-02 -2.0261321688e-01 3.3091541257e-01 2.0896045942e-01 -3.4878993877e-01 9.2086818642e-02 3.6411636913e-02
-4.5923555167e-03 -2.2492952059e-01 -3.4491950715e-01 -7.8420417842e-02 -1.4807224196e-01 -4.9334643178e-01 3.6903012553e-01 7.1717459181e-02 4.0366089699e-02 4.5165439389e-01 -2.0661654465e-01 7.6270862222e-01 -2.7328349226e-02 -2.1632852015e-02 -8.3118931735e-02 -2.7626861881e-01 1.6259697460e-01 1.7717631841e-02
4.5095230202e-01 1.0174529777e-01 -1.3123957670e-01 -8.0862673607e-02 -2.5449210082e-01 3.1225019816e-01 -3.1584204276e-01 -7.8346146975e-02 -1.7535887416e-01 4.8012960983e-01 2.0566804169e-01 -1.2833589708e-01 3.3699213759e-01 -1.0108859198e-01 -3.6481820886e-02 -1.6519973111e-01 -3.7250632106e-01 -2.3582753824e-01
1.4292181745e-01 2.3871164078e-01 -2.1242057406e-01 2.9657861586e-01 -2.4152820278e-01 1.6406456781e-01 -6.3889268960e-02 4.6168591183e-01 -1.7663449534e-01 1.9496362057e-01 2.6611651673e-01 2.2238115624e-02 2.5417599854e-01 -1.4118667455e-01 1.5893073048e-01 3.1396407420e-01 1.6976278019e-01 -1.0632489840e-01
-1.6389205057e-01 -2.4068172792e-01 2.1133569527e-01 -1.6637038164e-01 -3.4356542691e-01 1.6140720508e-02 2.5980752088e-01 2.0653842438e-02 -3.3247098218e-01 8.3234565374e-02 -3.7431258102e-01 2.9076010002e-01 3.7308631572e-01 -1.8040779874e-01 2.9819245650e-01 3.3797713091e-01 -1.8297968035e-01 -3.5902024379e-03
7.7379460411e-02 1.3018732552e-01 -4.9427758302e-01 -6.6523909457e-01 -1.8867036381e-01 6.4322011999e-02 3.2621482126e-01 -1.3956642582e-01 2.8268304568e-01 1.3178362998e-01 -1.3009615569e-02 -2.0877039526e-01 -2.8004803671e-01 6.9078793582e-01 -8.3388239059e-02 -8.0593044072e-03 -1.5265911711e-01 -1.6864835115e-01
-1.3490578652e-02 -1.3572834607e-01 2.4719994695e-01 -2.6310106446e-01 -1.6034564675e-01 3.4534606843e-01 -4.7139701658e-01 -4.2688807947e-02 -1.4921976226e-02 -2.6701884937e-01 1.0385670148e-01 -2.0203389314e-01 -1.5865501145e-01 -2.8980323382e-01 -8.9443440343e-02 1.6713324586e-01 -2.1210620963e-01 -3.3725093764e-01
7.9759797001e-02 3.5806282858e-02 -1.3221862013e-01 -5.7806590129e-02 -3.3355393880e-01 -1.5358426942e-01 -9.8353113177e-02 2.6100357136e-01 -5.9251959950e-02 1.3287717642e-01 -4.1464623435e-01 -1.8723544862e-01 9.2231373083e-02 -3.2619733337e-01 1.9799224931e-01 1.3226295811e-01 2.4344682871e-01 -2.9428330691e-02
2.3834370833e-01 -2.6511826930e-01 1.9302938590e-01 6.6236416675e-02 4.7559789941e-02 -1.0501487216e-01 -1.8661507257e-01 -1.5233431965e-01 -6.0029145442e-02 8.7332035364e-02 1.8614130805e-01 -2.7805384361e-01 2.3758961813e-01 4.3285092692e-02 -5.6914558271e-01 2.5830409081e-01 1.8787312024e-02 7.3765176305e-02
1.7410451149e-01 1.4547085817e-01 1.0282473607e-01 7.0399677154e-03 -4.3109670914e-01 4.8338330060e-01 -4.5447232899e-01 2.1332771263e-01 -1.1768102973e-02 6.4009188662e-02 5.8022571026e-01 -3.4824470176e-01 -3.6592712739e-01 -5.2665876062e-02 3.4275583870e-01 2.4049144814e-01 -3.2892991985e-01 2.6965695165e-02
