-2.8747310770e-01 -3.0403473321e-01 3.3578277107e-01 -2.3039159558e-01 -1.5628937283e-01 -3.4330842694e-01 -5.6865078644e-02 3.4873713068e-01 2.4321428515e-01 -1.4616851706e-01 1.2434744092e-01 7.1161029973e-02 -3.1724878085e-01 1.7470439325e-01 2.2828908490e-01 4.4330769038e-01 -2.3465802660e-01 -1.4429632428e-03
6.2411905644e-02 -1.3264556591e-01 1.4406555673e-01 -2.9527010314e-01 7.6467425655e-02 1.6847759280e-01 -5.7929538861e-02 6.6330481685e-02 9.1382793179e-02 5.1871949404e-01 -1.4817181015e-02 -1.6643090801e-01 1.2331945398e-01 3.7138297224e-01 -3.9341503051e-02 2.4441258502e-02 -7.6988777164e-02 2.5534785750e-01
1.4780927521e-01 6.8414375446e-02 2.0156876761e-01 2.6140614706e-01 4.7010617229e-01 -3.2514809494e-01 9.5548677446e-02 2.1626065744e-02 1.3355537919e-01 1.7768822886e-01 -1.5849604109e-01 -8.8022962903e-02 -8.5838090721e-02 1.0383164144e-01 4.3904557618e-02 1.2252395356e-01 1.3343161328e-01 3.5787813562e-01
2.7433146600e-02 -5.1960210665e-02 1.6127909235e-01 9.2429357457e-02 6.8780826066e-02 6.6754562143e-02 -1.5804182331e-01 1.6501274812e-01 2.2464073906e-01 7.0701819550e-03 4.0790560576e-02 -5.9159583191e-02 -5.6611765435e-02 2.4423301612e-01 -1.6278264447e-01 2.0816481888e-01 -1.4032765242e-01 1.5904898258e-01
8.6163636471e-02 9.6072531261e-02 2.5044570566e-01 2.6084357117e-01 5.1119073729e-01 -1.1757151699e-01 -7.3175414708e-02 1.8551658834e-01 2.7502127050e-01 -1.7603642046e-01 9.1605166913e-03 -1.4654078446e-01 -2.0566983951e-02 1.5585271154e-01 2.7108288887e-01 3.1862251955e-01 -3.7313984024e-01 1.3530190535e-01
3.1082095037e-02 1.1797254671e-01 2.3794346786e-01 -1.1617603252e-01 -1.8691929138e-01 -1.2761656425e-01 6.5973674955e-02 -5.3842656316e-02 -1.7824563990e-02 3.5979995464e-01 -1.0530193834e-01 -2.6543362714e-02 -1.0283008486e-01 -3.7481939648e-01 -3.0717384694e-01 1.7975285311e-01 1.0899283604e-02 6.5470173410e-02
-3.6660935139e-02 -7.2553971477e-02 9.9407157006e-03 -4.1842747305e-01 2.3037508721e-01 1.7371488674e-02 1.7467299038e-01 -2.3898168924e-01 1.3727876455e-01 2.7974479592e-01 -6.8426044449e-02 7.2951473148e-02 1.7266632712e-01 1.2473390171e-01 -2.6754456980e-02 3.0651506520e-01 -9.6063238999e-02 -1.6761900217e-01
-1.0288832736e-01 -4.4751616188e-02 5.4776270151e-02 -2.1369958144e-01 9.9633869789e-02 1.4770314913e-01 -3.3817628409e-01 1.8277309392e-01 1.2754063648e-02 8.8111988528e-03 7.7913393092e-02 -2.8880482720e-02 7.5750834840e-02 -2.7895527233e-01 -2.1871763644e-01 -8.6297166593e-02 5.2347638348e-01 2.7699433220e-01
1.4568493165e-01 5.8283421180e-02 1.0169705639e-01 -2.6924071705e-01 -1.6033194243e-01 -8.2310497327e-02 -1.6893574253e-01 -3.1846883107e-01 9.6687593471e-02 -3.6188278451e-02 6.9461250336e-02 5.3914833314e-02 -7.5107725130e-02 -1.4692958278e-01 -2.7825914030e-01 -1.8293922674e-01 9.2338075789e-02 -1.5911578645e-01
1.1827302280e-01 -4.0961945743e-02 3.0477788075e-02 2.8353940099e-01 -3.6273187059e-01 -1.0516048333e-01 -1.8967774792e-01 -4.8296181426e-01 -3.2022748070e-02 -1.0825989056e-01 2.2538181339e-01 -5.1185753683e-02 -3.9917834579e-02 -7.0841509309e-01 7.2561539202e-02 4.3270982130e-01 8.5413073233e-02 -2.6058926637e-02
3.0334485817e-01 -1.9961390368e-01 -4.1189254642e-01 -9.4338881346e-02 1.2488202220e-01 2.4838324984e-01 2.1534317208e-01 1.1935935731e-01 -3.0931620759e-01 -3.0784359881e-01 -1.3969156016e-02 9.2044316798e-03 -1.8120125682e-01 -1.1004962653e-01 2.9496260822e-02 -1.0957517532e-01 -2.4909124190e-01 3.4769536844e-02
7.4388640271e-02 1.2087839189e-01 1.3972528127e-02 4.6999158819e-02 5.3547877372e-02 1.4104004844e-01 7.2612833992e-02 -7.2916070275e-02 3.8283487171e-02 2.5504145557e-01 1.0028851456e-01 8.6024796179e-03 8.2443024375e-02 -1.4923533534e-01 1.4357232678e-01 6.5370041797e-02 6.6254077234e-02 1.5772061609e-01
1.4290526711e-01 9.6596136656e-03 -2.0498099033e-01 -1.1658431728e-01 -4.1746598659e-02 -1.2624741640e-01 -1.1767468646e-01 2.3314207906e-01 2.3802343775e-01 -4.2998912917e-02 -1.3528436051e-01 -2.0134846288e-01 -3.4975239009e-01 -8.2307438094e-02 5.7371129613e-02 3.3167092366e-01 -2.5754514661e-01 9.6916584357e-02
-3.8145782901e-01 8.4763620146e-02 -1.1485908395e-01 2.5089933474e-01 -9.3086578421e-02 -7.0570718785e-02 1.0733876492e-01 -1.5884392655e-01 2.9408423582e-02 6.7172149699e-02 -2.7713818221e-01 1.8069042200e-01 2.3639794904e-01 1.5344922789e-01 -3.0342532510e-01 1.5892629693e-01 -3.3181103798e-01 -1.0276261617e-01
-1.4549811618e-01 -4.9166752955e-02 -9.9706499323e-02 3.1165136620e-01 -5.5119603570e-02 -1.7311174116e-01 -8.6713335000e-02 -8.7692230974e-02 1.3561463653e-01 1.2203070303e-01 2.4030750228e-01 -1.5994788828e-03 1.4383404644e-01 -2.5077446664e-01 -1.8431801521e-01 -1.9092306543e-01 -5.3993869786e-02 -2.5358580131e-03
-1.6294245239e-01 -5.6929235954e-02 -3.0375908554e-02 -8.8004756103e-02 -9.0101820296e-02 -2.4207883398e-01 4.2161551899e-02 3.9269066329e-01 1.8273826304e-02 2.4852676274e-01 6.5649283394e-02 9.7214272431e-02 -2.2968166216e-01 -2.5604892389e-01 2.0270664356e-01 1.9635395848e-01 -1.3217259038e-02 -1.6156614826e-01
-2.4740709997e-01 -2.2550756854e-01 2.6744037384e-01 7.4405921981e-02 1.2178493341e-01 -1.4276429867e-01 -5.9123569500e-02 2.2742383651e-01 -2.8704352394e-01 -1.1536956261e-01 -2.5151577899e-02 -2.1147762443e-01 -2.0506272236e-01 -6.2004130783e-02 -9.5922590858e-02 1.7284729657e-01 -1.1390774494e-01 -8.3268192654e-02
3.8590980832e-02 1.3489991303e-01 1.4187704130e-01 5.8305960831e-02 1.9337979755e-03 -1.4616368088e-01 -1.7001340935e-01 1.5808319759e-01 3.5696203442e-01 -1.7930507976e-02 -9.3232592840e-02 -2.5887181146e-01 1.1267965505e-02 8.5664828720e-02 3.7646309976e-01 1.6671887364e-02 6.1417232581e-02 1.2776755230e-01
