3.4994099055e-03 1.8329102929e-03 -4.6549939695e-03 7.9403810636e-03 4.9166095756e-04 3.1402120932e-03 -6.9925708742e-03 9.5176459551e-03 7.9524384581e-03 1.6024112414e-02 -5.4106621675e-03 -6.2098246155e-03 5.2824988159e-03 8.0362102580e-03 -2.4995574357e-03 -2.5576619039e-03 8.8787568722e-03 1.0772239110e-03
5.7994049302e-03 -1.5508240519e-03 4.1104194594e-03 1.3444541067e-03 8.9923815083e-03 -2.5203666759e-03 -1.9101568195e-03 4.1853215364e-03 -3.2890549698e-03 -5.9566604481e-04 -1.4570379830e-04 -1.1606003290e-02 2.4351602300e-03 1.8159989405e-03 3.0185106966e-03 2.4089020440e-03 -5.1217735745e-03 -2.1762311029e-05
-1.6119304981e-02 2.7105826747e-03 1.0198325634e-01 -3.9449368827e-03 8.0287517048e-02 -3.4834941401e-04 -2.5239581818e-02 -2.2396405187e-02 1.8913869773e-04 1.0290941041e-02 -4.1033857883e-03 9.3263074813e-02 -1.5766567266e-02 1.2829850620e-03 -2.4303364783e-03 8.9116456356e-02 -2.2162436669e-02 6.6715465179e-03
1.5664712116e-01 1.6437620011e-01 -1.2778296154e-01 -6.5834651831e-03 -9.0155680832e-02 -1.2370292589e-04 1.5952054812e-01 1.5383864308e-01 -6.1467875134e-03 -4.6182216339e-03 1.5789410107e-03 -8.7373232113e-02 1.5336290178e-01 4.8656913370e-03 -1.2389924573e-03 -9.8707348002e-02 1.4654930526e-01 -4.3613709204e-03
1.4932659252e-01 1.4899925045e-01 -1.1589141234e-01 1.0830139298e-03 -8.0961571183e-02 -4.2349658092e-03 1.4915435014e-01 1.5394681855e-01 -6.1061334980e-03 -7.5900715660e-03 -5.1651623779e-03 -9.5567296815e-02 1.5053990895e-01 -2.6788014227e-03 2.2397063275e-03 -1.1586993278e-01 1.5762894402e-01 -2.8848211671e-03
-5.9946046187e-02 -2.8838071747e-02 1.8251938837e-01 7.3531995112e-03 1.8888872824e-01 2.6185981881e-03 -9.1378422925e-02 -9.6608911899e-02 -3.6452622746e-03 -4.6656061160e-03 3.0903969630e-03 1.8340960490e-01 -9.6624112536e-02 -2.7559313722e-03 -7.1455250210e-03 1.8285760019e-01 -8.4376078282e-02 8.1462197046e-05
-3.7532884671e-02 -2.2683130171e-02 1.8916549047e-01 1.3539587968e-03 1.9700324377e-01 -9.7930482358e-03 -7.8862258557e-02 -7.0908447883e-02 2.5297388411e-03 1.2573151018e-03 -4.4787764142e-03 1.8889094958e-01 -7.0834868977e-02 -1.2699301270e-02 -3.7260028809e-03 1.9923648495e-01 -8.3430987775e-02 7.2738606462e-03
1.2065381830e-01 1.2493100246e-01 1.3838902671e-01 -6.4199635759e-03 1.3276766122e-01 -5.8183767888e-04 1.0493485108e-01 9.9764271005e-02 -3.8814115866e-03 -1.2805155394e-02 5.5772079643e-03 1.4662220825e-01 9.9118447564e-02 -4.0191790639e-03 -1.4741150733e-03 1.2925889121e-01 9.3509877386e-02 -4.0810367112e-03
-6.0950813063e-02 -4.4596727244e-02 1.7700097893e-01 6.1717752453e-03 1.7653292760e-01 5.5690574035e-03 -9.8447132438e-02 -9.4975896541e-02 1.1357809285e-03 1.6200978930e-03 -3.1480318263e-03 1.8477968733e-01 -7.8709248749e-02 -1.7125138098e-03 1.1175797935e-02 1.7430898555e-01 -9.2066182145e-02 -7.2804785708e-03
1.4543496239e-01 1.5885972928e-01 -1.0145595545e-01 8.3568446024e-03 -8.4574641619e-02 1.8590716307e-04 1.4380575382e-01 1.4154049232e-01 -9.1413980296e-03 -6.1447684148e-03 -1.0456818902e-04 -9.2416697405e-02 1.4486671685e-01 -5.4499448955e-04 -7.4645307924e-03 -1.0030038995e-01 1.3930620287e-01 3.8225716319e-03
4.5935409521e-03 -1.4959844104e-03 -2.1780960189e-03 3.5917934981e-03 2.3917720145e-03 -6.2534695929e-03 6.3200800936e-03 4.8326747939e-03 -7.5428226537e-03 8.1295678271e-03 3.4445879255e-03 -7.4617680688e-04 7.3673440769e-03 -2.4783162053e-03 -3.8847222163e-03 1.9277026552e-03 9.9864112779e-03 -5.2834739926e-04
-4.8925504738e-03 -2.9370525868e-04 2.1142580299e-03 1.5062794288e-02 -8.8035521407e-03 1.8010024810e-03 -1.5289762711e-03 6.6608689540e-05 -4.3289748440e-03 -9.8112755856e-04 1.0595638273e-02 5.5104114264e-03 -4.1500154278e-03 3.8436594274e-03 1.9157247918e-03 5.6183767798e-03 4.5274651307e-03 -4.5248801201e-04
-5.4442052482e-02 -5.3786822471e-02 1.5988856032e-01 -5.8311864041e-03 1.6448823347e-01 9.2097316086e-03 -9.4908154015e-02 -9.7953177533e-02 -3.3834371433e-03 -9.1337455690e-03 2.4279214563e-04 1.6061095549e-01 -1.0221447529e-01 6.3486915215e-03 5.8502112144e-03 1.5697853963e-01 -1.0126362705e-01 8.3436686326e-03
-6.2793010093e-02 -4.7417394934e-02 1.7201525356e-01 -2.5510145366e-03 1.7113602626e-01 -7.8173703368e-03 -8.1955818950e-02 -8.1913868725e-02 9.7275663646e-03 -4.3874399420e-03 -8.9917514182e-03 1.6215625526e-01 -9.9822822060e-02 -1.4473483861e-03 1.2393428023e-02 1.6692422920e-01 -9.5845032270e-02 -1.3520512627e-03
9.4679653214e-02 1.0909374692e-01 -5.1905465353e-02 -1.3314014144e-02 -4.7870264867e-02 2.3941271009e-03 1.0370580096e-01 1.0598592814e-01 -1.2517573441e-02 -6.9444247055e-03 -8.0051031434e-04 -4.9802096230e-02 1.0331355898e-01 1.7514404962e-04 -1.4967901606e-02 -5.7872706810e-02 1.0363046103e-01 3.7240763264e-03
-7.8962676657e-03 4.9265868137e-03 3.2686329272e-03 4.0424512514e-03 5.1689910890e-03 -7.2359876472e-03 8.1092756068e-03 6.2731234452e-03 2.4847907886e-03 8.8739993567e-03 -6.8066869765e-03 -1.5911713671e-02 2.9839100405e-03 6.0239026375e-03 3.5133474694e-03 2.3836781857e-03 -3.0021403021e-03 -3.9165905394e-04
-7.1855607364e-02 -3.4357640087e-02 1.6868269445e-01 -3.3332820886e-03 1.7414272717e-01 -9.4578998641e-03 -8.6280483779e-02 -1.0469191163e-01 -8.4984259594e-04 -3.3593860187e-03 7.5432596521e-04 1.6523112170e-01 -1.0970308214e-01 -8.1106003949e-03 1.3677807005e-02 1.7801334666e-01 -9.1104549920e-02 -1.7232704897e-03
1.5502426073e-01 1.5156510541e-01 -1.0996194153e-01 -6.0172867595e-03 -7.6365559399e-02 2.5599102038e-03 1.4652486025e-01 1.5885248563e-01 -6.8714133463e-03 -1.2859659313e-05 -3.5095320729e-03 -9.2085637983e-02 1.4634710697e-01 3.7622675034e-03 1.5186011092e-03 -1.1164301054e-01 1.4897445350e-01 -5.6902886415e-03
