-7.5313707406e-02 1.3090655052e-01 1.4071229779e-01 -2.5140350092e-02 9.5787587333e-02 1.0608004831e-02 3.0642043206e-02 -5.5076005838e-02 1.7354646839e-02 -4.0213915304e-02 -4.1530671420e-02 3.8740201783e-02 -6.7807902978e-02 -5.9366001774e-03 -5.1741361312e-02 1.8811232843e-02 7.2961204370e-02 -4.7098829425e-03 1.4090114230e-01
3.0559129058e-02 -3.5907050214e-02 1.7420884683e-01 1.3178815356e-01 -5.7042839476e-02 1.5938793829e-01 -1.1962678969e-01 -1.0235259249e-01 2.1561267356e-02 -8.1144077771e-02 1.1465886422e-01 1.0989277151e-01 3.5835892214e-04 1.3457699840e-01 2.9355087500e-02 1.3772255614e-01 -8.0953292098e-02 6.1498520045e-02 -9.0387783390e-02
-3.1753584002e-02 -9.9507606563e-03 5.9307550740e-02 5.2078295473e-02 1.4282617136e-02 1.3526578552e-01 -4.3507883769e-02 1.3441781972e-02 -2.1510438689e-02 -8.0586784092e-02 7.2076721754e-02 2.8970656872e-02 -4.9600997794e-02 6.6841335713e-02 -2.0368641558e-03 5.0146233756e-02 -2.5742684905e-03 -3.2672909874e-02 6.1867767767e-02
1.1759511751e-01 -5.6107947420e-02 1.6444198253e-01 2.0420563011e-01 -1.0664545437e-01 1.7167722527e-01 -1.8278315910e-01 1.1341186539e-03 -2.8534058433e-02 -8.7311738662e-02 1.2399054483e-01 9.2531036421e-02 1.0970837620e-02 1.0987092919e-01 1.3873890332e-01 1.2686274743e-01 -1.0526294277e-01 -8.3655028267e-03 -1.1199310204e-01
2.3723527287e-02 2.2405147788e-01 1.1853870475e-01 9.7207836484e-02 1.7920352719e-01 -4.9579992045e-02 1.6864292445e-01 6.8100473611e-02 -3.6660816064e-02 6.4788107797e-03 -1.1205003774e-01 2.4565326407e-02 -6.5126981114e-04 -3.5338472429e-02 -2.3612944133e-01 -1.5178539178e-01 1.9027379497e-01 4.9162884801e-02 1.2689268317e-01
-5.1360606963e-02 1.1681840178e-01 1.0521528938e-01 -3.8615546106e-04 2.1176738212e-01 -4.6969035767e-02 1.4243233499e-01 -4.5183803834e-02 2.1425432165e-02 -2.8192496876e-02 -6.3393975123e-02 -2.8694122187e-02 1.4243498795e-02 -5.3894981143e-02 -1.0355424766e-01 -8.3305883436e-02 7.9850390624e-02 -2.1942481300e-02 1.4861503687e-01
2.5504782567e-02 -1.9464666447e-01 6.1803690491e-01 6.0427104564e-01 -1.9973002804e-01 6.3744783707e-01 -2.5777075573e-01 -7.9005630792e-02 3.6161918718e-02 7.4240407592e-02 5.3977782002e-01 5.7329037120e-01 1.4154176353e-02 1.7073888398e-01 6.2287182038e-01 4.8673599504e-01 2.8645305412e-01 -1.7056815828e-02 -2.6412746503e-01
-1.1181283212e-02 -1.0086423226e-01 2.1458676452e-01 1.5621029258e-01 5.9402221128e-02 1.4093286868e-01 -8.4352453711e-02 2.6993081462e-03 -6.3041254776e-02 4.4946593939e-02 1.6372334697e-01 1.8813359717e-01 1.5101245646e-02 1.3255471487e-01 1.7445581077e-01 1.1300690927e-01 -2.0235614358e-03 -1.5548381560e-02 -1.1163410301e-01
-4.1539489196e-02 8.2461086422e-02 7.7152336725e-02 5.6420559043e-02 1.3004249055e-01 5.9571393631e-02 1.4373867706e-02 7.3683617990e-03 -3.5088940384e-02 -6.5485077333e-03 -4.1568371256e-02 -4.2830983918e-02 3.5028689639e-02 5.2992984320e-03 5.3217555635e-02 -6.6935073315e-02 7.1580308324e-02 -6.5809055533e-02 2.0078492401e-02
-2.3803278452e-02 -4.2266239561e-02 2.4747506378e-02 5.9588965131e-02 1.4945728116e-02 1.0405726026e-01 2.6555246487e-03 -6.6865122753e-02 9.8696854298e-03 1.9720997069e-02 -9.8553680209e-02 -7.4062547389e-02 5.1294411800e-02 3.2130607142e-04 1.6933203746e-02 -1.1538049121e-02 5.5637201884e-02 2.3543173230e-02 -4.1323972864e-02
6.5331356490e-02 1.6340236027e-01 3.6154442846e-02 -3.4620469143e-02 1.5162274845e-01 -7.4484475878e-02 1.2303266368e-01 -3.7526601941e-02 -7.3507078014e-02 -6.1010057647e-03 -1.0571727381e-01 -7.9235374728e-02 -6.8514131586e-02 -4.6808724143e-02 -1.4611761617e-01 -1.4659890366e-01 3.6954770491e-02 3.5235037009e-02 1.7742332365e-01
-4.6738327231e-02 1.2021076971e-02 9.9456492489e-03 -3.6909298213e-03 5.8550632563e-04 8.3896173692e-02 -1.8012531316e-02 -2.8007701884e-03 -8.8267828655e-02 -1.0505304682e-02 -7.2288770750e-03 -4.4238750532e-02 -4.5405811902e-02 -4.0981422397e-03 1.8544359503e-02 -2.0507446733e-02 -3.1802953695e-02 -2.4577133859e-02 8.1061862131e-03
8.0855811394e-02 -3.0638090817e-02 1.3428016774e-01 7.6707061780e-02 -9.2166919907e-02 1.4662314754e-01 1.6300936064e-02 -3.9100006618e-02 8.4179241886e-02 -4.3291872756e-03 1.8458215931e-01 1.7397393775e-01 6.4062543228e-02 1.0628663450e-01 2.0786290549e-02 1.0270681355e-01 -2.8600706753e-02 -5.1496315899e-02 -1.4295508933e-01
-8.6570617385e-02 2.1313141952e-02 4.0488883213e-02 -2.6980462036e-02 7.7511855310e-02 -2.5938059728e-03 1.3404988858e-02 5.2475260417e-02 -1.7279100354e-02 8.8254135348e-02 7.2925925034e-02 6.6044319680e-02 -1.3698944463e-03 1.9062154746e-02 2.5329120332e-03 1.4258238031e-02 6.8053793812e-02 3.3006326171e-02 3.3805265857e-02
-3.9861183844e-03 2.8113000569e-01 1.7137388867e-01 -7.0960679318e-03 2.2997426883e-01 -1.5739932749e-01 2.4778394638e-01 3.7741684527e-02 -3.1468289974e-02 -7.7125628544e-02 -8.9866166066e-02 6.0094094194e-03 -4.2147338561e-02 -6.9334014963e-02 -1.9118395803e-01 -1.9706051393e-01 2.2411695146e-01 1.3449571443e-02 2.7419158425e-01
-2.6355719834e-03 8.9553699356e-03 1.7331783584e-01 4.9373742388e-02 1.0031339000e-02 8.2760456959e-02 -6.1646338163e-03 6.3878912650e-02 2.5251971988e-02 1.0052107838e-01 1.6261547004e-01 2.3269085387e-02 1.0201747906e-02 3.0813253042e-02 -4.5762642535e-02 8.7891865867e-02 3.0237171908e-02 -4.0726594933e-02 8.7249132713e-02
-2.1981780969e-02 2.8011328384e-02 6.4856480054e-03 -7.5006656617e-02 -5.4007248501e-03 2.8468404234e-02 9.8636384742e-02 -2.4110442303e-02 -1.4350577443e-02 5.3926613707e-02 -3.4975734594e-02 -2.9308548852e-02 9.0108315300e-02 -9.1334089238e-02 4.4426576555e-02 1.3783874253e-02 2.1690581641e-03 -3.2798089972e-02 6.7125180439e-02
9.4571402888e-03 -6.1233783032e-02 -1.0179717916e-02 5.2206640025e-02 -3.1547330809e-02 -7.0432764826e-02 -7.7712912935e-02 -5.6036735706e-02 -1.7807496089e-02 3.0567203117e-02 -1.4831506894e-02 3.2768487119e-03 -4.1638984300e-02 -3.1848131213e-02 -1.3851732619e-02 -5.6513832176e-02 -2.4019113104e-02 -3.7209257001e-02 2.5107341219e-02
-3.8380886192e-03 2.1300661066e-01 2.3510838476e-02 3.3252126531e-02 1.5386014528e-01 -4.5210408390e-02 5.3224652942e-02 -8.0469390375e-02 -9.3642016003e-02 4.6258855861e-02 -9.7256135459e-02 -1.1713052586e-01 -2.9024818854e-02 -7.5319968536e-02 -1.1777575674e-01 -1.5256678097e-01 2.0802214099e-02 -1.3339932303e-02 1.2577107816e-01
