-1.5763386470e-01 1.9722189006e-01 1.3721349041e-01 -3.6744045143e-01 2.2635762009e-01 -1.3559495365e-01 2.7402754319e-01 2.0284493580e-01 -1.4789648402e-01 -9.4422168785e-02 -7.2022709370e-02 1.9227062029e-01 6.4388181816e-02 -2.2264287493e-01 -1.9292677885e-01 1.6836585457e-01 9.2480438211e-02 -1.9493785009e-01
2.1062547731e-02 3.1125975020e-02 -5.4093587230e-02 1.4612167003e-01 -8.8094222385e-02 7.6722526113e-02 -9.6986612583e-02 -1.2339534964e-01 8.5338291204e-02 4.1064287582e-02 -1.0061373515e-01 -8.7840921096e-02 -8.2865075395e-02 8.0201409432e-02 2.9179705475e-02 -6.8569892441e-02 -2.2955009864e-02 6.2446641570e-02
-2.3928865848e-02 -3.3615942050e-02 4.8853847241e-02 -8.2305872985e-02 6.2954801007e-02 4.0050528867e-03 -2.0355554745e-01 2.1632486515e-02 -4.2390070305e-03 1.2542706042e-01 9.7344498971e-02 -4.9822265746e-02 3.2218738749e-02 -8.9719900598e-02 7.3089839292e-02 -5.8556731646e-02 6.6342874149e-02 -3.3428293150e-02
5.4637348020e-02 7.3717911173e-02 -4.2792839334e-02 1.4133442510e-01 -7.2355578849e-02 6.2406237159e-03 1.2631257147e-01 -1.1928213641e-01 -5.7349768819e-02 -1.2148593458e-01 -5.1181078637e-02 2.1763431341e-02 -1.2510037751e-02 5.9987798638e-02 -6.5906885457e-02 2.4727486520e-02 -7.3403020323e-02 -3.8530843226e-03
-1.3746494255e-01 -1.3476846897e-02 9.2468139108e-02 -1.9865887924e-01 1.0995061413e-01 -8.0025234219e-02 7.3627343916e-02 1.2117663337e-01 8.9296686334e-03 -3.0844622908e-02 1.8161362942e-02 3.7083721441e-02 5.1169184716e-02 -1.4991556075e-01 -1.4973785478e-01 4.0550468828e-02 4.7078702974e-02 -4.8479428962e-02
1.4846374726e-01 -1.2304834971e-01 -1.5220629410e-01 3.9601167120e-01 -3.0575100567e-01 1.4471012437e-01 -1.6526853331e-01 -2.9674705365e-01 1.0555236576e-01 1.1372191634e-01 -1.9208659173e-03 -1.1762628464e-01 -1.5955891742e-01 2.1126011673e-01 1.8593540628e-01 -7.8097663097e-02 -1.4153683600e-01 1.5550322566e-01
1.8232985015e-01 -1.2623711317e-01 -5.5753356950e-02 2.3446218607e-01 -1.7416831316e-01 1.5289169646e-01 -2.4853396305e-01 -1.9464774022e-01 9.9004507828e-02 2.0549478588e-01 6.4522845442e-02 -1.1662819733e-01 -1.4527781271e-01 1.7829060589e-01 2.0595436245e-01 -2.7910801970e-01 -1.2462783133e-01 1.3468808214e-01
1.9058471642e-03 7.3969890704e-03 -7.7288246292e-03 1.0662259483e-01 -5.3217570162e-02 1.0295465898e-02 1.5751084973e-01 -7.5297031136e-02 -8.1208829063e-02 -1.6272333470e-01 7.9774803825e-03 -4.5375189990e-02 -9.4795897082e-02 -7.6097982225e-03 -9.5123984400e-02 -1.2393991549e-02 1.3914204965e-02 -2.2833718249e-02
-8.1756507433e-03 -8.2449545330e-02 9.5370792158e-02 -1.1718545236e-01 4.6889308190e-02 -4.4909568123e-02 -1.4956736577e-01 9.2450180870e-02 2.1613347741e-02 1.5937075995e-01 1.0095429447e-01 1.9056998733e-02 -4.3117972767e-02 2.0561322779e-02 -7.2104177215e-02 -5.4896102001e-02 -2.6605691341e-04 -5.3468906382e-02
1.7093430159e-01 -1.4840212124e-01 -9.8032672637e-02 2.0421480035e-01 -1.3688140115e-01 1.1834748173e-01 -1.8964268885e-01 -1.9317733409e-01 5.8605938531e-02 7.6726231957e-02 6.6808639278e-02 -8.3612787694e-02 -1.4561381013e-01 2.1371334461e-01 1.0533230806e-01 -4.7486300276e-02 -1.4982128895e-01 8.9682712992e-02
1.4089900870e-01 -1.1540082657e-01 -1.9547359408e-01 1.7612656896e-01 -2.0146381910e-01 1.6899728653e-01 -2.0594869607e-01 -2.0874147063e-01 1.8450220648e-01 9.6603791991e-02 -3.9218789510e-04 -1.4009771200e-01 -1.1045921594e-01 1.0025004921e-01 2.0015264421e-01 -2.0418510876e-01 -7.3928551115e-02 1.6216033495e-01
6.6405061011e-02 -7.3936867776e-02 -4.6290268715e-02 1.3776814232e-01 -7.7252177529e-02 1.3664212940e-01 -1.5433340760e-01 -7.7600525277e-02 1.5373347214e-01 6.5807362134e-02 -8.6435934354e-02 -4.0296924644e-02 -8.5036281801e-02 3.6569158015e-02 2.0689056499e-01 -6.2817776099e-02 -9.9407723440e-02 9.8967868634e-02
1.9022169991e-01 -1.7935703111e-01 -2.7986408969e-01 2.8370449202e-01 -1.0061883451e-01 1.4293776102e-01 -2.0240701234e-01 -2.5124883588e-01 1.5853464179e-01 6.0871265853e-02 -5.9383802851e-04 -1.7635994178e-01 -1.5042843246e-01 2.1027828287e-01 2.1154859688e-01 -1.3587320176e-01 -1.9092280333e-01 1.5168345811e-01
-1.2265404835e-01 1.6174890917e-01 1.6183363152e-01 -2.3566782569e-01 1.4778426287e-01 -1.1937627656e-01 2.2362362697e-01 1.1063275056e-01 -1.2758495981e-01 -5.4007358497e-02 -9.6127833593e-03 1.5931776023e-01 1.3394712232e-01 -1.2239442955e-01 -2.0911882178e-01 1.7412145437e-01 9.6010919855e-02 -1.0943414592e-01
-1.6580123806e-01 1.6241312866e-01 1.4901809117e-01 -3.7238402786e-01 2.9185703568e-01 -8.9621158173e-02 1.1027209714e-01 2.9045659211e-01 -1.4116043306e-01 -1.9517945316e-02 -3.2545211701e-02 3.9174693706e-02 7.4934814920e-02 -2.2601307795e-01 -7.6858530697e-02 1.2646331257e-01 1.4292116746e-01 -1.4500030849e-01
1.2240377441e-01 -8.5994709541e-02 -9.7724698386e-02 2.4129121396e-01 -1.3639025827e-01 1.0817683351e-01 -2.6954896340e-01 -1.7745785813e-01 1.0256326783e-01 1.7943281591e-01 7.4336737296e-02 -8.3473898035e-02 -7.3651757172e-02 8.2981749074e-02 3.1381794293e-01 -2.4787366404e-01 -1.8640144975e-01 8.2551229912e-02
7.8171651837e-02 -6.0079007943e-02 -6.2149708876e-02 1.9856201234e-01 -3.1544561417e-01 1.0318981511e-01 -9.9613743228e-02 -1.0816220095e-01 1.3182680027e-01 2.6597070904e-02 2.6864674019e-02 -1.0343393133e-01 -1.3043262974e-01 1.1386062913e-01 5.6547510624e-02 -2.6404196267e-02 -9.0759395361e-02 1.3993694338e-01
1.0495346788e-01 -4.5173303509e-02 -1.5873186232e-01 1.9473367500e-01 -9.6120536704e-02 1.4586167608e-01 -2.2280102850e-01 -2.0995361912e-01 1.0275810155e-01 1.2818007155e-01 1.0231880377e-01 -1.4154241251e-01 -1.1438200535e-01 1.7337630580e-01 2.4807112557e-01 -1.8381459129e-01 -1.1843055628e-01 8.3757451199e-02
