-9.0445656490e-02 5.0176958866e-02 3.9675764297e-02 -4.1603260526e-03 -6.4982018366e-02 4.8183438657e-02 7.9541827483e-03 3.8530018622e-02 5.7548720362e-02 1.0821400663e-02 -4.6379664249e-02 -4.4773324745e-03 -6.1470945951e-02 -5.3570312721e-02 -8.8786678612e-02 -9.4300106894e-03 8.1259333134e-02 -1.7885446469e-02
9.6044750391e-02 6.4288783371e-02 -6.2354094029e-02 5.1084730556e-03 6.5765542516e-02 4.7919891459e-02 -1.2019077178e-02 -1.2474947577e-02 -1.1966933591e-01 -3.6991448241e-03 6.1214467845e-02 -1.2734475494e-02 1.3697624494e-01 1.7906281331e-01 6.6446206854e-02 8.0365793834e-03 -1.4884237589e-01 -1.9940801373e-02
-1.8009948211e-01 -2.1269807243e-01 1.5635982399e-01 1.7185674488e-01 -1.2654104706e-01 -1.1292013410e-01 -2.1118695898e-01 1.7188795251e-01 2.0475172126e-01 -1.0612751118e-01 1.4253653291e-01 1.1200834320e-01 -1.9391171437e-01 -1.0966569657e-01 -1.5260391091e-01 2.0414295250e-01 1.9234934094e-01 1.5476412864e-01
-2.2766523749e-03 -3.2818381761e-02 7.4225980101e-02 -1.0534032159e-02 1.6390890421e-02 -2.2237509203e-02 -5.7522785157e-03 3.8327052424e-03 -5.2777078752e-02 -1.7320289908e-02 6.6010955602e-02 8.3274196415e-02 -1.7387883379e-02 -2.4246251546e-02 3.2307711307e-02 -6.6903976409e-03 -2.5255787107e-02 1.1091213600e-01
-1.0814452450e-01 -8.8662133163e-02 9.4556279109e-02 1.5336099293e-01 -1.2327341807e-01 -1.3946282817e-01 -9.0321861216e-02 1.8072004632e-01 1.1791645515e-01 -9.1048398009e-02 1.5354436752e-01 1.3573314836e-01 -8.3336717645e-02 -2.1170123429e-01 -1.4771163657e-01 1.8371622197e-01 1.0770865398e-01 1.0552936373e-01
-4.8365002995e-01 -4.0576328953e-01 4.2717542711e-01 4.2305673343e-01 -4.0594814687e-01 -4.3628443529e-01 -3.7729441660e-01 4.0985402782e-01 4.3487290232e-01 -4.3925897767e-01 4.7111821057e-01 4.3258786246e-01 -4.0438894798e-01 -4.8812958453e-01 -4.4913052789e-01 4.4346958301e-01 4.4729000458e-01 4.0210993990e-01
-9.7201304634e-03 -1.0547339483e-02 3.2730790778e-02 1.3968544940e-02 -4.3435241332e-02 7.2115879475e-02 3.4717879029e-02 3.8809829022e-02 8.8720604456e-03 1.6824280897e-02 -1.5807087526e-01 -2.1587857872e-02 -5.7690807114e-02 -3.5612581068e-02 -4.1447749322e-02 -3.9381070272e-03 -2.9428103235e-03 2.4440826053e-02
-4.4007587887e-02 -1.9147011314e-02 7.3889558236e-02 3.9987814932e-02 -9.9412666729e-02 -8.4530466611e-02 1.2174981266e-02 6.7869718621e-02 1.0940291795e-01 -1.4250022176e-01 -8.7625931375e-02 1.9374204796e-02 -6.6440335859e-02 -1.1527307797e-02 -1.3342208758e-01 8.9665437118e-02 7.9180212885e-02 6.8394897149e-03
-1.1425438235e-01 4.2662132179e-02 -3.5364263946e-02 -1.4309697770e-02 3.9977064328e-02 -3.6572450430e-03 1.1873203928e-02 -2.8077478648e-02 5.7822897166e-02 1.2832005098e-01 -1.8270287814e-02 3.4091834459e-02 -2.2064568146e-02 9.9314904662e-03 -6.8265753059e-02 -5.2167910773e-02 2.2764628020e-03 -4.4279767962e-02
9.1833898927e-02 4.9991593913e-02 -1.8721315276e-02 -6.3380953970e-02 1.0373416986e-01 5.1531936567e-02 1.8899547934e-02 -5.6801484992e-02 -5.5534377339e-02 -7.0825289525e-02 4.4368296907e-02 -1.6884698304e-02 3.9639990203e-02 3.1504826710e-02 1.6179011385e-01 4.2394462649e-03 1.0061342920e-02 2.1193297063e-02
5.9696104756e-02 1.0874224559e-01 -1.7951043592e-01 -3.2396560408e-02 7.1343304268e-02 1.3555619810e-01 1.2760489010e-01 -7.2697983184e-02 -5.9072973143e-02 5.7278237124e-02 -1.7066667225e-01 -1.2197339318e-01 5.1090549456e-02 1.4949469003e-01 6.5590792594e-02 -6.8618683681e-02 -1.1101805139e-01 -4.9203787607e-02
-8.8558398166e-02 -6.4598401986e-02 -5.4131204380e-02 -1.2457744563e-02 -2.1856209392e-02 5.0057460511e-03 5.9069438655e-03 -2.4294912428e-02 8.3593234180e-02 6.2887714091e-02 -1.3860654562e-02 3.9903267364e-02 -5.1941690758e-02 -5.4064692199e-02 -5.9289734610e-02 3.4192775840e-02 1.2352037060e-02 3.7733618641e-02
9.7024136213e-03 -1.2102280935e-01 5.4093390831e-02 1.5216285794e-01 -4.5995432384e-02 -5.6759226179e-02 -7.6193986917e-02 3.9607776240e-02 1.2621363244e-01 -4.1871838957e-02 1.7628682228e-02 -1.3222672370e-02 -3.2003612271e-02 -1.2018873731e-04 -3.6087285221e-02 3.1295851516e-02 1.3123276606e-01 -1.5367299837e-02
7.8048990416e-02 -1.6177829277e-02 -7.7271562119e-02 -2.5868290984e-03 1.4346491884e-01 1.5360865717e-02 -2.4227673144e-02 -6.8116692298e-02 -9.1098872328e-02 3.0763254876e-02 5.8657607478e-02 3.7767900240e-02 4.7383350410e-02 -4.8027083049e-02 1.0588043826e-01 2.7987562269e-02 -7.5890524260e-02 -1.1048024372e-01
1.1317351095e-01 4.1091652525e-02 3.1868769895e-02 -6.7069778204e-02 1.2020281624e-01 -2.5073787612e-02 9.5061342945e-03 -6.9898672770e-02 -8.5207571501e-02 4.4207226558e-02 -1.7424346852e-02 -8.2484321258e-02 1.2309648277e-01 3.0028877939e-02 1.3912620391e-01 -7.1085205032e-03 -1.1310079183e-01 5.3442962521e-03
1.3788473152e-02 -3.3509436882e-02 -2.2070722149e-02 -1.3690211510e-02 1.2386966307e-01 1.1648709626e-01 2.2207095970e-02 -1.2238959241e-01 -1.0229901361e-01 2.5684666632e-02 -1.7120477321e-02 -6.7878581934e-02 1.0670237676e-01 7.8823386699e-02 8.5095132195e-02 -1.7835904463e-02 -1.0725381701e-02 2.1039040219e-02
-3.8333264233e-02 -4.3730541222e-02 -4.0260296729e-02 1.6355270645e-02 -1.0214398368e-01 5.2949030168e-02 -3.0583101172e-02 1.3591503954e-02 6.7434746763e-02 -7.6080064711e-02 -5.0161489651e-02 -7.9961346310e-03 -5.5289567705e-02 3.6601244394e-03 -7.6695448171e-02 -8.2687945802e-03 1.1332723414e-02 1.1337267787e-01
3.8260296538e-02 7.4965167820e-02 1.4152395038e-02 2.7473978693e-02 6.3604269883e-02 -9.2935423898e-03 -1.8490219768e-02 -5.2402906907e-02 -4.1729963489e-02 2.7902772432e-02 1.0267803817e-02 -5.5172174560e-02 5.5344629900e-02 -1.7276310545e-02 7.1770472514e-02 1.4662353301e-02 -1.1861976249e-03 -4.2182039663e-02
