-7.8823957264e-03 2.6836540081e-02 -9.0457505507e-02 1.0110393413e-01 1.2339643264e-01 -4.9875372835e-02 7.0252569127e-02 4.1356684306e-02 5.7384868331e-03 3.1368759332e-03 -3.8572248328e-03 1.0294365734e-01 1.8655548894e-02 1.3016968997e-01 -2.9718287903e-02 1.2469648633e-01 7.6667772638e-02 5.0150949640e-02 1.3927052818e-01
-4.9798671390e-02 3.1992288378e-02 -2.8098005676e-02 -3.5587519918e-02 4.9873447010e-02 -2.7022353209e-02 1.2975584485e-02 -1.1118448933e-02 -2.8442533265e-02 5.6721903984e-02 -8.9485301715e-03 9.1919429785e-03 1.4472420612e-02 -2.1507363466e-02 3.7936489684e-02 1.6387201494e-02 6.1707008743e-02 1.6024528432e-02 -9.4307680356e-02
2.7198095912e-01 1.9951426251e-01 1.0717499318e-02 -2.3052567764e-02 -6.5844318689e-02 1.6921733918e-01 -1.9726126930e-02 -6.7825152895e-02 -4.3684856761e-02 5.2132725339e-02 -8.3136065521e-02 3.3153211414e-01 1.7781991097e-01 6.8340414245e-03 -4.7759317142e-02 -5.9654804908e-02 2.2753609422e-01 1.6052085297e-01 2.0221043955e-01
4.7117896665e-02 -6.3001745765e-02 -4.3186785270e-02 9.6644713288e-02 3.0175454119e-02 1.0166547965e-01 -2.5562355664e-02 1.0347157186e-01 3.6392650400e-02 -3.8158883993e-02 -9.4131657373e-03 3.5266889483e-02 5.3011208125e-02 5.4028868456e-02 4.3816899051e-03 2.3365867155e-02 6.7142516503e-02 -3.0400990859e-02 1.7135264577e-01
-1.0613662751e-01 -5.4697230043e-02 -2.9590169924e-02 1.0194843293e-01 1.7954052092e-01 -1.0559873415e-01 1.2709505714e-02 2.0142516406e-01 -6.4217534761e-02 -2.9593348584e-02 2.5088567260e-01 -4.6829331404e-02 -1.2398945642e-01 2.4457010397e-01 6.1600791473e-02 1.4252013962e-01 5.9343604613e-03 -6.5395251777e-02 1.1399597168e-01
-8.9755082399e-02 -6.0638950977e-02 -5.8667952648e-02 2.3052195092e-01 1.9759841271e-01 -5.6490913200e-02 -4.1173313540e-02 1.2352423355e-01 -8.4016115421e-02 1.4459861644e-02 1.6646475305e-01 -5.6959379989e-02 -6.6400676219e-02 1.0354681022e-01 2.7895539846e-02 8.7451789429e-02 1.8261082366e-02 -1.5758062619e-03 1.1979514844e-01
-1.0105014014e-01 -4.1176977797e-03 5.0905365996e-02 2.4079867644e-01 1.5917113618e-01 -8.8765895083e-02 -1.1590310308e-01 1.0792052553e-01 1.7020356129e-02 6.2458262356e-02 1.8481039162e-01 -2.1333945466e-02 -1.2025944563e-01 1.2103930699e-01 3.7884454210e-03 9.8738396206e-02 3.2482186530e-02 -8.7550047445e-02 1.5966804006e-01
-1.7215794690e-01 -1.0507145298e-01 -1.7720139617e-02 9.6980075030e-02 2.3117792727e-01 -1.3504023108e-01 2.2294279144e-03 2.3306489442e-01 -7.2914318677e-02 -8.3686095496e-02 1.9644967062e-01 -7.2989590233e-02 -2.3925753171e-02 1.6212589181e-01 -8.7764101023e-03 1.4819457092e-01 -1.0586901314e-01 -1.3071951147e-01 1.3411030553e-01
1.3486308198e-01 1.8977407510e-01 1.5884589812e-02 -2.2581026711e-02 -4.7520680033e-03 8.2659698284e-02 4.1005327827e-02 -1.1293461625e-01 -5.3384627838e-03 2.6377251004e-02 -3.2204831774e-02 1.7417872356e-01 1.3673600561e-01 -4.9387943426e-02 1.8052229560e-02 1.8673200178e-03 7.7718240428e-02 6.3637699981e-02 6.4475479334e-02
4.6479362920e-02 -4.0846579236e-02 -4.7402506433e-02 -4.7389491980e-03 1.6162287963e-03 -4.0135384086e-02 2.7287786136e-02 7.6251373194e-02 -7.0070001412e-02 -6.4472137855e-02 -1.5126401950e-02 -3.6493132799e-02 1.6659873159e-02 -3.0156164672e-02 1.9357014506e-02 -1.6037412643e-02 8.7742860397e-03 -9.0530933170e-03 1.1545801281e-02
-5.1609819285e-03 1.2448974656e-02 8.3902962741e-02 1.0838124911e-02 5.0983109781e-02 1.6783596952e-04 2.7428733094e-02 3.6139884404e-02 8.5284183523e-03 -3.8851868365e-02 -6.9144285366e-03 7.5927841568e-03 2.8364208412e-02 3.1214816662e-03 3.9755515975e-02 -2.0146657983e-04 2.1626579129e-02 -3.6299373801e-02 -5.2355849383e-03
2.1015822330e-02 -1.8565755572e-02 -9.8704217393e-02 1.4385976464e-01 4.6754339913e-02 -3.7096488212e-02 -3.7350985428e-02 1.3109844668e-01 8.6886351014e-02 -1.0106846002e-01 8.4457552384e-02 -2.9979731181e-02 4.6973326729e-02 6.3572219448e-02 -3.6306950785e-02 2.0553864097e-01 7.1034436565e-02 -1.8726177388e-02 1.9231581376e-01
1.0175024157e-01 7.7506961815e-02 -4.1076199735e-03 9.2407763178e-02 8.5957539346e-02 1.9076972309e-02 3.5801865099e-03 2.5093563458e-02 -1.6518268168e-02 -4.3695223091e-02 9.5662468981e-02 1.2362893284e-01 6.7551104459e-02 6.6258041622e-02 1.3749489642e-02 2.2536632104e-02 3.2278416823e-02 -2.8776012739e-02 1.9491744555e-01
7.9618825584e-03 1.6706445987e-02 2.6929934032e-02 8.6164016973e-02 8.7779401834e-02 2.7585843550e-02 -1.6732587173e-02 1.1753073375e-01 -2.1623633065e-02 -2.0759507474e-02 5.1630983601e-02 8.3270719415e-02 2.5220619826e-02 4.7095199108e-02 -7.9175283338e-02 1.3116005067e-01 5.6387726281e-02 3.3922158048e-02 1.4840095869e-01
-7.3064815946e-02 5.6492428337e-02 -3.7082648856e-02 1.2302866393e-02 -5.2453375539e-02 1.8011649550e-02 3.7453067538e-02 4.4555268694e-02 2.3170136360e-04 -2.4633566735e-03 -1.7377730758e-02 6.0950480978e-02 7.7650978065e-02 6.3196710790e-02 5.5253378547e-03 1.8062494528e-02 -1.9582284726e-02 -1.5326663954e-02 3.7667302856e-02
1.2311878878e-01 9.4752996453e-02 6.0719663286e-02 5.6614243001e-02 -1.0584006481e-01 6.4118574787e-02 7.3381090111e-03 -5.0543294569e-02 2.4190441114e-02 7.4046491550e-02 -5.3913589553e-02 2.4954078039e-01 1.7738753151e-01 -6.4910322544e-02 -7.1649150695e-02 5.8085353117e-02 1.1784910668e-01 1.1524894804e-01 1.4266038544e-01
1.8696469864e-02 6.8678107738e-02 -4.1469073160e-02 -4.6398792690e-02 -3.9374673048e-02 1.5402191438e-01 -3.3725816602e-02 -5.1851788311e-03 -2.5280556142e-02 1.5947663395e-03 1.9001084717e-02 1.1966080637e-01 3.2221937445e-02 2.7558457210e-02 -1.4578541990e-02 2.8241400571e-02 2.0486235354e-02 -2.2436147734e-02 6.9329707948e-03
-1.7149859516e-02 6.6440502168e-02 -1.0442747133e-01 2.9934284697e-02 -4.5968638828e-02 1.4405207690e-01 5.3595547058e-02 4.4337716145e-03 -8.8875480291e-02 6.6809536348e-03 -7.5781797906e-02 7.9836798192e-02 1.8649931885e-02 -8.9305903646e-03 -4.4634822097e-02 -3.5029302251e-02 6.3131973803e-02 1.1195552158e-01 5.6978284947e-02
1.7400899874e-01 2.1986061386e-01 3.1793485373e-02 -9.7100586862e-03 -9.3869248030e-02 1.4810343777e-01 9.9466103865e-03 9.6281437854e-03 1.3143816984e-02 -4.5187284486e-02 -1.3970914694e-01 2.5793000143e-01 2.7978872087e-01 -1.1562525275e-01 3.3970109578e-02 -2.7430013980e-02 2.1975427071e-01 1.1882625055e-01 2.0634963759e-01
