4.4456897078e-02 4.7892826487e-02 -7.6489755117e-02 -2.5615813488e-01 1.3235107886e-01 -1.0541766191e-01 -4.9412223545e-02 -1.5819540999e-01 2.5780376309e-01 1.2453947640e-01 -1.0847536494e-01 -2.0958442353e-01 -7.0716257673e-02 3.6967450007e-02 1.8396657642e-01 -1.2833615098e-01 -7.3935184015e-02 -2.3713689388e-01
-3.3610235094e-01 3.9251543573e-02 1.7119590325e-01 9.7984298311e-03 -2.6738753820e-01 -1.8370528928e-01 7.2403756894e-02 -2.0790591641e-01 -1.6444022051e-02 -5.8823916839e-02 -4.9643988335e-02 1.4000484088e-01 2.4234090249e-01 1.6495209665e-01 7.2532226095e-03 1.1587098026e-01 -2.0157265110e-02 -3.7637275588e-03
2.6602738667e-01 -6.1094100824e-02 -7.0495046013e-02 3.6473319323e-01 -3.7123347347e-02 -2.2357454417e-01 2.8895011252e-02 -9.9851387843e-02 -6.3643617236e-02 -5.7005582295e-02 1.1119803035e-03 -5.3371074714e-03 7.0087978813e-03 -9.9152321249e-02 -2.3499774872e-01 2.6276660350e-01 -9.7238318261e-02 1.2696445674e-01
1.7355911811e-02 -2.1700192775e-01 2.1990101501e-01 5.3643419638e-02 1.5848383407e-01 5.4191718882e-02 -3.0154901879e-01 1.5957170684e-01 7.4653987717e-03 -9.7639820166e-02 1.1367791603e-01 -1.2907229870e-01 -3.6239357431e-01 2.1881054382e-01 9.8272456349e-02 1.1146553938e-01 -3.3396174561e-01 -3.4318798547e-01
-4.3885005305e-02 7.5526206251e-02 -1.4809479327e-01 2.2518802370e-01 3.3991597390e-01 -1.1751734234e-01 1.7191251282e-01 2.3656160034e-01 9.3302600021e-02 1.0285318417e-01 -7.4875695402e-02 -6.1401210066e-02 1.0542437135e-01 -3.3129283115e-02 -1.3359119875e-01 8.6100974542e-02 -1.2779535437e-01 8.5171883759e-02
-1.9220842094e-01 1.3857744648e-01 -1.5557487742e-01 2.5524784739e-01 4.6602260385e-02 4.2083580481e-02 -1.5941003861e-01 -5.3367311240e-02 2.9670599872e-01 -8.6328622767e-02 -5.8681494141e-02 1.2387590094e-01 1.2759774301e-01 9.4959853727e-02 -3.8213047396e-02 -2.8887125040e-01 -8.6713762891e-02 -1.0025177323e-01
-1.1314882620e-02 -1.1888749128e-01 4.0148193009e-01 8.2234409114e-02 2.2904362856e-01 -4.5530793413e-03 1.6113121268e-01 1.2895270763e-01 3.4163294809e-01 -1.8313568503e-01 -2.0913931723e-01 -7.5483847077e-02 -2.0842422319e-01 9.0545463395e-02 7.8135093789e-02 -8.8562075710e-03 1.1132909441e-01 2.7583381285e-02
1.8374731318e-01 -2.3748533742e-01 -1.1120964542e-01 -7.2792592969e-02 -2.7759885077e-01 1.7916023131e-01 5.6128010257e-01 -4.6166061893e-03 -7.5127954485e-02 -1.2187206435e-01 -2.2191112537e-01 1.0826441614e-01 6.3983711030e-02 3.7806143556e-01 1.1747494869e-02 1.2544012658e-01 2.0824892949e-01 2.2249337197e-01
2.6591063900e-01 1.0824933857e-01 5.7901133561e-02 3.1284588806e-02 -1.6278101998e-01 -2.5327160243e-01 -1.5696783336e-02 3.3930779930e-01 8.1749032394e-02 2.2303801329e-01 -6.1354332083e-02 5.9943899477e-02 1.9366001046e-01 -2.2051598023e-01 7.3902448907e-02 2.2073122067e-01 -1.3181996325e-01 7.4355709828e-02
1.4001822280e-01 2.1664225321e-01 -1.9153214210e-01 3.1449703925e-01 -2.0532826402e-01 -2.7445178234e-01 1.3567920557e-01 5.1749932060e-03 -1.9336419154e-02 1.4842631208e-02 -2.2250590990e-01 -2.9749847460e-01 -6.3787144602e-02 -4.6230397601e-02 2.6106225271e-01 2.3621837032e-01 -4.3423468063e-03 -3.7707363864e-01
1.4795776995e-01 -1.8868008547e-01 -1.2511454508e-01 -3.0829589120e-01 -1.6751869068e-01 -3.7468105585e-01 -3.2971905058e-01 8.1611586867e-02 2.1524317190e-01 1.4922712807e-01 -3.0964500037e-02 1.3615315585e-01 -1.4686137466e-01 -3.0668656491e-02 -3.6335840293e-01 1.0983239368e-01 7.2413282555e-02 -2.8305677689e-01
-2.8696361814e-01 1.5139576837e-01 -1.7501238127e-01 3.8748549043e-01 2.3434973692e-01 1.4848909435e-01 -3.2018194919e-02 -2.4649580397e-01 3.1519230206e-01 -1.1282527643e-01 -1.7842868175e-01 2.2029764663e-01 3.8083080415e-01 3.3139802422e-01 1.2851141976e-01 -1.1562461480e-01 -5.8980300425e-02 4.8350393755e-02
1.7091091169e-01 1.5903755191e-02 -1.5056887093e-01 7.6631194392e-02 -2.6081022769e-01 -6.9138675387e-03 -2.3039562636e-01 1.1303773061e-02 -2.0237437536e-02 -1.5142675832e-01 -3.0190491414e-01 1.2020848779e-01 -3.1513614038e-01 -1.4406340411e-01 1.7367975247e-01 -2.0150161280e-01 -1.4335377658e-01 -1.8354323846e-01
-2.7113966783e-01 -1.0756499899e-01 7.9115177389e-02 4.2665513982e-01 -1.6728255920e-01 1.9620138280e-01 1.5157738539e-01 -3.4097750966e-02 6.3972397786e-02 2.3160606797e-01 -3.7869174522e-01 7.5363275883e-02 2.7867861147e-01 4.2357274533e-02 -2.5537369505e-02 4.1030043438e-02 5.8381821283e-02 5.3953664450e-01
2.5366650594e-02 -2.8172293906e-02 -1.0967760112e-02 -2.9873769993e-01 -1.7310012763e-01 -1.0312901468e-01 2.6545458571e-01 -2.0301239947e-01 -1.8669412602e-01 1.9473169825e-01 5.4234503712e-02 4.2884845045e-02 3.5802617150e-01 1.6200185290e-01 -9.8564546099e-02 3.3970751237e-01 1.3284022180e-01 3.2332277989e-01
-5.9099393894e-01 1.7265765067e-02 -1.0646827313e-01 3.0993045199e-01 7.3126245882e-02 -7.8536851346e-03 3.8803330847e-01 2.2535260871e-01 9.2166836345e-02 4.4666313443e-01 -1.8081581367e-01 -2.4450052450e-02 6.8649179475e-02 -2.4716355909e-01 -7.2159767104e-01 2.6564657782e-01 -4.6371916503e-02 1.9826123035e-01
-2.7057770253e-01 -1.9402714760e-01 -1.0151278902e-02 2.0359428648e-01 1.4306246315e-02 2.8037525244e-01 2.3297763984e-01 1.7788748736e-01 5.7387441359e-02 8.5426130234e-02 2.6260874925e-02 -2.3532704232e-01 5.8090305852e-02 -1.6029677286e-01 1.7229008141e-01 -5.2881568274e-02 -3.5432954917e-01 1.2160043085e-01
7.4580251195e-02 -4.4229260098e-02 -1.2573222050e-01 2.6854130198e-03 -5.0218736371e-02 -1.8771326553e-01 1.9584790212e-01 2.8531234747e-01 1.1937739454e-01 1.8876396220e-01 9.3953336781e-02 6.0454370490e-02 1.8797020289e-01 -4.0119941900e-02 2.7704581270e-02 1.6636393338e-01 5.6457662232e-02 1.4729833724e-01
