6.7436403200e-02 -1.2943791886e-01 1.9877539270e-02 1.1439182067e-01 -9.0708347500e-02 -8.2702446702e-02 -5.0798141257e-02 -6.9245910739e-02 -1.1225321473e-01 -8.2834626052e-02 -5.1735657824e-02 6.3675615992e-02 1.4049121523e-01 5.9629843855e-02 3.1452907475e-02 8.0852872930e-02 7.3637975246e-02 -4.8261802693e-02
1.2948241863e-01 -2.0651656860e-01 -2.9828967072e-02 1.5035247095e-01 -3.4908293608e-03 -2.2323469512e-01 -9.7670751390e-02 -8.2551840374e-02 -2.0826747442e-01 -1.4248185654e-01 4.8769376491e-02 1.5790733332e-01 2.1573859087e-01 2.2979451205e-01 6.3645246707e-02 1.0778065646e-01 1.6447440961e-01 -7.1793825522e-02
6.5102448026e-03 -4.5767036745e-02 1.6827816659e-01 -5.9171588599e-02 6.1370511837e-02 2.3260852101e-02 -5.1416273517e-02 -2.9513182347e-02 -4.5174470070e-02 -3.7260423062e-02 -1.0153786896e-01 -1.0057467602e-01 -5.4482901665e-02 -3.1758572271e-02 -4.4807318568e-02 -1.1454810062e-03 3.0388840257e-02 6.3393562207e-02
9.2004218706e-02 -7.6052652045e-02 2.9782477307e-02 1.0952729318e-01 -4.4802296728e-02 -6.0585402628e-02 -8.7450732657e-02 -4.8921313158e-02 -1.8604176826e-01 -6.7650537959e-02 3.8750715140e-03 9.7768397268e-02 4.2036344133e-02 1.5385833102e-01 7.4161571819e-03 9.8348458346e-02 2.0894379569e-02 -2.6826387227e-02
1.2819193848e-01 -8.6696559963e-02 1.8671545574e-03 1.5235996810e-01 -4.0003940793e-02 -1.9619734375e-01 -1.4724626727e-01 -1.6071098504e-01 -2.1131033988e-01 -2.3819516172e-01 1.2262635858e-01 1.4544106797e-01 1.3905542616e-01 1.7303979144e-01 3.5896507450e-02 1.6292696139e-01 1.4583670291e-01 -1.0117827298e-01
1.9449326292e-01 -1.2896533488e-01 3.4117942618e-02 1.1823398036e-01 -3.1112135445e-02 -1.3355756521e-01 -1.6895301111e-01 -1.2444921660e-01 -1.2851801238e-01 -1.5000701854e-01 5.3576052615e-02 1.7733999183e-01 1.3305578288e-01 8.0432277216e-02 1.1044104789e-01 1.3286556155e-01 9.7613714084e-02 -7.2217122986e-02
2.7239724926e-02 -6.9997291496e-02 -3.1203794570e-02 8.6426946671e-02 8.2230603878e-03 -1.2940043435e-01 -9.3012850171e-02 -1.1843180372e-01 -1.3825222422e-01 -9.8259404738e-02 3.7597200711e-02 1.1849216755e-01 1.0965273917e-01 1.1267761421e-02 4.7532999637e-02 8.6186563570e-02 4.1756331894e-02 -1.2178147267e-02
-7.6831002185e-02 8.5244286808e-02 -1.1274810080e-01 -1.9993147119e-02 9.6753737728e-03 -8.0874391106e-03 1.1204462147e-01 9.9682257081e-02 5.9221371241e-02 1.2084097852e-01 5.3010209556e-03 -3.2733462093e-02 7.9656585552e-03 -3.2935132466e-02 -8.3877242540e-02 -1.3399867692e-01 -4.7038885538e-02 -2.7678164518e-02
6.8431540821e-02 -5.2450134473e-02 -2.8868783659e-02 1.0118784329e-01 6.0578626985e-03 -9.9191874508e-02 -9.3036803778e-02 -1.0823208337e-01 -1.7155786195e-01 -1.2782275155e-01 -1.4725556552e-02 3.1300188633e-02 8.6437536331e-02 1.0668651910e-01 6.2603804525e-02 3.1395388771e-02 9.9877847126e-02 1.6746381222e-03
3.5186829160e-02 5.7960054969e-04 1.1115626555e-01 -2.7445785161e-02 2.4673085492e-02 6.6623284506e-02 -3.5048901463e-02 -3.4951482105e-02 -3.7466488860e-02 -1.0560684630e-01 -8.7970222661e-02 2.5761469363e-02 -5.0615951045e-02 -2.2561895775e-02 -7.0077054049e-02 1.2458440411e-02 -3.5662325386e-02 9.0457986135e-02
-1.6031425881e-01 1.9183714429e-01 2.6941375835e-02 -2.1337701862e-01 7.6893172876e-02 1.4639104818e-01 2.6358594541e-01 1.0737651496e-01 2.1161235942e-01 2.4549902663e-01 -6.0186101413e-02 -1.2545809729e-01 -2.0451921871e-01 -1.7089939569e-01 -8.4391845310e-02 -1.7393954886e-01 -2.0666104968e-01 3.9425548270e-02
4.4103013052e-03 1.9179561871e-04 4.2680594620e-02 5.9597404514e-02 -6.4463407437e-02 8.4188920828e-03 -5.3799579975e-02 -1.0184564522e-01 -1.0245199920e-01 -8.6154318626e-02 1.8229536584e-02 6.5762460423e-02 2.1307923907e-03 5.4602312840e-02 -3.4778531257e-02 3.5486645195e-02 8.8192232757e-02 7.6459568243e-03
4.0162569628e-05 -5.2102489358e-02 1.2046874256e-01 -2.5659993156e-02 3.5627615806e-02 6.2547466190e-02 -4.7445824245e-02 3.1408405896e-02 -5.3936376307e-03 -2.5208059331e-02 -1.3758151214e-01 -2.0604545166e-02 1.2591708885e-02 8.5900532245e-02 -1.3164093338e-01 8.3830360273e-03 9.4249662848e-03 7.3346384434e-02
1.4238962032e-01 -6.6547884718e-02 2.4512409852e-02 8.9931910554e-02 -5.4444844758e-03 -6.0225160027e-02 -4.0120598325e-02 -1.0238039981e-01 -1.1723966299e-01 -1.0724691469e-01 5.1393902600e-02 8.3630137392e-02 1.2863958768e-01 1.1952053779e-01 7.7403090341e-02 9.0673987121e-02 8.3613682974e-02 -4.7414784571e-02
1.4162399593e-02 -5.5329692692e-02 -5.4049880575e-02 4.8257476157e-02 6.4287777589e-02 -5.0339107405e-02 4.6751575173e-04 -5.1429459345e-02 -1.8483162539e-03 5.4636589942e-02 4.1970244338e-02 1.6693306421e-02 1.1874419742e-01 5.0946971649e-02 5.4853906279e-02 1.3786577596e-02 2.1948309603e-02 -3.9242066363e-02
-6.4726940222e-02 2.0982205305e-02 -4.9551731419e-02 -5.1316287555e-03 -6.4372850603e-02 -7.7295807972e-03 6.5053705217e-02 1.8591904279e-02 4.3957232661e-02 4.4826170529e-02 3.7241823363e-02 -5.9701035975e-02 2.3662330877e-02 -2.3700849672e-03 5.4217226919e-03 -4.8223101743e-02 3.0883611432e-02 -9.5136406856e-02
5.6754366025e-02 4.8620625251e-02 -8.5104564066e-02 3.0032581691e-02 2.4101782775e-02 -4.2274100226e-02 6.7408656198e-03 7.1308569733e-02 2.3895478738e-02 3.9727544094e-02 1.1883962357e-01 5.7049890435e-02 2.1995307963e-02 3.5075870580e-02 1.0522356411e-01 -3.7538822667e-02 3.3542617445e-02 1.0319257414e-02
5.2141519635e-02 -9.0657817624e-02 1.0829191114e-02 -5.5095359177e-03 -6.3357445686e-02 -9.1561466730e-02 -7.1780043309e-02 -1.0990533152e-01 -1.0867841190e-01 -1.4622362550e-02 -5.4012150838e-02 8.3337898194e-02 4.4479684621e-03 -6.5608084463e-03 7.0294439904e-03 1.9025223351e-02 9.8312824552e-02 -7.1149219789e-02
