3.1106261803e-01 9.4095969545e-02 1.8265446700e-01 3.3390481427e-01 1.7000595703e-01 8.0700641052e-03 5.0671396901e-01 2.0031962344e-01 2.5339191740e-01 -1.4592913247e-01 1.9728957768e-01 3.4881931406e-01 1.5071266274e-01 1.9960827853e-02 -1.7753052158e-03 -4.2739615517e-01 -2.6599466937e-01 5.4809466305e-03
3.7077044155e-01 -1.8438328449e-01 -9.2473229801e-02 -9.0134432572e-02 -4.4091829097e-01 -9.6127722110e-02 3.6789157827e-01 -1.7082758682e-01 -1.5544120862e-01 2.1760901855e-01 1.2599697317e-01 5.9646803326e-02 1.6716521026e-01 3.0307198863e-01 2.1261904667e-01 -1.3646526800e-01 -3.7161866050e-01 -2.2488331245e-01
2.6358988079e-01 -1.6935508374e-02 5.0950672052e-02 -1.2954815282e-01 5.2882475785e-02 -1.4851017078e-01 -8.3655444781e-02 8.1516203115e-01 -2.6138771642e-01 -1.5284956950e-01 -2.7849773423e-01 -2.6748592162e-01 3.5266542830e-02 -5.6444584608e-02 -2.9055061535e-01 -6.1331325967e-03 -5.0644660592e-01 2.9063865949e-01
4.2637036957e-01 1.9983817724e-01 -4.7308800180e-02 6.2680057229e-01 1.7412260954e-01 4.5087150957e-02 5.2774053023e-02 3.3011763767e-01 3.6063883068e-01 -4.1138912676e-01 -2.6236105897e-01 -4.0522928158e-02 9.8218610995e-02 6.5595651353e-02 8.5162804745e-02 -2.1956726092e-01 -2.8673480619e-01 -4.0112635489e-01
3.5556082555e-02 2.8259813526e-01 -3.4257103795e-02 -3.3579931537e-01 -1.5755315163e-01 1.3237387554e-01 4.2127576713e-01 2.4789319337e-01 -2.4029915692e-02 -8.6796818042e-02 -1.3809081475e-01 3.7138695847e-01 4.4935559185e-01 -7.8762472480e-02 2.8380284473e-01 6.9222045624e-02 -1.5199029797e-01 -2.3366189034e-01
2.0248354102e-01 1.2487760859e-01 4.2792078383e-01 -2.3177436613e-01 -2.1972632415e-01 1.1859958543e-01 2.3025376653e-01 -3.1905141060e-02 -2.8110749505e-01 -2.0866884330e-01 3.9168890779e-01 -2.7451396032e-01 3.1775384934e-01 -4.2825985490e-02 -2.6834187802e-01 -2.2725547168e-01 -4.3374653860e-03 -4.2848931385e-01
2.7983123944e-01 2.2238887199e-01 -1.5042248235e-01 8.4212661014e-02 5.3861911821e-03 2.5180357253e-01 -6.2086790572e-01 -2.5947987365e-01 7.6200530345e-02 4.1533251261e-01 -2.7621571138e-01 3.8011059550e-01 -1.1823396356e-01 -5.3194750788e-02 -1.3127168689e-01 1.5124170333e-02 -4.6510128208e-02 2.0661507512e-01
-3.2811106153e-01 -2.4556432688e-01 9.4938536494e-02 -1.7966641345e-01 -4.6762822487e-01 -1.7508997449e-01 2.9233515661e-01 -2.8463197035e-01 -3.1587664942e-01 -5.1687983289e-02 -2.0664552846e-01 -1.0608540234e-01 1.4702285172e-02 1.4448316538e-01 -6.8159451271e-02 -6.9539664199e-02 -1.3445309141e-01 1.9248021752e-01
2.8803878064e-01 1.0660338237e-01 6.0423866706e-01 -2.7792418358e-01 -6.6557715364e-02 3.4090145745e-01 -1.9896410882e-02 -2.0011226145e-01 -1.0490454469e-01 -7.3699224877e-02 -1.2808558201e-01 -7.1754136389e-03 2.0666766884e-01 -1.3583533250e-01 -2.5229141450e-01 -2.2055999988e-01 -1.0682259350e-02 6.5879792781e-02
8.0698453603e-02 5.4581940711e-02 3.8154810886e-01 6.4603477076e-02 2.2439705582e-01 -2.0033399489e-01 1.9364391908e-01 -2.8317643789e-01 2.2794268596e-01 -4.1170996258e-01 -5.3926914342e-02 1.4974249214e-01 -8.8367833311e-02 1.0832692143e-01 2.9624418034e-01 3.7577507660e-01 2.7166169724e-01 1.4651463570e-01
2.8825294170e-01 8.7505313673e-02 -1.7544533979e-02 2.8333680740e-01 -6.5688309602e-02 -1.5681932626e-01 5.0126855487e-01 -3.1958946247e-02 3.6763449254e-01 5.8285977444e-01 -4.5767516653e-02 7.3317841906e-02 -1.0271095421e-01 -3.6234144716e-01 1.3185928128e-01 -6.0490026675e-02 -1.9662013586e-01 -2.3771925666e-01
3.8625580533e-01 -6.6123894571e-01 1.4553405239e-01 -6.7261838054e-01 -2.9475994357e-01 -2.4982447012e-01 5.9859138150e-01 -1.0774508886e-01 3.2072739536e-01 6.9695250519e-03 3.2966943678e-01 1.2506809194e-01 -3.6055245472e-01 4.6882709430e-01 6.5452052219e-02 2.6646204591e-01 -3.6851866183e-01 -2.1172683640e-01
6.1803859154e-03 -1.5976854191e-01 2.9983353370e-01 -5.2879544838e-01 -3.0008866791e-01 -1.7217316915e-01 9.1705341830e-02 -1.4890549775e-01 -1.2016766010e-01 -7.2483214402e-02 -6.1696365477e-02 9.5920209869e-02 2.3200051195e-01 3.7586157291e-01 -1.9746571330e-01 2.1869172019e-02 -3.3153240458e-02 2.3074209553e-01
-3.4048529209e-01 -1.7166402439e-01 1.1939600012e-01 -2.2586393378e-01 -1.8895911931e-01 2.8448814251e-01 -2.5263604947e-01 5.6399525326e-03 -3.1805154939e-02 -3.5756379018e-01 -1.1439514086e-01 6.4523433585e-02 -4.3438446717e-03 -1.8466790116e-01 1.2845665059e-01 -1.6246733964e-01 2.1178877612e-01 1.8329380998e-01
-3.1028259975e-02 -7.2857135806e-02 -5.8697220784e-02 -6.3323322113e-02 -2.9447193657e-01 -3.3853027491e-01 -4.7994117794e-02 -1.1227634018e-01 1.3217672779e-01 3.7679341727e-01 3.2168944216e-01 1.7041110185e-01 -2.1033138477e-01 -4.3827547542e-01 8.5075698894e-02 -1.9462812706e-01 2.6852798594e-01 1.7355564424e-01
-2.2350413608e-01 -1.6455587919e-01 -4.9070630877e-01 3.1166710391e-02 8.1466567815e-02 -4.2053449763e-01 -2.3032401863e-01 -2.5747218898e-01 -1.4505712787e-01 -1.4503815411e-01 4.6625666436e-02 5.3115619520e-02 -1.0204799063e-01 1.9391790277e-01 -2.8705753679e-01 -6.8388266375e-02 2.2078849493e-01 -2.0657608699e-01
-3.6727805217e-01 -2.3626280820e-02 3.2588935981e-01 2.4345208423e-02 3.7179449903e-01 3.6551930437e-01 -3.8102527069e-01 9.8952320330e-02 -6.6240921898e-02 -1.9875291548e-01 -1.1383714706e-01 1.8287078334e-02 9.4451175833e-02 -4.1252028402e-02 3.3741398526e-01 2.2788090432e-01 -2.5900281898e-01 -1.8171871227e-01
-8.1892500871e-02 1.5610310950e-01 6.6647762688e-01 -2.8761731526e-01 -8.5165955658e-02 3.2536632807e-01 -2.3551897355e-02 -1.6040653850e-01 2.8590624378e-01 7.1862137663e-02 3.0400138498e-01 -1.7640362158e-01 8.2188970107e-02 -2.2941850814e-01 -5.2330556477e-02 -5.3587092660e-03 -2.8117131875e-01 -3.5423078233e-02
