6.5880522543e-02 1.9887506195e-01 -9.6056329344e-02 3.1008860367e-01 -2.1842750646e-01 2.9689308356e-01 -2.1030457814e-01 5.0700378130e-02 8.4991852508e-02 1.0230122007e-01 1.5530476529e-02 -1.4851734151e-02 -3.5317462411e-02 2.1242635219e-01 -3.2154558067e-01 -1.9368440174e-02 -2.1712378784e-01 2.4200173993e-01
-1.7837288404e-01 -1.8052346900e-01 2.4390774135e-01 -2.6141342093e-02 2.4363131266e-02 -2.8693401499e-02 -1.9377334630e-01 2.5523126517e-01 -1.3269179958e-01 2.0520442401e-02 -1.6774396363e-01 2.3065535024e-01 1.1118543655e-01 5.5292524645e-02 1.6164002497e-02 1.7732252399e-01 -1.2458205574e-01 7.8709693168e-02
1.2591445873e-01 -9.6599386628e-02 3.9038019452e-02 -1.8335660732e-01 1.6985304759e-01 1.8050097942e-01 -4.8841702199e-02 -2.0117751037e-01 -2.8055076248e-02 5.7499955458e-01 4.8278983752e-03 7.8268740288e-02 -1.8958985663e-01 8.0555020454e-02 -2.6694069004e-01 3.6706529645e-02 1.8195576146e-01 -3.8227425440e-01
2.3780940988e-01 -2.1526389572e-02 -1.5825437374e-01 -1.4749223621e-01 -1.3999228836e-01 4.3294264926e-01 -2.9725975725e-02 -2.1902657210e-02 1.7123893496e-01 -2.4792036569e-01 -6.5590780390e-02 -2.3469096339e-01 7.4849497123e-02 -7.4688915970e-02 -8.6787872798e-02 3.9051287666e-02 -2.1319227122e-01 3.3663010050e-01
1.0366522793e-01 -3.5755937717e-01 5.0102650565e-02 9.3202984731e-02 6.0413210718e-02 -6.8506398654e-02 1.0377847497e-01 1.1282636897e-01 8.8271384566e-03 -9.8121394479e-02 -3.1402348886e-03 1.6871733448e-02 2.8878580466e-03 -8.6569496119e-03 1.6111796557e-01 -4.5862083761e-02 3.3659020941e-01 1.8051452990e-01
1.7275230181e-01 2.6996284309e-01 6.0385961658e-03 5.6252233173e-02 -3.3917049616e-03 -4.0182008979e-02 -4.9484676898e-02 -3.8837204817e-01 3.5267238797e-01 1.3551332533e-01 -2.5802857382e-01 4.0695548726e-01 4.8165732090e-01 7.7437073280e-02 -2.5930171037e-01 -5.8447055262e-02 5.5761761617e-02 -9.4768255956e-02
-3.3230286379e-01 -5.5659629206e-02 1.9120241075e-01 -3.3968170162e-02 1.2012393447e-01 -1.0958320818e-02 9.5489565050e-02 -1.9236332014e-01 -3.5328328875e-01 2.7525526494e-01 -8.8287567906e-04 2.8351226157e-01 2.8850980341e-01 5.1487463122e-01 -1.9543256516e-01 1.6676411657e-01 2.3704289844e-01 -1.5457181575e-01
2.2339782148e-01 -5.8197053393e-02 1.4338340109e-01 -1.5187317358e-01 1.6399773671e-01 1.2184225555e-01 -7.4150573164e-02 -1.4416020128e-01 6.8626735036e-02 3.9583582564e-01 1.4675000080e-02 6.6148184723e-02 7.1421365734e-03 2.3742814596e-01 -9.1676608101e-03 -7.3426721201e-02 2.2046050158e-02 -9.0066042202e-02
-1.1298826306e-01 2.8857901887e-01 5.5044196669e-02 1.2533138492e-01 -2.2122701244e-01 -4.0390589898e-01 -2.7086010117e-02 8.1813577424e-04 8.5604406057e-02 8.5913745839e-02 2.3489362158e-02 2.9676210601e-03 -4.4097821344e-01 -2.6019913141e-01 2.3793153145e-01 8.5524735430e-02 -4.3925211578e-02 4.0208964410e-02
-1.9181436030e-02 2.7911385760e-01 6.7422105882e-02 1.1970333384e-01 9.9896241987e-02 1.4965440692e-01 -1.9328190945e-01 2.6474882190e-01 9.8878091004e-02 2.2204003730e-02 -1.4123044544e-01 -2.6891454547e-01 4.9914095580e-02 9.6339436170e-02 -3.5683946104e-02 2.3845758566e-01 2.2174403720e-01 3.0179137115e-02
-1.3515053447e-01 -1.2867341097e-01 -3.8800866993e-01 6.7650206743e-02 4.5039077351e-01 4.1267654177e-01 -2.3137512480e-01 -2.1031052653e-01 -1.9269099372e-01 1.1146763665e-01 -3.7284499399e-02 -5.2093903376e-02 1.1558074935e-01 2.6129975950e-01 2.7091758349e-01 1.8979813115e-01 -2.0840433481e-01 -1.4125513444e-01
-7.1257958171e-02 1.2230047272e-01 7.2379048530e-02 2.7629559765e-01 -2.2403779178e-01 -4.0500197118e-01 -5.4952444214e-02 1.3900880264e-01 -1.7591246325e-01 -1.7259463127e-01 -1.7376361332e-01 -1.6587077923e-01 -1.2500517020e-01 -3.0262467966e-01 1.0318630610e-01 -1.2599597085e-01 -7.6492536523e-02 2.6296494400e-01
4.5307183679e-03 3.0870515478e-02 6.0488684555e-02 1.6057717100e-01 2.1787241026e-02 -1.9344252134e-01 1.3264359130e-01 8.3959796362e-02 -6.6945801080e-02 1.0797918289e-02 1.8417950049e-01 -2.2767791499e-01 -1.7162827941e-01 2.5879027446e-02 3.0476482520e-01 -3.5901715720e-01 -1.6654424438e-01 1.2614864294e-01
-1.0166929092e-01 1.5630015325e-01 -6.3646519751e-03 1.2581535818e-01 1.3624045039e-01 4.4087664218e-02 7.0888829831e-02 1.7332902580e-01 -3.3390388249e-01 4.3976607975e-02 -5.0233792094e-02 3.0106222675e-01 1.4525834598e-01 1.3145278986e-01 9.3163985712e-02 -9.4699095849e-02 -7.9928825622e-02 2.0186515614e-01
-3.9274389942e-02 -1.3341293343e-01 2.9956147730e-01 -3.5734793345e-02 4.1987584390e-02 1.1059311186e-01 -1.3032029527e-01 -1.4344564044e-01 9.0784061684e-02 1.5824762807e-03 -7.0697105566e-02 2.9372999916e-01 2.2852104743e-01 5.6541759276e-02 -1.2844454649e-01 -3.8911816609e-02 -2.8629609092e-01 -2.5311391519e-01
-6.3307540688e-02 3.1407551298e-01 8.6823941598e-02 -3.5985777146e-01 1.8873038440e-01 -1.4721657859e-01 1.2262281067e-01 9.1707086994e-02 -4.2357949064e-03 3.4484798834e-03 -1.5677322534e-01 2.5881699750e-02 2.4811466456e-01 1.8653024641e-01 -3.5432536578e-01 3.5651456306e-01 -3.7880989097e-02 -1.4874167334e-01
-3.1159831464e-02 2.3864220998e-01 5.2552469438e-02 8.6766317375e-02 -2.6444790625e-01 -7.0017954329e-02 -1.2236361050e-01 2.0851990829e-01 -1.2055461786e-01 -4.0155501823e-01 6.1059648380e-02 -1.4911536360e-01 -2.8546732841e-01 7.1572218441e-02 -1.1605311381e-01 -1.9408847316e-01 -4.8257323005e-01 8.1612471445e-03
-1.5621520850e-01 -1.7051044584e-01 6.1285664962e-02 1.9870363681e-01 -1.7227826662e-01 -8.0067927710e-02 -1.2196505109e-01 -3.2342963116e-02 1.0338950051e-01 1.5424873544e-01 -1.2704898293e-02 -5.4497133910e-01 -7.4381651897e-02 1.3872370934e-01 -2.3683088325e-02 -1.4694264188e-01 -7.1456608937e-02 -6.4044395976e-02
