2.0434242208e-01 1.1846001035e-01 -1.3671120026e-01 2.8375570202e-01 -8.9455618978e-02 -7.0655569474e-02 1.5718727245e-01 4.1447971588e-02 -1.3403098361e-01 -1.5440875788e-01 1.3761702949e-01 1.0516838436e-01 -6.8320320427e-02 2.3315086685e-01 -6.6569161059e-03 4.6395959099e-02 -5.1616226082e-02 -1.7899643917e-01 -4.8228620758e-02
-2.5689866689e-02 5.6346506596e-02 -1.1999658019e-02 3.1734737295e-02 -2.0799965905e-02 1.8300611938e-02 -7.8289718154e-02 4.1596838537e-02 -8.3122031762e-03 -2.5331920755e-02 -4.3778997602e-02 1.0008414909e-01 1.5129167873e-02 -4.0313229924e-02 5.0673883873e-02 -1.9506606015e-02 2.9266943297e-02 -2.1119188243e-02 -1.4614765407e-02
-2.0454964115e-01 -6.0938659333e-02 2.2595186693e-01 -1.7667852865e-01 1.7821887136e-01 5.6126184188e-02 -2.0235984058e-01 -2.1131989130e-02 -3.7548014345e-02 1.4736089963e-01 -1.4347074876e-01 -3.8892484053e-02 2.4633206968e-01 -1.8624437200e-01 -2.5580196913e-03 -7.3385718231e-03 1.6700558764e-01 1.6452877359e-01 -8.7802589319e-02
-6.3771785524e-02 -4.1552577340e-02 -3.0073511263e-02 1.1416901919e-03 2.9016713862e-02 -9.5717031933e-02 4.8279777795e-02 8.5078321866e-03 -3.0489423809e-02 -3.2153023395e-02 9.0008440848e-03 2.1020409349e-02 2.8281328813e-02 -1.4645999387e-02 -1.7521772146e-02 -2.6879162892e-03 5.3318286202e-02 -2.2514733263e-02 -3.9358920356e-02
1.0357575135e-01 1.0713891153e-01 -6.6658268918e-02 6.0286092477e-02 -9.9836549867e-03 4.1996273116e-03 -2.5115495670e-03 6.6495221420e-02 -6.4680255723e-02 -1.0304265790e-01 1.2320691419e-01 2.1198594704e-01 -1.2385641281e-03 1.2687882163e-01 3.2866213480e-02 -8.2551860290e-02 -4.2341553316e-02 -6.4891266769e-02 2.7639814438e-02
-2.2313346908e-01 -1.9099395820e-02 2.7917384087e-01 -1.6261669796e-01 7.1059416808e-01 -2.4161587226e-02 -2.1056730273e-01 2.5713854673e-02 -1.2417628980e-01 4.8627100109e-01 -1.0349495408e-01 2.4525431863e-01 4.7053206148e-01 -9.9352000400e-02 -4.4674849104e-02 -4.4474608902e-02 4.2272254273e-01 3.7033556382e-01 1.7681125397e-02
-1.3252893042e-02 -2.6580938617e-02 5.6022787382e-02 -1.6583315577e-02 1.7236909356e-03 1.9843104776e-02 -1.5064019715e-02 3.1909279610e-02 -1.9989623955e-02 -8.2875547799e-02 8.0597795711e-02 8.2589903755e-02 -1.5324128502e-02 7.7348496646e-02 1.1958436163e-02 8.3092802202e-02 -1.9478531779e-02 5.0178908276e-03 -8.0552388470e-03
7.9361976856e-02 1.7424213622e-01 -1.2555506293e-01 1.0424337573e-01 -5.7497824335e-02 -9.3501524072e-03 6.8973204554e-02 2.5487645709e-02 -4.0592749644e-02 -7.7755600205e-02 1.3390458414e-01 1.4951109980e-01 -9.8997175494e-02 1.6422021517e-01 -7.1553353538e-02 -5.4991815231e-02 -1.5015138312e-01 -9.5755735018e-02 -1.0927541484e-02
4.4974154331e-02 6.3400066472e-02 -1.7994638553e-01 1.9684301559e-01 -1.0187776694e-01 -5.8966182050e-02 9.0180537115e-02 -2.1817477924e-02 5.1845460623e-02 -8.8865800436e-02 1.6326695894e-01 1.0926200219e-01 -9.9763039260e-02 1.0746206247e-01 4.0464010031e-02 -4.7375299244e-02 -8.6049167109e-02 -1.2471978593e-01 -1.5175138239e-02
-9.9356332185e-03 1.3656647901e-01 1.7517323386e-02 8.5547674836e-02 7.1112751826e-02 -1.3339907547e-02 1.2830385867e-01 -3.2268982842e-02 -3.8870407610e-02 1.8699883017e-02 2.6960078198e-02 9.2236885303e-02 5.4810754030e-02 1.0984470763e-02 1.8358022977e-02 -5.8579739819e-02 7.3493378090e-02 -8.3015889325e-03 -2.8138816419e-02
1.1571225602e-01 6.8145886906e-02 -2.6421614015e-02 9.7331581098e-02 -3.7711635572e-02 -1.5112542906e-02 7.2526322955e-02 3.7452141614e-03 1.4016559698e-01 -4.7509030733e-02 7.9935560082e-02 1.8084361746e-01 -6.3476103612e-02 1.1929531724e-01 -3.1587261438e-02 -1.3909518983e-02 -2.2032749177e-03 -4.3203925064e-02 -3.7057073582e-03
2.0650385890e-01 1.4765244970e-01 -1.3232459446e-01 1.8420919000e-01 -2.0857952523e-01 -1.8074071327e-02 1.3634919396e-01 3.6830727756e-02 1.1556876723e-01 -1.1670178138e-01 1.7695506049e-01 1.3328843054e-01 -6.1103161252e-02 1.3510438073e-01 -1.3140134001e-02 -5.1868404287e-02 -1.2531190133e-01 -1.0645101540e-01 -1.5507094875e-02
5.2422737579e-02 -1.4240663439e-02 3.5462101521e-02 5.7452313471e-02 -6.7079442331e-03 -2.3208530703e-02 3.0582797912e-02 6.0450703410e-02 -2.1487735949e-02 -3.4396509141e-02 -7.0828695411e-05 -7.8575761596e-02 3.8133005011e-02 -3.0001296277e-02 -5.6774733275e-02 4.6185718693e-02 2.7255045198e-02 9.6622499304e-02 -1.4069882063e-02
4.9006700409e-02 8.6363804072e-02 -2.7160294962e-02 1.7628663980e-01 -4.2238930610e-02 6.9158293512e-03 7.9937603241e-02 -9.0982253917e-02 7.7023918053e-02 6.4845869688e-03 8.5407155126e-02 1.5720367638e-01 -7.2598246204e-02 1.1025207440e-01 -4.1325936984e-02 -1.6179335874e-02 -2.0741029319e-02 -6.7650935768e-03 8.7167092611e-02
4.5075048986e-02 1.2244521699e-01 3.9113650340e-02 6.9648560398e-02 2.0144996888e-03 -2.2272135886e-03 -1.0265540700e-02 -2.3084558464e-02 -2.5683578241e-01 -3.5384255181e-02 3.8272415242e-02 6.6492459432e-02 5.2738758878e-03 7.1876649111e-02 -7.5363362079e-02 1.2584560902e-02 -2.1329963926e-02 -1.0686358872e-02 5.0456883123e-02
-9.6198572349e-02 7.7343466358e-02 1.4852968952e-01 -1.0110238787e-01 8.6835077870e-01 -2.0911501322e-02 -5.1905015964e-02 1.8666677424e-02 -5.1015855946e-02 2.4446486198e-01 1.3311295708e-01 3.2641862155e-01 3.6462535511e-01 6.5955205764e-04 -2.4924008502e-03 2.7495694447e-02 2.3328178624e-01 3.5838387767e-01 9.1834934126e-03
-1.7449866921e-01 -2.1981220217e-01 1.7857756909e-01 -1.8308058913e-01 2.2896248814e-01 7.9608888991e-02 -2.3355258036e-01 -1.4166661941e-02 -9.3546125368e-02 2.7257752083e-01 -1.7693216811e-01 -1.2321328732e-01 1.9736849898e-01 -1.4238708110e-01 1.7693400895e-02 -2.4495856907e-02 2.6267346836e-01 1.3642097080e-01 -2.9387231156e-02
-1.6704276851e-02 -5.0574457977e-03 -4.7784136855e-02 -3.7591305160e-02 8.8481520984e-03 3.5950383787e-02 -3.3383528773e-02 -3.4319615471e-03 -2.8716359156e-03 -1.9457244413e-02 -2.9239328040e-02 8.5483179006e-02 -1.2050065360e-02 3.0317943082e-02 4.6892950766e-02 -4.7535783959e-03 -1.1180857612e-01 -7.2967747633e-02 -6.9010516548e-03
1.4174462336e-02 -2.1811692235e-02 4.5501754232e-03 -2.9773893284e-04 -3.6752430699e-02 3.5751771337e-02 3.1210139299e-02 -1.0473861103e-01 7.5031374403e-02 -3.5485801217e-02 3.3514409238e-02 7.6202752057e-03 9.1707526858e-04 2.2864014642e-02 6.3004203779e-02 9.7441316228e-03 2.7105355062e-02 4.2940753559e-02 -2.3596519019e-03
