9.8593343746e-01
-9.3065823971e-01
1.2301217994e+00
-3.8494039677e-01
-1.9425007214e+00
-3.1644282593e-02
-1.4625705148e-01
5.3824293016e-01
-1.3804044165e+00
-8.1255051040e-01
-4.8015634107e-01
-1.1443414102e+00
-8.9608207492e-01
1.1239038616e+00
-4.6938249559e-01
-1.0306642607e+00
-2.6120887681e-01
6.1219261790e-01
1.1046131673e+00
-7.7916894969e-01
1.0821175131e+00
-9.4436507564e-01
2.0263183626e-01
1.1419947695e+00
1.5816893475e+00
-3.6261968831e-01
-5.3513192744e-01
1.1974958789e-01
-2.5870706072e+00
1.7616861269e-01
-1.7991115099e-01
-1.5120247907e+00
1.5572287740e-01
-9.8116330174e-01
2.1647423651e-01
-1.7598613905e+00
7.7713218769e-01
1.8293674655e+00
6.7043921698e-01
-8.4242056660e-01
-9.7590359994e-01
3.0751188726e-01
-2.2694530619e-01
1.1620997231e+00
-2.9387141200e-01
1.8771676365e-01
-8.7125557422e-01
1.1839858710e+00
1.1041549022e+00
5.8660346804e-02
-2.9093642708e-01
-3.2630097776e-01
1.3028381067e+00
-1.5765655138e-01
6.8729641358e-01
-5.0337603036e-01
-3.0831030762e-02
4.1512759805e-01
6.3766621578e-01
-2.6975909511e+00
-6.8033293082e-01
-2.2858394535e-01
-6.3004832108e-02
1.1398364683e+00
1.4781642625e+00
1.3372323694e+00
-9.5459740742e-01
3.0999009904e-01
-1.3052976745e+00
-3.2375970412e-01
-1.1285745127e+00
1.5944417886e-01
5.2601434008e-01
1.4418203502e+00
-4.9701022796e-02
5.5785844498e-01
2.1389808531e-01
9.8407853254e-01
5.6483161993e-01
1.7297258598e+00
-9.5440054813e-01
-8.0506657140e-01
-1.8390720319e+00
-2.3138311879e+00
1.0274862757e+00
3.8649919161e-01
-7.3369308057e-01
