-3.8730303950e-02
1.0992713892e-02
8.8219411523e-02
-4.3415916770e-02
-3.4030160012e-02
-6.4077186282e-02
-5.5985983273e-02
-1.6908301547e-01
-2.3463598602e-01
7.4332366625e-02
1.8440919939e-01
-6.7887407192e-02
1.4646326741e-02
-6.5405890390e-02
4.3933642411e-02
1.3847622794e-01
2.1767141687e-02
-6.8806451841e-02
5.6480126737e-02
-2.6134423076e-01
-1.8885825925e-02
6.0514798934e-02
-7.0230669911e-03
-3.8246119178e-02
-5.4963436459e-02
6.6565678004e-02
1.7463270437e-01
-8.7877999334e-02
1.4127359967e-01
1.3505253639e-01
-2.0451743028e-01
1.6255098806e-01
1.6643901647e-01
1.6041348992e-02
3.9515153129e-02
-7.3209820229e-02
7.8814336810e-02
8.5271794395e-02
-3.3765931772e-02
-1.9608626866e-01
5.1979472833e-02
-2.1948889776e-01
2.8800971966e-01
2.3554833619e-02
-3.0376026198e-01
5.2122656445e-02
5.3073119004e-02
1.5491950766e-02
-9.0408598684e-02
8.2739577040e-02
1.0498162337e-01
1.4866925848e-01
-1.4197005534e-01
1.7938676862e-01
-9.7942981518e-02
-1.0080497452e-01
-8.8259354376e-02
5.0142006804e-02
-4.2661444604e-02
2.2434771879e-01
-3.5485582652e-02
1.0097190664e-01
-1.4872582458e-02
-7.2213140790e-02
7.8830966102e-02
-1.5456804013e-01
-9.9570211266e-02
1.4124234245e-01
-1.3429037781e-01
6.4824174379e-02
4.5323323086e-02
-4.4040638219e-02
-4.5112094781e-02
8.8494886790e-02
-6.3337018165e-02
-1.8825881695e-02
-1.3538621896e-01
-5.2748582912e-02
-2.1346803539e-01
-5.6897541962e-02
1.5180611850e-02
-1.2770632558e-01
6.1793078380e-02
-4.8719839242e-02
4.5102361532e-02
1.2920934801e-01
-1.4250943064e-01
