4.1265770342e-02
-1.7567097437e-02
4.3068778947e-02
3.1581819338e-02
3.1068342779e-03
-3.5778913401e-05
-2.1293818273e-02
5.2056310597e-02
2.6284006391e-02
-3.1843409329e-02
6.6418982703e-04
2.3272479464e-02
7.4788936336e-03
-2.8303525738e-02
-4.1549341505e-02
-9.4089294468e-05
8.7918005243e-03
-2.0252691080e-02
1.0241278320e-02
-1.8126626683e-02
3.7315484592e-02
1.0193833345e-02
-3.6988678971e-03
1.1884510121e-02
-4.4704659675e-02
-9.8412956541e-03
-5.4662411552e-04
6.1098326096e-02
3.0688636017e-04
-5.3326570805e-04
-6.5528649730e-02
4.0676823886e-04
1.7051109505e-05
-7.4412444492e-04
-6.3213463036e-04
-4.3984250495e-02
4.4398762164e-02
-4.7933857364e-02
2.8838361160e-02
-3.5326316882e-02
-1.5622122352e-03
5.5779113542e-04
-6.3103870295e-03
2.1143327585e-02
4.6192523872e-02
-3.7757111905e-02
-3.2323035790e-02
2.0679116742e-02
-4.9687336631e-04
2.7601868729e-02
-5.7716141082e-02
1.0300845691e-02
-1.0815816464e-02
3.9948955697e-02
-2.6927807637e-02
3.3667496975e-02
-9.0193015708e-03
-3.8549228528e-02
-1.2166519064e-02
6.1516826576e-02
-6.7577698990e-02
3.2218786141e-02
3.7886216929e-02
-7.0127798378e-02
6.1934531160e-02
-5.2221591995e-02
6.2074125276e-03
-2.1515301006e-02
2.3087612390e-02
-1.0773757228e-02
-7.2592934114e-04
-1.6445346893e-02
-4.8687978173e-02
-1.4455563267e-03
1.2844062021e-04
1.6034976858e-02
4.4168142394e-03
-5.5574724419e-02
-5.8354294784e-02
-2.4791042664e-02
-1.8983341513e-03
-7.2957869589e-05
2.2802880283e-01
-5.5221484375e-02
-2.6885130683e-02
-3.7659771900e-01
1.4392375294e-04
-3.5815177691e-03
4.2438272569e-02
1.9644406763e-02
-1.1110431538e-03
2.0560764173e-02
-6.5851227746e-03
2.7912724853e-02
-3.7313847218e-02
2.5863001687e-02
4.5623454994e-02
-4.3348274011e-02
-5.9395025372e-02
-4.6967430523e-02
-5.4313222082e-02
-1.3135928551e-02
1.5998724093e-02
7.1324295833e-02
3.7264811355e-02
3.3213226440e-02
-3.9611593022e-03
-3.1899168508e-03
4.4998877612e-02
-3.9188306580e-02
6.5815752374e-02
1.1457999418e-03
-2.8343834477e-02
6.4999880737e-04
-6.2194270893e-02
4.3282913084e-02
-1.1428452963e-03
2.7749282807e-02
-3.3486660464e-02
2.6193723744e-01
4.0349333400e-02
7.9433597556e-05
2.3020244003e-02
-4.3476770133e-02
5.7259000740e-02
-3.9037852995e-03
2.1084863357e-02
5.6420013951e-02
4.4375734499e-03
-2.7981043614e-03
-1.7992172137e-02
4.2366628138e-02
7.5952630403e-03
1.1058593165e-02
8.6377200706e-05
2.5159119331e-03
3.8431611831e-02
3.8274145667e-02
-5.3237330031e-02
2.2268381241e-03
-3.6885018652e-04
4.5070899798e-02
2.4978516727e-02
-6.8549137141e-02
-9.6636859190e-04
-8.8003996798e-03
3.1685170683e-02
2.3993951702e-03
8.4737749328e-04
1.4033290819e-02
-2.4870257307e-02
3.6923756254e-02
5.4575639367e-04
3.4296049080e-03
3.1014882677e-02
4.0882436603e-02
-7.7659037368e-03
-6.0836873431e-04
4.5164318575e-02
-6.2593207673e-03
-1.3936228829e-03
8.1816098461e-03
-4.2058776311e-03
-3.5883653395e-02
2.1164919661e-02
-2.9394504170e-02
6.1932180948e-03
-2.2629669360e-02
-1.4741511783e-02
-1.5823725083e-03
-3.6356983570e-02
-4.1053106815e-02
-4.6797238285e-03
-6.2131544064e-03
1.2941760049e-02
6.4091421376e-02
-3.5691388588e-05
