8.8448589426e-01
5.1406609202e-01
-2.7433394787e-01
7.5414343282e-01
5.9295390877e-01
-1.0268202339e+00
-7.8282741517e-01
2.2506734723e-01
-2.6796382093e+00
-4.3961652788e-01
2.0109586471e-01
-1.2681187569e-01
7.1737710491e-02
3.9912342333e-01
-1.0865731598e-01
1.6949971525e+00
-1.4153103280e+00
3.0459511731e-01
-8.8352859350e-01
9.4385650637e-01
1.2257817320e+00
8.9692651059e-02
-7.9486030738e-01
7.3506824399e-01
1.2215897667e+00
3.7200410985e-01
1.1801815747e+00
-6.8682473960e-01
-1.2156712246e-01
-1.4699762476e-01
7.4310727089e-02
2.0171711712e-01
3.9061444884e-01
1.0297319073e+00
2.3204302742e+00
8.3184057049e-01
1.0959948028e+00
5.6040668950e-01
-3.1481264878e-01
1.1318964403e+00
-1.3918104846e+00
5.9109165203e-01
-6.6530117814e-01
-5.7015942772e-01
-8.4467387801e-01
5.0981702129e-02
8.8293873088e-01
6.4841325935e-01
-8.0674010985e-01
1.3111330464e+00
1.8548748406e+00
-6.8795463463e-01
2.0523047772e-01
-1.3431841161e+00
-8.3909475269e-01
-6.7580826315e-02
-8.1181802367e-01
3.8956163153e-01
2.7928694536e-01
7.4493774060e-01
-5.2225814462e-01
7.8433300478e-01
1.0832777704e+00
-1.0014774308e-02
1.3116081328e+00
-1.1245665569e+00
5.0083653476e-01
6.4498697437e-01
-1.0881182886e+00
5.3044463389e-01
1.7318252527e+00
-4.8153815467e-01
9.7891895244e-01
-4.5431252131e-02
4.0311470710e-01
1.1708123976e+00
-8.5348141987e-01
-1.4744992788e+00
7.5925666361e-01
1.6118615267e+00
-3.7689140127e-01
9.8250654857e-01
-3.1459255834e-01
8.1782008847e-01
-3.7007184089e-01
5.9490757741e-01
-1.9084672095e+00
2.4739772356e-01
1.5256848622e+00
-1.2513756722e+00
-1.7538734090e+00
-4.5255192537e-01
9.0805099033e-01
4.1343745068e-01
8.1583547905e-01
-1.8500466817e-01
-7.4004526491e-01
6.0094301148e-01
4.1150248416e-01
-1.7013688810e+00
-9.4099961858e-01
1.9247411205e+00
3.9496358723e-01
1.2919729125e+00
1.0988020430e+00
6.0479015223e-02
9.5027063008e-01
-5.3347418583e-01
7.9847553396e-01
6.0431349086e-01
5.3434394015e-01
6.3751342581e-01
-8.4274837300e-01
1.2880013497e+00
7.9741609458e-01
1.1207740282e+00
-8.9800892619e-01
1.7364141459e+00
3.5496140545e+00
9.9973852019e-01
3.6918928780e-01
1.8180500153e+00
1.9149489489e-01
-1.4252586858e+00
-5.1556788229e-01
1.6289802918e+00
1.0593716624e+00
-7.9469572786e-02
2.8483953389e-01
-2.3401668003e+00
-2.1870726504e-01
9.6062998929e-01
1.0075886570e+00
-5.1906773048e-01
1.9417443218e-01
-6.7123914822e-01
-4.4766955620e-01
-1.5044063579e+00
-1.5207936372e+00
1.1348372014e+00
-2.9507915653e-01
1.0139807023e+00
-6.0930527104e-03
-1.4568177485e+00
1.6404614915e+00
-8.9037082453e-01
-1.7589087461e-02
3.2308119324e-01
5.9201641373e-01
-1.4105657638e+00
1.5677230048e-01
5.4265840058e-01
9.9583911641e-01
-1.4478426573e-01
-6.2721645176e-01
1.1040081321e+00
-1.6692099259e+00
1.1295617331e+00
2.9170664132e-01
-1.9304820340e+00
7.2248618878e-01
-8.9684165458e-01
-7.7504844499e-01
-1.0204927426e+00
-1.1860402892e+00
5.2786722184e-01
-1.0147144524e+00
-9.5956963407e-01
-8.6985734245e-02
-2.2595669803e-01
1.6400472893e+00
-8.6283422255e-01
-7.0373295401e-01
-4.5024815194e-01
-7.3608058282e-01
1.3291941514e+00
-4.8132112748e-01
-7.6214177384e-01
-1.0988803554e-01
8.9050580235e-01
6.0629179977e-02
1.1354334988e+00
3.9196368062e-01
2.8818566556e-01
3.5392720729e+00
1.1878663379e+00
7.7601630832e-01
-3.1305485037e-01
6.0301269032e-01
9.5807918972e-01
-6.2769490498e-01
8.4460481656e-01
6.8491022286e-02
