-2.5662139764e+00
4.7499301259e-01
5.7547259790e-02
5.8011889505e-01
7.3810113077e-01
2.0851113872e-01
5.7446088140e-03
2.1395632878e+00
-1.4142887646e-01
1.2813774048e+00
-6.3739943422e-02
-1.0975557359e+00
-8.8219116657e-01
-5.9541567756e-01
3.8340348222e-01
-1.4616114963e+00
-4.8803716731e-01
-4.9116408404e-01
-1.4487984983e-02
-6.1160615903e-01
6.5793491374e-01
-7.3591435375e-02
-1.1861799726e+00
1.8507433755e-01
1.1135777285e+00
-9.6269059986e-01
-2.2648877780e-01
6.8441268263e-01
1.2282403576e+00
1.9694604934e-01
5.2965795408e-01
6.5244182435e-01
-1.0615088676e+00
5.4900742821e-01
1.3228135106e+00
-5.4757801481e-01
-1.8102070712e+00
9.2672088891e-01
-5.7270949632e-01
1.5568055930e+00
-8.1763877669e-01
-1.5599459973e-01
3.5147063881e-01
4.8831351137e-01
1.5137043428e+00
-7.1587125558e-02
2.5333603707e-01
-2.2057683579e+00
-8.8233921872e-02
-2.9997653384e-01
1.1362197725e+00
-8.9665292454e-01
-5.0856839477e-03
-6.9460434804e-01
-3.3235853248e-01
5.7044122822e-01
-1.2253056632e-01
1.1971576711e+00
1.7529489029e+00
1.5349177059e-02
3.3315683271e-01
1.2835223412e-01
5.7993398948e-01
2.1402049578e+00
-7.2758245364e-01
-1.0490207031e+00
-1.0428071848e-01
4.6055720223e-02
-7.9378123641e-01
1.6012301686e-01
3.8100208006e-01
6.0433153813e-01
-2.3560987748e-01
-2.7725969196e-02
-1.9299319608e+00
-5.7591961417e-01
7.9211334009e-01
4.6462018206e-01
-1.3393243130e+00
-5.0489919980e-01
-4.8117109960e-01
-8.4702262344e-01
5.7707710311e-01
8.9427374290e-01
-1.7480852399e+00
4.1677726428e-01
-3.4994373563e+00
-3.5648195513e-01
1.3355381725e+00
8.0390717514e-01
3.6002120579e-01
2.0104081381e+00
-1.0856156769e-01
5.9591003156e-02
-1.1727618778e+00
2.7304418068e+00
-6.5283047664e-01
-3.3828673015e-01
-6.5928746174e-01
3.0738937123e-01
5.7830839958e-01
-4.9562747348e-01
1.6791750622e+00
-1.9829535038e+00
5.4903399661e-02
-1.2717863452e-01
-3.0332835341e-01
3.2407263215e-01
-5.0547820672e-01
-2.4614805352e-01
-1.3473792184e+00
-2.0968966781e-01
