8.0362794953e-01
-2.6599101872e+00
1.4565808137e+00
1.4995837231e-01
-9.3382006476e-01
-8.1484279861e-01
-9.0183889129e-01
5.5438232026e-01
4.0055051860e-01
-1.0574080992e+00
8.8660918248e-01
-1.3884305218e+00
-1.0996564063e+00
-1.2354545403e+00
-7.7706798007e-01
1.4707345688e+00
1.1324448003e+00
1.6088745049e+00
-7.4168341565e-01
-3.0343905656e-01
1.1605995468e+00
-5.2643838256e-01
-6.1949525485e-01
-4.9953875253e-01
1.6612747735e+00
6.8232849659e-01
-2.3959920449e-01
-8.9771651328e-01
1.6570058510e+00
-7.4063440709e-01
3.5485095749e-01
-6.9937417245e-01
6.3831075930e-01
-1.3540207651e+00
-4.7785357794e-01
1.7589109133e+00
5.3204177070e-01
-7.6023920728e-01
-4.2483582133e-01
-2.3922243108e+00
1.4507592820e+00
1.1845362013e+00
-3.8376854922e-02
-4.1049558143e-01
3.5508887868e-01
3.2817927228e-01
-9.4887847154e-01
-1.8458456086e+00
4.2699152120e-01
-9.5907173644e-01
-6.2966153755e-01
-2.1863812903e+00
1.0376287910e+00
1.2496054989e+00
-1.0472345591e+00
7.5595040351e-01
6.2332230022e-01
3.0300355158e+00
1.1488567489e+00
1.0440919794e-01
-4.3180486530e-01
1.1806775892e+00
-6.9022001161e-01
2.3210655692e-01
5.7275576307e-02
-8.2113161300e-01
9.7244189339e-01
3.3275327556e-01
8.2575211631e-02
1.3539666064e+00
-1.5532399138e+00
-3.7256785035e-01
-1.4912445996e+00
-1.2779667953e+00
-6.9320514561e-01
2.0617938499e+00
1.3662009876e+00
7.8780821973e-01
-1.2501328234e+00
-7.7968557385e-01
3.0279072655e-01
1.3103487112e+00
6.9885775058e-01
-2.2711427355e+00
-5.3882445430e-01
-1.6032040358e+00
1.5246948390e+00
6.8327997663e-01
-2.2821483352e-01
-4.9941697878e-01
1.9977862922e-01
7.0139753479e-01
1.8541145846e+00
7.2434288010e-01
-1.8639713966e-01
1.5339972666e-01
2.1988221201e-02
-1.0374415612e+00
4.1895238855e-01
1.4460419792e+00
-6.9923905444e-01
1.9650517427e-01
8.6785837741e-01
-1.1400025513e+00
-7.2499926911e-01
1.2156993597e+00
-7.2440221179e-02
-1.3518527182e+00
8.1350311721e-01
1.1309881042e-01
-1.0216102382e-01
-8.6950140431e-01
-1.4185633211e+00
-5.3355464747e-01
-2.4030567582e+00
-1.7433737730e+00
-1.5100327028e+00
6.4699630868e-01
-6.2558100542e-02
-2.7361235332e-01
1.8083976954e+00
6.1210200086e-01
1.1532926239e+00
-2.5119978116e-01
6.1077589461e-01
-4.9046369509e-01
1.2153120476e+00
-1.0706108988e+00
-1.3343688006e+00
2.8553899727e-01
-1.5147936105e+00
-7.6693923530e-01
-1.4098390279e+00
-4.7745625095e-01
2.4913865960e-01
5.2561807319e-01
-1.1246367409e+00
6.5478557155e-01
5.9959490546e-01
1.0315604108e+00
-8.0153685089e-01
-1.1425108149e+00
-3.0795426733e-03
-1.4101817848e-01
8.9734556887e-01
-6.1332412329e-01
-1.3767890850e-01
1.1869078610e+00
-1.3183585801e+00
2.9280413394e-01
-8.0997178634e-01
3.2028880449e-02
-6.5626952855e-01
2.5787075054e-01
-1.8090143536e+00
-1.3923460248e+00
-1.0537091847e+00
1.2832106930e-01
-3.1004905119e+00
8.5161118261e-01
-9.5397529111e-01
1.5953192453e-01
-9.9924620232e-01
-5.2760288901e-01
-3.1015407950e-01
1.2327429723e+00
2.4109415437e-01
3.4525791508e-01
-1.3971323898e-01
1.2107779567e+00
1.6853796947e+00
-4.6250222743e-01
6.2686643611e-01
-5.8415241825e-01
6.2035141456e-02
-2.8520688335e-01
7.2026119196e-01
1.5339195951e-01
-2.7367564978e-01
-7.7727384159e-01
-1.7978098418e+00
4.0562096943e-01
1.5984543170e-01
5.4977792696e-01
-3.6850088261e-01
-2.4901648924e-01
-1.6062553320e+00
1.3402232979e+00
2.5585277730e-01
2.5394445745e-01
1.1473019333e+00
2.7146452590e-01
1.9765904647e+00
-2.0014519626e-01
-1.9259646746e+00
-1.0284383600e+00
-3.5536078099e-01
1.0884703028e+00
7.0335632171e-01
7.2365836762e-01
1.4186398647e+00
-7.4649813508e-01
2.8414260671e-03
4.1049813063e-01
2.7048743543e-01
-9.4269946363e-02
-3.0140145720e-03
-1.1230789159e-01
9.4561064389e-01
-1.1667874606e+00
2.8759468861e-01
