7.5775663981e-02 2.4638754159e-04 -1.3849705574e-02 -8.9404360553e-02 5.7300122938e-03 8.3541225172e-02 -1.3485280063e-01 4.7054100819e-02 -1.2098705899e-01 -1.3647256381e-02
-1.1918860445e-01 -5.8371388501e-03 -4.8131908551e-02 -1.0584004140e-02 -2.1072997041e-02 -1.7784354509e-02 4.6084268700e-02 -1.3524686356e-01 5.4659373753e-02 -6.2631484399e-04
4.7031472450e-04 -8.0574658029e-02 -2.1817359659e-02 1.1564372630e-01 1.7426646191e-01 -1.0735335444e-01 1.0394952882e-01 -6.6283593265e-02 -2.0939312064e-02 3.2072825049e-02
1.2629074822e-02 5.2620640196e-04 4.9252936356e-03 -1.3341024521e-01 -4.5815808354e-02 -6.3753550151e-02 -3.4124577488e-02 7.8837614328e-02 -3.4478503891e-02 9.6471334313e-02
1.5616569434e-01 -6.5082949303e-02 -6.6325359709e-02 -8.4468175897e-02 -4.6059205197e-02 1.5124384122e-01 1.4671447148e-01 -5.0940787860e-02 -7.4624862398e-02 3.3898970560e-02
-7.0599019141e-02 3.2003980273e-02 8.8032070897e-03 6.5888964341e-02 -9.7864487979e-02 1.0028997866e-01 -1.3542504244e-01 9.9207253752e-03 -1.0188608845e-02 -1.1285892125e-01
1.5713593269e-01 -9.2969085433e-02 -1.4097722228e-01 5.3198885502e-02 -1.3626372600e-01 1.5133478730e-01 2.5710175734e-02 6.9182875139e-02 7.7720429756e-02 -1.5779740294e-02
-2.4262518565e-02 -1.4785983364e-01 -1.3039700391e-01 1.5275658369e-01 -8.6087515695e-02 1.5621362864e-02 5.2532184268e-02 -8.0484946021e-02 7.3534645062e-03 4.5171102975e-02
-5.0251432794e-02 -8.8605496343e-02 -4.3753113812e-02 -5.1270665725e-02 -2.4515086345e-01 -1.2024143752e-01 -2.5798888788e-02 1.0690997209e-01 -3.2194389654e-02 7.5323916556e-02
6.6961196238e-02 3.0339815059e-03 4.7709630735e-02 2.5255254611e-02 -8.9254238862e-02 -1.0775006661e-01 -1.6165849121e-01 -4.2901130750e-02 -7.8444040055e-02 -1.1746702334e-01
-9.2824978807e-02 8.5165863111e-02 1.6539260026e-02 5.2062009944e-02 -3.8057995428e-03 9.3796307328e-02 2.3396980629e-02 -5.8226076995e-02 1.1304460904e-01 5.4589964133e-03
3.1487508383e-02 -1.3865302501e-01 -2.6791751525e-02 1.4544453951e-02 -1.6123455215e-02 3.4804925861e-02 -1.9026220863e-01 8.8339327852e-02 -2.0117372308e-02 -1.5084457858e-02
-3.2896405500e-03 -4.2013727627e-02 2.0654600504e-01 5.7919500465e-02 -1.7593188713e-03 -4.7242775511e-02 1.0232693029e-01 -3.0381686474e-02 -7.5410022222e-02 -4.2716897656e-03
-4.1890343459e-02 -6.3042850807e-02 2.8757254446e-02 2.0752518111e-02 -1.1488602589e-01 5.3139042764e-02 1.1442093389e-02 -3.1843911607e-03 2.6461598802e-02 -3.1373945045e-02
-5.7270337201e-02 -1.4694608913e-02 -6.4246866072e-02 -1.1474923828e-01 -3.4748866563e-02 -7.6959458026e-02 -9.1558427530e-02 1.0331588627e-01 -7.0751627684e-02 2.5995178859e-02
9.8558579257e-02 -3.8280484132e-02 1.2977620280e-01 8.0649672070e-02 -1.0660897121e-01 -1.7784853861e-01 3.4528609261e-02 2.7720657588e-02 6.5236386247e-02 -1.0228702470e-02
-2.1730943942e-02 -1.2086378658e-02 -4.6975971462e-02 2.4715327812e-02 3.7146129153e-02 -1.9610797041e-01 -1.1019182121e-01 1.1507159215e-01 4.9926027806e-02 -1.6039162710e-01
-8.0527895679e-02 7.6027684677e-02 4.5359309497e-02 -5.8698681886e-02 -2.4212023053e-02 5.2499989013e-02 -2.9673818279e-03 3.8036055056e-03 2.7415149157e-02 1.3215919168e-02
1.2166446000e-01 -4.6803385401e-02 3.1451852194e-02 -8.2211380036e-02 -1.2186086750e-01 7.9485563873e-02 -6.7119266274e-02 -1.6890891760e-01 5.1024744094e-02 9.7564041846e-02
-1.3276353979e-01 1.3971280790e-02 -8.2374950202e-02 5.3638798850e-02 7.6071299610e-02 -8.7112571763e-02 6.8156515144e-03 4.7260554684e-02 -1.3141889123e-01 1.6100510679e-01
-2.3148800082e-02 -6.6451386554e-03 7.6876180642e-02 -8.1821361518e-02 -2.2057880010e-02 -3.9617336220e-02 -1.6005380456e-01 -7.9251619558e-02 9.8171833127e-02 1.2871025775e-02
1.1047179761e-01 3.1807598848e-03 -6.5135081821e-02 1.4026359959e-03 -7.9180021206e-02 4.1852606822e-02 2.4254787411e-02 6.2124871385e-02 1.1867621981e-01 -1.4756031056e-01
-7.3053706047e-02 1.3274590114e-01 7.1700426472e-03 1.3869306469e-01 -9.0350737935e-02 7.3915151939e-03 4.1056849031e-02 9.7760284481e-02 -1.3227467672e-01 -5.6486781438e-02
-1.0559266786e-01 3.3639656003e-03 6.9833474254e-02 -6.3143595199e-02 3.6691311274e-02 -1.5563053555e-02 -1.2984405390e-01 1.1080473966e-01 -2.5019223235e-02 -1.7306397661e-03
-8.8768782957e-02 1.0759724512e-01 1.6365803830e-02 -3.3566414792e-02 -2.9984303400e-02 -5.6794893108e-02 2.1890813728e-02 -7.2853830002e-02 -1.4253138214e-01 -5.0322207224e-02
1.0012795902e-02 6.7109833874e-02 -1.4378288968e-01 7.3445147775e-02 3.7174079297e-02 -3.4610781501e-02 6.7258893506e-03 -1.5584370762e-01 7.6619936043e-02 -6.1829554216e-02
-1.9684072460e-02 7.2212196402e-02 -1.2110156223e-01 1.8569051360e-02 -2.7426431874e-02 -8.8668685565e-02 1.9758141644e-01 7.0959007428e-02 2.9493257310e-02 -1.7613006460e-03
-4.1148897730e-03 4.0600084620e-03 1.7171672721e-01 4.3544854327e-02 9.9580377738e-02 -3.4390666177e-03 -2.8784262650e-02 5.1582018641e-02 1.9660066428e-02 2.5202876423e-02
-7.2306564732e-02 -3.5756035109e-02 7.1206287981e-02 -1.2801096862e-01 2.2266400318e-02 5.9331107873e-02 6.5258746328e-03 1.2188173454e-03 -5.2891361299e-02 1.2291516753e-01
-5.1898833034e-02 -9.5493689832e-02 8.3708444842e-03 8.6806768733e-05 1.8319885489e-01 -3.7430686063e-02 9.9779272939e-02 2.4703987706e-02 -5.9323924590e-02 -1.1974291080e-01
-4.5230928872e-03 5.6115830051e-02 6.4840329260e-02 1.3336254499e-01 -6.6103818021e-02 1.6249819810e-01 -1.3688124335e-01 -9.3371474219e-02 3.5343739036e-02 1.3340041235e-01
-9.4279652525e-02 -4.0267184043e-02 -1.2857320433e-01 -2.4408694739e-01 1.2832047775e-01 6.4460872917e-02 -8.7955708480e-02 -4.8354474155e-02 1.3336298335e-02 8.8812036917e-02
5.4028169703e-02 1.3245023271e-02 -1.0648641065e-01 -1.5239252977e-03 1.1948301334e-01 -9.0821124752e-02 -7.1514184875e-02 -8.1381003191e-02 1.9970139850e-02 1.6194849790e-01
1.4596125935e-02 3.7865927008e-02 4.0866690480e-02 5.6075470029e-02 -2.1209716334e-01 -1.0870008320e-02 -1.0014177393e-01 -7.2061896575e-02 2.6143383250e-02 -6.0690513293e-02
1.0796542364e-01 -5.1073460700e-02 -3.4841855144e-02 -6.3822727777e-02 -9.9596397733e-02 6.9117352396e-02 7.0326363694e-02 3.9295348718e-02 1.3857147343e-02 -4.4431933753e-02
-3.7876029300e-02 -2.2620041705e-02 3.5908529983e-02 -7.6963729271e-02 8.4179392847e-02 1.2912728945e-01 -5.9220347907e-02 6.3002867066e-02 6.9909080964e-02 1.3106098415e-01
2.6366650032e-02 -1.0148926699e-01 1.3104899847e-02 9.2730160151e-02 1.0773669966e-01 6.6393670303e-03 -1.0375127573e-01 2.4587144424e-02 -6.9348961841e-02 -1.4490493631e-01
-5.1300914121e-02 1.3749365151e-02 -9.1992676798e-02 -6.2315513802e-02 2.4440428798e-02 1.2012721042e-02 2.5352780907e-02 5.9183242833e-02 4.3424097644e-02 2.4057889426e-02
-9.1108518087e-02 6.8311430969e-02 -6.9305381625e-02 -1.2354056241e-01 4.3485604892e-02 -9.5612767255e-02 -7.2359496045e-02 1.0392086133e-01 -8.8253176618e-02 1.4399389002e-02
-7.2688943481e-02 -6.4957458667e-02 1.6272310586e-01 9.2287687126e-02 1.8763233539e-02 4.7500269424e-02 -2.6914097529e-02 9.1182396180e-02 4.9454806106e-02 -1.4932781530e-02
7.4691208028e-02 -1.5440386169e-03 -4.3598592658e-02 3.2792244864e-02 -7.5753251459e-02 1.6660683229e-01 2.0645561640e-02 -1.7108649138e-01 8.5625768066e-03 -5.6501886681e-02
5.6092475494e-02 -2.1910208362e-01 -1.4253994328e-02 2.0783985699e-02 4.8191659165e-02 -1.2009791221e-01 1.2655439189e-01 4.8999678147e-02 -7.2100913382e-02 5.7112737861e-03
1.9499998658e-01 -1.0077071802e-01 -9.8314819709e-02 3.1033085262e-02 -3.2963715460e-03 4.3996551157e-02 -1.6307516945e-01 -2.3273030496e-02 5.0959450072e-02 4.1406424659e-02
8.4487899152e-03 5.7227121908e-02 -2.3445265190e-02 3.2087096554e-02 -1.3585125981e-01 -2.2907958989e-02 -7.5625288658e-02 1.0050512951e-01 -5.3067978388e-02 7.6417900052e-02
-1.9119637803e-02 -1.0521864011e-02 2.6939985189e-02 9.4572597542e-02 2.3296119757e-02 -4.6868264539e-02 1.0882205368e-01 -2.6436330878e-02 -8.5557146682e-03 -8.2030190162e-03
-2.0741430273e-02 2.9489945923e-02 2.2582147805e-03 7.3944136026e-02 1.3669543192e-01 -8.1576597635e-02 -7.4534795834e-02 2.6732158589e-02 4.7647747778e-02 -1.0196570291e-02
2.1163475613e-02 -1.1006066355e-02 6.3124478370e-02 -2.6774350028e-02 2.6418826752e-02 -1.0764015316e-02 2.8880962496e-02 5.2391596651e-02 -2.3752403583e-02 -6.7588245684e-02
6.8229531401e-02 -4.0085442763e-02 -2.0472386525e-02 -9.9985062891e-02 1.6901710828e-01 -5.6023208328e-02 2.6679087511e-03 -9.5862717083e-02 -4.8826167386e-02 -1.1309192922e-01
6.1477565628e-03 -7.3653606905e-02 7.8843872528e-02 -3.0738020397e-02 -5.8687085208e-02 -2.4235733498e-03 6.6185508084e-02 1.7882903222e-02 4.1434514901e-02 -5.1952826264e-03
2.1366522493e-02 5.5619294267e-02 1.9630635943e-02 -2.4845719134e-02 1.1981748072e-01 -7.8946969188e-03 -4.7031621033e-02 1.6976788442e-02 -3.6135102259e-02 -1.0307370835e-01
1.6293447884e-01 -5.0621673240e-02 -3.3809550948e-02 2.5795473696e-04 -1.3872693801e-01 -6.5636094902e-02 -1.9074557132e-01 -5.6051486724e-02 1.6016683637e-02 3.2974205459e-02
-1.2665352954e-01 9.3574526271e-02 2.3904555677e-01 -1.4473694564e-01 -1.2498910124e-01 1.6082690798e-02 -4.9048691865e-02 -1.0161589888e-01 -1.0337118460e-02 -2.0714716356e-02
1.4872763510e-01 -1.5907288004e-01 1.1105208837e-01 -3.0535161235e-02 -6.7102081345e-02 9.1662890154e-02 6.5001338691e-02 5.1099340995e-02 -7.4253583296e-02 -4.0529451476e-02
-1.7193791464e-02 -9.1435884592e-04 -2.0638214816e-01 2.2647236224e-02 -1.3291835435e-02 8.7376568587e-02 1.1285408497e-01 -1.6160703323e-01 9.3384403936e-02 -6.3633983510e-02
2.2257221658e-01 -7.0179221308e-02 -2.7692916255e-02 2.4551468698e-03 -1.7642241401e-01 -6.1390217503e-02 4.8002438332e-03 -1.2941242286e-01 6.1973513945e-02 -6.4905977271e-02
-9.9052560096e-02 -1.1363611817e-01 3.2636168272e-02 2.0032968355e-01 5.2567386382e-02 8.0261600592e-02 -6.7086398618e-03 4.1263903840e-02 9.8770831301e-02 1.1412936487e-01
-2.5635008262e-02 -9.3383643687e-02 -2.8230056367e-02 -3.9635641880e-02 1.4285418992e-02 6.7224457389e-02 1.6215889219e-01 1.2112854952e-02 1.0481871259e-01 -7.5347291032e-02
1.4307459575e-01 -5.5457159326e-02 2.6177422330e-02 4.0447879701e-02 -5.1909504637e-02 1.0749112368e-01 2.2428988731e-02 2.0505721116e-02 -1.1273328036e-02 6.2898628447e-02
7.5646630308e-02 -3.7671722812e-02 3.1532521231e-02 8.6741373441e-02 -4.4025788096e-02 -3.9259450218e-02 -4.4094875747e-02 2.7508691712e-03 1.4774954079e-02 6.3409830157e-02
-6.8174236687e-02 7.1034231760e-02 4.6309929178e-03 -2.6603558056e-02 -1.3399340192e-01 -2.4437588398e-02 -1.5777094487e-01 1.7381592916e-01 7.6538671055e-02 9.0142099263e-03
1.9504772005e-02 -1.2783458655e-01 1.0429683416e-01 -1.2295476567e-01 1.3852613115e-01 1.2797836348e-01 6.0611033963e-02 4.5729622211e-02 -6.2764536431e-02 -3.8536228519e-02
-2.1040761545e-02 -4.2032282190e-03 9.8910082777e-02 -1.5606581974e-02 -4.2177813880e-02 7.1033509521e-02 9.6269839057e-02 3.0868316757e-02 3.1880552265e-02 -1.1727786157e-01
-2.6120913344e-02 7.8627768605e-02 -1.0701673394e-01 2.6628359789e-02 -1.2023975691e-02 1.6192964041e-02 -5.9135043033e-03 -1.2712943901e-01 7.6871228383e-02 -4.0755070212e-02
5.1518347578e-02 -3.6854282979e-02 -3.0115191963e-02 -1.4900718924e-02 -4.6353835437e-02 -6.9032095332e-02 9.8158632087e-02 -1.6480323831e-01 -1.2106847931e-01 5.3155967297e-02
-7.7976716312e-03 -2.0003691968e-02 -5.4109729868e-02 -3.3986816151e-02 5.9238655461e-02 2.7199451079e-02 2.2246502998e-02 6.6199837512e-02 1.7021671114e-03 -9.7627673928e-02
-1.1968751460e-01 -9.1678372858e-02 3.9736538880e-03 4.8499707867e-03 2.1291723718e-02 -1.4149286457e-01 -5.5589351519e-02 -7.2059730313e-02 -2.9991485336e-02 -3.7960241790e-03
-8.9852927492e-02 9.2899523237e-02 -2.8562165234e-02 -8.9283622640e-02 3.5353615668e-02 -8.2473294881e-02 1.1130190274e-01 1.1713058143e-01 -8.1466054973e-02 -5.4014477300e-02
-3.0022809977e-02 -8.3653532678e-03 9.7310073923e-02 2.8482921174e-02 4.2435932028e-02 8.5982860655e-02 -9.2205064706e-02 -6.2564207802e-03 -1.7373572542e-02 7.1724174084e-02
-4.8365761816e-02 -1.1551864157e-01 -4.4789328690e-02 4.0705183767e-03 8.9800568553e-02 -9.9080236467e-02 -1.0889952023e-02 1.1504917043e-01 6.3169745906e-02 1.7290721894e-01
7.4273132794e-02 4.4239731369e-02 -1.8212211300e-01 -9.0172664330e-02 8.5828908659e-02 1.1600576999e-01 -2.3490297584e-01 5.6775392241e-02 -6.8928484275e-02 -8.9651663696e-02
-3.1298352163e-02 -4.5093709952e-04 -9.4836306936e-02 -1.0214085704e-01 1.9824405019e-01 -3.2130637292e-02 3.5842167013e-02 -1.0869950587e-02 -1.2102920923e-01 3.8471848279e-02
-2.3465284975e-02 -2.2715252249e-02 5.3566143815e-03 3.1995352291e-02 -2.9116382360e-02 3.6504391230e-03 2.8692656543e-04 -6.8676081343e-02 -8.4123750422e-02 3.9025011319e-03
8.8781302366e-03 1.6109990043e-02 -9.8596134043e-02 -6.6234938268e-02 3.5330595897e-02 9.7716852716e-02 2.2601802056e-02 -8.5859777397e-02 -1.2299412568e-01 -8.3566072214e-02
-3.5381428333e-02 -9.3833306654e-02 -8.1698015273e-02 -1.2356051533e-02 1.3337050027e-02 1.1935620162e-01 5.1964111897e-02 4.0615233722e-03 4.1621646151e-02 3.9289520658e-02
1.0545064955e-02 2.5787023605e-02 -5.9743237127e-02 2.6756590805e-02 -1.9548395572e-01 5.5885259832e-02 -8.2281481820e-03 6.1396926061e-02 3.5382365734e-02 4.4844539957e-02
6.0843826031e-02 -6.7975523975e-02 -6.9349356107e-02 -1.0036272143e-01 1.0318154014e-01 -2.4999374560e-02 8.6803013056e-02 -6.2647843506e-02 -3.7366613598e-02 -6.2503219538e-02
-9.0796528777e-02 -4.9566504131e-02 7.5529882357e-03 1.1878915677e-02 -2.2969003920e-02 -1.2797978487e-02 2.0285396904e-02 8.9017952287e-02 1.0672275262e-01 -5.0239502298e-02
1.5519474232e-02 3.4328550366e-02 -5.8639769480e-02 3.0168438181e-03 1.8636493558e-02 -5.4622511090e-02 -3.5239217907e-02 -2.1482174733e-02 -1.7370216778e-02 -1.9041926918e-02
-1.2941666109e-01 -6.1536641178e-02 5.2603545474e-02 -6.9031019201e-02 5.8301177307e-03 -1.3179007199e-02 4.2288827887e-02 6.1905650238e-02 8.2065620574e-02 1.3384080154e-02
-6.6655616618e-02 -3.5010204639e-02 3.3989579093e-02 -8.3524892180e-02 6.6551072436e-02 -2.2897706046e-01 -1.0576556339e-01 -7.9941692622e-02 1.6018548177e-02 1.4727658572e-01
-2.9258694626e-02 2.0425790284e-02 -1.0016972941e-01 9.5725579228e-02 1.9799163095e-02 -2.8359608495e-02 9.0411126020e-02 -3.9239434567e-02 -5.7913488481e-02 1.1903499220e-01
-4.9328894947e-02 -3.8289825802e-02 -1.4705586107e-02 3.0484977811e-02 -3.3225341303e-03 9.2744419790e-02 5.8846059488e-02 -5.2303026138e-02 -6.9911156782e-02 -1.1349611564e-01
-6.6289000375e-02 4.9499390441e-02 -3.2520189066e-02 9.9011619939e-03 -1.6655695606e-01 1.1730966716e-01 5.2213967350e-02 3.6622133631e-02 -1.7535472259e-01 3.4600925871e-02
-1.3519597591e-01 -1.7902509633e-01 -3.3884484408e-02 -1.3285909436e-01 -6.8437610482e-03 6.2302211043e-02 -1.0527722743e-01 1.4888007575e-02 8.6419654653e-02 8.2995921293e-03
1.3604097865e-01 2.0106079827e-02 8.4219281852e-02 3.3068425793e-02 -1.5968104719e-01 2.8650516574e-02 1.0417066924e-02 -3.7099411408e-02 -4.3698926334e-02 -1.0872789981e-01
-1.6712809326e-01 -1.8370463150e-02 4.5986040226e-02 -1.3165209949e-02 5.0908683194e-02 7.1317098499e-02 -7.9607966061e-02 -6.5290689670e-02 -1.1451381655e-01 -2.2052266274e-02
-8.2675801090e-05 -1.5346123515e-02 3.3250760701e-02 1.4054634918e-02 7.6816865184e-02 3.5372621722e-02 -2.6505588900e-02 1.0615450692e-01 7.0192932436e-02 9.9784635412e-02
-3.0519248466e-02 -8.2251145318e-02 -1.1689216675e-03 1.7137462292e-02 -1.4583955306e-02 8.4364729824e-02 1.3294990357e-01 -2.1440419538e-01 6.7336928957e-02 -4.3789581603e-02
-8.5915942561e-03 5.6406237022e-02 -2.3777141559e-01 1.8014057852e-01 -1.0654002007e-01 1.8195400798e-02 1.1993512170e-02 -3.5628898903e-02 1.8340251682e-02 6.2566750454e-02
9.2059627279e-02 -1.0255758099e-01 1.4059749553e-02 5.5457928157e-02 -1.1984910342e-02 -4.3832345568e-02 3.8352672077e-02 5.2330470963e-02 -1.0764834687e-01 -2.2633125930e-01
-8.6044652124e-03 -2.0580540604e-02 -1.3994842443e-01 1.1992649738e-01 2.4979107363e-03 -9.2732006629e-03 -9.1748133299e-03 -5.4145711387e-02 -2.5505941941e-02 5.2655371735e-02
6.0121791382e-02 1.1573465720e-01 -1.0395822306e-02 -7.1875883132e-02 -2.6175620631e-02 1.1074562761e-01 2.5787579918e-02 3.9674409462e-02 6.7107532273e-02 -5.8522449495e-02
-1.3587206634e-01 3.5026266377e-02 -4.2853144933e-03 -8.9434509231e-02 8.9009895921e-02 1.5088686047e-01 -5.7622418315e-02 8.2022042835e-03 -1.1075537412e-01 -3.3960777411e-02
-3.1255580005e-02 -1.2408471013e-01 3.3792205317e-02 7.3362249333e-02 6.7502596416e-02 -1.3296275878e-01 8.9349147535e-02 -3.9237709528e-02 1.2016471817e-02 -9.6686466194e-02
-1.0725287076e-02 5.6769410836e-02 -5.4532145993e-02 7.2985581268e-02 -4.7506290573e-02 4.2779388418e-03 -4.0748023076e-02 -8.6493646884e-02 7.4634883450e-02 1.1017402260e-01
-6.2987135131e-02 1.2588820223e-01 -5.3658335494e-02 -2.8404604039e-02 -3.5429350519e-02 -3.9387501459e-02 -1.6247888557e-01 6.8124057010e-02 2.0576775442e-02 1.7772670716e-02
1.1356809805e-02 1.4057466300e-02 1.6195922756e-01 -5.0528197235e-02 4.4843013652e-02 8.0009112527e-02 -1.3366312035e-01 4.8792373651e-02 -6.7643824691e-03 -6.5268811178e-04
-9.0785646163e-02 -2.0298202903e-01 2.1798236277e-02 -1.1395483110e-01 -4.7849050968e-02 -5.6591415636e-02 -5.9294343037e-02 -6.4427367714e-02 1.0837928673e-02 -4.0792435062e-03
-5.5452960648e-02 -2.3932502774e-02 -8.5678415628e-02 -1.6739624034e-02 1.7354611950e-02 7.7991387786e-02 6.7469165465e-02 -8.2360133817e-02 4.9066967512e-02 -5.3014528989e-02
1.4009617358e-01 -3.6248780129e-02 -2.8666535982e-02 -7.9415662474e-02 7.7017143607e-06 1.0662657597e-01 2.9098063854e-02 -4.8294100397e-04 5.4142594605e-02 5.5616167077e-02
-9.1594109429e-03 -5.2666500742e-02 -1.0035084393e-02 -1.1151407617e-01 -1.3860261658e-01 3.0695561893e-02 -1.3815068777e-01 -3.4772499648e-02 1.3851830299e-01 8.0372612582e-02
-9.8446785811e-02 4.0966368969e-02 1.4311546140e-01 2.3987812370e-02 -3.7116596935e-02 1.1477808386e-01 9.7509257655e-02 -6.6136319146e-02 -1.8001986766e-02 -1.2947632609e-01
8.2889010087e-03 -1.1646942692e-01 -2.2680270351e-03 2.0999161714e-02 -6.7566720822e-02 9.2392946433e-03 -8.0788256453e-02 -7.1977397310e-02 9.6672481851e-02 -3.5815761523e-02
-1.7337579868e-01 -1.4188620509e-01 -1.2489034433e-01 1.1845379198e-02 1.2596384810e-01 -1.1885478814e-01 6.7434942125e-03 -1.0523691197e-01 1.3263656085e-01 -9.1449808018e-02
1.6524012396e-01 7.4668771988e-02 -4.6556574984e-02 1.3084348600e-01 -1.6046457718e-03 -7.7934708865e-02 -1.5442436535e-02 -4.0305604895e-02 -5.6535746461e-02 4.6325016247e-02
1.1911433645e-02 2.1423886297e-01 4.0612461942e-02 -1.0998825878e-02 -9.0582082513e-02 -1.7925151873e-02 -5.4959016991e-02 -1.7169659846e-02 1.0043216123e-01 -6.3487483417e-03
-5.9584798344e-02 -4.0370978499e-02 -1.8748186905e-02 -3.0026010349e-02 -6.3775345816e-03 -5.2692671373e-02 8.7319921013e-03 1.1539717579e-01 1.2620301098e-01 2.9279485773e-02
7.0944794035e-03 4.5276283275e-02 2.2599817874e-01 2.3885190069e-02 -1.2985333506e-02 -7.8166191996e-02 -9.7507447987e-02 1.2922355919e-01 -1.1356629709e-01 -2.0152958467e-02
-2.1196356220e-02 9.5716569660e-02 3.8640527560e-02 -2.8016326247e-03 -6.3187767862e-02 -7.5031376248e-02 1.1082056557e-01 -1.4753063236e-01 -4.7839036545e-02 5.5530965837e-02
-1.0123871800e-01 8.3403831980e-02 -1.5344662270e-02 8.7401558346e-02 2.3945085880e-02 4.9403838225e-03 2.3894348062e-02 1.0891961959e-01 1.7448405640e-01 -4.4481901882e-03
1.1547183259e-01 -6.9122680366e-02 4.5923379733e-02 -1.3040228225e-02 -4.7405302166e-02 -9.5217144563e-02 -1.1543456316e-03 1.2654121591e-01 -1.0728926696e-01 7.5321947759e-02
-5.9267823319e-02 3.8130531778e-02 3.6321443793e-02 -7.3942359203e-02 3.8281018900e-02 -3.8238420391e-02 -1.9492691944e-01 7.6541156237e-02 -1.8739312714e-02 -5.2313267348e-02
5.6176226216e-02 -6.9448321080e-02 -1.2358022755e-01 3.5374829172e-02 8.5653714585e-02 -5.0212169233e-03 5.1731825255e-02 -1.1538236385e-01 1.1440718533e-01 1.5035913841e-02
1.8313862430e-02 -6.6507844273e-02 1.0501436334e-01 1.9945856986e-02 6.7807564883e-02 1.1711264873e-01 -1.0589324338e-02 2.4182996565e-02 -4.8583178660e-02 -1.0949571376e-01
-2.0546168447e-01 -3.3480441565e-02 1.4667080052e-01 -4.5755452309e-02 3.1886487790e-02 3.9849165553e-02 -8.3155371795e-02 -2.7494350521e-02 -2.3664351917e-02 -1.6066604204e-02
-1.9556339046e-02 -4.6512706859e-03 -1.0814651991e-01 7.8979032072e-03 -7.1025127138e-02 -3.5666273178e-02 -1.2983142841e-02 -1.4956991574e-01 9.0463796971e-02 -4.1344422937e-02
6.9623346701e-02 5.9080652684e-02 2.4960765571e-02 7.7905444111e-02 -8.7642567007e-02 1.3572172881e-01 -5.3275273726e-03 -7.4011433787e-02 -6.9119454305e-02 -1.9097684719e-02
7.7274912118e-02 -1.1603310251e-01 1.9064189143e-02 -3.3930136070e-02 3.0612648696e-02 9.8407377856e-03 4.6508896441e-02 -1.5356695474e-01 2.8868114134e-02 7.9442778571e-02
5.8065948871e-02 -4.6230774667e-02 2.0676392897e-01 8.3423864989e-02 -2.7643542396e-02 5.3245016586e-02 -3.2271860373e-03 -6.0835773154e-02 1.0649732482e-01 9.6025529228e-03
-3.5002790424e-03 -1.5971235606e-01 4.3878757248e-03 9.8674380529e-02 -1.5165048692e-01 -9.5456594319e-03 1.3038586097e-01 -1.5604527813e-01 -3.5900563435e-02 -8.5056190204e-02
1.5686639481e-01 1.5620370881e-01 9.2268841933e-03 8.7173991089e-02 -1.9552997067e-01 7.9614222690e-02 5.6909494055e-02 -6.2319205936e-03 4.2530762533e-02 1.1422445932e-01
-1.2096944943e-01 6.6151370476e-02 -5.0742103521e-02 2.4435322372e-02 -7.6408881531e-02 -1.2270195274e-01 -1.1491621660e-01 1.1223613738e-01 2.6843827084e-02 3.1340815398e-02
-9.8183616176e-02 -3.3164379853e-02 4.5390101503e-02 3.6807182467e-02 1.3136350447e-01 -6.8102015904e-02 -1.4650262153e-01 4.6471445929e-02 -4.0789065334e-02 -3.9652395662e-02
-5.1662854512e-02 4.7241469339e-02 -1.2554976095e-01 -1.9815537667e-02 8.3677384244e-02 4.6118886658e-02 -7.8026970787e-03 -9.4373846855e-02 -5.6444210483e-02 2.1051067247e-01
1.2434273975e-01 1.9681610008e-02 -6.1185466782e-02 -1.2764595299e-02 -2.5075673081e-02 6.6377320382e-02 2.9465734041e-03 -1.4342139524e-02 -9.7756104006e-02 -1.1488931848e-01
1.1999005969e-02 -4.9455906293e-02 -1.1547356019e-01 -8.8522682146e-02 -9.3715594912e-02 1.0120079729e-01 -3.2498862970e-02 -9.5378852740e-02 -2.4270579655e-02 1.2916018408e-02
-1.0785908714e-01 7.9226617195e-02 -1.4375186991e-01 -3.0159498601e-02 -8.5532199089e-02 9.4892159508e-02 3.4989092638e-02 -4.8901331775e-02 2.3298882326e-02 -1.7038990552e-01
-1.8600230394e-03 -7.7323103589e-02 7.3638265364e-02 1.0376959525e-01 -6.1014875745e-02 -6.5581635221e-02 -3.8908579317e-02 -3.3495600822e-03 2.9090097097e-02 4.9742647487e-02
-8.0728641174e-03 -2.7659907895e-02 3.7262993498e-02 -5.2378776658e-02 -1.1953397336e-01 -2.1170630891e-03 1.0314296847e-01 -6.4645094849e-02 1.1489074989e-01 -1.3533059266e-01
-7.7687408958e-02 -8.0449788167e-02 8.0418944495e-02 6.7420797759e-02 -2.9313274312e-02 -9.9822765151e-02 1.5103852456e-01 -3.6139290086e-02 -9.8221052323e-04 3.8168483699e-02
-5.1737151915e-02 1.0599574766e-01 -7.1381497217e-02 -3.3939677041e-02 -6.0145309871e-02 -1.0124301907e-01 -5.4935622926e-02 -1.4590213526e-02 -1.5305202921e-01 -6.1505953256e-02
6.0840292745e-03 -1.9659226882e-02 -8.8489749619e-03 6.8599203268e-02 -1.7248568500e-02 -1.0152239925e-01 -1.4600358671e-01 9.3676101623e-02 4.3868182596e-02 4.9810716078e-02
-1.6563887271e-01 5.4675108509e-02 -6.5228063436e-02 4.3902001382e-03 -8.1315616829e-02 9.9310318148e-02 -1.1283397047e-02 -7.4964165156e-02 -5.5698972095e-02 -7.8017015533e-02
1.2053719292e-02 -9.2299308508e-02 1.0025080431e-01 5.5288880010e-02 8.4215172605e-02 -1.3808344208e-01 -3.0310822229e-02 -4.0549455897e-02 3.3908838807e-02 4.6153881888e-02
-9.8067286468e-02 -8.3302778779e-02 2.9127368357e-02 -6.5087327124e-02 3.4886936913e-02 -3.5370730418e-02 -9.5155297779e-02 -1.2105563772e-01 1.0962763100e-01 -9.3858931769e-02
1.6505977298e-02 9.2694488841e-02 2.9832415290e-02 -8.7718968213e-02 -5.4556301156e-03 -3.7024079640e-02 8.9824740593e-02 -8.1747986895e-02 9.6571109344e-05 -3.0419059647e-02
-1.0044537488e-01 1.3185796959e-01 -9.5980413605e-02 7.7288405845e-02 -8.4178528717e-02 -5.1576327551e-02 -4.9201937930e-02 -6.0591136881e-02 -2.9371076320e-02 -6.3426396950e-02
1.5762320726e-02 4.8494417903e-02 -2.5931408114e-03 -4.5071811137e-02 1.6857783147e-01 9.0605503412e-02 -4.9541032083e-02 1.6920299290e-01 8.5396338113e-02 3.6300604965e-02
7.7108881023e-03 -2.1093916014e-02 -2.0047143738e-02 2.3349867033e-02 -7.7730969898e-02 7.2796235481e-02 -8.1527227272e-02 -2.1856901019e-02 -1.4619508522e-01 4.6865932710e-02
-1.7290030308e-01 6.5650583948e-02 1.1689882433e-02 9.7894940546e-02 -1.2609320540e-01 -2.2882370868e-02 6.1660617858e-02 -2.1412203373e-01 1.4956960838e-01 4.7593110688e-03
8.8502299700e-03 5.7096699918e-02 3.4161198238e-02 -4.3163777966e-02 -6.5112440384e-04 5.0009005019e-02 -7.4830529332e-02 1.1285131741e-01 -4.3709563602e-02 1.7626819374e-02
-7.1670289367e-02 5.7103778228e-02 5.8374591309e-02 3.0181137552e-02 -1.7679466664e-01 1.0877036259e-02 1.2125814518e-01 -1.1824363804e-01 1.2748203034e-01 2.3898845778e-02
-3.9593401549e-02 8.5336890378e-02 3.7478071989e-02 1.2528778073e-01 -1.1985255937e-01 9.0644297831e-02 -2.0227930601e-01 2.4829791584e-01 6.3146196695e-02 -2.4181701480e-02
-1.2334666883e-01 -3.1174504175e-02 6.4626619947e-02 8.9486745450e-02 -8.5090738988e-02 2.4965319165e-01 -4.0780600610e-02 -1.0758564078e-01 -3.4490954688e-02 1.1699494989e-01
-3.8956119265e-02 -1.3552382200e-01 5.5035490917e-02 -9.6511976595e-02 -8.0249068373e-02 -2.0599190312e-01 -3.6752748107e-02 9.7409019837e-03 -2.0254873156e-02 1.0877821422e-02
-1.2976388477e-01 4.4638542709e-03 -7.2945494386e-02 -1.3702482562e-02 -5.4512189950e-02 1.4927744430e-01 8.7511794414e-02 -2.0949686178e-02 -2.6683100777e-02 -9.6621545802e-02
-6.1605259691e-02 2.5989862615e-02 2.7989099808e-02 7.0485794860e-02 -6.8839412224e-02 -1.8655627509e-02 -3.9936639279e-02 -1.5031936395e-01 5.9096091817e-03 4.2041802118e-02
4.0427922795e-03 8.0056351960e-02 4.3552024039e-02 4.8160018264e-02 -1.4850333801e-01 4.4571156585e-02 1.0356541897e-01 4.6389793484e-02 6.7378158932e-03 -1.8522293429e-02
-8.2531061145e-02 -3.6988657597e-02 4.4168795099e-02 -6.5172757702e-02 1.3016691987e-02 6.1777486431e-03 5.6625366876e-02 -1.4563319637e-01 -6.6944334826e-02 -7.3294970952e-02
2.4196761299e-02 -9.8217852123e-02 -3.5094128047e-02 1.3467002577e-01 3.7822869473e-03 9.2791413329e-02 -1.2051772087e-02 -1.0471674163e-01 2.5124870137e-03 5.5276037511e-02
-3.5094452002e-02 -1.0993333335e-02 -1.2678411293e-01 -7.4593520642e-02 -2.2354227799e-02 8.1479425886e-02 -4.4764376690e-02 -4.1533063662e-02 7.5617035425e-02 5.0708879042e-02
-2.1679139749e-02 -5.4015623865e-02 -5.1802445838e-03 -8.8743823184e-02 -1.6950880034e-01 5.8757737366e-02 -2.2209678100e-01 6.7860859524e-02 -2.0430112345e-01 1.2983271269e-01
6.3838913510e-02 -4.5473941634e-02 -5.5317949505e-02 -1.1813583972e-03 6.0071355800e-02 6.4667420870e-02 -6.2996899775e-02 7.4978479087e-03 -5.5226496340e-02 -2.6963497652e-03
-3.5187890637e-02 -1.5383686451e-01 3.5474239383e-02 3.8306517671e-02 9.5762126898e-03 -1.0257537677e-01 -1.6943351754e-02 -4.5966481582e-02 1.9003192562e-02 -1.4475437170e-01
1.4743004666e-01 -7.6335348622e-02 -1.1253523313e-01 -2.1171539689e-03 -8.7374152629e-03 5.9798928652e-02 9.5221613720e-02 1.5934061604e-01 -7.5873311709e-03 -1.4456301885e-02
-7.7158702845e-02 1.7224439308e-01 -1.3393005325e-01 -5.5260605203e-02 6.3042678189e-02 -1.3016457539e-03 -3.1197820959e-02 6.8331559462e-02 -1.4643958664e-01 1.8996514221e-02
5.7254021661e-02 7.5683681122e-02 8.4521187221e-02 1.4155760662e-01 -2.5922081082e-02 -3.8819840048e-03 1.1512487825e-01 -4.5263635012e-02 -3.5326113051e-02 -8.1207121957e-03
-1.4459489641e-02 -7.6770621154e-02 4.6265254436e-03 2.2762075529e-02 1.8991166648e-03 3.0408579321e-02 5.7030083399e-03 -8.2655607573e-02 -6.9452317376e-03 1.9671132696e-02
-2.4360678518e-02 6.6685034160e-03 -2.5720824025e-02 -3.7672682599e-02 -2.4383449539e-03 9.6752968211e-02 4.0577945552e-02 4.2035263388e-02 3.1558312823e-02 8.8222069036e-03
-1.7755605178e-02 4.6884452554e-02 -8.4150573500e-02 1.2910288968e-01 5.7301735892e-02 -3.4916915793e-02 3.0011503547e-02 -8.1441486971e-03 -1.3048184088e-01 2.5945206590e-02
1.5822319118e-01 -3.0300361581e-02 -1.1827535807e-01 -9.9032564894e-02 -4.8393033173e-02 -7.0119481032e-04 1.1068133138e-01 -2.4529786076e-02 1.2096435260e-01 -4.3709138195e-02
-8.7347815205e-02 3.0485853404e-02 1.1562782562e-01 8.2673397823e-02 4.4005667364e-02 -7.5091666001e-02 -2.9755748086e-02 4.7045778896e-02 1.1165318602e-01 -1.8389751076e-02
1.9942388598e-02 -1.3416969998e-01 -1.2175331606e-01 6.3975429746e-02 -1.4293043858e-01 -3.2131905684e-02 -1.6938173421e-01 -1.1053072613e-01 4.1714176312e-02 4.7460234837e-02
-4.0991072763e-02 3.6359852061e-02 1.7254485822e-02 -6.7503438226e-02 2.0675872962e-02 8.3370301345e-02 -3.6401753255e-03 6.3859248374e-03 -3.8300199883e-03 -1.3694004765e-02
-1.5435264476e-01 -1.7984859422e-01 -1.1865043375e-01 4.5627145607e-02 -1.1904617946e-01 -4.9442037950e-02 -6.1738152402e-02 -8.5533149823e-02 1.1941638621e-01 2.1425555239e-02
1.2470354393e-01 -3.0966564695e-02 -2.9839341078e-02 -2.1344768099e-02 2.7206727940e-02 -3.7508391892e-02 -3.3392981454e-02 6.8839226634e-02 -2.5153790959e-02 2.7845395844e-02
8.7473484029e-02 -1.4958151798e-01 -6.7800700741e-02 -6.6219962079e-02 -5.2065326513e-02 1.1294871054e-02 7.6560518170e-02 6.7245562152e-02 -7.7009428478e-02 -3.9430076950e-02
-8.5594663231e-03 3.9837509805e-02 8.2907825859e-03 8.6379744515e-02 -1.6403355936e-01 3.7787435415e-02 3.0559378673e-03 3.1627221653e-02 -6.3100094639e-02 -1.3168041074e-02
-8.6249997218e-02 -8.8747726444e-02 2.2909239533e-02 2.0551280019e-02 -5.1940957936e-02 4.4601908403e-02 2.3723177906e-02 -7.3283416674e-03 1.2491894329e-01 -6.6837856164e-02
3.1621651576e-02 6.3151812118e-02 4.4724123833e-02 -1.3372709196e-01 -1.7957721977e-01 -9.5330428217e-03 5.2150088187e-02 1.7583987524e-01 -2.3598623590e-04 -4.4449376566e-02
-7.9195086375e-02 -1.1952814019e-02 -7.0691689048e-02 -1.1834972839e-01 7.1831360880e-02 8.2723715988e-02 -1.0781774834e-02 -1.3526322239e-02 1.0331427458e-01 1.7029164885e-01
-7.0233717209e-02 1.2811883783e-02 1.9725398758e-02 2.0923471326e-01 -4.2883246600e-02 -1.0636271419e-01 -9.4084025253e-02 -2.9698444857e-02 -1.0163842514e-01 -5.4197239052e-02
-4.7877516637e-02 -9.7739774090e-03 -4.7539306148e-02 2.1165517930e-02 -1.7882485131e-02 5.1525587267e-02 -8.3342487764e-02 -1.0341477256e-01 -2.7217532231e-02 -1.6161952743e-03
-1.0684726004e-02 9.6445472610e-02 1.7530363317e-02 -3.9633888641e-03 -5.0014942895e-02 -1.0296740500e-01 2.1202552422e-02 -9.3642668079e-02 2.0585626219e-02 5.2902191573e-02
6.5142387556e-02 4.6272708066e-02 2.0989986411e-02 -1.6576376549e-01 5.8429623497e-02 2.2992562745e-01 1.7770418477e-01 -1.6089384165e-03 5.1265404461e-02 -2.0214474529e-02
-1.0381165974e-01 -1.4163576685e-01 2.4728885944e-02 3.6156199060e-02 7.4674056864e-02 -1.0364827935e-01 1.0275618058e-02 -6.9374619753e-03 -7.2975976254e-02 -1.6117664331e-01
7.1661836419e-02 6.8847926455e-03 6.0627502440e-02 7.4710706046e-02 -1.6460315209e-01 1.0581106120e-02 -9.5644022326e-02 -7.8031516785e-03 2.3439188168e-03 -5.6328543427e-02
-2.6595748674e-02 -2.3399518583e-02 1.1007359259e-01 6.3103943387e-02 -1.6196525910e-01 9.6811799395e-02 1.0804269829e-01 -1.2563267998e-01 4.8212258510e-02 2.2675422304e-02
5.0803263797e-02 -6.6250919267e-02 -5.3702126711e-02 -5.9053500428e-02 1.0083810334e-01 8.0427932036e-02 -3.9388541720e-02 6.3388510934e-02 -1.0573570625e-01 -1.9340812215e-02
2.4827454205e-01 6.0053351411e-03 -1.4196250353e-02 3.6535190687e-02 -6.4650997884e-02 -1.2392851437e-01 -2.1668206915e-02 1.3640132707e-01 -6.3163038333e-02 1.1120375489e-02
1.3984338719e-02 1.5094648040e-02 -9.3914450842e-02 7.8403506430e-03 -4.2690304398e-02 -2.2270312491e-02 -1.2739977369e-02 4.8285343397e-02 -5.6343989633e-02 -5.3025270785e-02
1.2623784904e-01 7.6010106892e-02 -1.4352271079e-01 1.4111013950e-01 1.1404877130e-02 3.8255495389e-02 -1.7772512541e-01 -8.9765450249e-02 -9.0845661640e-03 2.0355910864e-02
-3.8053100884e-02 5.3990631310e-02 -2.5089181341e-02 -2.2221551343e-02 5.9591391258e-02 8.1544154338e-02 -1.5286052005e-02 8.9086221462e-03 -5.3138448922e-02 9.8036300024e-02
-1.5492359261e-01 9.0184991645e-02 5.6165991576e-02 2.6000516146e-02 -4.5019056381e-02 -1.0576603593e-01 7.2732481408e-02 -2.9510718542e-03 6.4787175941e-02 -5.5213640745e-02
-1.1277188733e-01 3.9232750410e-02 -3.5955144102e-02 4.7548106238e-02 7.2766151708e-02 9.4484953393e-02 -1.7457572800e-01 -1.1334546169e-02 5.4515832464e-02 4.6758190120e-02
8.0568462439e-02 -4.8479762006e-02 -5.7957498575e-02 -3.4265696088e-02 2.0063389066e-01 6.5771569569e-02 -1.8788443969e-02 -9.8762439741e-02 -8.8209858804e-02 -4.6764517264e-03
1.0614687515e-01 -6.8285524656e-02 1.6416579297e-02 -4.1559915776e-02 -5.9994318090e-02 1.2031160963e-01 -3.1203351095e-02 6.3980861890e-02 -8.8105572430e-02 -5.5722342991e-03
-1.9895484082e-01 1.1515800976e-02 -5.8758594996e-02 1.2439796235e-01 2.1073201135e-01 -2.1128665862e-02 -7.8170244703e-02 7.4238187478e-03 -1.3855284643e-01 -6.9031884790e-02
2.5450900840e-02 1.0182948914e-01 2.2451084709e-02 2.3401445631e-02 -6.5739146472e-02 5.9532327736e-02 9.9371470774e-03 -1.9485694498e-02 -4.6839600289e-02 -3.3842076101e-02
-4.3990556685e-02 1.2329878603e-01 1.0464457735e-01 -6.0255855427e-02 -1.4917367439e-01 -2.3248707695e-02 4.1736266562e-02 -9.1032129338e-02 4.2344466436e-02 -1.4573345325e-01
-4.0262298880e-02 -5.4728876497e-02 5.9319315169e-02 1.0534113372e-01 1.3789215916e-01 -1.2035419735e-02 6.3243578732e-02 2.8893333326e-02 -2.2514383096e-03 -1.3955784379e-01
-4.2775489513e-02 -3.7888569543e-02 -4.9402935071e-02 1.0107726545e-01 -1.0606207099e-01 5.1752477756e-04 2.7245431866e-02 1.2119338800e-01 1.6519732528e-02 -8.2542415339e-03
3.5445740597e-02 -6.4559689460e-02 -1.4427336782e-01 -5.6188341199e-02 4.6522726697e-02 5.8628668976e-02 1.7507947655e-01 -5.3407099249e-04 9.1088486774e-02 -8.4159654899e-02
-3.1725959181e-02 -1.5744575511e-01 2.1075001344e-02 7.5297594968e-02 5.0234183201e-02 -2.0100779067e-02 -8.9679989388e-02 5.0692640515e-02 8.2766087089e-02 7.7298327822e-02
-9.8192444767e-03 -7.9954363651e-02 1.3511002670e-01 1.0417977200e-02 7.4169428174e-02 1.3281005872e-01 1.4233092697e-02 -1.0774655683e-01 7.9694132452e-02 1.1604814711e-02
3.3898742291e-02 -1.6113100119e-01 -2.0844629549e-03 -1.0614210128e-01 1.8082490730e-01 -3.1927254677e-02 2.2749788619e-02 -4.0103610658e-02 1.3178626409e-01 1.4388376598e-02
-8.6369780163e-02 -6.9024936042e-03 -8.1290099705e-02 3.9471105369e-02 -1.1023011166e-01 -4.7308484844e-02 -8.3982318809e-03 4.0285886436e-02 -4.9635468547e-02 -4.3609801107e-02
