6.4279121907e-02 -9.3809561759e-03 -6.3124447958e-02 3.2615610016e-02 -2.2627732889e-02 1.1042251324e-02 -1.1759188028e-01 7.8483906294e-02 -7.7908633123e-02 8.0130700867e-02
6.6981428510e-02 -1.2867789105e-02 -3.2710690851e-02 -2.4068587350e-02 2.8436608173e-02 1.4961003921e-01 -7.5756519965e-02 4.9183108148e-02 -2.0592442136e-02 -5.0598214549e-02
-7.6971104564e-02 1.4187484071e-02 -2.5109118000e-02 -5.3438015405e-02 1.8637156915e-02 -7.4363771001e-02 -1.0864895185e-01 2.7319047510e-02 -1.2983294226e-01 -2.8915714511e-02
5.1129347023e-02 -1.3624528582e-01 -2.8977073053e-02 -4.5709157594e-02 7.7438994996e-02 -1.2277901027e-02 3.0352851930e-04 3.5766495327e-02 -7.4961276922e-02 2.7698627526e-02
-4.3290596190e-02 -8.9594582092e-02 -4.0467186935e-02 4.0179598800e-02 -1.5584184806e-01 5.7350082059e-02 -1.6740845325e-01 -2.8624784667e-02 -1.5410815588e-01 3.6282150828e-02
3.2019818206e-03 1.0049057657e-01 -5.1589943011e-03 1.2040498614e-01 -6.5243114552e-02 -1.2689484810e-01 -7.6195617124e-02 -2.4624279390e-02 4.8145751403e-02 -9.3892061059e-02
-9.1351607951e-02 9.5881251586e-02 4.3496661806e-02 2.9224519298e-02 -3.3885364659e-02 -1.9413399506e-01 1.0959017660e-01 9.6111660865e-02 -1.4683733084e-01 -4.7321649870e-02
-4.8565471465e-02 -2.0394233973e-03 1.0331859800e-02 4.7472211055e-02 -6.2093307606e-02 -1.5473190893e-01 -2.0264277106e-02 -1.3346871392e-02 4.7629837181e-02 -1.2401575843e-01
-3.1242235838e-02 6.6806947189e-02 8.9989532405e-02 -1.0943805205e-02 -1.1119205799e-01 2.3603529668e-02 7.4490136232e-02 -6.0019202318e-02 5.5216093439e-02 -4.4081170771e-02
-2.2298420841e-02 -2.7568648374e-01 -7.2305878198e-02 -3.2033087184e-02 7.9444869484e-02 5.3176159133e-02 -6.6812546228e-02 1.0415139383e-02 -6.8652007757e-02 1.7516533897e-02
6.6754594479e-02 -1.4040729402e-01 8.2442425791e-02 -1.3074348876e-01 4.6727132260e-02 -6.0189737374e-02 6.1928034096e-02 -1.6585543660e-01 -2.4799813080e-02 -6.5813320813e-02
-1.1012480739e-01 -1.6658872295e-01 -8.6783260003e-02 -2.3573967798e-03 4.5407268369e-02 2.4345736957e-02 -6.3237178624e-02 1.5435326727e-01 -4.3132415826e-02 -9.2542751416e-02
-5.6892563196e-03 1.0020193421e-01 -3.1036265037e-02 -2.7014234990e-03 -6.2056974257e-02 5.6865048289e-04 2.7404766868e-02 7.7877714946e-03 -9.7164892066e-03 5.7967506770e-02
-4.8784681239e-02 1.4453043413e-02 -8.0478824418e-02 7.7318311388e-02 2.6723422413e-02 3.4062280218e-02 -3.5764940467e-02 -4.2082810584e-02 -6.1463732019e-02 -2.7672009045e-02
-1.2966037587e-01 1.8716713915e-01 8.9305115696e-02 -1.6783839734e-01 -9.7469329883e-02 4.2530963972e-02 1.5242348720e-02 -3.5243472499e-02 -6.3416484158e-02 -6.1962454663e-02
-4.4093243567e-03 -6.9558256163e-02 -4.0773219322e-02 1.7330492388e-02 -5.6611638855e-02 3.0231796963e-02 2.2802721400e-02 5.9037458845e-03 -6.5682590523e-02 -1.1094924361e-01
1.0992848825e-01 -2.4194719207e-02 -3.8719343266e-02 -3.2151896430e-02 -1.2749010323e-01 -8.4354116574e-02 -8.8527666606e-03 -6.1012093310e-02 -1.3639876675e-02 4.2580593678e-02
-9.5193983952e-03 -8.7972253768e-02 4.7146474978e-02 -8.5124819990e-02 -1.9932721741e-02 8.7276616261e-02 -4.8812932306e-02 -2.2623580979e-01 1.8349377464e-02 -5.5350378317e-02
-1.3256694501e-01 -6.6608123971e-02 2.1693644125e-03 1.9994335494e-02 -2.9146497069e-02 -4.5945315212e-02 -7.2888575043e-02 -7.0847960407e-02 -4.2668598234e-03 -5.0729063831e-03
1.5855643683e-02 -2.5104422648e-01 -1.5274197082e-01 9.5907816841e-03 2.2702684999e-02 2.7224445624e-03 3.1783434677e-02 9.8692055673e-02 -7.4318503188e-02 -1.8928984861e-02
-6.1371462820e-02 -1.3327801783e-01 -1.5608854607e-01 1.0463974398e-01 -1.4807310609e-01 -2.1059645067e-02 -1.3785014218e-01 -6.2353764330e-02 3.8446856829e-02 6.7850845583e-02
-1.0391235752e-01 5.9842135036e-02 -1.6749168499e-01 3.2869405152e-02 -6.9397613788e-02 -1.3642499643e-01 -5.1985348281e-02 6.9280336512e-02 -1.0236477767e-01 4.4391056563e-02
5.3269899896e-02 -1.1160188887e-01 -3.2551746295e-02 -1.0618450769e-01 -8.6686024736e-03 5.0562898501e-02 -8.8388979950e-02 3.8279051804e-02 -5.6489348360e-02 -9.3108853997e-02
7.0104781320e-04 1.5815537666e-02 8.8872409062e-03 5.0446415621e-02 -2.3625689248e-02 -1.0766087929e-01 -6.1078757344e-02 2.8634238907e-02 7.3621262212e-03 6.3823499532e-02
-1.9009334974e-02 -1.4473419928e-01 -1.0364081095e-02 -7.0772316750e-02 1.0436422114e-01 2.4238262207e-02 -2.3438814066e-02 -1.4413660010e-01 -2.3576842552e-02 2.8780972004e-03
4.8092791698e-02 -7.2919127104e-02 -4.7514894524e-02 -1.6873031552e-02 -1.2357797082e-01 8.2489802896e-02 1.0621740054e-01 -1.2871686863e-01 -1.1034449060e-01 -9.3514972096e-02
2.6538756227e-02 1.3582953496e-03 4.4052091904e-02 3.0196983143e-03 -2.7040727120e-02 -3.6215138055e-02 -1.0231806024e-01 -2.9374153055e-02 -2.1748447556e-02 3.0978866438e-02
2.5660350663e-02 -2.2297020482e-02 -1.4864031450e-02 -1.5133311198e-02 -2.5301930243e-02 -1.1806383925e-01 -1.5186343802e-01 -1.2564584593e-01 -1.2916089358e-02 4.2210405699e-04
3.0777534259e-02 1.3552661154e-01 -1.3245615502e-01 1.7382899064e-02 -5.3822093672e-02 5.1249845889e-02 -2.0919639134e-02 6.0680306451e-02 -2.9073748226e-02 -2.4082921454e-02
-4.2898068742e-02 -8.4321285253e-02 -8.6986691646e-02 -1.1718896106e-01 4.6768897580e-02 3.0583987485e-02 2.4799353761e-02 2.0455701208e-04 1.8976793875e-02 -5.6280538428e-02
2.0119916414e-02 8.2739780512e-02 4.7347129557e-02 -7.5817730304e-03 -4.4259697720e-02 -3.6477232577e-02 8.1146148669e-02 -1.4145492411e-01 4.8515688752e-02 -8.0646105124e-02
1.1990275171e-01 8.4160559314e-02 2.3483910852e-02 1.1585866894e-02 -6.1672609140e-02 -5.6870405004e-02 -7.0191834760e-02 -2.9275146265e-03 -2.6590290974e-02 3.1452361510e-02
1.6944270145e-01 -1.0571804061e-01 6.4869693021e-02 3.3772714483e-02 -6.7301816403e-02 -3.9995585274e-02 1.4625626214e-01 -3.8281694949e-02 -1.4283940724e-04 -6.0551897826e-02
4.1042577367e-02 -9.4145039091e-02 6.4408680166e-02 2.3155092214e-02 -5.5185933819e-02 -1.2299773226e-01 -1.1637714636e-01 -9.7434098698e-02 -3.7180338834e-02 -2.3991936911e-02
-1.0226017014e-01 7.9339103594e-02 -1.5836938291e-02 3.0912551302e-02 -1.7207749140e-02 -6.9340635885e-02 -1.3944538939e-02 -4.5461838473e-02 8.7960336150e-02 -8.3354890859e-02
-1.8156410011e-02 -3.0126083651e-02 -3.6563256743e-02 3.9083060710e-02 -7.8887406078e-02 -7.6522224520e-02 -1.7788411558e-01 -1.6991575530e-01 2.5305578332e-02 -1.9371781808e-02
-9.3009531230e-02 1.6966615946e-02 3.4852365345e-02 3.8023980004e-02 -1.3685033324e-02 -8.1906566770e-02 -1.0169882373e-02 2.1831411966e-02 3.1431311017e-03 -2.9195905777e-02
-9.7249707114e-02 2.8198355967e-02 9.0158162809e-02 -7.8059638960e-02 -9.8545182141e-02 -1.5523664295e-01 2.6165384305e-02 -2.3303573446e-02 3.8409086245e-02 -6.1112466936e-02
-5.6940209567e-02 4.7075416975e-02 -4.6484109243e-02 -3.1366952074e-02 4.8165140183e-02 -1.4015655570e-01 -9.0077081748e-02 -6.1740301141e-02 1.8428704014e-02 -3.8998241395e-02
-9.0711774192e-03 -1.4251835471e-01 2.6352494819e-02 -1.5035113240e-01 -5.3286510464e-02 4.4046976498e-02 5.7354541158e-02 -9.5723372149e-02 -9.6024869500e-02 3.4889949495e-02
1.9370346589e-02 -6.3111997147e-02 -3.0782394966e-02 -3.7446502171e-02 6.4460545270e-02 -9.5869626669e-02 1.7907096644e-02 -4.9535515772e-02 -2.1525931835e-02 -6.0297512737e-02
2.4933559880e-02 -5.9726153423e-02 2.3575215964e-04 5.4120423433e-02 -1.2490820081e-02 7.2058833855e-02 -4.1325225885e-02 5.5041552328e-02 -7.4444907719e-02 4.3446830276e-02
-4.2333615418e-02 -4.6396826207e-02 3.8005543004e-02 3.2215902617e-02 9.9395602653e-02 -5.8975976701e-03 4.8655555617e-03 -7.8371924718e-02 -1.9963510463e-03 2.1181702250e-02
-8.5688608310e-02 5.3205341051e-02 -3.2678825321e-03 2.6885167400e-02 1.9493976234e-02 -2.1063313549e-01 -1.8396611246e-02 3.9307808904e-02 4.2838622609e-02 1.3394138567e-02
1.5070726109e-01 -8.4119722357e-02 -2.6533505627e-02 1.5314597897e-02 -1.0089672524e-01 -4.0552825877e-03 -1.4881239210e-01 -1.0816412809e-01 7.9722879947e-02 -7.7629524124e-02
6.9731343020e-02 -1.6967741266e-01 -8.1099770536e-02 -2.7835159668e-02 -5.5720456777e-02 8.4255559169e-02 -1.5177348208e-01 -4.9989822048e-02 8.8292988661e-03 5.5181115282e-02
1.8364084247e-02 -2.8208680458e-02 -3.7888484228e-02 5.5104856516e-02 -1.4709423389e-01 1.0169333535e-01 -2.4531150349e-02 8.8323752221e-03 -5.1932319188e-02 7.3105941621e-02
-1.0153063789e-03 1.3215834155e-01 2.7835000913e-02 2.7116920138e-02 9.5807047531e-03 3.9889722531e-02 2.8747587248e-02 1.1519186841e-02 -3.9605689421e-02 -6.9987021096e-02
-1.5025130936e-01 5.6940959353e-03 1.8500239040e-02 -1.0367293784e-01 5.3510841863e-02 -3.4819408786e-02 -5.0873548055e-02 -4.6478532722e-02 1.0349646119e-02 2.0304301265e-02
-4.9977564331e-02 -1.4852661749e-01 -1.8480588659e-01 -8.0894731376e-02 -9.0766551763e-03 1.4588304627e-01 8.3346592836e-02 -6.1098907881e-02 -1.4388512941e-01 2.3193036398e-02
-3.5883090494e-02 5.5610408109e-03 8.8197709811e-02 -5.8540163686e-02 -8.4618749694e-02 -1.2730505182e-02 1.3059562987e-01 -5.4473024705e-02 3.9521154604e-02 -7.4259804678e-02
-1.0384353615e-01 -5.4067091901e-02 8.6678629798e-02 -4.1157985863e-02 -5.2222207548e-02 -3.6413594876e-02 -8.2563152724e-02 -6.0450364937e-02 2.0170254803e-03 -5.1981288001e-02
5.2572857218e-04 -1.5691455159e-01 -2.4073948842e-04 -2.1415217734e-02 7.6789359488e-02 -2.5200245052e-02 -1.7442749296e-01 4.4762899324e-02 -4.7481686601e-02 -1.3465710060e-02
-5.9398078597e-02 -5.6007013993e-02 5.3181001961e-03 6.4729065151e-02 -1.2844900209e-01 1.5421392333e-03 -5.7309335617e-02 -2.6386939413e-02 -4.7795532986e-02 -6.9366739272e-02
1.2271614170e-02 -1.2327196242e-01 1.1346760659e-02 -6.6643754976e-02 -3.4483245915e-02 -7.4219616825e-02 5.6228089252e-02 -1.2649157570e-01 -5.7843709664e-02 -1.0246967382e-01
5.4496196547e-03 -9.1028319872e-02 -1.6163496852e-02 -5.0639049877e-02 9.9254999276e-03 -8.0162253459e-02 7.8911983355e-02 1.4976605497e-02 -1.6193418960e-01 5.4811290089e-03
-5.8692753823e-02 1.4927248311e-02 -6.0347512485e-03 -5.4184296372e-03 -7.6919696621e-03 -8.3099307518e-03 8.6187247457e-02 5.4683475039e-02 1.0635585600e-01 -1.6805834383e-01
-6.6696458216e-03 -7.5818566068e-02 2.9827412578e-02 -1.2574160241e-02 -1.7368969310e-01 -9.4299871408e-03 -2.9880639796e-02 -1.0936209381e-02 -7.7493419643e-02 -1.0088713728e-01
-6.5160314614e-02 -2.1078505041e-01 -6.0019459517e-02 -7.3841417907e-02 1.1388441966e-01 8.5788135721e-02 -1.0056907659e-01 -9.5002973570e-02 4.4097897600e-02 -3.9818206255e-02
-3.0121438240e-02 -8.7862281190e-02 2.4042842726e-02 4.2698280269e-02 9.9480365904e-02 -6.5510200068e-02 1.3685602879e-02 -1.3175080412e-02 8.1191887708e-02 -3.9599604109e-02
-7.5985461676e-02 -4.9794907127e-02 -2.0307985763e-02 6.9918430404e-02 -4.4583815824e-02 -5.7112618179e-02 -1.7189964242e-01 1.9695336193e-02 3.3419490078e-02 5.3816582082e-02
-1.1491803214e-01 1.0501873031e-02 -5.3830616706e-02 2.1114123584e-02 2.8028002494e-02 -1.6347286590e-02 -1.4722444590e-01 6.0974479024e-02 2.2150267339e-02 1.4424786632e-02
-1.2083635425e-01 1.5149460147e-03 -6.9101791198e-03 -1.1510024620e-01 2.0250297683e-02 6.1836627644e-02 2.2326926134e-02 -1.6028489698e-02 -1.0711828492e-01 3.8077205381e-02
-4.0583970585e-02 -9.2670359607e-02 7.6432924122e-04 -5.7623321270e-03 4.6575497763e-02 6.0567340622e-03 1.5555304705e-02 1.4095340049e-02 -9.8441138319e-02 -7.6213161102e-03
6.6561534677e-02 -1.4862809003e-02 -6.8744911386e-02 -1.6439096085e-01 -2.1422881269e-02 1.2904706463e-01 -7.8010776412e-02 8.3967730286e-02 -1.5308099179e-02 -1.7747301178e-02
-6.5894153371e-02 3.3133682199e-02 -3.3004846195e-02 9.2950939251e-03 -6.6779793395e-02 5.5570737892e-02 1.0242476098e-01 8.2126541387e-03 -1.6830595321e-02 -1.8770703895e-03
-8.0510302881e-02 -1.2354549569e-01 -7.1083085930e-03 6.2109555062e-03 1.1262704869e-01 -2.1974883281e-02 -5.0862848209e-02 3.8937108413e-02 -6.4240161234e-02 1.8355930978e-02
1.2285547279e-01 -1.1909579885e-01 9.3979000833e-02 3.8601534300e-02 -1.0422281249e-01 8.3008454418e-02 7.5604549533e-02 -9.8732268627e-02 2.3300095530e-03 -1.1503331656e-01
-1.4446749552e-01 1.7842498673e-02 -4.4219128012e-02 -2.1398504488e-02 1.3874166454e-02 -1.1328107947e-01 -5.2315162737e-02 -3.8700736113e-02 8.6552191066e-02 4.9797356286e-03
-1.5198320917e-03 -1.7206914119e-02 3.5741375657e-02 5.3184299450e-02 -7.6064030866e-02 -2.9400853253e-02 -9.5455569544e-02 -2.1407042810e-02 9.2217643971e-02 -6.9318805759e-02
-2.0040766972e-01 -8.4847603066e-03 -5.5517564126e-02 -1.9609633507e-02 5.4975591138e-02 -2.9095200902e-02 4.5472327194e-02 -4.1460563519e-02 -5.2714142381e-02 5.8395049122e-02
1.2403310390e-01 -4.7019320221e-02 -1.1017219366e-01 -6.6477362215e-02 -6.5602812911e-02 -3.3065469136e-04 -6.3434983757e-02 -6.4949126540e-02 -3.8230704886e-02 -4.0189265575e-04
-9.5903493087e-02 5.4460976297e-03 1.4333319198e-01 8.3676938896e-03 1.2705882500e-01 3.2366893074e-02 2.4946872047e-02 -8.5853002357e-02 8.9545136286e-03 -1.0822632305e-01
-6.1402888803e-02 1.0872912868e-02 -6.6649007682e-02 6.9910902530e-02 -8.7918956766e-02 1.2335067471e-01 -2.0204070546e-02 -1.0726679104e-01 5.9023911368e-02 -2.6593475549e-02
3.4379474093e-02 -1.2214093907e-01 4.2899825771e-02 2.8515102775e-02 1.1644006702e-02 -8.0537370018e-02 -9.7386244749e-04 -1.0228776227e-01 -1.0371390523e-01 -6.3236609471e-02
7.3138524019e-02 8.7042681490e-03 9.4627096703e-03 -7.4088385004e-02 -7.6596933370e-02 -8.4830773832e-02 -1.5656204536e-01 6.4055905369e-02 -1.3588700134e-01 -6.5167896109e-02
3.7023941759e-02 -2.4750735343e-02 3.0531374596e-02 6.5329045473e-02 2.7973455705e-02 -4.2538227533e-02 -2.0142142362e-01 8.9977885151e-02 -6.6821518943e-02 -8.1540912379e-03
4.3704705003e-02 -3.5975920241e-02 -5.5616408883e-02 4.5135408688e-03 -2.4073232919e-01 3.8788375080e-02 -6.3644408335e-02 -2.4508191702e-01 5.2523083710e-02 -5.9175420517e-02
-1.0936035152e-01 1.4260113478e-02 -1.0430910182e-01 7.7094475282e-03 2.8577538062e-02 3.3606912780e-03 5.5828685500e-03 -6.5747903459e-02 1.1716899355e-01 3.0330484385e-02
-2.5911199584e-02 4.5414586656e-03 -7.1011188306e-02 -1.2153224946e-01 -2.1640817943e-02 1.2068657833e-01 7.9302887627e-02 -5.0770732629e-02 3.8367922544e-02 -1.0937081562e-01
-9.9770224473e-02 -4.0660526389e-02 9.3057313542e-02 1.6114309063e-02 1.7278682267e-02 2.3535568183e-02 -7.7501082183e-02 6.9915958864e-02 -3.8238520898e-02 -6.7286456833e-02
-1.1787834764e-01 -5.0184184054e-02 4.3610343775e-02 6.3609688643e-02 8.6730080983e-03 -9.9890630547e-02 1.2758574215e-01 -7.0968887627e-02 -1.3582401413e-01 -2.9133434708e-02
-1.1431240567e-02 -8.5773901101e-02 -1.1192512527e-01 4.6769369692e-02 1.2767611760e-03 -8.4275768574e-02 3.6378254023e-02 -2.3238936709e-03 1.0367262205e-01 -7.3393663246e-02
3.8165126503e-03 5.2319955660e-02 7.3838301435e-02 -9.8749441236e-03 -1.2886020041e-01 1.6841410576e-02 1.0967145727e-02 -6.6976859442e-02 -1.0527322391e-02 -1.0563835819e-01
5.3372502463e-02 -1.9582617728e-01 -4.0147797824e-02 -9.5642320978e-02 4.5260592597e-02 2.4632711033e-02 2.8564595315e-03 1.6021853613e-02 -8.9783332045e-02 4.3671521887e-02
-4.9398030877e-02 -1.3149759135e-01 -4.6069392428e-02 -1.8320349619e-01 -3.0321719842e-02 2.5337526349e-02 -1.5776968330e-01 5.4100718533e-02 -2.2964237061e-01 4.2502251137e-02
-8.9931049031e-02 9.5894351257e-02 -1.2899943160e-02 2.9079697903e-02 -1.8112663004e-02 -3.5581993680e-02 2.2842585782e-02 -1.6867673934e-02 -1.2807257429e-01 -9.9742827203e-02
6.9374343423e-04 -1.9871386159e-02 1.0571681797e-02 1.1919979513e-02 -7.1565391793e-02 -1.2327387123e-01 1.0474386948e-02 -4.3972431076e-02 1.5532554729e-02 -8.8553328676e-02
-1.0576274211e-01 1.3596577829e-02 -5.6957987052e-02 4.9475659346e-02 -5.0678603505e-02 5.1067573959e-02 -6.4628010343e-02 -4.2829755147e-02 -5.2784832500e-02 6.4202143423e-03
-3.8284650928e-02 3.9892182656e-04 -1.0180254549e-01 -1.1557091256e-02 1.0315315407e-02 -1.5861205948e-01 -8.4313178327e-02 3.2557090203e-02 -6.6032534329e-03 3.6538909272e-02
3.0189937696e-02 -4.5556490812e-02 -2.2581341834e-02 4.6400153253e-02 -1.0091280334e-01 5.8083539741e-02 -3.5595904193e-03 -1.1001766912e-01 -4.1524536385e-02 -1.4720620164e-01
-4.0873189718e-02 1.4795429999e-02 -2.4029744556e-03 1.2620976285e-01 -7.9581749077e-02 1.7484559858e-02 -1.8437387408e-01 -4.4215791822e-02 -7.6621740280e-02 -4.6365030813e-02
-1.5293150049e-01 -2.7070905600e-03 5.0040208805e-02 1.7007264737e-02 -1.4191729966e-01 1.4473423953e-01 -6.5294525897e-02 -1.5002724950e-01 6.4194494939e-02 -1.6812317114e-01
1.2717085766e-01 8.3708675256e-02 -4.1926339095e-02 5.5349228755e-03 -1.7543199683e-02 -1.1757231925e-02 -6.4359205604e-02 1.0803045611e-02 -1.9229686392e-02 -8.8864206756e-02
-6.7164184578e-02 -2.0758932871e-01 9.0024584615e-03 -4.7256980574e-02 2.3956309935e-02 5.8995985431e-02 3.2292646447e-02 1.8181618572e-02 -4.6897425694e-02 -1.3273263449e-01
-7.5344799420e-02 -1.6958597297e-01 -3.3444245957e-02 -3.1987046877e-02 -1.4230754792e-01 -1.2222761080e-01 -2.1137015486e-02 4.0420337090e-02 5.1639335099e-02 6.6229793339e-02
-1.3700871986e-01 -1.1721106512e-01 1.1645649014e-01 4.6106743944e-02 -1.0009686915e-01 -4.1499060961e-02 4.1916145201e-02 3.8197403455e-02 7.4845326556e-02 -8.5913842399e-02
5.3409058820e-02 1.9849493236e-02 -1.1976440272e-02 8.0428561851e-02 3.0134946842e-02 2.8912975285e-02 -9.5984560059e-02 -3.8744262572e-02 -6.0947608455e-02 1.7734952326e-02
-5.8621879969e-02 -1.8926184546e-01 4.8910718311e-02 -7.8165217296e-02 7.7944778130e-02 -8.4546216364e-02 -1.1893775259e-01 3.2555281984e-02 -8.5125030076e-02 -3.4135408420e-02
1.0580459826e-03 9.8109400147e-02 1.9582894323e-02 -1.6867297939e-02 2.2907243003e-02 -9.9056372653e-02 -5.6270861919e-03 -1.1250375723e-01 -4.9516795081e-02 -4.3550555252e-02
-9.3171541249e-02 -3.7866873386e-02 8.0398814794e-02 -4.3548199993e-02 -1.3724279056e-01 1.0276413584e-01 -1.6942125329e-01 1.4049617836e-01 -3.6359076973e-02 -1.3869879095e-01
-1.1871835652e-03 -1.3262953911e-01 7.8012788897e-02 3.0283033594e-02 -1.7083439008e-01 8.3158532825e-02 -1.2599017057e-01 -8.8108428663e-03 -8.5727345604e-03 -1.6837266178e-02
-1.1986279096e-01 3.2331581760e-02 -7.6551136511e-02 -3.4653776823e-02 7.6584705057e-02 -1.1567179587e-01 4.6410940614e-02 1.0332454670e-02 -2.9178163729e-02 4.8623196828e-02
-3.6477449694e-02 1.3596603434e-01 1.7651265173e-02 -9.1236710049e-02 5.4752820000e-03 -1.7090285431e-03 6.1280000537e-02 -2.8304027134e-02 3.4080706131e-02 -9.8570648364e-02
-1.1905679014e-01 -5.1776080993e-02 -2.3092911632e-02 -3.0623582923e-02 4.0287263323e-02 7.9205193854e-02 4.7071278924e-02 -4.2745176969e-02 -6.5772219910e-02 -1.1741337863e-01
-8.0588559320e-02 -2.7608362808e-02 -2.1553626579e-03 6.2013226416e-02 -3.9742794821e-02 1.8163863759e-02 5.1684121698e-02 3.0758291443e-02 -4.9905005340e-02 -6.2299013650e-02
-1.9648975937e-01 -1.5556599483e-01 -1.6731539229e-01 -7.5475554733e-03 2.6835490633e-02 2.6932090658e-02 -2.1084174267e-01 -6.8620345319e-02 -1.2998716761e-01 7.1846237181e-02
4.3698583796e-02 1.4574620670e-01 -4.3056552075e-02 -1.0673644009e-02 -1.0024045161e-01 4.3564883876e-02 -1.2817095601e-01 -1.5134909927e-02 -8.8752908389e-02 2.7805034170e-02
-9.4929858535e-02 -3.0828163846e-02 -1.7856366654e-01 -9.1214612944e-02 6.3925424087e-02 -1.1105347903e-02 7.4323456900e-02 -5.1718995341e-02 2.4021676334e-02 -1.0608320306e-02
-9.0366118860e-02 3.8890657000e-02 1.3289501579e-02 1.0004873812e-01 -8.6216759967e-02 -6.3728406198e-02 -4.1081455695e-02 -4.9537099706e-02 4.0762407800e-04 -9.5120173871e-02
7.8104487800e-02 -1.6323461664e-01 -2.3990092881e-02 2.5458031313e-02 9.4761966146e-02 -1.0231776442e-01 -1.3565660918e-01 -1.3360953509e-01 3.5973151139e-02 -1.5038737392e-01
-5.5138460032e-03 -4.0552789203e-02 5.6065474680e-02 -4.9525777122e-02 -6.7109734653e-02 4.9619426710e-03 -5.3077445982e-02 8.8080934003e-02 -2.7523765108e-03 -2.9270459941e-02
-3.0129499088e-02 -3.7920099177e-02 -3.7935052120e-02 -5.3570596595e-02 2.8578254600e-02 1.8250040776e-03 -2.2575849713e-02 -7.3908242280e-02 9.8576239587e-02 2.6669349042e-02
-1.5811104832e-01 -7.1732742188e-02 -2.1510996739e-01 2.1734375872e-02 6.1387248962e-02 4.3757599721e-02 -2.2675180076e-01 -3.3499947946e-02 -4.5063564316e-03 1.2117535704e-01
2.2522433651e-03 -1.0064691500e-01 8.0631050237e-02 -2.2719809104e-02 -3.7379218106e-02 -4.7100574836e-02 9.9464918252e-02 -2.4871701097e-01 -1.1849079212e-01 -1.6367286864e-02
-6.6072686088e-02 5.9269942583e-02 3.2866935030e-02 -2.9326197577e-02 -5.3696527463e-02 7.8770642651e-02 2.7199285868e-02 -2.5634508633e-02 2.3490282169e-02 -1.5843468854e-02
-6.3155495189e-02 7.1170090247e-02 -1.2295758008e-02 6.7529366422e-02 -2.3103683875e-02 1.7855537897e-01 4.6816398524e-02 -1.4486391776e-01 5.2641327654e-02 -9.0224514177e-02
1.1853105003e-02 -1.8003615258e-02 -5.9595307404e-02 8.6478464160e-03 -8.6453878233e-02 1.9175497898e-01 -1.9339731873e-02 -6.2534324651e-03 5.7327537135e-02 -6.9339833961e-03
5.1851948897e-02 5.0342410857e-03 6.0632758150e-02 -9.4218961280e-03 -2.1110857240e-02 -2.8289048308e-02 1.0017327543e-01 -7.3827512624e-02 1.6565404839e-01 -7.1357096806e-02
-7.7348254793e-02 -2.3927363856e-02 -1.5945004879e-01 -8.8515578741e-02 4.0931898455e-02 -1.6450506280e-01 -1.1683838252e-01 4.1067308673e-02 -4.2958725026e-02 7.9143754282e-02
-6.8690714647e-02 1.3300237410e-01 -8.9113089059e-02 -5.4018831212e-02 3.2265217517e-02 -1.8018589206e-01 -2.6156810342e-02 -9.4302334904e-02 8.4111097323e-02 -4.4296186569e-02
-1.3421812179e-01 1.1811737916e-02 1.0001185566e-01 1.1630223213e-01 -6.3763731011e-02 -1.0404707741e-02 -2.8256396550e-01 -1.7228243731e-01 5.2979089598e-02 -8.6354657632e-02
-1.2358853425e-01 1.4697304612e-02 3.5826133053e-02 5.3905022241e-02 -8.0027297809e-02 -1.0463920031e-01 4.7205550145e-03 8.3848794799e-03 -1.0571212371e-01 -1.0154044050e-02
5.3562624964e-02 -1.4652131906e-01 -3.4814831911e-02 -4.8833122061e-02 1.2109463600e-01 -1.2089417160e-02 3.9739910909e-02 -1.0184046715e-01 -1.1284481153e-01 4.8484902070e-02
-2.4712712721e-02 -1.4404819442e-01 -4.1307541155e-02 1.2155543398e-02 -5.4858771331e-02 2.0175868021e-02 -2.8906972095e-02 -8.8998742884e-02 -1.2869473189e-01 6.1696486922e-02
-1.0784022646e-01 -1.5921957541e-01 -5.8350204979e-02 -7.4795010524e-03 5.1389333907e-02 3.6345674718e-02 -3.2226058330e-02 -1.9528829784e-02 4.0970124860e-03 2.9117676425e-02
3.7838249628e-02 -1.2083620091e-01 1.1161869776e-02 -6.2507971065e-02 5.2667505745e-02 -4.1335364524e-02 4.8806786653e-02 -1.5859582225e-02 -1.7118044957e-02 -3.1677834214e-02
2.4158143671e-02 -4.1530568536e-02 -7.3116185417e-02 -2.1411326516e-03 -1.5448715414e-01 -2.9678734108e-02 -5.1544351188e-02 6.3535845319e-03 -5.9193552207e-02 5.6133965853e-02
7.2810360904e-02 -7.5504446348e-02 -6.4262192040e-02 -8.1039823972e-02 -7.2623256231e-02 -3.4352313923e-03 -5.2765667469e-02 3.2641563076e-02 -1.1966861901e-01 -4.2027066834e-02
-5.4723410074e-02 -3.9058651468e-02 -3.6268448294e-02 7.8156083493e-02 -5.7732190542e-02 -5.5584359126e-02 -7.7031711542e-02 -9.3008737521e-03 -4.5000644371e-02 -1.4495002978e-01
-1.6186370445e-02 4.2171585239e-02 -2.5018010585e-02 4.5926364870e-03 -1.8735366299e-02 -1.0718991199e-01 -8.3085071334e-02 4.9675293601e-02 5.2729727493e-02 -8.8051171291e-02
-9.6869686047e-02 -1.4815663471e-01 1.0678186073e-01 -7.9799085065e-02 8.1770543414e-02 -4.5647188193e-02 -4.2559308434e-02 5.8098930252e-02 -1.3811697129e-01 -4.9707807335e-02
-1.0961597324e-01 -1.3116709774e-02 -6.7152128845e-02 1.3094171681e-01 -4.8454250498e-02 -1.3393502246e-03 -2.0403055317e-03 6.6656384390e-03 -4.7171312518e-02 1.7566813352e-02
-1.1753363029e-01 -6.6299913498e-03 -1.4373382544e-01 -2.5726553140e-02 1.1549278907e-01 6.9404105283e-03 -5.4570349565e-02 -5.8312546871e-02 6.5326753224e-02 5.8077575270e-02
1.0672119195e-01 -1.1009832487e-01 -2.3272545383e-02 3.3654259197e-03 -1.4284158804e-01 -9.3762041240e-02 -7.3064892726e-03 2.1421156149e-02 -7.5102776075e-03 2.7823575299e-03
1.2623719245e-01 -1.9669518179e-01 -5.3161304375e-02 -2.5708330658e-02 2.7125810553e-03 -1.3586305821e-01 -5.1663502314e-02 -8.4724146253e-02 -1.5222215556e-01 4.7450852639e-02
1.4139991447e-01 -1.7103348820e-01 1.9538365961e-02 -1.1041324803e-01 2.5922289569e-02 -1.8195070829e-01 4.7410398696e-02 -7.7884158537e-02 -5.0525942602e-02 5.9784593081e-03
-7.1348162727e-02 -1.2343062803e-01 -3.7080945088e-02 -1.3169489722e-02 3.5463459275e-02 -4.6359871709e-02 -7.5102633248e-02 -7.0801536672e-02 -3.5635047523e-02 1.6909510240e-01
2.4988164783e-02 -1.0505917163e-01 8.6702190713e-03 1.8751470647e-02 -1.3658632878e-01 -6.8711909958e-02 -1.2334897377e-01 -7.8678059176e-03 4.7179626309e-02 -9.1847984170e-02
1.0501923241e-01 -2.0867098966e-02 8.7207182948e-02 4.2146720511e-02 -6.5949402372e-02 -6.0501580805e-02 -2.9146326238e-02 -3.6930071140e-02 1.2220793318e-01 1.3292232948e-03
-1.2700029747e-01 -4.9693752825e-02 -5.8983495867e-02 -7.0930885646e-02 2.2452459893e-02 -4.0077484771e-02 1.2489196498e-01 -5.3814714567e-02 -1.7033179794e-01 4.6769477076e-02
-3.4993645864e-02 -7.9837156230e-02 -1.0302453093e-01 -7.7974886676e-02 -8.4727350166e-02 -8.5526313902e-02 6.9700118062e-02 -1.3025762917e-01 -8.9563049067e-02 1.6242999718e-02
4.3560466174e-02 6.2971572907e-03 6.2595618587e-02 6.2845477214e-03 -1.3445708104e-02 1.2456645788e-01 1.1215920199e-03 -1.3000061775e-01 -2.6936644636e-02 -6.5756292363e-02
1.7709764306e-02 1.6552738287e-02 1.3587711217e-02 9.1113280734e-02 -2.0581695718e-01 -2.5979066540e-02 -2.2534198284e-02 1.5953111488e-02 7.8179857368e-03 6.6193175925e-02
3.2582019961e-02 7.2770985921e-03 2.0645783311e-02 -2.3559642876e-03 -7.4430311773e-02 -8.0044333492e-02 2.5333253903e-03 -1.3914388304e-01 6.8495108246e-03 4.0342573310e-02
-7.9349274111e-02 1.8690678753e-02 -1.5622700005e-01 -1.3535233473e-01 1.0901462147e-01 -6.1346986893e-03 -1.0942723327e-01 -1.2929462009e-01 3.3027271823e-03 2.7435425578e-03
1.3806391014e-02 -9.1180553836e-02 -9.7543110324e-02 2.9625019537e-02 -4.4543490496e-02 -1.2030559353e-01 -9.8348056532e-02 -3.1244700173e-02 9.6496739081e-02 -8.2624866759e-02
-2.9167752320e-02 -3.1932330978e-02 -1.2475982891e-01 -7.0866520027e-02 8.1808621754e-03 6.7129950386e-02 3.5523744189e-02 -8.8997131574e-02 -2.3917562861e-02 -3.5233773532e-02
5.6440215497e-03 2.2985526591e-02 -5.0248215181e-02 6.0188767313e-02 3.4530678468e-02 3.5018166591e-04 8.9269755068e-02 1.3286379485e-01 -1.0867111381e-01 1.0070647211e-02
-9.4271786056e-02 1.3166146005e-01 2.1506078981e-02 -1.4733730680e-01 6.5072350051e-03 -1.4340377875e-01 5.1873432810e-02 -3.1138166803e-03 8.3275677906e-02 -6.4242395011e-02
-2.1349479549e-02 1.1483624110e-02 -4.0402003284e-02 1.7708308780e-03 -5.5700308044e-02 -6.3353351091e-02 -3.7659965573e-02 -1.3080240634e-01 7.4088797545e-02 3.1582368951e-02
1.2549018689e-01 -1.4153675746e-01 -2.9756319386e-02 -1.4677948061e-03 -2.5955101984e-02 -1.0417535442e-03 -2.9742861546e-02 2.4841059710e-02 -8.8627585235e-03 -9.1277450691e-02
-7.0210555571e-02 7.9599172693e-02 7.9892647422e-02 -1.4351833735e-02 4.2814976384e-02 -4.0740319431e-02 -9.4469398115e-02 6.3410596566e-02 -1.3758135897e-01 -8.4821546054e-02
-4.5328167689e-02 -2.2393271285e-02 -9.4991780470e-03 7.3271674006e-02 -3.0136879882e-02 1.9846863875e-02 -7.3040649083e-02 1.5393044129e-02 2.5881587927e-02 3.3303052059e-02
7.1111244671e-02 -1.9785388392e-01 5.6016836732e-02 -9.3028668572e-02 -1.0230583045e-01 3.0997166318e-02 7.7589690254e-02 -8.0941945863e-02 7.2464187591e-02 -4.4284960685e-02
8.6826081752e-02 -9.7862182354e-02 -2.1653526187e-02 -1.0896606781e-01 -1.5383939723e-01 2.4800173475e-02 1.1919330650e-02 -7.3243367994e-02 2.2899631830e-02 -5.5422710271e-02
2.3955505912e-02 -1.1266942552e-01 -3.1394787987e-02 3.4983687167e-02 5.3902202742e-02 1.9084249088e-02 -2.0022140512e-01 4.6073140982e-02 4.0179651711e-03 1.1451765888e-01
-3.5706097857e-02 -1.1931171995e-02 6.8520945745e-02 7.5543931111e-02 -1.6802138518e-01 6.4033190766e-02 -4.7659005813e-02 -2.9651758668e-02 -1.1757864255e-02 -1.1634710080e-01
1.3834874151e-01 -1.0486523793e-01 -4.2860861838e-02 -1.9591948198e-02 -8.3962479313e-02 -4.0304070052e-02 -1.2512078218e-02 5.4773202231e-02 -9.1680303328e-02 8.7025009418e-02
7.8467150377e-02 -7.3268128952e-02 -6.5240035411e-02 -6.9356661658e-02 -3.4790118531e-02 -5.3059979591e-02 5.1678503206e-02 -5.7173829243e-02 1.9023633177e-02 5.6288446470e-02
-5.4182046188e-02 -3.1805855921e-02 -2.6593291504e-02 -7.8114643328e-02 5.1678859165e-02 -2.4435453398e-02 -9.4813676544e-02 -2.6605228007e-02 3.2675722421e-02 -4.3353826975e-03
-2.8883768204e-02 -1.0313462864e-01 -5.2624643367e-02 -5.3411231641e-02 -1.1479401675e-02 -2.4139746647e-02 -8.9754702117e-02 1.5110191552e-03 -1.3732055473e-01 1.0862719283e-02
1.2527967470e-01 -1.6875080676e-01 4.5301102603e-03 -8.5435362010e-02 -2.0734092485e-02 -9.7089798850e-02 7.0085909132e-02 -4.7686725903e-02 -1.2543412336e-01 3.9515326904e-02
-4.0482974557e-02 -1.5966781828e-01 -6.4073814960e-02 -1.2192635469e-01 6.2355165902e-02 1.2932036734e-02 -6.7772540517e-03 -7.5532306674e-02 2.6278918702e-02 1.1781105444e-01
-1.2225572181e-02 7.2072684943e-02 -2.5196924355e-02 2.1516524156e-02 -4.7300017701e-02 -5.7080355358e-02 -9.2503936399e-03 -8.6058732125e-02 4.6558608363e-02 -1.1742434335e-02
-3.1274247250e-02 1.6706166362e-01 3.0978084196e-03 -6.1019816663e-02 -6.2687662175e-02 6.3382382410e-03 -1.4484798508e-01 5.8762547080e-02 -8.7824513929e-02 4.1647282581e-02
5.9594058038e-02 -1.1471660442e-01 -1.0740116683e-01 -6.2101168043e-02 -7.2671101378e-02 3.1732538096e-02 9.1355857598e-03 2.3128444322e-02 -1.1272165588e-01 -6.6251116441e-02
-1.2266330969e-02 -1.1052792270e-01 -8.4554442314e-02 9.6569862640e-02 -1.1922150170e-01 5.7411947502e-02 -1.1840663544e-01 -8.3627316612e-02 -6.8025594458e-02 1.0292263276e-01
-3.3024658992e-02 -2.9054313540e-02 -3.3179361162e-02 -4.0981769432e-03 -5.7748253833e-02 -3.6453185780e-02 -6.0659513958e-02 6.6899355080e-02 -1.0948898140e-01 7.5370332795e-02
-1.0845101486e-01 1.6161927390e-03 1.3579350937e-01 -7.0665776936e-02 -2.7652320558e-02 -2.1347307989e-02 1.1519024167e-02 -4.9212171608e-02 -1.0744478345e-01 -5.6838811134e-02
-1.5601370903e-02 -7.7294877847e-02 1.2815836432e-02 -6.8317388886e-02 2.2535465543e-02 -1.0495954925e-01 -7.1289809915e-02 -2.3524426800e-02 1.6764585170e-02 -5.3308872491e-02
-2.1594216263e-01 -1.4920333302e-02 1.4625800546e-02 -2.7706719667e-02 3.3103515628e-02 1.0666294751e-02 4.4215015751e-03 1.7043262246e-02 -2.3767875590e-03 2.0455755006e-02
-9.5809974730e-02 3.3632592351e-02 5.2971948500e-02 5.0088449866e-02 -1.3071767792e-01 5.4603333912e-02 4.9112084504e-02 2.4751306007e-02 -4.8916666389e-02 -1.0732114607e-01
-3.3893825567e-02 -1.2874980155e-02 4.5337621884e-02 3.4613903689e-03 -2.6279354710e-02 -3.3293195273e-02 6.6240129938e-02 -6.6212092064e-02 -3.0104724168e-02 6.7056254496e-02
6.8210999761e-02 3.5785799459e-02 5.1172536000e-02 -3.8196054065e-03 -6.0023920257e-02 -8.0622888203e-02 -9.5343054711e-02 -4.3648401663e-02 -1.3201074056e-02 2.6014345252e-02
-6.1817523863e-02 -9.6346887605e-02 -2.2218977267e-02 -6.6680567687e-02 2.8912243670e-02 -1.3752379975e-02 -1.0039449430e-01 -4.0667902219e-03 2.0914458084e-02 -9.3425514862e-02
-9.0383871988e-02 5.5981251277e-02 3.5697547521e-02 6.2562771402e-02 -5.6918419367e-02 -1.1786853759e-01 -7.5340413702e-02 -1.6125654341e-02 3.7482139562e-03 -3.1642154571e-02
1.1458798511e-02 -4.8212815350e-03 -2.1178457647e-02 -1.2027179612e-02 -1.0493306410e-01 -1.3768117129e-01 3.8403619860e-02 -5.6234981482e-02 4.9557396013e-02 6.1516623402e-02
-5.4689496736e-02 8.5405385507e-03 6.1615146137e-02 -5.2502478784e-04 3.0715681852e-02 1.2031462118e-01 7.8284276477e-02 -1.3046810103e-01 2.4617339822e-02 -1.6393687207e-02
-2.0578675395e-01 1.0803819400e-01 -3.4683406828e-02 1.3373313259e-01 -5.4739629724e-02 1.7742165348e-02 -2.8049355219e-03 -2.4864078612e-02 -6.3774950902e-02 -6.8984385558e-02
-2.2180844001e-02 1.0999179304e-01 -6.1908977051e-02 -8.2043245302e-02 1.5267477582e-02 1.1631248587e-02 -1.1231391644e-01 -3.8088052010e-02 -5.2264297872e-02 3.5779010390e-02
-3.7788333321e-02 -3.7069170472e-02 -3.7441531367e-02 -4.4880632708e-02 4.5936990703e-02 -2.8973836700e-02 -7.4165282595e-02 1.2451684290e-02 -9.1522009249e-02 4.8554642982e-02
-5.3646505413e-03 -1.0150545366e-01 1.8501586578e-01 6.5826728579e-02 -1.0718183648e-01 -2.9065182685e-02 -1.2077369965e-02 7.9158547895e-03 9.2190731866e-02 -1.1452696541e-01
-3.0784039130e-02 -1.1062191434e-01 -5.1665439325e-02 6.8246151166e-02 -6.6956887304e-02 4.1928683537e-02 6.8815595588e-02 -1.3992198651e-01 -2.8761103230e-02 -1.6050326003e-01
-2.3887070640e-02 7.3679944463e-02 7.4396243066e-02 -3.8998962024e-02 -7.2519013301e-02 -1.3335550154e-01 -5.0392068109e-02 -1.4030497106e-02 4.6157750003e-02 -5.9522274387e-02
-9.7305350787e-02 -2.6546388266e-02 -9.1874049263e-02 -1.2792506225e-01 1.3026120682e-01 -3.1735269902e-02 -5.6397102213e-02 -5.6759409318e-02 -4.3435613847e-02 -7.3662921423e-02
-1.4932488748e-01 2.8365342490e-02 6.5504444275e-02 -9.3427472873e-02 7.5320913802e-02 -1.3580775758e-01 -1.3338279239e-01 -1.8281791878e-02 -9.9633951698e-02 5.4232981510e-02
-4.0322892924e-02 -5.4941929736e-02 -1.8050370934e-02 -4.2437912051e-02 -3.4278238183e-03 2.3070184564e-02 -3.4067521214e-03 -2.0045502656e-01 6.5260407606e-02 2.7707664770e-02
-4.8973233311e-02 4.1143708497e-02 -4.1991289566e-02 -4.5483782620e-02 -4.8126222669e-02 3.2415447856e-02 -1.6080739612e-02 -2.5393033958e-02 -2.0638777493e-01 -4.7675864360e-02
-7.5807322674e-02 7.7013151835e-02 4.6826587778e-02 -5.5476719156e-02 -9.2331561013e-02 -2.3331574447e-02 -8.0543024256e-02 1.2239291606e-02 -1.3093851368e-02 -1.0104311986e-01
2.7616101756e-02 1.5073238650e-02 4.8924855398e-02 -1.9350102125e-02 -2.1660994015e-01 -8.1527792338e-02 -8.3740457362e-02 1.0844222915e-01 2.8714069183e-02 -1.3635163517e-01
2.5342965615e-02 4.1954825840e-02 5.1924495253e-02 6.6751608394e-02 -8.8765563346e-02 -2.0655858375e-02 -6.5315443864e-02 -1.3340450297e-01 -1.2443336013e-01 -3.3089928726e-02
-1.0376784840e-01 -6.5658950796e-02 -2.9754286485e-02 -3.6789211127e-03 -1.9746776197e-02 -5.8676883844e-03 -3.3104907254e-02 -4.6071346283e-02 7.9984029768e-02 -1.0163542503e-01
-1.4218434193e-01 -1.4949230957e-01 -1.5381996662e-01 -1.8488978424e-02 5.7237570788e-03 6.4868332370e-02 -8.9969058900e-02 -1.6862332103e-01 6.6231914049e-02 -7.1568975888e-02
-5.6855924728e-02 5.5245012209e-02 8.2130504132e-02 -1.7220628628e-02 -2.7531895049e-02 -4.2988049672e-02 -9.9815829549e-02 -9.3015152769e-02 -1.6263997989e-02 8.9490128139e-03
-1.3412415867e-01 3.0192902671e-03 -6.5972856055e-02 -1.9783749514e-02 4.3343803776e-02 -4.7554245285e-02 -9.7489157072e-02 -1.2591239724e-01 9.2313447759e-02 -4.2601313469e-03
-1.4705739143e-01 9.9870382161e-02 -5.7376535559e-04 6.3007849344e-03 -1.3603013552e-03 -2.1401802481e-01 5.8635583451e-02 -1.1964488843e-01 -5.6374964114e-02 7.5590756841e-02
-8.3457171377e-03 1.2443979788e-01 -6.4466257890e-02 -3.7338196497e-02 -8.6821615722e-02 -4.1711458850e-02 -2.9712421688e-02 -1.0273289201e-01 -5.7528500104e-02 5.6345716330e-02
-1.4941999543e-01 -2.2151817303e-02 1.7518238065e-02 -4.7315618376e-02 -1.7662789419e-02 -8.3238847062e-02 5.6950955200e-02 7.3665494470e-02 -4.0074749668e-02 -3.2154720496e-02
6.1291123366e-02 2.1678013090e-02 -5.6511532974e-02 6.0535865389e-02 -1.2255602697e-01 -2.6699592279e-02 -8.8292372240e-02 -7.1209786873e-02 6.8617467058e-02 -1.3077047872e-01
-1.5021925264e-03 1.5778494558e-02 -5.2669564308e-02 -5.8590341512e-02 1.4610219105e-02 -2.5695581468e-02 -5.0243177150e-02 8.3470360379e-02 -6.9148270515e-02 -8.4205982522e-02
-4.2254875520e-02 -1.3691306141e-02 1.6172506919e-02 -1.7056114040e-02 7.5754682991e-02 -7.0764725121e-02 -3.6020520414e-02 -7.6939981695e-02 -1.0949812816e-02 -1.9016866304e-02
-5.4479667931e-02 -9.4122375822e-02 -5.1287861057e-03 -3.8455868117e-02 8.4462783736e-02 1.8907467748e-02 -5.8360999235e-02 -2.1545602979e-03 -1.6701346572e-02 -1.3280069022e-02
-3.7698015589e-02 7.5712049695e-02 3.4011295414e-03 -7.3812094517e-02 3.1846046570e-02 -1.0810705670e-01 5.8219297049e-02 -1.1607324546e-01 -7.3224576339e-02 7.6983481017e-02
1.1120862133e-01 -1.9174718772e-01 -4.8595968934e-02 3.1980991792e-02 -5.9936190595e-02 7.5860973178e-02 -4.7416116290e-02 -8.3414562227e-02 6.9654137021e-04 -1.1924127140e-01
2.5985388348e-02 -9.5048830489e-02 4.6358937333e-02 2.6734417995e-02 -2.5745047781e-02 -9.2418229042e-02 -7.8789822938e-02 -6.6468946179e-02 -1.0632673354e-01 6.2928173156e-02
-1.7170005627e-01 -7.2061249292e-02 9.1889303512e-02 7.0388055030e-02 -1.1640928284e-02 -1.7024330183e-02 -1.2009330157e-01 -4.1943001933e-02 6.7759789426e-02 -6.8009988493e-02
3.1238966001e-02 -8.9546880583e-02 -2.0201447175e-02 -4.5700258017e-02 -6.7101489437e-02 -2.2156153209e-02 7.8823197378e-03 5.1426582047e-03 -1.5059714524e-01 2.3150037041e-02
-3.6697518784e-02 -5.6681176998e-02 4.1764151639e-02 1.1918436339e-01 -1.2976052045e-01 -1.0699885625e-01 -1.6447786792e-01 2.6682603601e-02 6.4421578338e-02 7.8543741902e-02
-3.3205412243e-02 7.4856836034e-02 7.6641743023e-02 4.2106095487e-02 -1.4492426682e-01 -1.1882250452e-01 -1.4319978764e-01 -2.3191218659e-02 -8.4503998887e-02 -6.9356099528e-02
-4.7158004495e-02 6.0810081542e-02 -9.2718773112e-02 -4.0248071669e-02 1.2131003424e-01 -1.5853485226e-02 1.9096180313e-03 3.8172007948e-02 -7.3689533583e-02 -1.1532922986e-02
-4.2982022394e-02 6.4510339913e-03 -1.0365397148e-01 -1.3539826984e-02 9.8639143371e-02 -1.9687632700e-02 -1.7673038847e-01 1.7149519271e-03 6.4051867776e-02 -3.2518534825e-02
2.2937602521e-02 -1.9056255608e-02 -8.5513009142e-02 6.8960219979e-02 2.7066157955e-02 -1.8105889284e-02 8.2029840283e-02 7.6267027327e-02 -1.5530165388e-01 -7.3637828855e-02
-7.9587991209e-02 -3.4365117643e-02 3.9047375276e-02 -1.5485040469e-02 -1.6337697657e-02 1.8568354526e-03 -1.3810082122e-01 1.0004836827e-01 2.5321460188e-02 -1.0251536602e-01
1.3695970564e-02 6.4866335015e-02 -5.7760425268e-02 -7.5061419685e-02 -5.5018147472e-02 3.3421538303e-02 -9.8343708373e-02 -2.3817087089e-02 -4.0218269992e-02 5.7763633406e-02
-2.1463314195e-02 -8.5552829340e-02 9.7469468529e-02 4.0441566141e-03 -1.0321151730e-02 -9.9167561052e-02 -1.7223790695e-01 3.5241255801e-02 -2.9133632997e-02 -1.0897914683e-02
-6.3265018061e-02 -9.7527968166e-02 -8.4684167675e-02 2.4106571566e-03 -2.3334358616e-02 -2.6800413711e-02 5.9354168703e-02 -1.2493335939e-02 -1.6255457091e-02 2.6106588248e-02
-1.1999115704e-01 7.8483625006e-02 -5.7004727137e-03 -1.1243219667e-01 -2.3255184342e-02 -5.1094956661e-02 1.0958073738e-01 8.6894254012e-02 -8.0097855104e-02 -1.0040284194e-01
9.4484914426e-02 8.5163837118e-02 -1.1548064430e-01 7.6198324908e-02 -3.9784196438e-02 1.4542197037e-01 1.1494957558e-03 -9.1281163734e-02 -5.8020389094e-02 1.8148359771e-02
-2.6502311692e-01 2.9483214093e-02 -9.4052350430e-03 -6.2635440959e-02 4.9600309165e-02 3.2175279080e-02 -9.1721448769e-02 -1.0188787077e-01 -1.2274442676e-01 7.7522954124e-02
8.4254171215e-03 -7.8414127316e-02 -1.1142971271e-01 -7.0528446129e-02 7.1366499456e-03 4.2415652383e-02 1.8758433369e-02 -8.7491225956e-02 -1.1398911526e-01 4.5295446887e-02
-1.4209919878e-02 3.9102125557e-03 1.2338555655e-02 -9.9337197925e-02 2.9888688989e-02 -9.1488583697e-02 -2.3231011682e-02 1.1235381038e-01 -6.7785917418e-02 2.6387231583e-02
-4.9612204759e-02 5.3524911240e-02 9.8561737743e-02 4.4339194214e-02 -6.3287635527e-02 -6.0459405793e-02 -1.4160890059e-01 -4.6687045791e-02 -6.5722013575e-02 -9.3933256469e-02
-4.0843444707e-02 2.0777517350e-02 -1.5179471742e-01 -4.8922931590e-02 5.5797084683e-02 2.3290091863e-02 -3.0896291739e-02 -5.4005501722e-02 3.4651611330e-02 -7.5819271260e-02
-3.2291060395e-02 -3.7157138939e-02 -7.6663345208e-03 5.7598898311e-02 -1.6935443885e-01 1.2174991351e-01 -1.8685957522e-01 1.0727848846e-02 1.6933632221e-02 -2.5888870523e-02
-1.2224773418e-01 -6.8966705594e-02 -5.1195674390e-02 5.0079714919e-02 -3.3921230948e-02 1.6422772506e-02 -5.5454650495e-02 6.2700492491e-02 -1.5942124659e-02 -1.4800157582e-02
-1.2285107948e-01 -3.6878105729e-02 5.9073502265e-02 2.8311330929e-02 -1.9049578435e-01 1.0001434067e-01 -1.2928053404e-01 -7.7208239593e-03 -8.2337344232e-03 -8.6815264222e-02
-3.7884947884e-02 2.9181818146e-02 8.2829216450e-02 -1.4992532116e-01 -9.7646308240e-02 7.1047580331e-02 6.0443603078e-02 9.7685150025e-02 3.4600049666e-02 -1.3557454115e-01
5.6752639895e-04 -9.7571839833e-02 1.2399470484e-01 -7.7007732730e-02 -6.4937413305e-02 -1.0721641168e-01 2.0036347269e-02 -8.2136949214e-02 5.5842490487e-02 -4.8730985086e-02
-1.6276792012e-01 -5.9861573149e-02 -1.0933526388e-01 8.2940426935e-02 -1.8726907963e-02 2.2952161450e-02 -1.3321480914e-01 4.2658551573e-02 -2.7529165636e-02 9.7396394368e-02
1.0541954411e-01 -1.0308784702e-01 1.1316384779e-02 -4.3732943806e-02 -8.2828968197e-02 1.9432682212e-02 -3.0778983731e-02 -1.5401592607e-01 -9.6709288696e-02 3.6846424764e-02
-1.2297896642e-01 9.4710769401e-02 -4.4692295600e-02 9.1657139148e-02 -8.5760706753e-02 2.6890420915e-03 -1.1920383556e-01 -1.9184200319e-01 -1.3396008341e-02 5.0633460092e-02
2.4624558444e-02 1.0068840597e-01 2.6092378169e-03 5.0741114523e-03 3.0200709415e-02 -6.9026498538e-02 -1.2434141710e-02 -7.5724512844e-02 -4.8480229068e-02 4.4378345793e-02
-3.5325639595e-02 -1.5535337672e-01 -1.0857568198e-01 -1.1228226213e-01 1.9674909402e-02 2.7212875378e-02 1.7231742687e-02 -1.1354973010e-01 8.5003536906e-02 -8.4538224595e-02
-1.4218269555e-01 -4.9522692453e-02 4.0643494846e-03 -4.6759574246e-02 -6.9833455991e-02 -2.8716333921e-02 -1.4171083713e-01 5.4939312349e-02 2.8198969876e-02 6.2167831077e-02
-1.4900158990e-01 -5.0341378875e-02 -3.9088163170e-02 -2.7174177435e-03 -1.1951392824e-02 2.9646451214e-02 1.2910256323e-02 6.8152941677e-02 7.1725069250e-02 4.3586112126e-02
-1.9000792339e-02 -5.1847070891e-03 1.9914094066e-02 -1.0921548041e-01 -7.6243078712e-03 1.2959914464e-01 6.1744910198e-03 -5.8682916437e-03 -8.2730904780e-02 3.4565475587e-03
1.1212534558e-01 -1.4987269346e-02 -6.2242415538e-03 -8.3674278901e-02 -5.9882917261e-02 -9.5119353306e-02 3.8836829870e-02 -7.4216983883e-02 8.2849599235e-02 -6.2805812902e-02
-1.2593264960e-02 -9.6166474593e-02 -1.4319821782e-01 -1.1063689572e-01 -1.8540616390e-02 2.9181925545e-02 8.1483874244e-02 -2.4664985390e-02 4.3246837381e-02 -5.7944339320e-02
-7.6119808738e-02 -8.6821768961e-02 -3.5339876326e-02 -9.4856790206e-02 9.8609829749e-02 4.3969703694e-02 -4.1200404467e-02 5.2705796443e-02 -4.8812780402e-03 9.0953959794e-03
-1.9522738234e-02 3.9493102380e-02 -4.1500207264e-02 -3.6865825769e-02 -4.3233444090e-02 1.4576510346e-02 -1.3444982125e-02 -4.0292907225e-02 -4.4437305415e-03 5.7100058103e-02
6.4262557669e-03 -5.2267024999e-02 -4.0477526076e-02 -1.5586268639e-02 -2.4249610339e-02 -4.3051281598e-02 -3.5572616158e-02 2.9830838107e-02 9.7212195713e-02 5.7117781720e-03
-1.4839160448e-02 -7.8818018829e-02 4.5845826915e-02 3.0667018774e-02 -2.3418799398e-03 -1.4158786316e-01 -1.5560562904e-01 7.0008080818e-02 4.7601076720e-02 -1.6427347212e-02
-4.8887126164e-02 -1.0499170518e-01 -5.4238399827e-02 -2.1753022010e-03 -3.7359824822e-02 -1.3822975181e-01 -1.5869906266e-01 4.1671686301e-02 -1.1112640323e-01 1.0509689983e-01
-1.3305885478e-01 8.4422275696e-02 -2.3019145784e-02 -7.0841804941e-02 3.8967762602e-02 -4.6884697807e-02 -7.0016578251e-02 3.9839037570e-02 -8.8206319131e-02 1.2234815507e-04
1.0762645290e-01 -6.5618011026e-02 9.5559020274e-02 -6.2294514951e-02 -9.9284408565e-02 3.0778178465e-02 3.1737595615e-02 -7.5514232798e-02 1.0931140156e-01 -1.8469460012e-02
5.3446266345e-02 -6.0517462281e-02 -9.1522530812e-03 2.8124289246e-02 -2.5306135013e-02 5.6033846448e-02 -9.5228332245e-04 -6.5536304369e-02 -7.3489589763e-02 3.4357000318e-02
-3.3680164179e-02 -2.9908584558e-02 -1.5059065173e-01 -1.1800866575e-01 3.2185828417e-02 -6.7863069060e-02 -5.2136822446e-02 -7.2174954453e-03 -5.9591575456e-02 2.9380742712e-02
-9.8531522753e-02 -7.9881968695e-02 -8.0729561634e-02 -1.0235658516e-01 7.7254456700e-02 -5.4888458558e-02 2.1425683222e-02 -8.0942141569e-03 -1.5143586315e-01 9.3562536048e-03
-4.4546419659e-02 6.0704063488e-02 -4.1366289804e-02 -1.1946099767e-03 5.8790152497e-02 -4.0715952476e-02 -1.4910787861e-01 7.8675894715e-02 -3.0037646933e-02 -9.1536004876e-03
-7.1755606193e-02 2.7374735677e-02 -6.4858874099e-02 -9.3599118733e-02 1.0507002842e-01 3.3955554560e-02 -2.0706334651e-02 -1.6328372943e-02 -7.1262497266e-02 4.2968130835e-02
2.5484367994e-02 6.0595174995e-02 -5.6830724684e-02 -7.6035125564e-02 -2.5274363358e-02 -1.7686446832e-01 -1.9345591419e-01 9.0951013896e-02 -1.8142464336e-01 7.1246484497e-02
7.8476205236e-03 -6.6310235787e-02 1.7993554347e-02 8.8037786737e-02 -1.0468623591e-01 -2.1849216193e-02 -1.4390783230e-01 -3.5017979413e-02 -8.8495018176e-02 3.1284172655e-02
-3.9373105211e-03 -8.3900059178e-02 -3.2735736279e-02 -7.5976995443e-02 -1.5732430343e-01 7.5158096377e-03 1.1430018340e-02 -8.2073934951e-02 1.6295269826e-02 -1.0260326849e-01
-1.1788921872e-02 5.8817574056e-02 -3.0980796301e-02 5.4045050937e-02 -1.7204431743e-01 2.4144131919e-02 5.3508118175e-03 -8.5835425257e-02 -1.2355205741e-01 2.3140183375e-02
-1.0625055924e-01 -1.3865277665e-01 -6.5533326225e-02 5.9338424291e-02 3.9272993719e-02 -1.2024929626e-01 -9.5324659663e-02 -7.7525382335e-03 -1.5615993785e-01 -1.6949685515e-02
7.7893527217e-02 5.7518567454e-02 7.4482360965e-02 1.0967092174e-02 -9.6707662572e-02 -1.6660328535e-01 -1.9097384958e-01 4.2325343036e-02 -5.1866354073e-02 -7.2469024756e-02
-8.6512522336e-02 -7.4196576172e-02 -1.0434906747e-01 -7.1689826233e-03 -6.6855381487e-02 1.4735109076e-01 -6.0803032483e-02 -6.3835118290e-02 2.4435976052e-02 -1.5012647697e-01
-1.3988480425e-01 -2.9653300643e-02 -1.0935996068e-01 -1.2240093710e-01 6.2975002957e-02 -1.5712077263e-01 -1.0332889345e-01 -2.4111815460e-02 -7.2692072305e-02 -7.4950498463e-02
5.4494195443e-02 -4.2209454086e-02 5.2784507411e-02 -4.7577112042e-02 -7.6054226149e-02 -6.9961955606e-02 -2.2562353699e-02 -4.2131566131e-02 -1.1079424061e-01 2.0881481107e-02
3.8878457034e-02 -6.2428914908e-02 -4.1032168130e-02 5.8987203212e-03 -6.0186592483e-02 4.1320717088e-02 -4.1868976888e-02 -7.0174315681e-02 4.0551756679e-02 -1.4414195677e-02
-4.5988224362e-02 6.5175203061e-02 1.0276785485e-01 1.9331739104e-02 -1.8436820992e-01 7.9103705347e-02 3.4570281619e-02 -5.5480790725e-03 7.9828253310e-02 -1.4166520191e-01
-1.3511862231e-01 -1.4798833446e-02 4.6959631318e-02 -8.6220665113e-02 -9.3663945637e-02 7.4705226125e-02 1.0141542642e-01 -1.6800624124e-01 -1.5453990868e-02 -8.1419471346e-02
-5.7799973472e-02 -7.0872786329e-02 2.1967279404e-02 -7.7013317837e-02 7.7927293059e-02 -5.0716017001e-02 5.5223422391e-02 -1.1384785499e-01 5.1085619271e-02 -3.3002002113e-02
5.2264905280e-02 -1.7982053364e-03 -1.1090548310e-01 -4.4280465793e-02 -5.9723942752e-03 2.6366247923e-02 4.1134187526e-02 -1.2563880864e-01 6.9661750938e-02 -3.8054952357e-02
-1.9924868571e-01 -2.0815149239e-02 -5.8397969162e-02 5.6460225246e-02 -1.3686330709e-02 -3.1690289790e-02 -1.9712227179e-01 6.7142979186e-02 -5.9817366681e-02 -4.6278363155e-02
-1.8254132043e-01 6.9574727375e-02 7.8495447009e-03 -3.3459075876e-02 1.3335842469e-02 -5.7107568100e-02 -3.9396169316e-02 -3.6919353927e-02 -1.0986913811e-01 3.3564902479e-02
1.0345400457e-01 -5.5492868451e-02 -1.3533099898e-01 4.0870693537e-02 5.2546846083e-02 -7.9156220261e-02 8.3642897892e-02 -8.2511933546e-02 -1.3682207680e-01 -6.1989248172e-02
1.0414100622e-01 -1.5549128958e-01 -7.7454228314e-02 -1.8041302154e-02 -9.4497279256e-02 -1.9331933811e-01 -1.4166601488e-01 2.9150986009e-02 -1.8179495775e-02 3.7988184925e-02
1.7010143475e-02 -7.3266923168e-02 -8.2450878894e-02 -9.0202210660e-03 4.4694334747e-02 7.5977512971e-02 1.9258392214e-02 -3.1989679095e-02 -7.7804432661e-03 -1.0291271980e-01
-9.9329239211e-02 -1.1471364709e-01 -9.1052582113e-02 8.0557602009e-02 -1.5973947326e-01 6.5171373424e-02 -2.6343599221e-02 -4.6372531546e-02 -1.2482794525e-02 2.2819754184e-03
5.0177504084e-03 -1.7269447900e-01 8.0151664660e-02 -6.3567262757e-02 4.1376083250e-02 -1.3134074690e-01 -4.3839870327e-02 7.4839801185e-02 -1.0385083497e-01 1.2382596694e-02
8.3505363510e-02 2.8717842990e-02 -3.5737712980e-02 2.6705285755e-03 -2.0136934496e-01 8.8309160882e-02 1.3566448091e-02 -4.3723939152e-02 -1.9753275110e-02 -4.7021185159e-02
-1.1865655189e-01 -3.5255445139e-02 -7.6290474173e-02 1.0312875329e-01 -5.8895532918e-02 -6.6612784059e-02 -2.6088164200e-02 8.9972970998e-02 -1.8795225081e-02 -4.4972992015e-02
-2.1556909871e-02 1.1341160729e-01 1.3136042920e-03 -1.2013507022e-02 -4.4118642901e-02 -3.0488560004e-02 3.5996507683e-02 -2.1732356815e-02 -1.1178651088e-01 1.2146322589e-02
-7.6359269083e-02 5.2536729332e-02 -1.1726425471e-01 -5.0624739209e-03 3.3434143931e-02 -1.0200159839e-01 -1.7223039209e-01 -6.6934589824e-02 5.0529031617e-02 -9.1097527498e-03
-4.7773442198e-02 -8.5729886308e-02 -6.7743372690e-02 -2.9977747115e-02 4.7977095005e-02 4.2977504432e-02 -3.0698315572e-02 -3.2160581149e-02 4.9262954682e-02 1.9869532607e-02
-1.4522846327e-01 1.2605070067e-01 1.5671117910e-02 3.9731914692e-03 -9.3903801759e-02 5.2181146247e-02 -5.6866372685e-02 7.2902499412e-02 -2.4907406356e-02 -1.4509821037e-01
-1.8121082876e-02 -5.7607620176e-02 5.7442544400e-03 -5.1535672939e-02 6.9016228283e-02 -5.3826979154e-02 -6.6020135908e-02 3.7672293736e-02 -3.5815680880e-02 1.1272497320e-01
9.1504840341e-02 -7.8113196864e-02 -6.7578512270e-02 -6.1411068402e-02 -1.9221596474e-02 2.7958257834e-02 8.3222185932e-02 -1.0372010273e-01 -4.6785535707e-02 -1.1608133436e-01
-6.0491051397e-02 -8.4639458266e-02 -6.5322354599e-02 -9.8109875504e-02 -1.2992676798e-01 -6.6337017828e-02 6.4381888168e-03 5.0644471209e-02 -4.5755210089e-02 -5.3550783463e-02
-1.1142487769e-02 2.0579934105e-02 -3.7468241175e-02 -6.2077895968e-02 -1.2463233194e-01 -1.2737994506e-01 -4.9030931170e-03 -7.3928999761e-02 1.6231492852e-02 7.8511552834e-03
-8.8976392325e-02 -1.1519914957e-02 8.7670640179e-02 5.0803854159e-02 -1.4202478294e-01 -5.0301992350e-02 3.2306334354e-02 2.3129804645e-02 7.4081183086e-03 -6.7748737278e-02
-1.1711721111e-01 -2.7589046648e-02 3.3953152531e-02 2.4512959926e-02 -1.1931624709e-01 4.0437992946e-02 -1.3594858869e-01 -1.2714234429e-01 5.5056058819e-03 -1.2670626724e-01
8.5488619834e-03 -1.2239626293e-01 9.7396427511e-02 -1.8760858926e-01 2.1089548767e-02 -1.0147690708e-01 4.7141707192e-02 -1.1505229618e-01 -6.6579714984e-02 4.6257577242e-02
-1.6795971788e-02 -1.6059246341e-01 1.1171894796e-01 -6.9005202981e-02 -8.3072941627e-03 -6.8974841394e-02 -5.9711330148e-02 -2.5238769779e-02 -6.2560540076e-02 1.1233021559e-02
-1.5093479589e-01 6.2176865141e-02 -3.0338996277e-02 -1.0898474913e-02 -6.6535528298e-02 1.5020983744e-02 7.4907258539e-04 -1.4226755816e-02 4.4829640632e-02 -8.2903713116e-02
-4.0978568003e-02 -7.7174861258e-02 5.1148069239e-02 -8.8919832681e-02 -1.2712403154e-01 8.2020791578e-02 -1.1273400357e-01 9.9279137469e-02 -1.4712020427e-01 3.4125786480e-02
-1.0894289758e-01 1.2039161484e-02 1.2832712517e-02 4.9037384651e-02 -1.2489411722e-01 -2.0501336263e-02 -8.1347474113e-02 9.9947059440e-02 -2.1998526698e-02 -8.0682632754e-03
-3.6146569438e-03 -1.4971942248e-01 3.6318717393e-02 -1.9015364564e-02 2.7602281610e-02 -7.0205871295e-04 -3.3733709254e-03 -4.5313980608e-02 1.1770694871e-03 -6.6275811759e-02
-1.0549594049e-01 -3.9915270812e-02 5.5831962166e-02 -4.2197799362e-02 9.8289932892e-02 -8.9524883879e-02 -2.7308155913e-02 -4.8591836436e-02 3.6084653149e-02 3.1544749895e-02
