-4.9335384858e-02 -1.5635131190e-01 3.1470266091e-02 -6.4931519972e-02 7.7525245962e-02 -3.1807947470e-02 -1.1090148255e-01 6.9949360344e-02 -9.9995353142e-02 -1.4408402261e-01
2.6455247533e-02 -3.8752753786e-02 7.3846442573e-02 -1.0490285261e-01 -1.8723744414e-01 -2.1511900251e-01 -7.6449191145e-02 8.4758312858e-02 2.1836252151e-02 -6.8323639575e-02
-3.6501285215e-02 3.0124113549e-02 4.1100538616e-02 -4.3552460897e-02 1.3929477264e-02 3.5266166424e-02 -5.8125919674e-03 -1.8402344201e-02 -3.5588984753e-02 2.3926100858e-02
1.0857319418e-01 -1.0737048238e-01 1.7988864316e-01 -1.1534926556e-01 -1.1384265195e-01 -8.5609956803e-02 -3.5797334685e-02 -1.4606944783e-01 -2.1319284144e-02 -1.6031348982e-02
-1.1026596979e-01 -1.2161579712e-01 -3.2053532433e-02 4.7845712486e-03 1.0686914458e-01 -1.0467677131e-01 -1.0734583106e-01 3.3605993014e-02 -1.7238223300e-01 5.0312583944e-02
-1.4102639674e-02 -9.7444208386e-02 -1.0329312402e-01 7.7581026079e-03 -3.5731141005e-03 -3.1589290323e-02 -5.4097814397e-02 2.6696260754e-02 -2.7361085068e-02 -1.4774861396e-02
8.4770036207e-02 -2.3374884174e-01 -1.4443507946e-02 -1.0401245738e-01 2.5990915398e-02 -1.6968966151e-03 7.9273280478e-02 -7.7375380863e-02 -1.6142660555e-01 -9.1487257684e-02
1.2353534638e-01 -1.7176029690e-01 -1.1421664562e-01 -8.4083574528e-02 -1.4248939418e-02 -6.0824565608e-02 -7.7583038865e-02 3.7765664156e-02 -2.8124281607e-02 -1.5315163204e-02
-9.5678819537e-02 -2.4656695030e-02 -1.2776694616e-02 -7.5342343208e-02 -7.7230282686e-02 -4.3863081177e-02 -1.3621154191e-02 2.4938894371e-02 -4.6137068417e-02 -6.4754392014e-02
2.7082864016e-03 -1.6914390590e-01 -7.2714043904e-02 -2.2186653024e-01 1.1619598264e-01 -4.2418712915e-02 1.1375723307e-01 3.3729305185e-02 -3.1305749940e-03 5.5163045163e-02
-1.0338183996e-01 6.4605283021e-02 -9.4505905573e-03 1.0158984192e-01 4.7821361288e-02 -1.5222203614e-01 4.0919005804e-02 1.2225172741e-01 -2.6162815433e-02 -8.3219991098e-02
-4.2712018472e-02 5.2690576074e-02 5.9916149129e-03 7.5256565851e-02 3.3771754641e-02 -7.2891673483e-02 1.6799028405e-02 -3.3619297128e-02 -3.3711008264e-02 2.1736237604e-03
-4.1379201543e-02 -1.4671649257e-01 -1.0709363565e-01 -1.0136649734e-01 1.0443666941e-02 -1.0856672945e-01 -3.7366731119e-02 1.1262555196e-01 -1.1858115151e-01 1.0074769478e-02
-5.9759891099e-02 -1.2493297194e-01 -1.0592745128e-01 -6.9467835051e-02 1.1252334694e-01 -1.6646403432e-01 -1.2159733557e-01 -3.6966062817e-02 -8.6006047643e-03 6.3877707222e-02
-1.0352492792e-01 1.3620914915e-02 -1.5092738260e-01 -1.0833657134e-01 4.7125401766e-02 -2.3791338871e-02 -9.3408670367e-02 -1.6022591818e-02 1.2018567310e-02 5.9400682130e-02
3.8975442245e-02 9.9575636848e-02 -2.4231775378e-02 -1.3051325688e-01 -2.2228732940e-02 -3.9058175232e-02 7.6426306024e-02 -8.4330376886e-02 -7.6385379657e-02 -6.5889101693e-02
-1.0268628693e-01 1.2060874233e-01 -1.8155921514e-01 -1.2153438661e-01 5.5149913032e-02 1.8493776538e-01 -5.0745740116e-03 3.6047298782e-02 3.3656534125e-02 -7.5560228807e-02
1.3329098494e-02 5.8969467814e-02 -4.4545854623e-02 -8.7953506516e-02 -7.1218681327e-02 1.3089128188e-02 -7.0734597886e-04 -3.5630059805e-02 -2.9422104874e-02 4.5103840026e-02
-5.2024618294e-02 3.9218981722e-02 2.3173765010e-02 -1.7484903671e-01 9.4683130154e-03 -2.5692778565e-02 -1.2043580928e-01 2.1455959411e-02 -8.3574644387e-02 -1.2978397567e-02
-2.5121446203e-02 6.7084668428e-02 3.6178130204e-02 -4.6395896876e-02 -1.0309398990e-01 2.4729704421e-02 6.0680889946e-02 -1.3088646283e-01 1.9427718292e-02 -9.6761338962e-02
1.2866844306e-01 -6.0309007613e-02 -8.5420086022e-02 -1.4039819621e-01 2.3466800318e-02 -1.6317149869e-02 6.8528108225e-02 -6.5149096438e-02 8.4969442462e-02 5.6747331008e-02
8.5640083227e-02 -1.3512436732e-01 -2.8926987821e-02 5.9326119714e-02 -1.4446183997e-01 -7.1690034672e-02 -2.9863836757e-02 -7.6469849006e-02 -1.3222744210e-01 -1.4070966400e-02
-5.1485957497e-02 2.2765858254e-02 -5.3909739888e-02 -3.9892424499e-02 1.0182658344e-01 2.4990701793e-02 -1.9623638917e-02 -3.2362247689e-02 7.6471140380e-02 -6.7623926776e-02
-2.1084878208e-01 -2.6147512897e-02 -1.4312850443e-02 2.1801697931e-02 -3.4335902382e-02 6.6457917960e-02 -1.8770184351e-02 -1.0736527562e-01 -1.8269627267e-02 8.8771840065e-03
-1.8851046538e-01 -1.6627096274e-03 9.4630919180e-04 -1.2941138165e-01 -1.6472976688e-02 -9.4920296412e-04 -1.5021869642e-01 -7.5225542117e-02 -6.1377019623e-02 1.0863798891e-01
8.4510767158e-02 4.5893648308e-02 -6.6428541262e-02 5.3244711467e-02 -6.1367490291e-02 -1.5963091129e-02 5.6713921699e-03 9.3322926220e-03 -6.3672658214e-03 -4.6183756888e-02
-6.4908338321e-02 -7.1142888954e-02 -1.7944278786e-02 3.1597904579e-02 1.6368418032e-02 2.5759172248e-02 1.4902713627e-02 7.8012808054e-02 -3.0179796046e-02 5.8296990379e-03
-3.6695285062e-02 -3.0008748764e-02 2.2766674708e-02 -7.1676086864e-02 -1.3296579807e-02 6.7083802970e-03 9.6645708371e-03 -1.4253262630e-02 -2.2522098086e-02 5.6022757273e-03
1.7139517026e-01 -1.1768183006e-01 7.9672757540e-02 -8.3383108002e-02 -1.2009911047e-01 3.4231892354e-02 3.3398546700e-02 -5.9798617642e-02 -7.2372175268e-03 -9.0985342769e-02
4.0822779821e-02 -1.1597549432e-01 -1.3970339609e-02 2.2102303742e-02 -3.5473700425e-02 7.7321138134e-02 1.1952484774e-01 -1.0487181630e-01 5.7276779041e-02 -5.1269489755e-02
-3.3355325520e-03 -5.7702690154e-02 -1.7119494027e-02 -2.9969256689e-02 -4.5196591173e-02 5.5087226727e-03 1.3524348824e-02 -2.8947729688e-02 -6.7242908315e-02 2.0222826333e-03
-1.4587529263e-01 -6.2105575724e-02 -1.5726817374e-01 -7.1736406731e-02 -1.0330474146e-01 -1.0697935661e-01 -2.7531715853e-01 1.2993134671e-01 -5.5570757630e-02 4.5938036155e-02
5.7454208074e-02 -8.9446393290e-02 4.0045790050e-02 -8.0795218550e-02 -1.4413997136e-01 -5.2188340753e-02 -3.0722887812e-02 -1.4041973727e-01 -1.7966015885e-01 -1.4392445497e-01
-1.3627011750e-01 -9.1558953621e-02 -6.1598301829e-03 3.4449789333e-02 8.8065286554e-02 6.9608848935e-02 -5.9544489138e-02 -6.5484586422e-02 9.5083877349e-02 -1.3540368613e-02
-2.4822067166e-01 2.6426760464e-01 -1.5291655893e-01 2.8266160804e-02 5.1496527007e-02 -9.9369993429e-02 1.6353735733e-03 9.8997842171e-02 -1.2494823704e-01 8.2208824713e-03
-1.1460493714e-01 1.0952070744e-01 -1.1390281019e-01 -5.0664639293e-02 -1.9537875480e-01 7.9331221361e-02 -1.2277562246e-01 -1.7286391215e-01 -7.4981105034e-02 7.7064814542e-02
-1.3118086011e-01 3.4967773299e-02 -1.4529384576e-01 -1.9004136464e-02 4.5528775809e-02 1.5894909767e-01 -2.0767348145e-02 -1.2085372357e-01 -1.9012496758e-02 2.9826910838e-02
9.7906042491e-03 -2.8517142109e-02 1.9439809114e-02 1.1093886365e-01 -3.6990721484e-02 -9.1779467335e-02 -3.2050794398e-02 -4.4765398518e-02 1.7775672105e-02 7.8851220100e-02
1.2113371247e-01 -1.3959565376e-01 -1.4468132602e-01 -6.2329736401e-03 -3.7988421035e-02 -5.5553409026e-02 -6.4568679798e-02 -5.6706109249e-02 -8.5383844021e-02 4.5671992264e-02
8.9579700453e-02 -2.2872310295e-01 -9.9039208610e-02 -1.3698159867e-01 -5.0069541133e-03 -7.5668325562e-02 -2.1305630246e-02 -5.3307122820e-02 -7.7584191371e-02 9.2428348933e-03
-1.8458731176e-02 1.0429433264e-01 -9.7544231636e-02 -1.4820477526e-01 -1.0959865044e-01 3.0413740058e-02 -2.1898216755e-02 5.3227207335e-02 -4.9219002985e-02 -9.0116744717e-02
-9.2601139502e-02 5.3425750979e-02 -7.8026973057e-02 -1.7093380284e-01 -6.7006397248e-02 -3.2811019964e-02 8.4324093674e-02 -1.8856134613e-02 -6.0732199751e-02 -9.1069907802e-02
-2.7608690147e-01 1.1639515425e-01 -1.0119561530e-01 -1.0462536198e-01 4.5888601511e-02 4.8268753193e-02 3.0861804756e-02 -6.6757075446e-02 -1.1158662587e-01 -1.1983271391e-03
-4.1197182437e-02 -1.1384380240e-01 -2.2318798341e-02 8.3367915193e-02 -1.8993193933e-01 4.1389857517e-02 -7.5394140574e-02 -1.6060486157e-01 6.9441402659e-02 -5.9541948772e-02
-1.1815978881e-01 1.6813333424e-01 6.9653109904e-02 -2.3310265235e-02 -5.8218506229e-02 4.6856943137e-02 -2.8492713384e-02 3.3068217387e-02 -1.8655566913e-02 -4.4213064311e-02
-7.7819561045e-02 1.2521220683e-01 6.8953964025e-02 -7.6394255925e-02 -2.4163789067e-02 -1.6316062113e-01 -1.5060306800e-02 5.5566943845e-02 -5.0058343918e-03 -2.9828251635e-02
-9.9375431458e-02 1.9657795583e-02 -2.8301242181e-02 2.9712210719e-03 -7.7632704136e-02 -4.5953066490e-02 -3.1596243287e-03 -9.4346640778e-02 -8.3164124516e-02 -5.1870902066e-02
1.3840320556e-01 -2.2105797850e-01 -7.0529575065e-02 -3.9402564296e-02 -6.2247857345e-02 -2.9950058868e-02 -8.6384433555e-02 4.1999846066e-02 -8.4507275523e-02 -2.1081904475e-02
-6.7466554943e-02 -8.4767939086e-02 -3.7629927749e-02 -1.0096799308e-01 -5.2212830979e-02 5.8327459762e-02 5.4160751909e-02 -1.4256290718e-01 1.1612752554e-01 -3.0301191813e-02
3.7143548214e-02 -1.1364676387e-01 -1.3785896970e-01 -1.3347784047e-02 3.2317937518e-04 1.5609780717e-02 -1.7099619701e-01 5.9589248488e-02 -2.9107165747e-03 5.1322548048e-02
-4.4463162432e-02 -4.6365830204e-02 -4.8068411571e-02 -1.8097430969e-01 1.4467546556e-01 -1.6780109788e-01 -1.9250649597e-01 -3.8594687191e-02 -1.3496077515e-01 2.0669726352e-02
-5.0520814011e-02 -1.9980026338e-01 -7.1065705971e-02 -4.0600534297e-02 2.2227851821e-02 -4.0945000591e-02 -2.5400790528e-02 6.6643235153e-02 -5.8688301028e-02 -6.6886792252e-03
7.4582237401e-02 9.2049858327e-04 1.9110942456e-03 -2.1411574533e-02 -1.0699668802e-01 -1.5835480048e-01 4.6307826653e-03 3.8134744638e-02 -1.0759781052e-02 -8.8524147360e-02
-7.4384353236e-02 -2.8471359274e-02 -3.4160365820e-02 -3.8420067306e-02 -4.6779328892e-03 2.9798493630e-02 -1.3824743649e-02 -2.7894265133e-02 -1.2452854833e-01 -3.3608298100e-02
-1.4735594378e-01 1.1372377528e-01 -6.2727023882e-02 -1.3481259802e-01 -1.5369211838e-01 -6.7519717312e-02 -8.6393877335e-02 -3.5137018099e-02 -4.1686866474e-02 -1.6854584526e-01
-1.6300627427e-01 3.4222028146e-02 -7.0891924631e-02 1.2343312166e-01 -4.0287465221e-02 -4.8603714218e-02 -1.1950132443e-01 -8.6059613432e-02 -4.4431928503e-02 -3.5376498715e-02
-1.3587844681e-01 -3.6734691693e-02 -1.0041994455e-01 -1.3303253737e-01 -3.1770526531e-03 -1.5338719483e-01 -1.2612991219e-01 1.9148123526e-01 -1.1772703175e-01 2.8695999636e-02
4.0249478319e-02 -8.7707998851e-02 1.2251642503e-01 -7.4816451268e-02 -6.2516322645e-02 7.8849166233e-02 6.2229991337e-03 9.1467628755e-02 7.0165707513e-02 1.3529944547e-02
-1.5780875666e-01 3.4224931694e-02 -7.3896915110e-02 1.7887113999e-01 -4.8853086763e-02 -9.6060406741e-02 -7.9378812118e-02 -8.0562628369e-03 1.8704521347e-02 1.5536580436e-02
-1.6954531775e-01 -4.5073689528e-02 -5.5975489311e-02 7.6207161770e-02 -1.1029975986e-01 5.5488901252e-02 -7.3845987890e-02 -5.3555573017e-02 -6.0360017002e-03 3.0784864040e-02
4.5633404613e-02 -4.8554931049e-02 -4.2445034794e-03 1.1716250672e-02 -6.6948614402e-02 2.7131691603e-02 2.1136496888e-02 -4.2242363940e-03 -4.8755974354e-02 -8.4162964436e-02
-1.1796303084e-01 -1.3363278411e-01 1.0546836468e-01 7.0444095988e-02 3.2870278546e-02 -9.0662251767e-03 -7.5347848328e-02 -4.8750546243e-02 -2.0693235700e-03 -1.1240241690e-01
-3.0498663516e-02 -1.0105959057e-01 -1.6056968589e-01 -1.3263319604e-01 -4.2746294630e-04 -5.4791142974e-02 -2.9594283056e-02 -4.7185416645e-02 -1.0544721425e-01 1.2554940512e-01
-2.1643139590e-01 -2.9662448619e-02 -2.2422539408e-01 4.9887855609e-02 -5.9078078199e-02 -2.2051784235e-01 -1.6416665503e-01 1.6378020312e-02 -1.8052570483e-01 4.9663963246e-02
4.4787147266e-02 -1.2654181934e-01 -6.6019905122e-02 -3.1060227488e-02 -8.3345565440e-02 6.6846313315e-02 -2.5578893791e-02 3.7361481938e-02 -5.0081498934e-02 -9.2591004212e-02
-1.9026520402e-01 -6.8568549441e-02 -4.8952943104e-02 -1.5022696391e-02 -2.3153161826e-02 -2.4209522312e-03 -2.0602319612e-01 1.0256747101e-02 -2.4966059374e-02 1.0623948643e-01
-1.1352720509e-01 1.4345479108e-01 -4.8761141041e-02 -5.9520112758e-02 -1.1672995311e-01 8.4687751828e-02 -1.2347630120e-01 -3.6224700221e-03 -7.3876869837e-02 -1.0089826708e-01
3.0163667066e-02 -5.8444387351e-02 -1.2423596237e-02 -7.8777057480e-03 -1.9167013016e-01 7.8034733111e-02 3.6906773032e-02 -1.0015070832e-01 -5.0410904248e-02 -6.5900841156e-02
1.0454554078e-01 -7.7398707872e-02 -3.6711031851e-02 -3.1426528915e-02 -2.5513143880e-02 -1.7009879219e-02 1.9335788695e-03 -1.0583822520e-01 -2.7778603492e-02 -1.7362577206e-01
-1.4705438817e-01 -6.9678386265e-02 5.6232367031e-02 -3.4365729306e-02 -4.6011324009e-02 1.2190929437e-01 4.9107544832e-02 2.5374638445e-02 2.9097069914e-02 -7.1913658754e-02
1.3556527013e-02 -1.1205003437e-01 -1.3654370794e-01 2.5997522455e-02 -2.4240887175e-01 3.5529698833e-02 -1.3665427575e-01 -1.6921158514e-01 -1.0632767849e-01 -1.9061426312e-02
1.1531998069e-02 -8.3376624774e-03 2.8753852919e-02 2.8522616088e-02 1.6609546109e-03 2.2921488939e-02 -1.5994644183e-02 -2.9842035376e-02 -2.3554504391e-02 -6.2972398694e-02
-1.8199887595e-01 1.1396337412e-01 -2.4031251582e-03 -5.7729686789e-02 -8.2988679754e-02 3.9682925937e-02 -4.4046316956e-02 -6.5782613477e-02 -6.1943864867e-02 -5.9916837845e-02
-7.2642684133e-02 -5.6064093103e-02 -1.2796599102e-02 -1.6110560639e-01 1.7944604587e-01 -1.0082225898e-01 -2.3830311147e-03 -3.3009343364e-02 -1.5328709504e-01 -9.8578031879e-02
-1.8826127732e-01 -1.2529052983e-02 2.2423158952e-02 -1.4293152751e-01 -5.5598153100e-02 -7.3432160079e-02 -3.2193953537e-02 -5.6562369769e-02 4.3820301609e-02 -2.0225244876e-01
-7.5622936107e-02 -9.0192742660e-02 1.5889005855e-01 -1.0103694306e-02 1.1340633156e-01 -2.6047479556e-02 1.5927969014e-02 -1.3558286495e-01 2.6216370546e-02 -2.5096391507e-02
-1.3646544142e-01 -1.5219417399e-01 -4.4760123938e-02 -2.5966577843e-02 -8.0783982678e-02 -4.1498829616e-02 -1.2906411886e-01 -2.8803613234e-02 -7.9556847891e-02 1.6429353096e-01
7.1794411992e-02 -6.8476129899e-02 -1.4499107034e-01 -1.1410363304e-01 -3.6414071836e-02 -7.0057469465e-03 3.0315398745e-03 3.3633676487e-02 -7.4701082995e-02 1.0590632382e-01
-4.4881987693e-02 -7.2253743358e-02 6.8515990225e-02 -9.9931411963e-02 -1.4367491545e-01 -6.2724914666e-02 1.7912825981e-02 -1.6667529032e-01 -1.3400611768e-01 9.6142931543e-03
-1.6733980804e-02 2.0209186134e-02 6.2620583227e-02 -1.4790567894e-01 6.1609379978e-02 -2.2803995448e-02 3.7325934096e-02 -6.5922932892e-02 -7.3780085850e-02 -1.0176950060e-01
-2.8662862360e-02 5.3019679701e-03 2.4601000167e-02 4.4484647148e-02 -1.2891473566e-01 1.0365843341e-01 2.5899785058e-02 -1.7263984997e-01 -5.0234574726e-03 -2.5687688366e-02
-1.3511496676e-01 7.1329883175e-02 -4.3370394566e-02 -8.6940224314e-02 -7.9511610544e-02 -1.2062195408e-01 -1.7559883306e-01 3.5098783279e-02 5.6253578004e-02 -1.0850612340e-01
-6.9704501757e-03 -9.8649021773e-02 -2.8679130006e-02 -7.9427308596e-02 5.9200288823e-02 1.1655582253e-02 -2.9775829362e-01 1.0503484929e-01 -1.5572810393e-01 7.7678797101e-02
3.2888038150e-02 -1.1158340861e-01 -2.5378406067e-02 -1.6949916744e-01 -4.4018794544e-02 -1.5676886410e-02 9.4438269360e-03 -1.5939999246e-01 2.5727191702e-03 6.6493392008e-03
-1.2191973788e-01 7.6358858303e-02 7.6011209735e-03 -1.1554988943e-01 -2.4968032197e-02 7.7830090003e-02 1.1279667963e-01 -9.7299632960e-03 -3.6383229197e-03 4.3638078219e-02
-9.2024030781e-02 -7.2564540808e-02 -1.6136228441e-01 -3.2727723542e-02 9.4236487653e-02 1.2119263396e-01 -2.4077591651e-01 -2.2976813685e-02 -2.0934001090e-01 8.1631320857e-02
-9.1058414907e-02 -9.4657034794e-03 6.4577056056e-03 5.2153180439e-03 3.1293541213e-02 8.0316368210e-02 -1.6396750615e-02 -2.0595925525e-02 -3.0173140746e-02 2.2232423835e-03
-1.2511468933e-01 -3.1828776026e-02 -5.2363268499e-03 5.4016787516e-02 -4.5603900572e-02 -6.6321675595e-02 -3.6769285209e-02 -7.9503589391e-02 -1.2342741088e-01 -2.1173002139e-01
7.5018175965e-02 -9.3025294139e-03 2.2387219162e-02 -5.5038492783e-02 -1.2898845588e-01 4.1925408081e-02 -1.0859531678e-01 -1.1958628683e-01 -1.7237449048e-01 -1.3668793222e-01
-1.2046131913e-01 -4.1280650348e-03 -4.1978510712e-03 -2.3826065998e-02 -3.0972958193e-02 -7.8947871757e-03 -3.2137029284e-02 1.6622960188e-02 -2.8936318806e-02 -3.3893686568e-02
-1.0680827908e-01 -7.3453332118e-02 -1.3078694454e-01 -3.7452101625e-02 6.8488105368e-02 6.9714830731e-02 -6.1766295418e-03 -1.2335633215e-01 -5.7347739554e-02 1.0463468358e-01
-8.3025405468e-02 -9.8647713359e-03 -7.9161734121e-02 5.2507609728e-02 -1.7242504665e-01 7.7561138628e-02 -1.1451762342e-01 -7.8993218464e-02 2.8828093360e-02 -2.0300312047e-02
2.5818725172e-02 -1.5942586875e-01 -1.8568744880e-01 -1.6327296719e-01 1.0439593889e-01 1.8904259652e-02 -1.2162478288e-03 -5.2373286120e-02 -3.7795480365e-02 1.0221747304e-01
2.6467869638e-02 -2.0152672942e-01 -9.8964510963e-02 5.4327986630e-02 -1.3169346223e-02 -4.2147618932e-02 -1.8158096707e-01 5.5572578943e-03 -6.4371789653e-02 1.1688218714e-02
-2.5432325175e-02 -5.3133556407e-02 -1.2878586773e-01 -1.9328869088e-01 -6.0020610203e-02 7.3171183649e-02 7.7714490676e-02 -7.6120722625e-02 1.8631654329e-01 9.3154675788e-03
9.2169209997e-02 -1.3448683538e-01 -1.7210476775e-02 9.0271078580e-04 2.3546568759e-02 -4.2674700446e-02 -2.3946317829e-02 -3.3441378996e-02 5.2525110076e-03 2.8515896296e-02
-8.1940475428e-02 -3.4340243764e-02 -7.4485993380e-02 -5.3020897311e-02 2.0604867075e-02 6.0484770406e-03 2.5619465189e-02 -5.9678025890e-02 7.9029460248e-02 -5.9317291156e-02
-4.9853114382e-02 -4.7823088696e-02 1.9884080819e-02 -1.5676691019e-02 -1.2191768017e-01 7.0474155441e-02 -3.1575531349e-03 -1.4834710501e-02 -6.6324787068e-02 -1.2036033045e-01
1.8809937160e-02 -3.7053368236e-02 -1.1059615938e-01 -2.7121722470e-02 -5.2083815932e-02 1.2825400055e-01 8.4433039654e-02 -1.5591903372e-01 1.1848379071e-01 1.5757342192e-02
-3.4182043520e-02 6.1731167381e-02 -6.9427016787e-02 -3.8377815858e-02 -2.0599844062e-02 3.8963076532e-02 1.5452926312e-01 -5.4491112710e-03 3.3066994679e-02 -1.0765627476e-01
2.7261402750e-02 -4.0699721443e-05 6.8742271322e-03 -1.8239974604e-01 -1.1633431801e-01 -9.2589487637e-02 6.8087593877e-02 -8.5686083913e-02 -1.4102314767e-01 -1.2108941715e-02
-2.0884469477e-01 -6.0477257733e-02 -1.7709099274e-01 -1.2609025368e-01 1.2477835608e-01 -3.2732943207e-02 -6.1752711730e-02 1.0202940038e-01 -3.6535247435e-02 -1.4314018516e-01
1.0609019821e-02 -6.0957242447e-03 1.4734310029e-02 6.2839672138e-02 3.6704132196e-02 -3.3801929847e-02 -5.1097498063e-02 1.0513684718e-01 -8.8547578991e-02 2.0664227139e-02
-1.1861108800e-02 1.4160873998e-02 6.9722606165e-02 -3.7523663590e-02 3.5648442109e-03 3.8476506279e-02 -6.6202296472e-02 1.2496181397e-01 -5.3465512939e-02 -2.7966553103e-03
6.9728519667e-03 -1.5316171402e-01 8.5011132654e-02 -3.2398017881e-04 -9.0511700979e-02 -4.1296927129e-02 -1.7961918156e-01 -8.4794848339e-02 -3.7707151182e-02 -2.7332037356e-02
-1.8229379390e-02 5.8145034456e-02 -2.4417677074e-02 1.6171893060e-03 -1.6132385129e-01 1.0149429587e-02 -5.1131689112e-02 9.9720520563e-02 -8.4274761607e-02 -6.9794752438e-02
-2.5148869067e-02 -1.0216825191e-01 -6.7754262314e-02 -1.6540958769e-02 -6.0764931858e-02 1.5041908011e-01 1.2602810084e-01 -1.9392735699e-01 -5.5389960902e-02 -8.3209967497e-02
-6.1543359720e-02 -2.7011045370e-02 5.7786876727e-02 -7.6051667687e-02 -1.3057623031e-01 -3.0336572001e-02 9.5239665732e-03 -3.4000795303e-03 -1.2079732864e-01 -9.4965715693e-02
1.5456649638e-03 7.3720217322e-02 7.8854977716e-03 5.0483400031e-02 -3.8926962090e-02 5.9340926027e-02 6.7682687591e-05 -8.2239217977e-02 1.4528900912e-02 -7.3174868786e-02
8.0453441957e-02 -6.9246509885e-02 -2.4290073485e-02 8.6909035036e-02 -1.5899894091e-01 -1.0181569848e-01 -1.4274703742e-01 -8.9373884214e-02 1.3021147162e-02 -8.8887414147e-02
3.3069041605e-02 -2.5147515452e-02 5.1152818859e-02 -9.4145863063e-03 -1.0371820806e-01 7.5466673826e-02 -1.5318906372e-01 2.5892259614e-02 -4.8183707634e-02 -6.3370797840e-02
-9.0970826785e-02 -3.4767956266e-02 -1.6434727200e-02 -9.1417824690e-02 -8.6652184493e-02 -1.5590022812e-01 -1.9873462761e-01 7.0658599799e-02 -1.4701092813e-01 -1.5207065587e-01
4.6114484666e-02 -2.1038560586e-01 -7.7734368988e-02 -1.5155741197e-01 -2.2449445412e-02 -1.0987392910e-02 7.4711567546e-02 -1.5202510945e-01 5.7375871774e-03 8.1843389699e-02
-1.2047213845e-01 2.7693584903e-02 -1.8341696793e-02 1.4826884413e-02 -1.1626964406e-01 6.0850721784e-02 3.5443573596e-02 -2.6845551220e-03 -2.1193399989e-02 -2.2060509818e-02
2.1311063601e-02 -2.9165481780e-03 -5.1550727864e-03 -1.7448793169e-02 -1.2265805722e-01 4.0805330746e-02 1.8019431928e-02 -9.4216022448e-02 2.4913906535e-02 -7.6265435391e-02
-5.4878240387e-02 -5.6624117158e-02 -2.1799248952e-01 9.6629746382e-02 -1.4005071014e-01 4.5608270044e-02 -2.0418259377e-01 -1.6726261579e-01 -8.9958251227e-02 -2.8564586147e-02
7.3722997051e-02 6.7882683497e-02 -1.0789954810e-01 -2.0459736132e-03 -8.2687345096e-02 9.2371893195e-03 8.3090343212e-02 -4.9080392210e-02 -6.1573474615e-02 -2.4904278268e-02
-6.0190439197e-02 -5.6808784479e-02 7.4522273686e-02 -6.6408826680e-02 -4.5810782780e-02 1.7362415814e-02 4.8471999401e-02 -4.3228852566e-02 2.2430271991e-02 1.1585802208e-02
-5.6212883668e-02 -3.8790406553e-02 -1.9128731497e-02 -8.7385399003e-03 -7.3409383435e-02 1.0469854362e-01 4.7996521803e-02 -2.0503121893e-01 -8.4731407322e-02 -8.3223954382e-02
1.4337775728e-02 1.1883636367e-03 3.9642015106e-02 -1.5770570589e-01 -1.1115829528e-01 9.3517525780e-02 -4.0828313080e-02 -1.4194859952e-01 2.7447579845e-02 -8.3121485381e-02
-1.9447355502e-01 -2.2935429335e-01 2.3257330845e-02 2.6744762057e-02 -2.9605522953e-01 -1.5050532928e-01 -2.0196448579e-01 8.1942964063e-02 -1.4115082744e-01 -2.3149266985e-01
-1.6111216223e-01 4.5613371551e-02 5.6275708274e-02 9.2840940828e-02 -1.3387297509e-01 -1.5552442578e-01 6.6018209520e-03 1.2664375284e-02 2.1456950838e-02 -1.4621354706e-01
-6.8058253189e-02 4.7705813797e-02 -5.8255446285e-02 -3.2103512069e-02 1.9356741348e-02 1.2422891320e-01 1.5399038468e-01 -1.8560743788e-01 3.6716214400e-02 6.6515553033e-02
1.2698172329e-01 4.0653400114e-02 4.7805032431e-02 -7.3440633505e-03 -1.3085920666e-01 -1.0788694669e-02 5.6814923834e-03 -4.0200643043e-02 -6.7911936080e-03 -6.4121108818e-02
7.6901890499e-02 -1.7249925486e-01 -1.9657350803e-02 -5.4874736467e-02 -9.1503082947e-02 -9.9724224107e-02 5.2934028564e-02 -1.8707285811e-01 -5.6866015555e-02 2.0305847200e-02
-5.8985815834e-02 1.0111963102e-01 -6.1657754697e-02 -6.9286209839e-02 -1.5066260375e-01 2.0202278786e-02 -1.0895929832e-01 -1.3498282932e-02 -7.1217374222e-02 -8.8569324531e-02
6.2559837033e-02 -1.1244733554e-01 8.8745069561e-02 -3.3632792199e-02 8.0202402637e-02 -5.9437039172e-02 -6.5042120671e-02 -7.1071154221e-02 -1.4541409284e-01 -5.0499148359e-03
1.3587446745e-02 -3.1173093670e-02 -8.5465191485e-02 -5.6767664947e-02 -1.5158125278e-01 2.1112999822e-02 -4.9256616998e-02 -1.3088474952e-01 -5.0873188014e-02 1.6089772314e-02
-6.5350522413e-02 -9.7696202406e-02 8.4081675866e-02 1.3056370475e-02 1.3061229690e-03 5.4107377051e-03 -1.8369276985e-01 1.4156623620e-01 -1.2300168076e-01 4.3762990065e-02
4.0770785323e-04 -8.3561753339e-02 9.4136260069e-02 -7.2938520208e-03 -2.5486017684e-01 3.8798952546e-02 -2.2976601744e-01 1.8946481637e-02 1.0331470577e-01 -2.9844594579e-02
-1.8579946151e-01 -6.1132603253e-03 8.8061358011e-03 -6.3388401589e-02 -7.1492347842e-02 2.3492723047e-02 -2.1394635132e-01 1.4045317904e-01 -9.4565100035e-02 -8.0982607546e-02
1.1050937881e-02 6.9443392231e-02 2.1644077635e-02 -6.9562806335e-02 4.4306611748e-02 -1.7689160905e-02 1.8156072236e-01 -1.3284823949e-01 -1.0398840080e-01 -6.4353763606e-02
4.8625892318e-02 -3.2507907095e-01 -1.9419469979e-02 -4.3035819699e-02 1.1580286412e-02 -1.1932655813e-01 -6.1067449683e-02 2.4411753727e-02 -1.5108942455e-01 -5.1409072463e-02
-8.0906731986e-02 -2.6095190898e-02 9.6623796089e-02 -8.6578121284e-02 1.2238003615e-02 2.3785209358e-02 5.4184524995e-02 -1.0514644230e-01 -1.8637996720e-02 -1.1045737957e-01
-3.4339037358e-02 -2.3287341069e-02 6.8376347775e-02 -1.2474782486e-02 1.2532851351e-02 -1.0478012130e-01 -7.0556240841e-02 -1.3239047736e-01 -1.5157459847e-01 -4.8680925215e-02
-1.3904515189e-01 3.4253352498e-02 -1.7353522205e-01 1.0700500521e-01 -9.7089896226e-02 -1.4715636312e-01 -2.2252594205e-01 3.8249931823e-02 7.4629595629e-02 7.8860290123e-03
-1.0379643821e-01 5.2486349896e-02 1.2220525799e-02 -1.0027298279e-01 1.1685048128e-01 -8.2422668892e-02 6.0471256305e-02 -1.1702744963e-01 -1.6590763224e-03 -1.3570467226e-01
1.2323359078e-01 -3.2842209597e-02 -1.6294858276e-01 -1.9910766263e-02 -1.6139998624e-01 9.8087571813e-02 -5.5780677288e-02 -2.2620315594e-02 -1.2439131941e-01 3.5673012035e-02
-9.6299991629e-03 3.0931828424e-03 3.0839961701e-02 1.9493881059e-02 -1.3569424716e-01 7.9540479501e-02 -1.4385617862e-01 -3.6168503464e-02 -1.0130112054e-02 6.6183139365e-02
-2.1029334183e-02 -3.6719549343e-02 -8.2052313290e-02 2.7560641715e-02 -7.4035238047e-02 1.1040569404e-01 -7.3088164578e-02 -1.3157987906e-03 -4.0268941217e-02 1.0191976923e-01
1.3010217747e-01 -4.7252271403e-02 3.5947031679e-02 1.4522219610e-02 -8.3918466327e-02 -8.3338384900e-02 -7.1902495786e-03 4.6873456691e-02 4.4945388066e-02 -7.5332249284e-02
-8.9352192711e-02 1.3150463025e-02 -2.4491238533e-02 -7.4895484738e-02 -6.5633055234e-02 6.8274340960e-02 -1.3762897808e-01 -5.1976910396e-02 -1.1116314537e-01 -1.5455483686e-01
1.0659562463e-01 -6.0628769371e-02 -4.7623272155e-02 -3.9395039260e-02 -1.8403978323e-01 7.2231279840e-02 -3.1215922556e-02 -9.8053392577e-03 -1.5913254665e-01 2.0112164909e-02
1.9058330997e-02 4.5692628263e-02 -4.3551851947e-02 -8.0816538045e-02 -1.6197640414e-02 -3.0388018167e-02 8.8836777042e-02 2.0403961020e-02 -2.3347539523e-03 -5.2191576235e-02
-8.7868787502e-02 -9.6073449582e-02 -2.7754929926e-02 -1.4785006992e-01 8.9663948622e-02 -2.2631938847e-02 4.8516082454e-02 2.3603202599e-02 -5.7568779624e-02 -1.0775990123e-01
-1.6985680985e-02 -1.9653936023e-01 -2.8539786163e-02 9.8064990101e-02 4.3515547650e-02 -6.8419506736e-02 -5.8158182577e-02 -9.5411108766e-02 -4.0886990742e-02 -9.1795873771e-02
2.2699100237e-02 -1.6565268003e-01 2.0078656793e-01 -5.1984976795e-02 -1.0595275341e-01 -1.1050012212e-01 -1.5082806553e-01 -5.9589259977e-02 -8.8929403366e-02 -1.2756746893e-01
-3.3823281630e-02 -1.5562816744e-01 -5.8997299464e-02 -1.6607715401e-01 1.0280432145e-01 3.5762845924e-02 7.3676412354e-02 -3.6193024647e-02 -6.9102351633e-02 -4.4133434675e-02
7.6729695714e-03 -1.3264627527e-02 2.5648533413e-02 -1.8920169564e-02 -3.8425573299e-02 -7.4118309160e-02 9.7171383824e-03 -2.5164037799e-02 -7.0006231823e-03 1.7124567648e-02
8.4836653089e-02 4.9706214448e-02 -7.2409550912e-02 -1.3297743428e-02 4.2613598799e-03 3.4479110932e-02 -1.3860394383e-02 -2.9084639433e-02 -6.9429509139e-02 2.5510655633e-02
-5.0534506999e-02 -1.7951665596e-02 -2.1750972292e-03 -6.9848167428e-02 -4.9362157477e-03 -1.4720209017e-02 3.1638309817e-03 1.5828363534e-03 -2.8322106485e-02 -6.4658540410e-03
1.2547156941e-02 2.6509768204e-02 -1.5053796970e-02 3.8944186691e-03 -1.2041401275e-01 4.7473123139e-02 1.4372452829e-03 -3.5092959928e-02 -1.5304309229e-02 4.2402572044e-03
1.0607746825e-01 5.3769960539e-02 -3.9400849524e-02 -7.2395113021e-02 -1.0616548808e-01 -1.5021285725e-01 -6.1216013878e-02 -6.9416115795e-02 3.4527714110e-02 -5.7090100933e-02
-1.4370879206e-01 4.1363203464e-02 -6.6580854199e-02 9.7483695525e-03 1.6563833709e-01 1.0156103108e-01 -5.9326691704e-02 -1.3147208621e-02 1.6401596415e-01 -1.3971137993e-01
7.3734080113e-03 -5.0867522432e-02 -5.8322478860e-02 7.6326059495e-02 -4.8272812671e-03 -2.0107217586e-02 -2.1672238348e-02 5.7524314714e-02 -9.2053570048e-02 4.6417453371e-02
-3.4660741325e-02 -2.3098788650e-02 -5.7162049724e-02 5.5956341432e-02 -1.4478276756e-01 4.1263837458e-02 -1.3705643911e-01 4.2351019852e-02 -6.4626862142e-02 -4.3618473749e-02
-4.8525061528e-02 -7.5888511176e-02 -9.7551636247e-02 3.5345318177e-02 -5.4048148609e-02 6.6962369532e-02 9.5289596265e-03 -2.0564529583e-01 -1.0248440657e-01 5.4921921129e-03
-2.4417094636e-02 -7.8545435773e-02 1.0300341914e-01 -6.5475549009e-02 -8.1061373074e-03 -1.2597521459e-01 -1.0969164950e-01 -6.2290447055e-02 -1.7056165247e-01 1.6738079806e-02
1.5478192230e-02 -9.1178542330e-02 -1.0715261822e-02 -8.8075976703e-02 3.5530501210e-02 7.9984701037e-02 -8.9051302626e-02 4.0728626489e-02 -7.0358512562e-02 2.8058624826e-02
-8.0395421934e-02 -4.2163696256e-02 -2.7546601580e-02 -2.4025206301e-02 -1.2111560392e-02 5.3614110217e-02 1.9656887249e-02 -2.5020205721e-02 -4.1571255614e-02 9.3733874144e-03
3.5843935458e-02 -1.1818351308e-01 -2.2257444120e-02 -2.8324469714e-02 -1.7899660900e-02 -1.2650921135e-01 -2.2303147983e-02 2.7642587175e-02 -7.4271363653e-02 -3.0489083666e-02
-1.5306697347e-02 -1.1553344384e-01 -3.9698690396e-02 -2.4505432141e-02 -4.7121063265e-02 -6.4551518236e-02 -2.6560118878e-01 1.3036715746e-01 -1.0294474814e-01 7.1630358488e-03
3.4915523482e-02 -1.1850557037e-01 1.6674575889e-01 -2.5355352870e-02 3.8934820382e-02 -6.6009241283e-02 -1.5701194027e-01 -1.9087553666e-01 -9.9960882160e-03 -5.3517845675e-02
-1.0954224985e-01 -3.3288265455e-02 -3.2417825462e-02 -7.4418710912e-02 -5.0475287502e-02 -1.7898401135e-02 4.6944815377e-02 -5.5140744306e-02 -7.9191469616e-02 -9.2473563825e-02
-3.9282215720e-02 -5.1842761147e-02 3.9666687709e-02 9.8807814993e-02 -4.8723563348e-02 -1.1342027424e-01 -9.1546523774e-02 -7.9904577605e-03 4.9777816487e-02 -1.2743309962e-01
1.0358800741e-01 -1.1165743833e-01 -7.7531357505e-02 -9.1363731102e-02 -5.5163338670e-02 1.1127502881e-01 6.2192892479e-02 -7.0523458215e-02 -4.8475075633e-02 1.5482393465e-02
-2.3769718691e-01 4.3867697495e-02 -3.4232637906e-03 -3.0756049038e-03 -3.5846342776e-02 1.5136356050e-01 -1.3488532916e-01 -1.5641154839e-01 -1.4610821016e-01 -6.9314478097e-02
-1.0919498118e-01 8.0161828276e-02 7.5938967294e-02 2.2112277664e-03 -1.6426084586e-01 4.2910511099e-02 1.0019099863e-02 -1.6039475077e-01 1.2210547414e-01 -1.3291593128e-01
1.7470892881e-02 -1.1800324836e-01 -1.7461133762e-02 -1.1256177578e-01 -3.8180480089e-02 -1.7463103849e-03 -4.4954463694e-03 -1.2464175352e-01 -6.3724388601e-02 2.8035393054e-02
-1.3616673819e-01 4.9919481354e-02 -5.1129359953e-02 1.9105559282e-02 -1.1640555127e-01 1.0765476316e-01 -1.2273799803e-02 -5.9128312679e-02 -2.9281524282e-02 -6.7645063419e-02
1.8138143852e-02 -3.5045300423e-01 -2.0429743980e-02 3.4111831545e-02 9.9343409026e-03 -1.6227814019e-02 -2.0297879295e-01 -1.2280543178e-02 -5.2242626080e-02 1.2889744370e-01
1.5823167309e-01 -1.9720292842e-01 -1.3824664612e-01 -1.9084685533e-01 -1.8598254398e-01 1.0024774901e-01 -1.1488112366e-01 1.4797643641e-02 -7.5330099117e-02 -1.1075171130e-01
-3.2694812135e-02 4.7578947355e-02 -6.7322468401e-02 4.9272191408e-02 -6.7586201805e-02 -5.5944196985e-03 -1.1994977533e-01 3.6121592470e-02 -8.8525821688e-02 5.1530757666e-02
1.3195714976e-02 -9.9028143935e-02 4.2404628851e-02 -1.5572192814e-02 -3.3879521617e-02 -1.0295277255e-01 -2.8003516858e-02 -1.1945672269e-01 -1.9138522205e-02 8.3698089767e-03
1.7556826334e-03 -7.8672288552e-02 -1.6621905740e-01 -9.1693830166e-02 -2.5547109537e-03 -2.7274489935e-02 1.4642433732e-01 -2.2052982025e-01 -3.2000893409e-02 -1.2599251869e-01
5.3939277518e-02 -1.2861772547e-01 -1.3631044298e-02 1.7288801407e-02 -1.3184116030e-01 -1.0231774369e-01 -4.2881344572e-02 -1.7821545055e-01 -6.5503692576e-02 5.3493409177e-02
1.9543996535e-02 -2.0386863263e-02 -5.3843294055e-03 -9.9512122150e-02 4.2703566499e-02 -7.1309587990e-02 -8.0433639937e-02 2.5739075378e-02 -9.4202407913e-02 -3.6805558852e-02
-1.1132751403e-01 1.7039380768e-02 -1.7288576185e-03 -9.7366190568e-02 1.1422885025e-01 -2.2413805980e-02 -1.4805151796e-01 4.8647561325e-03 -8.4556496223e-02 7.9656572911e-02
-8.0520507879e-02 -1.1370114570e-02 -1.4061218113e-01 -3.1373792179e-02 -9.9756879391e-02 1.6524564417e-01 -1.9526721755e-01 -1.5627733745e-01 -1.0948844832e-01 1.6179163638e-01
3.5488636197e-02 -1.6106251445e-02 3.7195466822e-04 -2.2952415370e-02 -9.0139235497e-02 -1.2319210334e-01 -1.2182278261e-01 7.2094799837e-02 -1.3448819476e-01 1.0664689137e-02
4.1005171592e-03 4.5506948798e-02 -4.3623762641e-02 7.7631989194e-02 -2.2819170645e-02 -1.8930348160e-01 -8.4768169735e-02 1.0989991804e-01 -4.1317360750e-02 -6.7076866075e-03
1.3877438617e-01 -1.5091335383e-01 -1.7917246295e-01 -1.9233536539e-02 -2.2550919517e-01 7.1838393561e-02 -1.1532250620e-01 -7.6590235152e-02 -1.4201565133e-01 -1.1094598682e-01
-4.7954020738e-02 -1.2627545681e-01 -4.6806176740e-02 -1.0159642611e-01 6.8263288302e-02 6.5700039440e-02 4.7424873172e-02 -1.6942288853e-01 -1.4145194924e-01 -1.0216268419e-01
7.0975993733e-02 -2.3684824432e-01 4.1061465989e-02 -2.7148085577e-02 -4.8027961594e-02 -1.5905186818e-01 -1.0570390498e-01 -1.1505276640e-01 -1.2329637975e-01 -1.2749251665e-01
-9.6259495343e-02 -5.5068684054e-02 -4.3695603191e-02 -4.6984979575e-02 1.1528561121e-02 4.8434756718e-02 -1.1047503826e-01 -5.0754901821e-02 -6.4375517580e-02 -1.7528659749e-02
-4.1378180899e-03 -6.2610985375e-02 9.8685568620e-04 -4.1354551373e-02 -4.1216903535e-02 -1.0986801232e-02 -1.0055024123e-01 -2.6045740898e-03 -1.0051221582e-01 -1.0655418804e-02
3.1628596996e-02 -1.4301209350e-01 -9.8984398316e-02 -5.2984843075e-02 -9.1122876310e-03 1.0331481326e-01 1.8137001174e-01 -4.6635342166e-02 -9.5756358452e-02 -4.6112012403e-02
-6.5928430355e-02 -2.3639265708e-02 1.4285441121e-02 -4.5012911225e-02 -9.7834264069e-02 5.5349044682e-02 1.3326271692e-02 -6.6608633649e-02 -9.1012208080e-02 -1.1153517953e-01
-6.0884328398e-02 -3.8759208691e-02 2.1077426813e-02 -2.6014992381e-02 -7.2133081237e-02 6.2515283134e-02 3.9590681595e-02 -4.7791221680e-02 -3.6277650417e-02 1.4802252097e-02
8.6092999754e-04 -1.7160866240e-01 2.7576674333e-02 7.5209358121e-03 4.4659686613e-03 -2.7140167319e-02 -1.9178327664e-02 2.5303516575e-02 -6.0439808936e-02 -1.0588453156e-01
1.7204459854e-03 -1.1446738107e-01 -7.6788895947e-02 -5.3861786710e-02 1.2002566269e-01 -4.5192798962e-02 -4.2778193085e-03 1.9505300118e-02 -1.3543667217e-01 1.2058751965e-01
1.1294937921e-01 -7.5131053046e-02 -8.1685957891e-02 -9.7705604888e-02 -1.2900439345e-02 5.1028074056e-02 -5.1032930064e-02 -4.9796489490e-02 4.2195860573e-02 7.0544420290e-03
-2.2017418293e-01 -1.6821691982e-02 7.0553689548e-02 -8.1750196611e-02 -7.6649698112e-02 -5.6577198675e-02 7.2684752022e-02 7.4825528560e-02 -1.0676905027e-01 -8.3498235961e-02
-1.3087109010e-02 -1.7692632433e-01 -9.3681463709e-02 1.1525360174e-01 -1.2066149196e-01 1.8977366010e-02 -5.0052109276e-02 -1.4444717687e-01 6.2603847682e-02 -8.9024714152e-02
3.0774159013e-02 -8.3276984256e-02 -8.4920750039e-03 6.1827336365e-02 -5.2464810308e-02 5.3130033865e-02 5.7566829663e-02 -1.6256365496e-02 -4.0099962618e-02 -2.8124671824e-02
9.6083996391e-02 -1.3973139089e-01 4.9134860397e-02 -6.2268892345e-02 -1.0452939916e-02 -3.5472882469e-02 1.4486927165e-01 -5.8204351792e-02 -6.4999833286e-02 -6.4004738793e-03
-1.1624037117e-01 -7.3639503362e-03 -8.1314630329e-02 5.6036241576e-02 -3.3046284747e-02 -5.0352946718e-02 -1.9544873405e-02 -2.3061448809e-02 -9.9601902059e-02 3.9767982147e-02
-1.6095956847e-01 4.5915359195e-02 -3.7043285271e-01 1.7339166468e-01 5.1344488935e-03 2.0103972597e-01 1.6404989752e-02 -2.0854334625e-01 -6.0618509826e-02 4.3868809306e-02
3.5262161830e-02 -1.9970072145e-01 -6.9320429545e-02 -3.0490934053e-02 -2.6852987499e-02 -8.0801327738e-03 -9.1484661362e-02 -9.7156754449e-02 5.1594637446e-02 1.3740934241e-02
4.1348439572e-02 -8.1667628117e-03 -7.3029924423e-02 1.7535543839e-02 -9.3679490298e-02 3.3947394880e-03 5.7798903478e-02 8.3574091477e-03 -4.6227210819e-02 -4.3173691482e-02
-8.7927120714e-02 -2.0655511818e-02 -3.4512930533e-02 6.9720881698e-02 -3.6135699727e-02 -6.2533833330e-02 -2.1826034918e-02 -2.7532866633e-02 -1.1017339705e-01 1.1667136925e-01
-4.6759396846e-02 -2.6407979764e-02 -2.0464149469e-02 -9.8873536596e-02 7.1367423866e-02 -1.2610807887e-02 1.3709068271e-01 -6.0806431940e-03 -1.0510928131e-01 4.3434302414e-02
1.0007771757e-01 4.8885990443e-02 -1.3311988824e-02 -4.8626908511e-02 -3.7121415767e-02 -9.3443992769e-02 -5.8666676844e-02 -9.3073736271e-02 -1.0702510669e-01 -6.9947258208e-02
-9.6460048361e-02 -8.0978891027e-02 -5.5308599034e-03 1.4845388442e-02 6.1583401424e-02 6.9825678061e-02 -2.7462310887e-02 -5.2276584763e-02 5.4418893876e-02 -1.6703602881e-01
-4.5928002655e-02 -1.4134720797e-01 -9.2525528635e-02 -1.4090702980e-02 -6.8892094340e-02 2.9671450619e-02 -1.2868761685e-01 -7.7331534938e-02 -2.4166239651e-02 -4.0449938203e-02
2.0334864076e-02 -4.9076112615e-02 2.7219417099e-02 -4.7402271609e-02 -2.3319519736e-02 1.3845195630e-03 1.1805145064e-03 2.6586713849e-02 -8.3068686166e-02 -2.8123904109e-02
-1.9630119103e-02 -1.4105700238e-01 8.5252382062e-02 -7.7506684315e-02 -1.2428550742e-02 8.7310046217e-02 -1.3735088806e-01 -6.0233201559e-02 -1.1314314914e-01 7.1704831247e-02
-5.8904841062e-02 5.8283224767e-02 -6.7091218171e-02 3.7870764013e-03 -1.7084169974e-01 5.9069639173e-02 -2.5279117810e-01 2.0282967975e-01 -4.9810541172e-02 -2.4522524648e-02
8.5808397022e-02 -1.4241559926e-01 -7.5901873139e-02 1.0463294345e-02 -2.5628580341e-02 -3.6383329480e-02 2.1551832826e-02 -1.7465542980e-01 -1.2446522935e-01 -2.5635610596e-02
5.2987779639e-02 -2.3662725319e-01 7.1504955663e-02 1.1783050008e-02 -3.4116981446e-02 -1.1845216029e-01 -6.2666519978e-02 -1.8996093095e-02 -7.5718607940e-02 7.4750964272e-02
-8.1069874649e-02 1.2062012429e-01 1.2701773412e-01 -6.5330274402e-02 -6.9394353011e-02 6.1330363061e-02 9.2462444669e-02 -1.2199003531e-01 -4.6881084338e-02 -8.7474426408e-03
-5.6511584607e-02 -1.1793644347e-01 -8.1074565985e-03 -8.3795075540e-02 4.5941733198e-02 -7.1772355661e-02 -7.3292715449e-02 -7.7011333072e-03 6.4318891359e-02 6.2738255745e-04
-1.6774771912e-01 -4.5280139560e-02 -1.6912332202e-01 -2.9245477290e-02 8.6848195513e-02 7.4417424094e-02 -2.2779475860e-01 -9.2918523559e-02 -7.2168461182e-02 1.0447224118e-01
7.3769116909e-02 -2.0238982966e-01 -1.6957214503e-02 -1.0054967512e-01 2.1067223861e-02 -2.1300036409e-01 3.1565564229e-02 1.9484846506e-02 -1.1645553227e-01 2.7282248152e-02
2.5065871673e-02 -1.2154685161e-01 -3.9365213452e-02 -1.7620143780e-01 -8.5548957625e-02 -2.9842930025e-02 7.1920172350e-02 -1.6682969217e-01 8.1555539168e-02 -5.7093618593e-02
8.5986734602e-02 -8.2894532623e-02 -2.9812109005e-02 -7.2319000353e-02 -4.4532320432e-02 -1.2128644495e-01 -3.2553353415e-02 -4.7754484934e-03 -6.7495627633e-02 -7.3996979944e-02
-1.8736945341e-01 -5.7832034666e-02 -2.1265669455e-02 -1.1051082389e-01 -6.0100425035e-02 6.2352338828e-02 -1.0598424738e-01 -1.0828109751e-01 1.2975755005e-01 -8.0941950505e-02
1.3036148717e-02 -1.5437390686e-01 -6.8839939489e-02 -2.9203123191e-02 -7.2237815557e-02 3.6552379246e-03 -1.9484853535e-02 7.1522452868e-02 5.3687358872e-02 5.6114749618e-03
-8.0078112246e-02 2.1021229240e-01 -9.0852276550e-02 1.4568686824e-02 -1.3017096164e-02 1.1952898683e-01 5.4122497480e-03 -1.4056256087e-01 -8.7612868174e-02 7.3328188755e-04
-1.0890706721e-01 1.1298163153e-01 -4.3013640049e-02 -5.5831901542e-02 -2.0481717443e-02 -1.4000272925e-02 3.7276169425e-02 3.7336360501e-02 -2.1457220075e-02 -1.3833035041e-01
-7.2677345505e-02 -2.4621223156e-03 -1.6513495616e-01 -2.7354011128e-02 -1.2897755598e-01 9.4531415313e-03 -1.2788642155e-01 -8.2322363386e-02 -1.6271944097e-01 6.2533363293e-02
-3.0223695289e-02 -1.3202006087e-01 -4.4844238875e-02 -1.2387103300e-01 -1.0142396115e-01 5.1472250244e-02 7.8628377592e-02 -1.1693019556e-01 -7.2702317235e-02 -1.1141635088e-01
-1.7160391691e-01 5.0584230554e-02 -3.1445378218e-02 5.6274783521e-02 -1.0523088319e-02 -2.6319460991e-02 -1.3065554078e-01 -8.1223459695e-02 -6.1739807307e-03 -1.7722459310e-02
-7.1666299167e-03 -5.6496119164e-02 -1.2567681066e-02 3.3973549147e-02 -4.8335705164e-02 1.0828269677e-02 -2.8637899073e-03 -1.2376791855e-02 -6.4816563794e-02 -3.0448884612e-02
-9.5597482226e-02 -4.1619690362e-02 -1.3888774660e-02 8.4249256838e-02 -1.0164062521e-01 2.4450183133e-03 9.4102266959e-02 -2.1464682884e-02 -4.6022095529e-02 9.6203148094e-03
-4.8969819559e-03 -1.0338819704e-01 2.6493492368e-03 -5.4480608438e-03 3.4517627124e-02 2.5066581061e-02 -1.2246449760e-01 3.5669977502e-02 -2.3458128996e-02 -1.0056993955e-02
1.6693967314e-02 -2.7496931554e-01 3.8193873604e-02 -5.6726969403e-02 -3.1745679032e-02 -2.0159137736e-01 -1.1551623197e-01 -1.5585050394e-01 -3.0995379083e-02 9.6866050566e-02
7.6103360076e-02 8.3490491337e-02 2.6041075691e-02 1.2409234712e-02 -6.4155641792e-03 4.0071982782e-02 -3.2813049779e-02 5.6604023693e-02 -1.5797336383e-02 -1.3150881806e-02
-9.5410475226e-02 -1.5715729113e-02 -1.9940870211e-02 -2.6250302648e-02 6.9845954215e-02 1.3691258248e-01 3.1870000632e-03 -7.0787229244e-02 -2.3243827104e-02 -7.3757350459e-02
-1.0417102302e-01 -8.9403692804e-02 5.6000597148e-02 -4.1547449009e-02 1.9515817354e-02 9.4259326127e-02 2.5954641500e-02 -9.8593193357e-02 -5.8756161223e-02 1.2529383604e-02
-9.0943843186e-02 -1.9826540151e-02 -4.9736581167e-02 -2.6839888809e-02 2.7752415179e-04 6.2743527648e-02 -1.5162716741e-03 -5.9891024064e-03 -7.1516752476e-02 -8.4438119442e-02
-1.0888508698e-01 -6.2111441499e-02 -5.1667873543e-02 -6.8039265629e-02 -2.9493935937e-02 4.0889618680e-02 5.4843995828e-03 -8.0604319342e-02 -3.0225618210e-02 -6.0427233165e-02
1.0928800074e-01 -8.6686732053e-02 -1.8450141179e-01 -2.1659371700e-01 3.5741819053e-02 -8.6000963948e-02 8.4044741018e-02 -1.1243600283e-01 8.8902515716e-02 -4.4208631898e-02
-8.8810633285e-02 -1.4553917889e-01 -2.2693231136e-02 4.1146645924e-02 -9.2773359388e-02 7.0913795904e-03 -1.2123175451e-01 7.4042397942e-02 1.2770779641e-02 9.9800425360e-02
-1.1043697404e-03 5.7333697943e-02 5.9649933627e-02 3.8045577177e-02 6.4491962603e-02 2.7942115790e-02 -7.1099132278e-03 -6.0581879125e-02 -1.4573063593e-02 7.1662007510e-02
-4.8207509648e-02 -1.2401993589e-01 6.2554292357e-02 -3.0065750465e-02 -1.7889693689e-01 3.8601054897e-02 -1.9957768791e-01 6.8614207275e-02 -8.1468368743e-02 -9.0738047075e-02
-1.0518591488e-01 1.9797890101e-01 1.1459503069e-01 1.2401926820e-01 -1.7728219643e-01 -7.4673359641e-02 -6.0604911577e-02 5.4387082719e-03 -7.6668657111e-02 -2.2772954155e-01
-7.8139542634e-03 -1.2611714575e-01 -3.3751232400e-02 7.9988639897e-02 -1.3138341308e-01 6.1043715663e-02 -7.9666978760e-02 -1.0147628443e-01 1.1888682431e-01 5.9036651910e-02
-5.8009953384e-02 -1.5229747853e-01 3.6985392559e-02 -9.1000153578e-02 -5.0857167324e-02 -5.6809566531e-02 -1.6991399072e-01 2.5395601555e-03 -1.0378679603e-01 -2.5705924422e-01
-1.3287456255e-01 -5.4890633994e-02 -7.5589005573e-03 1.1174194085e-01 -1.3026796176e-01 -1.3510112910e-01 -7.7063988486e-02 7.7826076794e-02 1.1622802571e-02 1.0577875382e-02
-1.0924502602e-01 1.2459182665e-01 -3.0988410468e-02 -1.7814072671e-01 -1.4073617620e-01 -2.8596422418e-03 2.7143257098e-02 -7.1997762531e-02 -4.2168715433e-02 -1.1292256507e-01
8.5856523384e-02 -2.1768847857e-01 -1.6078806143e-01 -1.0611560607e-01 -8.8257068503e-02 -4.1131431871e-03 1.3859733281e-01 -1.3028697733e-01 -8.7397989463e-02 -5.6015886000e-02
-1.8497172452e-02 -7.3088466821e-02 2.6278470203e-02 3.3319618819e-02 -1.6579086462e-02 8.4991696705e-02 3.6492830893e-02 -7.9047874511e-02 -1.1678294246e-02 -6.7501266672e-02
3.6786143866e-02 -1.1999526572e-02 -1.2401903395e-01 5.3947938888e-02 -6.6232413173e-02 7.0284461126e-02 4.1183992907e-02 -7.3669463178e-02 1.0019222093e-02 -2.8574034657e-02
2.4213777027e-02 -1.4372934897e-01 -1.3097291443e-01 6.6891394297e-02 -1.1385042218e-01 -5.4980562531e-02 -1.7624493136e-01 -6.2625931566e-03 1.8508488431e-03 2.0039219366e-02
-4.3008518136e-02 -4.1225673115e-02 6.3762262368e-03 4.1262273012e-03 -8.6654778117e-03 5.0603486646e-03 1.6039121808e-03 -9.9842001453e-03 -3.5165358950e-02 -4.9337505485e-02
1.5454987251e-01 -8.8342075349e-02 -1.2866512197e-01 7.1784563100e-03 4.2463985816e-02 -3.6163496303e-02 -1.3014712702e-01 3.1379376350e-02 8.1679914834e-03 -3.9897882825e-02
3.4229906802e-02 -8.5190251114e-03 8.9494653573e-02 -1.0167068434e-01 4.1910153015e-02 -5.0021451868e-02 5.3449669748e-02 7.6535053641e-02 -2.5496632887e-02 -3.8798048545e-02
-1.7591163989e-01 -3.0310696886e-02 -1.1050099641e-01 -5.1759167500e-02 -2.6189776762e-02 -1.2913214823e-01 -8.6027819156e-02 9.4418528570e-03 8.9684610300e-02 -6.4223363224e-02
2.6901886018e-02 3.3656789454e-02 -9.0304056559e-02 2.2304127111e-02 -7.0529505724e-02 1.7401961395e-02 9.6979797322e-02 -1.1492845999e-01 -5.2673874481e-02 -1.1386888727e-01
-3.0803151003e-02 -1.1344029376e-01 6.4347106646e-02 3.0857228428e-02 -1.7269315821e-01 -1.6728146361e-01 -1.2574628128e-01 2.8321181699e-02 2.1442963282e-02 -5.7056295893e-02
-6.6578583995e-02 1.0706207318e-01 1.3729778915e-01 -2.5749148685e-02 1.0594142493e-02 -3.8770672961e-02 6.2810956688e-02 1.0081680741e-01 -1.2643289175e-02 -1.2523656571e-01
-1.5196233178e-02 -4.9846086840e-04 -1.3975073419e-01 -5.6609701091e-02 -1.9014903433e-01 1.2811773020e-01 -1.1266956424e-01 -4.2541237418e-02 -2.4373217839e-02 -6.8144158537e-02
3.9118474627e-02 -4.4230896379e-02 -6.2566860405e-02 -5.9918109376e-02 -3.7640958424e-02 -1.5484741945e-02 1.9995148524e-02 -4.7627975324e-02 -9.6205614765e-02 -1.2065910965e-02
-9.8441872754e-02 -1.4240483730e-01 2.0925889225e-02 2.7781919189e-02 -9.9477122325e-02 -8.4791926278e-02 -1.8167875426e-01 -8.7807440457e-02 1.4612518118e-01 -1.8282623685e-02
-9.0192900142e-03 3.1505705545e-02 -3.8544614839e-02 -6.6510880778e-02 -3.7004036713e-02 1.7257879501e-02 6.9310429319e-02 -3.8877276043e-03 6.2589644567e-02 -5.2128111684e-02
3.8746287160e-02 -3.0989349613e-02 -2.2000478644e-02 4.1242427626e-02 -1.4735717417e-01 1.2622006226e-01 -6.5428144769e-03 -2.0386677959e-01 -4.3644985465e-02 -5.3505172537e-02
1.0599134468e-01 1.6409288276e-02 -4.6056065983e-02 -1.2133802392e-02 3.0847493399e-02 -3.4812965113e-02 -4.3409271909e-02 4.0505319115e-02 -1.0293120402e-02 -2.3223415045e-02
-1.2067370343e-01 -1.0327960951e-01 7.2955342561e-02 6.7500903215e-03 -1.4447089144e-03 7.4085925166e-02 -9.5431702829e-02 -1.5500899006e-01 -3.2259062080e-03 -1.4531391168e-01
3.1616435357e-02 -7.8878853202e-02 2.1307492411e-02 -9.9618270529e-04 -5.0502844681e-02 6.5884573256e-02 1.8964934817e-02 -1.2122293850e-01 3.6048260127e-02 5.7455342309e-02
-7.4211668893e-02 5.2066209874e-02 5.2636496013e-03 -3.5974835148e-02 4.4669405270e-02 1.0064161525e-01 9.3404785234e-02 -7.0222900514e-02 8.3502288029e-02 8.9235367032e-02
4.7139098564e-02 -3.8729269362e-02 -8.7004995833e-02 -1.0331026242e-01 -8.2354156286e-02 -7.8390056258e-03 2.4272945531e-02 -1.1403784674e-01 -6.8641593496e-02 -9.8634213995e-03
-3.4403292271e-02 3.9199235874e-02 3.4188960706e-02 -4.5416178914e-02 -2.3944710418e-02 1.1098924810e-01 4.4860634428e-02 5.0422786427e-03 2.4878175622e-02 -1.2731093907e-01
1.0051978868e-01 -1.2640970720e-01 -3.7788153710e-02 3.0229620834e-02 -1.4849204171e-01 -5.6426272963e-02 -4.8256281380e-02 -1.3545179775e-01 -1.6786768445e-02 3.9665338540e-02
-1.3058859447e-02 -7.7947870489e-02 -2.6158961365e-02 -8.9915780291e-03 5.3031186469e-02 -6.7448741987e-02 -7.0549141258e-02 1.1429030197e-01 3.4442512156e-03 -1.1929782723e-02
-2.3614223841e-01 -1.2269079813e-01 1.8618402204e-02 -2.0405181602e-01 -8.8839470289e-02 -1.2023675945e-01 1.5839306011e-01 -1.0814664491e-01 -8.3912016503e-02 -7.7103846077e-02
-1.0189979182e-01 -1.1185753167e-01 -3.6299243132e-02 -4.7269634489e-02 8.7464491765e-02 -9.6319535251e-03 -2.5644783353e-01 4.4318517206e-02 -1.5980275954e-01 1.4876833268e-01
