-1.2040608068e+00
-1.0424634781e+00
-6.1726777441e-01
1.4168202526e+00
-6.7525623509e-01
-1.5247872540e+00
3.8986922251e-01
1.1489745296e+00
-1.1049051772e+00
-2.8527336423e-01
-4.9953633252e-02
2.9127278561e-01
1.4821778894e+00
-1.1461226233e+00
-9.7567494170e-01
-4.9921313758e-01
-2.4785290173e-01
5.0601652923e-01
-8.7240023322e-01
-9.0776105250e-01
-2.3077885316e-02
1.9958326297e-01
-5.2477138779e-01
1.1877785771e+00
-8.2655725254e-01
1.0849491275e+00
1.0462453512e+00
-1.1758406842e-01
8.6454956590e-01
-4.8335014468e-01
-3.1357495832e-01
1.3090590796e+00
-2.9639868601e-02
4.5764285439e-02
-9.9973110984e-02
-4.6591216813e-01
4.6523607075e-01
-1.4534283252e+00
-3.8478711336e-01
3.4142586361e-01
1.6598032299e+00
2.7610364739e-01
8.1339849352e-01
9.0902921174e-02
3.2205975265e-01
-1.0158696113e+00
-2.4538645899e+00
8.8482311659e-01
6.7651203511e-02
-1.0094870467e+00
-7.1007728828e-01
-4.5768930513e-01
1.1239568124e+00
-9.5320355500e-01
-1.1724559972e+00
1.4137187232e+00
-1.3466059248e+00
4.7884460729e-01
-1.8979748654e+00
-2.5610458823e-01
-3.3328378228e-01
-4.2956219509e-01
9.0130030391e-01
9.2990608753e-01
-2.5727558327e-01
6.9017445513e-01
-3.1863502489e-01
4.9441610091e-01
1.4476331044e+00
1.1855574191e+00
8.9245310456e-02
-1.1501228001e+00
-6.9161092032e-01
1.6229298742e+00
-1.5353897106e+00
2.0857973207e-01
5.6800727476e-02
-2.8435375105e-01
-2.1926608784e+00
1.1373822978e+00
9.9251046156e-01
1.1966712374e+00
5.2234661969e-01
-1.5780474835e+00
2.9347055654e-01
-2.1663121166e-02
-6.1497581556e-01
7.9110086522e-01
4.8950829796e-01
-1.2349108239e+00
4.0793231732e-03
5.5476699400e-01
-2.9442022037e-01
-7.5702408707e-01
-1.0977852415e+00
1.6244123927e+00
7.4881730062e-01
2.2178540329e-02
-1.4571747443e+00
1.6682628188e+00
1.4804735509e+00
-2.2234397526e-01
-8.7637677946e-01
2.4410253784e-02
-9.2750627162e-01
-1.1576397034e+00
-5.6290839266e-01
-1.1319875790e+00
5.2302808205e-01
5.6389775358e-01
1.2804031888e+00
-5.7757001373e-01
-2.8174200205e-01
1.3094693600e+00
2.4288157782e-01
-1.7677000671e+00
1.0627298503e+00
-2.6935004812e-01
-1.2313611144e-01
-3.0689167452e-01
4.0298491487e-01
-1.0699007190e+00
-1.1871483515e+00
1.1716247672e+00
-7.4814851715e-02
-1.0301047570e+00
9.1881704742e-01
-4.1016663886e-01
-4.6293129004e-01
-4.6057889946e-01
9.7783231126e-01
2.1087786977e-01
-5.5674599217e-01
-2.0312341623e-02
2.9861727732e-02
1.4575321823e+00
-2.5590875186e-01
1.0775560724e+00
-9.9349441713e-01
-1.4437819066e-01
-7.9231569935e-01
2.5513223020e-05
-4.1462730678e-01
6.2222074592e-01
1.0718214963e-01
-2.0994965820e+00
-2.3475760119e+00
5.2997986177e-01
7.1239424303e-01
1.5721240266e-01
7.5634490540e-01
9.4052790366e-01
-4.4694177270e-01
4.7035733673e-01
1.1261780445e+00
8.4724417923e-01
-7.8983768822e-01
-2.0006098169e-01
1.8191196426e-02
1.3515856814e+00
2.1198731145e-01
1.1683395193e+00
2.3330524780e+00
3.0497430721e-01
-2.1460947451e-01
-1.5836950784e+00
7.9747847312e-01
1.7310494607e-01
-2.8577185684e-01
5.6540801273e-01
1.0125062412e+00
-1.2039582497e+00
-5.3692012273e-01
-1.9129332960e-02
-4.4927457433e-01
-8.4116152749e-01
-1.9395134988e+00
-2.9628628394e-01
-6.2551017250e-01
-7.1185769940e-02
-6.3797176084e-01
-1.0664251664e+00
2.0412965958e+00
1.3842506052e-01
3.0886929014e+00
4.7416600911e-01
9.2946602333e-01
1.9896546137e-01
-3.4550137873e-01
-1.5845043300e+00
2.7384444521e-01
-2.2293213599e+00
-5.3758397781e-01
3.9063615766e-01
-1.4845217130e+00
