5.7986565458e-01 3.7633828908e-01 -2.1314514401e-01 -2.4763786103e-01 -2.7624396493e-01 2.9690348116e-01 3.5399746574e-02 2.8192064109e-01 -2.8076946540e-01 -2.6273421935e-01 -1.1668204235e-02 -3.3265556213e-01 -1.7516854907e-01 -1.0643904122e-01 -2.1232304629e-01 1.2054763988e-01 1.4369867900e-01 3.7699724736e-02 -2.8475667074e-01 -1.2328025515e-01
-2.4874172971e-01 -2.0474407313e-01 -1.7585227345e-01 9.7734639804e-02 6.0360060579e-02 7.2982948765e-02 -1.2851185990e-01 -2.9824145114e-02 3.8375485174e-01 -1.6891307923e-01 3.9401469653e-02 -6.9105067749e-02 2.3520232618e-01 8.1991724928e-02 -1.2159520430e-01 -3.7311190412e-02 -3.2205274669e-01 2.4602497834e-01 6.3962986434e-02 6.5741871116e-02
2.2661624484e-01 -4.4848429806e-02 -1.5856416877e-01 -8.9679103505e-03 2.5123959407e-01 -7.1337900650e-03 -1.4212921231e-01 -3.2052973376e-01 4.5809315449e-01 -3.3373385948e-02 -1.1246471945e-01 9.0900068986e-02 -2.2366042427e-01 -1.8779397676e-01 3.6079206640e-01 -2.6138432674e-01 -1.2676067427e-01 2.9695276982e-01 -9.8512724037e-02 -6.2149528358e-03
-2.2344803124e-01 4.3054368449e-01 -5.2953052314e-03 6.9914289909e-02 2.8786917081e-01 2.2719084387e-01 -3.0340720717e-01 -1.8459717617e-01 5.2218579485e-01 1.2060416553e-01 3.3400547180e-02 1.3561863373e-01 -4.4479879032e-01 -1.8640946456e-01 8.4097361397e-02 1.9050369446e-02 1.8702777234e-01 -1.9407524505e-01 -1.6316390616e-01 -2.1661715911e-01
-4.1575240640e-02 -2.1437658457e-01 -5.9885588623e-02 4.8720554877e-02 4.6390069973e-01 2.9818885948e-01 2.1482018999e-01 1.5977027646e-01 3.8415976330e-02 -1.1185741805e-01 -5.7768810055e-03 1.1433916693e-01 3.6680075870e-01 5.0455989272e-01 -2.0510776577e-01 -2.1398703795e-02 1.2840403960e-03 3.1748216470e-02 1.2840764867e-01 -2.9100351339e-01
-1.1631538786e-01 -1.1643768424e-01 1.4670665048e-01 1.9974811422e-01 -2.1834790225e-01 1.3254972013e-01 1.0097493466e-01 -1.5403091713e-01 2.5016630922e-01 1.6525676814e-01 -1.3508886123e-02 -3.2326758433e-01 -2.8876788892e-01 3.3789488330e-02 8.4421690100e-02 4.0561957408e-01 2.9481499453e-01 2.1565737054e-01 -1.0939946010e-01 1.3555519228e-01
3.2310415258e-01 -9.8544898160e-02 5.0434921891e-02 -2.5893666723e-01 1.1141500925e-01 1.0021429953e-01 -8.8890169545e-02 -3.9246199145e-01 2.8556159723e-01 1.4865127536e-02 -3.0932059026e-02 1.1548619561e-01 1.7303732225e-01 1.7977559326e-01 -4.1428644658e-02 6.1411655199e-02 -1.6173136401e-01 -2.1909957585e-01 8.1427456597e-02 1.1513598773e-01
-1.9434664597e-01 -7.2697255267e-02 1.0767884995e-01 -2.5804138743e-02 -1.0791099854e-01 2.1164499233e-01 4.6564112466e-01 1.4768811978e-02 -6.7895291677e-02 1.9458405233e-01 2.5953741608e-01 -1.4685188343e-01 -2.2813866889e-01 -9.4032029229e-02 2.8631753499e-01 1.8382620717e-01 -1.7225699353e-01 -1.4278171653e-01 -3.6667418734e-01 1.2549121209e-01
2.0281413962e-01 -2.9288136008e-01 -8.1888208724e-02 -2.5451430452e-01 3.7655822324e-01 5.2273287453e-01 -1.0361684756e-01 3.0616205329e-01 -1.5794554879e-01 -1.9091887435e-01 2.6416541274e-03 7.1823731234e-01 -4.2977851909e-01 -5.7642791994e-02 1.2370801146e-02 -8.7695201500e-02 -2.7998677703e-02 2.4618352730e-01 -9.6090098851e-02 -2.1978755207e-01
-2.8158514651e-01 -1.8063568700e-01 3.4015777942e-01 2.4729031238e-02 2.2312280356e-01 2.7866730313e-02 -3.5507697814e-02 -4.0688959496e-01 -1.8112827040e-02 -4.1550951270e-01 -2.5123849563e-01 -3.1586882903e-01 -3.5199758807e-01 4.0960249897e-01 -4.3396639140e-01 4.0200529781e-01 7.7834595226e-02 1.6270731346e-01 1.5691027615e-01 -3.3017843568e-02
1.6020149276e-01 7.4607569732e-02 1.8022546540e-01 -5.6909588418e-01 2.4071904972e-01 3.1970187443e-01 3.2060460985e-02 -5.6001547864e-02 3.6968297784e-01 -9.5156221971e-02 1.0326405797e-01 -2.7546868049e-01 -1.7336018284e-01 -2.0351412967e-01 4.6262392925e-01 1.3293613763e-01 -2.4224759239e-01 -3.5093489251e-01 2.6906076227e-01 2.1272146214e-01
2.7663776669e-01 -4.0826503214e-01 1.5674497625e-01 2.0409897718e-02 -1.6884088070e-01 4.5167543612e-02 -3.0175632525e-01 2.6506839054e-01 4.0059943393e-01 -5.3360811488e-02 9.1776159905e-02 -2.4797924874e-01 9.7485015728e-02 5.3463407502e-02 -3.2588830921e-01 -1.0850039408e-01 -3.7773980530e-01 -2.7261288184e-01 4.6678640167e-01 5.4525137325e-02
4.0975555166e-02 2.4900906879e-02 -2.8415097542e-01 8.9373935908e-02 -5.9984084531e-01 6.9232475940e-02 -2.5714330600e-02 -4.5497907681e-01 5.1812612348e-01 1.7182474309e-01 9.5536067660e-02 -1.1027545477e-01 1.4866731592e-02 9.8773273813e-02 -4.3273235969e-01 -1.5209271075e-01 1.8075659879e-01 -3.4798941777e-01 4.0014950202e-01 5.2730415241e-01
7.1846698747e-02 -7.6041131425e-02 -4.1533967840e-02 -1.4486448674e-01 -2.9622567672e-01 -2.1322445832e-01 6.8998724151e-02 3.7250643153e-01 1.6401290276e-01 1.2330238329e-01 -3.8096292634e-01 -4.5852854670e-02 -5.5908169130e-02 -1.9414454130e-01 2.6433052843e-02 1.0926565929e-01 -1.8801210019e-01 5.7736739044e-02 1.9459334986e-01 1.4584000350e-01
5.4117487082e-02 6.6447397803e-02 7.6220196971e-03 -4.1880501328e-02 -1.1228284544e-01 2.4664068184e-01 -1.1268066384e-01 -6.5325407514e-02 7.2432667645e-02 5.5976499863e-03 8.1405219969e-02 6.4285568973e-02 2.5923374085e-01 -4.3309664668e-01 -2.0493271431e-01 1.2488488068e-01 1.3657178827e-01 -2.2712724436e-01 4.5277050634e-01 -2.6304275553e-01
3.2019793434e-01 -1.2787626428e-01 5.0546299885e-02 9.9194615702e-03 3.4826401100e-01 -2.9385258962e-01 2.5301492311e-02 -1.8080513122e-01 -2.2038955577e-01 -1.6558114352e-01 2.9321423218e-01 1.6518128794e-01 -9.4208047424e-03 -2.2412342201e-01 -1.2124257076e-01 1.5583146443e-01 -3.1133155359e-02 2.0412810682e-01 3.3891931894e-01 -8.7859172326e-02
-1.0270977147e-01 8.5179582990e-02 -2.2509865865e-01 1.4689996635e-02 4.1198566904e-01 -1.5533511529e-01 2.1750946742e-01 5.2110156983e-02 2.7547942957e-01 2.6142657172e-01 2.4725522488e-01 1.0442695306e-01 1.0374043610e-01 2.9639434632e-01 -3.4648014679e-01 -2.6908938370e-01 6.1237852156e-02 2.6701808392e-01 2.9858693303e-01 -2.5208691147e-01
2.8743999404e-01 3.5691989852e-01 5.5921851759e-02 -4.3416182199e-01 -5.4379323172e-01 9.5785536218e-02 2.6507645888e-01 2.2514667252e-02 1.9322540942e-02 3.0714229670e-03 -2.8018999845e-03 8.5020724182e-02 4.4702939452e-02 1.3445574896e-01 -5.4451510233e-02 2.0707945090e-01 -2.8256190147e-01 7.2928527037e-02 -4.1722897897e-01 2.3237515601e-01
-1.0665690032e-01 -1.7711815543e-01 4.8127948872e-01 -3.3302183155e-01 1.0845615702e-03 -1.6694275661e-02 -2.2122329921e-01 -2.0864275765e-01 1.2701993301e-01 2.3303522246e-01 8.9774454317e-02 -4.0929859256e-01 3.6110747621e-01 1.5802914731e-01 -1.9635961903e-02 -1.4720221314e-01 4.9102817428e-02 3.2344224811e-01 -3.0538889612e-01 8.2839208112e-02
1.5393549459e-02 2.4482743270e-01 2.8080246073e-01 4.4466111752e-01 -3.6547132106e-01 1.4943881113e-01 -9.9098291958e-02 -4.6415231895e-02 -9.1200622870e-02 -4.2350955022e-01 -9.1262960087e-02 -1.4739718957e-01 1.4126633170e-01 7.2912073065e-02 -8.6981605042e-02 -3.9603869467e-02 2.3076376959e-01 1.1180476467e-01 -3.4797701671e-01 -1.8233508333e-01
