3.3872645224e-01 -2.9856944620e-01 -4.2681977520e-02 4.7441043422e-01 3.8368801943e-02 4.3470167915e-01 -6.8902414698e-02 -2.9349292611e-01 -2.0957817078e-01 2.6944263570e-02
-5.2955462080e-01 -1.7125594998e-01 -3.7022465617e-01 1.4355967126e-01 -1.0785015994e-01 4.6870963776e-01 6.6535749281e-02 -2.7262855575e-01 -5.0469342091e-01 1.3882711786e-02
-1.2671885231e+00 -3.9157507112e-01 1.3419208760e+00 5.2721395078e-02 1.1923198202e+00 -4.0875050263e-01 5.4490424494e-01 -1.1239946830e-01 5.4298172311e-01 -4.2586049585e-01
2.1909657734e-01 -3.1966978479e-01 1.8647327835e-02 -1.6909008312e-01 4.2186584862e-01 -1.7543133424e-01 -4.1410658969e-01 1.2321903541e-01 -8.1640611846e-02 4.0285248388e-01
-1.5152390919e-01 -3.2877200759e-02 -2.3248695268e-01 -6.9654527481e-01 -1.2115850205e-01 7.0206110015e-02 2.0172692056e-01 2.1963930306e-01 2.3790107348e-01 -3.9992128977e-01
-8.0285388237e-01 -3.0264325212e-01 1.8987621055e-01 1.0731705554e-01 1.2916733403e-01 -7.7203539445e-01 1.1301193947e-01 -1.4916762353e-01 3.5032030368e-01 -7.0591302474e-01
-1.9404157995e-01 -1.2655567334e-01 -1.1639642334e-01 -1.2843866187e-01 -3.3664193209e-01 5.6067973947e-01 -3.8519462326e-01 5.7171650042e-03 -3.6549750852e-02 3.9135044377e-01
-3.2201910712e-01 6.3864981180e-02 1.1241914467e-01 -5.8714127976e-01 -8.0780653114e-02 1.5626920233e-01 3.6928569999e-01 -3.4980125832e-01 2.6235177974e-01 -4.8529409002e-02
-4.6570810348e-01 -1.3719350105e-01 3.6827032525e-02 2.2886031333e-01 -1.0181506508e-01 5.0018754925e-01 9.3621325290e-02 2.1118047353e-01 -3.9254803221e-01 2.0041684559e-01
-9.9185078336e-02 3.4621660634e-01 3.6658706246e-01 2.5400278775e-01 1.5333711720e-01 -3.7447682462e-01 2.8925046826e-01 2.1818330670e-01 3.0408075380e-01 3.6732634307e-01
