4.6846087916e-01 2.3378134307e-01 -2.7204192361e-01 2.3713146107e-01 -1.2794816312e-01 2.6267303943e-01 -2.0007843262e-01 -1.6666519360e-01 1.4184521259e-02 2.9300152383e-01
4.5599602760e-01 -1.5184682809e-01 -1.6657530266e-01 3.0505430340e-01 -3.8554041689e-01 1.0952038114e-01 4.2342941899e-01 2.4898275061e-01 -2.0857813239e-01 1.7889794371e-01
7.2202352117e-02 -3.0636051851e-01 6.7689973232e-01 1.3739738168e-01 -6.2011941667e-01 -3.9225062618e-02 1.8495227121e-01 -5.0124818173e-01 -3.4380450280e-01 3.2527144568e-01
1.6954119230e-01 -2.7467222019e-01 -9.9522013417e-02 -7.9832959284e-02 -2.5017810444e-02 -3.5341779984e-02 -2.0624728367e-01 -3.1768381434e-01 -4.9756562440e-01 -6.0650369937e-02
1.2494719237e-02 3.7900214236e-01 2.5067085661e-01 4.1193855220e-01 -4.6769804987e-01 6.4210109076e-02 -2.0310886875e-01 -9.2216784847e-02 -1.4829832302e-01 9.3854687139e-02
3.3576291654e-01 -2.1077541274e-01 1.9387910136e-02 5.3368701716e-01 -2.5355923374e-01 6.6239428252e-02 -3.5470258576e-01 -1.6451682012e-01 -6.9017478323e-01 2.4846212498e-01
2.9434128147e-01 -1.6561085759e-01 -3.7472787969e-01 -1.2200312322e-01 1.4213656140e-01 9.2229689339e-02 -3.1665316394e-02 -1.8453298974e-01 -2.2438017335e-01 4.5450462361e-01
4.2462135216e-01 -1.2972853885e-02 2.8269877479e-03 -3.1884083887e-01 -1.7446102721e-01 -1.3094310901e-02 2.0679136809e-02 6.9517068175e-01 4.4494735023e-02 -2.3922987241e-02
-1.8114250267e-01 1.2226084141e-01 -4.2863516171e-01 -8.2730820960e-02 -3.9436472875e-01 3.6753399107e-01 7.6222595407e-01 -2.3912039764e-01 5.0048073415e-01 5.5340704919e-01
-2.5688192668e-03 2.7413379123e-01 7.4911939037e-01 -1.3314886841e-01 4.6721310378e-01 1.1999612627e-01 -5.5340583214e-01 -4.0464844565e-01 -2.5456048904e-01 6.9827198509e-02
