-8.2521151174e-03 5.3755360823e-01 -7.6515053252e-01 -1.0313925196e+00 5.3324634789e-01 9.3965995211e-01 -2.1700484776e-02 -1.0571850862e+00 1.4411177201e-01 -1.6107100624e-01
-4.3579183227e-01 1.3694152407e-01 3.0397940241e-01 3.7733211194e-01 -8.6800284947e-01 -6.0315594726e-01 8.4998135216e-01 2.0716469287e-01 1.0105083769e+00 6.0794677308e-01
7.9683192550e-02 -5.7643832718e-01 -2.6382454707e-02 1.6394122454e-01 -5.4078062527e-01 -9.4969579267e-01 -7.7023712071e-02 1.0452784856e-01 4.0551223365e-02 -1.2371878264e-01
-2.7116711529e-01 3.7908044940e-01 -2.4937720229e-01 3.4594405856e-01 4.9900363908e-01 -1.4119451148e-01 2.0274622580e-01 -7.6411130698e-02 3.1021077132e-01 6.2452470118e-02
5.7208929478e-01 5.8664360039e-01 -2.3845917377e-01 -3.6408425385e-01 7.7481006359e-01 -1.0131779081e-01 -4.9295797827e-01 -3.5079498266e-03 -5.5281307438e-01 7.3781384518e-01
-2.8795639593e-01 1.2161142206e-02 5.5361478980e-02 3.8387268504e-01 -5.9604848047e-02 4.7027265105e-01 -8.6797098567e-02 3.0328690428e-02 -1.6470534391e-01 -2.0029973717e-02
1.9455825898e-01 1.5675820285e-01 1.1576160814e-01 -4.3129851199e-01 9.1962953577e-02 3.8021019235e-01 -3.4066330470e-01 2.8054615251e-02 -7.0732740495e-01 -2.6313438751e-01
-2.1005954848e-01 -2.6418871538e-01 2.2528831012e-01 3.9100713827e-01 -2.9548572601e-01 5.5475801748e-01 -1.7019509985e-01 4.0372342445e-01 -1.4496166345e-01 -1.6151933594e-01
5.0455246609e-02 -5.4589128782e-01 4.1431890735e-01 4.7815267889e-01 -2.2299113212e-01 1.6309578436e-01 4.4408256083e-01 8.8552872087e-02 8.3060862244e-01 -2.3368568921e-01
-1.8028041863e-01 -5.1843527996e-01 -2.5302193480e-01 -2.0285217591e-01 5.3827077083e-01 3.0120828647e-01 -1.3483042974e-01 5.2255073619e-01 -7.1178665306e-01 -6.8432144264e-01
