2.8312975166e-01 4.3608483805e-01 -4.3337158988e-01 -1.4235954882e-01 -2.8330278450e-01 2.6384230532e-01 4.6409775725e-01 3.1812083500e-01 4.1897901891e-01 4.4714183355e-01
-2.0894006496e-01 1.2954734903e-01 -4.3947529667e-02 4.6576866654e-01 -1.3720005123e-01 -1.9107759776e-01 4.9513541525e-01 7.6039191688e-01 -3.0807127154e-01 -3.1918396003e-01
1.4653932263e-01 -3.6042561461e-01 -3.3941038653e-01 -4.7847678372e-01 4.7851263425e-01 -3.3748718314e-02 1.1420125214e-01 3.1450962166e-01 -4.4620689984e-01 -4.5564223008e-01
7.9387107986e-01 6.6357443133e-01 -9.5095285692e-01 7.1621048875e-01 1.9739377607e-01 5.4713438585e-02 5.6800617644e-01 -3.2096646287e-01 9.6154755106e-02 -2.6591471197e-01
-9.0436166868e-02 1.9128967853e-01 8.0974362897e-02 -7.8733680030e-01 5.3626163328e-01 4.6133793709e-01 6.2190188806e-02 -5.9357389625e-02 5.7086023948e-01 3.2120038809e-01
4.8357719589e-01 -3.0861897960e-01 -6.3198747634e-01 3.8675395247e-01 3.4883729224e-01 2.1530272820e-01 3.2200177453e-01 3.9582512143e-01 -5.2835711133e-01 -2.1857911069e-01
5.6716340756e-01 -1.2142039428e-01 -4.5581883575e-01 -2.1724521276e-01 -5.4685368645e-01 -4.0339375436e-01 -5.7024036552e-01 3.0022707643e-01 8.6343701810e-01 -1.0198115632e-01
6.9925982991e-01 -9.1989235085e-01 -3.6239584564e-01 -2.9665999323e-01 -5.1760596991e-01 4.1460014827e-02 3.7942500417e-01 -2.5557172329e-01 2.3579539421e-01 5.1670267613e-01
2.0413866533e-01 1.8457658612e-01 7.0799322498e-02 -1.4267738215e-01 -1.0395127108e-01 -2.4072992652e-02 -6.3534674478e-01 7.8431307433e-02 -1.2429186105e-02 -1.0300810063e+00
6.2711108406e-01 4.0235657494e-01 -1.2605564013e-01 8.6072114041e-01 3.8113948759e-01 5.0853255501e-01 9.9654867193e-03 -1.2887928546e-01 -3.3505660553e-01 1.4703639648e-02
