-7.6766906406e-02 -4.7180677401e-02 -5.0487268924e-02 -7.4149581532e-02 -9.2203230574e-02 -6.4110757883e-02 -1.1068445603e-01 -1.8747549764e-01 4.1776542076e-02 2.2598680503e-01 -1.1575800807e-01 1.0332733931e-01
-1.2949401976e-02 5.6515166745e-02 -1.0956415601e-02 2.6320455753e-01 1.0799700803e-01 -1.9146407106e-02 7.9147393546e-02 -9.4369700483e-02 -3.5868078196e-02 9.4702973066e-02 -2.6343759393e-02 1.5504319001e-01
1.7021037271e-01 -1.0598675949e-01 1.0409637061e-01 -3.9868596307e-01 -3.8349825837e-01 1.7502300345e-01 -1.6407421068e-01 1.9175375494e-01 1.7480775225e-01 -4.8219856234e-02 1.0762062736e-01 -1.8263713175e-01
2.9592931365e-03 1.0307421961e-01 -4.1657782177e-02 2.3563893920e-01 2.8422194727e-01 -1.2255546554e-01 9.1788278883e-02 -1.2195937642e-01 -1.2545296524e-01 6.5922097183e-02 -1.1399300367e-01 7.1545236610e-02
2.2095021282e-01 -4.9289702457e-01 1.9212477482e-01 2.9735780172e-01 3.2396238415e-01 4.2306431659e-01 1.7299284041e-01 3.2495208798e-01 6.4053358866e-01 2.9033808211e-01 1.1893750118e-01 -1.9809973412e-01
8.1888918352e-02 1.9756275948e-02 7.0008920604e-02 5.1650520422e-01 5.0591401364e-01 6.1213541426e-02 3.5332081729e-01 1.3197931269e-01 1.5284725971e-01 -2.3197842978e-01 1.1737027304e-01 -1.7383981638e-01
-1.6926974557e-01 1.1658728836e-01 -2.5726254137e-01 1.6254733145e-01 2.7218794403e-01 -2.9581512542e-01 1.2839623632e-02 -2.0629969441e-01 -2.8742379109e-01 -1.5997934355e-01 -1.8035419892e-01 1.4043644569e-01
2.0037033715e-02 1.2068040491e-01 -1.5547003872e-02 -1.2008019813e-01 -1.9763847357e-01 -5.3545504806e-02 -1.0064592591e-01 -1.4644506793e-01 -1.3212069801e-01 -4.5441643394e-02 -5.4104359975e-02 1.5112934011e-01
-8.0161810589e-02 -6.7640053901e-02 -1.2435847780e-01 2.2516544659e-01 1.4667549390e-01 6.8139593886e-02 -3.8072046258e-02 -1.1397280016e-01 4.2144716391e-01 2.8536333745e-01 -1.9251413568e-01 1.7008569369e-01
-2.3901123051e-02 5.9001819868e-03 1.1737116988e-02 -9.9718308791e-02 -9.2788570865e-02 4.4533450958e-03 -5.3393729845e-02 -1.3378436077e-01 3.2449107388e-03 2.2716550745e-01 -1.0626425773e-01 1.6484387052e-01
-8.3612486127e-02 1.0373864093e-01 -5.5376106673e-02 2.3345886835e-01 2.3833971202e-01 -2.6765372515e-02 1.3340919234e-01 -1.2949794914e-01 7.7415197586e-02 1.3020933336e-01 -6.8087146521e-02 9.3837183307e-02
-1.7282775775e-01 1.4865589703e-01 -2.7053312896e-01 3.2231902751e-01 3.4581304507e-01 -2.5612706125e-01 7.2054794829e-02 -1.2684583732e-01 5.5673656996e-03 -1.0051683097e-01 -2.1553198261e-01 1.2844073113e-01
