2.5700215738e-01 -1.9823190157e-01 -3.8651494481e-02 -3.3805802935e-02 4.9635058378e-02 -1.8611876246e-01 7.9370440921e-02 -1.2445978873e-01 -1.2372120828e-01 -1.9227335213e-02 -7.1687497670e-02
1.0637965986e-01 -1.5497009196e-01 -7.7735571497e-02 9.4262544324e-02 2.4670554499e-02 -2.2041715383e-01 1.6469377071e-01 -1.0690201973e-01 4.2890522152e-02 -6.9521054017e-03 -6.2962347352e-02
7.8990679353e-02 -4.9523881493e-01 -2.7154858940e-01 1.9549625372e-01 1.8478255262e-01 -1.5321002778e-01 6.7135748260e-02 -1.7829599853e-01 2.2793966323e-01 -1.8889329414e-01 -2.0038906306e-01
1.4540580848e-03 -6.5960713499e-02 -1.5045653351e-01 1.9132409405e-01 7.9533411800e-02 1.2163108168e-01 1.0742369103e-01 -1.7447162586e-01 1.2253582539e-01 -1.0265860392e-01 -7.5351613317e-02
1.0907777038e-01 5.3851847206e-01 1.9411896529e-01 -1.5856861058e-01 -1.9928804088e-01 3.5539779498e-01 -1.2788304420e-01 3.8046697600e-02 -1.6893992389e-01 2.1284550209e-01 2.0058663823e-01
2.4265069617e-01 -1.9469076076e-01 -3.6679369658e-02 8.6226601876e-02 -2.7414326085e-02 -1.7453514044e-01 2.1509079702e-02 -3.3198809329e-05 6.2937805996e-02 -3.4544737798e-02 -5.4014753654e-02
2.1975086139e-01 -2.7672162696e-01 -1.4248714188e-01 1.5646431783e-01 -4.0779102865e-02 -3.0312872636e-01 1.8198721859e-01 -1.2271232844e-01 5.5923731977e-02 -7.6566650194e-02 -1.8394198308e-01
-1.0292048767e-01 -1.1817084908e-01 1.8659773729e-02 -2.1208211952e-01 -2.8154591605e-01 -1.8438772527e-01 -1.3496255034e-01 1.9082070357e-01 -1.2769781075e-01 1.6634285953e-01 6.0797590938e-02
-1.1851950445e-02 3.1399238236e-02 6.0337658483e-02 -5.6510515213e-04 -1.7504337989e-01 -6.7274268407e-02 -9.4046205928e-02 1.8255897349e-01 -1.5750409606e-01 1.6250576859e-01 1.1008898221e-01
-3.7280170227e-01 1.6966599997e-01 7.0797446033e-02 -1.6500679313e-01 -1.1376689612e-01 4.4435561888e-02 -1.4219695453e-01 1.8341645463e-01 -9.4691181047e-02 1.8036743855e-01 -1.8123065431e-02
1.1779855569e-01 -1.4219069821e-01 -1.0098797639e-01 1.3694141173e-01 -2.0216225763e-02 -2.2715053920e-01 1.0604918025e-01 -5.4356009181e-02 -5.3690605388e-02 -5.2221511962e-02 -1.8027472001e-02
