7.5739506954e-02 -6.1544326776e-02 -2.8809837908e-02 -9.5801143792e-04 -6.3007681175e-02 3.7079974712e-02 -7.4239629168e-02 1.5542848114e-01 -5.6377089481e-03 -6.5847035716e-02 -5.6727595833e-02
-8.8309585814e-02 1.0560047682e-01 6.2588576673e-03 9.8174933524e-03 -1.4224444141e-01 7.6566372897e-02 1.1427166160e-01 1.4622304352e-01 -2.4148245209e-02 1.5237006481e-01 5.4002276327e-02
1.1920281226e-01 -1.2421881786e-01 -5.8162000590e-02 7.1155839317e-02 1.8378509928e-01 -2.7436169121e-01 -6.1870670427e-02 5.5573379252e-02 1.2097325915e-01 -2.1202631641e-01 -1.3172897011e-01
-2.3191522821e-02 4.8165059124e-02 -1.9411980395e-02 -5.4794902832e-02 -3.4155639046e-02 -7.9375782351e-02 2.1686446648e-02 1.2654324501e-01 -5.5477304853e-02 -1.7001600670e-01 2.8939216091e-02
-4.6403769833e-03 -4.2372230726e-02 -7.1481121938e-02 -9.4653600527e-03 7.9783424460e-02 3.3826913512e-02 5.3764423110e-02 1.0256063379e-01 -8.6987895672e-03 -8.0701181515e-02 3.8946706934e-02
-8.3649278069e-02 9.5212157544e-02 7.0226832750e-02 -2.4342057716e-02 -1.4433354865e-01 5.2650947767e-02 -1.9731284404e-02 6.5972014165e-02 -2.9213277123e-02 5.6651649194e-02 2.6495813390e-02
5.0171499510e-01 -4.1653248350e-01 -4.4476475367e-01 9.5580450930e-03 3.9110343714e-01 -4.5714204527e-01 -4.8510127087e-01 -3.0964172488e-01 5.2151798110e-01 -4.8554606094e-01 -5.3619916396e-01
5.7421969458e-02 -1.0634551147e-01 1.3322404074e-02 1.5718788271e-02 -4.8348736320e-02 -5.7764513194e-02 2.7557143130e-02 1.2627886870e-01 -2.7623557287e-02 9.4839976254e-02 9.7537909323e-02
-1.0346601146e-01 1.3594423859e-01 4.6943421398e-03 1.1780247587e-01 -5.4824671701e-02 7.4662571569e-03 1.0238413296e-01 6.7445920069e-02 -7.5537232795e-02 -8.5705435202e-03 -9.3599096976e-02
1.5030070835e-02 -6.3796393956e-02 -3.2881593164e-02 -3.7375864258e-02 -9.1541594130e-03 -4.7324895291e-02 -7.6037571833e-03 1.7265880396e-01 -1.1959587145e-01 1.1934452642e-02 2.0435011186e-02
-3.7383961439e-01 4.0857365801e-01 4.4317998595e-01 -2.3281957631e-02 -5.1198946308e-01 4.3543674544e-01 3.4184883856e-01 1.1722989001e-01 -4.4200861386e-01 4.8123883162e-01 3.6958289047e-01
