-9.2870117903e-03 -1.6701514512e-01 1.8719748819e-01 1.6441611693e-01 1.5008280206e-01 -1.5144366193e-01 -1.7757668389e-01 3.9614062624e-02 -1.3430813233e-01 5.7692276320e-02 -1.3329379307e-01 2.8544198308e-02
1.1758776951e-01 -8.0173190540e-02 -2.6455920776e-01 -2.4711370400e-01 -1.9126389839e-01 -2.0385336090e-01 -1.9691615575e-01 -6.2019397157e-02 -2.1430170113e-01 3.6207689140e-02 -2.8836341963e-01 1.7997174840e-01
2.5570773827e-02 1.0033582638e-01 -3.1465539190e-01 -2.0014948484e-01 -2.6005707272e-01 9.2367599952e-02 6.8746475252e-02 -1.2400686945e-01 8.6782366520e-02 -1.8706944922e-01 1.3984805061e-01 -2.4055304915e-01
-1.5542673173e-01 -1.5366400626e-01 2.6742699457e-01 2.3533540097e-01 2.8109994207e-01 -1.5552220315e-01 -1.2803682038e-01 8.9363119417e-02 -7.7344143936e-02 -1.0508026247e-01 -5.3400139375e-02 -2.4426642276e-01
1.1762364524e-01 9.5698148038e-02 -1.6941968832e-01 -1.7043868785e-01 -1.5031728302e-01 -1.6460320521e-02 -3.0364620583e-02 -3.2147064953e-01 -1.1013856093e-01 -3.0578350454e-01 -2.3473251883e-02 -4.5491745286e-01
-8.5329853775e-02 3.2122584603e-02 2.0614608379e-01 2.2250477770e-01 1.9663911919e-01 2.0962013822e-01 1.5920310394e-01 7.1535289352e-02 2.6437136380e-01 -2.3288847422e-02 2.8515931755e-01 -1.4949379803e-01
-1.3416894537e-01 -1.4185274360e-01 3.6340282999e-01 3.3904515932e-01 3.8227064806e-01 -1.1525052620e-01 -1.4555394027e-01 1.6665691133e-01 -1.3597583542e-01 1.5166641948e-01 -1.3635801278e-01 1.6438248995e-01
6.5982603094e-02 -1.4997893980e-02 8.6634892425e-02 9.6994798336e-02 6.8665214149e-02 -1.6086926392e-01 -1.9275065037e-01 -9.1858809181e-02 -3.5425721464e-01 2.4236790330e-02 -2.6029978005e-01 5.8189232275e-02
-5.4618521633e-01 1.0094202896e-01 2.7977627062e-01 2.0087012537e-01 3.1991490484e-01 1.7413732466e-01 1.2519275988e-01 1.2740454375e-02 1.9278692037e-01 -6.4346090160e-01 2.8696920269e-01 -9.3587470033e-01
7.9450123265e-03 2.0560813813e-01 -1.6279129380e-01 -1.8083042577e-01 -2.2805490264e-01 2.8388017890e-01 3.3666109230e-01 -2.7799267662e-02 3.1178928836e-01 -5.8259646787e-02 2.7440844605e-01 -1.6237779733e-02
1.6081219406e-02 2.6250333146e-02 7.0491017255e-02 8.5119920614e-02 7.7093198063e-03 3.9588269663e-02 5.6278212765e-02 -6.1319143662e-02 6.7508942645e-02 7.7983334258e-03 8.9308377599e-02 -1.0501948263e-01
2.7489903960e-03 -2.2454286578e-01 2.2088683554e-01 2.1778108985e-01 1.9592183237e-01 -3.1662677128e-01 -3.0430776100e-01 -1.0922969485e-02 -2.7379115076e-01 1.3008622319e-02 -2.5476938394e-01 -3.9457129673e-02
