2.3397304130e-01 -1.4724410933e-01 1.4290150207e-01 -1.0139533903e-01 7.3647784187e-02 2.2660171373e-01 -1.1346863513e-01 1.6667397188e-01 -1.4486497402e-01 -2.0759901660e-01 1.8031123575e-01
2.0981316966e-02 -1.0211442418e-02 3.9595091676e-03 -4.2109055335e-02 6.1824525445e-02 4.7449400907e-02 -1.5503104862e-01 1.1421616106e-01 3.7083760666e-02 8.5795489182e-03 1.1486838442e-01
4.2082024422e-02 -1.4812775667e-01 1.0134151594e-01 -1.8174688055e-01 1.1347621564e-01 1.3600536472e-01 -1.2703191294e-02 -1.0056951787e-01 -8.3832722347e-02 3.0339127108e-02 7.6605649232e-02
2.8268861655e-01 -2.0623944270e-01 -5.8123754785e-02 -2.6575993214e-01 2.8257490907e-01 1.9407057155e-01 -1.9089345277e-01 2.6450915650e-01 -3.3883562901e-01 -2.1145028596e-01 2.8108181525e-01
8.1684155773e-02 3.0917129039e-02 -1.0213226798e-01 -6.9582477167e-03 1.0293580185e-01 7.0133633940e-02 -2.9543725227e-02 -1.7617798896e-02 -5.9113396247e-02 -2.5214660652e-02 -3.8093701865e-02
-1.1518141870e-01 7.5877578794e-02 -1.6000875672e-01 1.6937945031e-01 -6.1130381605e-02 -5.5787398354e-02 2.3153310879e-02 -2.0917711140e-01 6.8057965289e-02 1.0963128757e-01 -1.0345929249e-01
1.1410716691e-02 -3.2711996826e-02 -6.6425830617e-03 -1.5033067212e-02 1.3864446837e-02 2.6386583552e-02 6.3599535134e-04 -7.9670227402e-02 4.4206300784e-02 -2.9626958723e-02 3.4174053349e-02
6.8634317813e-02 -1.0141845388e-01 -3.8826296535e-03 -2.6004762901e-02 1.2007968604e-01 1.0628441969e-01 -4.1559385579e-03 6.3143824017e-02 1.1025724916e-02 -4.7123240893e-02 2.4263703151e-02
4.5808817524e-02 3.1066673660e-02 -1.0088201579e-02 -7.4447560256e-02 2.0892811417e-02 1.1017771588e-01 -5.2642553867e-02 -2.0773804316e-02 4.3296290491e-02 -7.0551576223e-03 3.0205172972e-02
-1.5457020738e-01 2.5755105533e-01 8.1806034185e-03 1.5648431497e-01 -1.4054818834e-01 -1.6082011887e-01 1.6123469032e-01 -8.4178977931e-02 2.3482615097e-01 1.2047845819e-01 -1.4890372639e-01
-1.2046386854e-01 -7.1999496168e-02 2.6916239042e-02 -1.1729990670e-01 -1.3120826674e-01 3.9534765735e-02 8.0542318970e-02 -2.5184227906e-02 -1.7702803864e-02 4.5958650547e-02 -3.1025327810e-02
