-2.0944795556e-01 -7.1958586750e-02 3.2616674070e-01 -6.0558331793e-02 4.3301457010e-01 -1.6317389501e-01 -2.6395795807e-01 4.1229775756e-01 3.4499522459e-01 -9.4182889426e-02 3.0479324477e-01 2.1121302496e-01
9.3193305948e-02 -8.9925028838e-02 1.4687830335e-01 -6.0758408479e-02 -4.4066274098e-02 -2.3257825380e-01 8.7606919572e-02 -1.5792637249e-01 -9.6372761318e-02 1.3274955788e-01 -9.9125356859e-02 6.7289023469e-03
-8.9506556571e-02 1.2199975420e-01 2.5189156029e-01 -3.9070140453e-01 3.2631969405e-01 -3.8212588549e-01 -1.9838784866e-01 5.2688267129e-01 2.9820184039e-01 6.2471245814e-01 2.1909983660e-01 7.7675956036e-02
1.0601332334e-01 -4.2322807539e-02 9.9829091030e-02 -1.5725174567e-01 -4.3819211299e-02 -2.3929317675e-01 7.4899124185e-02 -1.3386089562e-01 -1.0349334370e-01 -2.2949702201e-02 -9.3765610467e-02 -4.0965512677e-03
-1.5273948421e-01 -1.8040289876e-01 -4.9314172519e-02 -2.3356304012e-02 2.3740460833e-02 2.8885342431e-01 -1.3942595611e-01 1.0971547505e-01 1.4133602942e-01 5.3684676872e-01 1.4481149836e-01 1.1932794497e-01
1.1574332855e-01 5.2928714559e-01 -5.7679910755e-01 -1.4342539662e-01 1.2940968793e-02 -3.0728562013e-01 1.0458091610e-01 -8.0752284332e-02 -8.1655760716e-02 -1.3357622474e-01 -6.4288916714e-02 -1.9546604536e-01
-6.5083112949e-02 1.3855947112e-01 -2.2670098149e-01 1.3751953166e-01 6.3701942511e-02 5.9011717052e-02 -6.8755234653e-02 1.7661060308e-01 1.1992779753e-01 2.3898448795e-01 1.4327475722e-01 -8.9131639494e-02
4.0375860537e-02 -2.0342792657e-01 1.4787443978e-01 -2.4695181564e-02 -7.1923624255e-03 -1.6931471458e-01 3.6865462471e-02 -6.9642236336e-02 -5.5996736539e-02 3.3534524698e-01 -6.5402958833e-02 5.3940592916e-02
-6.1775213725e-02 -1.4033791682e-01 -2.4006133696e-01 -3.2275623621e-02 -1.4030946328e-01 2.3126734881e-01 -1.4038830842e-02 -1.3446890807e-01 -2.4258166691e-02 3.2509739396e-01 3.4460589923e-02 1.5126109424e-02
1.1995512229e-01 3.2696076604e-01 -5.5544125961e-01 -2.4629696143e-02 -3.9992340761e-02 -2.6357204170e-01 9.8188866652e-02 -8.4013653334e-02 -8.7776266105e-02 -1.3153773574e-01 -1.3518233695e-01 -1.6497601155e-01
1.3973046589e-01 1.4657548822e-01 2.0186520470e-02 -4.4542521887e-02 -1.5391856626e-02 -2.7442476594e-01 1.3049596236e-01 -1.2051787894e-01 -1.1787997334e-01 -4.1869927553e-01 -1.3820674540e-01 -1.2743241161e-01
-3.7247600217e-02 2.4291703834e-01 -3.2575198508e-01 1.1906911003e-01 1.5390269404e-01 6.3889853149e-06 -4.6633261775e-02 3.3939951084e-01 1.5317778077e-01 2.5077999859e-01 1.2710464167e-01 -1.4759892559e-01
