5.9093086196e-02 -4.5554334486e-02 2.8279577135e-03 -1.1524168740e-01 9.4764806674e-02 1.2185842831e-01 -1.1266104229e-01 6.0924985140e-02 -9.9961287839e-02 -5.6617355818e-02 1.2332704602e-01
-2.1894333833e-02 4.5148083883e-02 -7.0822455056e-02 3.5022788260e-02 -1.9510184290e-02 2.2619094519e-03 4.4925982497e-02 -9.6467106243e-02 9.4245206275e-02 2.6641422633e-02 -7.5024033542e-02
-9.7337180826e-02 4.0940461944e-02 -7.7866469098e-03 9.9074332531e-02 -2.2381882841e-02 2.0163119580e-02 7.3706459066e-02 -3.0614820702e-02 2.5295476065e-02 8.1590618473e-02 1.8274023589e-02
8.0055448806e-02 -1.6106211832e-02 -6.3037272799e-02 1.3950982521e-02 8.1353138481e-02 5.7343414788e-03 -6.7050076776e-02 7.1551889575e-02 -1.2719137580e-02 4.7646756993e-02 5.7348581866e-02
-6.4810719066e-02 8.1641452394e-02 -1.0971663390e-01 2.9493498995e-02 -5.8678694766e-02 -1.0763203365e-01 8.4064022449e-02 -9.9730257428e-02 1.1668078370e-01 3.5869851097e-02 -7.0026898425e-02
-1.1675564888e-01 5.7809823507e-02 -2.8575683704e-02 8.4855032617e-02 -2.1540939585e-02 -4.0283566490e-02 5.5650963387e-02 -2.2784382598e-02 5.2493805947e-02 1.6367345704e-01 -2.8358129986e-02
9.6305755758e-02 -3.1831257953e-02 5.3435012005e-02 -7.4496676422e-02 5.7700994675e-02 4.3696676496e-02 -6.7440109553e-02 8.4200602299e-02 -7.0959799569e-02 -3.1628113243e-02 2.5825538617e-02
1.4186602891e-01 -1.6149907110e-01 1.5836794556e-01 -1.3382367571e-01 6.3311628740e-02 1.4105249832e-01 -6.0783313855e-02 2.0581324422e-01 -1.1010009839e-01 -1.7302720923e-01 8.4202757618e-02
3.5399990095e-02 -3.1463707147e-02 3.2934993745e-02 -1.7717373104e-02 5.8685805880e-02 8.1997128607e-04 3.6986048334e-03 2.4349072006e-02 6.4966006839e-03 -4.4501230357e-02 -2.1721103147e-02
1.4479031723e-02 5.7787038265e-02 -3.1007492726e-02 4.6754521143e-02 -4.3770469865e-02 7.0277241267e-04 5.2401162647e-02 -4.2640256192e-02 1.0783529782e-01 -1.0904238570e-01 -5.8301757629e-02
1.6583881176e-01 -1.0742739458e-01 1.9716572291e-01 -1.6644342555e-01 1.7488552867e-01 8.7454075207e-02 -1.6067580609e-01 1.5280266589e-01 -1.3531161094e-01 -1.3925289356e-01 1.4117986663e-01
