4.9127572715e-01 2.8694962961e-01 5.9874882361e-02 -1.1559095966e-01 -1.1872376420e-01 6.5522983320e-02 -2.1840595946e-01 -9.8693261123e-02 -1.0046070341e-01 6.0361072503e-02 -3.5121033442e-01 9.1064060378e-02
-8.8706751991e-02 -1.8547742160e-01 -2.6967052490e-01 2.7066833244e-01 2.6327737729e-01 -2.4586269176e-01 6.9201768687e-02 1.3886991379e-01 2.8435483311e-01 -2.5844294699e-01 2.1545258788e-01 -2.3193183464e-01
1.0036090571e-01 -3.9070708665e-01 2.8636048770e-01 -2.2944837247e-01 6.6006833821e-02 -3.4067102194e-02 -1.4141952560e-01 5.0588610651e-01 -1.3311296181e-02 8.9338467915e-02 4.6502800806e-02 7.3490661449e-02
7.9298019225e-02 2.0710409817e-01 2.4663658184e-01 -2.3348559823e-01 -2.2703285907e-01 2.1626699283e-01 -2.6483223209e-03 -1.4308436772e-01 -2.1172322810e-01 2.5068314467e-01 -1.7173357295e-01 2.2294039012e-01
-2.9380649955e-01 5.8652498788e-02 2.2959307819e-01 -6.5252652795e-02 -1.1781608143e-01 1.8826881007e-01 3.4108426128e-01 -1.1580336687e-01 -1.1706589553e-01 1.8638411550e-01 -6.3175441403e-02 1.0099682596e-01
2.2512241960e-01 2.6847731293e-01 -9.2224102827e-02 4.1945118155e-02 -1.6157279810e-01 5.8892221149e-02 -1.6463755782e-01 -2.6548231847e-01 -3.2798422372e-02 -3.0059620007e-02 -2.0809038380e-01 7.9991185855e-02
-3.5860410615e-01 -3.1502364941e-01 -1.2989830600e-01 1.4222600781e-01 2.0272446553e-01 -1.3000461597e-01 1.9211433545e-01 1.3798940638e-01 1.1536400546e-01 -8.0748406121e-02 2.9103869890e-01 -1.5782883740e-01
-5.4080399666e-01 -1.2460646065e-01 -6.5567461490e-02 9.7857146553e-02 8.6384943337e-02 -3.9919911659e-02 2.1650301922e-01 2.0383322036e-02 6.9294614025e-02 -6.2174006260e-02 4.1404222252e-01 -3.2316873951e-02
-7.1900860547e-02 1.7905325647e-01 2.8452329050e-01 -1.2880182801e-01 -8.8559960614e-02 1.8616272620e-01 2.7424116344e-01 -2.0054962328e-01 -1.3833527740e-01 1.8798294058e-01 -1.5360010423e-01 1.7650016283e-01
3.3705434036e-01 -1.2242154964e-01 -8.7846654852e-02 2.1634935256e-02 6.7953006569e-02 -9.0874698566e-02 -3.0916290251e-01 1.7466260624e-01 4.8288380772e-02 -6.0250985823e-02 4.0476748837e-02 -7.3916225238e-02
2.5378785464e-01 -1.0967445902e-01 -2.6460050228e-02 -4.5269527238e-02 3.6676422334e-03 7.1219985856e-03 -2.3589478790e-01 1.8149068889e-01 9.7407818899e-02 -3.4880699024e-02 6.0720651288e-02 -8.9896723361e-02
-1.1319951569e+00 -1.7271342617e-01 5.9236844561e-02 1.7286109811e-03 5.4997089600e-02 1.9749581632e-02 3.4795585567e-01 1.6831014168e-01 -2.1368048298e-02 4.1149519007e-02 6.7256498343e-01 2.9782560462e-03
