-7.9300121043e-02 2.5763566900e-02 1.3413661194e-02 2.2247130550e-02 -2.1266190149e-02 1.5897667519e-01 -1.2309164771e-01 -1.9386934682e-02 3.7698839043e-02 -1.2636821931e-01 -2.2691098228e-02
6.8239299926e-02 2.1401131138e-02 -1.2456307236e-01 -2.1089661538e-02 -9.5021937318e-03 -1.4436895124e-01 1.3946610992e-01 -1.1326785929e-02 -5.2050363057e-02 -4.0276199029e-02 4.9272531457e-02
-1.7425876298e-01 1.1422095181e-01 1.8977427198e-01 -4.1884239238e-02 1.0294303241e-01 2.2038583625e-01 -1.9864361427e-01 -1.2884127026e-01 1.5049019181e-01 1.8623161333e-01 -1.5727603942e-01
-1.6071593560e-02 2.8032909142e-02 1.4404935724e-01 6.6073837790e-02 4.2529446426e-02 7.4041269869e-02 -1.0680859721e-01 -1.6473231208e-02 8.7406044800e-02 -2.8535032169e-03 -1.2240842637e-02
-3.5263183916e-03 8.6981401647e-02 9.9436712288e-02 -7.8377512928e-02 1.7633864146e-02 8.4252290915e-02 1.0808968966e-01 5.1621695470e-02 1.5514015501e-02 2.7681626247e-02 -4.9179564987e-02
8.0439102493e-02 -7.2269293980e-02 -5.4477799554e-02 -5.0160764372e-02 -1.5706104125e-01 -4.0828367840e-02 4.2429642858e-02 2.1156492245e-01 -2.9220367165e-02 -2.0389831373e-01 8.8788968724e-02
8.6615724130e-02 -1.6826579989e-03 -1.6101360568e-01 2.8200881929e-02 -1.8414619738e-02 -1.0421427767e-01 1.8878960381e-01 5.0645219367e-03 -1.1058215208e-01 9.4759866026e-02 3.7894223652e-02
-1.3867407502e-01 -2.4807938610e-02 1.0726390625e-01 -4.0944812768e-03 8.0331939403e-02 7.7148074282e-02 -7.9693681632e-02 -7.0003276435e-02 5.2788388678e-02 4.4302176391e-02 -7.7351662178e-02
2.0887337956e-01 -1.2626579050e-01 -9.7377828380e-02 4.6598274485e-02 -1.5004100498e-01 -1.0873301309e-01 1.7413068109e-01 1.5473315654e-01 -1.2483019821e-01 -1.7074793474e-02 1.3331493025e-01
1.2161635447e-01 -1.0244915152e-01 8.3775159729e-03 1.1113354792e-01 -1.8627055093e-01 -9.9447570290e-02 9.4032755831e-02 1.4177271256e-01 -1.2040144072e-01 -3.3714896446e-01 1.4500582672e-01
-9.3765215026e-02 8.6386570146e-02 1.8776238432e-02 1.8594184752e-02 -4.0446827864e-03 7.5644330239e-02 -1.2413932423e-01 -5.3988019211e-02 8.4538193702e-02 -1.6300750405e-01 -3.2229967899e-02
