-5.7523176695e-02 -1.0758260780e-02 -5.0455238922e-02 -6.4617053713e-02 -1.6045847644e-03 -1.8511917299e-02 1.6087719876e-02 -6.5562433894e-03 1.0672346289e-01 2.2787457705e-02 1.6672175355e-01
-2.2822891529e-01 -3.1106474810e-01 -2.7858977918e-01 -3.3058374472e-01 2.9138258074e-01 -2.8049293250e-01 2.6535425841e-01 3.9483979533e-01 2.2194836911e-01 -4.1617653318e-01 3.1141621581e-01
-4.9491343108e-01 -4.3236433061e-01 -4.8633216472e-01 -3.6991388015e-01 5.3806151389e-01 -4.6659265983e-01 4.2034110842e-01 4.1790694093e-01 4.6867351863e-01 -4.4482895661e-01 4.9813281983e-01
2.6278464591e-01 2.7372872431e-01 1.4838740991e-01 2.5223730482e-01 -2.5973198942e-01 3.3887358633e-01 -3.1201943927e-01 -2.5245182251e-01 -2.6802372178e-01 2.0039695994e-01 -2.0745193185e-01
6.9538590250e-02 2.1461702747e-01 2.0608917170e-01 1.5728474882e-01 -6.7383103512e-02 1.1749882246e-01 -1.9749677052e-01 -1.8827605553e-01 -4.2955941482e-02 1.3853070917e-01 -6.3736067990e-02
5.5737498863e-02 -1.4216398022e-01 -1.3030350205e-01 6.3239103677e-02 -1.4874952617e-01 -3.5586624236e-02 8.4293880745e-02 6.6719543761e-02 -1.0367765728e-02 -8.2295127731e-02 -7.3616775608e-02
1.1060185562e-01 7.6318760396e-02 6.1655140160e-03 4.2800096414e-02 -1.5601534409e-01 1.6642591437e-01 -3.8003672513e-02 -3.0105753976e-02 -1.5852177179e-01 4.3726583357e-02 -8.0690417658e-02
-1.4550404836e-01 -1.1573209788e-01 -2.3022953707e-01 -2.0545203377e-01 1.7644173921e-01 -2.3086170210e-01 2.1021178823e-01 1.3088436722e-01 1.2342781788e-01 -7.5371718351e-02 1.4794292129e-01
1.9180818934e-02 2.4333437189e-01 1.6982231259e-01 1.3423693550e-01 -7.6541397815e-03 -2.3960151350e-02 -9.4088748041e-02 -1.7183805312e-01 3.0191925610e-02 1.3513871385e-01 -2.5464032362e-04
-3.7785804692e-01 -4.2468190461e-01 -3.9322828420e-01 -3.6364009693e-01 2.0423760846e-01 -3.4930605101e-01 3.7509345827e-01 3.9752756809e-01 2.9376322973e-01 -3.6454868403e-01 3.3692499933e-01
-2.0693237933e-01 1.1885755147e-01 -8.3337378443e-02 -5.6130419322e-02 3.3258226843e-01 3.7439205869e-02 3.8545884063e-02 -1.0612625143e-01 1.6926672336e-01 -1.5014063226e-01 1.9162315295e-01
