3.6784297993e-01 -2.2237198855e-02 2.4229527711e-01 -5.4261134007e-01 -3.0808959635e-01 -3.2521650195e-01 5.4231096630e-01 3.6805873548e-01 4.5174344292e-01 5.3577376123e-01 -2.8755286781e-01
-3.5497108531e-01 2.3907994955e-01 -1.2889973587e-01 -1.7826346980e-01 7.7731539644e-02 6.2829486568e-02 1.7758298970e-01 -2.0026133628e-02 1.9197854278e-01 1.7740919657e-01 9.2645402906e-02
2.8445238683e-01 -5.2489826675e-04 4.0340728837e-01 -4.8062667965e-01 -2.8302625133e-01 -2.9581499367e-01 4.8066529232e-01 3.5706217225e-01 2.9849313725e-01 4.7119980730e-01 -2.6531340997e-01
-2.1298764476e-01 1.4151720157e-01 -7.4881983405e-01 -1.1601744057e-01 1.2113901740e-01 1.4068694461e-01 1.1648144183e-01 3.6989138320e-03 5.0934254878e-01 1.3390230733e-01 1.0550289358e-01
-3.8630509631e-01 2.2099835449e-02 3.3939572249e-01 1.3289056736e-01 -3.3987542468e-02 -5.8443743933e-02 -1.3317529150e-01 1.2330143228e-01 -2.1110144831e-01 -1.5272941365e-01 -1.2924557389e-02
-3.6885130300e-01 1.6149118270e-01 1.8552075383e-02 -9.0316201746e-02 6.9814646484e-02 5.2793864219e-02 8.8560977397e-02 -4.1061467266e-02 9.1999416204e-02 7.9066116038e-02 8.3915000363e-02
2.5446507257e-01 -1.7623120906e-01 5.4096070305e-01 1.2503409673e-01 -1.3204911020e-01 -1.4045570621e-01 -1.2539192389e-01 -2.2982867467e-04 -4.7798066279e-01 -1.4322519861e-01 -1.2502631826e-01
3.4046393123e-01 -2.4558551686e-01 2.1020791980e-01 1.7280799002e-01 -8.4970644424e-02 -7.2037112312e-02 -1.7298409259e-01 -6.1534200766e-03 -2.1329513662e-01 -1.7840167779e-01 -1.0123248235e-01
2.2862671642e-01 -6.5215021362e-02 -2.8576182208e-01 -9.8377329954e-03 -1.3439501235e-02 -1.4712797872e-02 9.1534455693e-03 -6.5680648887e-02 1.0228504671e-01 7.9221816493e-03 -1.1784118382e-02
-3.3235351606e-01 2.3916342442e-01 -2.0461425810e-01 -1.6788137078e-01 9.5853614117e-02 8.3397195833e-02 1.6742473843e-01 -1.7292613978e-02 2.6525834864e-01 1.7557032292e-01 1.0862027380e-01
3.6262013977e-01 -1.5287958725e-01 6.5587734003e-02 1.6348108375e-01 -4.8413093797e-02 -3.1000351660e-02 -1.6297050336e-01 -1.5028877875e-04 -1.0994647949e-01 -1.5106362642e-01 -6.5621200567e-02
