-1.9626560016e-01 -1.8175296881e-01 -1.0029717439e-01 1.0295065392e-01 4.2552164654e-01 -2.8361018556e-01 -4.1280549449e-01 8.2931001055e-01 -2.7400454316e-01 5.9416849295e-01 -3.1345840995e-01 -2.1673879969e-01
-3.3008095058e-02 3.0208778778e-01 -1.0690236525e-01 -2.1732589865e-01 -4.2124823749e-01 7.7223783734e-01 5.5939226093e-01 -1.0744623265e+00 1.1951179949e-01 -2.9288912492e-02 1.6831047611e-01 4.6984903868e-01
1.7676332246e-01 5.0267205424e-01 6.3293700074e-02 2.1012750356e-01 -1.3175035918e-01 2.6525482459e-01 7.3540686128e-02 -2.6394905260e-01 -1.5173380367e-01 -4.8772939526e-02 -2.2339416517e-01 2.3394041918e-01
-1.0900144694e-01 -1.0631074478e-01 -3.5740393217e-02 7.7646447440e-02 8.1539516504e-01 -5.3417962382e-02 8.0365266833e-01 -1.8957678826e-01 -5.1270887941e-01 -3.1751108853e-01 3.3014106209e-03 3.0136924914e-01
-5.1496512443e-02 -8.1153282927e-01 -2.3214273990e-01 -4.8105412904e-01 -4.8667122045e-01 1.9984521636e-01 1.9704231265e-01 2.1898047575e-01 5.6393643157e-02 -4.9264099276e-01 -8.1112219739e-02 8.8848299475e-01
3.0133861914e-01 -6.0783769246e-02 2.3840701413e-01 -1.6169742076e-01 1.2534877137e-01 -2.5114652459e+00 3.4877804126e-02 8.4439141394e-02 1.6231152074e-01 6.9835183412e-04 -4.1511753016e-01 -9.0738724474e-01
-1.2937905172e-01 5.4037301691e-01 -3.4280848975e-01 -4.3352814575e-01 1.8192704427e-01 1.4484136360e-01 5.1708840245e-01 -2.3413123963e-01 4.2573804571e-02 6.5191509121e-01 1.0903918654e+00 -1.8226670229e-02
-1.7536224804e-01 1.1323298213e+00 2.2739450883e-01 -1.2158041983e-01 -2.9284243975e-01 -3.1602299064e-02 1.6476669443e+00 3.7248589858e-01 -1.4149920602e-01 7.2504452676e-01 1.2319279201e+00 -1.9600275330e+00
4.8888189829e-01 -5.2367472901e-01 -1.5571101921e-02 -9.6500740481e-02 -2.6028193228e-01 4.8845234937e-01 -6.0457260003e-01 3.6937397744e-01 -3.1317140757e-01 6.8249478453e-02 1.5070450235e-01 -4.4087849504e-01
-2.8961421096e-01 -1.0034137965e-01 -1.5057210197e-01 -2.7384300142e-01 -3.8280743300e-01 -1.0233843745e+00 7.5765238337e-01 7.9385477508e-01 -4.4364553582e-01 5.8060540546e-01 1.4071098329e-02 -3.4486081121e-01
8.7656369569e-01 -8.7922626279e-02 -1.8660512704e-01 4.6480202263e-02 5.9190272333e-01 -1.1196751731e+00 -4.9505494753e-01 4.8207946502e-01 2.2267121057e-01 4.3446131300e-01 4.4261163915e-01 3.0226145994e-01
-1.3352669529e+00 -7.9567301625e-01 2.1339135608e-01 -4.0680825771e-01 7.8280158243e-01 2.7020031976e-01 -2.6519534848e-01 -8.9034658352e-02 3.1522149765e-02 -1.0194148877e+00 -2.2190657035e+00 -4.6201000360e-01
