1.2227021945e+00
2.7478072142e-01
-8.7731306834e-01
-4.4096908801e-01
-3.5361301164e-01
1.2203976740e-01
-6.6631090450e-01
-8.4977628566e-01
3.9424168049e-01
-2.2806512429e-01
-5.4195478663e-01
8.3477625184e-01
5.1222698759e-01
-2.1647823408e+00
7.5617519739e-01
7.1566946954e-02
2.5856969829e-01
-4.7686938938e-01
-4.8447007905e-01
7.6369640847e-01
-1.0239388651e+00
-1.2175709148e+00
-2.3917368573e+00
-8.6881099312e-01
4.5801418728e-01
-4.7189485334e-01
-1.1729538218e+00
-3.3647284445e-01
8.5422662908e-02
-1.0476703642e+00
-2.8352391310e-01
-2.0599491132e-01
1.3614758049e+00
-1.1596037306e+00
3.9894020277e-01
3.9414929429e-01
1.3712035216e+00
-1.0186545829e+00
1.8465338750e+00
-5.4808498501e-01
7.8806686352e-01
-5.0952754831e-01
-5.9740150837e-01
-9.3737279646e-01
-7.8532799743e-01
-7.7228171575e-01
-2.2815990787e+00
-1.2354470125e+00
-1.6147071642e+00
-2.4121091116e-01
9.7855605772e-01
-7.3269490767e-01
-2.8140226119e-01
4.5752943358e-01
8.4675374374e-01
1.2832535238e+00
-5.1254086784e-02
