-1.1547667460e+00
4.0136770208e-03
-1.4280833996e-01
4.9731068500e-01
1.7212924718e+00
-6.4865517669e-01
-6.2545784566e-01
2.9459458030e-01
1.3297464809e+00
8.6902166460e-01
-6.8100929233e-01
1.8984462400e+00
-1.2944675429e+00
-2.5475718910e-01
2.7023452214e-01
1.2279361108e+00
5.5027177441e-01
-1.4449169752e+00
-5.4498514392e-01
-1.3388548437e-01
2.0886696295e+00
-3.4663282537e-02
-8.2892637391e-01
-1.0626025530e+00
3.8823902050e-01
-2.0346881594e+00
9.4169512716e-01
-3.1909589279e-03
-1.9673595222e+00
-4.6177530903e-01
-4.2577419618e-01
2.0074168684e-01
6.7341901350e-01
7.6888511724e-01
-3.3634390540e-02
-1.5719501003e-01
9.7650364059e-01
9.2680070478e-01
-5.2313688177e-01
-7.9425975755e-01
-3.6388946849e-01
-3.9255902331e-01
-1.1044725497e+00
4.8945819297e-02
9.3854101284e-01
-9.1278549856e-01
-1.1826772250e+00
4.4436101969e-01
-1.3710542569e+00
3.7954928836e-01
-7.6735124393e-02
7.7676685041e-01
-1.9779981626e-02
1.0865285854e+00
1.2676390853e+00
2.2673014210e-02
3.8660440942e-01
-2.1668885601e+00
1.2233856341e+00
-9.1741177461e-01
5.0224110645e-01
9.1152147371e-01
-2.8405211549e-01
7.0003972972e-02
7.9842818166e-01
-8.4230273314e-01
-2.0948839721e+00
-6.9880176746e-02
-2.4286026249e+00
-4.7959574928e-01
4.5582483716e-01
8.9292829739e-01
-7.1708893139e-01
-1.2238487925e+00
2.2507578663e-01
-2.6031055370e+00
-1.2535445834e+00
2.7843288463e-01
6.7415603844e-01
-1.4345729340e+00
2.7231426146e-01
-1.4501870359e+00
-3.6790745622e-01
1.5978735999e+00
-1.1888543313e+00
1.3452824126e+00
5.6100449446e-01
-1.0724948902e-01
-3.0020153047e+00
-1.2320698903e+00
-1.7253070589e+00
-1.3470812876e-01
2.2838969960e-01
1.4423991339e+00
4.4495183956e-01
1.0065066407e+00
4.7034264101e-02
1.9540748688e+00
-2.5407630546e+00
-9.4737389491e-01
9.6047633478e-01
-8.9955978678e-01
6.3026375994e-01
7.6379584050e-01
5.5460669606e-01
1.7895987738e+00
1.2746680067e+00
-3.3244865208e-02
9.9818922015e-01
-7.2553170682e-02
7.8076563916e-01
1.6447946670e-01
-3.1085450988e+00
-7.0469650548e-01
7.4820758899e-02
-4.3851239995e-01
-1.7693689471e+00
5.2194029473e-01
5.2828889635e-01
-3.9754835869e-01
-2.0619663562e+00
1.4316180244e+00
1.1631069970e+00
-4.9484655090e-01
5.9016318027e-01
1.1112705760e+00
-1.1996814902e+00
1.6914154302e-01
-1.3379440149e+00
1.1531790290e+00
-1.6709006772e-01
-1.4036746150e-01
3.4120748184e-01
-1.4637782096e-01
1.7490166960e-01
1.2751125797e-01
6.6613705714e-01
4.7178000509e-01
1.5422980162e-01
2.2912986022e-01
-1.3411917773e+00
1.9812988454e-01
-6.4984449184e-01
-9.7704436577e-01
-5.9394337129e-01
2.8210796815e-01
