-9.4121882471e-01 -3.9654883489e-01 -1.0574377093e+00 -3.7125103936e-01 3.6750469601e-01 6.6673059346e-01 -1.6972368372e-01 -2.4230813815e-01 -2.5904720236e-01 5.9882913288e-01 6.5939001691e-01 5.0439800568e-01
-9.7059232862e-02 -5.4706469140e-01 -2.1575263894e-01 3.7058618667e-01 -2.7085351246e-01 -4.4480298352e-02 1.6281784206e-01 -1.9718626760e-01 -1.2763320353e-01 2.7074902157e-01 -3.7055690548e-02 -1.0476306022e-01
-1.2822584938e-01 -3.4274323835e-01 5.4662902833e-02 -6.0115210742e-01 1.0768229375e-01 1.9329053466e-01 5.2436543740e-01 2.2358083889e-01 2.2537004058e-01 -2.8842018224e-01 1.8746754970e-01 -2.1612739641e-01
-1.6077412952e-01 7.9493036308e-03 -1.0915703465e-01 3.3877392009e-02 -9.8360538058e-02 -1.3363765755e-02 9.8602011001e-02 5.9787303500e-04 -7.1056952496e-02 -4.2789946131e-02 -1.4025038269e-02 -1.1499845207e-01
-2.9507198699e-01 1.7714473967e-01 7.7428526871e-02 1.9815435999e-01 -1.2725172512e-01 -1.2932744985e-01 3.7828906769e-01 -1.6754946979e-01 1.3916945028e-01 2.5846033031e-01 -1.2788501156e-01 -1.0826441292e+00
2.6550719161e-01 -5.3500317900e-01 -2.2892262802e-01 -5.3332921765e-02 -3.8859554883e-01 -1.0262084388e-02 1.4243973138e-01 2.4540338786e-01 3.8971797846e-01 -2.8945744302e-01 -9.4943799889e-03 1.7800590934e+00
-1.6747054332e-01 -1.4409105872e-01 1.7832914354e-01 -7.2507371408e-01 1.9592780665e-01 5.6505093153e-01 1.3704065312e+00 7.8255606873e-02 2.9494328990e-01 -9.3650490690e-02 5.5789435886e-01 -4.3828992412e-01
-3.7211158283e-01 7.2469886815e-01 -4.4132498022e-01 -3.3486273837e-01 3.3504989467e-01 -1.0446448631e-01 6.9548906402e-01 2.0455885325e-01 3.0263994507e-01 -1.8373114956e-01 -1.0384932190e-01 6.7828700285e-01
-1.8111384383e-01 6.2285643121e-02 5.5320885343e-02 4.7135477916e-01 -2.9538374751e-01 -4.6315930707e-01 8.4832976352e-01 2.0094816135e-01 6.2793203138e-02 -1.3534549880e-01 -4.5025778616e-01 -6.7721840319e-01
3.6784381764e-01 -1.9108802336e-01 2.4388915822e-01 -3.5627877764e-01 8.8899990400e-02 2.8362102917e-01 -1.7121187278e-01 4.4276763887e-02 3.3427759962e-02 -1.6880725462e-01 2.8528157133e-01 2.2788781214e-01
