-3.4258224793e-01 -5.5337605613e-01 -7.2089245819e-01 -3.5312840617e-01 7.1452929109e-01 7.3821057431e-01 -7.7461064443e-01 -2.0350599535e-01 -1.0785297881e+00 4.2675078566e-01 9.3962807833e-01 -2.3486459991e-01
-7.0999698845e-01 -1.2269013555e-01 -1.3472746263e-01 9.6674853120e-01 4.8729787653e-02 -6.9155804766e-02 -1.3983706269e-01 1.4591787641e-01 9.5430509609e-03 -2.6402662626e-01 2.8853980389e-02 4.0370979459e-01
-5.6576489771e-01 4.8567406894e-01 -1.5645799059e-01 -5.8896289455e-01 4.2777118514e-01 1.0786060274e-01 -1.8729777634e-01 1.7090179485e-01 2.7296417368e-01 -4.7797259569e-01 3.8920102190e-01 -8.0309015371e-01
-4.2458204115e-02 1.5979087767e-01 -8.9983027022e-02 3.4300903197e-02 -6.6448514851e-02 6.8435024047e-02 -9.4511068615e-02 1.6462279685e-01 4.5470509852e-02 -7.0114703223e-02 7.1959401035e-02 3.4275404016e-01
6.7464502832e-02 -1.5482076466e-01 -2.9849014018e-01 1.6130850995e-01 -1.9688509058e-01 1.3297110720e-01 -3.8013312714e-01 3.8056807278e-02 3.1368054120e-01 -8.5496465774e-01 -3.0779151049e-01 2.2993448563e-01
-9.6093004819e-01 3.9465356141e-01 3.4276705583e-01 4.0384681609e-01 1.4042344252e+00 -2.3774465162e-01 4.3521999558e-01 7.2503447839e-01 -3.9351598622e-01 1.3107569065e+00 1.2464775361e-01 3.2432654509e-01
-3.6560766609e-01 4.2342890364e-01 -2.1596454418e-01 -3.8533952223e-01 1.8224549764e-01 2.9062388724e-01 -8.2968203506e-02 5.7803269271e-01 2.5701528176e-01 -4.5319078101e-01 6.5996163359e-01 -4.9842098944e-01
8.5613148321e-01 -2.1146010305e-01 -4.1718788918e-01 -5.5672156431e-01 1.0955874198e+00 5.9470992506e-02 -3.2639842634e-01 6.2109296696e-01 -2.8915270866e-01 2.7450829452e-01 -3.4705728042e-01 -7.3394802319e-01
2.9548297778e-01 2.6540489579e-02 -2.4571721174e-01 1.4269879730e-01 1.7636815592e-01 -6.5160876365e-01 -2.6808008401e-01 2.5059993449e-01 4.7346596073e-01 -5.7235679144e-01 -6.0977966819e-01 3.8499851232e-01
-2.6810714474e-01 3.6030166516e-02 3.0871481819e-01 2.9334491920e-02 -1.2923854611e-01 -4.9931455838e-02 2.9337180965e-01 1.3922838170e-01 5.5485699137e-02 4.2517202616e-01 4.7658894341e-01 -1.5219534339e-01
