-3.4607642295e-01 1.4101817358e-01 4.0215595538e-04 -2.6159716595e-01 6.6862169556e-02 -9.7346771187e-02 -3.8414719140e-01 -4.5873738455e-02 -5.2605421559e-01 -2.8952942192e-01 1.9683401034e-02 1.3252700618e-03 -6.6311653446e-01 -7.7969905267e-02
2.2055213047e-03 -7.9170319361e-02 1.2983668837e-01 2.1605817750e-01 3.7643656051e-02 5.3347540588e-02 -4.3158348319e-02 -2.9018601886e-01 -1.6354798780e-01 -1.8642267977e-01 3.4160627899e-01 -1.2610124526e-01 8.6110272036e-02 -1.4307280674e-01
-3.8055229762e-01 -1.8873772266e-01 -1.7308048637e-01 -1.0688730308e-01 4.0061683634e-02 -2.4900738750e-01 -6.7636238139e-02 1.1472586993e-01 1.3165926088e-01 -1.8842907238e-01 -1.0848208873e-01 1.0160935569e-01 -4.4400478171e-02 -3.3662201258e-01
1.3152270326e-01 -1.1108433951e-01 2.4886993482e-01 5.9387173881e-04 2.2322782365e-01 1.4488867242e-01 4.2359219324e-02 3.9074307333e-01 -1.8985302235e-01 1.0177341366e-01 3.0143459748e-01 -9.8798597073e-02 1.4605328335e-03 2.9202042357e-02
1.7758847908e-01 -2.5155647403e-01 -2.7885320045e-01 -2.7600059465e-02 3.2463018096e-01 6.0956848514e-01 2.8315494003e-01 9.7148720325e-03 5.6220884860e-02 2.9550558450e-02 5.0366014367e-02 -2.8833294912e-02 -1.2905456930e-01 2.5250342555e-01
-4.5830490954e-02 1.9504947274e-01 6.9688375622e-01 2.8495128140e-01 1.8401411343e-01 1.1012764981e-02 -4.9135898618e-02 -1.4921911449e-01 -2.6323827363e-01 1.1703816306e-01 2.3362633014e-01 -1.6393055730e-01 -7.2543730158e-02 -3.8751243442e-01
-2.7321662546e-01 7.7133493797e-02 -1.1660922643e-01 -3.1440329822e-01 7.4732258412e-01 -1.0015911377e-01 3.3855630718e-01 7.7348528900e-02 -2.8524741759e-02 -1.0299862211e-01 1.0860826356e-01 4.4326142984e-01 -1.3027930716e-01 -1.1868241063e-01
1.4324726487e-02 3.0252395622e-01 2.0536454420e-01 1.6631530948e-01 4.0587378302e-01 4.5729195745e-02 -8.5359292742e-02 -3.4218924322e-01 -3.8581488528e-01 -1.4745984033e-01 -1.9737015789e-01 -9.5567532545e-02 -2.2101632943e-01 3.2345427471e-01
2.8382218100e-01 -6.8876785301e-02 -2.2313251165e-01 -1.9795322552e-01 3.8126567621e-01 -4.1346159126e-01 2.5061879317e-01 -2.6836886922e-01 5.4498636769e-03 9.5941847610e-02 2.2758256200e-01 -1.5206707167e-01 1.7571503299e-02 7.1403180234e-02
-1.1109380676e-01 -4.4204684561e-02 1.9089012553e-01 1.2712129820e-01 -2.9880265049e-01 8.8452314694e-02 -2.0267633733e-01 2.2668985425e-01 6.8436504613e-02 1.9666167583e-01 2.1893719413e-03 1.6220326631e-01 1.7445231611e-01 -2.6187074424e-02
