4.4841128236e-03 1.4959009938e-01 1.6147037799e-01 1.4076701661e-01 5.7535202016e-02 -1.4381459512e-01 -2.8217833486e-01 -1.9388549221e-03 6.8391869615e-03 -1.7297125864e-01 -2.5452485516e-02 -1.3700703241e-01
2.0091039288e-01 1.4902563359e-01 1.0328600478e-01 2.1890647013e-02 2.1097640202e-01 -1.9810522830e-01 -5.5836736165e-01 3.3061189520e-04 2.0988186751e-01 -2.2910207299e-01 -1.1339483476e+00 -1.6589043518e+00
-9.2133924260e-01 -7.0946501494e-01 -4.7078568871e-01 -9.6205967144e-01 -8.4413140724e-01 1.2060469481e-01 2.2872204418e-01 -1.2013368576e-05 -9.0208340768e-01 1.4767841472e-02 2.8444130800e-01 -2.7794626780e-01
1.7996886635e-01 2.0822631391e-01 2.0541404192e-01 3.0611040360e-01 1.2680066314e-01 -1.3427983702e-01 -2.3208759611e-01 -1.0987153163e-02 1.7927454536e-01 -7.1358958984e-02 1.3575046799e-01 7.4740494944e-02
2.3412545665e-01 1.9627640215e-01 4.1679862952e-01 5.4574722549e-01 2.7169208869e-01 -3.1928824274e-01 -1.8531879049e-01 -1.4145166369e-03 2.2892050432e-01 -2.5825726747e-01 9.7307777061e-02 -1.9904224428e-01
4.4941832363e-01 3.8917288444e-01 3.5532008296e-01 2.7275259439e-01 5.4013181504e-01 -1.3241283051e+00 -4.1098190000e-01 5.9983726052e-05 4.6716246878e-01 -5.2189977370e-01 -3.2879724273e-01 -1.1716292691e-01
2.6059547087e-01 2.5100466955e-01 2.9235553270e-01 3.7448583723e-01 2.4135199921e-01 -1.9748180154e-01 -2.4596734587e-01 4.2759737664e-03 2.5178902237e-01 -1.7190644662e-01 1.9645379207e-02 -9.1272906865e-02
3.4138905868e-01 2.6626156742e-01 1.5654925248e-01 1.3988079311e-01 1.5477385988e-01 -1.2983894185e-01 -1.5174919727e-01 4.2652382310e-03 3.4112881863e-01 -1.4503670946e-01 -9.6498676376e-01 7.0629570980e-02
-1.8293737391e+00 -2.2080501548e+00 9.2588498627e-02 -5.2955963930e-02 5.7631360047e-02 -1.3702694812e-01 -1.3030074504e-01 -2.9168401175e-03 -1.7978664664e+00 -1.8210476129e-01 -1.0340541093e-01 -1.6761612013e-01
5.3221536559e-05 -4.0078446370e-03 -2.4774217397e-03 1.0109123105e-03 -5.2051825216e-03 -1.8104316487e-04 -4.4215199072e-03 3.6652753740e-03 2.8017846802e-03 2.1311219536e-04 -2.7533757036e-03 2.8771777980e-03
2.2194784219e-01 1.3888896240e-01 2.3248775494e-01 7.2384483510e-01 2.4514330730e-01 2.6290377942e-02 -1.1321752114e-01 9.0408549791e-04 2.1659861274e-01 3.8372947904e-02 3.0110031515e-01 -9.7395352444e-01
1.9825394020e-01 1.6837752998e-01 1.1305254924e-01 8.2433243174e-02 1.9266606318e-01 -1.7095760510e+00 -1.2789933176e-01 1.6877369452e-03 2.0981288940e-01 -2.3690415411e-01 -2.3659928034e+00 -4.2549216289e-02
