-2.9365597319e-01 2.4703190717e-01 4.0023531799e-01 -3.7080718451e-01 3.5333499554e-01 -4.9919223210e-02 -1.9780620638e-01 -1.3761409234e-02 -2.3764912874e-01 5.1122556805e-01 1.3936943627e-01 -1.1675617118e-01 6.0531872715e-01 5.1805212521e-01
6.7991177164e-02 5.7593850258e-03 -1.0673181165e-01 -2.0932001724e-01 -8.1017979476e-02 1.8763241971e-01 4.9992549332e-02 -2.6203225644e-02 4.9202077921e-02 2.1786393989e-01 5.8431616080e-02 -5.9404678034e-03 -2.7855839212e-01 -5.2809666201e-02
2.1150166613e-01 4.1761148340e-02 3.4325425082e-01 2.3336761531e-01 2.1506571312e-03 -1.3522742048e-01 -1.6482105818e-01 -2.7661658778e-01 -2.7511211986e-01 7.0725704428e-02 3.8956484694e-01 -4.7124816512e-01 -4.1983425502e-01 -1.3631212005e-01
1.1339376557e-01 2.3441749995e-02 8.3770033450e-02 -8.8058706565e-02 -5.4369593374e-02 -6.1934523631e-02 2.6994467073e-01 -2.8830308910e-01 -6.8329370678e-02 -3.4378619125e-02 2.2501269197e-01 1.0708979087e-01 -1.5968781930e-01 -6.7493739707e-02
-3.2396487991e-01 -9.1474745137e-02 -1.8512379680e-01 2.5523719642e-01 -9.8908770786e-02 -2.4614271728e-02 -1.4104215439e-01 -3.6059050379e-01 2.7980160255e-01 2.5836798709e-02 3.5730583834e-01 1.7245624053e-01 -6.1109685469e-01 1.4578137091e-01
1.7313467462e-01 7.0096021964e-01 -2.2587939340e-01 -2.1574370239e-01 6.7977494501e-01 -4.8662314971e-02 1.9354130299e-01 -3.3143333700e-02 -1.0645387477e-01 -1.1924687763e-01 -1.9607519631e-01 -4.9776790410e-02 8.3312902104e-01 1.4899705981e-01
1.3033989540e-02 -1.1262250649e-01 4.2701871923e-01 3.2233164140e-01 -3.3042866413e-02 -9.3113779850e-02 -2.2320755763e-01 -8.5231251131e-01 -2.9780313747e-01 2.7975076737e-01 6.7583781460e-01 -2.5156091427e-01 -6.7586533208e-01 -6.1561989905e-02
-2.5890377508e-01 5.3898104585e-01 4.3557084142e-02 -2.2158698631e-01 5.9639710046e-01 -1.3562235843e-01 -1.0181405184e-01 -4.0402541617e-01 2.2319243320e-01 -1.9208781705e-01 2.6341847221e-01 1.3487551169e-02 4.5543321161e-01 2.1758137849e-01
-2.3752798677e-01 2.0036844510e-02 -3.4940878836e-01 3.3937454319e-01 1.0305617634e-01 1.8718644414e-01 7.4552896718e-02 -6.5818240773e-01 3.3512288671e-01 -4.1178817410e-01 5.3167075108e-01 1.8358895518e-01 -4.1498315389e-01 4.7875708596e-02
3.5022123791e-01 7.6296283443e-04 2.8845001771e-01 -1.0025097900e-01 -1.4888539491e-01 -1.5801139839e-01 -1.7460911419e-01 -2.9472089388e-02 -2.8037588015e-01 1.1688916470e-06 -1.0496377012e-01 -1.3100683485e-01 -7.4920880469e-02 -1.6270358943e-01
