-1.5822310420e-01 1.4435058634e-01 -1.0533229013e-01 1.3995478102e-01 -1.1794854716e-01 -6.7368608235e-02 -8.9963754726e-02 3.0965624749e-01 -1.2612607150e-01 2.7245346053e-01 1.8977947036e-01 -1.8203568735e-01 -4.0888398413e-01 2.1409560409e-01
-5.1017921543e-03 2.3349909716e-01 6.4285126378e-03 -8.6870315023e-02 5.3682129514e-01 -1.1140672665e-01 6.0030509473e-01 -5.6840615353e-03 -3.7059642884e-02 -1.6222468569e-01 -5.4131777033e-03 -6.0126206534e-02 7.5511747959e-02 1.3167218923e-01
6.9077801625e-02 1.4862808424e-01 2.0596594525e-01 -2.4158058041e-01 -4.4444555825e-01 -6.1629596229e-02 -4.6279197501e-01 -6.1781869499e-03 -2.7184262234e-01 2.1004293426e-01 2.9748507206e-01 -1.1915885092e-01 1.3247494663e-01 7.5071298296e-02
-2.0941844610e-02 -7.5887766825e-02 1.9768427838e-01 -1.4938124981e-01 -6.5826276403e-02 -2.8924144066e-02 -2.8325623456e-02 5.8886497488e-02 1.7816919545e-01 6.9683012531e-02 -1.2917782096e-01 7.1238338171e-02 9.2883781906e-03 6.3371634343e-03
2.6761154492e-01 5.0633714874e-02 2.7865282603e-01 2.3826206736e-01 8.0346609398e-02 1.5843356983e-01 6.5246693310e-02 1.3249838935e-01 2.0145318984e-01 -3.3824729215e-01 -1.4300665348e-01 -9.9810341850e-03 1.8095289439e-01 9.0749709219e-02
-2.0204207969e-01 1.8780032446e-01 -1.1169560670e-04 -2.9209282013e-01 2.7495862586e-01 7.5962245822e-02 2.4255122869e-01 -1.5686666248e-03 4.5155594006e-02 -2.0343430997e-01 -2.9700964463e-01 -4.9982922684e-02 -7.0012771322e-01 9.0402923035e-03
2.9791272556e-01 1.3102561992e-01 6.0460081625e-01 -2.3494411641e-01 -7.9553378749e-02 -2.3082305696e-02 -5.0097386210e-02 2.0747446944e-01 -2.3685503488e-01 2.3425550425e-01 3.0890721230e-01 -3.0196392445e-01 1.3453257550e-01 1.6594177403e-01
-1.5989551184e-01 -3.6498761107e-01 1.6737370695e-01 3.2924135937e-01 -3.7642850299e-01 1.7464667481e-01 -4.4426439753e-01 1.8086308810e-01 1.1429723822e-01 -1.7780412341e-01 1.4781740016e-01 4.5324032656e-02 -3.4628133115e-01 -2.0233983067e-01
1.5509480957e-01 -4.5298894078e-02 4.7302756696e-01 3.2031475678e-01 2.7576344937e-01 1.2288618805e-01 1.8979684828e-01 1.3843950145e-01 5.3861716881e-02 -2.5576569239e-01 -2.8727104863e-01 4.1475559906e-01 7.7714815157e-03 -1.6354989772e-01
-2.1353021655e-02 7.2865499028e-02 -1.1237708033e-01 -3.1886299146e-01 -2.6780402562e-02 6.4965898405e-02 -8.4443659929e-02 -1.5101119771e-01 -2.0705093156e-03 5.3323535712e-02 5.0717500261e-02 -2.0976523482e-02 3.9117977945e-02 5.7147311131e-02
