-1.4665728885e+00 1.2778488128e+00 -1.2742968385e+00 -3.0073595002e+00 1.9259257273e+00 3.2300118106e-01 -7.5439223606e-01 -4.2596539022e-01 2.7023157718e+00 -4.1969143782e-01 1.0724236345e+00 -9.1377509278e-01
1.6155361821e+00 9.2257300221e-02 8.0752502307e-01 3.8425626441e-01 -6.7214811511e-02 -5.7140700910e-01 8.4116305069e-01 -1.2056229263e+00 -6.3939362780e-01 -5.2529263762e-01 -1.0623475771e+00 -9.2169168298e-02
-7.7281369810e-01 2.9611289074e-02 -8.2685690307e-01 1.4683052699e+00 -7.0787667072e-02 2.2759751175e+00 -2.6282995591e-01 -1.1983789810e-01 -8.8960192548e-01 -8.4228939582e-01 8.9545410262e-01 7.7997926513e-01
-1.4577977935e-02 -2.6966715875e-01 7.2310326497e-02 3.5980708574e-01 2.6691180910e-01 7.3040051543e-01 9.6253280066e-01 2.3656775353e-01 -3.1101739350e-01 2.5615359718e-01 -1.4348603207e-01 4.0985159556e-01
1.1699086223e+00 -8.4396956521e-01 -2.0759002017e+00 6.7634751341e-01 1.9229418269e-01 -9.8464965580e-01 5.4558913706e-01 5.9903370997e-01 8.1446381231e-01 9.6988215589e-01 5.0431869135e-01 7.7169028643e-01
9.7066082079e-01 1.6518610446e+00 1.0892061472e+00 2.2429708845e-01 -1.3109891446e+00 1.3222390384e+00 1.4992070544e+00 -2.9839285259e-01 -2.1303527034e+00 -2.4625858450e+00 -5.0742283461e-01 2.1232811308e+00
-1.2861512905e-01 -8.8378741069e-01 -3.2900938291e-01 1.3757693074e+00 7.1981413886e-01 7.6151548324e-02 7.8702546838e-03 -2.0707677013e-01 2.6951543140e-01 -2.2103826472e-01 8.8257104778e-01 -3.1984730601e-01
-1.8037788082e+00 8.8731595411e-01 -1.1805805182e+00 4.3103962650e-01 -1.2766856211e-01 -7.3766036537e-01 -7.7147494082e-01 9.2964600282e-01 1.9185134093e-01 -1.9171972379e+00 6.8035879474e-01 4.6503791111e-01
6.9076968542e-01 -9.9192544165e-02 -8.1111672203e-01 1.1582912554e+00 4.1634744918e-01 -8.2567874551e-01 -1.0857955143e+00 1.1118878468e+00 -3.0241736321e-01 5.4670821678e-02 -6.9369753429e-01 1.5597543515e-01
-7.5379962046e-01 9.6633803439e-02 1.0777442494e+00 -4.9794867427e-02 -7.5605339157e-01 8.5404675244e-01 4.9052510231e-01 -5.1166214587e-02 6.1955692051e-01 2.7595527224e-01 8.0307806477e-01 7.1862100951e-01
