7.8007565115e-01 2.1242955317e-01 2.4931904713e-01 2.8868869218e-01 -8.1331563136e-02 -5.7678169533e-01 -4.0238504269e-01 4.2101817465e-01 4.6558609105e-01 -2.8297258882e-01 -3.1225299147e-01 -4.5097932081e-01 -4.4291022008e-02 -3.0481629322e-01
-3.2291052998e-01 1.2352891037e+00 -1.3992331700e-01 3.8942382614e-01 -2.8540874977e-01 -9.7297976081e-02 -5.2390756678e-01 4.4438543203e-01 -3.8026680831e-01 1.3821833623e-01 2.9320269937e-01 4.5811025836e-01 -2.3386429456e-01 -7.5162024783e-01
-2.0024155994e-01 3.7683170101e-01 -3.2050264007e-01 -1.0448749585e-01 5.8629093920e-01 8.0475874355e-02 1.0629760870e-01 -4.9546556104e-01 -3.7272709461e-01 -2.8578769220e-01 4.2332850367e-01 5.9126398987e-01 -9.8824945137e-02 1.1484433592e-01
6.5109866232e-01 4.2724715043e-01 7.1337021508e-01 -1.0062076631e+00 5.0137455797e-01 -5.2580274861e-01 -2.9305329886e-01 -5.0370488912e-01 1.9636707267e-01 1.0406355414e-01 -2.4073325018e-01 -1.8303609356e-01 -2.5048454960e-01 -2.3871105644e-01
4.0099376323e-01 -7.5210829457e-01 3.4261105298e-01 4.8214096358e-03 -1.0653252485e-01 -4.4392767980e-01 1.5336097824e-01 -1.7019736678e-01 -1.8852331440e-01 -6.2904136481e-01 -6.2566519943e-01 -5.5791363133e-01 1.0621946170e-01 6.6643184644e-01
3.8441793370e-01 -5.0420172856e-01 6.9953305898e-01 -5.0527722705e-02 -6.4644678103e-01 -4.4430132800e-01 3.6828615573e-01 3.3457266076e-01 1.6100833292e-02 5.8736450253e-02 -1.7680674631e-01 -1.7396564463e-01 4.7098428930e-01 4.6382433931e-01
-1.7199309244e-01 -1.5684545252e-01 3.3958021194e-01 -5.0868018608e-01 5.8002330473e-01 -5.0694501300e-01 1.2066015722e-01 -6.3574549503e-01 -9.0551720134e-02 -3.7539320854e-01 -1.6028684151e-01 3.5214084272e-01 -1.9952050575e-01 -6.6910228447e-01
-2.6431178594e-01 8.6143710448e-02 -1.8673319612e-01 2.1869956881e-01 4.1336359482e-02 3.2040688306e-01 -4.8110867445e-01 8.3456745266e-02 3.7489282341e-01 1.0615262966e-01 5.3403943394e-01 2.0286961894e-01 -3.2830746609e-01 -5.6768605922e-01
2.1505679490e-01 -6.9967798914e-02 1.4195107427e-01 1.2762151493e-01 3.1656702395e-01 -3.2305984065e-01 3.6445405856e-01 -1.9476187162e-01 -5.3172829010e-02 -5.1478151016e-01 -2.2362903983e-01 1.4012047103e-02 6.4483726436e-01 1.9709465826e-01
-1.2244594780e-01 5.1782025512e-01 -3.4870715537e-02 2.7974335130e-01 -3.4845709115e-01 -1.6558727377e-02 -9.4618111638e-02 -1.9488050043e-01 -5.5057587849e-01 -5.4901436794e-02 2.6449559952e-01 5.0364608503e-01 -6.7180395237e-01 -4.3519047292e-01
-3.8453413447e-01 1.0145816922e-01 -3.0481306307e-02 -3.0007392839e-01 -3.1874165529e-01 3.9609521865e-01 1.5274612961e-01 6.3031056592e-01 1.2017834595e-01 6.2850104522e-01 1.6260897208e-02 5.0234381076e-01 -3.2416038701e-01 -2.0945804326e-01
-1.7102852732e-01 -6.2792824241e-02 -2.2875672470e-01 1.1776245170e-01 -2.2164027280e-01 2.7018867830e-01 6.2300843074e-02 3.6474233194e-01 -6.6730815163e-04 5.0038622643e-01 3.4572921177e-02 1.7077836963e-01 -6.2320283131e-01 1.0363117116e-02
-2.4017191914e-01 2.9497368894e-01 -2.5536452894e-01 3.7967495205e-03 2.7900150992e-01 2.4833507354e-01 -2.3009825749e-02 1.1868505009e-01 9.0292655725e-04 7.7814319348e-02 1.5077782614e-01 1.4030767529e-01 -6.1581973240e-01 -4.6743295232e-01
2.0461997742e-02 7.7848735112e-01 -5.3760481222e-02 -4.3129257403e-01 -8.0363225878e-02 -6.1447128831e-02 -2.7364215414e-01 -4.7086104263e-01 3.1881996902e-02 3.0562204131e-01 -7.6382780207e-02 -7.8943076285e-01 -2.1492777079e-01 -2.3941713762e-01
