1.9534891234e-01 -6.6150968121e-02 -2.7639279067e-01 -3.0107027663e-01 -6.2733966456e-02 -1.1489897767e-01 1.7934639571e-01 -3.5667997200e-01 -3.2790171430e-02 2.4465861829e-01 3.6730971211e-01 -1.2443780829e-01 -2.3562826445e-01 -2.2514189914e-01
-6.6922053330e-02 -5.6515528237e-02 1.0224104982e-01 -1.3773444482e-01 -2.6590332495e-01 -2.7675850557e-01 -1.8463581750e-02 -9.8519725780e-02 -2.2444566439e-01 -9.8929611388e-03 -2.3763460389e-01 -3.1664909307e-01 -2.0755972481e-01 5.3880375441e-01
1.4406721746e-01 -1.1121236454e-02 2.0691310838e-01 -2.9360364349e-02 -3.5208160116e-01 -6.9913844276e-02 1.3782125589e-01 1.2511931434e-01 -1.7361597663e-01 -1.7322340000e-02 2.2824460053e-01 -3.2503996941e-01 1.1477359808e-01 -5.2927889577e-01
-2.5792096981e-02 2.5933474502e-02 2.2925351136e-01 -1.6994620857e-01 8.4018760795e-02 -3.7280865009e-02 -1.9390042706e-01 4.7949663597e-02 4.5240147823e-02 -4.2828738599e-02 8.6285836762e-02 2.3108274966e-01 -2.0461281076e-02 2.1575780631e-02
-1.6142821767e-01 -2.2478769984e-01 2.8391853548e-01 -7.3716267186e-02 3.2389796358e-01 -9.8346233737e-02 -1.0158286365e-01 1.1643415730e-01 -1.4205194228e-01 -4.0631162753e-01 -2.1136140966e-01 -8.8109667391e-02 -7.8122526712e-02 1.7286918854e-01
-1.2463902684e-01 2.5603866440e-01 1.9644012814e-01 -3.4040662307e-01 -3.8254847610e-01 1.5912270253e-01 -1.5749925481e-01 -1.7016062357e-01 -2.8171825040e-01 8.2706717597e-01 -1.3092396730e-01 9.8015576451e-02 -9.2484425919e-02 1.1245924127e-01
-1.0241873230e-01 -2.2993367161e-01 3.8041527181e-01 -1.0077521949e-01 4.6383083906e-02 -2.6397892367e-01 -2.3360986366e-03 2.2287961865e-01 -2.6082787325e-01 4.6765574674e-03 4.0764661910e-01 -3.3820188493e-01 3.2775399231e-02 -2.6116618390e-01
-9.8362571921e-02 -1.7871325319e-01 4.4883329857e-02 -2.6111237855e-01 3.0934746136e-01 -1.3252735210e-01 -1.1452306253e-01 -2.7052986691e-01 3.4338528392e-01 4.5922594747e-01 -1.9657144050e-01 -6.9236317256e-02 -2.4851293704e-01 -3.9399283614e-01
-2.4441278288e-01 -2.6877783746e-01 2.2385909489e-01 -4.3614852444e-02 -1.4345058703e-01 -1.5037942196e-01 -6.8560936841e-02 3.4687997870e-01 2.9190126038e-01 -1.5025746655e-01 -4.0424179836e-01 -6.9835131051e-02 1.9745636619e-02 2.0017630422e-01
-1.1672831578e-01 3.1182884969e-01 -6.0924819879e-02 3.3941599941e-02 -1.4503431401e-01 6.1884829400e-02 5.8912873525e-02 -9.5480098661e-02 -6.9646913338e-02 1.9432865407e-02 1.8955238990e-01 -1.1425457027e-01 1.4700066162e-01 -3.9403109490e-02
