1.0067247710e-01 2.1165623960e-01 1.7544026481e-01 -5.4728230256e-01 -1.3975824993e+00 5.5419590554e-01 3.6019114464e-01 8.8707870497e-02 -6.7414450562e-01 -1.1156227236e+00 -2.2958777425e-01 2.6652463820e-01 -9.5125119603e-02 -9.5097974337e-01
-7.9884736879e-02 4.8978420944e-02 -1.1159997245e+00 5.0951041095e-01 -5.0476561690e-01 3.2091329791e-01 3.8242235244e-01 -1.4812626947e-01 6.3898449988e-01 3.2887222699e-01 -2.6095341526e-01 3.0928719845e-01 -3.8434465083e-01 -1.2417564509e-01
1.3582999156e-01 -6.3204615947e-01 3.4277446788e-01 -4.9215024409e-01 2.4687346914e-01 1.9696642355e-01 -7.5093620815e-01 2.6429743562e-01 -1.4354824320e-01 2.6757532857e-01 1.7022211426e-01 -6.2387943915e-01 1.8363461666e-01 1.7443372249e-01
-4.4272603116e-01 -1.8497057703e-01 -9.1765561451e-01 -3.5815346944e-01 -3.1526173835e-01 -4.2693880183e-01 -9.5330557037e-01 -2.9895266189e-01 1.8184225005e-01 4.8202456370e-01 5.4214388715e-01 -5.4916380593e-01 3.7718252302e-01 5.8054094678e-01
9.5745918835e-01 3.6863018912e-01 -1.1110110783e-01 1.7700940715e+00 -1.9483774849e+00 3.5966586438e-01 1.6645438338e-01 1.4839706382e-01 -2.5854817825e+00 -1.7811281608e+00 -1.3860347215e+00 1.5608361412e+00 -1.2350567963e+00 -1.2080227147e+00
-5.1469856111e-01 2.4818457500e-01 1.3831647512e-01 -2.5387360179e-01 -1.7077157178e-01 -9.9619479578e-02 1.6275152494e-01 -9.2659217931e-02 -2.4538218878e-01 4.8766089052e-01 4.8809699573e-01 5.3880365934e-01 2.5471979608e-01 1.2227898859e-01
-2.0113851582e-01 1.2835882024e-01 -2.7025345622e-02 1.3926461361e-01 -4.4268434663e-01 4.1291252919e-01 -1.7630985994e-01 1.0710947664e-01 3.4621179644e-01 4.2639401515e-01 1.7195590105e-01 1.4051473284e-01 -9.0826143221e-02 -7.5226901793e-01
-1.3556079089e+00 -6.2537076810e-01 5.8339799195e-01 -2.9292291052e-01 -3.5683727024e-02 -6.8172217006e-01 -5.0099898407e-01 9.9196220053e-02 5.5145367381e-02 5.1383079531e-01 4.6141730358e-01 -6.4772834198e-01 5.5711861675e-01 7.0407630584e-01
-4.9139025945e-01 -6.3430012037e-02 -1.3231105263e+00 -2.6261121141e-01 3.8441346055e-01 -1.6323654962e-01 -6.5029888359e-01 -1.2914589373e-01 5.3116118073e-01 1.9893821784e-01 1.1017921929e-01 6.2478959737e-02 1.9553552705e-01 4.6071948153e-01
1.3715331505e+00 4.7433335651e-01 1.8005546407e-01 1.2322781915e+00 -4.8950561849e-01 1.0027137113e+00 7.3704869457e-01 -2.4251687903e-02 -5.3227751688e-01 -2.6735657655e-01 4.5244234487e-01 4.3379540732e-01 -3.9924668561e-01 -2.0211242415e-01
7.6473765786e-01 3.6732752651e-02 -6.8075963786e-01 6.2485872002e-01 -3.3353497044e-01 4.8023723371e-01 -3.2468794464e-02 2.0712047663e-01 -4.3003353139e-01 -3.6491180159e-01 -2.4691450919e-01 9.1907897943e-01 2.9884400068e-01 2.8440552691e-01
4.7059339308e-01 -7.3401024616e-02 -4.6237953176e-01 -7.2340868603e-01 1.4978694264e+00 5.2794942413e-01 2.4214090688e-01 -2.4559492495e-01 -3.8960994022e-01 -6.3887711707e-02 3.6647011166e-01 -8.2508297637e-01 2.8716786301e-01 3.6176809145e-01
4.7735603805e-01 4.6875232034e-01 -1.2664766716e+00 4.4794313039e-01 1.2556917530e-01 5.5996510925e-01 3.2306793993e-01 1.5523770949e-01 -1.4802468608e-01 -4.7581619006e-01 -4.3758149993e-01 8.9137303259e-01 1.6080084605e-01 -6.9630222917e-01
2.2861464697e-01 4.7661191150e-01 -1.6754868846e+00 1.7886203621e-01 1.4463866472e-01 3.1906696798e-01 2.1961223747e-01 -2.2838853003e-01 3.4634064557e-01 4.2587190799e-01 1.5116035385e-01 -2.4235099902e-01 5.9280461567e-01 5.2941095218e-02
