-1.9345363381e-02 1.8637174522e-01 -1.2479970599e-01 3.4404142124e-01 2.8158136157e-01 4.4624701249e-02 -2.8801552119e-01 1.9405265910e-01 -4.1484600572e-02 -5.2311453634e-01 -3.5898626750e-01 -2.8935925536e-02 -2.9713049048e-01 2.4758869788e-01
-1.1738482074e-01 1.9587637887e-02 -5.9069695858e-02 -1.6626590269e-01 2.2963992920e-02 3.0480170939e-02 -8.7658354739e-02 1.5432493280e-01 -6.0928872661e-02 6.3388099978e-02 2.8080071031e-01 -5.5394555053e-02 3.3937882368e-01 -4.7066189274e-02
2.7645572695e-02 -5.3621439102e-01 -1.8509982981e-01 -6.9567695049e-02 -2.2594992408e-01 -1.0537378486e-01 1.5251164110e-02 -5.3234199284e-01 -6.4725664101e-02 3.9757209503e-01 2.2334747923e-01 7.4735744907e-02 2.8939593985e-01 1.1944678122e-01
1.3079703452e-02 3.8549593126e-01 -1.3947274250e-01 -7.5115335879e-02 -1.7183736674e-01 -7.2332393559e-02 -1.5933821766e-01 -4.0857897284e-01 -4.1775261427e-02 1.8766356670e-01 1.2288959965e-01 6.2389497927e-02 1.8042653685e-01 -2.7153762766e-02
7.5942288255e-02 -2.1922250053e-01 1.3524932678e+00 -1.1847281553e+00 -1.0213056618e+00 4.3837769092e-02 -2.1832852290e-01 -9.1490671027e-01 -1.4822804933e-02 1.1556835345e+00 1.5126253963e+00 -7.5993438041e-02 1.3269284437e+00 1.7724800302e-01
2.4551327815e-02 6.8672457733e-02 -7.3793083346e-01 2.7551429627e-01 4.4929980919e-01 -4.2311849030e-02 -2.3665134112e-01 2.8600476843e-01 -1.8015984857e-02 -6.5220536593e-01 -3.9304260897e-01 8.0772882391e-03 -3.9949525023e-01 1.9964329114e-01
-2.5878455719e-05 -2.5958691276e-01 3.1902139416e-01 -2.4540381047e-02 -3.0964718817e-01 3.8142128391e-02 9.8102478552e-02 -3.9302199912e-01 -3.3977551942e-02 1.7829173745e-01 1.1084196603e-01 -1.5338589846e-02 1.8710053557e-01 1.6497960934e-01
1.9364608960e-02 1.4824456611e-01 3.4457488246e-02 -7.6355438446e-02 6.7444184263e-02 6.3774666741e-02 1.6300250234e-02 -2.0584889162e-03 -7.8267859347e-02 2.5956576716e-03 -1.7150514706e-01 -4.5596591285e-02 -1.9542225840e-01 2.4622309993e-01
-2.5801307486e-02 5.2378828479e-03 6.5729441476e-02 -4.5589025603e-01 -1.7288171323e-01 -6.4189228023e-02 2.1534924530e-01 -2.4971824445e-01 3.2779948526e-02 1.7093794002e-01 3.0567967352e-02 9.1079983614e-02 1.0694683583e-01 1.8207987245e-01
-2.7894786446e-02 1.1510466724e-01 3.6699076042e-02 -4.0805257304e-04 -1.6536022386e-01 -7.9578038327e-02 2.4073035961e-01 -8.0749817047e-02 -7.1316352977e-02 1.5430066909e-01 5.1608164200e-03 -1.7376591597e-01 2.4386316666e-01 1.3114866359e-01
-7.4106563997e-02 4.5848171508e-01 -6.4560977747e-03 2.7254666796e-01 1.7347475926e-01 5.1252327290e-02 -6.7918534973e-02 3.2213161374e-01 -3.9050842532e-02 -2.2275716993e-01 -6.5139090054e-02 2.2661990761e-02 -6.6035189277e-02 -1.4537024825e-02
-1.3540408793e-01 6.0337238187e-02 6.0127248972e-03 -8.5281654413e-03 1.2183263877e-01 -7.7618488294e-02 8.5428812276e-02 2.1022901603e-01 -6.2137099735e-02 -7.1514675151e-02 1.0571252097e-01 -1.0630374364e-01 6.4382278054e-02 2.2206785062e-01
1.8045491066e-03 -5.1260037422e-01 -9.3447009513e-02 -7.9250895409e-02 -3.0316766590e-01 -3.0267582434e-03 2.0751940240e-02 -4.3528288824e-01 -1.0121310754e-01 1.9793573517e-02 -4.7421191142e-03 -1.1913380941e-01 5.9860689274e-02 9.6199173974e-02
1.0185324921e-01 1.9719926423e-03 9.2607742300e-02 2.8608451644e-01 3.7230953454e-01 -2.7792506072e-02 1.8502359270e-01 2.0287673934e-01 4.7892952976e-02 -9.0692697574e-01 -5.4114459329e-01 1.0565917229e-02 -6.4717077004e-01 2.8635897094e-01
