-4.9747272578e-01 -4.9666633817e-01 6.7571304422e-01 6.7683372465e-01 -4.9974146334e-01 4.0580405137e-03 1.6646550263e-03 -6.4530214930e-03 -5.2781447178e-01 -4.4604152974e-01 6.3157440705e-01 -4.6206733983e-01
-3.4832746858e-01 -3.2178924420e-01 4.5335116659e-01 4.5882548436e-01 -3.5985498186e-01 -2.3619998495e-03 5.5755016972e-03 -3.6956013213e-03 -3.7398050363e-01 -2.5940840057e-01 4.5129783427e-01 -2.9549690370e-01
-1.2557100280e-01 -6.4813370466e-02 2.2549613786e-01 2.5898815758e-01 -1.4307245532e-01 1.8410584487e-03 1.0993269542e-03 4.0784493054e-03 -1.6485833162e-01 1.2221329367e-02 2.2975894365e-01 -3.2706651181e-02
-4.6156041142e-02 4.8277829721e-03 1.7034683562e-01 1.9481329629e-01 -7.1841530563e-02 -3.5453421851e-03 -2.6767450476e-03 -1.6990300646e-03 -7.8255271242e-02 8.0474558317e-02 1.5544428474e-01 3.7021091398e-02
-4.9370541723e-01 -4.6989596870e-01 7.0359156381e-01 7.0203280243e-01 -5.1571689339e-01 -5.1495975478e-03 2.1190619825e-03 -3.2024595002e-03 -5.2046807702e-01 -4.2854868428e-01 6.5130550196e-01 -4.3820508108e-01
2.6774986293e-01 3.0289123652e-01 -3.6287958906e-01 -3.2884971830e-01 2.5941810284e-01 3.0825279014e-03 -5.2915193205e-03 1.8727661129e-03 2.4878446233e-01 3.6096415271e-01 -2.4620236639e-01 3.0315632793e-01
2.6008457499e-01 2.5272699015e-01 -3.4182971042e-01 -2.9207828453e-01 2.6588896181e-01 -6.6988032309e-03 -2.1260944835e-03 4.1802577587e-04 2.5839544409e-01 2.2925134092e-01 -2.3735627520e-01 2.5002347331e-01
-3.9832460117e-03 -3.3675903555e-03 -8.8033244433e-04 -2.0708665202e-03 2.2483062723e-03 -4.8195630315e-03 7.5729926076e-04 1.8647713818e-03 3.6469512996e-03 1.2748216961e-03 1.7011379839e-03 3.8677673131e-03
-5.0797214925e-01 -5.1313405362e-01 6.7349995641e-01 6.7954354787e-01 -5.0430915324e-01 2.5014414548e-03 -2.8444800690e-03 -4.7476663345e-03 -5.2344640182e-01 -4.9050321254e-01 6.2927541944e-01 -4.9231555323e-01
7.2801813864e-02 1.0339348919e-01 -2.9202977465e-02 5.1820532974e-04 5.1183637258e-02 1.6794359012e-03 3.8633223163e-03 -7.7611083840e-03 5.5596652956e-02 1.6469051114e-01 -1.1389635717e-02 1.2475211573e-01
1.1018395935e+00 1.1165638445e+00 -1.1464800639e+00 -1.1357809092e+00 1.1010536567e+00 5.9905036053e-03 -5.0634470936e-03 -1.9014007350e-03 1.1069500712e+00 1.1468191768e+00 -1.0849680580e+00 1.1173127071e+00
5.9556105883e-01 5.8509293967e-01 -5.9727255637e-01 -5.7272034036e-01 5.9357449466e-01 3.2337258853e-03 -4.6819423198e-03 3.5908174194e-03 5.9548511370e-01 5.7289571714e-01 -5.7241089830e-01 5.9082194561e-01
