2.1887448306e-01 1.1217144877e-01 -9.5519336743e-02 1.5680993480e-02 -6.8424452348e-02 -1.4996957362e-01 -1.2976338600e-01 -1.2280459269e-01 -1.3291771029e-01 -1.2931033895e-01
-4.6658193104e-02 1.3012064386e-01 -1.2774572638e-01 2.9582007604e-01 -2.1112501606e-01 -6.7815187482e-02 -9.3713057934e-02 -9.1591420345e-02 -8.1717744129e-02 -7.1473101107e-02
9.6544003616e-01 5.0068210502e-02 -4.5751072793e-02 -2.2497803547e-01 9.9515796815e-02 -2.0239793942e-01 -1.3951317773e-01 -1.4087420306e-01 -1.9301692073e-01 -1.7440955476e-01
-7.0051375106e-02 2.1429653329e-01 -2.8033826197e-01 4.6381965787e-01 -3.1279473951e-01 -2.7601930298e-01 -2.0499742403e-01 -2.0712301124e-01 -1.9655587585e-01 -2.4149614324e-01
-1.4702280207e-01 2.1107943826e-01 -1.6128361871e-01 3.7641535236e-01 -3.2208677546e-01 -2.2915736928e-01 -1.4411659196e-01 -1.4292259410e-01 -1.4561140375e-01 -1.8886696180e-01
1.6852539931e-01 1.6038852921e-01 -1.8421471900e-01 2.0001536482e-01 -1.7732007211e-01 -9.9051788792e-02 -1.4218322537e-01 -1.5169957634e-01 -1.3463026067e-01 -1.0788326321e-01
-3.7327505217e-01 -6.0933630161e-02 9.5575974810e-02 1.5801515599e-01 -6.1049531556e-02 2.1738157312e-01 1.5025195426e-01 1.3799992660e-01 1.7093263511e-01 1.9051171156e-01
-2.8625418682e-01 -2.6198031990e-01 2.5195243878e-01 -2.9185668039e-01 2.6780589887e-01 1.2888701233e-01 2.4573395320e-01 2.5261485806e-01 2.3055731838e-01 1.7866466220e-01
2.2134379742e-01 1.6497579169e-01 -1.5986842932e-01 2.1436740664e-01 -1.7729710552e-01 -1.7211399246e-02 -1.5515117960e-01 -1.5254783609e-01 -1.3381915486e-01 -7.8038783842e-02
-1.0436296834e-01 -4.9986105463e-02 6.5076408044e-02 -1.1525135400e-01 7.1356806274e-02 -5.2917984633e-02 4.0304776418e-02 4.3809679596e-02 1.1118951322e-02 -1.0761119929e-02
