-1.1916560623e+00 3.3900834701e-01 -1.2697396738e+00 6.0344377626e-01 -1.1561483304e+00 6.4748440889e-01 8.7482210212e-01 7.8627786119e-01 -7.9866566189e-01 -5.5717296416e-01 6.9838122928e-01 -3.2744771588e-01
8.5034379954e-02 -1.1995165866e-01 8.2620474458e-01 -6.7105517359e-01 -4.8353301655e-01 -4.8495727944e-02 -3.2906442389e-01 7.2871972878e-01 7.4951770698e-01 4.7976737738e-01 -7.2888529933e-02 5.2212076653e-01
1.0909009124e-01 1.3151413230e+00 3.7025355641e-01 -8.0146977862e-01 1.7358251529e-01 -2.4836969052e-01 9.2042574394e-01 1.1354933786e-01 -6.3293329547e-01 -7.8908251531e-01 -5.4299020841e-02 7.2595965553e-01
-1.5529893939e-01 7.4120751968e-02 -1.8402110059e-01 3.2944384007e-02 -2.8411656076e-01 -2.6549727884e-01 -2.1479571532e-01 -7.5597353829e-02 -1.6839352196e-01 2.4540313619e-01 -3.4099897069e-02 -3.3624754852e-01
7.5906512609e-01 -6.6214634279e-01 1.0677556163e-01 -7.8454471471e-01 -6.8180530236e-01 -4.0356793085e-01 1.6735266952e-01 1.5531984828e-01 3.2638932374e-01 -1.8170647595e-02 -2.4623225364e-01 1.0576329953e+00
-1.1523649995e+00 1.0292040699e+00 1.3406283572e+00 1.6025241629e+00 8.4220951305e-01 7.4032857927e-01 -1.8205249491e-01 2.7024075770e-01 9.5476991518e-01 1.4567457093e-01 -1.2714704395e+00 -1.3901060003e+00
1.7893704869e-01 1.0525949293e+00 -3.7870458052e-01 -4.0810598044e-01 -1.4253120966e-01 -7.9511900619e-01 6.0742217285e-01 3.3773061485e-01 -4.3532042497e-02 -4.6006268855e-01 4.0804938218e-01 8.2004842984e-01
-1.1264061880e+00 -1.0085156437e-01 -6.6019193503e-01 1.0804010969e-01 5.6224850073e-01 3.5154398300e-01 1.5048696901e-01 -1.0364709825e+00 -8.4297202075e-01 -4.8886888897e-01 2.3579132148e-01 -2.8738192792e-01
-2.6263019135e-01 -5.1382137438e-01 4.7176607422e-01 -6.3615225182e-01 2.3963799765e-01 -8.8344058085e-01 -5.4114779935e-01 -7.4753933604e-01 -1.1350095341e-01 5.6720855157e-01 -1.4111767546e-01 6.9742172422e-01
4.1218170356e-01 6.6773664735e-01 -5.8621564425e-03 8.9663835624e-01 -3.6000314449e-02 -3.8228141509e-02 6.8576515362e-01 1.4188932577e-02 -8.8912310535e-01 -3.6759661967e-01 -2.6096780693e-01 2.9042998473e-01
