-2.2502200769e-01 9.1330171467e-02 5.2545431195e-01 -1.6374481978e-01 4.1532387449e-01 -3.2893414857e-01 4.7310782142e-01 -4.7233484345e-01 4.6874979099e-01 -2.8758153352e-01 5.3078730219e-01 -1.1688974009e-01
-3.0160811850e-01 -2.8328445471e-02 1.8601890115e-01 -3.5205467275e-03 2.4440364760e-01 1.6532050628e-01 1.3150758564e-01 -1.7518586141e-01 2.0388602550e-01 -1.7615026752e-01 2.0268743172e-01 -4.1336124487e-01
1.3392373743e-01 5.8277123854e-02 1.4132034375e-01 -8.5929913102e-02 1.2042720064e-01 -7.4815157349e-02 -2.0360001269e-03 1.4135918258e-02 -4.4342720745e-02 6.3284559294e-02 1.0129093078e-01 5.4314022297e-04
-2.4122815591e-01 -4.4517689816e-03 1.2510873849e-01 -1.1480439638e-01 2.2165166015e-01 2.7586959886e-01 3.1068127006e-01 -2.3306973820e-01 2.7196610104e-01 -8.4888794960e-01 3.0904520090e-01 2.6824155612e-01
4.6621232725e-01 5.7372418984e-02 -2.3832254499e-01 -2.4117476317e-02 -3.2413785226e-01 -3.6784867535e-01 -1.9094242879e-01 3.5275510657e-01 -3.3930660561e-01 3.5818781520e-01 -3.0804977316e-01 3.2242126762e-01
2.9973905000e-01 1.3894975307e-02 -6.8156184375e-01 -2.9674222252e-02 -4.5047906144e-01 -5.4277501603e-01 -7.0716109175e-01 3.7184231362e-01 -4.4040179465e-01 2.5543545432e-01 -4.4906496108e-01 -2.4679710704e-01
-9.9045260741e-02 5.6141500417e-02 1.8295155072e-01 -1.5729747878e-02 2.1613683616e-01 4.2603724019e-01 2.4519626220e-01 -2.6144768386e-01 5.0178143284e-01 -1.4065942711e-01 3.8370000663e-01 -2.3922951182e-01
6.8236331681e-02 -7.0391157161e-02 1.3082775129e-01 -4.3969006315e-02 2.7879105921e-02 2.6628509145e-01 -1.1532267753e-02 4.5365211026e-02 3.3191970911e-01 5.7785301559e-02 4.1909727155e-02 -4.1120387985e-02
-4.3824657915e-01 -7.6493639289e-02 5.6295293816e-02 2.2756462377e-02 1.4241770375e-01 2.0633606555e-01 7.1747656712e-02 -2.4878070615e-01 4.2389246305e-02 -8.2264952173e-01 1.5109280536e-01 -4.0634071448e-01
3.0733407781e-02 5.7407384391e-02 -8.7972246260e-02 -1.6251411626e-02 -1.0494850251e-01 -4.4121249218e-02 -9.8859090184e-02 2.7828461419e-01 -1.0394543070e-01 1.3071093881e-01 -3.5158315993e-01 8.9015831741e-03
5.2805353636e-02 -4.1016308822e-02 -4.9333802584e-01 3.4264513503e-02 -4.6787613101e-01 -2.8852933997e-01 -1.2145033126e-01 1.7830776751e-01 -3.1137852416e-01 3.0412597890e-01 -5.0919084839e-01 9.1277426828e-01
1.9343797973e-01 3.2220446640e-02 -5.5256643778e-01 -2.6157503123e-02 -1.0630168660e-01 -1.3775841944e-01 -3.0097522639e-01 1.6837459513e-01 -1.1878418606e-01 1.2766903130e-01 -6.9197372674e-01 -3.3314021331e-01
