4.2768585947e-02 1.1691899235e-01 -8.3665258484e-02 9.1403292758e-02 -1.5916132595e-01 -1.2315549904e-01 -7.7338410810e-02 -1.0148949005e-01 5.0438336877e-02 5.7993649468e-02 1.0627726720e-01
1.2318406714e-01 6.3621436301e-02 -1.6488771554e-01 -1.3545662053e-02 -2.3109487382e-01 -3.6949558398e-01 1.5692343533e-02 -1.4498993991e-02 7.9332470961e-02 1.2250034198e-01 3.5025157313e-02
-6.9923408733e-02 9.7166327488e-02 1.0765696820e-01 1.4143303997e-01 2.3428277756e-01 -2.2592688513e-01 -1.7253724633e-01 -1.3005720440e-01 3.6843635289e-01 -6.9239781700e-02 1.2496086983e-01
-3.3781883394e-01 -8.5988101207e-02 3.3472277043e-01 -4.3831933723e-02 3.6660008215e-01 5.7963331598e-02 1.6056647883e-02 5.8343328160e-02 -1.3016388663e-02 -2.6304730267e-01 -6.7871066011e-02
-3.4986832952e-01 -9.7473918633e-02 3.3660522659e-01 -4.8183502541e-02 3.5486760471e-01 1.3577357815e-01 1.8710757034e-02 6.5402021615e-02 -4.3760887715e-02 -2.6021097273e-01 -7.7255528848e-02
-3.3920550771e-03 2.0908070217e-01 1.4979774491e-02 2.4695456034e-01 2.3462541143e-02 -1.8929125993e-01 -1.7111960249e-01 -2.3805063449e-01 1.4365840594e-01 -2.0868737417e-03 2.2298644362e-01
6.5989373605e-03 -2.0157065034e-01 -1.5952972829e-02 -2.3604477273e-01 -2.0191329571e-02 1.9228165964e-01 1.6627736399e-01 2.2729984481e-01 -1.3810420296e-01 5.2986528391e-03 -2.1444760717e-01
-1.1159488903e-02 -1.5036022046e-01 3.4025512588e-02 -1.4364535591e-01 6.6830822340e-02 1.5810599007e-01 1.1205330544e-01 1.4790527247e-01 -8.4009209382e-02 -2.1363906719e-02 -1.4685783229e-01
-5.6107371883e-02 1.1288188288e-01 1.0004348925e-01 1.5550927281e-01 2.3464533559e-01 -1.9177003114e-01 -1.9586932841e-01 -1.4459434101e-01 3.9412151465e-01 -5.7761716636e-02 1.4176148572e-01
1.6251556667e-01 -7.5957878151e-03 -2.3220689742e-01 -1.4772060127e-02 -5.1722214723e-01 9.2161847747e-01 4.1937677339e-02 1.2457702703e-02 -1.3957747415e-01 5.1894717991e-02 -1.4816760728e-02
-5.4795845348e-02 1.3915932929e-01 9.9464494598e-03 1.3505268033e-01 -5.1498882618e-02 -2.1791850084e-01 -9.4198850445e-02 -1.3784682950e-01 7.8264449044e-02 -1.5583661322e-02 1.3572224902e-01
