9.7396367565e-02 4.7039439942e-01 1.1302841721e-01 -8.2108166914e-02 -9.7804308199e-02 -2.7824036907e-01 3.6649974900e-01 -3.7322585021e-01 3.9429931018e-01 1.4125432101e-01
1.8591694965e-01 -1.8544770556e-01 1.8646787717e-01 -1.9078036013e-01 1.9844996963e-01 1.7877500547e-01 -1.7277708406e-01 1.7229827307e-01 9.0759212277e-02 7.6716250017e-02
-7.5473953215e-02 -4.0548205927e-01 -7.9977539594e-02 6.8978415832e-02 -9.1382343887e-05 8.2997299319e-02 -1.2318639203e-01 1.2666249648e-01 -9.7589168228e-01 -1.2632088270e-01
-1.1241942049e-01 5.9180510945e-03 -1.2485941260e-01 1.0417523725e-01 -4.0839398271e-02 -2.7336626706e-02 2.9137351211e-02 -2.9349558277e-02 -6.2311068741e-01 -1.4154514231e-01
2.2855968162e-01 -1.8754128257e-01 2.6651266251e-01 -2.0601953466e-01 1.6464160574e-01 1.5966049767e-01 -1.5835203513e-01 1.5820845774e-01 1.1712532901e-01 1.0576017512e-01
-1.0914170363e-01 1.8640933987e-01 -1.0578710752e-01 1.2000501757e-01 -2.5082627010e-01 -2.1581958543e-01 2.0097550270e-01 -1.9986681187e-01 -4.8052848563e-02 -3.6987573478e-02
-2.3145389213e-01 -3.8433008295e-01 -2.8431161197e-01 1.9288643337e-01 2.2146652452e-01 2.7898483959e-01 -2.7562725871e-01 2.7523197890e-01 -6.0986528383e-02 -1.9492933732e-01
-2.1676412627e-01 1.8576070289e-01 -2.2875135330e-01 2.0996105098e-01 -1.8224014924e-01 -1.6943243572e-01 1.6568799836e-01 -1.6540837134e-01 -1.0431029921e-01 -9.3823010713e-02
2.2407166383e-01 -1.8570716457e-01 2.4187081492e-01 -2.1255303256e-01 1.7677494633e-01 1.6621212572e-01 -1.6321642308e-01 1.6297785795e-01 1.0884246907e-01 9.7852442661e-02
8.8207643363e-02 -1.8949658979e-01 8.4885008400e-02 -9.8146101893e-02 2.7048125570e-01 2.4277633045e-01 -2.2192750554e-01 2.2046763999e-01 2.6395519835e-02 2.5905670847e-02
