6.5655451773e-01 -1.2445176628e-01 2.8026487008e-01 1.9515215193e-01 -2.2115359020e-01 8.4618869862e-02 -3.7631058907e-02 2.8816741967e-02 9.5206832879e-02 4.8249343593e-01 1.4338900737e-01
-2.1450658436e-01 3.1072054222e-01 2.1305091399e-01 3.5232599737e-01 -7.0746908437e-02 -1.9815521006e-01 3.7606195741e-01 5.5574557394e-01 -4.0748364757e-03 -2.0465910997e-01 -5.3658314667e-02
1.0963854022e-01 -6.2217230540e-01 3.3121597434e-01 4.8271231437e-01 2.5326798180e-01 5.4428975668e-01 -1.4918585664e-01 -5.7980833251e-02 -5.1705705392e-01 -2.7914785914e-01 -6.2953086332e-01
-1.6059721551e-01 -7.5534341615e-02 1.2371887632e-03 4.5241162192e-01 -2.5016933950e-01 -8.1228652942e-02 1.8077803977e-02 -2.6189762662e-01 2.9239734659e-01 2.0072272768e-01 -8.4844442287e-03
-1.6526789182e-02 5.0942030662e-01 -2.1331033421e-01 3.0819368077e-01 2.7757612463e-02 1.1277841427e-01 9.8303397000e-02 6.1555417651e-02 -8.6943899877e-02 -7.0576957747e-02 2.6010839248e-02
-1.8841035853e-01 3.2875915345e-01 2.0090458339e-03 1.1383769743e-01 1.5188772829e-01 -3.5956756118e-01 -3.5175493305e-01 1.0025690852e-01 2.0964307983e-01 -2.8369542437e-01 -3.0865049864e-01
-2.5079615078e-02 -2.8818716043e-01 2.7234741075e-01 1.0400896344e-01 2.8775416816e-01 -1.9459360497e-01 1.3112876074e-01 -4.6415200812e-01 -1.6326980807e-01 7.3122569079e-02 -1.9644214509e-01
7.7047390325e-02 3.1665627769e-01 2.1962217966e-01 -1.9462073925e-01 -2.8399670113e-02 1.5496568536e-01 -1.1708754888e-01 2.2609461125e-01 2.9806050590e-01 -8.0851573620e-02 -2.6072376989e-01
6.4364024211e-01 8.8537133995e-03 -3.2104622351e-01 3.6942148249e-01 -3.2904488890e-01 1.8609053575e-01 4.9272160170e-01 4.0403040180e-01 9.9076652339e-02 4.1553071577e-01 2.8581394919e-01
2.0013568156e-01 -1.5174563041e-01 4.5989906672e-02 2.3877542360e-01 8.5955511563e-02 1.4861279505e-01 -3.1228098969e-01 -1.8234821060e-01 -3.4952021092e-01 6.8521447371e-02 -4.1416524395e-01
1.8445235684e-01 1.9161860206e-01 -5.9363304813e-02 -3.4999531103e-01 8.2472964159e-04 -2.0217718976e-01 1.8176476914e-01 1.8095615549e-01 -6.7474804157e-02 2.3106862306e-01 6.2691007637e-02
