2.5522865151e-01 -2.8444015716e-01 1.6314909125e-01 1.7157048338e-01 -9.6270907311e-02 1.5958051650e-01 -2.0477561790e-01 -2.6481152286e-01 -2.1737704860e-01 -2.2675783642e-01
2.1114554258e-01 -2.5362927063e-01 8.7674120013e-02 8.4050647907e-02 -9.3157702003e-02 8.9422494165e-02 -1.3229760067e-01 -2.2701219573e-01 -5.8712630195e-02 -5.2927279404e-02
-2.3988756751e-01 2.8854460337e-01 -1.2617808586e-01 -1.2856792096e-01 9.3708174617e-02 -1.2526703046e-01 1.7300214445e-01 2.5402940356e-01 1.4247643723e-01 1.4953425941e-01
-2.5765338184e-01 2.8085227588e-01 -1.7179109163e-01 -1.8124351430e-01 9.6704611627e-02 -1.6773580902e-01 2.1178872681e-01 2.6556441727e-01 2.2728009325e-01 2.3304310848e-01
-2.6175998861e-01 2.2857427607e-01 -2.1815391625e-01 -2.1997655720e-01 9.8467428940e-02 -2.1620563178e-01 2.5991917596e-01 2.5678195149e-01 1.8677620975e-01 1.8047926820e-01
-2.0385820211e-01 1.1774664050e-01 -9.8914577683e-02 -9.4136743197e-02 6.6400195533e-02 -1.0219712177e-01 3.9229511178e-01 1.7414995687e-01 9.3290391204e-02 9.6348291431e-02
2.4594669839e-01 -1.7448035016e-01 1.8023296965e-01 1.6614542880e-01 -9.3547542489e-02 1.8799412641e-01 -3.1482478894e-01 -2.2741893621e-01 -1.3228949159e-01 -1.3124959814e-01
-2.5607201537e-01 2.0003123490e-01 -2.1108809673e-01 -2.0065408328e-01 9.7937972472e-02 -2.1546048094e-01 2.8669876927e-01 2.4407828993e-01 1.5474258231e-01 1.5126103321e-01
2.1474722417e-01 -2.5993134162e-01 9.0802936696e-02 8.7616507322e-02 -9.3062686391e-02 9.2307115726e-02 -1.3644009247e-01 -2.3064098483e-01 -6.5099588470e-02 -6.0288759806e-02
-2.6183290766e-01 2.6449540375e-01 -1.9523097011e-01 -2.0552838419e-01 9.7239136575e-02 -1.9042356035e-01 2.3072539765e-01 2.6539165299e-01 2.3029801283e-01 2.2515013686e-01
