-1.1026130398e-01 2.9853570472e-02 3.6715974278e-02 -1.6343146813e-01 3.2612645464e-01 2.1202751251e-01 5.1603740448e-01 4.0095136199e-02 8.4327779960e-01 -1.3851043823e-01 3.8393663863e-02
-2.3033857773e-01 -7.4742282979e-02 -3.0391082403e-01 3.8232259418e-02 3.8733885027e-01 2.4937237489e-01 1.1290694221e-01 -6.1911475519e-02 -2.7751464087e-01 -6.1167841411e-02 3.6307903433e-01
1.5650936018e-01 -2.9727911606e-01 -6.3161527019e-02 -1.7705024035e-01 2.3963080760e-02 5.5970731277e-01 8.4893666750e-02 -3.0889021445e-01 -2.0595633130e-02 3.7429700782e-03 -5.9185459213e-02
-1.5474348016e-01 2.7865164263e-01 -1.6582967526e-02 -4.2156064839e-03 4.3354643270e-01 2.5156770110e-01 -1.2768134163e-01 -2.2602019737e-01 -1.6983518663e-01 3.2666885273e-01 5.9887214570e-02
-8.2304160145e-02 1.0478973554e-01 -1.0426213154e-01 -1.6485346316e-01 -3.5366865335e-01 2.5814951190e-01 3.3614203995e-01 -3.1381154391e-01 3.5325198401e-01 -2.9428281687e-01 -2.4500625460e-01
-2.4946366777e-01 -1.3076868514e-01 2.6678001579e-01 -2.6123424565e-01 6.0438809933e-01 -1.3295833973e-01 1.5057854028e-01 3.3698950612e-02 -2.8766086526e-01 3.2572133921e-02 -4.9296066042e-02
2.7540614024e-01 -9.4844684382e-02 -1.2975488690e-01 -1.2154391722e-01 -9.0050539677e-02 1.0614851681e-01 -4.2075189296e-01 -2.5149480435e-01 -7.2882182933e-01 -1.2641882882e-01 -7.1023421516e-02
-8.6060896808e-02 -8.5456351744e-02 -1.2274570789e-01 2.7474334003e-01 -3.1259895293e-01 -2.1572324642e-01 -1.0515572629e-01 -1.0407012658e-01 2.3243795989e-01 -5.2486414296e-02 -3.1499092691e-01
1.9760559743e-01 3.9393914719e-01 2.0174771024e-01 1.1765625706e-01 -2.2076319559e-01 -3.5214480359e-01 -1.3805052217e-01 -2.6649406586e-01 -1.6018384890e-01 -5.0944957316e-02 -1.0983623601e-01
-5.4630887039e-01 -4.3699658753e-01 -3.2652423544e-01 -2.1606906709e-01 2.8278317089e-01 -7.8666448931e-02 6.3122547031e-02 2.1113814860e-01 6.5217752973e-01 1.1916733504e-01 -3.2454471780e-03
2.8276006837e-02 -4.7862755547e-03 -3.4162170737e-01 3.0597828099e-01 6.4356569764e-02 3.7292374577e-01 -1.1480795040e-01 1.1898996726e-01 -9.4937931992e-02 -6.6799071685e-02 -1.9700787933e-01
