-7.3140961110e-02 -6.5924285859e-02 3.1126388553e-01 5.0543168958e-02 -3.8422901407e-01 2.8025010347e-01 1.2494057772e-01 1.7564613738e-02 2.6606964773e-01 -1.1084400922e-01 1.0727675833e-01
-1.0850126323e-01 1.5245402814e-01 1.0237798991e-01 -7.7059463172e-02 3.5022535182e-01 1.3291026939e-01 -2.3069173041e-01 1.2734923131e-01 -1.6969282252e-01 2.4648216556e-01 -2.0748416940e-01
2.3567356515e-01 -3.0919996517e-01 1.0686034458e-01 -2.7838421497e-01 -3.1835800293e-01 -2.1437982202e-01 -3.0037882349e-01 1.6007279320e-01 -4.6275031345e-01 -2.0592866631e-01 2.7326831967e-01
4.5773270339e-01 -5.5996883540e-01 -6.5650291721e-01 4.2988118166e-01 -3.8253339949e-01 1.4972986330e-01 -2.4463498103e-01 1.9056704698e-01 -2.5519013081e-01 -3.0777426664e-01 3.0874445988e-01
2.2848682402e-02 -3.8726093287e-01 3.4963786290e-01 2.4973560091e-01 -3.3608531453e-01 4.4446019493e-01 6.8789894218e-03 2.7336235410e-01 2.3807063008e-01 -6.2295433388e-03 1.8150424980e-01
-2.3988244061e-01 -1.2832234490e-01 -1.4241314429e-01 -1.4183164289e-01 -1.0207015215e-01 9.1442334510e-02 2.9923991507e-01 6.5551369959e-02 -3.7300488112e-01 1.4151735709e-01 4.1392751029e-01
1.9833429025e-01 -1.2900530456e-01 1.8590780495e-01 -1.9044478216e-01 -6.1801250664e-01 2.5417792656e-03 -2.5956790365e-01 -4.5036151349e-02 -1.5909884992e-01 2.2342978373e-01 -1.3342018892e-01
-3.3286641040e-01 -1.4038276693e-01 1.0171689725e-01 -3.2129384371e-01 -1.5967771382e-01 2.4265261846e-01 5.0572212703e-02 2.9243912270e-01 8.8136592141e-02 -9.6190949476e-02 1.9197445100e-01
-2.1058264435e-02 1.2319938165e-02 1.2508495052e-01 2.4594978545e-02 -2.1486141538e-01 3.1911048634e-01 -2.3529380814e-01 1.3566737617e-01 1.0017847490e-01 -7.6161395516e-02 -1.6365671424e-01
-5.3041524274e-01 3.6287126037e-03 3.4015821388e-01 7.7880786724e-02 2.6565289488e-01 -6.0053990665e-02 -1.6430446840e-01 -2.3370313248e-01 -4.8960759215e-02 -4.2068838817e-01 -1.9248129201e-02
-1.1217161891e-01 3.4401375805e-01 -5.3068244089e-02 1.0526864834e-01 6.8308388801e-01 -1.6273761414e-01 -6.6431773533e-01 -2.2401192685e-01 -8.0210376744e-02 1.5525478860e-01 -1.0382050214e-01
