-9.8506275855e-02 1.5018546303e-01 -2.3644083921e-02 1.1346788746e-01 -1.3796089394e-01 -3.9303116220e-01 1.3742260656e-01 1.2413922995e-01 1.2804397967e-01 -1.3857019641e-01
1.0864600804e-01 -2.1004000918e-01 2.5234044683e-02 -1.2309273474e-01 1.7033730716e-01 5.6667347648e-01 -1.7093072196e-01 -1.4733856863e-01 -1.5334214815e-01 1.4334915412e-01
6.1128971157e-02 -1.4880374282e-01 -4.1817448515e-03 -3.7521283679e-02 1.0067893403e-01 2.3436993878e-01 -1.0210413255e-01 -8.5706653326e-02 -8.9943223564e-02 -1.8401834788e-02
-7.3110977528e-02 -1.8214500374e-01 -2.0075939550e-01 1.8721756783e-01 1.1087441577e-01 3.5163623232e-01 -1.1216767125e-01 -7.0040995488e-02 -8.5096368847e-02 -3.9885165286e-01
-2.2802153801e-01 1.9719938521e-01 -2.2615902424e-01 2.7993917735e-01 -1.5647179840e-01 -3.2620572479e-01 1.5777397580e-01 1.5806086597e-01 1.5637653391e-01 -4.3518591834e-01
-2.3652256460e-01 2.0834777861e-01 -2.0713518783e-01 2.8400075701e-01 -1.6519726584e-01 -3.5230902657e-01 1.6597754041e-01 1.6492920606e-01 1.6417592903e-01 -4.3591691918e-01
2.0920074755e-01 2.3120257751e-01 3.1809556108e-01 -3.8359935499e-01 -1.2817788305e-01 -5.0993215269e-01 1.3068247633e-01 5.8126578833e-02 8.1836808351e-02 6.5858339517e-01
-3.3680387828e-01 3.7096596398e-01 -9.9544073818e-02 3.3625736469e-01 -3.5453821606e-01 -5.5870168167e-01 3.5506493895e-01 3.6004349665e-01 3.6015913160e-01 -3.4841102465e-01
-3.3099571887e-01 3.8026254962e-01 -1.0123668914e-01 3.3481163332e-01 -3.6187410961e-01 -5.7486165144e-01 3.6312627395e-01 3.6691374405e-01 3.6613909374e-01 -3.4516632069e-01
-8.1225976235e-02 1.5058655246e-01 -2.5925385756e-02 6.7392292967e-02 -1.0397799434e-01 -2.4052333498e-01 1.0617440742e-01 9.2290127699e-02 9.5819319609e-02 -3.6894394376e-02
