2.2897930567e-01 1.6951072092e-01 4.2435432633e-02 -3.8619603621e-02 7.3648578688e-01 -8.3383275053e-02 -1.5766842486e-01 -3.4321983656e-01 1.6426619884e-01 4.3898544203e-01 3.2446598013e-01
-3.2321262328e-01 -4.5015400435e-01 -2.2542613438e-01 5.2987984307e-03 1.7240112817e-02 -2.7248634862e-01 -1.4728571197e-01 2.3132197145e-01 -4.0399090205e-02 -3.0038239769e-01 -7.1852116462e-02
-9.5251678233e-02 -2.9596905326e-02 -6.6156379962e-02 -1.2555802554e-01 3.4076876342e-01 3.9885939764e-01 7.5585041449e-02 -2.6116625689e-01 -2.9361094880e-01 5.3604246459e-01 -2.3986466340e-02
-1.0472662294e-01 1.5572956057e-01 1.8974331881e-01 -5.2549688126e-01 1.9366385297e-01 3.1057055625e-02 3.3555348825e-02 -3.9275210000e-01 1.5099708051e-01 8.8126554756e-02 2.1032129797e-01
-1.1540266367e-01 1.2023561776e-01 -2.4715198339e-03 2.3002187783e-01 -5.9121928795e-02 -3.7519281607e-01 3.1111196763e-01 -3.8455098088e-01 -4.6660618316e-02 -4.5624388528e-01 2.3160551863e-01
-2.0954898368e-01 4.2701906393e-01 -2.6428942143e-01 8.1022718524e-02 8.2192836866e-02 -2.2037150115e-01 -1.3102834224e-02 -5.2188883207e-01 -1.8095384207e-01 -1.9816244457e-01 2.1703077899e-01
1.5008126679e-01 -2.1767293091e-01 9.9097183838e-02 -4.8673585672e-03 -3.6161087311e-01 1.8386264453e-01 3.2662000773e-01 1.8142793427e-01 -1.1831725181e-01 -3.0419310728e-02 -1.9126134015e-01
1.8658694400e-01 -5.0939791658e-01 2.5201633497e-01 -5.8357901952e-01 4.2747385820e-01 6.4958284311e-01 2.2214995780e-02 2.0560989313e-01 3.5234682529e-01 1.3952240012e-01 6.3860130018e-01
4.3825742929e-01 5.5009994356e-01 -2.7676839314e-02 -5.0911761213e-03 3.9239086245e-02 -1.3177562266e-02 -2.9221986629e-01 -5.7309179282e-02 2.3485534897e-01 9.9675548916e-02 -1.2451529530e-02
2.6762706288e-01 -1.8862523173e-01 -4.2074585489e-02 -2.3531247567e-02 -4.5568212691e-01 5.1368226802e-02 -4.9572593985e-01 3.9151202160e-01 -1.1742819270e-01 -1.0279557825e-01 1.1496480348e-02
-3.4147326771e-02 -6.8175261641e-02 1.4823220534e-01 7.6966274277e-02 -3.4936469047e-01 -6.1084389700e-02 -1.0412646767e-01 -2.8908796384e-01 2.5693025314e-01 8.0445820549e-02 4.0292214904e-01
