-3.6418399218e-01 3.5701248566e-01 -1.7849048194e-01 -9.4269101148e-02 -4.7443565669e-01 1.4924397522e-01 2.2081933442e-02 -5.2499478492e-01 4.9051174594e-01 2.4152818912e-01 -3.5146509205e-01
1.4059217616e-03 -5.7914729759e-02 -2.2870330907e-01 -1.5209431710e-01 1.5510358307e-02 1.2977243251e-01 -2.4436242787e-01 5.9071790478e-02 -6.2881342598e-02 2.5606546321e-01 2.6773664933e-01
-1.1815954213e-01 -3.4223130068e-01 2.1291674274e-02 -3.2331304499e-01 -1.9113893291e-01 7.2195215418e-02 -6.7006616366e-02 4.4847488052e-01 5.4822911181e-02 1.7544004316e-01 3.6461918401e-01
-3.0175612642e-01 -4.0618889421e-01 2.9392967741e-01 -1.8804969139e-01 2.6729165675e-02 1.6199515590e-01 2.7670205297e-01 -6.6460525069e-02 1.7405365697e-01 2.0073627777e-02 1.3775393316e-01
1.2370822645e-01 2.4959639723e-01 -3.8780980534e-01 4.2135854023e-01 -1.0928625877e-01 -1.7899686498e-01 -4.9937437105e-02 1.3064487082e-01 -1.5934148075e-01 1.5567660172e-01 9.1856129050e-02
-6.8090043190e-02 7.4059478063e-03 3.8297657441e-01 -1.7887579565e-01 5.4533296895e-01 -1.2772592257e-01 3.1101857772e-01 5.7799162188e-02 -5.4568494179e-01 -5.1083948345e-02 1.1432962691e-02
4.3004194299e-01 1.2267838362e-01 2.5694334068e-03 1.9412643970e-01 1.8379588761e-02 -5.5357711580e-01 -3.1949606241e-01 -3.4190962021e-01 2.3492405625e-01 2.8234605506e-01 -2.4945900649e-01
2.4654208903e-01 8.3941386372e-02 2.4353142457e-01 1.6998569645e-01 1.0146601200e-02 1.3485116079e-01 4.2306790814e-01 1.2017655227e-03 4.6346344152e-02 1.9752981225e-01 -4.0574768321e-01
-1.4751008857e-01 2.2009909031e-01 -8.2201514129e-02 -9.5763573078e-02 7.5310595317e-02 3.0064895849e-01 -7.1551232302e-02 1.3524802822e-02 4.8957852893e-02 -1.1542457788e-01 2.9928802317e-02
4.9585788757e-01 3.4955624273e-01 -2.7645781852e-01 1.4433326558e-01 -5.0853217845e-01 -7.5463979887e-02 -3.8240812604e-01 1.2563507507e-01 2.8410473813e-01 9.5317058019e-02 -1.2073054514e-01
-2.5754744610e-01 -7.6351354303e-02 4.2797361831e-03 -2.7605542922e-02 -1.9238415794e-01 4.0282940506e-01 -3.4437885963e-02 3.4483767485e-02 -3.9585545906e-01 -5.3549429676e-01 1.0561222944e-01
