1.9934034745e-01 2.5164064639e-01 1.4485268550e-01 2.5122715813e-01 -1.5080580047e-01 3.8231183836e-01 -2.2846066094e-01 2.9976598625e-01 -4.6583314162e-02 4.8046802941e-01 -1.8553717817e-01
-1.1852328262e-01 -1.6614794691e-01 -2.9751566784e-01 2.1465526593e-01 -6.5072259529e-01 -2.1758439990e-01 1.1792556781e-01 -3.2470164505e-01 -5.7593326706e-02 -4.6210200128e-01 3.6949236767e-01
9.7118362814e-02 1.4144592389e-01 -3.4400282148e-01 1.6937256157e-01 4.5520186598e-01 3.6136903927e-01 -1.7111460799e-03 1.1643704590e-01 -2.4339756099e-01 5.5028834790e-01 -1.2384931159e-01
2.4735348559e-01 -2.2756111172e-01 2.2422830735e-01 -7.3076269779e-02 2.7191474560e-02 -9.0839036543e-02 -1.6592059100e-01 3.0175786017e-01 6.6545537537e-02 -3.6827808975e-01 -2.8564746952e-01
4.2338504850e-01 2.8522586441e-01 3.6950299979e-02 1.4557740268e-02 -2.8185282466e-01 -1.5028241223e-01 -8.1928654838e-02 -1.5894646998e-01 7.8659978795e-02 -1.3823330980e-01 -4.4982225907e-01
-2.1736245661e-02 -1.1425597732e-01 3.0334110039e-01 -1.1601502213e-01 1.2178572123e-01 3.1751509352e-01 3.2305191100e-01 -2.1542946791e-01 1.1339514862e-01 -3.1948269887e-01 -4.7456276614e-02
-2.1708629084e-01 2.7023819545e-01 -2.5806780132e-01 -1.8587128284e-01 -1.0931321530e-01 7.8344384335e-01 -3.2755025032e-01 1.2031054299e-01 2.8489992033e-01 3.6878544671e-01 -1.6312939023e-03
2.1266366796e-01 -3.1143925874e-01 1.7210577143e-01 1.0473464366e-01 1.4000160420e-01 1.8714603295e-01 -5.4060829805e-02 -9.0163330517e-02 -2.4266433584e-01 7.1445593411e-02 5.1982729917e-02
2.5603650053e-01 -8.1971561938e-04 6.6583063172e-02 1.6955193470e-01 1.1876965493e-01 -7.3916834777e-01 -1.2385093923e-01 1.5089606142e-01 -1.1153482249e-01 3.5634668661e-01 -4.0409414888e-01
-7.1185161274e-02 1.9408192946e-01 1.5691065676e-01 1.2748305613e-01 3.7356958591e-01 1.4434158026e-01 1.3699577867e-01 -3.0761730103e-01 -3.0657237067e-01 -2.7518573846e-02 4.1477547919e-01
-1.6121654067e-01 -3.1661303798e-01 5.1689535754e-02 -3.2348211920e-01 2.9222495691e-01 -1.8369517468e-02 1.2961852326e-01 1.6924449915e-01 -7.2365323049e-03 1.2427716465e-01 -2.6722550516e-01
