-2.4889567724e-01 -2.9040662307e-01 3.5011968165e-01 -2.7613290979e-01 -1.6030343831e-01 -1.7096715452e-01 -4.8677364138e-01 1.9012197706e-01 -1.2195722759e-02 2.0264096700e-01 1.2445566337e-01
-5.0498515420e-02 7.6174488425e-02 -1.5133786198e-01 -1.7454557659e-01 -2.6787654712e-02 -2.0955332411e-02 2.0475979379e-01 -1.5697297714e-02 -2.6304199986e-01 -1.5169454006e-02 -4.3712799005e-01
-2.8743418433e-01 -6.6825765102e-01 -3.3454655810e-02 -4.3354389398e-01 -6.0143846763e-01 2.1856357305e-01 3.9629478055e-01 5.2171911500e-02 1.0642594753e-01 3.6022331657e-01 5.9159335352e-01
-4.2308882418e-01 2.4588495581e-03 -1.6604887852e-01 -2.1824800370e-01 -2.0059850079e-01 3.9318148318e-01 -1.9450544846e-01 -1.4164326460e-01 4.0453783112e-01 2.9974624181e-01 -3.0984180457e-01
1.7097868479e-01 1.3445428654e-01 -3.1637396214e-01 -4.7892230970e-02 5.5619864688e-02 3.1186849260e-01 2.3363284926e-01 -4.0119593953e-01 -1.1719166266e-01 -5.0173777200e-01 -1.9661900773e-01
-1.4611958421e-01 1.7419947042e-01 -2.4098662568e-01 1.8600791218e-01 2.5339969461e-01 -7.0946412155e-02 -1.3610500618e-01 1.8471792327e-01 5.4110896477e-02 -2.0798357989e-01 5.8756752041e-02
1.2146563200e-01 -9.9266989881e-02 -1.4570849529e-01 1.4524219798e-01 1.2163754761e-01 -9.9395704175e-02 4.3995701837e-01 1.8453904582e-01 2.1908922372e-01 -1.8195335601e-01 -1.5228759206e-01
1.7837292586e-01 -2.2641678007e-01 4.0759236036e-01 4.0085105911e-01 2.5411574739e-01 -4.7479300296e-02 2.0370607964e-02 -6.2521926770e-02 2.8358143015e-01 1.2621564822e-01 2.7286335529e-01
3.4369501086e-01 -5.1367209410e-01 -4.2921847693e-01 -3.2322420923e-01 -1.7838354606e+00 -2.4856353232e-01 -2.9642805724e-02 -1.7753992063e-01 6.7073206709e-01 2.8519901785e-01 3.8776161556e-01
1.7903777185e-01 -1.1695465361e-01 -1.5968630254e-02 -2.8537654923e-01 2.4626699276e-01 2.9090421211e-02 -3.6328712845e-01 2.4657202701e-01 -1.0299221811e-01 -1.7670726932e-02 -2.6817348384e-01
-1.2988197317e-01 -2.5007268456e-01 3.7835215103e-02 3.4993249739e-02 3.7742207497e-01 -3.0078316783e-02 -6.3612730392e-02 -2.6885267677e-01 6.5813996945e-02 1.9875084992e-01 2.0102871655e-01
