2.8418379055e-01 -4.1054077041e-02 -1.0032659754e+00 -5.1972441883e-01 4.6507177185e-02 -2.0407199827e-02 3.6654594260e-01 -4.6234596700e-02 4.7607202808e-02 8.9833581506e-03
-1.2281217308e-01 9.3140590093e-02 3.7303715510e-01 4.3150931309e-01 -1.0156632884e-01 7.3838017512e-02 -2.4243348373e-01 9.9553312926e-02 -1.0138694406e-01 -6.5462492605e-02
-8.7894163052e-02 -2.1935365832e-01 4.7500794913e-02 -1.2929864457e-01 1.9550219129e-01 -2.7382276569e-01 -6.9168843689e-02 -2.0381831779e-01 1.9937506292e-01 2.9550327968e-01
-7.9334672387e-02 -2.5030237872e-01 3.7824919549e-02 -1.4710244380e-01 2.2402727086e-01 -2.8501398866e-01 -5.7135303680e-02 -2.3509162840e-01 2.3021344997e-01 2.8792939727e-01
-1.0355284301e-02 3.3943033308e-02 -5.1262241665e-02 2.1070720730e-03 4.4101174324e-03 5.9094370768e-02 -1.3235767575e-01 2.1485816629e-02 -1.7374903690e-02 -6.3761953826e-02
-9.2586314925e-02 -2.0444032619e-01 5.2499062306e-02 -1.2008037000e-01 1.8318455379e-01 -2.6330224032e-01 -7.5214700021e-02 -1.8979217596e-01 1.8578242495e-01 2.9391132083e-01
-4.7966072555e-01 -3.4711712632e-02 4.0659212349e-01 2.7025534118e-01 2.8814467652e-02 -6.5562011369e-02 -3.1218189463e-01 -2.8530902873e-02 2.7019348994e-02 8.8602329754e-02
-2.2063253908e-01 5.8359887226e-02 8.4460843468e-01 5.1529561531e-01 -6.4613148726e-02 3.8561918830e-02 -3.3577925101e-01 6.3805663976e-02 -6.5371793815e-02 -2.8237970032e-02
3.9559875379e-02 2.4411043167e-01 9.8231648523e-03 2.3527490400e-01 -2.8129703669e-01 2.0274721958e-01 -1.0870234040e-02 2.6479819552e-01 -2.7188766506e-01 -1.8894102484e-01
3.0426264467e-02 2.1575631159e-01 2.2788605527e-02 2.5494266809e-01 -2.4449592410e-01 1.8279824823e-01 -2.6585408089e-02 2.3272077414e-01 -2.3860057314e-01 -1.7171807754e-01
