-2.8606592408e-01 -6.8198633719e-02 1.4735047812e-01 9.4267692962e-02 2.6578492025e-01 7.3565484942e-02 -7.3812942205e-01 -2.6268200756e-01 1.7556360438e-01 -1.5604198839e-01 -9.0899391907e-02
6.9589567554e-02 2.1677294403e-01 1.6708861390e-01 3.7008920065e-03 -5.2536234410e-01 -4.3987521602e-01 8.3391444924e-03 -2.5716157538e-01 4.4278004250e-02 1.1733841316e-01 1.8864561697e-01
6.4070401348e-02 -1.6012973837e-01 -1.0397242992e-01 -3.6199702111e-01 -3.5204910074e-01 -1.7261923139e-01 2.0774745431e-01 -1.6764153249e-01 -3.2445153096e-01 2.7041572865e-01 -3.0744176035e-01
-4.6442672099e-01 1.0137184051e-01 2.3700473778e-01 4.2071447701e-01 3.2427337638e-01 3.7725185901e-01 5.0710454392e-02 1.0320833778e-01 1.2302253618e-01 -7.6371659966e-01 -1.1895179455e-01
6.5935360581e-01 3.3420734770e-02 -2.4196525021e-01 1.4844789643e-01 -1.2148160282e-01 -5.8933619721e-02 -3.0592388425e-01 -2.9724288891e-01 4.3191628443e-02 -3.1890232060e-01 2.4281801960e-01
2.1448098366e-01 1.1152785670e-01 -2.5464812616e-02 3.0509659664e-01 -2.0386149753e-01 1.2331789607e-01 3.1100667185e-01 -1.6369145814e-01 -4.5496180473e-01 1.6308006029e-01 -2.3601138197e-01
-1.1367492804e-01 2.1602452613e-01 -2.1677494748e-01 5.8188088881e-01 -1.2850394743e-01 2.2821024109e-01 9.5254215825e-02 2.3148284197e-01 -2.9967598000e-02 -2.4613475788e-01 -4.8083438406e-02
-1.5472304695e-01 7.4395210111e-02 -2.7668307541e-02 -1.1128826824e-02 2.1329915821e-01 -1.8371979127e-01 -2.9230837871e-01 4.6449482382e-01 -3.8770832492e-01 1.2789890088e-01 4.3308928042e-01
5.8940533571e-02 -2.8487824370e-01 1.1911047654e-01 1.0206293395e-01 -1.7238317037e-01 -1.6909624038e-01 2.9179316228e-01 -6.5083634591e-04 1.0772573113e-01 -9.8487253329e-02 -4.0049088577e-01
-7.6173436037e-02 1.9647527497e-02 1.0556549768e-01 3.4189275796e-01 8.1553585620e-02 1.6028217005e-01 1.2494427074e-02 -2.8559802966e-01 -7.7517720688e-02 1.5144238385e-01 -2.3268782972e-01
4.7947634330e-02 -4.2350486931e-01 -2.7392263677e-01 2.8387695779e-01 2.4074517204e-01 -2.7190356043e-01 -4.4495437436e-01 -4.6015054268e-01 -2.6791454635e-01 -1.9209199879e-02 -3.3568549609e-01
