-3.7760597036e-01 1.2427597486e-03 -5.6943189643e-02 -3.0048260500e-01 -1.5782801014e-01 -1.7377793399e-01 8.8799493968e-02 1.8006448867e-01 4.0870112294e-01 -2.2466855529e-01 9.3951121442e-02
4.0707001508e-01 -4.8673693326e-02 6.1314838389e-02 1.7175384865e-01 1.3244408318e-01 1.6542747766e-02 9.0547166558e-02 -1.5610718136e-01 -3.6301418454e-02 1.8637509819e-01 -4.1122267734e-02
1.7863425607e-01 3.8121801091e-02 6.3369533329e-01 1.1393950577e-01 3.9311289562e-01 1.4172932483e-01 -6.7381852723e-01 1.6591534097e-01 7.6951324232e-02 3.2955377941e-01 -3.8641681537e-01
2.9776386903e-02 -4.9122572137e-01 -2.2217311369e-01 -2.7958404864e-01 -1.3988688269e-01 3.9342507065e-03 1.5832529798e-01 -3.0389067306e-01 -4.3027379034e-01 -2.4686414867e-01 -7.4139260328e-01
1.2161834758e-01 1.8197743866e-01 -4.2735735958e-01 4.5207179964e-01 1.1018275408e-01 2.0065077285e-01 4.6035598416e-02 -2.2501412679e-01 -6.4740850914e-01 -7.9888034785e-02 -1.5170815969e-01
-9.1743298182e-02 -7.6835442018e-02 -1.3124946171e-01 -2.0930430256e-01 -3.1436644530e-03 -4.2037423931e-03 3.4421660867e-01 -1.8749633110e-01 1.8013116637e-01 3.4050503915e-01 1.0359142556e-01
3.7619982263e-02 -2.2127013777e-01 2.1132864978e-01 -3.1005090493e-02 -2.9340861339e-02 3.0749369260e-02 3.7689201682e-01 1.9947012589e-01 -4.8191344945e-01 3.3017954379e-01 1.7777217906e-01
-2.8834841401e-01 5.9391531278e-02 1.0523588037e-01 6.7567378603e-02 -2.9663758778e-01 8.3785226190e-04 1.2981992413e-01 -1.8885783998e-01 -3.5762315122e-01 -3.8436153009e-01 -2.9770263521e-01
4.6295843777e-01 6.3118298102e-02 2.1484949218e-01 -1.5371826620e-01 2.5434852323e-01 -3.0020263115e-01 -2.7173376580e-02 -7.6899742641e-02 3.5454284871e-01 -1.0994001851e-01 2.5264714203e-02
1.2866930443e-01 2.0320293231e-01 1.7474566841e-01 6.6218285085e-01 9.5539218458e-02 3.3188072519e-01 -1.0250947033e-01 5.1220190345e-02 -2.6721218540e-02 2.0342762859e-01 1.6695024604e-01
2.4578764647e-01 6.4190296363e-01 3.0561536751e-01 -3.4537564303e-01 2.6128785828e-01 4.8884140110e-01 -2.5342681962e-01 1.4138073216e-01 1.0292875796e-01 2.3197435574e-01 7.2478473132e-02
