-5.3291596016e-01 -3.1892368499e-01 1.7523297578e-01 -2.3602089800e-01 -2.4982583426e-01 7.4623751269e-02 1.7450446021e-01 -9.3768920826e-02 5.4318649739e-01 3.5793643438e-01 3.6669104312e-01
1.5769771151e-01 2.0656626337e-01 1.3822399928e-01 -3.2017894618e-01 -1.8255020049e-01 -1.1700507929e-01 -4.3661397911e-01 -3.2330034193e-02 1.5123629519e-02 -9.7628812133e-02 -2.2960079855e-01
-2.0033652622e-02 5.4471921273e-02 1.9496080929e-01 2.1101692268e-01 1.0654501709e-01 1.0235218611e-01 -4.8710692636e-02 -9.5627553148e-03 4.7862630204e-02 3.4478481003e-01 1.1159881418e-01
-1.5948977351e-01 1.8513948388e-01 8.6766374272e-02 -2.4715011939e-03 2.9730249376e-01 -2.4304917091e-02 2.4983357907e-01 3.8645179791e-01 6.8000540662e-01 -1.5482193421e-01 -3.6768490237e-01
1.8327844651e-01 5.9856739866e-02 2.6489782215e-01 -6.1795467894e-02 -3.6156997715e-01 1.6531570038e-01 3.3920363937e-01 2.1817752726e-01 -6.6999403343e-02 5.6466712282e-01 4.6219500474e-01
3.5962737588e-01 2.3032308593e-01 2.6391526452e-01 -1.1895888460e-01 1.1759358472e-01 -1.5972509849e-01 -4.9250203693e-01 -8.6853180306e-02 -1.1482886437e-01 1.9044379922e-01 -2.2586433523e-01
3.6288277974e-02 -2.9357161947e-01 -2.7788212105e-01 1.0652771053e-01 3.2553544357e-01 1.8434445477e-01 -4.0105878903e-01 2.0951685205e-01 -1.3516790538e-01 2.6063135818e-01 -2.6274439625e-01
1.4988093730e-01 -1.6061124011e-01 2.0937720185e-01 1.9114376282e-01 -1.9312396706e-01 1.0440786666e-01 5.7309852185e-01 -6.9198017117e-02 1.7189910233e-01 -3.0883750380e-01 2.6531327556e-01
2.8462138832e-01 2.6305287446e-01 -3.1371944712e-01 2.0798404969e-01 -7.5887910003e-01 1.5247788804e-02 2.0985513801e-01 -1.1647727311e-01 -1.9480307340e-02 -1.1477928822e-01 -4.1193377457e-01
-5.3673557744e-02 -2.7923965873e-01 -5.5007217288e-02 5.2388213449e-02 -3.7125525210e-01 -3.1647800268e-01 -5.4138957576e-01 2.4673176791e-03 -5.2438286439e-01 8.6453866580e-02 1.1348044159e-01
2.6016582351e-01 2.2751407331e-01 6.5558864669e-01 1.0491425207e-01 1.0055555340e-02 3.1598918925e-01 -4.5629994341e-02 -1.2196950910e-01 -8.5442447413e-03 2.4754954651e-01 1.8712578883e-01
