3.0290986986e-02 1.1171306275e-01 1.9031059161e-01 1.5513900862e-01 4.1367618970e-01 3.5293599496e-01 1.7945777155e-01 -4.1208677170e-01 -1.8646847168e-01 -8.6594785068e-02
5.2007823028e-02 3.1531023927e-01 -3.3097900311e-01 4.3745735066e-01 -8.6505594509e-02 -3.6354257570e-01 -5.0342941451e-01 9.9143150256e-02 -7.6488722922e-01 -2.7895286837e-02
7.3175094941e-01 4.2768864414e-01 1.9093363123e-01 1.5540988034e-02 -1.9435066776e-01 2.6896800491e-01 3.9109290177e-01 -2.1696317909e-01 1.2870707209e-01 -5.4492797363e-01
7.2121894048e-02 4.8037436500e-01 4.6731502643e-02 -2.3865991040e-01 -2.5932273803e-01 6.5578071735e-02 5.7291266053e-01 5.1778807052e-01 -2.3756707273e-01 -3.7956343774e-01
1.7800283816e-01 -3.1781683103e-01 8.8823978108e-02 -1.8646869904e-01 -1.7952261697e-01 -1.8034171927e-01 -4.1940151488e-01 2.3434074661e-01 6.0330931149e-01 2.3914280075e-01
-5.1383825959e-01 9.5088291870e-02 -6.6899433350e-02 2.2578206401e-01 -2.3260462205e-01 -7.9279243924e-01 9.0512770747e-02 1.9791543858e-01 5.1544241813e-04 4.8748288550e-01
8.4546745582e-02 -1.1631687235e-02 -1.3746454383e-02 8.3947199194e-01 3.5637979563e-01 7.5409062132e-01 4.5909950393e-01 -1.0823746460e-01 -1.3484411617e-01 -2.7514840971e-02
4.5195941824e-01 1.6054053202e-01 9.5567017896e-02 2.1212778184e-01 7.6416884382e-01 -1.4055093484e-01 -7.1567956685e-02 2.1153642587e-01 -1.6386829490e-01 8.8336942449e-01
-5.3194153852e-02 2.3154560017e-01 3.0507896977e-02 -1.0768294652e-02 -2.2272506340e-02 -3.8893607222e-01 -2.2769709655e-01 8.4815990921e-01 2.4749476167e-01 5.4832583494e-01
3.4618720775e-01 5.2526969870e-01 -8.9906190368e-01 6.5856172218e-01 2.9022617672e-01 -5.1026786675e-01 -1.4267669174e-01 -1.2250811660e-01 -6.6160079696e-01 8.5372012787e-02
