-4.0406180171e-01 -4.0513246702e-02 -7.9209844061e-02 -2.8205675008e-01 -2.1324318969e-01 -1.4575453207e-01 3.8193756595e-01 -1.1588336056e-01 2.3332475516e-01 4.9821204906e-01
4.9713171043e-01 2.3393016568e-01 4.2623067167e-01 1.5098260712e-01 2.9241233618e-01 -6.1175731587e-01 -3.1360749959e-02 -2.6481744278e-01 -2.2988461906e-01 5.8713262049e-01
-2.5678325047e-01 4.7826648218e-01 -5.7090537886e-01 -1.2543229904e-01 2.6540093239e-01 1.6698498399e-01 -2.3494916437e-02 1.6988840848e-01 2.2894064532e-01 -7.2187039295e-02
-1.1049403762e+00 -9.7226990210e-01 -1.5686198267e-01 8.1921539588e-01 -5.0131026290e-01 -6.8375302887e-01 -1.1803639172e+00 -9.6722535800e-01 7.7918647662e-01 -1.2413947440e+00
4.9472679801e-02 -6.7527778083e-01 -6.4045456957e-01 -5.4848303959e-01 6.0260954006e-01 4.8958603129e-01 -1.2522847853e-01 2.1226541852e-01 4.0474047727e-01 9.2340173736e-02
2.1892350688e-01 -4.2523229227e-02 -5.4751529149e-01 2.0005908056e-01 -2.0631110106e-01 7.0844871839e-02 9.9398164301e-02 2.6585496412e-01 3.7986244150e-01 -3.5165936103e-01
1.3766295726e-01 -1.2571910591e-01 2.0779411823e-01 -5.0624681856e-01 5.8474667744e-02 7.4353084374e-01 -3.8200215297e-01 3.5965809971e-01 -2.8722243039e-01 6.8015426942e-01
-3.3848552068e-01 -1.7855841157e-01 -1.0876032323e-01 -2.5820397731e-01 -3.4312737530e-02 3.7703758275e-01 -5.8085806168e-01 1.6309262833e-01 9.6764171277e-01 1.1329012027e-01
6.4585764742e-01 5.9202456120e-01 2.6382623684e-02 1.4210331652e-01 -2.0013454568e-01 -6.4177139106e-01 2.7031650576e-01 1.1645760731e-01 -4.1461525677e-01 1.5627799829e-01
3.1061721748e-01 3.4580697363e-01 9.9337759509e-02 9.9860463839e-02 4.2880009149e-01 -2.0127620383e-01 2.2382416174e-01 -4.6850451479e-01 4.3411143217e-02 2.9326666544e-01
