9.4011786483e-01 5.7556336572e-02 6.3943043139e-01 -5.9652694830e-01 -7.9224851469e-01 4.2763073540e-01 -5.8729339626e-01 2.3510046349e-01 4.2678156011e-01 -9.3881780951e-01
-3.2178581287e-01 8.0780856282e-03 3.0979484691e-01 -1.5433602388e+00 -4.8063884292e-01 4.5218158007e-01 7.6413714779e-01 -2.4386593681e-01 1.6780599590e-01 5.7152105381e-01
-3.0445096504e-01 2.4048677222e-01 2.0710025945e-01 6.3504621886e-01 1.4866403091e-01 2.2816060841e-02 9.9631712112e-02 -4.0757309205e-01 9.3939037129e-02 2.1456850534e-01
-4.5166216018e-01 -3.4115649978e-02 6.6173901895e-01 7.4833245885e-02 -5.1248024563e-01 -1.1602853576e-01 6.6178137747e-01 2.6115338401e-01 -9.1069222632e-03 9.1282455963e-01
-1.0340638818e-01 -5.5124102135e-01 -3.4572120821e-01 -4.8751453098e-01 -8.0606547823e-01 -2.2881202590e-01 5.6696320492e-01 3.8490686666e-01 -1.2233491701e+00 1.5054724811e-01
-1.7432167592e-01 -1.3745449325e-01 8.4205400663e-01 -3.1206172896e-01 -3.6493634481e-01 -1.2453931401e-01 -5.6923628009e-01 -2.2467996492e-01 -2.3715635413e-01 -1.4258810159e+00
2.3645929532e-01 9.9117685891e-02 -7.2077937511e-02 2.5436874933e-01 1.7128696844e-01 -2.5050983991e-01 -4.5511058231e-01 -3.2938585126e-01 -4.4777891190e-01 3.1867192440e-01
2.1323171000e-01 2.6224102137e-01 -1.3140727583e-01 4.3825448785e-02 -3.8252387749e-02 -5.2861266015e-01 -2.0059801197e-01 7.6481839966e-01 -1.8765408633e-01 3.5035331750e-02
7.7152212590e-02 -1.8493572270e-01 1.5500781820e-01 -1.0927542151e-01 -6.4836249423e-01 -9.1727436512e-02 -3.3088756278e-01 -3.4701406168e-01 -2.3199087858e-01 -3.2332681388e-01
-5.3249062538e-02 6.3204048144e-01 -3.4701773663e-02 3.6190904320e-01 3.0909633404e-01 6.6012748777e-02 -5.7933430028e-01 1.9261157547e-01 -4.8575621881e-01 2.1994855704e-01
