-2.0235908164e-01 1.6591162276e-01 1.7217085344e-01 1.7080512498e-01 1.7008523683e-01 1.7310643501e-01 1.7618375985e-01 1.6636850751e-01 1.5886173858e-01
-2.0104036682e-01 4.4442640749e-02 7.5067444309e-02 5.9026516155e-02 5.9300747867e-02 6.4584155241e-02 7.5754171589e-02 6.1704010808e-02 3.8147393353e-02
-1.6170240607e-01 1.1747273880e-01 1.2302244784e-01 1.2144752406e-01 1.1500553660e-01 1.2300783675e-01 1.1965835359e-01 1.2200890660e-01 1.2334973623e-01
-1.6485371829e-01 -1.5955539083e-01 -1.3248626378e-01 -1.5307327739e-01 -1.5864327655e-01 -1.6190441282e-01 -1.3300978586e-01 -1.3505431857e-01 -1.6346002871e-01
-2.5024561619e-01 2.9991466092e-01 3.1076448683e-01 3.0461984495e-01 3.0063672245e-01 3.0603641644e-01 3.1353484350e-01 3.0650152044e-01 2.9742895408e-01
-3.7322402293e-01 2.9655281266e-01 2.9212820780e-01 2.9531870369e-01 2.9684584073e-01 2.9633298708e-01 2.9479849947e-01 2.9188694017e-01 2.9819610320e-01
2.0157534616e-01 -1.2002666191e-01 -1.0079427918e-01 -1.0484435722e-01 -1.3789088766e-01 -1.1475320372e-01 -1.1194078313e-01 -8.8681956718e-02 -1.2071516487e-01
-3.1372086807e-01 1.7589206178e-01 1.7496376305e-01 1.8447897568e-01 1.7620192201e-01 1.8706445259e-01 1.7978182145e-01 1.7493655756e-01 1.7884420495e-01
-4.7104039676e-01 2.3800159421e-01 2.2880238381e-01 2.3462068001e-01 2.3879335304e-01 2.3620099943e-01 2.3276516901e-01 2.2850969940e-01 2.4142425753e-01
2.6240311800e-01 -2.6025377654e-01 -1.4564705220e-01 -1.9322049010e-01 -3.7830471655e-01 -2.3845443600e-01 -1.7354846864e-01 -1.2345479600e-01 -3.7330191339e-01
-4.7163599131e-01 2.5207099683e-01 2.4325945787e-01 2.4873908013e-01 2.5278204670e-01 2.5020186725e-01 2.4731058991e-01 2.4266097251e-01 2.5526070982e-01
2.2708745384e-01 -2.0176361241e-01 -1.2851012162e-01 -1.5315961253e-01 -2.4246599523e-01 -1.7278573786e-01 -1.4462566267e-01 -1.1354470516e-01 -2.3108400949e-01
