7.8869973965e-02 6.2908423956e-02 1.2181512097e-01 7.0967136170e-02 9.3376870473e-02 4.8722446174e-02 1.9024778890e-01 9.9962895223e-02 1.8481505292e-01
1.1317392023e-01 3.5421798094e-01 8.8931473530e-02 2.2305667231e-01 -1.7758809680e-01 1.3468906700e-01 2.3907048238e-01 1.8696371134e-01 2.5156414072e-02
-1.7453683210e-01 5.7854313002e-03 1.5386492718e-01 6.7263175080e-02 2.3709557345e-01 -5.1170690014e-02 5.9830936413e-02 1.1915927718e-01 4.1726180219e-03
2.3695400819e-01 -3.3035135393e-01 -2.8411126785e-01 3.1655338645e-01 -2.5637710251e-01 -3.6052435720e-02 -1.0688179528e-01 -1.9702882382e-01 -1.7193049560e-01
3.1483923764e-01 -1.8166520921e-01 -4.9089316651e-01 2.4199882944e-01 -1.1181789454e-01 -4.6298164937e-01 -2.3122875449e-01 -4.2210849975e-01 -2.8724248857e-01
-1.8006156787e-01 2.6279187574e-01 2.7976329978e-01 -1.3337458181e-01 -1.0442253444e-01 4.1888918954e-01 1.7025593033e-01 3.8591283141e-01 4.2970920518e-01
-1.7386009204e-01 -3.3396422913e-01 -2.5443410640e-01 -4.0662466506e-02 -5.9316116897e-02 -2.8039279556e-02 -1.4271901979e-01 -4.2553106065e-01 -2.9583268920e-01
1.6945472368e-01 -1.0376270973e-01 -2.2185161322e-01 -1.1842230606e-01 1.4711425378e-01 -3.6872598578e-01 9.2593306822e-02 1.0102219666e-01 -1.5585724656e-01
1.9125454365e-02 -7.8933767354e-02 -8.0287229382e-02 2.1671308809e-01 -7.5212300879e-02 -1.7545191706e-01 1.3667882756e-01 4.6108416716e-02 -1.2592642828e-01
-3.8446076030e-03 -2.4810902481e-01 -1.1444063321e-01 -1.5851497702e-01 1.6105592668e-01 1.0179659963e-01 2.0692217182e-01 1.2467826319e-01 -9.3140784007e-02
