-8.2973090437e-02 8.0074858551e-02 1.2149097578e-01 2.4032926578e-01 3.8099992178e-02 -2.9090558713e-01 2.5718998109e-02 1.1146215020e-01 2.2526074742e-03 -8.6958282029e-02 5.1634170480e-02 7.7589740133e-02
1.7642164786e-01 3.4166414057e-02 2.1749334896e-01 -2.7848533920e-01 1.7615729989e-01 2.5244725357e-01 -2.7584493381e-01 1.7169792608e-01 -2.4827212745e-01 -2.2243975012e-01 -1.5390348846e+00 -3.0387541176e-01
6.7826859386e-02 3.8570163904e-01 3.5377509576e-02 -4.8316654665e-02 -1.0974533241e-01 -1.0187018332e-02 8.9201396314e-02 -1.4555766874e-02 -3.6776478121e-03 -2.2654373276e-01 3.3338932323e-01 -8.7032641097e-02
-3.3895589403e-01 8.1458951212e-02 -5.9870457131e-02 9.6324041681e-02 3.7556532563e-03 1.6855164060e-01 -7.4474883104e-03 -4.9150621144e-02 -1.7674600954e-01 1.3018203508e-01 -7.1392377744e-02 1.0118464717e-02
-1.5830524606e-02 5.6466986903e-01 1.8315043820e-01 -1.8307885089e-01 1.8139643599e-01 1.6294189529e-01 -2.8005840910e-01 4.0033195794e-01 -6.9319760730e-01 -1.9335419448e-01 -4.2592824051e-01 -1.6167425060e-01
-1.9656835677e-01 5.2074841051e-03 -1.1631651895e-01 1.4774356043e-01 3.7604311327e-03 8.2854101899e-02 -4.8107021437e-02 3.5921659937e-02 -1.2907250704e-01 -1.1240200155e-01 -2.2550108289e-01 1.3605025413e-01
-3.3899825243e-01 8.3390997292e-02 -4.5859973839e-03 1.8463887835e-01 2.9044150514e-02 1.0423249985e-01 4.1107753740e-02 -1.3348228566e-01 -2.4150233257e-01 -1.8886024784e-02 -5.9724134700e-02 -1.7325589733e-02
-1.7692984785e-01 2.0866325419e-01 -2.6623708627e-01 1.5876222072e-01 -2.6033402695e-01 -1.2086668331e-01 1.4178145586e-01 2.6130389180e-01 -6.0151665443e-02 2.7771412884e-01 6.0801501970e-01 -6.3804264670e-02
-3.3649613251e-01 -1.9040688528e-02 -2.4203034927e-01 -7.4993201191e-02 -3.9020969493e-02 6.4641516481e-02 6.2328510874e-02 7.6679303532e-02 7.0631562508e-02 -1.5884339349e-01 -3.6852083065e-03 -9.9178099886e-02
9.3672715621e-02 -1.0344824847e-01 1.4443580559e-01 -3.2170978528e-02 -8.2352763342e-04 1.4304768515e-01 -5.8950990975e-02 2.2948944494e-02 -5.6691663698e-02 -4.9589240595e-02 -4.6465747068e-01 -2.3268371494e-01
-2.8934114957e-02 -4.8213053895e-02 3.6108264230e-02 -2.2768402253e-01 4.3418741354e-02 4.5518434982e-02 8.1129286727e-02 -9.6358570389e-02 -7.8636493537e-02 -1.0368375593e-02 9.2516365302e-02 -4.8842833015e-02
7.8099166910e-02 -3.3139259728e-01 -2.0442526975e-01 1.1777860700e-01 -1.9651852257e-02 -3.3349193349e-01 1.5600674875e-01 -1.6810280917e-01 1.4625723464e-01 3.4709175939e-01 2.1341343569e-01 -1.0519283611e-01
