2.0653569522e-01 -1.6800719174e-01 -1.7326457667e-01 2.1095081496e-01 -1.5603008451e-01 -1.4111720720e-01 -1.7109423670e-01 -2.6364391757e-01 -5.4250045400e-02 -5.9656190775e-02 2.4284173269e-01
-2.3505413578e-01 2.0035065129e-01 1.1012853570e-01 -1.9665218830e-01 1.9610596611e-01 -5.8210502215e-01 -9.2556467534e-02 1.9479992103e-01 1.9656407174e-01 1.9985543016e-01 -2.2861991534e-01
1.4892891971e-01 -1.4743079386e-01 -1.3314046236e-01 1.5769646181e-01 -1.4090266845e-01 -1.1082783791e-01 -1.3030998335e-01 -2.2310138159e-01 -4.4143075285e-02 -6.9301366883e-02 1.9701745286e-01
2.8540711987e-01 -2.2375125607e-01 -2.4931080402e-01 2.8778528143e-01 -2.0849361527e-01 -1.6614104016e-01 -2.5891527749e-01 -3.2379963184e-01 -7.9785771855e-02 -8.3798415449e-02 3.0362902714e-01
9.9992092365e-02 -1.0930287528e-01 -1.2991094699e-01 1.1279666897e-01 -9.7632564925e-02 -7.7252621333e-02 -1.0415821767e-01 -1.8717164855e-01 -3.0651852804e-02 -8.2089747041e-02 1.5421306543e-01
-2.6043403703e-01 1.8345191024e-01 8.6427675445e-02 -2.1683625091e-01 1.7356447190e-01 2.1287791210e-01 -8.9646882760e-02 2.6301263707e-02 2.2880578215e-01 -1.9810057933e-02 -2.9742018128e-01
-2.5135727990e-01 1.7903658560e-01 8.1434323303e-02 -2.0799292041e-01 1.7076850031e-01 2.0847394929e-01 -8.8880073944e-02 2.9044427869e-02 2.1705258755e-01 -7.3837121738e-01 -2.5164081084e-01
-2.6951370042e-01 4.1702802139e-01 -1.0973767825e-01 -1.7878179499e-01 4.2771514184e-01 3.6928105876e-01 -4.2586194581e-01 3.5067858488e-01 4.0861869816e-01 3.1668069672e-01 -2.8506668040e-01
-8.8382196912e-02 2.3217645299e-02 3.5315192454e-02 -9.9572436463e-02 2.3823005518e-02 7.0000144554e-02 3.9164660620e-02 1.5573236648e-01 -1.2311111168e-02 5.2936702552e-02 -1.6475088108e-01
2.2361263092e-02 -7.0003599681e-02 5.2453757901e-02 -5.7020707741e-03 -4.1577892383e-02 1.3864105093e-01 1.1885143296e-01 4.3058991037e-02 -5.7847442782e-02 -7.2696778153e-02 -9.5583262449e-02
7.8477796109e-02 4.1285704649e-02 -1.6417025997e-01 9.6138886612e-02 -3.6665736103e-02 -2.1238999737e-01 -2.1893024328e-01 -1.3106976223e-01 2.8796420030e-02 6.7001259665e-02 1.9197705465e-01
