9.5400007297e-02 3.8013132264e-02 4.3848680246e-02 8.2716112202e-02 9.4054451511e-02 -5.3578551284e-02 -5.6405689889e-02 -2.8302010150e-02
2.9503644562e-01 3.3774401244e-01 3.4200829098e-01 3.0211594680e-01 2.8792203269e-01 -3.2562777164e-01 -3.2443750038e-01 2.0345685601e-01
-5.0855563562e-02 8.1286482816e-03 -2.0593521195e-03 -3.2156813093e-02 -5.5265098875e-02 5.3939447527e-03 5.1814975267e-03 7.3005452648e-02
-1.6704178529e-03 -5.7100220680e-02 -5.4084684274e-02 -2.2039306985e-02 -1.1946100946e-02 4.9804536816e-02 3.7928039900e-02 -1.0933315200e-01
-6.3254740972e-02 -9.5773982802e-03 -1.1889599903e-02 -4.6149684146e-02 -5.9728606630e-02 1.7538394984e-02 2.6719536303e-02 4.9061947408e-02
-2.1230273151e-02 -6.4608203944e-02 -5.5183156004e-02 -2.7982150209e-02 -2.0406621285e-02 6.6197215518e-02 5.7893770556e-02 -1.2136164598e-01
1.4449022336e-02 6.9710314359e-02 6.3336143887e-02 1.8936172008e-02 1.5633960091e-02 -5.7600562623e-02 -5.0824069214e-02 1.1148713962e-01
-1.7279410667e-01 -1.3758686548e-01 -1.4627689408e-01 -1.7198374477e-01 -1.6786796558e-01 1.5054058404e-01 1.5120856138e-01 -5.0311416719e-02
3.6583740581e-01 4.3126007114e-01 4.2590838516e-01 3.8353772763e-01 3.5289415089e-01 -4.2895529089e-01 -4.2162406938e-01 3.0957138958e-01
-2.8214147089e-01 -2.6135878691e-01 -2.6759145339e-01 -2.7401376676e-01 -2.8901597119e-01 2.6022438670e-01 2.6492359799e-01 -2.4887950953e-01
-8.2914400268e-02 -1.2106335823e-01 -1.0925627241e-01 -9.0705221830e-02 -8.6666922468e-02 1.0659415382e-01 1.0557272010e-01 -1.4992533035e-01
