-3.7553698981e-02 -2.5993294089e-02 -3.3373006493e-02 -8.0431316738e-02 4.7297043101e-02 2.4831883838e-02 1.4515830423e-02 2.5831773579e-01 2.2352580033e-01 -2.1211023831e-01 -2.2655194407e-02 -1.8273914087e-01
2.9892437827e-03 -1.0379985362e-01 6.4127866508e-02 2.2537305597e-02 9.0665151586e-02 7.5813897073e-02 1.5297579749e-01 -5.5993127269e-02 -2.3754076290e-01 -2.5929665221e-02 1.0391242469e-01 -7.3068417126e-02
1.0529347952e-02 1.7083594601e-01 -1.4634716987e-01 8.4265760150e-03 -7.4196299806e-02 -6.2511068294e-02 -2.3954797191e-02 3.0390927899e-01 1.6655714817e-01 -1.7866569634e-02 -2.7547803459e-01 -7.2320337205e-02
-2.9433861307e-01 2.1856235711e-01 -3.0100446343e-01 -5.0925890840e-02 -1.0830706840e-01 1.0872403498e-01 -5.2541352234e-02 4.9136454008e-01 1.2176442514e-01 -2.8730145621e-02 -3.0340109431e-01 -2.0108526947e-01
4.7451885383e-02 -6.8544921759e-02 1.3809867524e-02 -3.2244574232e-02 -1.9199064740e-01 3.6244326670e-02 -1.4031968785e-01 2.8418511107e-01 -3.3939300688e-01 1.3343683077e-02 -3.1532875305e-01 1.4825763441e-01
6.9683170063e-02 -1.3907062592e-02 1.6013313732e-01 -1.2356885423e-01 2.4768746520e-01 -2.5637866804e-01 -1.5037097055e-01 -8.5043421629e-02 2.0002096376e-02 2.9328922268e-01 2.4871431942e-01 -1.5963366449e-01
2.2745439828e-01 3.3067407817e-02 -2.6225889865e-02 -6.1698959466e-02 -3.4143961905e-02 -2.0914427250e-01 2.7132867404e-01 1.4604942666e-01 -1.6695291228e-02 -1.9388758200e-01 3.1969362549e-02 -1.7678604625e-01
1.0311233816e-01 1.4515012965e-01 -2.6776596934e-02 -2.3114251613e-01 1.1479523187e-01 3.4958398257e-01 -1.9509445876e-01 2.0705087769e-01 -1.3744085996e-01 -8.7098810329e-02 -1.1979085711e-01 -2.0879980505e-01
-8.0670998912e-02 -7.2390751087e-02 -1.1755000192e-01 2.0416373509e-01 -1.9939743795e-01 3.6274447657e-01 -5.1520507256e-02 3.4370251418e-01 -3.2875997881e-01 9.8175307122e-02 6.1318361310e-02 -3.5163687120e-01
3.1887617767e-01 -3.7885338848e-01 2.7346407478e-01 -8.9498432522e-02 2.0514254141e-01 -2.5028621200e-01 1.7896746047e-01 -9.2761969661e-01 5.9726153080e-02 4.6038347419e-01 3.9331577628e-01 3.4232053835e-01
-1.5685911177e-01 -3.9075984431e-02 -1.1842661688e-01 -1.5513063254e-01 -1.7335576497e-01 -3.8416796520e-02 -1.3133236798e-01 1.4720657335e-01 2.3155201207e-01 -2.0121741980e-01 -2.2048587325e-01 -1.1783088137e-01
-4.7114250946e-02 5.1532625019e-02 -2.0474060514e-01 4.6389267706e-01 -4.4885550644e-01 3.6741546996e-01 -1.6569876097e-01 3.7433595682e-01 -3.6105245684e-01 4.3938561869e-02 -2.5840861551e-01 -3.8597464345e-01
