-1.1141967756e-01 -1.0924230569e-01 -1.9255943242e-01 7.1774643513e-02 2.0926475028e-01 1.3125797198e-01 -9.1548833649e-02 1.0451475483e-01 3.8055701513e-03 8.5967715312e-03 -2.4243835003e-01
1.5391954405e-01 1.4404771112e-01 -2.3542445686e-01 1.6961957824e-01 2.0426587302e-01 -1.0105024199e-01 5.9982266282e-01 1.1592298481e-02 1.1198467401e-01 -7.6908424027e-02 5.6000452261e-02
3.3474301031e-01 6.4172025531e-02 -5.1709352312e-02 8.8474213575e-02 -8.8398198211e-02 4.4917195740e-02 6.7613546271e-01 9.9144338136e-02 -8.6873038011e-02 1.6213015474e-02 1.2656663769e-01
1.4787107158e-01 -1.1175661461e-01 1.2223465185e-01 -2.0813270881e-02 -8.6986855046e-02 -1.9928538018e-01 5.2926895219e-01 3.6754959087e-01 2.8783225270e-01 3.3759060938e-01 1.4351172520e-01
-4.3230479547e-02 -2.6556307674e-01 -3.3875609069e-01 -5.7249389645e-02 5.9111326550e-02 3.4100059322e-01 -2.9910859331e-01 -1.7401325089e-01 -2.0927681413e-01 -5.5139844268e-01 -1.6912247598e-01
2.8135900564e-02 -2.3807993281e-01 5.6609143934e-03 1.9876778608e-02 6.3604546017e-02 -8.7115647221e-02 -2.8310264134e-01 -1.1326934804e-01 -2.2742899269e-01 1.4105240279e-01 -3.4165078667e-01
-9.2592584980e-02 2.8318169736e-01 1.6629659163e-01 -2.6939470994e-01 4.8717555364e-02 4.6698032448e-02 -1.0304035875e-01 -2.1206672821e-01 -2.1406244075e-01 -9.0529254575e-02 -1.6787789584e-01
1.4674584926e-01 4.5520383195e-01 -8.4063726222e-02 4.3730063153e-02 -1.0861637530e-01 -2.8306205188e-01 4.7650778736e-01 4.9147769431e-01 2.4490504327e-01 2.3331917666e-01 3.8847130012e-01
1.7769015552e-02 1.5856900099e-01 3.9006112713e-01 -7.8827650852e-02 -3.2909392533e-01 5.5268732943e-02 -4.5473276429e-01 -7.2344795725e-02 -1.2485205832e-01 1.5981485414e-01 5.6166025821e-02
-2.8189608835e-02 3.4501918684e-02 -1.5863627631e-01 3.3345797268e-01 9.9287510173e-02 2.2924127253e-01 -2.7953094131e-01 -1.8880929531e-01 -2.7557081819e-01 -6.7745868443e-02 -6.3802288940e-02
-5.4018279455e-01 1.4629442143e-01 3.9021551808e-01 2.2094999560e-02 -8.1276881159e-02 3.5760645548e-01 -9.7125602462e-01 5.3670380722e-04 -3.0856476449e-01 1.2803589774e-01 -8.2931116020e-02
