-1.5821083269e-01 -4.9816307165e-01 1.5846825808e-01 8.0709823950e-02 -6.8560068350e-02 1.8029015647e-01 -9.0428359959e-02 2.3914969618e-01 1.0407420362e-01
-5.7620463701e-03 -1.3151172567e-01 2.6562705884e-01 -1.0425915215e-01 -4.1705223667e-03 3.7262463563e-01 2.1262264732e-02 2.9379186890e-02 -3.1936878264e-01
6.4138807883e-02 4.6543851101e-02 2.6520538943e-01 -1.7532332538e-01 4.3037284691e-02 -6.7510747447e-01 2.6866698744e-02 -1.5789742049e-01 2.0268033897e-01
-3.1621252178e-02 -8.0934814401e-02 -3.8572351745e-02 -3.5100968760e-02 -1.1294074879e-01 -4.5081553805e-01 -7.5061465647e-03 3.9473888962e-02 3.9822844521e-01
-4.1996498217e-02 2.9202896865e-02 5.2469317240e-01 -1.5192591764e-03 7.8425858358e-02 4.3642587184e-01 8.5984944482e-02 9.7295960587e-02 -4.9817061239e-01
3.4960873711e-03 -1.7370830816e-02 4.0673001444e-01 -7.2333548909e-02 -1.2831812877e-01 2.3924037544e-01 2.1924056589e-02 8.7388687527e-02 -4.2220872611e-01
-2.1977662767e-02 -1.0027623815e-01 3.0987244698e-01 3.7514006855e-02 -1.0666130946e-01 -3.2467702540e-01 -4.8564218686e-02 -8.6105320671e-02 3.2747838569e-01
5.9635290373e-02 9.7482329583e-02 5.6545323738e-03 -4.4885332043e-02 6.9707614481e-02 4.6008618358e-01 -8.3522559662e-03 -6.2681912134e-02 -4.4976985692e-01
-4.8775706666e-02 1.3281367717e-01 -7.0325638301e-01 3.9656345178e-02 1.1051540932e-01 -2.8537584822e-02 -5.3494254459e-02 -1.2632438184e-02 -3.5943824680e-02
1.5742803979e-01 -1.8267997741e-02 1.3861619426e-01 -2.7910372685e-02 1.8619158107e-02 3.5596714848e-01 -4.0277711598e-02 -4.3416686591e-02 -5.8088923424e-01
2.8640733015e-02 -3.9378063408e-02 4.8664612350e-02 -2.6353913960e-02 3.4675514879e-02 5.1061042076e-02 1.0258642330e-01 -5.3668228037e-02 -5.4469765148e-02
