-1.6713211013e-04 3.7759397789e-04 7.2821118822e-04 1.4100832207e-03 9.5446734086e-04 -2.5024789294e-04 1.0830086420e-03 -2.3810017282e-04 7.2778008749e-04 6.1643497842e-04
2.9830010163e-01 2.7839085151e-01 1.5109663461e-01 2.9699989892e-01 2.5606026133e-01 -3.2223735901e-01 2.5539497399e-01 2.8353612124e-01 2.6478064300e-01 -3.0227648643e-01
2.2070452672e-01 1.9177499168e-01 1.1748675830e-01 2.2143841789e-01 1.6641667045e-01 -2.2983581039e-01 1.6951016666e-01 1.9857893146e-01 1.7765543376e-01 -1.9483917032e-01
8.5017469211e-03 6.3796817502e-03 3.4800892648e-03 7.5514762653e-03 6.2460730445e-03 -7.1977657414e-03 6.2856697716e-03 5.9640392060e-03 6.8559176652e-03 -8.3944962442e-03
7.8963494381e-04 1.4147521879e-03 6.8385324697e-04 -2.8228991710e-04 5.5038652417e-04 -1.5542557469e-04 1.0344402725e-03 -5.1435156335e-04 4.1305667646e-04 -3.8748328240e-04
2.1316719039e-01 1.9100600774e-01 1.5980077572e-01 2.1499877420e-01 1.6715480416e-01 -2.3104374241e-01 1.6953485445e-01 2.0182942447e-01 1.7945656969e-01 -1.9335003139e-01
-1.8370237561e-01 -2.7966029680e-01 -3.8937168099e-01 -1.8240673826e-01 -2.9868738969e-01 2.3956794176e-01 -2.9486584271e-01 -2.7453396495e-01 -2.8880022785e-01 2.4748041234e-01
7.7466823559e-04 -2.0624223176e-04 -9.7633690359e-04 1.4757495544e-03 9.3415490927e-04 -4.8199250310e-04 2.0258277260e-04 4.9349343810e-04 1.1722928074e-03 -1.0255173082e-03
2.9847313131e-01 2.8129380687e-01 1.4760362010e-01 2.9968255853e-01 2.5707884980e-01 -3.2457239654e-01 2.5833327229e-01 2.8674927473e-01 2.6673261336e-01 -3.0390977950e-01
2.0092539443e-01 1.6963752228e-01 1.4703433557e-01 1.9960902401e-01 1.4633374210e-01 -2.0679239072e-01 1.4897492058e-01 1.7500265466e-01 1.5673681030e-01 -1.8991690103e-01
2.9465527718e-01 2.7606226310e-01 1.4640269789e-01 2.9469008492e-01 2.5312422005e-01 -3.2186705491e-01 2.5418144933e-01 2.8151243013e-01 2.6278782671e-01 -2.9915802475e-01
