-1.7619740677e-01 2.2015511418e-01 3.4955577589e-03 -1.9544152075e-01 -5.0099404879e-02 1.5980299318e-01 -9.5031971079e-02 -2.3583774225e-02 1.5300925059e-01 -3.0345110517e-01 1.2112661922e-01
3.0293671591e-02 -4.8049626719e-01 -3.8092449008e-02 1.5849918118e-01 -2.6598333849e-02 2.0606014236e-01 -9.1050426351e-02 -3.5996145642e-01 -1.2163261673e-01 4.4176306319e-01 -1.3773314564e-01
-2.5687157095e-01 8.7190830426e-01 -8.3995606717e-02 2.5267071928e-01 -3.3827412564e-01 -2.3941321187e-01 -2.2702689526e-01 2.4514694617e-01 -7.0666221402e-02 -6.9675138518e-02 2.8711723686e-01
-2.3347382492e-01 2.8290115553e-01 -2.7843401676e-01 5.0271565554e-01 -1.5267252047e-01 -2.6285205305e-01 -2.4874547258e-01 3.3227624251e-01 -3.2315873345e-02 -1.7867599843e-01 3.5855829229e-01
-2.5733026759e-01 5.6208289757e-01 -1.7397964902e-01 2.9101248654e-01 4.6492989014e-02 -1.0381592376e-01 -1.6429142938e-01 4.1906990397e-02 -3.0837729567e-01 -1.0546955542e-01 5.1780316783e-01
-2.6452836303e-01 7.7808068470e-01 2.3818452673e-02 4.4891316146e-01 -3.2069958560e-01 -3.4130368150e-01 -2.4518273568e-01 3.1271395318e-01 -2.3592474122e-01 -1.5773410749e-01 5.4157753758e-01
-1.9436483090e-02 -3.4155229262e-01 6.3249595654e-02 -4.3547387890e-01 1.3049052733e-01 8.4986740674e-02 -3.1929154263e-01 7.7798384060e-01 -7.3331016023e-02 1.6618216841e-01 -3.5341444560e-01
1.4678939856e-01 -8.5049920952e-02 1.1054791775e-02 -2.0086687557e-01 1.4669628287e-01 2.4814558947e-02 -2.4599009204e-01 -4.5875482072e-02 2.3437990204e-01 -5.0596188739e-02 3.2136938053e-03
-2.6140276951e-01 7.0100728519e-01 2.5656307307e-01 1.8322163545e-01 -1.4454040324e-01 -6.8352471468e-02 -5.4244999047e-01 4.7871098179e-01 -8.8091878736e-02 -3.1115797145e-01 3.7410028201e-01
-5.9718208914e-02 -5.2097967252e-02 -6.2681518916e-02 3.5779109203e-01 -7.1880108436e-02 -6.1231686686e-02 -1.4284030002e-01 2.3767479920e-01 -6.3157046126e-02 1.8075680891e-01 1.1982173438e-01
2.2644532312e-02 6.6659804018e-01 5.0967001193e-02 1.4628312336e-01 1.6345822967e-01 -3.2694634136e-01 -2.6838479979e-01 8.7249517937e-02 -2.9743079755e-01 -9.8007606193e-02 7.2846882555e-01
