-4.9969470426e-01 -2.7014642938e-01 5.8367565180e-01 -2.4818941606e-01 -2.8115413497e-02 -2.9903625057e-01 -3.9255736909e-01 -5.1346752803e-01 2.5574105728e-01
3.2163926833e-02 -1.6138012986e-01 2.3658793950e-01 -1.4333464035e-01 7.0029020076e-03 -5.0388580113e-02 1.9581723860e-01 -9.4324607338e-02 1.0559503711e-01
9.0808694006e-02 -3.0108341966e-01 3.2266476019e-02 -2.1548037123e-01 -3.1114860853e-02 -3.2344908276e-01 -1.5923520453e-02 2.4573696474e-01 1.4548481500e-01
-3.2960200566e-02 2.1221429990e-01 -1.7072505039e-01 2.5633912273e-01 -1.6358910714e-01 2.9937608099e-01 1.6235425268e-01 2.7157254984e-01 -8.4371722258e-02
-7.4817429756e-02 -3.9739210745e-01 2.8321190191e-01 -3.4500762674e-01 1.2108788065e-01 -1.3678021869e-01 -4.1776955999e-01 -6.8483210898e-02 2.1670723845e-02
1.7278480400e-01 2.7723952030e-01 2.8749540423e-02 -8.2612386034e-03 -4.5499611680e-01 2.1406238612e-01 3.6021988335e-01 1.4566212573e-01 -2.7874810346e-01
8.6479382165e-02 1.8594111797e-01 -2.7058845260e-01 2.2940962243e-01 -5.6539010300e-01 1.9509237343e-01 2.1035526621e-01 2.9532511964e-01 -3.4927111638e-01
-5.5575135532e-01 -2.4877133459e-01 2.6299297967e-01 -3.7331240074e-01 2.4355748654e-01 -2.8104250548e-01 1.6265703658e-02 -1.6189438323e-01 4.5162719134e-01
3.6172070955e-02 -2.7664468999e-01 3.7063238258e-01 -4.5351526971e-02 1.4003969198e-02 2.8411267125e-02 1.9293224993e-01 4.0639707026e-02 6.6219057431e-03
-2.4180962359e-01 1.1456898653e-01 -3.7390083354e-01 8.9068703636e-03 1.0307864171e-01 9.0578101440e-02 1.0774638779e-01 -2.8549119644e-01 -2.3010204011e-03
