-1.0699745495e-02 -5.8036065125e-02 -8.1364035753e-03 -5.1851016994e-02 -1.3741462381e-02 1.1977855474e-02 1.9450344993e-02 -1.5605447764e-03 7.1028738238e-02 -4.7244956310e-04 -4.8645500781e-02
-8.7646662689e-03 1.8285864694e-01 -1.3313755391e-01 1.7952972497e-01 -1.2529659300e-01 -1.3733256155e-01 -1.4610919828e-01 6.3542528756e-04 -1.8559399659e-01 -1.3092780450e-01 1.7418009160e-01
-4.6210770540e-03 -6.5726436791e-02 1.0717209332e-02 -5.2388357754e-02 -5.5835610413e-03 1.7792248387e-02 2.8141103405e-02 2.3631815243e-03 7.0434095030e-02 1.2917661492e-02 -5.5633059301e-02
1.4166477418e-02 -5.8214261814e-02 1.1085097512e-01 -5.6984383833e-02 1.2232807265e-01 1.0695971567e-01 9.5799180048e-02 -1.1052997788e-03 4.9952428513e-02 1.1589241805e-01 -6.1922209882e-02
-1.0746555061e-02 -6.4092475069e-02 1.3649001289e-02 -6.0149914499e-02 -5.9629112656e-03 2.1966073042e-02 2.8589318992e-02 3.1153064743e-03 7.0567915497e-02 1.5175756647e-02 -5.9323183599e-02
6.3853052829e-03 5.6562879321e-02 -2.0503653932e-03 5.2291986196e-02 9.6459634814e-03 -1.7699713103e-02 -1.1763893201e-02 3.1762854220e-03 -6.5339808314e-02 6.8455442900e-03 4.8065640994e-02
-7.2789131919e-03 -7.2928306220e-02 2.5160473349e-02 -7.4515762145e-02 -4.3852910322e-03 2.9349510578e-02 3.6288810453e-02 5.0333963181e-03 8.4833833633e-02 1.6784692629e-02 -7.2854783587e-02
1.8594327987e-03 -1.1610551353e-01 6.2150334005e-02 -1.1359134189e-01 5.1833167660e-02 7.4258163526e-02 9.0970288020e-02 -3.1003459717e-03 1.2668177355e-01 5.4892903967e-02 -1.0584994274e-01
-6.5579266007e-03 2.7039032492e-01 -2.2709157855e-01 2.6602284500e-01 -2.2599020160e-01 -2.4116899989e-01 -2.4294868840e-01 -3.2828247195e-03 -2.8235564907e-01 -2.2987990879e-01 2.7290221776e-01
-1.7274313160e-02 2.1202386680e-01 -1.7990126714e-01 2.0607381568e-01 -1.4547782286e-01 -1.7044325585e-01 -1.7008913650e-01 2.8850821227e-03 -2.0866640312e-01 -1.5949057486e-01 2.0406911716e-01
-4.5558163680e-04 7.8836481481e-02 -3.9523350500e-02 8.5103359665e-02 -1.9572050482e-02 -4.1970990847e-02 -5.3095735226e-02 -5.9380736532e-04 -9.4168821691e-02 -2.7707796937e-02 7.5284090710e-02
-1.7264824102e-02 -4.9639074548e-02 1.4924738377e-03 -4.6955938814e-02 -2.1956323831e-02 5.4620623253e-03 1.8196147962e-02 -2.8935985120e-03 5.6639339629e-02 -9.0706742870e-03 -4.1879433351e-02
