1.0603281276e+00
-3.9109640256e-01
-3.9460460670e-01
2.3183453474e-01
-9.6524585634e-01
5.3374253135e-01
5.6673990801e-01
-1.2879836314e+00
-9.3306201268e-01
5.4802273566e-01
-5.9912085847e-01
-4.4095036241e-01
-8.6630961648e-01
4.3487035249e-01
-8.7737122118e-01
-7.8469362698e-01
-6.9863693440e-01
1.5629160873e+00
9.9916197812e-02
-7.9990374923e-01
8.1444621615e-01
1.3734246754e-01
-4.3792912766e-01
1.1395320383e+00
1.2886215948e-01
5.1673966316e-01
1.7900681827e+00
-1.1128921028e+00
-6.0373551087e-01
-1.2514738780e+00
1.2383291023e+00
-1.7040887003e+00
2.0568564910e+00
7.8116279982e-01
1.6924293317e+00
6.7458051933e-01
7.1160856751e-01
1.4818309513e+00
-2.6224025335e-01
-7.2112780403e-01
1.1260541802e+00
-4.3755980092e-01
5.1036471907e-01
5.2777446763e-01
5.1924654478e-01
-4.7591947937e-01
-3.9407615518e-02
3.1942524409e-01
-6.3643804175e-01
6.7710709264e-02
-4.8752133990e-01
-2.3354156088e+00
-1.5238461615e+00
9.8234241842e-01
-1.3809041463e-01
-8.2128291767e-01
8.1317114699e-01
-1.3201780028e+00
-1.4194165621e+00
5.8760857842e-01
2.9031994640e+00
2.3445531309e-01
5.6907268001e-01
-9.0767598791e-01
-3.6111737001e-01
-3.5978843292e-01
2.1006691134e+00
-1.8095002422e+00
6.5515605236e-02
-9.0033352384e-01
1.0769514934e+00
5.3356056311e-01
-5.8788780840e-01
-1.3885249898e+00
1.2500541908e+00
-5.0220297615e-01
9.9704269621e-01
5.3809464570e-01
8.7777122652e-01
-1.1069583574e+00
1.0320165630e+00
-6.7343743680e-01
1.9409851739e+00
6.9335814465e-01
-2.0736785045e+00
1.1394829018e+00
-1.1379924450e+00
3.9925453220e-02
1.6597713961e+00
-1.4537910316e+00
-1.7791315685e-01
5.0689667658e-01
2.2503436866e-01
-1.0087300508e+00
-6.5422896913e-01
-1.9589467821e+00
-8.2022427675e-01
-5.5203219239e-01
2.2322344727e-01
1.8759577416e-01
5.4387126900e-01
-6.0109905286e-01
-5.2406007136e-01
-1.7670098425e-01
1.7753518115e+00
