-1.9600080276e-02
1.6284089568e-01
1.3656510654e-02
-4.7598456279e-01
-1.6776332665e-01
-6.4977032908e-02
-4.3470706200e-01
-7.0315614236e-03
-2.6074880855e-01
5.2642529454e-02
3.1823381187e-01
5.0342097523e-03
1.3027195921e-01
-1.8571066669e-02
-3.9841087824e-02
-1.6420997421e-02
-2.9110314547e-01
-1.2360299542e-02
-4.7988378665e-02
3.1589694636e-02
9.7200828273e-02
-9.5341183228e-03
-9.1026299839e-03
-1.2285657195e-02
-8.1421859125e-02
-4.7788845720e-02
-2.4829608803e-02
8.8087737214e-03
-5.6871031545e-02
2.3833120646e-02
1.3078487819e-01
6.8219566594e-02
2.3580349963e-02
-5.0863296707e-02
-5.1652802354e-02
1.4098524979e-01
9.5105185230e-02
-9.9811348820e-03
-2.8301753506e-02
-5.3453802626e-02
-3.8049121806e-02
2.0059009631e-01
4.1886815950e-02
2.1037503407e-01
9.2414431285e-02
1.2609112183e-02
2.4507925226e-02
-8.2047354951e-03
6.6331738556e-02
2.9086253502e-02
4.2593005391e-01
-1.9889457108e-02
3.1757211760e-02
-3.8802982470e-02
1.3873432683e-01
-9.1743478635e-02
-8.2819535718e-02
-1.0055369691e-01
3.1500095948e-02
-6.7093130758e-02
6.2703637645e-02
3.9817951449e-02
-5.9323256698e-02
-4.4388558765e-02
2.2082069635e-01
-3.3122846435e-02
-1.0576133317e-02
3.4505997590e-02
1.3449889071e-01
-6.9527559070e-02
4.2446633826e-02
-2.0468189669e-01
1.4685464370e-01
-3.1498008691e-02
1.1606852045e-01
4.9841111377e-02
-1.5297436199e-02
6.1361421345e-02
-3.7256903026e-02
3.0950842698e-02
-5.0947505225e-02
-5.3017927287e-02
1.7536080603e-01
1.3847305760e-01
-3.6871632337e-02
-1.0552607254e-01
2.4331980508e-01
-6.6997999647e-02
-7.1712444484e-02
6.6303346932e-02
4.8048306036e-03
-3.6893632659e-02
2.0962676934e-02
-4.9950813375e-02
1.2535883072e-01
1.8617142537e-03
-8.9052301864e-02
7.2091371518e-02
4.0148957832e-02
5.4900225046e-02
5.6604704865e-02
7.6283938591e-02
3.8216537751e-02
-3.6185013146e-02
-1.3248731266e-01
2.3559995987e-01
3.8771009810e-02
2.8778567434e-02
-3.2936165786e-01
-4.1497555312e-02
2.6784384781e-02
-1.0214216285e-01
-1.8269492726e-01
8.7970015243e-02
5.6740534286e-02
-1.2657008134e-02
-5.3903937706e-02
8.4717340579e-02
-8.5211607696e-02
-6.8049761459e-02
-1.6947724630e-01
4.9220003360e-02
-1.0736394753e-01
5.4754964229e-02
-3.7980257982e-02
-9.3819231766e-02
-1.7347405753e-02
-3.2887023009e-02
-2.9979885507e-02
-7.7414744815e-03
-7.7693025304e-02
3.0559790792e-02
1.5556138692e-02
1.2875568588e-01
2.4271293931e-02
-7.3914993283e-02
-2.1250429607e-01
-1.3760737735e-01
-3.1312426429e-02
-1.5526400106e-01
3.3911298694e-02
-1.3999363316e-02
-2.6277078652e-01
-4.4609245968e-02
2.2864676602e-01
-5.2795254382e-02
-3.7351493061e-02
-5.9413680236e-02
-4.1501090305e-02
1.4923017007e-02
-6.3128334439e-02
7.6403397926e-02
3.0564278557e-02
-5.1880565022e-02
3.3133936128e-02
2.7937996103e-02
-2.3479030408e-02
8.7828823797e-02
-2.3409398222e-01
-2.8567150221e-02
4.2940792383e-01
5.2717335438e-02
-3.3397924337e-02
-3.5822163338e-02
3.9383282353e-02
-9.6850744025e-03
-3.8874265017e-02
5.0787947445e-02
2.1165110422e-02
-5.3157459218e-02
-9.3698030793e-02
-2.8655587451e-02
-7.8575158360e-02
6.1162701575e-02
-2.1471607779e-02
1.9884554232e-01
6.7564793940e-02
9.7755520466e-02
-4.4387576682e-01
-2.9120453482e-02
-9.0759858086e-02
-3.9332190420e-01
-1.4002671157e-02
-3.9492777286e-02
6.0987796870e-03
-4.1025772590e-02
-1.8655039086e-02
4.0991487161e-02
-8.0485643648e-02
2.0081240068e-02
7.2347345150e-02
-5.9311131145e-02
-9.3534283275e-02
-4.4867483714e-02
6.1997029865e-02
-1.8544836516e-02
-1.0593224580e-01
