2.5195102623e-02 3.7297803629e-02 -4.2555057018e-03 4.3301183732e-01 5.8226156911e-02 -2.4369465589e-01 -1.8079003842e-01 2.3846317915e-01 4.3126666934e-01 9.5449082076e-02 1.3007331977e-01 2.1109827709e-01
-2.0499342263e-01 6.5859542047e-01 -2.2070041139e-01 -2.1733686838e-01 -1.3748512655e-01 2.4543139826e-01 -2.1292539728e-01 -2.5109705440e-01 -4.8593882088e-02 3.8071775376e-02 -8.3752212951e-02 2.2130932363e-01
-2.6072169788e-01 -1.1718689112e-01 -4.4515246430e-01 1.4066899791e-01 -5.8896719440e-02 -2.1004239052e-01 -1.8874062202e-01 1.6335808076e-01 -2.1399326730e-02 6.8004398773e-02 -9.4971620581e-02 -2.6446061433e-01
7.7363081813e-02 1.1630860589e-01 5.6876623361e-01 -1.0716651886e-01 9.4033770844e-03 9.4026626130e-02 6.8472334546e-02 1.3021799713e-01 -1.4921761659e-01 3.7836618110e-01 3.7140306472e-01 3.4383133243e-01
1.2686608306e-01 -7.6782150730e-02 1.2987647248e-01 -7.3198827474e-02 1.6922052571e-01 -3.2461281319e-01 -1.3147290901e-01 -1.9344947369e-01 -2.9056066441e-02 1.0842370532e-01 1.2030842422e-01 -5.7240787686e-01
-1.1945036240e-01 1.4465862491e-02 -2.1715315499e-02 3.1568472048e-01 3.2573520814e-01 4.4064967680e-01 -2.2670610147e-01 -9.1350218396e-02 -1.4107370468e-02 -4.4502084768e-01 -2.9856337140e-01 -1.9328546351e-01
1.5126965943e-02 3.9819404987e-01 -1.6859403632e-01 5.3656786979e-02 -2.3627144071e-01 4.8945160688e-01 2.2244378855e-01 -1.2408633906e-01 3.1765750502e-01 1.2215613011e-01 -3.5087422133e-02 4.1076649580e-01
-2.1408991843e-01 -5.3767251516e-01 -2.7379117494e-02 -3.0335788628e-01 -3.1998803144e-02 4.3779763530e-02 3.9216244896e-02 2.8179275175e-01 -6.7068131736e-02 -1.4804698085e-01 5.9364016284e-02 -1.0458460669e-01
-8.1725579889e-01 -4.0953598027e-01 2.5290828586e-01 -2.6583552201e-01 -1.1506010316e-01 -4.9564136494e-01 9.3051078994e-02 2.5118799052e-01 -2.7640902423e-01 -1.0748626673e-02 -3.6392300725e-01 -5.7529719386e-02
-3.5040822820e-02 4.7651655600e-01 2.2415379021e-01 5.0852674282e-02 2.3137719134e-03 3.1339385912e-01 -6.6822690056e-02 -2.0419564697e-02 -6.4839646971e-02 2.7539608680e-01 1.4403265413e-01 -6.2778285333e-02
-3.3000662711e-01 2.6954378592e-01 -9.6744971900e-02 -1.1181855683e-01 2.6943691828e-01 1.3880417279e-01 -2.8410203684e-01 -2.3487356270e-01 1.7843591281e-01 -2.0827243464e-01 3.7850666358e-01 -1.5853102551e-01
1.8399376918e-01 -1.1079903345e-01 -3.0605622915e-01 2.4378672384e-01 -4.9583754708e-03 -4.4150575495e-01 7.0026544683e-02 4.1122759471e-01 -2.7080230373e-01 -2.2073592527e-01 5.7505433546e-01 3.5223304439e-01
