-1.4344645016e-01 -2.6123906932e-01 8.0649002091e-03 -1.9748469050e-01 2.5260423599e-01 -1.7786849214e-02 7.2483297732e-02 4.9106761349e-02 -5.4938655726e-01 2.5266193666e-01 5.3076348197e-01 -1.9696074977e-01
-3.3900618568e-01 -1.5265733421e-01 -2.1554927310e-01 -3.4913699815e-01 1.5656183853e-01 7.6858161628e-01 1.1030435931e-01 8.1093645902e-01 1.1607365550e-01 -2.9006464572e-01 1.5388052453e-01 -1.2397224495e-01
-8.3247948950e-02 9.0423811187e-02 1.7715179140e-01 4.7749860363e-01 -4.0250920340e-01 -2.1854432101e-01 3.4982031839e-01 -4.0699255608e-01 3.1048903860e-01 4.1696285066e-01 3.6543278088e-02 -4.9779420732e-01
4.7997352478e-02 3.3516022028e-02 -4.4256247642e-01 7.3045069486e-02 1.7368689463e-02 -2.7129461685e-01 -3.3235362641e-01 8.4964896209e-02 3.0945753772e-01 -5.6770113570e-02 1.4096427132e-01 3.8672187256e-01
-3.1346481728e-01 -6.8226390514e-02 -3.7529306301e-01 -6.8923313962e-03 2.4545606123e-01 -2.5109501475e-01 -3.2067535815e-01 3.2978905935e-01 -3.6138356609e-01 3.4309641695e-01 1.3997968652e-02 -3.3247402521e-01
-3.7304248121e-01 -3.5797450156e-02 -5.3635994401e-01 -2.8812356077e-01 2.9502749143e-01 6.2055572769e-02 -1.4701764019e-01 1.2338073165e-01 -1.2512268010e-02 1.7516492787e-01 3.0523601413e-01 5.5626157900e-03
2.5059848670e-01 -1.2357820775e-01 -3.4722560471e-01 3.6228892066e-01 2.4400389287e-01 2.2416902469e-01 -5.9746794910e-01 1.5270942385e-01 1.4468022605e-01 7.9733321439e-01 1.7595403539e-01 4.3693259756e-01
-4.4445849708e-01 -6.9453486029e-02 1.9471343906e-01 -2.4725162821e-01 -4.1204803957e-01 1.3056670735e-02 -1.9284711422e-01 -3.0509086796e-02 2.3304858351e-01 -2.5331128881e-01 -4.0532316760e-01 1.9822629242e-01
1.4102155440e-01 1.8248612684e-02 -1.5661940195e-01 7.4566289577e-02 -2.2942936932e-01 4.3060327448e-01 -3.6314940223e-01 8.5555822761e-02 1.2890600728e-01 3.7254798671e-01 -4.4776922671e-01 2.3230918359e-01
6.5609611115e-02 -1.8899966841e-01 1.5341759990e-01 -3.1290936318e-01 -3.7643813025e-01 3.3882644672e-01 -1.6036037764e-01 5.5334052268e-02 3.7607307742e-01 -3.5646750653e-02 5.6278887151e-01 5.6410597825e-02
-1.8257717942e-01 -2.7658427188e-01 5.8622029504e-01 -2.2258271235e-01 -3.5048733208e-01 6.6658292705e-02 9.3899078539e-02 2.7331144218e-01 6.9579814685e-01 -2.9804207510e-01 -3.2941985638e-01 6.9392369748e-01
-2.4672054170e-02 1.2335722190e-01 1.7945547234e-01 3.5329290066e-01 4.0410633505e-01 -2.3715413233e-01 3.7493959364e-01 3.7841387053e-01 -5.4440275797e-01 -3.1377267449e-02 -8.7748333797e-03 -9.9527185986e-02
