-1.4862186048e-01 1.9285276761e-02 2.6433776774e-01 2.0571367129e-01 -3.0344577252e-02 -2.1787211432e-02 2.9401240548e-01 2.7589716825e-01 -2.9856569174e-01 -5.9948887028e-01 1.0435895687e-01 3.8304861101e-03
9.1890624865e-02 -1.2191836408e-01 -4.3970308100e-01 -2.2716014971e-01 -2.2970437503e-01 2.4099299458e-01 2.1164610991e-01 7.6366897071e-02 1.6786804282e-01 3.5361158251e-01 -2.2553062139e-01 -3.1118080214e-01
-2.2913835526e-01 -1.0100379504e-01 -6.5075793974e-02 -4.6557838896e-01 3.8348928389e-01 -1.4902384203e-02 -3.4756264082e-01 -4.1862629362e-01 -5.8414468509e-01 -1.9897545863e-02 6.2737679630e-01 1.5248074127e-02
-1.8888061143e-02 4.2134742367e-01 -4.5431083931e-01 -1.2589142152e-01 3.7994871483e-01 -2.5651903264e-01 -4.1831240796e-01 1.9927714436e-01 -1.1322235825e-01 -1.3410067810e-02 -3.2792756414e-01 -2.2941216650e-01
-1.7828836345e-01 -2.3598777640e-02 3.5933733754e-01 -1.8667194649e-03 -1.7288608567e-01 -1.3313145005e-01 -4.8670540986e-02 4.6440242641e-02 -6.3659437832e-02 3.4605857483e-01 2.8794888378e-01 -5.6947509197e-02
-2.8156121673e-02 2.4223556176e-01 3.4943407940e-01 -2.5773266970e-01 2.6178776458e-03 -2.5728523421e-01 -5.9972110759e-01 3.1294805199e-02 3.7028886312e-01 1.7706561113e-01 8.6486860695e-02 -2.8399960824e-01
1.0850475325e-03 8.3607803463e-02 7.2292973742e-01 7.5738705565e-02 3.4835440902e-01 -4.4707380441e-02 1.6374315103e-01 -2.2909894300e-01 2.3425811782e-01 -5.5280778905e-01 2.4780496406e-02 9.3019193834e-02
-8.2922555640e-01 -1.2244195405e-01 -2.2940087617e-01 1.8519074443e-01 5.2282657162e-01 6.0488039997e-02 2.6162084195e-01 -3.6793101305e-01 4.7932071090e-02 -1.0736105749e-02 -4.5323082228e-01 5.3519725131e-03
-5.2351830261e-01 4.9685798991e-02 -1.1211600665e-01 4.4420262568e-01 5.2184747437e-02 9.2650885523e-02 3.3287367023e-02 -5.1824147008e-02 5.7888338907e-01 -4.8237363482e-01 -2.0140002533e-01 -1.5978907918e-01
-3.3617548159e-01 -2.3101490525e-01 1.6344590129e-02 1.0654328253e-01 9.7770355904e-02 3.5924075837e-01 -1.1721575908e-01 9.8926098608e-02 -1.8367021974e-01 -6.3480728679e-02 -2.1445158647e-01 -2.9555533581e-01
1.1139029996e-01 -3.3084847469e-01 -3.9744427465e-02 -3.0392582724e-01 -8.7729028205e-02 -1.2563680779e-02 1.7124126783e-01 -5.6057602700e-01 1.5058667876e-01 -2.1953428141e-01 -2.9228319261e-01 -1.8183430323e-01
3.5040407236e-01 1.1090471051e-01 6.0125459276e-02 4.6123173609e-02 2.9267094946e-01 -1.0951844552e-01 -6.3556017388e-01 -8.0656556625e-01 -1.9787094294e-01 -1.0443888996e-01 4.6621486851e-02 -4.1293875976e-01
