-3.2372930124e-01 -2.3812883401e-01 4.4464916162e-03 -4.0787234367e-01 -9.7608754411e-02 -2.4706283345e-01 4.0166853981e-01 8.5477327502e-01 -3.6647334073e-01 -2.5332313632e-01 -3.9168386928e-01 -2.8310191474e-01
3.0021268649e-01 -3.3176898735e-01 -2.6145071447e-01 2.9135060219e-01 -4.3053635336e-01 -3.6556921295e-02 5.8415500145e-01 -3.1181591556e-01 1.4269588373e-02 -4.5877099696e-01 -6.2989246700e-01 -2.1219711057e-01
1.2233213003e-01 3.6387048623e-01 3.0888202102e-01 7.0730116603e-02 -5.9098997816e-02 -8.9272294068e-02 -1.2870725745e-01 4.6030752127e-01 -4.6041205317e-01 -4.1401562460e-01 -2.3328746784e-01 3.6254020572e-02
2.7371483767e-01 4.8422965008e-02 -1.1562925945e-01 1.5418068389e-02 -1.3514449174e-01 -3.9492285388e-01 -4.0296781518e-01 2.4579158678e-01 1.9999870359e-01 -2.0351118720e-02 2.7728409075e-01 -9.0204471216e-02
1.6733940760e-01 5.3854570183e-02 -1.2399534057e-01 -1.4471019355e-01 -3.7110000409e-02 -3.9080841428e-02 2.4782099805e-02 6.1687599583e-01 2.4424675228e-01 3.4414357856e-01 -3.1667352662e-02 4.8992120401e-02
1.9547237828e-01 3.9585592887e-01 -5.2703929878e-02 -4.6815442180e-02 -1.3882347765e-01 6.0326170838e-01 2.6854807361e-01 4.3925440444e-01 6.1885760851e-01 -1.4026110687e-01 2.5238430794e-01 -1.5907203412e-01
-6.7524389468e-03 -3.0706823505e-01 6.5120632518e-01 1.8750300459e-02 -4.0390563925e-01 -6.6288032446e-02 -4.8097811276e-01 7.4033158511e-02 2.9725022245e-01 6.0001611231e-02 -2.4049843926e-01 9.1661452919e-02
2.7425594025e-01 -3.7340659848e-01 6.6374115162e-01 -3.5278338838e-01 -1.9959997887e-01 4.0193703880e-01 -1.4714063143e-01 5.2715613389e-01 7.2466594968e-03 -5.0127531340e-01 1.5771723892e-02 -4.3021810034e-01
2.1129433236e-01 4.9174320016e-01 3.2476860754e-02 -1.0850877625e-01 -5.6061517278e-02 -1.3880922160e-01 2.3219355321e-01 2.6399387083e-01 1.4875373713e-01 9.2501837598e-02 6.6577746379e-01 -1.2965182648e-01
-3.7965833111e-01 -3.0504347119e-01 -5.5036179437e-01 6.3320759485e-01 5.1948743068e-01 5.8965791688e-02 -1.8190536417e-01 1.9818071304e-01 3.9163262825e-01 -1.5819148862e-01 1.7934977596e-01 1.5085521784e-01
-4.1780728491e-01 5.9347960491e-01 -8.1229599431e-02 -3.9114753999e-01 2.6798770201e-02 1.4917146535e-01 4.2411264129e-01 1.7053758626e-01 -3.8004587750e-01 -1.9017399302e-01 -7.9947463253e-02 -3.1969544703e-02
1.1794923160e-01 -2.8011226474e-02 2.4875111367e-01 -2.5648264522e-02 1.6182070180e-01 3.0013105787e-01 -2.4739331850e-02 -3.8901215773e-01 -7.3495938659e-02 -2.8360246756e-01 -7.1779096501e-02 -6.9623967287e-02
