1.6440537014e-01 3.8563631483e-02 1.4540116723e-01 2.1084582637e-01 -2.0560557904e-01 -5.6258017872e-01 -1.0124387406e-01 -3.1197574037e-01 -2.8388095571e-01 -1.5131444826e-01 -2.7717811921e-01 -9.3445552531e-02
3.5067063896e-01 -4.2375187058e-02 -2.7362638926e-01 -2.5776678258e-01 5.8460089910e-01 -1.7356354805e-01 -4.1845876271e-01 2.2958071370e-01 -1.6803025988e-01 -1.3149332399e-01 9.6509867255e-02 -4.4200841364e-01
2.1256325417e-01 -1.6835410962e-01 1.2933136945e-02 4.0894503041e-01 -1.3166586475e-01 -5.0873548178e-01 1.3742305648e-01 -2.2892905359e-01 5.0572776616e-01 4.5275383444e-02 4.5601177055e-01 1.2508566943e-01
-4.2826615725e-01 -2.9783844495e-01 -4.8428769991e-01 -8.2042292452e-02 1.7087805209e-01 -4.1688174387e-01 -2.2246704444e-01 3.8609477957e-01 5.1673877559e-01 4.2124596947e-01 1.5445881063e-01 2.6440965188e-01
-3.6010906581e-01 3.5998672053e-02 6.7518359693e-01 -3.4743310200e-01 3.8237007780e-01 -1.7977321308e-02 -3.3307153825e-01 5.5567968344e-03 -7.9526796014e-02 -2.0402963703e-01 5.2526056435e-01 -2.6422472655e-01
1.9763522188e-01 1.0437294504e-01 -1.2090714157e-01 1.9802252395e-01 -7.0096819155e-02 1.5703129487e-01 -1.1974977072e-01 -1.8136485667e-01 -1.4922290905e-01 -1.9487829102e-01 -4.5576501695e-01 4.0420978564e-01
-2.9222171815e-01 -2.1797576256e-01 2.7970086754e-01 -3.3351315096e-02 -8.8435086804e-02 3.0175889558e-01 -2.2866770413e-01 -8.4630218403e-02 -7.2606525713e-01 -7.9172383449e-02 -2.7972661259e-01 4.1190590509e-01
-8.5334798674e-02 -3.3707144066e-01 -6.2844082518e-01 2.0854624626e-01 -2.8283911317e-02 -1.2676299705e-02 3.5562763653e-01 -2.9399446970e-01 4.2077529154e-02 3.1842471551e-02 -2.4872476042e-02 -1.7900503396e-01
-4.2749866333e-01 2.3645661743e-03 -5.2861704573e-02 1.8724141151e-01 3.0669671675e-01 -5.4071069887e-02 1.3461393029e-02 1.4876474311e-01 -2.5889671513e-01 -7.5662155776e-01 2.4264373474e-01 -2.6543782427e-01
-2.0469984389e-01 -5.0299926050e-01 -2.7605968766e-01 3.8766054958e-01 -6.9457575333e-02 -1.7150043805e-01 -7.1559723594e-02 -3.1647475491e-02 -3.6769271638e-01 2.4654886286e-01 5.3717302644e-01 -6.0618829353e-02
-5.6221900764e-01 -2.5672373943e-01 1.6696581522e-02 2.3843168334e-01 2.5983387971e-01 -2.8380508616e-01 1.6000035128e-01 3.2658265892e-03 -2.5966643606e-01 -4.9434286187e-01 1.2543979864e-01 5.7679505746e-02
-8.4566842691e-02 -4.4872155461e-01 7.2079389628e-02 -5.1564247422e-02 5.3891473791e-02 2.3205915815e-01 -2.5005562390e-01 1.3047249162e-02 -7.9884647130e-02 -3.6063326707e-01 -6.0202212377e-01 -1.2708752506e-01
