4.1927630435e-01 2.2160543537e-01 -1.3317804759e-01 3.8257562355e-02 4.3532726018e-01 -1.9883086454e-01 1.1435340555e-01 -2.2575042558e-01 -2.1342418286e-01 -4.3573055917e-01 -8.9416036566e-02 -4.2054409696e-02
2.7121039828e-02 2.5749684900e-01 1.5111570845e-01 -4.8334558779e-01 -2.1384469690e-03 2.2540804629e-01 2.8945238256e-02 2.1396198376e-01 -5.2724195417e-02 4.8622046379e-02 -3.5961014194e-01 -2.4897391104e-02
-5.9242775664e-03 -4.2475877740e-01 -1.6473877088e-01 -3.2199337136e-01 4.1646567269e-02 1.4749637392e-01 3.7820599038e-01 4.0207853873e-01 1.0684976498e-01 3.8958733435e-01 -1.8154352896e-01 2.0417029104e-02
4.1441495091e-01 -2.6508608329e-01 2.1312268452e-02 9.9747852389e-02 2.7019539000e-01 2.8863431844e-01 -1.8588982196e-01 -3.9962217092e-02 -5.9788283038e-01 -3.1317631543e-01 -3.7040512178e-02 4.6353209174e-01
-6.9414951332e-02 -7.0101474643e-02 4.7791944504e-02 9.1513408952e-02 -8.8997762417e-02 -1.9298428730e-01 -1.6092957466e-01 -2.5641003853e-01 -1.5814951111e-01 -5.9311919026e-02 -3.8735589146e-01 -7.6630277635e-02
-2.3889218681e-01 -4.0226536067e-02 1.2244428846e-01 4.8136481144e-01 4.9463963589e-01 1.7200362126e-01 -1.2366003630e-01 -1.1500399882e-01 2.1013591886e-01 5.9733714821e-01 3.1277878814e-01 -2.3294004222e-01
-4.7024560189e-01 -1.0226461487e-01 2.3027173225e-01 -1.4105826969e-01 1.7580061560e-01 -1.1055370526e-01 1.0219033636e-02 -1.5126237330e-01 3.2771512797e-01 2.3752466609e-01 4.1722178423e-01 -3.1973188139e-01
7.9263609219e-01 -2.6131343105e-01 1.7902291776e-01 -1.9698410468e-02 -2.4796920748e-01 6.9995855556e-02 6.5095946163e-01 -4.2769059175e-01 1.1250950881e-01 -1.2928909963e-01 2.1540124123e-01 1.4416538462e-01
-5.9806554555e-01 -3.3815229761e-01 1.2439782708e-02 -9.3729979267e-03 1.7385180094e-01 -4.5411594550e-01 -4.4012660652e-03 -4.5229512292e-02 3.8623477931e-01 -3.1137113147e-01 -1.5091767814e-01 1.9965263161e-01
-3.8079290374e-01 8.5477297138e-02 -2.9315314013e-01 -2.2636410377e-01 -8.6315235615e-02 -1.1489486781e-01 -1.5289461634e-01 -1.9285661870e-01 -4.2792522633e-01 4.4753887900e-01 -6.3967537491e-02 2.2122695445e-01
-1.2446246802e-01 3.4159110895e-02 -2.9957353847e-01 -5.8060302916e-01 -7.2145162318e-02 1.9202332531e-01 -4.3729066283e-01 -4.1732062138e-01 -2.9995574153e-01 -5.2437147091e-01 -8.3790117268e-02 -2.9204308812e-01
-4.1899893669e-01 -5.4445257886e-02 3.0296776617e-03 -5.1648841771e-02 -2.4490168152e-01 -2.3582159317e-01 2.9144710764e-01 -2.2658831863e-01 -3.5594031921e-01 -4.4981332955e-01 3.7248553117e-01 -6.8458630751e-01
