-3.8852372005e-01 -3.8669481194e-01 -1.1722363986e-01 1.6625221918e-01 1.2823728784e-01 -1.5483717769e-01 5.1455206519e-02 5.2708109478e-02 5.1498550429e-01 -9.5776093778e-03 1.7707404725e-01 -3.6803060851e-02
-8.5118864683e-02 1.2153716727e-01 1.2889108178e-01 -2.3067429415e-01 2.7165602455e-01 -1.8079825006e-01 8.7024987624e-02 -1.9781127094e-01 1.1789722627e-01 -2.9207058627e-02 1.0187766494e-01 -8.0649087158e-01
-2.9596618813e-01 1.0209035979e-01 1.2573055595e-01 -1.3330031712e-01 -3.6161570125e-01 -1.2094622341e-02 -7.5699379916e-03 3.0359875025e-01 2.0294656993e-01 3.4510215909e-02 -1.7012190044e-01 6.6875516739e-01
-3.5135527861e-01 -1.8739436606e-01 -2.0062167757e-01 5.8672010314e-01 7.2238722554e-02 -8.6129353670e-02 -1.1141694256e-01 8.7766151973e-02 3.1547994890e-01 -6.8436718644e-01 4.8328240028e-01 2.9062761767e-01
2.4111150525e-01 -3.3604059057e-01 1.6652055515e-01 -3.1054712670e-02 -3.6154396643e-01 -1.0337316556e-01 2.5694942946e-01 -1.1156341884e-01 -6.5843966562e-01 -1.0987550251e-01 -1.8211906465e-01 -2.5963456842e-01
-1.2150549712e-01 -1.4781293645e-01 -4.0127272520e-01 1.2782123397e-01 4.0764700756e-01 -7.0954690643e-01 -1.0234295859e-01 6.7278766552e-01 3.6295728203e-01 -2.7268864628e-01 2.3273060828e-01 -3.8369388626e-01
-5.4186096829e-01 2.0147274734e-02 -3.5134063673e-01 2.8458765186e-01 1.1057681653e-01 3.6184009212e-02 -9.8309414427e-02 3.1022645158e-01 -1.2121582480e-01 6.5441864428e-02 4.4998845033e-01 -4.2649359349e-02
6.1219090130e-01 3.6403782684e-01 4.8128705917e-01 2.5917977177e-01 2.2883093216e-01 -6.9965251828e-01 -4.2057067296e-01 5.8826402060e-01 5.3371390834e-01 1.6335695741e-01 6.5775727637e-02 -2.0926761482e-01
-4.7000524340e-01 -3.0316788771e-01 6.5372798938e-02 1.2165859301e-01 9.5194968066e-02 -2.4167987682e-01 -2.2918471875e-01 -1.0965681117e-01 1.3153838922e-01 -8.4473126279e-02 2.0493727935e-01 1.1127353184e-01
-3.4243801057e-02 -2.0576802040e-01 3.2980022550e-01 -3.1586964953e-01 -8.0298052682e-01 -1.7454045793e-01 1.3946394802e-01 1.5290847917e-01 -6.4031614678e-02 -4.3574653821e-02 -2.7536459786e-02 1.9074239790e-01
-4.1087951443e-02 -5.4810824869e-01 -2.6086892545e-02 3.5785137794e-01 8.7314587976e-03 1.0142013796e-01 4.2585974785e-02 3.5724189023e-01 -4.8754094080e-01 -4.9170416526e-01 1.7517870534e-01 4.7352261276e-02
-1.0172985242e-01 1.1477892751e-02 -1.1812648066e-01 -4.3947310667e-01 -2.7185872215e-01 4.6650190980e-02 1.8344400786e-01 2.0440249288e-01 -8.2288642436e-01 3.1182069552e-02 -6.5756440634e-01 2.1600137907e-01
