3.0153758042e-01 6.5693371505e-02 -1.3817498692e-01 2.9238880772e-01 1.2521809403e-01 -5.6680332012e-01 6.5876186939e-01 3.5012897907e-01 -4.9993971859e-02 1.7557256859e-01 1.6316970671e-01 -3.0949220725e-01
1.4162841365e-01 1.5077847765e-03 -4.0971447415e-02 4.9195757138e-01 8.9288629301e-02 3.1980313508e-01 1.5579134809e-01 7.9860366616e-02 6.7759044684e-02 -1.5892579953e-01 -7.3825847671e-02 1.1464948960e-03
-1.5514813232e-01 6.7484225231e-01 6.1342717176e-01 1.9531070201e-01 -9.2844131060e-02 2.2650067238e-02 -4.6329534545e-01 -6.9309443545e-02 3.3024219639e-01 4.3919507048e-01 -4.8224291058e-02 -4.5521099663e-01
4.7376011480e-01 -2.3705360866e-01 3.9558598284e-02 7.6081374899e-02 -7.3316286814e-02 -1.7971878674e-01 -2.1910334279e-01 1.7162045420e-01 -4.1463867598e-01 -7.1050293306e-02 -1.6043556382e-01 -1.1776166959e-01
-2.4866733029e-01 5.6138973710e-01 -2.0325388780e-01 -2.6467608491e-01 3.4223857602e-01 -5.7646114206e-01 -4.0477131521e-02 1.1307441239e-01 2.8651429203e-02 1.2950127784e-01 -2.6512563009e-01 4.0351622419e-02
-1.2671124424e-01 -4.0816451794e-02 -2.8116696713e-03 -4.9989178833e-01 1.0480939977e-01 -1.7662791759e-01 -7.7719587397e-02 1.2097556382e-04 -1.0366980097e-01 1.0003982344e-01 2.6607336524e-01 2.3312095737e-01
-3.3000589708e-01 -1.8510770713e-01 5.4362140611e-01 3.0244243077e-01 -1.6787543626e-01 4.8425077146e-01 6.3868796073e-02 1.5501589948e-01 9.3025250860e-02 9.5359170667e-02 -3.6807028272e-01 1.1157111828e-02
4.9214964930e-01 -1.4574987532e-01 4.5859139514e-02 -7.8143487698e-02 6.2141262592e-01 -6.2083883823e-01 1.4360655777e-01 5.2795700587e-01 5.3103018564e-02 -3.8235277338e-01 4.2223393169e-01 -9.5261470754e-02
-1.2880405077e-01 1.3269887289e-01 -4.3847198179e-02 1.3915224251e-01 3.6481995714e-01 -6.8311215666e-01 3.5470731530e-01 2.9407689734e-01 -3.5862267987e-02 5.1516416182e-02 4.0611800204e-02 -7.3606827356e-01
-1.0191001330e-01 1.0277947400e-01 -3.8685445205e-01 -5.8557993247e-01 -2.0319274498e-01 1.0403521028e-01 -1.4817330112e-01 3.8928702750e-01 -6.1012942988e-01 -8.6715114980e-02 -7.7066158438e-02 -3.8770638733e-01
-7.0214978653e-02 5.0899166673e-02 -4.4978349704e-01 -1.7658590720e-01 6.1711466676e-01 -2.0440951118e-01 1.0004363632e+00 -2.1542165569e-01 -6.1644445340e-01 -3.1350807722e-01 3.8669681180e-01 3.2857748560e-01
3.3149706358e-01 2.5640091526e-01 4.0298274434e-02 1.7575165038e-01 -2.4511939868e-01 1.2871677305e-01 4.2207667922e-02 -5.0985255888e-02 1.3712677664e-01 8.9883109665e-01 -3.6144844196e-01 3.2254628873e-01
