1.4827424488e-01 -6.2809004030e-01 4.8419626990e-01 -1.4217005237e-01 8.2731653333e-02 6.5525366549e-01 2.8734271611e-01 1.0757842106e-01 2.8108775898e-01 3.2359401650e-01 6.3960074719e-01 -3.2140052704e-01
-3.8447900838e-01 1.8581979264e-01 -7.1638982603e-02 -1.4845100914e-01 4.8599054480e-01 -3.6449428985e-01 5.6419797489e-02 3.3395021896e-01 1.7318602878e-01 -2.2828041498e-01 -2.6485050129e-01 5.2916781925e-01
1.8381531851e-01 -5.2960736138e-03 -1.2337130459e-01 -9.5288348628e-02 4.0491585272e-01 -2.3613458684e-01 -7.3042641106e-01 1.3585609918e-01 -2.6295802327e-01 4.8827138422e-01 4.8205114175e-01 -2.0060351598e-01
-1.2504090279e-01 -4.5526642839e-01 4.2845937182e-01 -2.6316044301e-01 3.2937963778e-01 1.2916208096e-01 -4.1181806187e-01 -3.5973742375e-01 2.2579514583e-01 -1.3838037983e-01 1.0226389066e-01 9.9158811836e-02
1.4134014512e-01 -3.0361044621e-01 -2.9763824226e-01 -1.9549248307e-01 3.1288504485e-02 5.7457062643e-02 -2.3656905880e-01 1.4607016351e-01 -8.8666874569e-02 -5.7824941224e-01 -1.9968704247e-01 8.9585920562e-02
1.0085948123e-01 -6.7758917911e-02 2.4918637363e-01 4.3278193796e-01 7.9124477173e-02 -2.2703621679e-01 7.1229828291e-01 3.4053906191e-01 6.0991904570e-01 1.4284669287e-01 -4.4652014122e-01 3.8241780994e-01
-2.3433851140e-01 -3.7204159575e-01 -2.6719929911e-01 -9.3982207317e-02 3.1377983837e-01 4.4029381232e-01 -5.3594858665e-01 1.0300538755e-01 -2.1195260477e-01 -3.6264128756e-01 -1.3368170878e-01 -1.4624500291e-01
-3.8711042796e-01 -2.2494913329e-01 -1.2355888420e-01 1.6966461823e-01 1.8095952673e-01 1.7922004791e-01 -2.3043345902e-01 -7.6036784567e-03 5.0752757975e-01 3.8331874696e-02 6.5378018306e-01 -1.1577401377e-01
-6.6282290232e-01 -1.5684663047e-01 -1.4129613884e-01 -3.9989461741e-01 7.0060647834e-01 -2.4659479633e-01 -3.8350174690e-01 -2.1802132814e-01 -7.0838233844e-01 4.1306876551e-02 -6.1510194932e-02 2.8672284334e-02
-1.5936948833e-01 -2.5988557012e-01 -1.0781295280e-01 -2.5804953176e-01 -1.9497861779e-01 -3.5084270196e-01 3.2624236974e-01 -1.9767550129e-01 -4.2519095565e-01 5.6928403360e-02 7.7393522135e-02 1.7622413109e-01
-1.5953109689e-01 2.2982862661e-01 -1.5045259198e-01 -6.8626602117e-02 -5.5763636138e-01 -2.8362365503e-01 -1.3259470113e-01 -2.6040037283e-01 -5.0513644840e-01 -2.1241563854e-01 1.0910534192e-02 -3.7633773610e-01
-5.4937240581e-01 5.4691126535e-01 -7.4739153700e-02 2.7752240603e-01 -1.3948424821e-01 -9.2557942571e-02 3.0657671536e-01 2.5418423805e-02 1.7733224311e-01 2.3004691133e-01 -1.8058703035e-01 -2.9803654166e-01
