7.7566432149e-02 3.4323621166e-01 3.3229327647e-01 2.1901031722e-01 3.2913276389e-01 3.1649379504e-02 2.3977016114e-01 -3.1300290771e-02 4.5368113407e-01 -2.0347654117e-01 3.9870646982e-01 -1.1632301154e-01
1.3756395078e-01 7.7819776871e-02 8.8377183190e-02 -1.7845276062e-01 8.4773213123e-01 -2.9465124348e-01 2.6972307271e-01 -1.8840266080e-01 3.2882956575e-01 4.5281339590e-01 6.6842836114e-01 5.2180452096e-01
4.6989854763e-01 2.1179598525e-02 -6.0504183851e-02 2.6842206075e-01 5.3064396919e-02 -4.1798658796e-01 3.1984343551e-01 -5.4431101403e-01 1.3515793343e-01 1.4784372226e-01 3.2049766299e-01 5.9765247028e-01
-3.5469843682e-01 -1.4151013285e-01 -4.7833049083e-01 -6.8026663965e-01 4.3121242179e-02 1.5317947333e-01 1.1366312076e-01 3.0302042470e-01 -1.1875138147e-01 -2.9052259867e-01 -5.5253535625e-01 -1.9834054962e-02
-2.7054977472e-01 8.5670055784e-02 -3.4941757651e-01 -2.1763027100e-01 1.2199114878e-02 5.5649348352e-02 -2.4014394591e-01 1.7844723222e-01 8.3248589904e-02 -2.9728163164e-01 2.2973336040e-01 -3.1979857195e-01
3.4078737822e-01 2.8564651824e-01 -3.1896458067e-01 9.8116580470e-02 -4.0380753940e-01 -5.4043248248e-01 -2.4267081675e-01 1.4776693988e-01 3.0270848072e-01 4.1701202032e-01 2.2358184713e-01 3.5878200269e-01
-4.7147723428e-01 -4.4911837468e-02 2.2816778412e-02 -1.3843351538e-01 7.1425581844e-01 1.0816511349e-01 3.3379079593e-01 -5.1551152468e-01 -1.7061337601e-01 -4.7970300462e-01 -2.0664963391e-01 5.2121975591e-01
2.0502641981e-01 -4.2559324857e-01 -2.1473892634e-01 -2.8884571332e-01 -2.1552217826e-01 -6.9477450406e-01 -1.9203744175e-01 3.0937896173e-01 6.7170538422e-02 -4.8539869294e-02 -7.0264276223e-02 -4.7913654297e-02
-1.2846599011e-01 2.1411306096e-01 1.0078858780e-01 -1.3253615392e-01 -5.5066343563e-01 -1.6903541248e-01 -1.6252450490e-04 3.5507171815e-01 3.2234083111e-01 1.3402720855e-01 3.9191885827e-01 -5.8186572843e-02
1.9992681431e-01 -3.7172946190e-02 6.1504562497e-01 -2.2206492635e-04 4.6849580416e-01 1.8001816040e-01 1.6544024475e-01 -1.8379552036e-01 1.9301109915e-01 2.0068567584e-01 -2.6435409270e-02 2.6125053846e-01
1.9302696178e-01 -2.6664064438e-01 -2.0443213122e-01 1.4881261147e-02 1.6753400926e-01 6.2489361670e-01 -2.6275715921e-01 2.0964393385e-01 -2.3962977885e-01 -5.7858263987e-02 2.3301368358e-01 -1.6331142211e-01
3.6634993269e-01 1.1015080956e+00 -5.4850158258e-01 5.3240223373e-01 1.7539115782e-01 -3.5616940244e-01 2.7856533381e-01 4.6624732538e-02 2.6876300291e-01 4.8750248847e-01 1.9044959520e-01 -1.8315032268e-01
