5.9332935937e-01 2.0175749743e-02 5.5133435929e-02 -2.4613732060e-01 3.1971104980e-01 8.4602347218e-02 -6.7800055364e-02 5.1680107149e-01 1.8672909853e-01 -1.7004514228e-01 2.3289478463e-01 -1.4480947820e-01
-7.5141412802e-02 -1.0845515501e-01 -2.8885990958e-01 3.5659131107e-02 -3.8492530740e-01 -1.9602523888e-02 -1.6601090222e-01 4.5307709641e-02 -6.8459239859e-01 2.0817842096e-01 -4.3454993802e-01 6.9696717093e-01
-1.1566403360e-01 -2.3473799226e-01 7.7203786279e-02 7.1778523332e-02 -4.5510449003e-01 -1.7717128435e-01 -2.8506808077e-01 3.5104546351e-01 -1.2447546150e-01 -2.3266343654e-01 -4.4639833026e-01 1.2449241317e-01
-3.7647796242e-01 2.4848195394e-01 -1.6501839640e-01 1.8418616278e-01 1.8254462095e-01 1.9407786002e-01 -2.6529041742e-01 -4.9090433455e-02 -2.7699221685e-01 2.1056446691e-01 1.8382486844e-01 1.6768270904e-01
3.1008236521e-01 -2.6933314056e-01 5.9194395826e-01 -2.7936413732e-01 6.6825247561e-01 -4.0743005672e-01 -2.4146009693e-01 -2.9977935652e-01 -1.1359511432e-01 1.2307247722e-01 2.7265913832e-01 -1.9617031686e-02
2.4741013411e-01 5.8683688878e-01 -1.9885515805e-01 9.8182908881e-02 9.3285350367e-02 1.0898355439e-01 1.6723652014e-01 1.3390846692e-01 3.0512781703e-01 -4.0191163340e-01 -6.5170592320e-02 3.2785341927e-01
5.7148208670e-02 3.3468949565e-01 -1.9750608122e-01 6.4352454709e-01 -3.6061753208e-01 1.7350116198e-03 -4.6917939765e-01 -4.1320346050e-02 1.2975255649e-01 4.7116530265e-01 5.3199911329e-01 1.9104876249e-01
-3.3601512399e-01 -5.0378361861e-01 -3.5669276418e-01 -1.2254686567e-01 -8.8101459936e-03 3.4656040998e-01 3.6225631434e-02 4.3328478406e-01 -5.8921371705e-01 -2.6999972018e-01 -2.5085962732e-01 1.4812206875e-01
-7.0974275254e-02 -1.9110343973e-01 2.2111687559e-01 -2.4139947952e-01 3.6395492982e-01 -1.3490107311e-01 5.6171567773e-01 -2.8108175603e-01 -1.7293065506e-01 2.7458923939e-02 -1.5938675995e-01 -2.4554631950e-01
2.6699234141e-02 7.7345553866e-03 -5.2132496261e-01 -2.0186506636e-01 -5.8216643701e-02 -1.6169637408e-01 1.0603262316e-01 -2.6872316430e-01 1.7745839287e-01 -7.3971923601e-02 -3.1364585346e-01 -5.5736412326e-04
1.7361364098e-01 1.8548011209e-01 -1.1158018159e-01 -9.9513925780e-02 2.9928165140e-02 -3.8961019110e-01 -1.0683715569e-04 4.6081220012e-01 3.2492402242e-01 -3.2206188561e-01 2.8348130654e-01 5.8877070087e-02
2.6485379847e-01 -2.0382654819e-01 1.2697625037e-01 2.2740238848e-01 -2.0160038163e-01 4.6519937338e-01 4.1141414703e-01 -1.1607133971e-01 5.8848845715e-02 4.2468101359e-01 -1.3224601441e-01 4.5330923807e-01
