-5.2688332884e-01 -3.6550695875e-01 -5.0498301895e-01 -4.8641109643e-02 -1.6793770992e-01 -2.7975448584e-01 8.0484701565e-04 3.4800523941e-01 3.7232802245e-01 9.5038468183e-03 -4.3563485887e-01 1.1839238933e-01
-8.5985200700e-02 2.6148667094e-01 -3.1919520007e-01 3.2088965126e-01 -3.8407678638e-01 4.4126138095e-01 5.6615139421e-02 -7.2844153879e-02 5.5223653674e-02 -1.0343844450e-02 3.9656243987e-01 -1.8124037007e-01
8.7163838329e-02 2.5998565113e-01 -2.0206159557e-01 -6.0961553802e-02 2.2740927785e-02 2.0595637386e-01 -1.7685020727e-01 3.1242049820e-01 -2.9321783824e-01 -2.4821319081e-01 -7.5123966528e-02 3.0697437968e-01
1.1901204065e-01 2.9978601346e-01 -1.9774474581e-01 -7.1892701107e-02 -2.1652286508e-01 1.6231423916e-01 -3.4787732761e-01 3.4320871456e-01 1.4388272499e-01 -3.0794936185e-01 7.9897744494e-03 2.9116366632e-01
1.7573725972e-01 1.0556134968e-01 1.5238086353e-01 -1.3248869150e-02 -1.1152495119e-01 3.9700203958e-01 1.8541318814e-01 5.0929002251e-02 -2.6663543394e-01 5.0181203938e-01 4.5646318123e-01 3.8486818776e-01
4.8661336330e-01 1.7771251648e-01 2.4834158832e-01 5.0962388455e-03 -2.0576278126e-01 7.8698345606e-03 -2.3274568092e-01 2.6546999076e-01 -3.4946803262e-02 1.1511275429e-01 -1.7982169046e-01 -1.7594120558e-01
4.8668741462e-01 -5.7709587979e-02 1.5107561101e-01 4.3288262323e-02 -4.8819079793e-01 -7.8582275620e-02 -1.2994482227e-04 1.5131382701e-01 4.1435459907e-01 1.1432043305e-01 5.7393847892e-02 3.3673245300e-01
3.7650749334e-02 -5.8645203414e-01 3.2321352179e-01 1.9319168896e-01 -4.2074874283e-01 -3.8613343393e-01 2.4785296882e-01 -1.8678543003e-01 -9.5164125691e-02 -9.3770539375e-02 1.3111058743e-01 1.1055941278e-01
5.6429508744e-01 2.3041453159e-02 3.5230332181e-02 4.5651768619e-02 -1.8290482056e-01 2.8072424882e-02 1.9385883920e-01 8.4867674168e-02 2.7594175982e-01 1.5520054591e-01 1.9480872533e-01 -2.6749594624e-03
2.8444098059e-01 -2.6182087434e-01 1.0710668600e-01 -3.4166587211e-01 4.6820234107e-02 6.2581695491e-01 -2.1778811996e-01 -4.3269306197e-01 5.5168705549e-01 -1.2555673468e-01 -7.1231593395e-02 -1.5561513255e-01
3.7580759947e-02 -2.4951372792e-01 -1.6512959355e-01 -2.0980910962e-01 -1.5477181155e-01 -9.7839615397e-03 1.7790105828e-01 3.6630449908e-01 2.3730883301e-01 -5.1871750458e-02 3.2774815930e-02 -3.3707820903e-01
-1.3822245233e-01 -1.9216876615e-01 -3.4703581780e-01 8.4099389286e-01 -3.7035597380e-01 -1.1255725831e-01 -3.5575075198e-01 2.0085354921e-01 4.6039231517e-02 6.4413115770e-02 4.8070989764e-01 -3.1697013114e-01
