-3.2090876944e-01 9.5157860239e-02 2.4205312962e-02 -1.5928358617e-02 3.9660226701e-02 1.3194210101e-01 -8.2033348102e-01 -6.0209820104e-01 -4.7170599445e-01 -2.4049046756e-01 3.8441639926e-01 -3.2879383931e-01
8.8297306642e-02 -2.6626405369e-01 -1.7694193217e-01 -5.4767515456e-02 -1.4998519850e-01 2.1941023198e-01 -5.4205167474e-02 1.2001084922e-02 1.3555420190e-01 1.2444277123e-01 7.8393754360e-02 2.0224879383e-01
-4.7158456624e-01 -3.8542881082e-02 2.0650694143e-01 3.0219371015e-01 -2.5455649830e-01 -1.7210542365e-01 -3.7438352253e-01 -1.5946002472e-01 1.0552389685e-01 -4.1122600511e-01 -2.2152879508e-01 1.0942495401e-02
3.3421983957e-02 1.9693530533e-01 -4.4502679286e-01 2.6398430914e-01 2.2105207663e-02 6.3517320250e-01 -1.1712571256e-01 -1.3158045766e-01 4.0681762691e-01 9.4867574808e-02 -3.9181861568e-01 -1.1986346166e-01
-4.8660769091e-02 5.4451008815e-01 -8.0599857381e-02 -7.6360577504e-02 4.3369363823e-02 5.5972880322e-02 -4.2034934939e-01 2.3002460834e-02 -3.8172446130e-01 3.6170836996e-01 5.0823108349e-02 2.2261064040e-01
2.1963957739e-01 -2.0191727177e-01 4.6580986488e-02 5.5835865833e-02 -3.4559029542e-01 1.5927861971e-02 9.7575934174e-02 -2.5884592232e-01 2.4863343941e-02 -3.3907037046e-01 -8.3188125201e-02 2.7118361441e-01
2.3417350499e-01 1.7829085495e-01 5.8559387610e-02 -1.1413757836e-01 1.9002273713e-01 -3.2588196990e-01 -2.6319793292e-01 4.5896325426e-01 -4.2923427101e-01 -4.9292469585e-02 3.6196714215e-01 -2.1332158730e-01
5.5932441539e-02 1.1042486560e-01 -2.3864975449e-01 2.2235211530e-01 3.2693304076e-01 -3.9657663793e-02 2.0690055310e-01 1.4552904285e-01 3.1216302987e-01 2.2789726965e-02 2.2992322721e-01 2.1309776188e-01
3.2331426638e-01 -2.8664018967e-01 3.5174278412e-01 1.1826879454e-01 2.3383021680e-03 1.2056152577e-01 7.3971800032e-01 1.2881548494e-01 3.1078594701e-01 -5.2674420127e-01 2.6909626652e-01 5.3369054041e-01
3.6068160581e-01 4.4342365797e-02 -4.4394094595e-02 1.0661309690e-03 -3.0431874348e-01 9.0410625129e-02 1.0848279432e-01 1.0752292973e-01 -9.4144659586e-02 2.2090046564e-02 6.8360915709e-01 -5.1914457577e-01
-3.7274915474e-01 1.0960219875e-02 -8.0342594481e-02 -9.9716882786e-02 -1.1497323307e-01 2.5019331412e-01 -3.5178472847e-01 -4.2617590708e-01 -2.8703625341e-01 2.1852675631e-01 -5.9991208014e-01 8.3219447485e-02
3.4106866151e-01 1.7856020199e-01 -1.0723258060e-01 -2.5962468199e-01 1.9649469128e-01 5.1638816224e-01 6.8055376735e-02 1.9775695791e-01 -4.8578607007e-02 -3.1191358850e-01 1.1602026288e-02 -2.4418397037e-01
