2.6158178442e-01 1.0507598113e-01 -2.2047381550e-01 4.6097166739e-01 8.8114811092e-03 2.6277874987e-01 -1.7687697744e-01 -1.5743741002e-01 -6.3446524490e-02 -4.6866382635e-01 -3.6761227546e-01 1.2077371848e-01
-3.1186653086e-01 -4.0187610177e-02 3.2252653285e-01 1.7131846520e-01 1.8472094779e-01 5.8222068758e-03 -3.5000921703e-01 1.4863730188e-01 2.2776634020e-01 -9.2101999651e-02 -2.3922323197e-02 3.3367126288e-01
8.3304040164e-02 -3.6484567185e-02 2.3621560047e-01 -1.3431611553e-01 -2.1466499575e-01 -1.8654375986e-01 -5.5697813004e-02 -3.0157503325e-01 -8.0801455193e-02 -2.5119830934e-01 3.0934652340e-01 -3.0537391013e-01
-3.0499616492e-01 3.4787712484e-01 -2.1243328169e-01 -6.8719487586e-02 1.7466299228e-01 -8.4233336835e-01 -3.4327831391e-01 -2.1170149911e-01 -2.5006746686e-01 -4.4135409547e-02 -1.8048248044e-01 4.8378251015e-01
-4.7262995068e-02 2.6668308494e-01 1.4226743213e-01 2.5668201904e-02 4.2387271678e-01 6.0629196131e-02 -1.2140633794e-01 1.9609517730e-01 6.2560706739e-02 -7.0234816723e-02 1.0345062455e-01 1.0340131361e-01
-2.7543055530e-01 -5.8480837779e-01 -2.8243191731e-01 2.7519604174e-01 2.3751043219e-01 1.9838260289e-01 -2.5607797710e-01 -9.1350515530e-02 -2.1694130558e-01 -1.7040377514e-01 3.6205946818e-01 -1.7669234865e-01
1.1321594325e-01 -5.1020909965e-02 -7.2653283476e-02 -2.7206178626e-01 9.8272722744e-02 4.0373371351e-01 3.0386224587e-01 5.6072763350e-02 8.5636655595e-01 7.6297503753e-02 1.7662847723e-01 3.4191122282e-01
1.1471338397e-01 4.2312607312e-01 -5.4015548597e-01 1.8128728714e-01 -4.1630900200e-01 -3.8387669907e-01 -2.5392029978e-01 -3.5925189497e-01 -6.1822713958e-01 3.3680531747e-01 -3.0142000288e-01 -4.0784557112e-01
1.2481705185e-01 -1.9513042562e-02 -4.4030097099e-01 3.6310115490e-02 4.2866024875e-02 1.0214416577e-02 1.3045751889e-01 1.2732383989e-01 2.9073650380e-01 4.7389680023e-02 2.7477105955e-01 3.8618806968e-01
-3.0041306475e-01 2.7418555862e-02 -1.1178261726e-01 6.9198926344e-02 -6.6333007737e-02 1.5983261063e-01 -2.9111470440e-01 -4.3026161457e-01 -1.1374529938e-01 -3.7569741489e-02 -3.8289338980e-03 -9.4893564704e-02
2.6180397919e-01 -4.9238838836e-01 4.2118682182e-01 -2.9996023182e-01 -6.6750230478e-02 -1.5738142997e-01 -1.1932987000e-01 1.1804816672e-01 5.6775807253e-01 -5.9210825964e-01 2.3509319371e-01 2.4152508282e-01
2.3141999389e-01 8.2976151672e-03 1.7849445719e-01 3.4417352848e-01 3.6032347931e-01 3.8540829661e-01 -1.7333085857e-01 -3.4522319018e-01 -1.3604447626e-01 -6.3083380489e-02 -4.6679284726e-01 -1.4394413382e-01
