-4.2924600360e-01 4.1088702427e-01 -1.7218991451e-02 4.0783429514e-01 -1.7571822569e-01 -2.2862722064e-01 -2.7575006338e-01 1.5327643346e-01 3.3427485415e-02 -2.4832021755e-01 2.6698894839e-01 -1.5894355903e-01
-6.1063924778e-02 2.5062433123e-01 -2.4720444019e-02 -5.0152328389e-02 -4.2205967079e-01 -1.0180295110e-02 2.7834631235e-01 4.9231968715e-01 4.4159021614e-02 -1.6404776339e-01 -5.3976686278e-01 2.1850159518e-01
-1.3311764339e-01 -2.4955786260e-01 -3.5318716436e-01 6.6639337414e-02 4.0538325592e-01 6.2019304667e-02 -4.7464031781e-01 6.2527932506e-03 -2.2698768335e-01 -9.7756739847e-02 5.6967226567e-02 -1.0383552871e-01
1.0975325862e-02 4.1457636615e-01 -2.4975466468e-01 -1.6257381759e-01 -5.1076851790e-01 1.9876069237e-01 9.6086371578e-02 -6.0166304582e-01 4.2030789802e-01 2.5651721386e-01 -5.7907339937e-02 5.0076772497e-02
3.0912472699e-01 2.5548603155e-01 3.2619344743e-02 -2.0702026742e-01 -9.9823898293e-01 4.8790515138e-02 -2.0330777665e-01 1.1637410188e-01 7.7525085138e-01 4.4032981128e-01 1.3954985805e-01 -2.5654066001e-02
3.3145021537e-01 -4.4843643666e-02 -1.3800897864e-01 4.0598462232e-01 3.5270684404e-02 -3.2699410205e-01 -8.2527090001e-02 2.8995334790e-01 -4.4887394989e-02 3.2491523585e-01 4.2869003327e-01 7.5636280625e-02
-3.1111865889e-01 -1.3473535533e-01 5.4958145886e-01 -1.5163142667e-01 -7.5398620995e-01 2.8694404423e-01 1.4693682335e-01 2.0969455878e-01 8.2381133722e-02 3.6623831097e-01 2.8739060283e-02 4.1703648883e-01
1.0053574443e-01 2.2396210096e-01 3.0320779886e-01 -6.0097726548e-02 2.2567469684e-01 1.2675568611e-01 -1.7606409456e-01 4.1624059988e-01 -2.3868841222e-01 -5.3354225597e-02 1.7025928176e-01 2.3272775150e-01
-3.9585333331e-01 -1.8982307750e-01 6.8472486975e-01 1.4228703987e-01 -2.7142928779e-01 -2.3312018380e-01 1.2052732133e-01 2.7964046978e-01 5.1501228343e-02 8.0579189604e-02 -4.0343883233e-02 -2.1537718377e-01
-6.9286732276e-01 1.9661450080e-01 4.1359136467e-01 -1.1796887478e-01 -5.6592765575e-02 3.9660007199e-01 -4.8819466613e-02 -4.4228175259e-02 3.1870682953e-01 -3.1603147068e-01 -6.0261200818e-02 2.9695396282e-01
-1.7867476526e-02 -3.1471002036e-01 -7.6932052019e-02 1.0661919787e-01 -5.8082661529e-02 1.6487091389e-01 4.2730546626e-02 1.6332704579e-01 -1.5786738782e-01 -7.6735267775e-02 -8.1609714125e-02 -3.9119660908e-01
-2.1156433440e-01 -8.0962402546e-02 -2.4158242265e-01 8.7539582919e-02 -1.3770819099e-01 4.6309910371e-01 -3.9285834693e-01 2.0549544785e-02 2.1016407578e-01 4.1158191335e-01 -5.0668221999e-01 2.4514271310e-01
