-9.5419818134e-02 3.6767404309e-01 1.9016701424e-01 5.1489134024e-01 -1.0044560214e-01 9.2609187081e-02 -4.4772301903e-01 4.6660544254e-03 4.8098531350e-01 3.5701137778e-01 1.1385539212e-01 -3.5279855248e-01
-2.0932590111e-03 -2.8500619788e-01 -1.4129990105e-01 -4.9013132372e-02 -3.2752211501e-01 -2.6058526562e-01 2.7755276659e-02 -4.4284805301e-02 -2.0085602230e-01 -1.8122981380e-01 5.4452974521e-02 2.2598425410e-01
-1.3958671820e-01 5.2149047431e-02 -3.4369567426e-01 -2.7626882220e-01 1.4258003759e-01 1.8267882985e-01 -1.9737751431e-01 6.6999141416e-02 6.7905620856e-02 -1.2702940872e-01 -5.1630574440e-02 1.6724540762e-01
-2.4220625627e-01 -1.1276930513e-01 5.3139430251e-01 1.6359929374e-01 -4.3677581730e-01 -2.6772848781e-01 -1.5106448365e-01 2.8744354170e-03 6.6453684794e-01 -1.0114605619e-02 1.1849253903e-01 3.7728075756e-01
-2.1186593386e-01 -4.5452824324e-02 -3.4662434066e-02 2.7185001355e-01 -6.3238994987e-02 5.2264538318e-01 5.6550939048e-01 3.8468457425e-01 -2.3918752682e-01 -2.4988661072e-01 2.2116555561e-01 5.1499221158e-01
-1.6235326882e-01 5.0964194309e-02 2.1396560176e-02 -1.3175931170e-01 3.1095027829e-01 -2.3390941877e-01 -2.8869731086e-01 8.1770666000e-02 2.5279683543e-01 4.0796257076e-01 -1.3641829032e-01 -2.4751451557e-01
3.2752538365e-01 -2.0108823174e-01 -2.1724168164e-01 1.8098272004e-01 -1.3278558079e-01 -1.2187369827e-01 -3.2717435977e-01 -2.2010944165e-01 2.1575101006e-01 3.8843405955e-01 -1.8188445955e-01 -5.3863150255e-02
2.6018613132e-01 -2.7699655683e-01 -1.8035683487e-01 -1.9893835875e-01 -2.2064010434e-01 3.2404960586e-02 -1.2019782044e-01 -1.6728998857e-01 7.2478933612e-02 1.3244291049e-01 -2.8078353067e-01 2.3962183215e-01
1.6556481298e-01 1.2486995629e-01 1.4944482720e-01 -5.6853511155e-02 -7.5214427932e-02 -2.6084440213e-01 -4.0322730472e-01 -4.9867252635e-01 9.9727952937e-02 -1.5948431314e-01 -3.8659244121e-01 5.0955009872e-01
-8.1766725466e-02 2.2671505648e-01 -6.5266854534e-02 -2.2664052458e-01 2.7719196562e-01 -1.5151495129e-01 5.9793346031e-02 1.2973365390e-01 -3.4158964176e-01 1.4086937362e-01 -1.3179302214e-01 -1.5181168637e-02
1.7570455075e-01 -3.5616556018e-01 -2.1866840568e-01 -2.4705162528e-01 -1.8883258460e-01 3.3442021913e-01 3.9179211972e-02 6.6639220504e-01 -4.6394083682e-01 -1.1555576946e-01 9.3530260250e-02 -2.4058126227e-01
1.8484538362e-01 -9.3434313629e-02 -1.0076630438e-01 -2.8169219829e-01 -4.5456142314e-01 1.8871213730e-01 1.4903580003e-01 -6.4032367161e-01 -1.0856812879e-01 -2.0866428433e-01 -2.1088513159e-02 -1.3223851484e-01
