-7.6122835142e-02 -4.7062538163e-01 4.9362713697e-01 1.0732135298e-03 -3.0053630622e-01 1.9711740804e-01 1.3962641506e-01 5.4504446454e-01 3.2568730555e-01 5.4607432344e-02 -5.1860171187e-02 1.4862400506e-01
4.2478095688e-01 -2.5097756478e-02 -1.6145038465e-01 -1.8568471306e-01 1.6737521611e-01 -4.6111242339e-01 -2.4900331015e-03 2.6408675571e-01 1.7879404630e-02 -1.3080979766e-01 -2.8162576242e-01 1.6381926326e-01
1.6018299932e-02 -2.9928677133e-01 -4.9680617547e-01 2.6160560542e-01 8.5119741983e-02 -1.8451660401e-02 1.6700378088e-02 9.1373328821e-03 2.5122838505e-01 2.3910164384e-01 4.1722283934e-01 -1.4874463654e-01
-1.7684353581e-01 -7.3003624909e-02 3.1068796339e-01 -1.6407358983e-01 -4.4032835353e-01 3.6333894966e-01 -1.9516620222e-01 1.0124662691e-01 -1.6952874520e-01 1.7020575395e-01 -5.4638562845e-02 -2.4569232663e-01
1.9541852497e-01 -5.9253092059e-02 1.2363228980e-01 -7.8401747499e-02 1.5530579244e-01 9.5620699100e-02 -2.6830030346e-01 4.0491523700e-01 4.4089077535e-01 -1.0224347054e-01 3.4350935922e-01 8.1574471312e-02
-3.9238737266e-01 -3.9102423878e-01 1.7264075030e-01 -4.1532983244e-01 2.7193327396e-01 3.0258559663e-01 -5.6498009360e-01 8.0366180140e-03 2.6358960102e-01 -3.3551242218e-01 -3.1996570200e-02 -1.8209272036e-01
-2.0471896431e-01 -2.6835095358e-02 4.9646992088e-01 -1.3483593755e-01 6.5856473160e-01 -1.8779136025e-01 -2.3302149716e-01 4.5379373944e-01 1.2647874580e-01 4.3017173316e-02 -4.6510962443e-01 1.9845638298e-01
-1.8242590007e-01 2.3546849302e-01 5.1322735765e-01 1.1198663334e-01 -2.2424514745e-01 -3.0768482079e-01 -8.0623967507e-02 -3.0014362374e-01 3.5271381688e-01 6.9149461658e-01 -3.3148818127e-01 5.4653077194e-01
9.8854324853e-02 3.7841796573e-02 -2.6480958376e-02 3.9079408655e-01 3.8953993435e-01 5.6129362565e-01 1.5676755420e-01 -4.8195616240e-02 -2.2171672904e-01 -3.5520147529e-02 5.7105798815e-01 2.6513640127e-02
9.9838590144e-02 2.0942016009e-01 -4.6555510456e-01 -3.4005269212e-01 -2.4582154961e-01 1.6153738672e-01 -2.2160457032e-01 1.7818567340e-01 -2.3304540785e-01 -1.1003067286e-01 4.8189336154e-01 -1.2724220838e-01
2.6111529917e-01 1.9082545813e-01 2.3933341505e-01 5.4263432862e-01 1.7809153275e-01 -3.2213864566e-01 1.9451707646e-01 -4.4218317364e-01 -3.4570019940e-01 3.4922957113e-01 -3.3724331479e-01 4.5470771373e-01
3.0664314260e-01 2.7739390535e-01 -4.0101456051e-01 4.4445816705e-01 2.4953258115e-01 -9.0818428676e-02 -2.7511402418e-01 6.6455513666e-02 1.2403612181e-02 -3.3184416653e-01 -6.2075016418e-01 -6.3656189515e-02
