8.8818576804e-02 1.5964496025e-01 4.1271580620e-01 -3.9831778342e-01 -2.1686257369e-01 -1.4537301307e-02 2.7408477134e-01 4.2971857217e-01 3.1734511499e-01 2.3434889673e-01 -5.2135169034e-01 -4.9965296027e-01
1.7027280138e-01 -1.1535256445e-01 -1.0498088343e-01 -2.0611720472e-01 -8.3534417365e-01 2.8680878843e-01 -2.8890708850e-01 3.5722060116e-01 9.4325591146e-02 -1.5407951656e-01 -1.2145968409e-01 1.7919141634e-01
-2.5425045487e-01 8.6036861552e-02 4.5330231336e-01 3.9698783627e-02 2.8574517574e-01 -5.5052127411e-01 -2.9253234652e-01 3.1812150063e-01 1.7669389521e-01 -4.2675369398e-03 1.2102701541e-01 -2.9289437128e-01
-1.7573210909e-01 -2.6317226258e-02 -1.2509673790e-01 -1.9182271726e-01 -3.2423198240e-01 3.6480919917e-01 3.1339781323e-01 -2.5019460971e-02 1.0727837121e-01 4.5088539921e-01 7.4339163034e-02 -3.2607179043e-01
3.8314642389e-01 2.9495501279e-02 -1.9786932227e-01 -3.4131405135e-01 -4.4787749875e-01 -7.9234528084e-01 -1.4368972125e-01 -5.2322321079e-01 4.7233175199e-01 1.0232279144e-01 -1.7987426876e-01 3.6360642959e-01
-2.6200153926e-01 -2.5231909553e-01 4.2455636676e-01 3.7197798080e-02 3.6476548766e-01 3.9274357802e-01 -9.6140324968e-02 6.9850072333e-02 1.1726210432e-01 5.9304943333e-01 2.3148757619e-01 -9.0539152864e-02
-2.1119492370e-01 -5.7554951073e-01 4.1955955830e-01 6.4468186045e-01 7.0322507594e-02 -3.7834657037e-01 -7.7984306574e-02 3.8054679889e-01 1.4836580018e-01 -5.1447249786e-01 -4.6063220965e-01 -1.9341535924e-02
-2.9816235664e-03 -2.0367450843e-01 4.8698472789e-01 5.2623260183e-01 -6.3795640123e-01 5.6615164294e-01 -5.9566014693e-01 -1.8352165407e-01 2.4390303696e-01 1.8363669823e-01 -2.0583887669e-01 3.3839546664e-02
8.5833497286e-02 -2.1167213381e-01 3.0408861710e-01 5.7054959239e-01 -2.3999770124e-01 -1.7229778270e-01 -1.1165930516e-01 3.7345748496e-01 -4.9872024979e-01 -4.4608550630e-01 -5.2893112356e-01 -2.6779632872e-01
-3.1838644332e-01 -2.0517728260e-01 -1.2621909556e-01 5.8057789664e-02 2.1378393908e-01 1.1808499704e-01 -4.8391240811e-01 2.4214060997e-01 1.1187924767e-02 -4.7734515895e-01 -3.1259533743e-01 2.0671452200e-01
-5.7980873070e-02 -3.2861822452e-01 1.9773857371e-01 5.1698524968e-02 5.7718898209e-01 2.4833349068e-01 -4.6154404597e-01 -5.5737216277e-02 -5.9590646559e-02 1.6557847188e-01 3.6941648829e-01 9.1552041395e-01
-3.2174936664e-02 8.9175861417e-02 3.4120216378e-01 8.7149426481e-02 -1.1738119974e+00 1.0582433185e-01 -1.2372999988e-01 -4.1565599201e-01 -6.0373848309e-02 5.9366295193e-02 3.3546717769e-01 -3.5411892853e-01
