1.0219040712e-01 -1.8779371586e-01 3.9408070155e-02 -3.7941805586e-03 2.7181415906e-01 -3.2775016920e-01 -2.4075088912e-01 4.6429104410e-01 1.0983619352e-01 -1.1518019893e-01 3.8665803172e-01 -4.9622766444e-01
2.4600116542e-01 -5.4396560460e-03 -2.2801503244e-01 4.8618121639e-01 1.6852070457e-01 2.6133792922e-01 -4.9594627247e-01 -5.5079319685e-01 2.5875878301e-01 -1.2685302196e-01 3.0274005588e-01 2.1589898042e-01
-1.3040272934e-01 -2.1332633362e-01 -2.2203414610e-01 -2.0258831655e-01 -4.5895832231e-03 2.7744747260e-01 -1.7758640614e-01 -6.7703807445e-01 -1.4659526222e-02 -3.3095956556e-01 -1.1171866892e-01 -1.6816436222e-01
1.8334363328e-02 -2.0284574578e-01 -3.1790915930e-01 1.0580283706e-01 -5.2886484953e-02 -2.7003443956e-01 1.4320118313e-01 4.4794057618e-01 3.8576395765e-01 -7.2566773928e-01 -1.6562678148e-01 6.6783399273e-01
3.3853539208e-01 3.3500910516e-01 2.9557342923e-01 -4.4169238076e-01 3.7528813672e-01 1.3336455852e-01 1.1601113030e-01 1.1704838033e-03 1.7986588510e-01 -6.4424650008e-03 4.1251731955e-01 -1.4922654000e-01
-2.5101346276e-01 6.7084938284e-01 -9.9001715375e-02 2.5912991951e-01 1.1952272261e-01 1.0814113467e-01 3.1836316980e-01 -1.6718236497e-01 6.6028157777e-02 -1.6938097307e-01 3.7808703546e-01 2.9776537748e-01
-1.5993173087e-01 2.6562557425e-01 -3.3359545471e-01 3.1821701221e-01 -1.9318432528e-01 1.4525282851e-01 -9.1180417731e-02 -4.1088845970e-01 -1.7524073109e-01 4.9516609606e-01 -1.2083174161e-01 -2.3632005497e-01
-3.2432231222e-01 3.4456937994e-01 3.4406623461e-01 1.6474736676e-01 1.2552934152e-02 -1.0608521556e-01 -3.1215628211e-01 -1.4947964306e-01 -1.8991368263e-01 5.3326969674e-01 3.6096926954e-01 -1.4836381802e-01
2.5668843943e-02 1.7112259192e-01 1.4634915349e-01 2.6208150130e-01 -4.9949973146e-01 -5.0059023115e-01 1.2772687654e-01 4.4438896020e-01 -1.8707602346e-01 6.0936043537e-01 -1.2680836621e-01 2.9871945132e-01
-1.2711370314e-01 1.8906263203e-01 -2.4813178293e-01 -1.7566558780e-01 -4.9069234601e-03 -1.2318954321e-01 -1.4731597775e-01 2.6070323667e-01 -6.5441093886e-02 4.8304529223e-02 -1.0313843606e-01 -1.1548927809e-01
2.2226952629e-01 3.5954922068e-01 1.6353084771e-01 2.8108155719e-01 1.8236988323e-01 -2.3734601976e-01 7.8454860816e-02 -4.5259268166e-01 2.7229692714e-01 -2.1999418879e-02 -3.6733904126e-01 -1.3657747720e-01
-6.5396238960e-02 -2.8558068772e-01 -5.4251701374e-02 9.1690768024e-02 2.4406206406e-01 -4.5723606772e-01 1.7055656750e-01 -1.6254954302e-02 1.9794341102e-01 -3.7584423222e-01 2.4784087058e-01 -4.1067260218e-02
