3.2272810635e-01 -4.9105279492e-01 2.2474127029e-01 -8.2719625048e-02 -1.3034265693e-01 -4.3750414522e-01 -8.9545684809e-02 8.7131684991e-02 -1.8784475041e-01 -9.4329135971e-02 -1.0288557207e-01 -4.9351964774e-01
3.7925199528e-01 -1.9910995896e-01 6.6953828146e-02 1.8217824267e-01 2.8717563381e-01 1.8201098071e-02 -1.9568361861e-02 9.7223325693e-02 -3.6894080088e-01 4.0031839788e-01 1.7118650443e-01 3.1896844969e-01
3.6595808946e-01 4.3475491779e-01 -7.5154786926e-03 5.0882479469e-02 -7.5553314958e-02 1.8110412158e-02 -4.4215413875e-03 9.5284972062e-02 -1.2306747557e-01 -2.0414895270e-01 -1.0141784387e-01 5.6625042213e-01
-5.2981920598e-02 1.6740084199e-02 1.7648146458e-01 -2.3710533139e-01 5.1475421668e-02 1.7112646409e-01 1.8976936562e-01 -4.4005856804e-01 -2.0852044075e-01 -3.9539472335e-01 -3.4244959181e-01 1.0698858178e-01
-3.9298148345e-02 3.7479978047e-01 2.3919663385e-01 1.6174072845e-01 -8.5503980890e-02 -1.2735812073e-01 -1.7337471146e-01 -6.4594574433e-01 -1.3486221076e-01 5.0498133449e-01 5.7802231819e-01 -7.1491809354e-02
-4.1968049453e-01 -6.4312067383e-02 -2.2711170239e-01 3.8156534418e-01 2.9690628814e-01 3.4409969334e-01 -4.2776664440e-01 -4.1456703453e-01 -3.9508004878e-01 -1.8308547685e-01 1.0034817371e-01 1.6383866254e-01
-2.2687363431e-01 -2.0585568982e-01 -5.2925730721e-01 3.4374510549e-02 -2.7965907412e-01 -1.1862616121e-02 -9.2341456596e-02 -2.7003943767e-01 1.5634250200e-01 -2.3184934846e-01 -3.0090260937e-02 1.8105963188e-01
-2.7746402353e-01 -1.8132263137e-01 -4.2367288745e-01 2.7233281109e-01 1.1262637380e-01 -4.8847116036e-01 -4.8805843940e-02 4.6923993506e-02 -2.9710758175e-01 -3.5416486720e-02 -1.5194271726e-02 -2.5298291671e-01
-9.4672922515e-02 -3.5902677690e-01 2.6015386083e-01 2.1747323949e-02 -5.1997646125e-01 2.5614550197e-01 6.2371444405e-02 1.8450413881e-01 1.3154043786e-01 5.0319909662e-02 1.4813878124e-01 2.8377148239e-01
-5.4540701040e-01 7.5770960193e-03 1.4351278786e-01 1.4701474917e-01 2.2029818847e-01 -3.1869644143e-01 -3.5552864909e-02 -4.3978987593e-01 8.0489791106e-02 -4.7253564330e-02 9.1799869104e-03 -4.9912517129e-01
6.4641631513e-03 -9.6404510978e-02 -4.2358543405e-01 -3.6295364485e-01 -3.9911235428e-01 -1.4381689275e-01 1.0394906827e-01 -4.1925778869e-01 -1.0596652244e-01 -4.9443015383e-01 -2.5882809792e-01 2.8753614161e-01
3.0482068319e-01 -1.7735029126e-02 -1.8590905910e-01 -2.6104710393e-01 -7.9300134956e-02 -1.1445458312e-02 -1.7517443170e-01 -3.0220897020e-01 -2.4888361418e-01 1.6764926485e-01 3.2753408531e-02 -1.2064510925e-01
