1.4358063596e-01 6.8355383316e-01 -5.1632923961e-01 -4.6490059948e-01 1.1074519959e-01 5.3664619072e-02 -3.2837220619e-01 2.6447960862e-01 1.9033694576e-01 1.2079814142e-01 -6.1891290490e-01 -3.7621801894e-01
1.6325335726e-01 1.8879119859e-01 -2.6200687128e-01 -1.9769637469e-01 -4.0230388681e-01 4.0811463638e-01 -1.0205700099e-01 -1.6215333745e-02 -6.5487842083e-01 5.4346803311e-01 1.3206559741e-01 5.2942069370e-01
4.1737414053e-02 3.1518809251e-01 -4.0565481627e-01 1.7542397896e-01 -1.8823236425e-01 2.3791953446e-01 -4.0083212658e-01 2.0562040462e-01 -9.1684261420e-02 1.8237053452e-02 2.7075516201e-02 -7.6621749390e-02
3.1067768679e-01 3.0423406720e-02 3.0470797344e-01 9.6399931456e-02 1.0459845605e-01 4.1581222467e-01 1.9835947084e-01 -4.4088965053e-02 -1.3248840917e-01 2.6331013036e-01 4.2329797355e-02 -6.7929450088e-02
-4.5395398196e-01 7.1935436395e-02 4.5992059767e-02 7.2896599048e-02 -6.9202848882e-03 4.7836324937e-02 3.9871800569e-01 4.0333231991e-01 -3.0657882589e-01 7.4228184746e-01 -2.5567436528e-01 1.6655059514e-01
-3.3063463780e-02 -2.7803852668e-01 -3.2505181071e-02 2.6493648362e-01 -3.7786064608e-01 -1.1659573035e-01 2.9413535558e-01 -6.6538011259e-01 -1.3096991111e-01 2.1440156170e-01 4.0394391952e-01 3.0911413783e-01
-3.3680555098e-01 -8.8537990419e-02 -1.8106217470e-01 -9.2202940978e-03 -3.7801094231e-01 -3.6245252984e-01 4.0055793679e-02 1.0831477848e-01 2.0142154095e-01 1.3065988742e-01 2.8179929659e-02 -4.1625940474e-02
1.6208696412e-02 -9.0550936703e-02 -5.3857378684e-01 1.9446929527e-02 3.8312376931e-02 7.2393690415e-02 -1.7026674721e-01 4.3286920818e-01 -5.3671273311e-01 1.9209737356e-01 1.3720856721e-01 -2.2939527490e-02
4.6010258423e-02 -1.9688012782e-01 -3.5653016502e-01 1.3633313154e-02 -1.6776049585e-02 6.3386846720e-02 9.2320423524e-02 4.6537948091e-02 6.0998973716e-02 6.0154680231e-01 8.3926577825e-02 -7.1375002190e-02
3.3130351392e-01 5.4564386700e-01 -1.1163397170e-01 -2.6873059022e-02 -2.0041655111e-01 3.2956884662e-01 5.3516694756e-01 -5.0128053449e-02 -3.8114841283e-01 1.1330696149e-01 -1.2489377892e-01 -2.8490010630e-01
-2.9066611520e-01 2.9400845405e-02 1.4387303016e-02 2.2482766476e-01 -4.3723137510e-01 -1.0246666847e-01 4.3932714914e-01 1.1581042344e-01 2.0550657879e-01 -8.2402097541e-01 2.8653709764e-01 -1.9374796400e-01
-9.8421838313e-02 1.8889474380e-01 5.4546753759e-02 6.6327726788e-02 -4.8967557466e-01 -5.7344469663e-02 -2.3736209812e-01 -8.8529055628e-02 1.0314162312e-01 5.0581205560e-01 3.0597530927e-01 -9.5957465789e-02
