-1.1535749284e-01 -1.2785161649e-01 -2.1550405609e-01 3.8967150373e-01 -2.1885830249e-01 -4.3332878158e-01 -6.9130015917e-02 -2.8288317656e-02 -4.6864841291e-01 9.7292118646e-02 -1.5753688799e-01 3.4784795732e-01 4.6021360647e-01 4.5608214864e-02 7.0160456503e-01 -1.3198374753e-01 -5.2316515583e-01 2.4056211528e-02 1.2486841589e-02 3.2077675107e-01
-5.3279549616e-01 -2.9616829833e-01 -6.6003284728e-01 -2.9893089416e-01 2.0803595589e-01 -1.3415079155e-01 -5.2028407103e-01 -1.9551479501e-01 -6.4660646807e-02 7.1785782101e-02 -7.0607630983e-01 -2.4244132466e-01 3.4920263222e-02 8.3636020409e-01 -1.1841554255e-01 4.1808391854e-01 -7.6015468453e-02 -5.1893584094e-01 -1.1300902369e-01 5.1744911867e-01
-8.0255710666e-01 1.1154582627e-01 -6.2124615942e-01 -2.0700035113e-01 1.5139153825e-01 -8.3936130611e-02 -1.9729993703e-02 2.9595951165e-01 -3.5635514634e-02 2.0121863245e-01 -1.5892547787e-01 4.2637342317e-02 3.0414253893e-01 1.1719355484e-01 4.3460049842e-01 2.4765862230e-01 4.7394333807e-01 -4.0677652726e-01 -3.9667433582e-01 -5.5315313084e-01
5.6958333833e-03 3.0076650418e-01 2.6487215998e-01 2.1423646326e-01 3.9899166670e-02 -3.8402712783e-01 6.6729617899e-02 1.5494982891e-01 -2.0939791537e-01 -6.5600623757e-02 -3.4495219352e-01 3.0478117700e-01 3.3423089099e-01 -4.8153305890e-01 1.4189556786e-01 -1.7747213615e-01 6.1156487148e-04 4.8325528413e-02 -4.2772125310e-01 -5.2650073201e-01
-2.4536638003e-01 2.0288781319e-01 -9.8649756249e-02 2.2749931314e-01 -1.1713549816e-01 1.1718840608e-01 -4.2964812521e-01 3.3983759882e-02 -5.3407777573e-01 1.8000745011e-01 -3.1932612308e-01 2.8063162735e-01 5.2290184608e-01 -1.9276579208e-01 -4.8005885871e-01 7.3724814613e-02 -7.3630805192e-02 -4.8456543279e-01 -4.5673053594e-01 -4.9096516741e-02
-2.1857405156e-01 -4.2833997550e-01 -2.9745736775e-01 -3.7514918048e-01 3.1405925366e-01 1.0853909593e-01 -1.6258693273e-01 3.2549682780e-01 7.2568395003e-02 3.2411845224e-01 -2.0349277703e-01 -1.1432583348e-01 2.3488563009e-01 1.1046120185e-01 5.7770227838e-02 2.2655679679e-01 1.0177187279e-01 -5.4163002337e-01 -3.3180631541e-01 6.7641515897e-02
2.5819693057e-02 -5.6148875831e-02 2.2335622539e-01 2.3714650200e-02 -8.1136993428e-02 6.6778490440e-02 1.6140493625e-01 -6.2610596671e-02 -1.2689843282e-01 2.6920183635e-01 -1.0732059595e-01 -1.0471381613e-02 3.9988731974e-01 2.5507848911e-01 -1.6419651657e-01 1.5270314875e-01 -5.4355498491e-01 2.1057571617e-01 1.1060157074e-01 -2.8212154157e-01
-3.0182893371e-01 -3.2640790344e-02 2.3166720447e-01 3.0570630829e-02 9.2182681593e-02 1.3698721781e-01 -2.0688239391e-01 4.5661154537e-01 -2.5840696798e-01 -6.7434085980e-02 6.3182107089e-02 -2.5875553062e-02 3.6714009927e-01 -2.2385184168e-01 8.8601555373e-01 2.0867560046e-01 -2.2512709008e-01 2.0367075313e-01 1.0563547244e-01 -4.6007096596e-01
4.0192702166e-02 -2.1653400868e-01 3.2476453423e-01 -4.8008483923e-02 -8.9101989988e-02 4.8211788829e-01 -8.5937991716e-01 -1.0415906088e-01 4.4552024728e-01 -4.4837882675e-01 -5.6229489973e-01 -6.6070603438e-02 -2.3934514743e-01 -1.8854027681e-01 -1.8885688027e-01 7.0107195431e-02 2.8963062222e-01 5.3949100543e-03 -1.8686642403e-01 2.8350042595e-01
-2.5551991185e-01 -2.1424262427e-01 5.7308132005e-02 -8.7100130074e-02 -1.3669013956e-01 2.9756039689e-01 -2.1403355952e-02 1.4643719204e-01 -2.9080120813e-02 -1.0679350191e-01 -5.2572761782e-02 7.0931099632e-02 4.6378239226e-01 -2.3463183476e-01 2.7087281312e-01 -1.0368943534e-01 -1.8413235783e-01 2.2153557604e-01 8.4274693340e-01 1.4934169890e-02
-3.9600524581e-01 1.5261172779e-01 2.0084091302e-01 3.3585824004e-01 -6.9909448168e-02 2.8188623638e-01 -7.2186804909e-01 -4.0632777277e-01 3.1218452398e-02 2.9149035829e-01 -3.4775681621e-01 3.9420907376e-02 2.1601423264e-01 2.1178999045e-01 -4.7796367276e-01 4.7681295346e-01 -1.6016503863e-01 -2.4043200481e-01 -1.2920243433e-01 2.6927871261e-01
-4.2477264363e-01 6.2373866702e-01 -4.7435767389e-03 3.4269567300e-01 1.7932240003e-02 -3.0519114065e-01 -3.7797041522e-01 5.5996239054e-01 1.6108306044e-01 5.5317994764e-01 -5.0550907190e-01 1.2134010296e-01 1.1403497371e-01 2.7185010386e-01 -3.1131902587e-02 2.0991764774e-01 -4.2970086842e-01 -2.6086425117e-01 5.0265843831e-02 2.1955656841e-01
1.8015593122e-01 -1.4175351644e-01 7.4338514776e-02 -1.0875858227e-01 -3.4005715259e-01 1.9040562819e-01 -3.8559531974e-01 -4.5359974680e-01 -8.3506300952e-03 7.6959538472e-02 3.5342206312e-02 -1.8767339770e-01 1.9144356695e-02 4.8464549871e-02 2.0297690706e-01 -8.6685124273e-02 3.2600183533e-01 2.8554452075e-01 7.1120950385e-02 4.8924123536e-01
-1.8430258293e-01 2.3052415883e-01 4.5669421472e-01 -8.7249024219e-02 -1.3090585414e-01 5.7919757819e-02 5.5116124160e-01 -5.5602392537e-01 -2.8803341622e-01 -5.5546146535e-02 4.4038449503e-01 3.3870097997e-01 4.0584164535e-01 -5.4928842100e-01 2.0527112465e-01 7.8017955421e-02 -4.1679232360e-02 -3.4789406069e-02 2.3066050690e-01 -3.7355510296e-01
1.5751000079e-01 6.3757687875e-02 -1.9487989073e-01 -1.0021419309e-01 -2.6563356900e-02 1.0456879970e-02 4.2505068025e-02 1.0148529571e-01 -4.1824251651e-02 -4.8703781399e-01 -2.6259494461e-02 -3.9119081333e-01 -2.2652153658e-01 1.7011234822e-01 -1.0461929984e-01 -1.7831750374e-01 3.1571440862e-02 6.3004829815e-02 -3.3271221856e-02 -9.7346773959e-03
-2.1680024575e-01 -4.0162594251e-03 3.5284977344e-01 -8.5562931056e-02 3.1435057796e-01 -7.7582463038e-02 2.2002148904e-01 4.0708951074e-01 2.2972606723e-01 -2.5176828976e-01 -1.2476541105e-01 1.4620267659e-01 5.9466429917e-02 1.0187581259e-01 4.4958712725e-01 6.3523242651e-02 -4.3076492219e-01 9.5468834252e-02 -4.9046932137e-02 -2.7567230360e-01
-2.2760063857e-01 5.7625679996e-02 3.3784514786e-01 -5.8509882452e-03 -3.9556278971e-01 2.7113726428e-01 1.7065529548e-02 -4.6602667382e-01 -2.5426112993e-01 -2.7259970417e-01 2.3612549969e-02 7.4861991334e-02 -4.0806462184e-02 3.5687854128e-01 -3.1691485272e-01 5.9771982719e-03 -1.9779496402e-01 -1.4466045571e-01 -1.9991113321e-01 6.3090881916e-01
2.5216275613e-01 -3.2097254095e-01 -6.9777813481e-02 3.7416079531e-01 5.3485713995e-02 1.0124990607e-01 2.0450302255e-01 6.4794111800e-01 -1.9743921001e-01 1.6675589865e-01 -1.0261144485e-02 2.1532220427e-01 1.1889216655e-01 -3.4947457743e-01 -1.4306655306e-01 6.3933904639e-01 1.3522318063e-01 -4.1306266917e-01 -8.8169141941e-02 2.7758808901e-01
4.0030203994e-01 -2.0127635054e-01 4.2048297950e-01 -1.8460388357e-01 3.0765232069e-01 6.8758830860e-02 1.1600038839e-01 2.3672502448e-01 -2.1311892433e-01 2.9665159001e-01 4.0522602151e-01 1.8745036104e-01 1.1007789816e-02 9.1705081030e-02 -1.0569053678e-01 -7.0919070398e-01 2.6563399393e-01 3.7099765940e-02 -1.0387828567e-01 -1.4108951664e-01
-1.7762164160e-01 2.1262140547e-01 -1.9992997021e-01 -2.2673002888e-02 3.1697311215e-01 1.0803658006e-01 -7.5770198446e-03 2.6862913522e-01 -2.3984480712e-01 1.4452740812e-01 -1.6202210798e-01 -1.2997485169e-01 -3.0486758038e-01 2.0140362207e-01 4.8992018925e-02 1.5276063881e-01 1.3667548301e-01 -2.3405550154e-01 -1.7322428317e-02 2.1945229385e-01
