-1.0606694616e-01 -6.4701032641e-01 2.1100982068e-01 5.3088420062e-02 3.0399053387e-01 -2.2326753178e-01 4.1409705445e-02 3.3691313737e-01 -4.5499638713e-01 -7.0637151648e-02 -1.9812732846e-01 -4.4918815525e-01 -4.5590565280e-01 -4.3703496653e-02 -3.9964259326e-02 8.5502287919e-02 1.2923945964e-01 -1.8949141101e-01 -1.0944322427e-01 2.2776353892e-01
-2.9532589078e-01 -1.0709969395e-01 -1.9854230580e-01 -1.9173863374e-01 -1.3200423073e-01 -1.6779927895e-01 -1.1810792690e-01 2.4403612245e-01 1.9960895765e-01 3.8205099339e-01 2.1312543644e-01 4.5031352699e-01 -6.4508450948e-02 3.1705040556e-01 -1.7608280348e-01 9.5950217394e-02 -1.7716995582e-01 -1.0082385174e-01 5.1078726211e-01 -5.6094777672e-01
-3.7166852810e-01 -6.5006513714e-01 6.7126922750e-02 -2.3284323635e-01 -4.7955373502e-02 1.9947626347e-02 3.6900699713e-02 1.4562906556e-01 -6.1521137128e-01 -3.1813872952e-01 2.8657651236e-01 1.6568393904e-01 -2.9594425145e-01 1.7416722027e-01 3.9396506751e-02 9.6587286489e-02 -3.1264123279e-01 1.4307988219e-01 3.5609664826e-01 2.4924009378e-02
-1.2506319455e-01 -3.0117693706e-01 2.3630693589e-01 3.0623508241e-01 -1.6047056973e-01 -5.4713412849e-04 -1.3080889094e-02 5.7016833581e-01 -8.2149054289e-03 -1.1570388284e-01 4.1975766031e-01 6.8408427620e-02 -1.3761374523e-01 1.6099239892e-02 -2.5756055926e-01 1.3568909040e-01 -6.5327817312e-02 1.0220829687e-01 1.0146124535e+00 1.1730450588e-01
4.7471236480e-01 3.0957985088e-01 9.4793279736e-02 -1.4602353205e-01 -3.0488740898e-01 1.2499846256e-01 3.7227141457e-01 -2.0669859976e-01 5.5845609506e-01 1.5116731674e-01 2.0908777960e-01 7.3573149543e-01 5.5483953755e-02 1.2374936927e-01 4.4354677190e-02 -4.4689582498e-01 -7.3232207038e-02 1.7039094743e-01 -2.0119852667e-02 5.1640565008e-01
-8.4373424141e-02 -1.6989579017e-01 1.5395946748e-01 -6.9052182977e-02 4.3671307834e-02 -3.1716904972e-01 2.4895897753e-01 -2.9799985079e-01 -2.4126785933e-01 -3.3672340510e-01 -3.2616904434e-01 -7.8353844722e-03 -1.1209708578e-01 -4.8846990506e-01 -1.9939118363e-01 -2.4047357330e-01 4.4852058943e-06 8.1109730522e-01 6.7840063898e-01 4.1672559862e-01
-9.9153681948e-02 -2.2361795071e-01 4.1817264106e-02 8.4096022219e-02 2.8374270741e-01 -1.4659169400e-02 2.2143468911e-01 6.2166393784e-03 3.5832169004e-01 3.5346657441e-01 -2.2269878973e-01 -3.4259969775e-01 -1.2341586439e-02 1.1058921636e-02 3.8745286719e-02 1.0245801070e-01 5.5482815605e-02 -3.3023677937e-01 1.3856956721e-01 1.8006981301e-01
3.4917679895e-01 -1.3316808154e-01 2.2960273506e-01 3.4333584518e-01 -1.4260070878e-01 1.2766582078e-01 9.0175167202e-02 4.0271694127e-01 2.6970677124e-01 -3.4937148892e-02 3.8963527821e-01 5.7182318327e-01 4.4655462117e-02 -2.2294414462e-01 -1.0346737077e-01 1.9634712355e-02 -4.1213389923e-01 -4.2856568132e-02 1.8188993996e-01 2.4286979494e-01
1.2637649824e-02 -7.2395563655e-02 6.0157850822e-02 1.8224084587e-01 6.2136821387e-02 -3.6686281000e-01 4.4218867255e-02 -3.0838912922e-01 7.9181620827e-02 -1.0347397884e-01 -3.9456991690e-01 -1.2836429461e-01 -5.9897936768e-02 2.1988156085e-01 -1.0978084202e-01 7.0990444132e-03 -6.6999537704e-02 5.8469614125e-03 -8.1700188979e-02 -2.2374730919e-01
4.7969237810e-01 1.6359469338e-01 3.3593562000e-01 -8.0887204329e-03 1.5123068287e-01 1.8095031459e-02 -3.7951507298e-01 1.1579626905e-01 -1.4224638430e-01 5.9123477279e-01 1.1149300645e-02 1.2034334268e-01 5.7507249318e-01 3.5141166002e-01 -2.3409980320e-01 1.4268243605e-01 -1.9611218397e-01 -6.0607021540e-02 3.0144266297e-01 -2.5739028460e-01
-1.0241211579e-01 -4.3795382902e-01 2.2550521100e-01 -2.5463390889e-01 1.4399209394e-01 3.9110347626e-02 -1.8829025693e-02 1.4489531981e-01 3.0438128695e-02 -4.8545864700e-02 3.3990267390e-01 -6.0788598148e-02 -2.7567168863e-01 -1.3700512497e-01 -5.9828552002e-02 3.5981646620e-01 1.2513938432e-01 1.3932793551e-01 3.9137582782e-01 5.0929253955e-02
-4.1512548561e-01 -7.3596509429e-02 -4.3483588486e-01 6.0054769661e-02 1.6508245518e-01 1.2690226538e-01 -4.6370916944e-01 6.2539203536e-02 2.6619779860e-02 1.3746139483e-01 1.7746901556e-01 -1.8860040054e-01 -3.5608827564e-01 -5.4952379251e-03 -4.1862327363e-02 1.8696560740e-01 -1.7095539472e-01 5.3524714663e-01 2.0758549936e-01 -8.1943318501e-01
-9.8145209545e-02 6.2346343712e-01 2.2026271035e-01 4.0561782437e-01 1.4620477469e-01 5.8069274268e-01 -8.7379911152e-02 1.4799196795e-01 5.1924815172e-02 1.3505677416e-01 1.9664392051e-01 3.1990251817e-01 -1.7527748813e-01 -1.0923292718e-01 3.1748319552e-01 1.3891761081e-01 -3.7205660875e-01 3.5258830928e-01 1.1552791396e-01 -4.3537673956e-01
1.0624114104e-01 -2.5234546249e-02 -1.2356349921e-01 -2.6133007891e-01 -2.3939045963e-01 -1.2113514875e-01 2.1090483378e-01 -4.6734494429e-01 1.2963097985e-01 4.9078964854e-01 -4.2072626102e-01 -1.5066836799e-01 -3.7629156632e-02 8.0631241128e-02 6.3530089321e-01 1.5706946595e-02 1.7207732497e-01 -1.6662815996e-01 -1.0724548282e-01 3.0973682965e-01
1.6133465919e-02 -6.6438430754e-02 2.3488096921e-01 4.8397575831e-01 -1.0332921842e-01 2.7642977355e-01 6.4128515042e-02 2.3779407781e-01 1.4344584597e-02 -1.6328537544e-01 1.0470408774e-01 5.1059530983e-01 -3.7716687297e-01 -3.7255093169e-02 -3.9891522150e-01 3.5887743412e-01 -3.9311519013e-01 5.7049988648e-02 5.2645848808e-01 -5.3659505622e-01
8.5658535749e-03 5.2941923674e-01 5.6446278834e-01 -4.0327263208e-02 -8.8334977905e-02 2.0389664849e-01 -9.4014816834e-02 -1.7771871882e-01 -1.8636259444e-01 -2.4462543189e-01 4.3387892665e-01 2.5984867435e-01 1.6664622032e-01 5.6472517583e-02 3.7329857349e-01 1.9853059930e-02 2.9067377701e-01 -6.8194875979e-02 1.6359806620e-01 -4.2359633382e-01
2.6688521181e-02 3.4919057971e-01 -1.4912029356e-01 -6.6415043931e-01 4.3728693015e-01 8.4282694554e-02 -1.4387653862e-01 -6.9625849810e-01 3.5699946016e-01 4.7219194865e-01 -4.9574868325e-01 1.6487199023e-01 1.3763075987e-02 1.9283964798e-01 2.6897724922e-01 -3.9560648043e-01 1.6209198836e-01 -4.3862534455e-01 -5.1541121900e-01 6.7591156067e-01
-3.2055299758e-01 -4.9758197840e-01 -1.6044884500e-01 -4.0638168108e-01 -6.6867957789e-03 -4.8131294128e-01 4.7327791679e-02 -7.0945067662e-01 -2.1487717821e-01 -1.4200083852e-01 -2.6311359156e-01 -1.6180436792e-01 -4.0959366848e-01 -1.0526977962e-01 2.9203848629e-01 -2.6681712303e-01 -3.4696083716e-01 -1.6012444502e-01 -3.7808304346e-01 2.4118236480e-01
-8.2242974236e-02 4.0655899896e-01 -2.6373766355e-01 9.8552979536e-02 -1.5008699695e-01 -8.1418470631e-02 9.2132395148e-02 -1.5768120536e-01 -1.4819904175e-01 -5.0947868780e-01 -1.8548446783e-02 -4.7381917321e-02 -4.5024077307e-02 1.0738934473e-01 -1.7829091988e-01 -1.3142441854e-01 8.2037585445e-02 -1.0557716202e-01 -2.0308584238e-01 -1.5735118840e-01
-5.3549941552e-01 -2.7356361773e-01 2.9886229273e-02 -4.3583690914e-01 3.4825803426e-01 2.5909536852e-01 -1.3219590662e-01 4.0516958460e-02 4.8859343175e-01 2.9699091645e-01 3.0137598671e-01 -2.1305160777e-01 1.4965141539e-01 -2.0133067954e-01 -7.7277518079e-02 -1.1765348033e-01 1.2042194043e-01 1.7068709063e-01 9.3242266787e-02 -1.6106377444e-01
