1.0691261517e-01 -5.8791520580e-02 7.1668041076e-02 -2.3737371074e-02 1.1361521590e-01 1.4887197872e-01 1.7855519096e-02 8.0390928732e-02 -5.5940756199e-02 2.9356350709e-02 1.0514226895e-01 1.2483997505e-01 2.7773612012e-06 -8.9871127561e-02 8.5274632196e-02 -4.0666266986e-02 5.0569309887e-02 -3.9612919111e-02
8.7052730865e-02 1.0307350278e-02 -6.0326358863e-02 1.6249816651e-02 -4.9273553047e-02 -1.4034222152e-01 1.2612889491e-01 1.7885660533e-01 -1.0731365522e-01 -4.3417364810e-02 -1.4160665008e-02 -8.6719924066e-02 1.0287546988e-01 8.6147181697e-02 1.1559964614e-01 9.7619969099e-02 2.0794872454e-01 -2.2139451512e-02
1.5984513899e-02 -2.8356975586e-02 1.9670632285e-03 -7.8454254227e-02 1.9929748782e-01 8.4080817792e-02 1.7664839773e-02 2.1903775142e-02 -1.2075118117e-02 -3.8322528051e-02 2.0649652287e-01 1.3523174657e-02 -7.3577882839e-03 -4.9755664564e-02 -6.7953745849e-02 8.1761555935e-02 1.5561498572e-01 -8.2813260807e-02
-2.2435623748e-01 -1.5838974359e-03 3.5218517100e-01 4.0202501516e-02 3.3941877320e-01 1.5601905789e-01 -1.5600449014e-01 -1.9952894962e-01 1.8187849650e-01 -1.3379173828e-01 2.4398171744e-01 2.1388308419e-01 -2.0974248827e-01 -2.3341261373e-01 -1.6024223069e-01 -3.3011474566e-02 -2.1013447069e-01 -6.6761293233e-02
1.3723577789e-01 -1.3589216827e-02 8.7366330014e-03 2.7556161300e-02 -1.3548577950e-01 1.6699407000e-02 1.9311616897e-01 3.5225139986e-02 -1.2594252434e-01 -1.3768076727e-02 1.9534288469e-02 3.7039011752e-02 -2.8420358567e-03 -9.3282209059e-03 9.1306430040e-02 -1.3047057843e-02 1.2799342755e-01 -8.6179961369e-02
6.3610752260e-02 5.6449998779e-02 1.1879913954e-01 1.0615563463e-01 1.5266498829e-03 -4.0947996892e-02 8.3817417831e-03 4.5565053632e-02 -1.4152361405e-01 1.2002770964e-01 1.1763395661e-02 9.7644757595e-02 -1.8023743184e-02 -2.8163592368e-02 2.4207399566e-02 -6.7454747224e-02 9.0764336046e-02 7.0733568529e-03
-3.2949832792e-02 5.8564286680e-02 -6.7529925696e-02 -5.8866423952e-02 3.5277903755e-02 -2.0934194677e-02 7.5952666283e-02 -2.3773091227e-02 -6.9172097498e-02 8.9393483959e-02 -2.5794080208e-02 5.4326137806e-02 1.2942349572e-01 9.3851461779e-02 2.4348618839e-02 -4.4484842128e-03 2.0206997981e-02 8.8444492908e-02
4.6062769593e-02 4.3678086606e-02 -1.6244912228e-01 -7.4192201237e-02 -8.0587475566e-02 5.2096825268e-03 -1.6770326749e-02 -6.5015191163e-02 -2.0214788325e-02 -1.1172221192e-02 -1.2997940599e-02 -1.8018612894e-02 6.7360169660e-02 3.1270280974e-02 -7.5519634048e-02 9.0094038522e-02 4.3798674033e-02 5.5411417124e-02
-1.4719331807e-01 -4.1532237711e-03 2.1271522976e-01 2.3745023705e-02 2.3268905005e-01 1.6479329475e-01 -9.5057012367e-02 -1.4685032122e-02 1.3909835579e-01 1.0147854969e-01 1.8195761809e-01 2.3586893633e-01 -2.3564725783e-02 -1.7538801151e-01 -1.1673990514e-01 -1.2179707718e-01 4.3471133511e-02 1.0929405287e-02
1.5834706272e-01 5.9980862987e-02 -9.1846841625e-02 -3.5497277205e-02 -1.4292366308e-01 -1.1788364822e-01 2.3711433184e-01 6.2901022917e-02 -5.0007119059e-02 -2.5580023699e-03 9.1384183806e-03 -1.2497012893e-02 1.2936405777e-01 1.8313922993e-01 2.4329180995e-01 5.9825928249e-03 3.4577507406e-01 6.0942310562e-02
4.6999761871e-02 -1.8170237560e-02 -1.6250846172e-02 -1.7622578300e-02 -2.4754325266e-02 -4.2774745744e-02 8.7999585988e-03 -6.8767601129e-03 1.5945634940e-02 7.6267316668e-02 -6.7682807414e-02 -5.1430017114e-02 -1.7396861966e-01 5.5654433740e-05 8.1011412474e-02 8.3231483790e-03 4.7997684723e-02 -1.2092279906e-03
9.0325668980e-02 4.4609146658e-02 3.7898748696e-02 -2.7109385040e-02 -8.1521013760e-02 2.0969578495e-02 8.4357049702e-02 8.4772484640e-02 -7.7143429565e-02 4.6040890530e-03 -1.0664255694e-01 -2.0234786601e-01 1.1853829920e-01 9.0096302736e-02 3.4671872341e-02 3.3716781164e-02 1.4653088329e-01 1.2105264085e-03
-3.7666701998e-01 5.3769666796e-03 3.0014712920e-01 1.5696903754e-02 3.4129054399e-01 3.2902897705e-01 -2.1393034938e-01 -1.7763381573e-01 4.7942612703e-01 6.5026759121e-02 5.1214813912e-01 3.1712066424e-01 -3.1020472312e-01 -2.7401120116e-01 -3.2918806863e-01 -5.3588520700e-02 6.5031909596e-02 -2.5565505778e-02
9.7967848116e-03 1.6129842753e-02 1.2293315491e-02 -6.7459794729e-02 3.7788056667e-02 -1.6885272951e-02 -8.6061332096e-04 9.5274212227e-02 -2.3701707398e-01 -2.6589180416e-02 -9.5724311309e-03 -2.5834872168e-02 -1.3774177555e-02 6.6546523055e-02 -9.0058500115e-03 5.1379620956e-02 8.4275255379e-02 2.6789401169e-02
-7.4059070031e-02 -7.3297213975e-02 1.3438743693e-01 -4.5882124361e-02 2.2009995316e-01 1.4141448260e-03 -7.2219548153e-02 -8.3564930884e-02 5.2345283413e-02 -1.2989724456e-02 2.0004909054e-01 1.4004704730e-01 -6.7667338878e-02 -9.1703446253e-02 9.5567416842e-02 -4.7303878512e-02 7.1240009145e-02 -4.0892173670e-02
1.4900079300e-01 7.0831044234e-03 -9.7085939449e-02 1.3207424595e-02 -1.1552672526e-01 -1.2957167564e-01 2.2369294056e-01 2.5691927093e-01 -1.3427136475e-01 8.8253556862e-02 -5.0027712669e-02 3.0461463320e-02 1.0432471438e-02 1.6398294126e-01 2.1148005766e-01 4.4004620528e-02 2.1051326220e-01 -8.1781203225e-03
-6.8180915581e-02 8.5731360053e-02 -1.3333491445e-01 -3.5324097499e-03 6.5517700671e-02 -4.2226382510e-03 -5.7252856444e-02 6.0468943553e-02 5.4102637653e-02 2.6779164578e-02 -3.2619893660e-02 1.0700716810e-02 -8.2614005125e-04 1.8496179107e-02 3.7090915470e-02 1.0138574980e-01 -2.3307578538e-02 3.0747435626e-03
3.0480414172e-02 2.1776664008e-02 -2.5510660943e-03 4.9098863004e-02 1.4255264949e-02 -6.4038971392e-02 -6.6009672929e-02 3.4354097527e-02 -5.2069985406e-02 2.1167617188e-02 -2.9887206543e-02 5.0793966011e-03 1.7040270564e-02 -4.2943328939e-02 6.5705819955e-03 9.8317316285e-03 6.3751149904e-03 5.6835250413e-03
