-5.0887631385e-02 -1.1827097064e-02 7.2968942370e-02 -2.9041334309e-02 -2.3659187363e-02 1.6509528740e-01 2.6835833595e-01 -6.9891544479e-02 -2.4486970584e-01 -5.8529127868e-02 -1.9665429935e-01 -2.3513854745e-01 -2.5469691936e-01 3.1500436890e-01 1.6342540504e-01 1.8996566031e-01 -2.5875692022e-02 -6.8654909438e-02
2.3020634399e-02 1.6567459152e-02 -1.1557746010e-01 -3.1361966453e-02 -9.9203728179e-02 -1.2189040581e-02 4.6458636725e-02 2.3982613073e-02 -1.0855224945e-01 -5.4325136150e-02 -9.3481271058e-02 1.5021444143e-02 3.3801542259e-03 6.5511246649e-02 7.4237801330e-02 -7.0469474290e-02 4.2614352243e-02 -1.2148880688e-01
1.1608596620e-01 -1.0210068532e-01 -2.5747353736e-02 9.1734474543e-02 -6.9237221746e-02 1.7958590805e-01 6.9067841486e-02 -1.4526354414e-01 -8.7594053243e-02 -5.7187567361e-02 -2.0752186081e-04 4.2304864152e-02 -4.5284143638e-02 -8.4034241716e-02 5.0650305680e-02 7.9371053881e-03 -7.7023687041e-02 2.8833298768e-02
8.7481042159e-02 5.8978148151e-03 3.0873807213e-02 3.4693047267e-01 -1.9359565892e-03 -2.8919735098e-01 -2.9241503393e-01 -3.3342381270e-02 1.9044906032e-01 2.8032218103e-01 4.0360397861e-01 1.4797102973e-01 2.6905730935e-01 -2.6241715220e-01 -9.7694006635e-02 -2.7146005989e-01 -1.5097544261e-02 3.1263035495e-01
5.7451357780e-02 -1.0599657662e-01 -1.6376863868e-02 1.1919312333e-02 -1.6041036864e-02 -3.6264178992e-02 7.4820107990e-02 7.5556962842e-02 4.2158649081e-02 3.1964065144e-02 -1.4243691177e-02 -4.4998934838e-02 -9.2616716037e-02 -3.7256558482e-02 6.5765940055e-02 -3.3461622216e-02 -5.6568627954e-02 -7.9695228045e-03
1.1189893299e-01 -7.6220761590e-02 -5.6751970266e-02 7.2711198958e-03 6.5040294895e-02 4.1450156555e-02 -3.1871425212e-02 -4.4744650768e-02 -1.6747557788e-02 -1.8105906645e-02 -4.0364685769e-02 -7.3459488646e-02 1.7388938699e-02 -2.3544660772e-02 1.5189917677e-02 -2.4832342968e-02 -1.7275882062e-02 2.3568106267e-02
1.6835299875e-02 -1.4240600763e-02 3.0241650959e-02 4.5172630056e-02 5.6153038135e-02 -1.5596895390e-01 -8.4209437747e-02 -2.3493141866e-02 9.2560434569e-02 2.0547254353e-01 1.5070361961e-01 3.8862489617e-02 1.8616786333e-01 -1.2745389008e-01 2.8423013826e-02 -9.9153919502e-02 -9.1415688747e-02 3.1135692565e-02
7.4536445447e-02 4.5828218941e-02 9.3360788063e-02 -6.7090039430e-02 -6.5353183048e-02 2.3219525341e-01 2.3616745050e-01 -2.1857342973e-02 -3.2796251169e-01 -1.2270984987e-01 -3.0399467502e-02 -2.6272214528e-01 -1.5723290245e-01 1.5011252817e-01 2.2738173134e-01 3.4278634913e-01 -3.3983728862e-02 -4.5683206904e-02
-3.5290225132e-02 7.1389741401e-02 1.0084435207e-01 -8.4668981833e-02 -5.8655288881e-02 2.6823258747e-03 1.6717618022e-02 2.4422327672e-02 8.0789710669e-03 -1.2312382617e-01 -7.3705252917e-02 -1.7492820619e-02 -1.6282884567e-01 -5.8385371402e-02 9.3914141776e-02 3.4497718715e-02 -2.9897947633e-02 2.9253559865e-02
-1.7673228185e-02 -1.9980680871e-02 2.3064495917e-02 8.3113654390e-02 7.7278382515e-02 1.0571651297e-01 8.7465194965e-02 -8.2860681498e-02 1.3340602077e-02 5.4793896155e-02 5.9835643830e-03 1.2741693647e-01 4.0815654511e-02 8.9851978934e-02 5.1448049910e-02 1.1674976801e-01 -8.3822152648e-02 -3.7932501141e-02
-6.8795587194e-02 -3.9787815871e-02 -3.8807308419e-02 -7.9166283934e-02 -6.7962500964e-03 1.9150711703e-01 2.8559292321e-01 7.4059579755e-02 -1.7181909444e-01 -2.0063801565e-01 -2.2061510413e-01 -2.4471261458e-01 -2.1260162150e-01 2.0465888542e-01 1.1775931301e-01 2.1127943725e-01 5.2304347567e-02 -1.4118561741e-01
-2.9978042036e-02 1.6967452324e-02 3.4952922012e-02 7.1172782035e-02 6.9199699117e-02 6.7320809561e-02 2.6923547948e-02 3.7748269118e-02 8.0554816722e-02 1.4954690191e-01 7.5464532445e-02 1.2118577278e-01 6.1963779237e-02 -5.1203652610e-02 2.4903168288e-02 -8.8065086918e-02 -2.3340253293e-02 9.0641692983e-02
1.4244826850e-03 1.9751805528e-02 2.0730132024e-02 5.1991272322e-02 -4.8736767740e-02 5.1659572578e-02 -1.1369158328e-01 -1.5739209403e-02 7.0701806379e-02 5.7750803998e-02 5.2639726223e-02 2.4267891186e-02 6.9835377069e-02 -2.3115161138e-02 1.1744416738e-02 -1.7652353204e-01 4.3886834336e-02 -7.4432832459e-02
-8.0334975505e-02 1.8081258947e-02 -1.1052072086e-02 7.3748952031e-02 3.0594503856e-03 -4.2890813868e-02 -7.6780219544e-02 4.2479626568e-02 9.9245641090e-02 1.4155565733e-01 3.9927516689e-02 6.1892729892e-02 -8.3068478853e-02 -1.0361492778e-01 2.9564684497e-02 -7.7774307473e-02 8.7482558468e-02 5.1650365847e-02
8.9238430366e-02 -3.3619281681e-02 -1.0076603174e-01 1.3982321227e-01 -6.1003727683e-02 2.6499244664e-02 1.0236253467e-02 2.2687876661e-02 5.7736564181e-02 3.4661069466e-02 -8.1562578450e-03 4.2379266125e-02 -1.1001795493e-01 1.0622720074e-01 8.7287245092e-02 8.2347692569e-02 2.9645011461e-02 5.1072481358e-02
-3.1769768241e-03 -1.8654329891e-02 1.6636615611e-02 2.4420364486e-02 9.3173428874e-03 -1.3458036156e-01 -1.6395241346e-02 -2.7119845233e-02 -1.2409855777e-02 1.0389536725e-02 8.4636891238e-02 1.3575036070e-01 -7.0691994015e-03 -4.7521600334e-02 -7.6961052175e-02 -1.1754357341e-01 -2.6971802385e-02 5.0198842479e-02
-1.0232121939e-01 -9.6247095229e-02 1.4125388494e-02 1.4425244954e-01 -1.4138572570e-01 1.5703859366e-02 -7.2016438741e-02 -3.0651452725e-04 8.5792345875e-02 1.5352629707e-01 1.0767089560e-01 -7.9356393097e-02 -9.1557581536e-02 -1.4104563587e-02 -7.2917093000e-02 -9.2917454590e-02 -3.2040310758e-02 1.7570275080e-01
-1.5794241902e-02 -9.0375544396e-02 -1.5162018315e-02 -2.8164810128e-02 5.5266675480e-03 7.9546053358e-03 1.9430383938e-02 -6.1135960828e-02 -8.9481418550e-02 7.1615812345e-02 5.9382750600e-02 1.6106937273e-02 1.1952207049e-02 1.4034090108e-01 -5.3906766930e-02 4.1948347444e-02 -3.2367032957e-02 2.2176342486e-02
