1.9689579369e-02 -4.5808776697e-02 -1.8035433007e-04 -6.0805338816e-02 1.0717903231e-01 5.7199721877e-02 1.0412985663e-02 5.6880984626e-02 -5.0975401791e-02 -1.3589500135e-01 -9.2174806157e-02 4.3506201164e-02 3.5177124288e-02 -3.2709275781e-02 5.2004671905e-02 1.5888077754e-03 8.5521143979e-02 8.1616726544e-02 -3.8656594200e-02
3.5716418226e-02 1.4116962345e-02 -2.0090441012e-01 3.4948348812e-03 1.4245147594e-01 2.7313017938e-01 2.7376921171e-01 -1.6642466398e-01 -2.4594034277e-01 -2.4172948987e-01 1.7309680189e-01 -1.4097603394e-01 3.2140550256e-02 6.0062232706e-02 -3.7373112316e-02 4.0565731975e-02 3.0031275037e-01 1.6537124816e-01 -1.9160461225e-01
6.6121152810e-03 -1.4765121256e-01 4.1789410566e-01 3.9509146341e-02 8.5184928286e-02 -3.1014604408e-01 3.2210807290e-02 4.8835789800e-01 6.0704969646e-01 6.0018000695e-01 -1.3527958148e-02 5.0984839791e-01 5.2293473885e-01 5.4688194271e-02 5.0727442852e-02 2.0215872443e-02 -1.7108317556e-01 -5.3697202521e-01 5.0310997843e-01
-6.9575283973e-02 -7.6753046880e-02 4.7112804670e-02 -8.8787181647e-02 -2.3215978930e-02 -1.0341500705e-01 -7.3325082565e-02 7.0774326216e-02 7.4052859910e-02 5.0259019607e-02 -2.4563263082e-02 1.7906590596e-01 6.3878129187e-02 1.4382802972e-02 -1.2392554611e-01 -8.4131503899e-02 3.2528858100e-02 -1.2151045955e-01 1.1853451930e-01
-3.5431733343e-02 -5.5342679313e-02 6.3201789570e-02 -7.5547993180e-02 3.6841701832e-03 -6.2967918712e-02 -1.0815191003e-03 7.9080318777e-02 7.8199859287e-02 9.9792826264e-02 4.3889001409e-02 1.1288503591e-01 5.8703342678e-02 -1.4000023580e-02 -1.1943149366e-01 -1.2917386640e-02 -6.6263372016e-02 1.7294164952e-02 5.6573828218e-02
4.6796670003e-03 5.2388221803e-02 1.1133007328e-02 7.7133990881e-02 -1.2662173143e-01 5.3521417908e-02 3.7395719306e-03 8.3315236066e-02 -1.2862173271e-01 1.6132806511e-02 5.4446908974e-02 -1.3579909882e-01 1.5855385443e-02 8.9960620800e-02 5.5372772372e-02 6.0464006188e-02 4.2565142814e-02 -1.4644078412e-02 1.3261327256e-01
-1.5626636803e-01 2.0952506828e-02 -1.4236909933e-02 4.1165417300e-03 8.9185607741e-03 -1.1923801467e-02 7.9406256468e-02 4.5347573008e-02 4.2619486590e-02 3.0059295014e-02 -4.5657596783e-02 8.1709888613e-02 -6.6817321770e-02 2.4788018567e-02 -2.4644159276e-02 1.4298234304e-01 3.9065436079e-02 -9.0708126280e-02 -9.8777532044e-02
7.7427738297e-04 -1.0063242187e-01 -1.9294631127e-02 1.4958502597e-03 -1.2120550426e-01 -7.6622206722e-02 2.4433196699e-02 -6.4303017148e-02 1.3667856778e-02 -4.3223858421e-03 1.3579975406e-02 1.1528922635e-01 -6.9524013934e-02 -6.5032737008e-02 -4.3470827366e-02 1.0026388355e-01 -2.7233131673e-02 1.2378675540e-02 -3.2293730102e-02
-1.3177039245e-02 6.4254902828e-02 1.3024309969e-01 -4.2024791141e-02 2.6950076320e-02 -1.0799157123e-01 -1.3276270028e-01 2.2246259567e-01 1.3512915570e-01 8.7445656233e-02 -3.9421426956e-02 1.2155989377e-01 2.6847802929e-02 -6.7004122506e-02 -3.3412017332e-02 -1.6392291222e-02 -2.0567696780e-01 -1.4833113403e-01 1.8860351708e-01
1.7134063953e-03 -1.7566754262e-02 -3.3317017659e-01 1.0234493596e-02 5.0113701385e-02 2.5794481637e-01 2.9085393594e-01 -2.3995878404e-01 -3.9967141451e-01 -2.3727224352e-01 -1.0546751823e-01 -3.2098522056e-01 -2.9865241344e-02 4.9570029641e-02 6.3045156765e-03 -9.3371223253e-02 3.9884640146e-01 3.1097124613e-01 -3.3633968903e-01
-4.7811147394e-02 7.5133178592e-02 1.1048639036e-02 8.1322336280e-02 3.6221864242e-02 1.6513782010e-02 2.3385188995e-02 6.4512428945e-02 7.7305307478e-02 3.0004340197e-02 -7.3301496301e-02 4.9053250450e-02 7.4502854058e-02 -5.9417421548e-04 2.2060323119e-02 -3.7937219761e-03 4.9372103814e-02 3.1179400734e-02 -6.7659053581e-03
-6.2598496588e-02 3.6466139432e-03 7.5311184196e-03 -1.0530742833e-01 -1.5952995820e-02 1.0845646128e-01 1.1193056677e-01 -2.8955166097e-02 -1.1506224828e-01 -1.9919524093e-02 6.6536406568e-02 -7.3066054171e-02 -5.0416451832e-02 5.1529344381e-02 6.1974658940e-02 -2.0856214727e-02 6.3157670041e-02 2.8419580766e-02 -4.4937815153e-02
-7.8580124267e-02 1.1451049691e-01 1.3283912500e-01 6.8880586674e-02 3.5748759346e-02 1.4293649853e-02 3.8433610273e-02 -5.2776273934e-02 1.2330883676e-01 2.0284762703e-02 -4.4190102555e-02 6.7965161747e-02 -1.9269185505e-02 4.7514478384e-02 -9.5042930899e-02 -1.2115294479e-01 -9.3345931030e-02 -1.5684573707e-01 7.4120875418e-02
2.5102989076e-02 6.3311342873e-03 -1.0116131716e-01 1.2841432060e-02 -6.7902654091e-02 1.9666546716e-01 1.1798027543e-01 -1.1901775152e-01 -7.0480532643e-02 -8.0183713052e-02 6.0586269048e-02 -1.1303332580e-01 -1.7273289551e-01 -5.2425748544e-02 -6.5048270622e-02 -1.2419447627e-02 8.5649273967e-02 1.0791885481e-01 -3.8546766755e-02
-1.0591845272e-01 -3.3881229984e-02 -3.7787376945e-02 6.1423189288e-02 -4.6635037501e-02 1.0700329336e-01 1.3655133187e-01 -8.8971290699e-02 -3.8795980880e-02 6.5234690772e-03 -8.4178020611e-03 -1.0243424517e-01 -1.9854593005e-01 1.1023467483e-01 -2.5087256019e-02 -1.3043752042e-02 1.0403951113e-01 2.5456082067e-02 -5.5233490810e-02
-6.3859902405e-02 8.0052953164e-02 -2.0058638740e-01 8.2557237798e-03 -8.1849619037e-02 3.9724099779e-01 3.1358702609e-01 -3.4012771971e-01 -3.4012408781e-01 -2.2551674338e-01 3.9037577931e-02 -1.9708619256e-01 3.6696521531e-02 -5.0757538190e-02 -7.0605911030e-02 -3.5495508772e-02 2.9895745205e-01 2.7605410757e-01 -2.3259061113e-01
-1.0966494286e-01 2.0777190803e-02 8.3443243599e-02 5.1106859144e-02 -1.3264793015e-01 -5.7425411066e-02 -1.8540052157e-01 5.5584869958e-02 7.1221520769e-02 1.2062889075e-01 1.6313382631e-02 6.3753103204e-02 6.1650466939e-02 -8.0677926375e-02 -3.2524424985e-02 3.7631540247e-02 -5.1499542861e-02 -1.8389247802e-02 3.2128067586e-02
3.6059674893e-02 9.3968071447e-02 1.2892348512e-01 -1.8277683510e-02 3.4586286188e-02 8.1794794471e-02 -1.0913764752e-01 3.7597693144e-02 7.0566542289e-02 1.3613325056e-01 -1.9742759453e-02 1.1833960505e-01 1.9006710041e-01 -6.2496720129e-02 2.3169582142e-02 -8.1111354720e-02 -4.6824728168e-02 2.7831544803e-02 5.2583495421e-02
6.4087941630e-02 8.9901046390e-02 4.7373318682e-02 1.6407373178e-02 -7.6366461250e-02 -1.8961279020e-01 -1.0575317147e-02 9.0216891974e-02 8.6878308710e-02 -4.0098744810e-02 -1.1602506677e-03 1.1656377945e-02 2.9658120556e-02 -1.0031755386e-01 2.6106339499e-02 6.9393011747e-02 -7.7228590526e-02 3.9297050758e-02 1.6554411013e-01
