-7.8955551076e-02 6.2577371528e-02 7.6159959701e-02 7.2861059355e-02 2.1981350188e-02 -5.6883262856e-02 8.1303611998e-02 5.9050653788e-02 -5.8210715099e-02 -6.0910801106e-02 -5.3657582282e-02 7.4186782982e-02 -9.9162568373e-03 -2.4128687284e-02 -9.7365251169e-02 1.1518054643e-01 5.3468535486e-02 -8.2053520016e-02 2.7515969481e-02
-9.9577506628e-02 1.1622556956e-03 -6.4924392879e-03 5.8642068060e-02 1.9928118723e-02 -2.0250633142e-02 8.3250401400e-02 1.5769188121e-02 7.2167066654e-03 1.7329998189e-02 -1.0577565038e-02 7.2774348656e-02 -3.1497531894e-02 -7.4790259340e-02 7.1532477994e-02 3.8001884558e-02 -9.5492008199e-02 6.4450772164e-02 4.1359486416e-02
1.2633785666e-01 -8.4671216600e-02 -1.9236527782e-02 3.1664104642e-01 -2.8351441469e-02 3.2821842573e-02 -7.6015630272e-02 -1.4443899118e-01 5.5316789832e-02 -1.7607597789e-01 1.7672769096e-01 3.1844436603e-03 1.4038817670e-01 -8.1010641253e-02 1.0176069787e-01 2.3873920106e-01 -7.6666793706e-02 -7.5574049658e-02 7.8228924248e-02
-6.5266290297e-02 -1.0669499414e-02 4.3708221952e-02 -1.9693073679e-01 -9.8235005078e-02 -3.1869064589e-02 1.7217496293e-01 1.1845821002e-01 8.7629420516e-02 2.0652281006e-01 -7.7465794606e-02 1.3814648645e-02 -2.5834320807e-02 6.2747186539e-02 3.5887571003e-02 1.7576487929e-01 1.8971560676e-01 -3.9021468549e-02 -1.0198385416e-01
-1.1466210644e-01 -4.9477841090e-02 -2.1326096701e-02 -2.3710323521e-01 -3.2045634508e-02 5.4881089554e-02 2.8179567906e-01 3.0851893785e-01 4.6954908770e-02 2.1428704727e-01 -2.0509670092e-01 3.7465641262e-02 -9.3809481197e-02 2.4144488651e-01 -1.1183505468e-01 2.6878685400e-01 2.0140780285e-01 -8.6854394699e-02 8.7369954436e-02
6.8224714005e-02 -5.7771271112e-03 -3.8991099958e-02 -1.6939692998e-02 -2.7001876977e-02 9.2927229099e-02 -6.5985551288e-02 -7.3557732253e-02 -5.6542065017e-02 -9.5792694184e-02 -1.4197207675e-03 -1.0758246475e-01 -5.6060369734e-02 1.2114762325e-01 -5.9976686525e-03 -5.0552533075e-02 -1.8382781298e-02 5.1463069543e-02 -1.0189047688e-01
1.6951231159e-01 -1.0482242689e-01 -1.0597228559e-01 -1.4023995607e-04 -1.5943840118e-02 -4.1252276984e-02 -5.0510540219e-03 6.3820552666e-02 -6.6947842938e-02 1.1104958673e-01 1.9487964550e-01 3.4046627035e-02 1.2227442876e-01 -6.6146587470e-03 1.4496753347e-01 8.2028024988e-02 -5.1527379119e-03 7.4528875655e-02 -1.3016176608e-01
-1.9499751681e-02 -1.4876216228e-01 -6.2201930013e-02 -1.2059837782e-01 -1.0706956166e-01 6.0399096032e-02 1.0663421550e-01 1.3211422576e-01 7.0293598360e-02 1.2661944674e-01 -1.0830597447e-01 -7.5131084636e-02 -7.7419285265e-02 9.1837335014e-02 5.7780285145e-03 1.6172314626e-01 2.4728098078e-02 -2.9141983409e-02 9.2659706502e-04
2.7638472160e-01 1.5472144276e-02 1.9991026251e-02 2.3705967880e-01 -3.4316721332e-02 -9.9834227615e-02 -2.5709167394e-01 -1.2971572102e-01 -4.3069541099e-02 -1.7865863174e-01 2.7500206151e-01 1.1234978666e-02 2.0420626765e-01 -1.7781592027e-02 2.0848136210e-01 1.1687278765e-01 -5.2799808624e-02 -4.1241820549e-02 8.4869742516e-02
4.0806525705e-02 4.3914203131e-04 -3.3228194452e-02 1.9699267834e-01 -7.5886662539e-02 2.5421462590e-03 2.1132292091e-02 1.6037387548e-02 -6.9450351995e-02 7.9825208587e-02 4.6262840781e-02 -1.7185906565e-02 2.1200647425e-01 -1.0865515682e-03 1.6476060190e-01 2.1781732122e-01 9.6583150937e-02 8.6601125515e-02 8.6406095564e-02
1.3370251743e-01 -1.6638703763e-02 -8.7684685571e-03 -1.3386999101e-02 9.7794243067e-03 -2.7780448373e-02 4.7154956479e-02 1.2088392846e-02 -1.0328476381e-02 -6.2408277637e-02 7.6385115778e-02 4.5684161043e-02 -5.9267523585e-02 -4.9830943396e-02 1.4055182396e-01 6.5846089818e-02 -3.7807575205e-03 -7.6256036294e-02 4.0949920220e-02
-1.7612133592e-02 5.7459866375e-02 -1.1128031398e-01 -2.3403820060e-02 -2.7892837512e-02 5.8618312596e-02 6.3101384826e-02 -5.6056484534e-02 -5.9535779098e-02 1.0694597574e-01 -4.3569812097e-02 -3.2607919643e-02 -2.3810548942e-02 4.6584634425e-02 4.7453171514e-02 9.5838360912e-02 1.1770421522e-02 -8.3832045015e-03 7.8963754266e-04
2.7999711312e-01 4.1412539849e-02 1.8950714998e-02 1.5696955848e-01 2.7844378399e-02 6.4893386751e-02 -4.7711342213e-02 -1.2144193159e-01 4.5675279169e-02 -5.6126704053e-02 8.7565771081e-02 -3.2612990896e-02 1.0487033547e-01 -1.2158162671e-01 1.8583896698e-01 1.2531052601e-01 -1.1133505912e-01 1.8711746485e-02 -1.9132648383e-02
8.0060614686e-02 6.7108708025e-03 -1.4772156005e-02 8.0974276508e-02 -3.8329829026e-02 -5.7981369013e-02 -1.4365435851e-02 6.5328756533e-02 -5.2781152567e-02 3.5315136978e-02 8.6921148163e-02 -3.4110176871e-02 2.7539340582e-01 9.8442987341e-03 1.7289892044e-02 1.1394025958e-01 -1.0829359605e-02 -1.2749867940e-01 -7.4156331761e-02
1.8993881658e-01 -5.9779746463e-02 -9.0324875462e-02 2.6362410539e-01 5.5280160941e-02 -6.9803947416e-03 -1.3486639326e-01 -7.5533769122e-02 -1.6019715024e-02 -1.4637782591e-01 1.4946115089e-01 -5.6624753635e-02 1.5641686709e-01 -9.8945794034e-02 8.2988889393e-02 1.3116608821e-01 -9.5995681012e-02 -5.2623553599e-02 -2.0475450368e-02
-1.7808615066e-01 6.8089028802e-02 -4.3825510377e-02 -1.7247120950e-01 -4.2546355161e-02 1.1540279763e-03 3.0951680707e-01 2.5036638514e-01 -3.3601189942e-02 1.8631409238e-01 -1.6160979000e-01 -7.0274241409e-02 -1.4700075236e-01 2.3275183466e-01 -1.3167181003e-01 1.5065687996e-01 2.6345098383e-01 -4.3838734895e-02 -1.3942122517e-02
6.2308931165e-02 -2.3391213926e-02 -2.7009066458e-02 -4.4645869256e-02 -1.2166374707e-02 2.9049023648e-02 -5.4667764537e-02 -4.2789047848e-03 8.3236161698e-02 -6.1505585887e-03 7.1179454022e-03 -8.2939862746e-02 3.3114010315e-02 2.4775174161e-02 -7.4554768839e-03 -2.8813542242e-02 -5.3122509677e-02 -1.7683485417e-02 1.8340752601e-02
1.8759750925e-01 3.2073239812e-03 -8.2860562126e-02 2.3688662995e-01 -7.9286017480e-02 -3.2315411412e-02 8.3718576549e-02 -8.1530332471e-02 1.2154377098e-02 1.1009734970e-01 1.0880913053e-01 9.6513663503e-02 1.4021452402e-02 -5.0908690212e-02 8.2699514249e-02 9.8611246372e-02 1.3838708124e-02 -2.9859935320e-03 -7.7375703337e-02
1.7099014652e-01 7.8724476128e-02 1.4160491945e-02 8.1743044109e-02 6.7702280485e-02 1.7254916013e-01 -2.4624905843e-01 -1.1600950738e-01 4.1768791324e-02 -7.8939461513e-02 9.9603190383e-02 7.6669625357e-02 2.8277883979e-02 -4.4313505392e-02 1.5898949319e-02 1.3801720372e-01 -1.3871542610e-01 6.2069556821e-02 1.7443137544e-02
