2.5538222846e-01 1.2939995018e-01 -1.2159274013e-01 -4.6027981596e-02 5.0696993023e-03 -2.4332347774e-03 2.1908048496e-01 -1.3890535563e-01 -7.3024032064e-02 3.5141430021e-02 -9.8188146984e-02 -1.8807504991e-01 9.5672032369e-02 -1.4723507251e-01 -1.3115681148e-02 -6.2166218909e-02 2.4125430399e-01 -5.3918206936e-02
1.5738520959e-01 1.2636412278e-01 7.9732892225e-02 1.3392351713e-02 9.8727866398e-03 -6.8690801962e-03 2.0335101805e-01 -1.2455187312e-02 -7.1959174541e-02 2.6056705813e-02 -1.1500395499e-02 -4.8958547949e-02 1.1741948477e-01 -8.9350510208e-02 -4.9942741501e-02 1.2881763383e-01 2.2432023947e-01 -3.8271052159e-02
1.9360926448e-01 2.5832070919e-01 -1.9556566029e-02 -8.7374445412e-02 -1.5468471192e-01 1.4746918230e-01 3.0268998479e-01 -8.5931002069e-03 -2.0044808086e-01 -4.2534197811e-02 -2.2756465878e-01 -1.9470219825e-01 2.1667149817e-01 -2.0840571573e-01 -7.8671640018e-02 -3.1046516380e-02 1.8776210719e-01 -3.0875563046e-02
-5.9595890149e-03 2.1782375463e-01 1.4988548393e-01 7.6514680753e-02 5.6531519763e-02 -2.1822530222e-02 -1.4669777604e-02 1.8173602652e-01 1.0438086710e-01 -7.3040716404e-02 3.8015471882e-02 1.2017841030e-01 -4.1263261543e-02 2.1926728701e-01 -4.4918321685e-02 -4.7185751993e-02 1.8229782479e-02 2.4636446282e-01
1.1439068285e-02 1.5162091405e-01 9.6621213626e-02 -3.7024256600e-02 -9.5266491723e-02 -1.6447745569e-02 1.1917321635e-01 1.3982153288e-01 -7.6986374366e-03 5.4275793636e-03 9.6821945328e-02 -1.8369604355e-03 -4.2968743757e-02 5.7030219940e-02 3.5651108031e-02 -6.8204114635e-03 6.1981534284e-02 5.9515885230e-02
-4.7760656787e-02 1.5949906905e-02 1.3070138165e-01 1.5383335052e-01 -6.9012617713e-02 1.3742497364e-01 -2.4725759279e-03 1.4103173443e-01 1.8677181984e-01 2.4742491473e-02 1.3305916369e-01 1.9359819183e-01 -6.6517946848e-04 1.1781179881e-02 1.0286994938e-01 -2.1263738073e-02 4.6837108010e-03 1.9037384796e-01
3.1237299129e-01 1.7680209805e-01 5.5299101632e-03 -1.2789072076e-01 1.4500085391e-02 7.0951853249e-02 2.2688272848e-01 -1.7016601617e-01 -1.7773481166e-01 -2.6895627018e-02 -1.5535433519e-01 -1.5401660312e-01 2.7927990504e-01 -1.4525454933e-01 -9.0744737095e-02 -5.8914514742e-02 2.6226408762e-01 -1.8672803857e-01
-4.0521980286e-02 2.0980254743e-01 1.6121123993e-01 1.1628998823e-01 5.5645199181e-02 -6.4590953081e-02 -7.4370157113e-02 1.8117424208e-01 9.9955264002e-02 -7.9447838031e-03 1.8226184271e-01 1.4538617197e-01 -1.1767249015e-02 1.4773915356e-01 -1.4300741097e-01 -6.7877370911e-02 1.9780309085e-02 6.8289729800e-02
1.2587979498e-01 1.8897608887e-01 3.1526300431e-03 -1.0526647098e-01 2.8491298779e-02 4.5272298024e-03 2.2805010536e-01 1.1627107481e-02 -7.6794051141e-02 -1.1425613237e-01 -1.6647842286e-01 -1.2121256616e-01 8.8648600107e-02 -8.0047323296e-02 -4.0487056493e-02 1.1763642941e-02 1.0386633008e-01 -1.1171889149e-01
-1.0401424527e-01 2.1641608027e-01 1.8113685767e-01 2.5908320434e-01 -8.4630904224e-02 -4.2162855571e-02 -2.7565692199e-01 2.2753973263e-01 2.3873869724e-01 -3.6966372051e-02 3.6270755992e-01 2.3104556673e-01 -1.6895286065e-01 2.1680537440e-01 -1.0652861320e-01 -7.8318081449e-02 -2.6953730372e-01 1.9236708079e-01
-1.1060817026e-01 1.6676553857e-01 1.8317138072e-01 9.3629237304e-02 6.5019553037e-03 -1.0668413842e-01 -1.0702458283e-01 1.2811991367e-01 8.1490116275e-02 -5.9155347404e-02 2.4351187931e-01 2.1510201242e-01 3.2083212343e-02 7.8284215104e-02 4.8288114880e-04 5.1827592520e-02 -9.5429343962e-02 2.2392924853e-01
7.6783748013e-03 8.8205485645e-02 -6.7054927247e-02 -2.4481746461e-02 4.6443209886e-03 -5.3822802509e-02 1.2957980424e-01 -6.9266073255e-02 -2.0128236682e-01 -3.9436622827e-02 -1.4504710924e-01 -2.4971492048e-01 1.4605518248e-01 -5.6647081239e-02 -6.4510363877e-02 7.3224573976e-02 1.0391240746e-01 -9.6483373409e-02
3.9823240611e-02 -5.4782530071e-02 -1.0248420491e-01 -3.4880626071e-02 -4.5485652963e-02 -1.0643687248e-01 4.3163301932e-02 -9.4720326350e-02 -5.4172766612e-02 7.6428773664e-02 -4.9169790252e-02 1.2802566324e-02 -4.7892135024e-02 5.3839554421e-02 -8.1806141242e-02 9.5749365472e-02 -4.0865977035e-02 8.0724888159e-02
3.7477379391e-01 1.3460226473e-01 -2.4711430253e-01 -1.5748226824e-01 -3.3334724399e-02 -5.0249603141e-02 3.0837505081e-01 -1.1841289838e-01 -2.1762573475e-01 3.9171420074e-02 -2.0817458731e-01 -1.8826762893e-01 2.0282271640e-01 -2.2992052292e-01 1.1681977476e-01 1.1957216743e-01 2.7443629331e-01 -1.2592873063e-01
-2.8712922050e-02 6.2438477051e-02 -1.1170933375e-02 -7.2538320431e-02 -4.0359333165e-02 7.5398890658e-02 -6.8449387761e-04 -1.2213468603e-01 -3.4293562010e-02 1.9791205685e-02 -7.6210848748e-02 -1.6312836891e-02 8.8256744502e-02 4.1336593895e-02 1.1239488203e-01 -1.6267876769e-02 -1.0960071146e-02 -6.6101705819e-02
-9.4570210796e-02 1.9604917330e-02 -9.5299407009e-02 -3.6998170419e-02 -2.7445836817e-02 -1.4074490928e-02 -8.3088258546e-03 2.8090366148e-02 -1.2219585738e-01 -9.7201835619e-02 -1.3327013289e-02 -6.1266860898e-02 -1.1113783392e-01 2.1132748307e-03 7.9044952495e-02 -1.9704664901e-02 1.0817905704e-01 -8.4604141999e-02
3.1630833595e-02 -6.6369445106e-02 -9.2880943115e-02 -1.1130909422e-02 8.5838768580e-02 -9.1206568016e-02 -2.4234427105e-03 -2.1149409225e-02 -1.3351426180e-01 -1.0894639150e-01 -1.6177816508e-02 -6.8636189625e-02 2.3251746924e-02 3.3970550293e-02 -1.1492509676e-02 -7.1843255477e-04 1.1505518440e-02 6.6494844752e-02
2.0211872534e-02 -3.1175354032e-02 -6.7808842653e-02 -8.0020913212e-02 -6.6304965182e-02 2.2586378718e-03 6.3967371170e-02 1.4174426429e-02 7.5502587026e-02 -1.1290416393e-01 5.7826852036e-02 -2.5357590157e-02 -8.8328537105e-02 -5.2072075394e-02 -6.3556341989e-02 -3.3508966422e-02 -9.4095554192e-02 3.2908860120e-03
