-7.8287122066e-02 1.2499910748e-01 6.4531446567e-02 3.0976890628e-02 -2.1833151998e-01 -1.4760196650e-01 5.3012226045e-02 -8.4644349396e-03 -6.3527559436e-02 -2.2330962826e-03 -9.0380957768e-05 2.8006290109e-02 5.8375757493e-02 -7.2128076935e-02 -2.7767974682e-02 -2.6773324824e-02 1.7482868246e-03 -6.3546903324e-02 -9.6594997982e-03
-1.7897329136e-02 -1.7675467669e-01 -9.0715093285e-03 1.2343176071e-02 1.7922023810e-01 8.5449999065e-02 -5.6589344643e-02 1.7874194262e-01 -6.3564489471e-02 -1.4533762700e-01 1.9211431418e-01 2.0060307142e-01 -8.7351090409e-02 1.3193694797e-01 -4.9200157371e-02 7.0696687120e-02 5.9929929555e-03 1.3305622206e-01 7.0910830942e-02
-5.6044239538e-02 -4.9431530888e-02 -1.1686123200e-01 1.2849420876e-02 1.2606031077e-01 1.8490620664e-01 -3.1830649946e-02 1.7909874219e-01 -9.0830213303e-02 1.3261567829e-02 1.5494561124e-01 1.5578665673e-01 -4.6082020379e-02 -9.9882744779e-03 -9.6007384962e-02 2.1588405922e-01 -2.3795960560e-02 1.2976838091e-01 2.0803091779e-01
7.9803145008e-02 1.1140906299e-01 1.4759774014e-01 -1.6177867393e-02 -8.2645515737e-02 1.4231012454e-01 1.1789856306e-01 -2.8783444151e-04 1.7478720199e-02 4.6583708406e-02 -6.4316572975e-02 -5.2328631849e-02 6.5685085979e-02 3.9165285402e-02 1.1810788485e-01 -6.3679357871e-02 7.9851956726e-02 -1.1235418335e-01 -2.9413049450e-02
5.9042548369e-03 -5.4732364493e-03 2.8015233672e-02 5.1109624695e-02 -2.8437433678e-02 -2.4873921928e-02 -4.6485691929e-02 5.5512998095e-02 -3.7196658166e-03 8.3333294305e-02 7.3238911825e-02 -4.1228768296e-02 -4.3651577442e-02 -4.0432192557e-02 3.7341653785e-02 3.8814969719e-02 1.8646851716e-02 5.1390232246e-02 3.3949723105e-02
-9.9305846918e-03 -9.9003818761e-03 4.5132478879e-02 3.7834602108e-02 -6.1914872405e-02 -1.3623895632e-02 -1.1187357025e-01 5.6847052314e-02 1.1938716962e-02 1.4257479937e-03 -5.2850663441e-02 9.5400369143e-02 9.6951548130e-02 -3.3556936422e-02 3.3851112939e-02 4.2899762486e-02 2.2549445956e-02 1.1975380901e-02 -3.4048210058e-02
1.9945425078e-02 -1.7178156932e-01 4.4318042535e-03 1.6090132975e-02 1.3514351364e-01 1.1184302074e-01 -4.7738388937e-02 1.1933456603e-01 1.8012100403e-02 -7.9088544011e-02 -2.3933801486e-02 1.6334020173e-01 -1.7374989625e-01 -3.8752785986e-02 -2.7898991099e-02 1.0370590820e-01 -4.3195624736e-02 5.7485944899e-02 1.7656411839e-01
-3.4962968037e-02 2.3131950700e-01 1.7994473211e-02 8.7839566103e-02 -2.0720860316e-01 -9.5709097646e-03 1.8704752182e-01 7.3605517584e-02 1.0460297873e-01 2.4372446085e-01 -7.8544341958e-02 -3.0509414244e-01 1.9215434761e-01 2.6769166691e-01 1.1130171212e-01 -1.3715281503e-01 2.7920935285e-02 -2.2937518602e-01 -2.6311435195e-02
1.3300295611e-01 -2.3399356986e-01 -1.2506963389e-01 8.3618637327e-03 6.5735650465e-02 2.7770931038e-01 -1.8261915144e-01 1.8657043235e-01 -1.5789254553e-01 -4.5842587762e-02 1.3812546801e-01 2.1139894616e-01 -2.5340581810e-01 -2.8579626099e-02 2.4127243542e-02 1.4812402785e-01 1.8946058851e-02 1.8525565182e-01 2.0320860708e-01
4.8360396409e-02 7.3854332082e-02 -3.7207322775e-02 -5.5774419252e-02 4.8612992020e-02 1.2212399713e-01 -3.2909205703e-02 5.1463518090e-03 -4.8149265588e-02 4.8601107770e-03 2.7934160750e-02 -8.7432727842e-02 -5.9381279376e-02 2.8968687082e-02 8.7436698811e-02 -5.0473460635e-02 -2.6540853289e-02 3.8853879641e-02 2.0290254285e-02
9.2865541033e-02 3.7176808392e-02 -1.3887530307e-02 3.3241086399e-02 -2.6130657183e-03 -1.9604719456e-02 6.5313289388e-02 1.0656125088e-01 -1.3194224093e-02 5.2937988229e-02 4.8847628409e-02 -8.0600834517e-02 7.8028365428e-02 4.4309577459e-02 -5.3442246143e-02 -1.9100532315e-02 4.8415665717e-02 -1.9206935582e-02 1.4510261266e-01
4.9360335850e-02 6.4808850193e-02 -9.0190112529e-02 -1.7968780502e-02 5.4749477011e-02 -8.8160030742e-02 -1.4150319102e-02 -2.7202811771e-02 3.6892707394e-02 1.8214757114e-02 2.6860701734e-02 -2.7667109064e-02 -1.7304165476e-02 3.6809117362e-02 3.2299589481e-02 -6.8506740328e-02 -3.6810496093e-02 -2.4564865334e-02 9.7620815585e-02
-4.2844989976e-03 2.9543148863e-02 -3.6205070394e-02 3.5540323475e-02 7.1985592707e-01 5.2936117307e-01 -1.7378443412e-01 6.4842861434e-01 1.9894566149e-02 8.5663561098e-03 6.0737028988e-01 6.5925173912e-01 7.2866684953e-03 8.4821095587e-01 5.1741365757e-02 8.1267158773e-01 -5.7667121018e-03 7.5963653718e-01 5.1133945067e-01
3.0903306867e-04 -5.9688028921e-02 1.1935249648e-01 -8.4146940742e-02 1.8294358004e-01 1.9757398378e-01 -7.4203193704e-02 1.1411728069e-01 -1.1859026536e-02 -7.0713785365e-02 2.1352345076e-02 1.3691628905e-01 2.8692435910e-02 1.1309716510e-01 8.5716328886e-02 1.9229425265e-01 -3.9048330683e-02 8.0924218879e-02 4.8750888983e-02
-2.4178803238e-02 -1.5405618083e-01 -6.0744488166e-02 1.4847983209e-02 1.0703175873e-01 5.0828128093e-02 -1.3365452916e-02 1.2556076467e-01 -9.7884851404e-03 4.9050330016e-02 1.0263557678e-01 1.2136254258e-01 -6.5081564029e-02 5.3252612786e-02 -1.0074472053e-01 1.2982900046e-01 -1.4559697536e-02 5.0313975706e-02 9.4285552407e-02
-2.6166741143e-02 -1.6112199048e-02 -1.8779316799e-01 4.5388025959e-02 -1.3295647703e-02 -6.8522893470e-02 1.1586971544e-01 1.1163666621e-02 -8.0072389028e-02 -7.9230024227e-02 -6.3434199660e-02 -9.7870584855e-02 -7.8480445209e-02 1.8024007376e-02 6.2305568154e-02 2.3719506351e-02 8.8148730767e-02 3.8308119993e-03 -1.3598148090e-02
-2.6320838386e-03 -1.4246981927e-01 3.0660424824e-02 1.6940339583e-02 -4.3741097959e-02 6.7287247757e-02 -4.0769505989e-02 -3.7532455670e-02 3.9598999039e-02 4.1767070691e-02 6.5771063087e-02 -2.9783463859e-02 -4.5285131931e-02 8.6131020072e-02 1.0119963660e-02 -5.1973930463e-02 -1.7264426351e-01 7.5316351475e-04 5.3438702317e-03
-9.7431744037e-02 -3.5800079803e-02 -1.1242654628e-01 -1.0792013365e-01 6.8002452887e-02 7.7861521929e-02 -7.3344909106e-02 5.5720184035e-02 -9.7429475883e-02 -1.1515201173e-01 1.9133882143e-01 8.7232052978e-02 -6.3392634470e-02 5.9927432696e-02 -5.9726823670e-02 1.8515989117e-01 -4.6525980245e-02 2.0070244089e-02 1.1670363581e-01
8.8477599147e-02 -1.1331170415e-01 -2.6754178900e-02 -5.6912165193e-02 1.1162287402e-01 1.8354105467e-01 -4.6798202390e-02 1.2317478128e-01 -2.4228547314e-02 -7.8472697644e-02 1.9577509339e-01 7.8753756804e-02 -8.0743809274e-02 9.2266154883e-02 -1.0716601373e-01 1.6956166426e-01 2.6715608710e-02 9.3162679199e-02 1.2315429526e-01
