1.7085702672e-01 1.9134166345e-01 2.1940044873e-02 -5.1528526514e-02 3.6860362108e-02 1.8236090262e-01 1.4853603041e-01 -3.0690686890e-02 5.8598203363e-02 1.3462621324e-02 1.5488992687e-01 5.3842088622e-02 7.3462219722e-02 -6.2748558929e-02 -3.5892661281e-02 1.0705342468e-01 -5.3634007341e-02 -4.5514454760e-03 -1.9426536502e-02
7.3014553498e-02 8.2322396512e-02 6.7850459279e-02 -9.8895548405e-02 -9.3840565607e-02 1.4637107849e-01 1.5145398618e-01 -5.5758574487e-02 1.8165817752e-01 1.3211521070e-01 1.6943520550e-01 3.4196245199e-03 1.2481760640e-01 -7.9968893437e-02 2.1040714100e-02 1.5595144460e-02 -8.3015590552e-02 -1.0687887935e-01 -4.2204674610e-02
6.2200005528e-02 6.1838239952e-03 1.0863078467e-02 -2.4501365055e-02 4.4570142085e-02 -9.1941427510e-02 2.7211377410e-03 1.6546797793e-02 -1.3305631513e-03 -1.6576984991e-02 8.7670778784e-02 -2.2665190624e-02 -9.5514695675e-02 7.4254033253e-02 -1.6372658550e-02 5.5960703063e-02 -7.5034756812e-02 8.0008631448e-02 -2.9344311556e-02
1.5624804360e-02 8.7820157774e-02 -6.8816021659e-02 -7.7054127146e-02 1.8957903069e-03 2.5863922508e-02 1.1792327578e-01 2.9148693251e-02 -3.1032751521e-02 -1.9871534108e-01 -1.7369828933e-02 -3.2263092238e-02 -9.4786021888e-02 -1.9250465640e-02 4.2919686217e-02 6.8392437686e-02 -3.7836403565e-02 -4.7286229322e-02 7.5686354780e-02
-6.4754112758e-02 -8.3863966659e-02 2.1712367778e-02 6.9941229831e-03 2.0091907160e-01 1.1186529517e-01 -1.2080364431e-01 1.4755314773e-01 -2.2160234660e-01 -1.7063984182e-01 -1.2342584992e-01 1.7423861162e-02 1.3746936554e-01 -1.9416714580e-02 2.8345387078e-02 -1.0596297236e-01 9.4649602895e-04 -1.4888809123e-02 2.0915579105e-01
4.8331874825e-02 3.2671790707e-02 -3.4103889146e-02 -4.6289882378e-02 -4.6481595579e-03 -3.0664581575e-03 7.8722076701e-02 3.6614489850e-02 2.4629321935e-02 -2.0020222087e-02 4.6578512226e-02 -1.4681007353e-02 -2.6427214043e-02 -9.3117564234e-02 2.3048218268e-02 -1.3802310696e-02 -1.1012741437e-01 1.3348237824e-03 -2.9003668877e-02
-7.7378302303e-02 -2.0779685815e-01 -1.1843990134e-01 1.9384074601e-02 2.3074039708e-01 1.4651052004e-01 -8.9406551669e-02 1.4048324032e-01 -5.0415361405e-02 -1.0137653239e-01 -4.9144606286e-02 -1.6501703223e-02 4.1612885817e-02 9.8761709483e-02 -8.5226251492e-02 -7.4521691973e-02 4.8275066677e-02 -8.6747166328e-02 -6.6777291379e-02
1.1271060914e-01 1.1963522307e-01 -8.2888964855e-03 3.7886440202e-02 -1.1811631611e-01 1.5543827632e-01 1.6767455347e-01 -4.8246392165e-02 1.2193538242e-01 1.3857310052e-01 2.6546241385e-01 -8.6283833148e-02 9.8694181072e-02 8.3392219446e-02 -1.5195887552e-01 2.5893610777e-01 -1.4034664604e-02 5.5518041030e-02 -1.0159801324e-01
-1.1849487615e-01 -2.2925272923e-02 -5.9288719961e-02 -1.9486321300e-02 2.1587155900e-01 1.3838494640e-01 -1.2867495648e-01 1.2360410346e-01 -2.0880256570e-01 -2.1367021793e-01 -1.1771797005e-01 1.6649174520e-02 1.4123257351e-01 4.5843639518e-02 1.3872490348e-02 -1.0202545513e-01 -5.1006230144e-02 2.3833920312e-02 -4.6877502311e-02
4.8019601726e-02 7.3407345675e-02 2.7062316981e-02 -5.8862416144e-02 1.7944935221e-03 9.8226178403e-02 -3.4593591841e-03 -1.8176781991e-02 2.0962993368e-02 6.3087166950e-02 1.0504523906e-01 7.6976627937e-03 1.2786262543e-03 -2.5570512661e-03 -1.4137438602e-01 7.8553674686e-02 5.8299065290e-03 -5.6789241219e-02 -3.3919319673e-02
1.3193511185e-01 1.4002886083e-01 1.9768266409e-02 -1.1986819735e-01 7.8656116851e-02 1.5815637102e-01 -1.0893082193e-01 9.1697755351e-02 9.5827260375e-03 -1.3268152986e-01 2.6287793498e-02 -2.9959375523e-02 1.8220342949e-01 -3.9018714070e-02 -5.5191307091e-02 9.2682659380e-02 2.3053141563e-02 -6.5503140922e-02 -2.2790927291e-02
-6.9897302054e-03 -1.4559939451e-01 -6.1911720122e-02 -1.7800411237e-02 -1.8527136801e-03 -9.2729612672e-02 1.1433017141e-02 1.2061650239e-01 -1.1621068382e-01 1.4665852565e-02 -1.3639718110e-02 -2.3869274272e-03 6.4830035902e-02 3.0188063425e-02 1.5627888371e-03 7.8024076951e-02 5.4605591175e-02 -5.6143646960e-02 -2.4636817547e-02
-6.7671809448e-02 -3.0830108421e-02 5.0237554460e-02 3.4208229168e-02 2.9286452611e-01 1.3647555577e-01 -2.4572343751e-01 1.9476265218e-01 -1.1087832043e-01 -2.1495474094e-01 -1.2750252185e-01 1.3339731363e-02 1.5776750296e-01 1.9972854915e-02 4.8122777907e-02 -1.7824463990e-01 -2.7023199676e-02 -2.9951344205e-02 6.3524946722e-02
-7.6307487924e-02 -1.3719140118e-01 5.9663392964e-02 8.8205879395e-02 1.6251423493e-01 1.2276515793e-01 -1.6617751653e-01 2.3268642089e-01 -1.6499570717e-01 1.5984476337e-02 -8.3964383868e-02 -1.1695282704e-01 1.7475898771e-01 4.6290036438e-03 -1.4112901235e-01 -2.7120024561e-01 -1.0171802306e-01 7.3956686060e-02 -3.4252536860e-02
2.7048952725e-01 1.4208586973e-01 -1.0447220581e-02 -1.6276379424e-02 -2.9029706684e-01 1.2283150902e-01 1.6100715421e-01 -1.5263849310e-01 1.1613428848e-01 1.7490239557e-01 1.4686407095e-01 -6.2426543315e-02 1.0115270441e-01 -5.4507267665e-02 -8.2636629918e-02 2.1142848954e-01 5.2597952974e-02 -8.0348445827e-03 7.3123271336e-03
2.0863586100e-01 9.4061580266e-02 -4.5317703505e-02 -1.2132625195e-01 7.3515085714e-02 1.7619509963e-01 5.7878011843e-02 1.1399654556e-02 5.1074830515e-02 3.8582353491e-03 3.0686778312e-02 -8.9297800402e-02 1.1456369616e-01 -5.4863931148e-02 -6.6883982403e-03 1.4797227796e-02 -1.5530478286e-02 4.7745577960e-02 -1.4529100151e-02
-3.9381493327e-02 1.9785279466e-02 -4.0204148877e-02 3.6644022622e-02 1.2964104699e-01 2.2988673644e-03 -4.8722010489e-02 3.8082172719e-02 7.5681124738e-02 -2.7688430469e-02 3.9649737163e-02 -9.0996712529e-02 -3.5113428235e-02 -1.1953680042e-02 -8.8410334583e-03 -1.0120514127e-01 8.7777919766e-03 -1.9006160907e-03 1.6277514330e-02
1.3980955345e-01 8.7198579740e-02 -2.1320520139e-01 -1.3128807706e-02 -4.2982482258e-02 6.6033269343e-02 5.2140779028e-02 1.3023385357e-02 1.6075599323e-01 1.0197845060e-01 6.4758210694e-02 -4.8360142534e-02 2.5737637563e-01 9.2323886702e-02 3.6088254712e-02 -1.6786948671e-02 3.1570849634e-02 -1.3613217056e-01 6.8354275098e-02
4.3205457308e-02 1.6015610837e-01 2.7100225353e-02 4.2152172477e-02 3.3370975947e-02 2.2339511662e-01 1.7202686027e-01 -8.5531786960e-02 5.4310328083e-02 2.8237135969e-02 -2.4917146222e-02 -8.3954305468e-03 1.5985188820e-01 1.5889604955e-02 6.5175835403e-03 1.4481636770e-01 -8.1999840005e-03 4.6780986660e-02 2.2930171679e-03
