7.5935472771e-02 -7.3177559728e-02 -1.4106034543e-01 2.0324610886e-01 1.4763719750e-01 -9.3693154421e-02 2.3392280887e-02 2.0103211960e-01 6.4543058363e-02 -1.0627342965e-01 1.1832170887e-01 1.6118938478e-01 1.2116536931e-01 -1.2142342975e-02 -2.1993967070e-02 -9.0928342011e-02 2.4900655551e-02 1.6873075564e-01 1.8954253962e-01
-1.9410328144e-02 1.0809763202e-01 1.2547277451e-01 3.6014738012e-02 -1.5211007142e-01 1.0708439222e-01 8.5255307829e-03 2.0321043716e-01 -9.7592319396e-02 2.7921298922e-02 6.2542522180e-03 2.2296241574e-02 -1.8268438611e-01 -5.8989935858e-02 1.1763261012e-01 7.2308089399e-02 3.5710458660e-02 1.6127627575e-02 -8.7849609660e-02
1.5555376604e-01 -1.5248677435e-02 3.2220553065e-02 1.3282610565e-01 5.5793023136e-02 8.2389862357e-02 -7.5600145802e-02 6.6867468749e-02 -9.2786276066e-02 -4.2272478907e-02 6.8015872005e-02 2.0884769042e-02 4.3224653431e-04 9.1486597279e-02 1.1405499989e-01 -8.5589384436e-02 -8.5093390388e-03 8.7957969966e-02 7.8531023264e-02
2.6713519267e-01 -1.0243457123e-01 -1.9464307705e-01 1.8612054584e-01 1.6002739692e-01 -2.0404621090e-01 9.1625618546e-02 1.3903347567e-01 -4.8987030199e-02 1.2164849754e-01 2.3610123382e-01 1.4046077575e-01 1.4518441674e-01 -1.3992640297e-02 -1.9907053249e-01 -5.2902273593e-02 1.9589173042e-02 2.4237035536e-01 7.2819943619e-02
1.3768894098e-01 -1.5757565998e-01 -9.6493407426e-02 1.8132483111e-01 1.6011948172e-01 -6.0163744264e-02 -3.4993948013e-02 2.2287523976e-01 -1.0183581826e-02 -6.9422946417e-02 1.3118719966e-01 1.5392941289e-01 8.2849069906e-02 -3.1406661074e-02 4.0645239019e-03 -2.1830017672e-02 -4.1338173277e-02 1.3099175730e-01 1.9229362380e-01
-1.5158995946e-01 2.3975323410e-01 2.2026353535e-01 1.5874989638e-03 -1.5283542451e-01 1.1380340629e-01 1.1543847305e-02 1.4187778145e-01 8.2803973721e-03 -6.2785061946e-03 -3.5388359370e-02 -1.7158273522e-01 -7.5822451277e-02 -1.8993305112e-02 1.2059589603e-01 6.0290194281e-02 -9.7692754360e-02 3.6248560129e-02 -6.4572788230e-02
1.3492733090e-03 2.1718312760e-03 -2.6151219459e-02 5.6299160319e-03 -7.1796279576e-02 2.5704276111e-02 -1.0843834760e-01 -7.8127384085e-02 -1.1546214087e-01 -1.0267133559e-02 -1.4872807380e-01 9.3401641773e-02 -1.1425507770e-01 -7.2247319791e-02 -2.0158132983e-02 4.4789102884e-02 1.0976282461e-01 -2.8916380865e-02 9.4617308752e-02
-1.2583656850e-02 5.4782802907e-02 8.5301419997e-02 1.5940457875e-01 4.2129442559e-03 5.6540681302e-02 -6.4107509460e-02 1.7956034923e-01 -3.7391384877e-02 2.1121864291e-02 8.4062169945e-02 -3.3599557123e-02 7.9436275153e-02 5.5389795668e-02 1.2616056035e-01 6.2293111639e-02 -7.1694126464e-02 7.5187395555e-02 6.6934764205e-02
1.1761629390e-01 -3.0546667939e-02 -7.4828586719e-03 2.0482190315e-01 5.4419406122e-02 -8.1572943268e-02 -1.5970651204e-02 1.7136551897e-01 -2.9365050209e-03 2.5743735467e-02 1.1080812824e-01 1.1821318866e-01 8.2558365841e-02 -2.9751102439e-02 -4.1374977529e-02 -4.3260473342e-02 -3.4496624729e-02 1.5136468500e-01 1.9617421070e-01
-3.4610730883e-02 -6.8194523671e-03 -5.9877395350e-02 -5.1800775708e-02 -1.1581393423e-02 -1.2229928256e-03 4.8317303063e-02 1.5157421341e-02 7.6815521133e-02 1.3722647824e-03 1.3969490136e-02 -1.8530062936e-02 8.1639507130e-02 -4.1389403759e-02 -2.7393048742e-02 1.1192861942e-01 -8.4744975726e-02 -1.3400645646e-02 -6.4765846482e-02
5.4173001562e-02 -1.0269865307e-01 8.1621414021e-03 1.6720472070e-02 5.1081825094e-03 -1.2829169482e-02 5.8818212755e-02 -3.0721047677e-02 1.0243448087e-03 2.1945029850e-02 5.9061069033e-02 3.8589605917e-02 8.5342032986e-02 5.6342720612e-02 8.8272906522e-03 -3.2457129679e-02 -1.3921392613e-02 1.6743650209e-03 -6.2352583886e-02
3.8005299585e-02 -1.8179269154e-02 -6.3234096976e-03 5.3678011374e-03 1.7537450298e-01 -4.8965595208e-02 -1.1913164532e-01 1.6805178733e-01 9.5803801549e-04 -5.5413026891e-02 4.8573158662e-02 1.9844589523e-01 7.8923589339e-02 3.3758807476e-02 7.0312112966e-03 7.3767335395e-02 6.1479090285e-02 4.7764306441e-02 1.2419048205e-01
2.3523403545e-02 -7.9967953187e-02 -4.8400610298e-03 8.7345852291e-02 -6.2077256628e-02 -4.0554389322e-02 -1.1304829559e-01 -4.8608757835e-02 -3.2646444043e-03 -2.4395699810e-02 4.4249735274e-02 8.0840904305e-02 8.4898484316e-03 -2.2415075785e-02 -1.4922305864e-02 1.9384246625e-02 3.3634448406e-02 8.4616846301e-02 -8.8774096364e-02
-1.4325918058e-01 1.9393613023e-01 1.1773129251e-01 -7.9107282460e-02 -2.0374485448e-01 1.7210649653e-01 -3.1650896282e-02 9.3331813222e-02 6.4038859602e-02 -6.7406211926e-02 1.3336564028e-02 -2.1537419420e-02 -2.1093031020e-01 -6.1089386886e-02 2.6445406571e-01 -1.0590202929e-01 9.7720433664e-02 -1.4402366274e-01 -1.7896664570e-01
2.2136012392e-02 -1.1104528253e-04 4.2853415203e-02 1.4998540563e-03 1.5323837165e-02 3.0634138307e-02 2.8908108900e-02 4.1619896053e-02 -4.8057490670e-02 1.0686058102e-01 -2.7011580626e-02 8.2102625596e-02 -5.6746383866e-02 -3.7931425186e-02 -5.9804413477e-02 2.4068361637e-02 -4.6124234978e-02 -1.5983808617e-02 -5.2550367890e-02
-2.8791775522e-02 1.8884284367e-02 1.4988216303e-01 6.0320753036e-02 -2.6728309205e-02 -4.5869203104e-02 -3.5075786007e-02 -7.4333821030e-02 4.3558119111e-03 3.7141535906e-02 -3.1237073486e-02 4.6340081993e-03 8.2148727591e-02 5.1953359780e-02 -1.1318628940e-02 -4.6752409777e-02 1.7260429955e-02 -6.3528629717e-03 7.0535640104e-02
9.6960922111e-02 -7.0988847899e-02 9.5566675837e-03 1.4930639356e-01 5.4920122454e-02 -2.8588520467e-02 9.8561567882e-02 9.4319568738e-02 1.2375638090e-02 -1.0103997788e-02 1.0053160558e-01 1.3994489087e-01 1.0014322902e-01 -1.3575009176e-01 5.2309238097e-03 2.6445955498e-02 3.4117434398e-03 1.8521234326e-01 1.8108234602e-01
4.0461910928e-02 -2.2903258555e-02 -3.9734738897e-02 1.4699883672e-01 5.6005029874e-02 6.5982304454e-02 -7.6909730684e-02 1.9577510664e-01 8.9735611571e-02 -2.5914848304e-02 1.1437802777e-01 1.0485289742e-01 8.9224977873e-02 9.0292182842e-02 5.1190631275e-02 -4.7511467175e-02 1.6564192745e-02 1.4080531123e-01 1.1369344304e-01
-2.3292541004e-01 1.2112502679e-01 2.4613092802e-01 -3.9588977876e-02 5.4243756376e-02 1.3810211751e-01 2.3441874894e-02 6.0803402345e-02 -6.5028770707e-02 -2.9855564902e-02 -1.5643505131e-01 -1.7279367917e-02 -6.1607800131e-02 2.0258554805e-02 1.5294089617e-01 -1.3358555995e-01 3.6559199276e-03 -9.4299648734e-02 -1.1140259538e-01
