-8.4886493871e-02 -4.3888168252e-02 -3.3847544500e-02 -1.0494610001e-01 -1.2304545209e-01 4.4455856014e-02 -4.0864712014e-02 8.9513056754e-02 3.8936661295e-02 5.3334014444e-02 4.9410168513e-02 5.3853093865e-02 -1.8808048626e-01 6.4633774770e-02 6.2672754673e-02 -1.0061280823e-01 2.6805583744e-02 -3.9212150031e-02 3.5759934381e-02
3.3155636873e-02 1.2692023989e-02 -5.9731308591e-03 -5.9514562008e-03 5.0059217813e-02 -1.9718864514e-02 6.0386156635e-02 5.4792047336e-02 -6.5726546985e-02 -2.9560878326e-02 -4.4378396278e-02 1.5751814472e-02 3.8569007562e-02 2.6722425956e-02 -6.7890760308e-02 -9.8395439414e-02 4.5369389937e-02 -1.8927617679e-02 -3.7166874039e-02
-1.0785744245e-01 -5.8155391679e-02 1.3471543568e-01 -3.2767639832e-02 4.9803920386e-02 7.3466831353e-02 3.2748584073e-02 7.4579602861e-02 8.0047664952e-02 -4.8982737246e-02 8.0769935809e-02 -4.2658515041e-02 -1.2795968976e-02 -1.5492389087e-02 2.6648498621e-02 -4.2621973605e-03 -4.8402475478e-02 1.5789549873e-01 -4.6870711967e-02
4.3032557842e-02 -4.0886675363e-02 2.4200949968e-01 -1.9928908284e-01 -2.0568035832e-01 -1.4324030917e-02 8.7719498982e-02 5.3270180108e-02 -3.0136353411e-02 -3.9175727985e-02 -1.2989428206e-01 1.2690159035e-01 -1.1631286731e-01 -2.5316927866e-02 -3.9955980445e-03 1.5172802327e-01 -4.9156035796e-02 -3.8041589872e-03 3.6034985373e-02
6.0091329824e-02 9.1587469275e-02 6.2550954461e-03 -1.7930580067e-02 3.9708460202e-02 6.0679147559e-02 1.0120659755e-01 -6.6154916618e-02 2.4884128130e-02 3.5139957003e-02 1.5734997588e-04 6.7874592504e-02 1.0419424031e-01 -4.0344671604e-02 -4.1900305230e-02 -6.1117109061e-03 6.6864723449e-02 7.9192318623e-02 1.1727447813e-02
-2.4984698453e-01 -6.5578373658e-02 1.2135238426e-02 3.4743586128e-03 -1.0747181308e-01 8.5254102602e-02 -9.8850844850e-02 5.8778952207e-02 -2.8923634635e-02 -1.4530491143e-01 -3.3483117333e-02 8.5384973717e-02 2.5367180699e-02 -1.8359602083e-02 3.2199488170e-02 4.2624623714e-02 -6.6827372801e-02 9.8563656038e-02 2.5489240244e-02
1.2002064648e-02 3.4559781066e-02 -1.1509584914e-02 -7.7276923810e-02 7.0257400051e-02 -8.6438519295e-02 6.1511097651e-02 -5.3223236201e-02 -5.9192286159e-02 2.8191107257e-02 -7.0313293933e-02 5.5499351819e-02 1.3398198268e-01 4.9761103693e-03 -4.0306626701e-02 -3.1034907768e-02 7.0159506311e-02 -2.9371460694e-02 1.3701782383e-02
-1.4750579218e-02 -8.7085552297e-02 1.4268941002e-02 1.3794622682e-01 1.4313881238e-01 1.3682523997e-01 9.0855209370e-02 1.0498730022e-01 1.5685224991e-02 -3.7518516167e-03 1.8572573767e-02 7.7303096460e-02 1.5565663311e-01 7.8440927799e-02 8.9596119008e-02 -3.7835492539e-02 -4.3292146141e-03 1.1701169370e-01 -6.5047909987e-02
-3.4352936632e-02 -7.6315330528e-02 -2.0860701077e-02 -8.2174125025e-02 8.9193668133e-02 4.2302588742e-02 -1.0937159766e-02 -2.5254516487e-02 8.2218312982e-02 -1.1728375633e-03 1.2031420279e-02 -7.4333300204e-02 -6.8335080964e-03 -9.5469873041e-03 1.1404909435e-01 3.4561998366e-02 1.5940337039e-02 1.4802716036e-01 9.9414339828e-02
-1.1608126277e-01 1.0724123735e-01 2.2237105959e-02 -1.5702135955e-01 3.1969560334e-02 -8.9966540053e-04 1.9769655790e-01 -4.0736518778e-02 -6.5176938833e-02 -3.9771607493e-02 -1.2943353220e-01 1.4806679280e-01 -1.4711797804e-01 1.0323129820e-02 -5.8683456638e-02 -2.1507046010e-02 4.3317456862e-02 -1.6896880028e-01 1.1037306094e-01
-1.3422976154e-01 -1.2659548694e-01 3.4207424209e-02 1.4816866302e-01 4.8430512740e-02 1.6791245096e-01 -2.9474102636e-02 7.9046574901e-02 -9.2343381297e-02 -2.2396384899e-02 1.0200095046e-01 -1.8048056331e-01 2.0649902900e-01 1.8109360859e-02 -3.5163039726e-02 2.4484459195e-02 3.3044715956e-02 1.8888465003e-01 -7.8866276533e-02
2.1637999704e-02 1.0202261176e-01 3.8290860539e-02 6.5941397465e-02 6.4452619658e-02 2.3998550251e-01 -1.3675405582e-02 1.2802708692e-01 -4.1830812612e-02 6.6206818223e-02 1.2863682102e-01 -8.8230479028e-02 1.4356044146e-01 -8.7258516739e-03 5.7928267114e-03 4.6625980424e-02 1.3496564311e-01 1.2453968763e-01 6.3217627322e-02
-4.6422534051e-02 3.0260121363e-02 4.1824718049e-02 2.7978052727e-01 1.4877307740e-01 1.8002191629e-01 -8.1912164380e-02 2.2661083105e-01 -1.5676781233e-01 1.0523066446e-01 1.2288726170e-01 -1.8192757547e-01 2.2311601861e-01 3.2302440294e-02 3.6375442008e-02 -4.5004805478e-02 6.1792704813e-03 1.4810132493e-01 -6.3603190621e-02
1.8584688787e-02 -2.9280173690e-02 3.4225350000e-02 -1.1951824267e-01 -7.4901608447e-02 -1.7804157312e-01 6.7059518603e-02 -1.6670722671e-01 -2.5954581198e-02 9.0743190235e-02 -9.0781491775e-02 4.1396718124e-02 -9.0264260686e-02 8.2964280239e-02 1.1850754310e-01 1.7984862576e-02 -5.8197649206e-02 -1.6395501172e-01 -7.4497651483e-02
-2.0097463857e-02 1.0720942147e-03 7.3272169552e-03 7.8331812012e-03 1.4427374177e-02 -1.0312210225e-01 -3.0949246838e-02 2.1318868451e-02 3.5988749493e-02 3.8750548306e-03 1.0619173605e-01 -2.9525755348e-02 3.2057824438e-02 -5.6089995407e-02 -3.7224101917e-02 2.7115025237e-02 4.9109053515e-02 -1.1225228845e-01 -1.4016144812e-02
3.3355631607e-03 3.8416197150e-02 -1.4103622896e-01 8.0281662121e-02 1.0150883619e-02 1.4651820392e-01 -1.5308114717e-01 1.1710487102e-01 -1.9990782629e-03 -2.0579903525e-02 -1.4355726017e-02 -2.4055165430e-02 7.4706386393e-02 -4.0060677656e-02 -7.8646365769e-02 2.5278108722e-02 -7.1964353804e-03 1.4289951559e-01 -4.2010588765e-02
-4.6757449011e-02 -4.5393641790e-02 8.2625569222e-03 1.8087180135e-01 7.7392407156e-02 1.5746199460e-01 -9.4747865271e-02 9.8495325278e-02 -9.1682412358e-02 3.8526880610e-02 2.4305673830e-01 -7.7876586387e-02 1.9557651623e-02 1.0150075912e-01 -1.7151697042e-02 -8.4434603790e-02 -4.3001709551e-02 4.2316923464e-02 8.1117558994e-02
1.2486160460e-02 -3.2814828476e-02 5.4492187280e-02 1.7343570100e-01 1.9311427829e-01 1.3461675182e-01 -4.9679810886e-02 1.5400131972e-01 7.1652325248e-02 -1.1683268904e-01 1.3793635088e-01 7.0438609673e-02 1.5002538660e-01 -4.5102494509e-02 8.2565305563e-02 -5.3392852666e-02 -4.4363477667e-02 1.8502974322e-01 1.2153343340e-03
-7.9966266217e-02 -9.7133360339e-02 4.3575784850e-02 -6.2600310551e-02 -8.1231308648e-02 -3.8520729271e-02 1.2278870405e-01 5.7128720616e-02 -8.7385545065e-02 -6.1373442141e-02 -9.6349602562e-02 1.4057829705e-01 -1.4999567398e-01 -7.4917114358e-03 3.1734357673e-02 1.0743036683e-02 7.0198086445e-02 -9.3756918790e-02 -6.0925885989e-02
