-5.7763681919e-02 -2.3047966890e-02 -1.7042292736e-02 6.4322172854e-02 -4.8321340012e-02 4.9286130224e-02 1.2510474843e-02 7.6030188034e-03 -9.5611288468e-02 -8.1365423440e-02 1.7203064067e-02 2.2245072370e-03 6.5787741616e-02 2.0034984430e-02 -1.6216208350e-02 1.9211437778e-01 4.3686037170e-02 9.6031799530e-02 -1.2309321483e-01
-1.5730696384e-01 -3.7530806326e-02 8.1367526998e-02 -1.3165198398e-01 1.4027161329e-01 9.2437067847e-02 1.0552083207e-02 1.1425102386e-01 5.0488957030e-02 -9.8842466318e-03 1.5307179452e-01 1.4619896195e-01 2.4471308051e-01 -1.6862597975e-01 -8.3768735835e-03 1.1671293050e-01 1.6643285734e-01 8.1621198372e-02 -6.3514409733e-03
3.2887719090e-02 8.3933178054e-02 -2.7011478875e-02 -8.7058496399e-02 6.7088172900e-02 -3.3424436027e-02 -7.9283416079e-02 2.5393666062e-02 -2.4390211696e-02 9.7554151557e-02 -1.0449387735e-01 -3.4995850649e-02 1.3847321800e-02 5.4196845306e-03 -1.6371070890e-01 1.6807544181e-02 6.2448672602e-03 -2.6907979759e-02 1.4375305446e-02
1.1931248405e-02 9.8578214715e-02 1.5993341372e-02 8.8591761676e-03 -1.4583179779e-01 2.8545041552e-02 4.9663210514e-02 1.2488773982e-01 -2.8020019151e-02 -5.2773467335e-02 1.0064371801e-01 3.4538853553e-02 1.6374276778e-01 -2.1407824189e-02 2.0684108856e-02 1.2349052133e-01 1.3160196009e-01 2.2807693329e-01 -4.9013303133e-03
1.7536918642e-01 6.2118576895e-03 -8.8820542967e-02 1.5808958202e-01 -5.3473754836e-02 -1.1187035451e-02 8.8542391798e-03 -1.7870300694e-01 -1.1896574158e-03 6.1220495545e-02 -7.2628639373e-02 -6.3773011310e-02 -2.7595576821e-01 1.2686034448e-01 -7.9461005504e-02 -9.1352534228e-02 -1.2079956118e-01 -2.0461028596e-01 9.3305728446e-02
-9.5721781762e-02 -3.9946989039e-02 -4.0185210603e-02 -3.0274156102e-02 -1.0452281517e-01 1.2305886663e-01 -3.4784657933e-02 1.2346509420e-01 -8.6713465784e-02 -5.5501698436e-02 1.3676946401e-01 1.7653802499e-01 1.2681139665e-01 -8.3206741695e-02 -1.0545413155e-02 1.6888588711e-01 1.2349789635e-01 1.0401031625e-01 -4.1982383030e-02
-1.0728663184e-01 -2.1536710458e-02 -6.7936159998e-02 -9.5909830527e-02 3.9436170556e-02 -7.6951527108e-02 6.5618694027e-02 1.5769238178e-01 8.8592190612e-02 -3.6096728497e-02 1.9690621431e-01 1.0531818351e-01 1.3841827515e-01 -1.7308123338e-02 -5.5513106432e-02 1.4044993336e-01 8.7326704351e-02 4.5390488101e-02 -7.9186464980e-03
1.6750236262e-02 -1.6119000441e-02 -1.9550287290e-02 1.2809192548e-01 5.8996619916e-02 8.4317856972e-02 1.6132045595e-03 3.5371354639e-02 -1.6432996920e-02 4.0613645243e-02 7.8783030526e-02 1.2181057053e-01 7.3818259959e-02 -9.6860174992e-03 -2.1186225333e-03 5.4868252664e-02 -7.1223758885e-02 8.2454619661e-02 2.6422255874e-02
1.8362762692e-02 -2.3165624576e-02 -1.2483255583e-02 2.6708826868e-02 -8.1453393423e-02 -1.4775973511e-02 5.5966997772e-02 4.4372844419e-02 2.3449541264e-03 4.4197353959e-02 3.5198192179e-02 3.1187137739e-02 8.5499182895e-02 3.9905550594e-02 7.4214458211e-02 -5.7237487138e-02 -3.4813967804e-02 -3.6781867564e-02 4.4947893216e-02
-3.1811133409e-03 4.3788097552e-02 -5.2477786262e-02 9.2390185643e-02 4.4717127748e-02 1.3480529628e-01 3.7324519573e-03 7.1294200728e-02 -4.9316503110e-02 4.6342324428e-02 2.4710825762e-02 -1.4750290412e-01 4.7209550336e-02 3.7615506871e-02 5.2832773711e-02 -2.0431012871e-02 -9.1378940906e-02 9.1576792155e-02 1.5963899097e-01
-2.0800006641e-02 -2.4930118466e-02 9.9345428790e-02 1.6910551322e-02 -2.5005444218e-03 4.0377760496e-02 6.0175222893e-02 1.7595787146e-01 9.0712735624e-02 -9.1701815316e-02 8.5956547983e-02 1.3287735676e-01 2.5996048569e-01 -9.1872415226e-02 4.4625907267e-02 1.8338033235e-01 2.0243580099e-01 1.2777566308e-01 -5.1936887656e-02
1.9682555652e-01 -4.6382225458e-02 -1.0734238126e-01 2.1866964921e-01 4.6514803506e-03 3.8977220634e-02 -7.5853150275e-02 -2.3593076274e-01 4.2744529621e-02 2.5030790793e-01 -2.4764242291e-01 -2.7470659596e-01 -1.8784052421e-01 2.0700787880e-01 -1.3527201124e-02 -1.2447536107e-01 -1.6524929196e-01 -1.9953897398e-01 8.7105197468e-02
2.6916721362e-02 -5.7157863086e-02 -1.3458661928e-01 3.8111805859e-02 -5.7176367959e-02 1.0040498285e-02 -2.2097671015e-02 -9.6180679557e-03 -4.4729083957e-02 1.0715677841e-01 -8.8957560524e-02 -3.1842940526e-02 6.9998259011e-02 8.0413091279e-02 -3.9124436058e-02 -1.8572237797e-02 -5.6379732179e-02 1.1077756911e-02 2.8258530893e-02
-4.3554598577e-03 4.4827923246e-03 -3.0493836721e-02 6.3764228059e-02 2.3025317529e-03 2.3246851741e-02 3.5434279527e-03 -5.7946256528e-02 5.4933710801e-04 -5.2181328166e-03 -9.9804528008e-02 -1.6999921771e-02 -5.6243241274e-02 2.6375828161e-02 2.1363858313e-02 -4.0076561753e-02 -1.4117382879e-03 -1.2635673797e-01 3.2025270774e-02
9.1102111028e-03 5.6571820256e-03 4.9162894090e-02 9.7449212997e-02 -4.7191962781e-02 7.2584625500e-02 4.2805686839e-02 -6.2769379393e-02 -8.2359861266e-02 -3.6234759504e-02 -2.5048467854e-02 -6.7284291854e-02 -1.1410216911e-02 -4.1529271162e-02 1.2356708123e-02 -2.0156416814e-02 3.3078225035e-02 -2.1804180627e-02 -7.7684621225e-03
-7.3135801103e-02 -4.9641583773e-02 -1.9945158825e-02 -6.2681650729e-02 -4.7338931105e-02 7.1228189628e-02 1.0594975674e-01 2.4379263282e-02 -4.7564356685e-02 1.9018224138e-02 -5.8465954164e-02 2.6873737652e-02 -5.5406444253e-02 5.0797565430e-02 -2.2639976517e-02 -3.2625279392e-02 2.0605013500e-02 -3.1484430068e-02 8.1885839504e-02
-2.7630450772e-02 1.0258635245e-01 -4.7527480142e-02 -1.8535287224e-02 7.5838142617e-03 -2.9387847872e-02 -2.6335973015e-02 9.5039766464e-02 2.5827794031e-02 -1.0099404752e-02 9.3237161673e-03 7.2142898423e-02 3.3796850556e-02 -7.7218437141e-02 3.8965891092e-02 9.6717564797e-02 -8.1515559425e-02 3.5674914671e-02 -1.0668589189e-01
-8.9297565416e-03 4.2233272520e-02 4.5803952951e-03 1.7501243929e-02 -2.2920274409e-02 8.4208191154e-02 6.9922145877e-02 -2.8877126335e-02 6.7524584442e-02 7.2463006167e-02 -1.3355985954e-01 -2.4475379784e-01 -9.0137062639e-02 1.6740951668e-01 -7.9573464150e-03 -1.1294269693e-01 -2.0730233093e-01 -2.5205296394e-01 1.2819027681e-01
-5.6291036313e-02 -3.1376411029e-02 -2.6388907181e-02 1.2707099773e-01 -6.0492150738e-03 9.3776088160e-02 -4.3693922589e-02 1.1350835185e-02 -1.2099448420e-01 8.5164964807e-02 -8.8375048967e-02 -6.1294666481e-02 -8.3451230993e-02 1.2087780932e-01 -3.3033445289e-02 -3.2221374337e-02 4.8035074295e-03 -4.6131548890e-02 8.0691925363e-03
