2.0146459123e-01 1.5712940133e-01 2.1228446984e-01 2.2444514894e-01 1.4858438385e-01 1.7610950962e-01 1.8900934941e-01 1.5355451554e-01 2.2235913596e-01 4.1242213488e-02 1.4085070698e-01 -7.8759483355e-02 4.2907467844e-02 1.8960845792e-01 -7.1950478980e-04 2.1329332210e-01 2.1722119805e-01 -4.1607510761e-02 1.7744017235e-01
1.5942460632e-02 1.8680888405e-02 -1.1304592295e-02 8.3870426818e-02 6.4038191372e-02 -2.0387019475e-02 -7.4271864965e-05 8.1916786808e-02 2.3359629982e-02 4.5366693668e-03 9.5589612401e-03 -1.7584290434e-01 -1.4610837846e-02 -1.0589808632e-01 8.1984644246e-02 -9.8531220329e-02 -4.5797922729e-03 -4.0604350799e-04 8.9513476680e-03
1.4521361203e-01 1.1209485177e-01 7.7882102883e-02 1.7747598485e-03 1.3161352790e-02 4.7801270483e-03 1.9048578514e-01 5.1803800159e-02 1.1163190748e-01 -1.3491112135e-01 3.5540730547e-02 3.9212165789e-02 -6.3148579823e-03 -1.0522210760e-02 -4.1804260987e-02 1.1128611976e-01 1.2137944626e-01 -4.9290461021e-02 1.0273483913e-01
8.1405697529e-02 1.3610725467e-01 1.1788962009e-01 1.4072263933e-01 7.4375348845e-02 1.5605260214e-01 5.1930904639e-02 7.5432799834e-02 4.3390397647e-03 -4.6551132906e-02 8.0317296021e-02 -3.3640085208e-02 1.1250052150e-01 1.1641412720e-01 -3.1747129003e-03 3.5141483380e-02 4.0416071492e-02 -6.6296137195e-02 4.8733683434e-02
-1.0086147806e-01 -1.5705055932e-01 -7.9755292119e-02 -8.2963382151e-02 -2.1051588413e-01 -1.1522312279e-01 -2.3763316039e-01 -1.0015016335e-01 -2.4104976866e-01 8.8342823572e-02 -2.0473949466e-01 -1.2041682138e-01 2.5165033223e-01 -1.6276989897e-01 4.0729247555e-02 -1.3803599404e-01 -2.2930641541e-01 1.9085420592e-02 -3.1073055834e-01
4.7910030493e-02 3.0792300141e-02 -2.2981672795e-02 1.1263620186e-01 -5.1433521205e-02 8.5852194697e-02 1.0361857495e-01 6.4845044444e-02 -1.5723376514e-02 3.2203396124e-02 6.5667684270e-02 3.9850484192e-02 1.5477167259e-01 9.0260321478e-02 7.5137288370e-03 6.7549506574e-02 5.5000340448e-02 2.7129493102e-02 1.3934137326e-01
-6.4975913660e-02 5.7794402778e-02 -1.1338406035e-01 -3.3256919427e-02 -1.2372269762e-01 -1.1264644563e-02 1.0066229814e-01 3.3765197553e-02 -2.1079312052e-02 -7.7316761832e-02 -5.8365374437e-02 2.6370537752e-03 4.0930028869e-02 -1.0370763399e-01 1.7913282332e-02 8.1981504723e-02 -6.4257972515e-02 -8.8125301864e-02 1.1643559796e-01
1.6928977519e-01 1.6369830349e-01 1.8310288520e-02 1.0524944508e-01 -7.1987047939e-02 1.3206679735e-01 6.0922303816e-02 2.2855072099e-01 1.1464203934e-02 3.1878398101e-02 1.5536822296e-01 9.4948876339e-03 -1.3404278489e-03 -1.2150327999e-02 -7.9818768229e-02 6.7221569668e-02 8.1950258581e-02 1.3933421469e-02 9.8382000773e-02
8.7191193424e-02 2.1380151133e-02 1.1105154195e-01 2.8225976049e-01 7.3858616493e-02 7.9060604273e-02 1.4640425706e-01 9.5162223877e-02 5.5962554752e-02 5.3937397520e-02 9.3207509561e-02 1.9148687348e-02 -1.8490109800e-02 5.3766252095e-02 -1.0361765111e-01 1.5309669950e-01 6.4612628436e-02 -9.5944973821e-03 1.1815023252e-01
3.7731056014e-02 -1.0192256637e-01 -9.9713839648e-02 -7.5117892464e-02 -2.0267736115e-01 -4.2185025346e-02 -4.5296521818e-02 8.2712487950e-02 -1.1165064138e-01 7.2172932129e-02 -9.0854906084e-02 -2.3944807258e-02 7.4156790997e-03 -1.2391121706e-01 -5.4191895588e-02 -1.6876927527e-01 -2.1033636596e-01 -1.2565454557e-01 -9.2578307093e-02
-7.7433444416e-02 1.9369133142e-02 -5.1079066861e-02 -9.7683015391e-02 -1.0042370954e-01 -3.7450709402e-02 1.0842053282e-02 -8.7529360110e-03 6.0659110483e-02 -1.1809151915e-02 -7.6271138729e-02 9.3367449315e-02 2.3673274298e-02 2.0450512840e-02 1.0641565584e-01 -5.0030538870e-02 -1.0895266885e-02 -1.2257692072e-02 5.1663841460e-03
1.7984209118e-02 1.7591727940e-02 -6.9283030039e-02 -1.1111266884e-01 -1.2662328404e-01 -1.1417401209e-01 -9.7973170889e-02 -7.5570301579e-02 -9.4393771233e-02 1.3385701166e-02 1.9351492382e-02 8.7138958337e-02 4.0028224322e-03 -1.6351144001e-01 -4.1043102049e-02 -2.1245937274e-02 -1.5194983796e-01 2.6708573997e-02 -1.4647124095e-01
-1.6902590961e-02 -8.3621632918e-02 -4.0177268767e-03 3.6195676137e-02 -5.8858075041e-02 -2.8480112304e-02 5.7684205697e-03 2.7570849582e-02 -2.1633249236e-02 7.5267882551e-02 3.6407607895e-02 1.1205191968e-02 5.9288651258e-02 -6.3212696411e-02 8.3046118628e-02 3.4020258431e-02 4.6004367108e-03 2.2093709645e-02 -2.9622609322e-02
4.8089593137e-02 3.8890979071e-02 5.3084744387e-02 7.7415944607e-02 1.5273314731e-01 2.8149646755e-02 -6.7203336762e-02 -8.4037498267e-02 1.2655509307e-01 1.1236474270e-01 1.8497909278e-02 -8.4412088832e-03 -1.5642444795e-02 7.0033031936e-02 9.3997073634e-02 1.3119358328e-01 8.4026054414e-02 -5.3507254934e-03 9.5419767225e-03
-8.9889962611e-03 3.7286693065e-02 4.3933198283e-02 5.8889781927e-03 -5.1581796533e-02 -6.2753132060e-02 6.3586549700e-03 4.6857656473e-02 -3.8442983968e-02 -1.2523848576e-01 -4.7749704059e-02 3.2843585225e-02 2.5831085124e-02 -8.2677329899e-03 6.8542043206e-02 -4.6430442802e-02 -8.3378650949e-02 8.8037588201e-02 -3.8714418168e-02
2.3282212362e-01 8.3839611530e-02 1.2602309975e-01 1.0807632353e-01 7.3189046273e-02 1.5861389616e-01 5.5951432687e-02 3.6824017737e-02 2.2665556074e-02 -8.8707011481e-02 6.8761217738e-02 -6.9742652587e-02 1.7723035793e-02 3.4508899276e-02 7.8794728588e-02 1.1417618925e-01 1.3572916155e-01 -2.0568886572e-02 8.8017296475e-02
-1.0523353898e-01 -1.9487673779e-01 -8.8535786866e-02 -1.0583300632e-01 -9.3240664842e-02 -7.2418551734e-02 -8.1276991487e-02 8.4060341554e-03 -1.3750121625e-01 6.7378199471e-02 -9.1179167686e-02 6.6353798436e-02 2.2590955891e-01 8.5418147039e-03 7.1471211047e-02 -1.4835561411e-01 -8.2372307243e-02 -6.5818237384e-02 -1.8894225065e-01
5.8427045693e-02 -3.8181960315e-03 -9.7076855899e-02 -1.7242538302e-01 -2.1885361965e-01 -1.1166937596e-01 -4.1969230497e-02 1.6058911033e-02 -2.7900128967e-01 7.8342700628e-02 -1.9056299634e-01 6.0934332976e-02 1.3825506294e-01 -2.4347264087e-01 6.8671465515e-02 -1.6083996097e-01 -2.0968214864e-01 -1.3623015268e-02 -2.3761394896e-01
1.7136433441e-01 2.4367130546e-02 2.7842442480e-02 4.9629521760e-02 -9.1346011505e-02 1.7731643579e-01 1.5318366366e-02 1.2152436489e-01 1.9388866217e-01 1.0356170391e-02 1.6510383917e-01 -6.3901670186e-02 -4.7410486593e-02 -3.3304040242e-03 -4.5735665312e-02 3.2957819771e-02 1.0011014474e-01 -4.7383436483e-02 6.5671388920e-02
