1.0062592403e+00 1.3080755738e+00 1.0567953840e+00 7.0202829902e-02 6.7902442637e-02 9.8411130302e-01 -7.9730330178e-01 5.1069526761e-02 1.0789024398e+00 -2.3647862843e-01 -6.4749458068e-01 -6.3518996385e-01 -5.5448465344e-01 1.4018533045e+00 9.8491042657e-01 -2.6247986470e-02 8.0914135594e-01 7.1884870781e-01 -7.4139752368e-02
-9.8760237073e-03 -4.4772540768e-02 2.9605539610e-02 -1.0430279674e-01 1.6641650690e-02 -2.8032099059e-02 7.0343261334e-02 7.7290935651e-02 -7.7813810896e-03 7.8041384082e-03 1.2546290928e-05 1.5514559622e-01 8.2340996873e-02 -1.7057768778e-02 -1.9923509507e-02 2.0680307222e-02 -1.0059030119e-02 4.3750307656e-02 -1.6473245224e-02
2.3901430630e-01 2.4645797389e-02 8.6614700183e-02 -2.9978090953e-02 -4.1613979220e-02 2.4617051206e-01 -7.5903906109e-02 5.8830106816e-02 1.4117531217e-01 -1.1759031477e-01 -7.1008935163e-02 -1.6932991713e-01 -1.3429974149e-01 4.5037719708e-02 2.6332468174e-01 -6.5610100840e-02 1.0671777644e-02 4.9922442109e-02 -1.2850484223e-01
-1.2311027915e-01 1.6007268217e-02 -2.0555232960e-01 2.0262500593e-02 9.4077991923e-03 -1.0530897295e-01 2.0417419040e-01 -6.2113617991e-02 -2.2825508431e-01 1.8350159698e-01 3.5198199043e-01 2.9598295718e-01 3.3954167608e-01 1.2202151468e-01 -1.4913254557e-01 -1.5384593639e-02 -1.0941059333e-01 -1.7391191095e-01 2.2955124687e-01
4.0552791804e-02 9.3086385302e-02 9.7226658182e-02 -4.2650274257e-02 -2.6043809381e-02 1.3817247530e-01 3.9312531896e-02 2.0789118982e-02 2.8445371444e-02 -5.4866634289e-02 3.7128399013e-02 -7.6544735898e-02 2.3734848989e-03 1.4146422940e-02 -4.7282087425e-03 -3.7106551212e-02 1.1151504485e-01 4.7614572261e-02 4.5742802157e-02
8.4693529673e-02 2.2677488838e-01 3.3403283254e-02 -5.0858333343e-02 -4.9165555567e-03 2.7633430422e-02 -4.4402222095e-02 -3.5384312916e-02 4.0098799065e-02 7.6062466182e-02 5.0927552526e-02 -6.5099887111e-02 5.3132014664e-02 8.5859046216e-02 1.5498462836e-02 -1.9963383935e-02 7.2622534810e-02 -3.0362469365e-02 2.4215391938e-02
-3.1773218400e-03 5.1569830651e-03 -3.9641071842e-02 -9.1787976548e-02 8.1427990320e-02 5.4903296800e-02 -1.6038603605e-03 -1.2434357048e-02 -1.8266570335e-02 1.0281835020e-01 -5.7277065804e-02 -1.0808435041e-02 6.7971822667e-02 -4.4584442207e-03 2.7372274453e-03 -8.0576917678e-02 -4.2149449582e-02 1.3517922649e-01 1.6783584767e-02
-6.3353438610e-02 -7.9989673720e-02 -6.0378715381e-03 5.0716426383e-02 4.3308919100e-02 -2.2748006853e-02 -4.3767125492e-02 4.6033795707e-03 1.0147619787e-02 1.0352987300e-02 -1.1930668718e-02 2.7820522128e-02 4.1327914787e-02 -2.0232742402e-02 -2.6622643363e-02 -9.4564926305e-02 -1.7353729810e-02 8.1885171570e-02 -2.1257903474e-02
-7.4208926310e-02 -1.6308259168e-02 4.4705820797e-02 3.1965081255e-02 -4.0997862825e-03 2.5305955764e-02 -2.7359839744e-02 -1.9719348350e-02 -7.6861658673e-02 -7.8838866920e-03 1.3744861460e-02 7.1236050352e-02 3.1396244871e-02 1.8541177740e-02 -6.0436388266e-02 -9.2350386341e-02 -6.2637718531e-02 7.4647195689e-02 -6.2818444585e-02
-1.3877146753e-01 1.2632136697e-01 1.7909166067e-02 -1.0647923539e-03 1.4567874065e-02 3.8630373834e-02 2.5977826343e-02 4.4620529785e-02 2.2739735778e-02 -1.3913052656e-01 4.7177914745e-02 -7.6771043052e-02 -1.0133984715e-01 -1.1196157131e-01 2.6767403936e-02 -1.3377733175e-02 4.1555554542e-02 2.4806923724e-02 -2.5796004549e-01
-7.4816292107e-02 2.1455896378e-01 -2.3088211848e-01 5.4911053207e-03 7.4759719748e-02 -3.2475268828e-01 2.2094101722e-01 -2.1642181523e-02 -2.7282349332e-01 2.9778173416e-01 3.1501823237e-01 2.1746810102e-01 2.2650014614e-01 -7.4025618708e-02 -1.7875956813e-01 4.6075554677e-02 7.6758862734e-02 -2.8083506683e-01 2.7258081725e-01
2.4949931941e-01 1.3869954727e-01 1.5474344696e-01 1.3309792805e-01 -7.2442758872e-02 1.3179209793e-01 -5.4840289079e-02 -4.5403585837e-02 1.8369095686e-01 -2.4978631710e-01 -9.3586722586e-02 -1.6652302008e-01 -8.9065528902e-02 -5.2530876868e-02 3.3603597797e-01 2.0577523697e-04 2.7305247206e-01 2.1069990259e-01 -1.7215613543e-01
-6.9202004843e-02 -1.5545733806e-02 -1.0640137169e-01 4.9275360339e-02 2.0909373216e-02 3.6895606335e-03 -3.7470763101e-02 5.8038993239e-02 -8.1417550512e-02 2.4080658255e-02 1.2375327609e-01 5.1802066453e-03 -6.0994225657e-02 9.4988823412e-03 5.5817854325e-02 5.5771032712e-02 6.8074821892e-03 -5.8056410556e-02 -5.8412715482e-02
1.1526773476e-01 -7.6732432223e-02 -5.9733641502e-02 4.6202272996e-02 -4.3826909451e-02 -6.9737953807e-02 1.8150569714e-02 1.7289429018e-02 1.1316249131e-01 9.6752065900e-03 -2.3511133509e-02 1.2455244683e-02 2.5992062477e-03 8.0496568431e-02 -1.0619968487e-01 -2.3758811037e-02 1.1783035398e-01 6.0849934530e-02 3.5582301739e-02
-4.1966441321e-01 -6.2481526646e-02 -1.9007755812e-01 -7.7171745659e-02 -1.5522413523e-01 -3.3469437053e-01 3.0369239269e-01 -9.0319042153e-03 -2.5374396690e-01 3.6379594018e-01 2.0693112290e-01 2.7865021534e-01 3.3364112304e-01 6.8167456806e-02 -3.0868598796e-01 -3.4713799398e-02 -1.1466180892e-01 -2.6818875592e-01 2.5639512598e-01
1.7227331034e-01 -2.2535461925e-02 -1.2499438161e-01 -7.0549632193e-02 -3.5699422538e-02 1.0800630281e-01 1.4412341739e-02 -4.0201389326e-02 3.8080389194e-02 -4.7709102115e-02 4.7365779146e-02 1.3587516149e-02 -6.9154679023e-02 -2.9800448620e-02 2.2535649943e-02 3.8611107789e-02 1.7464212460e-01 4.3093472189e-03 1.8588655750e-02
-2.7436054910e-01 -1.1554979560e-01 -4.7239091176e-01 6.3380620863e-03 -3.2326163010e-02 -4.4310057845e-01 3.5506301792e-01 -7.0920096028e-02 -3.2625954402e-01 2.8168237280e-01 4.3225889792e-01 3.0475829943e-01 4.0958680708e-01 2.5459929669e-02 -4.2579749115e-01 -5.5339774961e-02 -1.0531736547e-01 -3.5642234999e-01 4.1403170105e-01
-1.3102502630e-01 3.2356116877e-01 -8.3216944982e-02 -1.4669231462e-02 -3.2899329750e-02 -7.9619556100e-02 3.8222487493e-02 1.7818901592e-02 -2.5201129832e-02 3.3496225522e-02 7.7460871069e-02 7.8957051736e-02 2.3417298358e-02 -3.3261372386e-03 -4.3998511429e-02 3.0699486993e-02 6.5888242786e-02 -7.9404268402e-02 1.6861612094e-01
1.2471040751e-01 1.8602044069e-02 -7.0752232989e-02 1.3125500742e-02 -1.8520470369e-02 7.6122351254e-03 -6.5994407283e-02 -2.9705277175e-03 5.9864616547e-03 7.5420494744e-03 8.1307966107e-02 9.1724618444e-02 -1.5334956770e-01 -3.2499389325e-02 -9.5554323954e-02 9.0849928882e-03 -1.8166817449e-02 -1.9741168894e-02 -9.5757358344e-03
