-2.3487479809e-01 1.4181070730e-01 -2.0869958146e-01 3.2030030847e-01 -1.1070690962e-01 -2.5813702577e-03 -5.8916492805e-02 2.8643897688e-01 1.3711721391e-01 -3.7554814245e-03 -2.0393899028e-02 2.4186912706e-01 -3.2317740781e-01 2.2719407632e-01 3.4006069292e-01 2.1233248718e-01 -2.4895964642e-01 1.0120533699e-02
8.4564924564e-02 -6.1873100409e-03 -8.2639289220e-03 7.5082266178e-03 -1.0360563114e-01 -1.2474915407e-01 6.5583954326e-02 1.6754592178e-02 1.0460380690e-02 1.4373970384e-02 -1.4441926639e-01 3.7851055058e-02 -1.1104857791e-02 -8.8513004440e-03 1.0416766292e-02 5.8676928033e-03 -2.2972242127e-02 7.3068125559e-02
2.3005626981e-02 -8.1740884210e-04 2.0095686882e-02 -9.1544254045e-02 1.5233531129e-01 1.6022538047e-02 -1.2315279056e-02 -1.0385641806e-01 8.0793478089e-03 -5.7047536455e-02 1.2512092279e-02 2.8984262003e-03 -4.9388340567e-02 -8.3577856477e-02 1.7400692551e-01 -3.7124879559e-03 2.3349051883e-02 -2.9799708819e-02
-1.4877792292e-01 1.9315144552e-01 -9.1155547475e-02 2.1137562662e-01 -6.8411226640e-02 -3.3310226986e-02 2.5996592023e-02 1.4763998510e-01 -1.2235034409e-02 6.1026575970e-02 -7.1144455388e-02 1.6206159787e-01 -1.1995104701e-01 1.0851173592e-01 7.2539414272e-02 1.3810424237e-01 -7.9121041431e-02 -4.7771605674e-02
1.5058831226e-01 -4.5721183705e-02 1.8197534896e-01 -1.6267532754e-01 1.8838861645e-01 6.1500229094e-02 1.6619208869e-02 -1.2622806023e-02 -1.4662541105e-01 2.6396161324e-02 5.0189467277e-03 -1.6554129067e-01 1.7740564752e-01 -4.2271391346e-02 7.1568039191e-02 -4.8160460719e-02 8.4381300870e-02 -3.6458215527e-02
-1.6608337843e-01 1.8799087750e-01 -1.0263859260e-01 1.5182679898e-01 -2.9614168036e-02 6.9416858394e-02 1.1803937588e-01 1.5591881457e-01 -1.1116054026e-02 9.7574784967e-02 -2.8755141466e-02 2.0317846608e-01 -1.1304110317e-01 1.9192131362e-01 1.6865583697e-01 1.3623423108e-01 -1.9956510799e-01 -2.9769241522e-02
1.0126173353e-01 -1.0489148934e-02 4.3699194031e-02 -9.3210130899e-02 -3.8931635009e-02 2.4989892457e-02 -6.4602502350e-03 -9.7902667533e-03 -8.1459189310e-02 1.7564189627e-02 -1.5828670002e-02 8.8610963045e-02 4.2909328521e-02 -1.2681047509e-01 5.8605640751e-02 -5.3272328193e-02 1.2635184425e-02 1.2737236853e-01
1.2415401610e-01 -1.4565999632e-01 1.2544486351e-01 -1.6267171624e-01 1.6074403088e-01 -9.2526396739e-02 6.8748691491e-02 -1.8534156165e-01 2.3087703294e-02 -8.7897580070e-02 1.9645506065e-02 -7.5075109503e-02 9.5639423171e-02 -1.4814397637e-01 8.3142795325e-02 -1.7357053300e-01 8.3542615227e-02 -8.4507277746e-02
-7.7800279090e-02 2.6333133856e-02 -6.7749600316e-02 2.9961022277e-02 5.5021394495e-02 -5.8011017757e-03 -1.0049869971e-01 1.8654483899e-02 -7.3201594971e-03 -1.2071305372e-01 8.8690353895e-02 -1.7941826811e-02 1.5501842259e-02 -8.2131518428e-03 1.2790915549e-02 -3.8955663840e-02 -1.0392163164e-01 4.0302959574e-02
1.4029403075e-01 -1.4819411187e-01 1.5207940216e-01 -1.5809091203e-01 1.7694328966e-01 -5.3602310047e-02 5.8430085341e-02 -1.0824441350e-01 2.2152317995e-02 1.2455382474e-01 4.7839232110e-02 -3.1900858175e-01 1.1934778189e-01 -1.4970051135e-01 8.0552506269e-02 -2.8437079593e-01 1.8642906640e-01 -9.8926749105e-02
1.6407178997e-02 -2.3320149553e-02 1.0777668773e-01 -1.7582383525e-01 3.1908171817e-02 -1.1999592927e-01 4.1162591926e-02 3.4505299044e-02 6.6093559590e-03 3.2610517958e-02 -1.2096864984e-01 -3.6335383031e-03 1.6450678087e-02 -4.6234937578e-02 -4.2077940557e-03 7.9329255031e-02 1.2204208991e-01 3.8039459861e-02
3.3355179128e-02 5.1673728734e-02 5.7171337992e-02 8.5732887521e-02 7.4997453221e-02 -1.3788878771e-02 -1.5459871031e-03 7.6559661456e-02 -4.2756987105e-02 -1.1572953141e-01 1.1229857709e-01 -5.3462525159e-03 -6.0254280847e-02 6.7730776460e-02 8.4997583851e-02 1.8086815566e-01 -9.2539517881e-03 8.7561667222e-02
1.5812595803e-02 -3.5477125708e-02 -3.9887703817e-02 7.9538554416e-02 1.2055618376e-01 5.6557570912e-02 4.7295626848e-02 1.1121902033e-01 8.0587887868e-02 4.5758171887e-02 -9.9434949678e-02 -3.7263684419e-02 -3.2766612797e-02 -3.8395327463e-02 4.0338599600e-02 -8.1658953263e-02 -5.3765263969e-03 -7.3530918796e-03
3.3490937490e-02 -2.7953696571e-02 -6.4836058049e-03 -4.4377505707e-02 -6.0888579562e-03 9.3126346637e-02 3.4680124161e-02 1.5483435444e-02 4.8180367801e-02 -6.9137139629e-03 1.0428291979e-01 2.7664146263e-02 1.6794855669e-01 5.1973862508e-02 8.2209203582e-02 8.0478861611e-02 1.1665188630e-01 7.1445919431e-03
-1.0954162091e-02 -1.3589338109e-02 -6.3149243160e-02 -1.8805661270e-02 9.8461684072e-02 1.6080980491e-02 -1.2472475041e-02 2.1998570269e-02 8.3893192954e-02 1.0591337157e-01 5.4230639724e-02 -1.7439163780e-02 3.9604514680e-02 -9.7771607624e-02 9.5505350125e-02 1.1963123090e-01 3.3615198941e-02 -1.1376086203e-01
-5.4939165143e-02 2.4674155979e-02 -5.2582238718e-02 1.7462842735e-01 1.3668893217e-02 -1.7348362068e-02 -7.2096856499e-02 1.2179017642e-01 -4.9151662828e-02 6.5898872026e-02 -3.6168113125e-02 2.3783790018e-02 -4.4257297525e-02 6.7600807266e-02 1.7971393154e-01 8.2886604707e-02 -4.3285137451e-02 2.3454858376e-02
8.0870682402e-02 -9.9413455188e-02 5.5655029366e-02 -8.7514831776e-02 1.1302071732e-01 -8.1220429629e-02 -1.2584127750e-01 7.1636337012e-02 -1.1705221489e-01 -4.6152958702e-02 -9.3476469455e-03 -8.3117981591e-02 5.6005450022e-02 -1.0142877636e-01 4.9039441182e-02 -1.7133943592e-02 5.1067614685e-02 -5.6917066958e-02
5.0607874178e-02 1.8908742562e-02 -9.8817089331e-03 4.9450308057e-02 -2.9922041469e-03 1.0128326880e-02 6.7736673956e-02 1.2048021996e-01 1.2814636530e-02 -4.4208030300e-02 -4.1826168444e-02 2.1306296515e-02 6.2243122938e-02 1.4217532668e-02 -9.6671629596e-03 2.4280645924e-02 -3.8988094352e-02 3.2618184363e-02
