1.0452053743e-01 -6.3454862049e-02 1.4333276555e-01 2.9103793449e-02 7.0859066908e-02 1.0748966610e-01 -1.5856774153e-02 5.6680266857e-02 7.3501865102e-02 -1.1948474050e-02 -6.5827600720e-02 -5.3546925151e-02 1.1522512945e-01 -1.1665286212e-01 1.7277108354e-01 2.4039694214e-02 3.3699025821e-04 -6.5556053804e-02
1.4809176583e-01 -6.6090610507e-02 6.5300296843e-02 -1.2623021768e-02 -1.9478735213e-01 1.3564977332e-01 -8.0741612931e-02 5.2639179290e-02 1.8062981442e-01 -1.1855927370e-01 1.2856607321e-02 2.2449034206e-03 -9.1280154612e-02 2.0703261410e-01 -1.2840970712e-02 -3.9059785248e-03 6.0778201304e-02 -1.0338072305e-03
1.5556883472e-01 6.5685637587e-03 1.1142347723e-01 8.1942383105e-02 -2.4102031197e-01 2.0811497696e-01 -1.8192374095e-01 1.3236465121e-01 3.0172410356e-02 -1.2658424426e-01 -3.0508331394e-02 -1.3138933044e-02 -2.2166038088e-01 1.6861228958e-01 8.6919167409e-02 -1.5417705504e-02 -2.3657411056e-02 6.4019854689e-02
4.5287389791e-03 -7.9197987258e-02 6.4932419739e-02 -5.0605990561e-02 -9.8613166481e-02 6.3664118585e-03 3.8651359737e-02 -3.0490130115e-02 9.1456347018e-02 -2.3459066791e-02 -1.6040726231e-02 -5.0207805515e-02 5.1049823435e-02 -5.4734947780e-02 1.9275772658e-02 -1.0426418116e-01 5.4218890791e-02 -4.0383273110e-02
1.8446092888e-01 -8.8415229102e-02 1.2150962172e-01 -2.0979635013e-02 9.1691882143e-02 -2.5982897263e-02 -1.6079895660e-02 9.6191273382e-03 1.6102148765e-01 2.7518039972e-02 9.1472813645e-02 -1.1913507575e-01 -1.8151756971e-02 8.0634201016e-02 6.4042887857e-02 1.6134759610e-02 7.1572355677e-02 -2.0378981218e-02
-1.8104415401e-01 -9.6231797331e-02 1.9676419082e-02 -3.6601466668e-02 1.3415287244e-01 -1.0935987325e-01 1.6203339245e-01 -1.1725420608e-01 -2.3093775755e-01 1.8120102531e-01 1.2530837209e-01 5.4563520108e-02 1.4134660690e-01 -2.3943891253e-01 2.6284478062e-01 4.3831064518e-02 -1.3004070702e-02 1.6194904014e-01
1.2887008412e-02 -3.0975130987e-02 2.5461287138e-02 -7.2776174238e-02 1.0929858626e-01 2.3698743455e-02 6.0820151378e-02 -2.6230599199e-02 8.3014472150e-02 -1.9533825543e-02 -6.9766870651e-02 -3.8219675455e-03 6.0452124785e-03 4.6497184734e-02 1.7888858990e-02 7.8851365398e-02 -8.2508819313e-02 4.8268644473e-02
4.9235437391e-01 2.9199854142e-01 5.0908424961e-01 -8.4687489626e-02 -5.1780572895e-02 5.6467010554e-01 1.2462356659e-01 6.8478502240e-01 6.2711060124e-01 -5.4363004636e-01 -1.5612066184e-02 2.5314279611e-02 -5.5105945027e-01 4.8763107510e-01 -3.8590964508e-01 -2.8161073022e-02 4.1262907473e-01 2.8391079105e-01
-2.3634941933e-02 -4.2134317566e-03 3.3303671876e-03 -1.0847390594e-02 1.8670208515e-01 -1.0344591552e-01 3.8793107450e-02 3.0417137400e-02 -4.8388683236e-02 1.0316256347e-01 -4.2235706048e-02 -5.8252964780e-04 2.2495603222e-01 -7.0778124695e-02 2.0231755088e-01 -3.2020349836e-02 2.9928550014e-02 -9.7447030659e-02
2.4393807577e-01 1.0370833970e-01 2.8114767115e-02 2.7737721864e-02 -1.7606692836e-01 2.8434511012e-01 1.2271587668e-02 6.4850408314e-02 2.3165157392e-01 -1.8335615534e-01 -5.2135436501e-02 1.5234968782e-02 -2.5806591767e-01 1.9235054226e-01 -3.6091559378e-02 3.1022656598e-02 7.2778348766e-02 -1.3409309264e-02
1.5860700033e-02 -4.7560724107e-02 -4.5839462715e-02 -3.5204321855e-02 5.3318296639e-02 -1.1394522143e-02 7.0610794507e-02 -5.8573777736e-02 4.0553822906e-02 3.9025704750e-02 -6.9422066511e-03 -2.6212576010e-03 2.0621363628e-01 8.6405530323e-02 1.2125877976e-01 -1.1308492498e-01 5.2486846214e-02 6.4364117901e-02
2.5773040681e-01 8.8326587139e-02 1.6554215380e-01 -3.1094779871e-02 -4.6830603562e-02 1.7518759326e-01 1.0839078856e-01 1.8723157340e-01 1.9093003640e-01 -2.4493932824e-01 2.3326176511e-02 -7.2834613696e-02 -1.4075339503e-01 1.1564649110e-01 -8.1581475392e-02 -3.0830117626e-02 -1.4478724292e-01 1.3237268732e+00
4.8835306683e-01 1.5326972105e-01 5.9147673047e-01 -5.3569799220e-02 -3.1241792953e-01 5.6147387492e-01 -3.2423404805e-01 3.9266353048e-01 5.8017657264e-01 -4.3148681321e-01 -9.8843399406e-02 6.5170283244e-02 -2.4234574767e-01 5.5825749141e-01 -3.3191214398e-01 1.3758358031e-01 2.2347220148e-02 5.0531848623e-01
4.2134302821e-01 2.1384790718e-01 3.6454762123e-01 1.7902119687e-02 -1.2037237636e-02 2.7290952811e-01 3.4604880099e-01 3.6183109246e-01 3.3500341440e-01 -3.3480545776e-01 2.7126477870e-03 2.6932109688e-02 -2.4512765080e-01 3.0936549595e-01 -1.3446383300e-01 -1.4763121126e-02 2.8148693140e-01 2.6165677780e-01
2.7597383085e-01 2.5723835701e-02 -1.4167900227e-01 -5.2748453403e-02 5.9949538199e-02 4.3508315484e-02 -1.0404661093e-03 8.5212153155e-02 -6.0308561355e-02 -1.1067887199e-01 -5.3308796057e-02 -6.7866330234e-03 -1.1911343768e-01 -4.3121389238e-02 8.5329841289e-04 2.6870345335e-02 -7.0834582165e-02 4.0243862351e-02
-3.5473402249e-02 -1.9687214370e-02 -8.6837736516e-02 8.0930919335e-02 -1.0683072139e-01 8.3019773426e-02 -1.9339597387e-02 8.7247750961e-02 2.1620008038e-02 2.0071112868e-02 -4.6883362053e-02 1.3530988755e-02 -1.9140271616e-02 2.6397839635e-02 -1.2992306582e-02 -2.9051501037e-02 -7.1858576373e-02 7.0343828183e-02
-1.2651350407e-01 1.8869405397e-01 6.0770685519e-02 -6.5725388562e-03 3.1758761728e-01 -1.7911824163e-01 4.0165078966e-01 -2.8606939373e-01 -2.4487223320e-03 1.4395176204e-01 5.2851875433e-02 8.1541866327e-03 4.8371903662e-01 -8.5332460816e-02 4.3949903507e-01 -6.5250994861e-02 8.5287950246e-02 -9.7360872988e-03
4.3786992314e-02 5.2122006455e-02 -6.0484179371e-03 -1.2683571886e-01 5.3678816245e-02 7.3826091205e-02 6.6446087613e-03 5.7375484934e-02 -1.8794278438e-02 -4.8193142869e-02 -3.9376647622e-02 -1.7969223002e-02 3.8689725159e-03 2.1783306800e-02 3.9675372190e-02 -4.9000212163e-02 4.8492476248e-02 4.4311181654e-03
