5.5081190639e-02 1.8996904802e-02 -1.2600823608e-02 2.0863506899e-02 -6.7282111190e-02 -5.3521631462e-02 8.7302600717e-02 9.1287422936e-02 -4.9879049837e-02 -9.7468220798e-02 4.6054765317e-02 -3.5609458393e-02 1.2945150969e-01 2.4029450691e-02 1.3697157784e-01 -2.4136508445e-03 -3.1150186953e-02 -8.3603601841e-02 7.2657885834e-02
3.0153560091e-01 1.2563384946e-02 -2.5592823687e-01 3.3018112022e-01 -8.3798713726e-02 -5.0132598629e-05 1.3938876210e-01 3.8567167897e-01 7.3346671674e-02 1.1167002213e-01 -3.2274854983e-02 3.5440056517e-01 2.1046488149e-01 2.0651076642e-01 3.2745734556e-01 2.8357545899e-01 -1.5448596770e-01 1.1657459595e-01 2.8544196924e-01
2.8599319569e-02 1.8542895478e-02 -3.9119751964e-02 -1.2969311244e-01 5.7691943360e-03 -2.6499403174e-02 -4.4317007312e-02 2.2625338439e-02 2.3785165539e-02 1.3402843438e-01 -7.3998646793e-03 -9.7729676417e-02 -2.2464750481e-02 1.0392735913e-01 -2.2140695340e-03 6.3772305013e-02 7.4943422591e-02 -5.8505476789e-02 -1.0596403583e-02
1.3490535395e-01 2.8490810460e-02 -2.0100366251e-02 -6.8237947807e-02 5.8410774846e-02 1.6691921641e-02 1.2791306880e-01 -2.3986622567e-02 3.9869143962e-02 -6.8202804213e-02 -4.2173972357e-02 1.0502951381e-01 -2.4576987893e-02 -6.1400512463e-02 3.6247100302e-02 3.3066626266e-02 -3.7525773435e-02 6.5733501166e-02 -4.0008307322e-02
-4.8181887649e-02 1.1565397640e-02 7.4534624178e-02 4.8174094611e-02 -6.7987927885e-02 -5.6842820872e-02 -1.2629556957e-02 -5.1697363228e-03 -7.3965079997e-02 1.6832961293e-02 1.1033924285e-01 -8.1466804441e-02 -1.5351556511e-01 -7.5207463937e-02 -1.2024899275e-01 4.6287882287e-02 1.0969927901e-01 -4.8987352269e-02 -3.7998998389e-02
1.8566493213e-01 -1.8294671683e-02 7.8787653867e-03 1.4445680546e-01 2.9235965768e-02 -9.4955849485e-04 1.3599786123e-01 1.5141195484e-01 5.7618222486e-02 -3.2503264390e-02 1.7906821445e-02 1.1157372271e-01 2.7835088506e-02 1.3256454677e-01 4.5341163747e-02 9.6003802146e-02 -3.6292908694e-02 -4.2892220419e-02 1.4557727947e-01
4.7062219832e-02 1.1159885417e-02 1.1663478861e-01 -3.5871901876e-02 -8.2490400946e-02 -4.8860086150e-02 9.2197225158e-02 7.9874282358e-02 7.9062576387e-02 -2.6511968265e-03 -3.6979712040e-02 1.4976229876e-01 5.5502789718e-02 1.4751736960e-02 -3.0804584113e-02 9.9793664017e-02 -2.7082722907e-02 -2.6595353672e-02 -1.2766431373e-02
-8.2891552861e-03 1.1572010248e-02 6.2680680129e-02 3.5061841304e-02 6.1939899087e-02 -2.1777629635e-02 -3.6504552220e-02 -8.5943554477e-02 -1.6628213384e-03 3.3022047261e-03 -8.1221653367e-02 2.2217410181e-02 -2.5233097516e-02 7.2878385901e-02 -1.7300083057e-02 6.5415435735e-02 -2.3644500994e-02 5.4025896328e-02 5.2786263277e-02
9.3181931791e-02 -7.8349159312e-02 -1.4397674719e-03 1.4497848786e-01 -1.8107109501e-01 -1.9722434535e-02 5.6250905039e-02 7.8007514628e-02 -7.4309129951e-02 1.0656903038e-02 -1.1673083549e-02 1.2584553821e-01 1.2594698554e-01 6.0812652484e-02 6.5152277261e-02 1.9744331220e-01 2.5034647618e-02 1.8551322150e-05 -2.0549560958e-02
6.5388329728e-02 -6.8336822158e-02 -3.9678501390e-02 1.5827633502e-01 -1.1287090636e-02 5.6696394012e-02 -4.6981698943e-03 6.5030287894e-02 8.0715902275e-02 1.4466969368e-02 2.1103957667e-02 1.2531061693e-01 5.8767927542e-02 1.9403086506e-01 7.3289591520e-02 1.3373305315e-01 -1.0770708635e-01 -2.0482735041e-02 2.1978819761e-01
6.7620538373e-02 1.8094181836e-03 -8.1126464815e-02 -6.0844528988e-02 1.8261836494e-03 2.9280907221e-02 2.2246412560e-02 -1.4963190899e-01 2.8748933119e-02 6.5745454571e-03 -2.4478703282e-02 1.0315566020e-02 1.3986231185e-01 -1.0840567326e-01 -5.2360023573e-02 3.3560687049e-02 1.8017332514e-02 -4.5436596624e-03 -2.8993939622e-02
5.1795392586e-02 -1.0580465470e-02 2.8624230495e-02 3.0199236696e-02 4.3190916708e-02 -5.3181112922e-02 -2.6027801423e-02 -1.8791420892e-02 -4.5441483206e-02 -8.1233837183e-02 -7.9811338406e-02 1.9228923612e-02 3.9436471139e-02 7.4217177769e-03 -7.6653310447e-02 4.6801859152e-02 1.0304380556e-02 -5.1724824892e-03 -9.3277213335e-02
-1.0663199170e-01 -5.4835260688e-02 -2.4256541979e-02 -2.2147518139e-02 5.4681696292e-02 9.7556471923e-03 2.6351497668e-02 1.0928833704e-01 1.9116874709e-02 1.0005445738e-01 -2.5268946583e-02 5.6228941853e-03 -3.8470488577e-02 -8.9468270369e-02 9.1862967848e-02 1.8375030632e-02 7.1901263135e-02 -2.6421730737e-02 1.2098717801e-01
-1.2727537053e-01 5.1406280982e-02 5.5493752343e-02 -5.6539651142e-02 3.9718524311e-02 9.8449700075e-02 9.5454988021e-02 -9.2635884295e-02 3.7029348925e-02 -1.5214857957e-01 -4.6587860684e-02 -2.0780180707e-01 -1.3224395677e-01 2.3511087645e-02 -2.3696041029e-01 -1.0819842162e-01 3.6562249204e-03 -8.5745488474e-03 -1.1104808901e-01
5.0749942201e-02 4.3638679833e-02 -2.0879639020e-01 1.7668477650e-01 -1.5752701932e-02 -2.2201162429e-02 2.0954549978e-01 6.2703191100e-02 -2.3509792494e-02 3.1607975666e-02 -7.2807992754e-03 2.1254734092e-01 1.0782130570e-01 1.2970630755e-01 9.3481024197e-02 1.2361894570e-01 -2.2942473937e-01 1.9352767377e-02 2.1906510346e-01
4.3309147959e-03 1.0377366078e-01 1.2217925001e-02 2.2874075206e-01 -1.2245474379e-01 -4.1385822711e-03 1.1792687075e-01 8.1213862752e-02 -1.8218592430e-02 7.1462090678e-02 -5.9603738104e-02 9.6707008295e-02 1.0311334676e-01 1.6737266588e-01 6.4296837374e-02 9.6525242752e-02 -1.8413003615e-02 7.2200614779e-02 1.9544938504e-01
-1.8298976215e-01 1.5723661454e-02 4.0976550186e-02 -3.4274781908e-02 -8.0358551585e-02 1.4379953003e-01 -4.5367198972e-02 -8.7738214153e-02 -5.9271960955e-02 -3.5255009022e-02 -7.1831635965e-02 -3.4427504645e-02 -9.5288740668e-02 -1.1488852579e-01 -1.6558044374e-01 -1.3828729725e-01 8.0737450737e-02 3.1384958503e-02 1.7998016075e-02
1.3910498074e-01 3.2461345411e-02 -9.2720821325e-02 2.0213224596e-01 1.6937782242e-02 2.8912555451e-02 1.2434636390e-01 1.0915979567e-01 5.2777270884e-02 5.2614455410e-02 3.0696339790e-02 1.4637584872e-01 2.0004501731e-01 1.7065764266e-01 1.5862281379e-01 8.7399024329e-02 2.6805286656e-02 -5.5997863772e-03 1.0650340000e-01
9.6705196012e-02 2.9186299632e-03 -9.3907016191e-03 5.8048116367e-02 4.7159297433e-02 -5.7874795452e-02 -9.7690968568e-03 1.6927378722e-01 -7.4316385775e-02 4.5636500073e-03 -6.0324128481e-03 8.0713133789e-02 -1.0890669898e-02 1.5980053693e-02 8.5375613032e-02 6.4488095733e-02 5.9735716873e-02 7.8910770345e-03 9.9036750936e-02
