8.7005258350e-02 1.7373622720e-02 4.1655221716e-02 -3.5169395762e-01 -2.1510605783e-02 6.8706408376e-02 -4.8580241442e-02 -2.2591364286e-01 -6.4697502822e-02 -2.6315410581e-01 4.3735325544e-01 3.6703043161e-01 3.4158174868e-01 -1.5275340104e-01 3.8755595058e-01 1.0214805467e-02 -2.0811695569e-02 -2.3805881923e-01
-1.2036303319e-01 -7.1455482336e-02 -1.6980693210e-02 -2.6307497939e-02 1.5765315543e-03 -3.3831010963e-02 5.3506240931e-02 5.1765673418e-02 8.5698951583e-03 3.9224901973e-02 5.5128213053e-02 -8.2080968606e-02 7.8184033385e-02 -6.0671487682e-03 -2.8283582469e-03 4.4250176821e-03 4.8814787802e-03 -4.1986924406e-02
5.3778434864e-02 6.9626378984e-02 -1.1997480875e-01 -7.6407677347e-02 2.9244099795e-02 -7.3842459741e-02 2.9823494146e-02 7.2250615854e-02 -7.8860322529e-02 6.7182606446e-02 -1.2054538399e-01 3.8085649381e-02 -9.6164210979e-02 -3.5803067284e-02 3.6035889697e-02 -3.3725699165e-02 5.2801381573e-02 6.4940130144e-02
1.3956828056e-02 -2.4837177722e-02 -2.5734838426e-03 -2.8395439546e-01 -3.0102990557e-02 -4.5529108373e-02 8.0641174669e-02 -3.5244467279e-01 -1.1421934005e-01 -4.0205748144e-01 6.6931785786e-01 2.5246646537e-01 3.5221075520e-01 -2.6064468459e-01 4.1810575463e-01 1.1473105070e-01 -5.3748983097e-02 -4.4645489198e-01
6.6580383373e-02 -4.9552448138e-02 -8.7247462228e-02 -5.4107493836e-02 -4.5611038943e-02 -4.0275819256e-03 5.5950957680e-02 -2.7164530584e-02 1.5806392497e-02 -9.7709314503e-02 -5.2692939899e-02 -6.5676328709e-02 -5.9534155441e-02 -1.1038815543e-02 9.6452807689e-02 -4.7206701774e-02 2.9977998596e-02 3.1128799103e-02
3.1392220019e-02 -7.2781293379e-02 -4.1776303235e-02 8.5061254470e-02 -4.7349935277e-02 -2.2820068081e-02 -9.3212360945e-03 4.9252274511e-02 -1.0661388359e-01 9.8384427800e-02 1.9640461391e-02 8.4296338064e-04 -1.5049340177e-01 8.6432301891e-02 -1.3169148707e-01 9.9367890736e-02 7.4989080475e-02 1.1989038206e-01
-5.9723022089e-02 -1.9247015948e-01 -9.8575617610e-02 -5.8550809688e-02 -1.2651074255e-02 2.7447796654e-02 -1.5581962460e-02 -7.1255819988e-03 1.3095802321e-02 -3.9794472412e-02 1.4959128888e-01 8.8545381215e-02 6.8909596949e-02 -8.0831300627e-02 3.0649435988e-02 -6.7747038005e-03 -7.9426132471e-03 -3.3695603523e-02
-6.7212604354e-02 -3.0650244369e-02 -1.4527541243e-02 5.1715231286e-03 -6.3813343884e-02 -3.0624328114e-02 -7.5723988322e-02 1.0564363434e-01 2.8777446435e-03 4.6805314150e-02 9.2697726349e-02 -7.0112483446e-02 -6.3475413988e-02 4.1742936715e-02 -8.9557561290e-02 3.6255193330e-02 3.9021656769e-02 8.6260861705e-02
6.4442280105e-02 1.2758013557e-01 -3.3448749928e-02 -1.8151852512e-02 -6.8638702067e-02 1.2318594818e-01 8.8560095555e-02 -7.7141007638e-02 1.1879056707e-01 6.9821639283e-02 -1.5687587733e-02 -2.8256468058e-02 2.9315838776e-03 2.9555748710e-02 3.8078667467e-02 -1.4431952179e-01 -1.0679716821e-02 2.1651173587e-02
1.5645936231e-01 -1.9434172484e-02 -3.2667693104e-02 -1.2831984615e-01 -1.3063246915e-02 -1.4622411236e-01 4.7100283623e-02 3.0606636946e-02 9.6664941225e-02 1.1963004987e-01 4.0143241380e-02 -5.0557333351e-02 1.9199422077e-02 -7.7631461997e-02 2.3122805488e-03 -1.1511559056e-01 -7.9677607069e-02 -9.9510548830e-02
1.6382762881e-02 -3.8045256218e-02 2.3418250952e-02 2.7838645280e-03 -3.6323210904e-02 -7.8588541820e-02 1.3588878499e-02 1.3324902882e-02 4.3735089204e-02 3.6907881710e-03 -2.7440525880e-02 3.0154696297e-02 -1.5125678692e-02 -1.1500368190e-02 4.3672950247e-02 -5.2693141822e-02 -5.6265679898e-02 -2.2718035572e-02
-1.7454999975e-02 3.6409727907e-02 7.2382925044e-02 -2.1256206483e-01 -1.3298489067e-02 -7.0560945640e-02 -2.2684214557e-02 -1.6761204592e-01 5.2538485389e-02 -2.1584371022e-01 2.8528611240e-01 2.5401574789e-01 1.3325617433e-01 -2.2933947333e-01 2.7881623439e-01 -2.6488434319e-02 -1.7774048019e-02 -1.0581191219e-01
-9.5892232502e-02 -5.4684948772e-02 -4.9459508846e-02 1.1470450202e-01 2.0185749372e-02 -4.6413019491e-02 3.4130451523e-02 9.7761171034e-02 -1.2992373306e-01 9.7857826483e-02 6.9701404439e-02 1.0970558694e-01 -4.4148707463e-02 5.7894007654e-02 -3.8840112502e-02 3.1965034929e-02 6.0533224855e-02 3.2195002530e-02
6.9139491489e-02 6.0585887915e-02 3.2705393427e-02 -1.2376949425e-01 -6.0652052865e-02 1.2519146752e-01 3.4501170929e-02 -1.4950067504e-02 -4.8665559501e-03 2.7842794210e-02 1.1712566681e-03 4.5644549169e-03 5.4509578137e-02 8.9705860206e-02 2.2205487640e-02 3.2730448981e-02 -4.2119415938e-02 -5.9746848462e-02
1.4779564218e-02 -3.4953957435e-02 1.3297157408e-01 -6.4225760555e-02 1.5826789531e-02 2.0582026040e-02 1.6469372689e-01 -1.0466663808e-01 -2.8170540799e-02 9.8167895399e-04 -5.3837942486e-02 9.5910130199e-03 9.3930821331e-02 -1.1411451371e-01 -3.1425075067e-02 -4.6766925728e-02 -5.8494691952e-02 5.5840440028e-02
-9.3029147831e-02 1.1181097522e-02 1.5701671189e-02 2.2060413470e-02 -6.1639719797e-02 -7.8147869487e-02 9.8372812936e-02 1.9718664348e-01 2.2023712338e-02 1.4835638528e-01 5.8775941240e-02 -2.8862444419e-02 -8.7289779235e-02 2.4545194916e-01 -3.8667219789e-02 -2.6781746573e-02 -1.0681149106e-01 5.3945216413e-02
8.8371140064e-02 1.3134190496e-01 -2.1033709839e-02 1.3789263328e-01 4.2855641290e-02 -8.5898084414e-02 -5.4598689655e-03 1.2945023318e-01 5.3708071920e-02 7.7138330775e-02 -7.5569006195e-02 -1.8687414450e-02 -5.0253674184e-02 2.0461612268e-01 -8.3966177109e-02 -1.1083045395e-02 1.1637659620e-03 1.2444607817e-01
9.5320014829e-03 -3.4099252251e-02 4.2429529512e-03 -7.8180919775e-02 -5.0368149702e-03 4.8563223529e-02 9.6845852634e-02 2.2272559858e-01 8.6627575966e-02 3.1407985896e-02 1.4207622752e-02 -2.1633172649e-02 -7.6284804926e-02 -2.3595572047e-02 5.6397240873e-02 -4.4213307480e-02 -3.1658131392e-02 8.6714456107e-03
