4.2141143901e-02 -1.0253553655e-01 -3.3455832191e-02 -1.0542434418e-01 6.7104315975e-02 -1.6531924367e-01 1.5133350489e-01 -2.9638520141e-02 -2.0710939770e-01 -1.4584451929e-02 -1.8131689746e-01 -3.3521148110e-01 -9.8202053617e-02 9.5918250211e-02 -1.9039636150e-01 4.2293699480e-02 -1.3300129674e-01 4.7078168830e-02 8.0628327942e-02
1.8534878773e-01 8.2680244576e-02 1.0466381754e-01 -1.9842822286e-02 -1.5796999557e-01 2.0226421978e-01 3.4778401428e-02 3.1062658526e-02 -1.6088286162e-01 5.1578601552e-01 7.6481540318e-02 3.5093885079e-02 2.2914465902e-02 3.9679004632e-01 -3.3516826283e-01 2.4256730993e-01 -4.4661070824e-02 1.5334964435e-01 -2.0941691212e-01
5.0277646357e-02 7.8642780597e-02 6.8813259471e-02 -2.2988180074e-01 -1.4606619296e-01 -1.8526475690e-01 2.3259562227e-01 -1.7251155959e-02 8.1600216180e-03 -1.6866891012e-01 1.5443956731e-01 1.4997731616e-01 -1.1237316425e-01 -2.0090337316e-01 -1.1048923207e-01 -1.6169408573e-01 -1.8660906994e-02 -2.7196144252e-01 -1.3410744693e-02
-2.7341839138e-01 1.3181028142e-01 9.3925070514e-02 2.1969984543e-01 4.3621822112e-02 2.2337078594e-02 -1.9472625688e-01 -9.5130744179e-02 2.2128260138e-02 1.0116759912e-02 1.9394225002e-03 -5.4494856923e-02 -1.7550028094e-01 -6.3768825189e-02 -9.9097417643e-02 1.6695528925e-01 -8.7501132013e-02 1.8810796492e-01 -2.2528831000e-01
2.9572451484e-01 3.0619629168e-01 -1.5198888547e-01 1.3733119725e-01 -4.1462375454e-02 3.9472268186e-01 1.9618381173e-01 6.2789822597e-03 -1.4957672395e-01 8.5337631259e-02 2.7362134535e-01 -9.2543418210e-02 -8.6069616338e-02 1.9226510530e-01 2.4693606166e-02 -1.4706618006e-01 -6.0674892083e-02 -7.3679873181e-02 2.5144591830e-01
-1.2068021183e-01 -2.5131434992e-01 -1.2337347677e-02 -1.2388251628e-01 3.4878688511e-02 3.1964736778e-01 2.7906274013e-01 5.0800029293e-02 -2.0060899353e-01 4.2892898961e-01 -2.5812530031e-01 -2.7068681482e-02 1.4936199171e-02 3.0274239283e-01 -2.1037927791e-01 2.2595565441e-01 -9.4882178302e-03 1.8018219908e-02 -6.4507287743e-03
-1.2758144882e-01 1.7992031664e-01 -1.8803683766e-01 -5.9062338880e-02 -1.7103173375e-01 -1.4709946315e-01 2.1054364774e-01 1.0182924202e-01 2.5194136569e-01 -3.1990203364e-01 1.2324619724e-01 -1.2360220083e-01 9.3072140371e-02 -1.4406143966e-01 -1.2334937268e-01 -4.5162620053e-02 -4.2886161297e-02 1.9550592013e-02 1.5646850442e-01
8.5758765549e-03 1.2689811050e-02 4.5841089875e-02 1.2507169016e-02 5.7610598121e-02 -1.4104566268e-01 2.2031199739e-02 7.2115347595e-02 -1.5743021369e-01 -2.9896458357e-01 -1.4139104526e-01 -1.5392900977e-01 5.2426138088e-02 -2.5875766969e-01 3.7336348845e-01 2.2175455583e-01 -4.8933920151e-02 -2.1976380355e-02 -1.7740232350e-01
-2.4412774890e-01 1.1102563329e-01 8.9309416556e-02 4.7221197131e-02 6.4089678132e-02 6.4914623496e-02 2.5651603030e-01 7.7755554576e-03 1.3372095644e-01 1.9564216929e-01 -1.4993492690e-01 1.6147888144e-01 4.8122484943e-02 4.5665575229e-02 1.7604369161e-01 -1.9176434287e-01 9.7951282388e-02 -1.0607883027e-02 -1.2516163570e-01
-7.8653913939e-02 1.8650942493e-02 -5.6808206987e-02 -1.6663136348e-01 -4.4528878271e-02 3.6848134218e-02 -9.3872472285e-02 4.8219437629e-02 2.2073191512e-01 -1.2153039980e-01 4.1198852695e-02 1.5552477649e-01 -1.1134122436e-01 -6.8378618651e-02 -1.0246091346e-01 5.1442876670e-02 -5.6731255491e-02 -1.2686126643e-02 7.4245316501e-02
