-6.0100388597e-02 7.8118185562e-02 3.4453466005e-02 1.9997892968e-01 4.0330856225e-04 -4.4766697962e-02 6.2823404198e-02 1.7300945475e-02 1.1722327348e-01 2.1203401535e-02 8.3308257979e-02 5.7034144326e-02 5.9045284093e-02 -3.8816990831e-02 -5.2325869635e-02 -1.4160244108e-02 -6.0849175501e-03 4.7309049067e-02
2.0557496093e-02 7.3206187025e-02 1.8581853478e-01 5.2557055808e-02 7.0983576530e-02 1.6321638232e-02 -5.4253979654e-02 -1.5050190170e-02 -1.4301876281e-02 3.9596905511e-02 2.6846635184e-02 -1.3700947496e-02 -1.0568103684e-03 -8.2217949225e-02 8.2692985257e-03 8.5439717065e-02 1.1312294618e-03 1.2188570043e-01
-3.1229262679e-01 2.8401184356e-01 2.5820989870e-01 2.5793855708e-01 -4.0459962618e-01 -1.4368949996e-01 3.1246338713e-01 1.0080676953e-02 3.2616826524e-01 1.5502719552e-01 2.1839889926e-01 3.7464794731e-01 2.5648072252e-01 -9.4274455627e-02 -7.3359176271e-03 3.1810172927e-01 2.5607049131e-01 4.1409762580e-01
6.8556721764e-02 -4.2429274875e-02 -7.3430067467e-02 -1.1635435719e-01 1.9431618048e-01 -6.4297340643e-02 -1.1653342757e-01 -1.6766435761e-02 5.6838947694e-02 -1.4929235481e-01 -1.8980453135e-02 -2.5652714479e-01 -1.2190184405e-01 -2.5013458811e-02 1.1520410521e-01 -1.3470210747e-01 -1.8282836434e-01 -2.7984146355e-01
-4.5143369155e-02 -5.3497778188e-02 -1.1614742868e-01 -4.3154507256e-02 -6.5361560097e-03 -1.8670274430e-01 7.2036353544e-02 -2.3875682866e-02 -9.3477637963e-02 -1.2452301008e-03 -4.9016602264e-02 5.1004232148e-02 -1.0035652473e-01 -8.9628792545e-03 5.9827834535e-02 -1.4915325045e-01 3.7576752364e-02 -3.2361809315e-02
-3.7900154584e-01 5.6459993737e-01 5.1977143178e-01 3.6297020847e-01 -3.9569161799e-01 -5.3298831169e-02 4.4681619570e-01 1.5214335653e-02 5.2810058827e-01 3.9748318121e-01 3.9061781297e-01 4.2109677087e-01 4.1545776828e-01 -3.7636482636e-02 8.5574782875e-03 4.3913497849e-01 4.4702382793e-01 3.5790418819e-01
-7.1145924896e-02 1.5630101558e-01 1.8296878770e-01 1.2423448383e-01 -1.2983382641e-01 4.0711667818e-04 1.5379468212e-01 -5.9596846258e-02 1.8557336111e-01 1.1788634871e-01 1.9112242764e-02 1.0259997707e-01 1.4146436277e-01 2.5229283198e-02 4.6349661451e-02 1.2788083531e-01 1.1688473799e-01 4.1594114433e-02
5.1381208374e-02 5.3348601995e-02 -4.6898183539e-02 -2.9745346340e-03 -4.6987309344e-02 4.5518320829e-02 -9.0653859326e-02 -2.9181168413e-02 2.5434180678e-02 1.2762090023e-01 -4.6686349262e-02 -4.6675297344e-02 3.7455086169e-03 1.0437864306e-02 -3.3764839548e-02 -3.4593161151e-02 7.9440342562e-02 -1.9674699993e-02
-1.6001757085e-01 8.6982994530e-02 -3.6386093599e-02 -3.9543799080e-02 -3.6891616135e-02 -8.3038411508e-02 1.5707904631e-01 -8.0301295982e-02 7.5830398699e-02 1.2413310304e-01 1.3040812434e-01 6.1301250031e-02 1.0540463526e-01 -6.3515016864e-02 3.8757001844e-02 5.7287441128e-03 2.5822040297e-02 -6.9967064456e-02
-5.4856844176e-02 1.8015232074e-02 3.6658083519e-02 9.0216406037e-02 7.8608502343e-02 1.2244188899e-02 3.2192244091e-02 -5.2813814805e-02 1.2283950346e-01 -1.2301122861e-03 6.1097066572e-02 6.9089926858e-02 1.0381564830e-01 -2.2440440126e-02 -1.6287748247e-01 5.9345018356e-02 -8.9093837807e-02 -1.2540127207e-02
-2.1588475938e-02 -5.9814382984e-02 -1.5782405703e-01 5.1497024732e-02 -9.7418882038e-02 -5.5813010509e-02 3.1482456198e-02 3.4506560642e-02 -2.9802641688e-02 -1.0369494082e-02 -1.4841393703e-02 -1.3017556549e-01 1.4309158745e-02 -1.9485789885e-01 -3.0951864665e-02 2.0165415865e-01 7.4749136604e-02 7.0491421531e-02
-4.2588379911e-01 2.7374008115e-01 3.9316523478e-01 3.5555180674e-01 -3.2061314400e-01 -2.5599669993e-02 3.2584801307e-01 8.2832875565e-03 4.4017898420e-01 3.3563350194e-01 4.1167402009e-01 3.8582613532e-01 4.1490882845e-01 -2.7956102017e-02 3.1496586179e-02 3.6946080595e-01 3.0431846430e-01 4.6134406015e-01
1.1743927981e-02 -4.8139779728e-02 -4.3844204674e-02 -3.8166191981e-02 3.8306945425e-02 -1.7209999813e-02 6.4778954258e-02 -4.4391569980e-02 4.5244871145e-02 -3.0676277510e-03 7.3838019238e-02 1.6221695128e-02 1.8878504648e-02 3.4836652343e-02 3.8172546512e-02 -1.7246568196e-02 -4.3771525136e-02 2.2248471729e-02
-1.5603220850e-01 2.2140372448e-01 1.6883013539e-01 2.7358788174e-01 -8.7811642856e-02 -4.9875481417e-02 2.7092150364e-01 1.0384026377e-02 2.0302661732e-01 1.9252130468e-01 1.4752197433e-01 2.4728228434e-01 8.7164268333e-02 -2.8814881119e-02 3.1732913332e-02 1.4674927955e-01 1.9899836075e-01 7.3201386631e-02
2.7491855607e-04 -2.0910197144e-02 1.3763106993e-03 -9.0656197732e-02 6.4538398055e-02 3.5323326713e-02 5.6131189216e-02 7.9333782769e-02 1.1983930630e-01 6.6599604465e-02 -3.1732352340e-02 1.3143425706e-01 -1.6216197850e-02 3.4345296458e-02 1.5421368261e-02 -7.1964719162e-02 1.2953358684e-01 -6.0611579536e-02
-7.4922739174e-02 6.4708581056e-02 -5.9730306414e-02 -1.6794029755e-02 5.6720930982e-02 5.3825424012e-02 -6.6225240183e-02 9.9914779564e-02 -1.3682409954e-01 5.0166430512e-03 7.7384065913e-02 -9.2874771146e-02 -1.5280979951e-02 -9.9097635964e-02 5.3621779012e-02 4.1589873745e-02 5.5700481704e-02 2.7268794947e-02
-6.7384870538e-02 1.0125612459e-01 -1.2168885672e-01 7.0001438158e-03 -2.9922709066e-02 -7.6991247770e-02 1.4821311919e-02 3.9630232068e-02 -3.3884867169e-02 4.6637441448e-02 -6.8283861717e-03 -6.7175590660e-02 -1.9114746824e-01 -3.3134485248e-03 2.3984155855e-03 9.6273687743e-02 -4.7255998883e-02 1.0579873644e-01
1.7683877771e-02 1.3081115191e-01 1.2426165834e-01 9.8795460959e-02 -4.9759705273e-02 -1.3016844083e-01 1.4666504979e-01 2.4003486813e-02 6.7074500923e-02 1.8660215857e-01 8.5519290730e-03 1.0615313377e-01 6.9446297101e-02 6.3317155568e-02 2.5197621509e-02 1.0017111363e-01 2.2118819169e-02 1.2854683714e-01
