-3.3953645559e-02 2.2961321643e-02 -6.8163921246e-02 -4.3451750418e-03 -1.4387052691e-02 -6.0444758966e-02 -1.2039511333e-02 1.2768707910e-02 8.2085347443e-02 -1.1842718410e-01 -1.1132896953e-01 -1.3793829535e-02 -9.3988988298e-02 5.1362963151e-02 5.9052188642e-02 -9.1760108370e-02 1.4009441868e-01 -6.2420209014e-02 4.1332426326e-03
-6.2072443065e-02 9.6862792602e-02 2.6551159654e-02 1.3948355354e-01 -1.4325571513e-01 1.0618551794e-01 -9.7969566779e-02 -6.5144769842e-02 -9.6483053030e-02 6.6203275952e-02 1.9848718989e-01 2.2028428219e-02 -8.9161702919e-03 -3.0159393039e-02 -1.2752169191e-01 -6.1263075153e-02 -7.9262006130e-02 -2.9175189480e-02 1.4491189007e-01
-1.7661466389e-02 -4.4055491109e-02 3.5740995836e-02 -5.6063412154e-02 1.4512043966e-01 -4.0722125102e-02 -1.9221702467e-02 1.5558471737e-01 4.5967837985e-02 1.9860634190e-02 1.6844239428e-02 7.7059915795e-02 -3.7961543944e-02 -8.2773496724e-02 1.1942905624e-01 7.3345840970e-02 1.3256296605e-01 6.0339772201e-02 5.2693079678e-02
-1.0339728806e-02 9.2061421472e-02 -1.6587085463e-02 6.2202389697e-03 6.2325248233e-02 -4.4615082677e-02 -3.8182440516e-02 -1.0627445382e-01 -1.3125535338e-01 3.0290372666e-02 -5.5412263088e-02 -5.4997625566e-02 -4.4484758437e-02 5.0535744695e-02 3.3279780870e-02 -2.9077998160e-03 4.0999941540e-02 -4.5624735738e-02 -9.3303271043e-02
-1.2333449403e-01 8.9564436297e-03 -4.1176662448e-02 -2.3708813139e-02 1.6896694155e-01 -1.5008802210e-01 1.5318590307e-01 1.9763749605e-01 -4.8241288457e-03 -1.0490779426e-02 1.3758582592e-03 -7.5030993384e-02 -1.5888113211e-02 -5.0284177004e-02 4.3200480706e-02 1.0347566823e-01 7.4484488424e-02 -4.0361979055e-02 -3.8122439586e-02
7.6814554758e-02 1.3145847815e-01 -1.1969533681e-01 -1.2536419706e-02 1.0719332301e-01 9.0109514338e-02 2.7271787569e-02 -5.6171945532e-02 9.1777832398e-02 -7.7476125986e-02 2.3036168231e-02 2.6417521858e-02 1.2081369370e-01 -5.9852064542e-02 -6.0473328573e-02 1.1592072711e-02 7.1531286814e-02 1.1614182391e-01 -1.0622358680e-01
-9.5532338136e-03 3.9937346085e-02 -8.8436451990e-03 -4.2211060783e-02 3.2533680870e-02 -6.3328033386e-02 9.6012712753e-02 1.1767075744e-01 1.5254163769e-04 -1.2982856400e-01 8.2145727409e-03 -5.9539084641e-02 8.2152601074e-02 -4.2749827141e-02 1.7173558099e-01 3.2098420076e-02 5.8569600416e-02 -6.6985948140e-02 3.8751592205e-02
-1.0552291675e-02 -5.7924885882e-02 2.9369512568e-02 -1.2915306245e-02 1.1930212637e-01 -5.5892795129e-02 1.9447971015e-02 5.1712490792e-02 -2.2114492159e-02 3.5704001392e-02 1.4025893292e-01 3.7229639752e-02 6.0314327926e-02 -2.4252263617e-02 5.1040152665e-02 1.4719909511e-01 1.4157461707e-01 -3.3273428674e-02 -1.6028903913e-01
2.1969923136e-02 -1.0164913143e-01 1.1248842247e-01 -7.9017667675e-02 1.1690506843e-01 -1.3086518207e-02 1.3549128981e-01 9.9027332366e-02 -8.8053124372e-02 4.9358772623e-02 -1.1193041172e-01 -6.4037512817e-02 -3.4256040262e-02 -1.6894702433e-02 5.2144546338e-02 1.3791096230e-01 1.3788117078e-01 7.5017996593e-02 -5.6389898686e-02
-7.4151311886e-02 2.4306263352e-03 -5.8664739157e-02 7.8430470372e-03 -2.8128095337e-02 -3.1378599982e-03 6.1839101211e-02 3.8407389962e-02 -1.8017103936e-02 -1.7190258449e-02 1.9486846971e-02 -2.7447244405e-02 5.8163718604e-02 2.2125830058e-02 -4.9677639956e-02 -3.5500494291e-02 1.3520574904e-02 -1.5803390772e-02 2.1589804404e-02
7.7277885490e-02 -4.2112137341e-02 -3.1064813676e-02 -5.3417334844e-02 5.3800916264e-02 -9.5963222710e-02 4.6445556411e-02 4.2433866938e-02 -3.1007759654e-02 -4.6082539089e-02 -1.1121376417e-03 4.2391185248e-02 1.8210323434e-02 -5.7291714623e-02 4.5498875335e-03 1.5762556644e-01 1.1015678519e-02 -2.4733998461e-02 -2.5675836612e-02
-5.5740765657e-02 -2.3913269238e-02 -4.0435137797e-03 -4.1209418712e-02 2.4513004401e-02 6.8332303607e-02 -9.5649715556e-02 6.2519172314e-02 5.8489727740e-02 6.6073020017e-02 -1.2917877894e-01 -7.4971459775e-03 -7.9367561488e-02 6.2834278851e-02 -4.4358773840e-03 6.5671509601e-02 -1.3573564488e-03 -6.1343860825e-02 -5.2770209350e-02
-3.2502002642e-02 -9.4874600011e-02 -6.4983653196e-02 3.7211268585e-02 -6.0857587396e-02 4.5275537228e-02 1.1976298590e-02 -1.3637426853e-01 6.3566145105e-04 1.8780055056e-01 4.9471213338e-02 5.4274566684e-02 -1.1400231435e-02 -1.0585850082e-02 1.1387499605e-02 1.0130132987e-01 4.4935850541e-02 -8.9886339129e-03 -1.5070604960e-02
-6.5864282798e-02 -1.4500478361e-01 4.0376642479e-02 1.2959844547e-02 8.9685105697e-02 1.7864504596e-02 -3.6245593762e-03 1.2126905322e-01 3.9426203966e-02 6.7804175447e-02 -1.6630158408e-01 4.0087410742e-02 1.1728313730e-01 9.4839078139e-02 2.2990037273e-01 6.8775348427e-02 1.5207733187e-01 3.7753688462e-02 -8.5275284025e-02
1.0117915389e-02 1.1744027731e-01 -5.3568164226e-02 2.7223265259e-01 -1.0491141661e-01 6.2385750807e-02 -5.2401750918e-02 -5.5462511453e-02 -7.2295742154e-02 1.8054975841e-01 3.3360822453e-02 2.0378494175e-01 -5.2253000248e-03 -5.6224178799e-02 -1.9971684015e-02 -1.4702883398e-01 -2.2361912757e-02 -2.6148755466e-02 -1.1936775929e-01
-1.4994110465e-02 -1.0500530040e-01 9.1855296544e-02 -6.3419034932e-03 1.5446950448e-01 -8.0668942812e-02 1.5835293097e-01 1.3955184929e-01 1.9479082270e-02 1.2705370578e-01 2.3210944934e-02 -7.4040641594e-02 -3.7411449818e-02 1.0491795270e-02 9.4715941725e-02 1.5625192327e-01 1.8742883260e-01 -1.6393838110e-01 -2.5526850704e-02
2.1270567183e-02 4.8775892603e-02 9.9841574072e-02 -5.2497216716e-03 1.7813260132e-02 -8.3089350358e-02 -8.8601580788e-03 -7.6691273994e-02 6.0287197350e-02 4.6506340605e-02 -2.5067784377e-03 -4.2958232269e-02 -2.1990704726e-02 2.2704470325e-02 -1.7066919973e-02 -3.4153696131e-02 -8.6737132303e-02 -2.8019153642e-02 2.5929482016e-02
-6.3265730347e-02 1.3925943307e-01 -8.4379968093e-02 2.3014916414e-02 -1.5765261016e-02 1.5994773418e-01 -6.6115173326e-02 -1.2339463540e-01 4.2160249147e-02 4.2359114630e-02 1.5037433129e-01 1.6305830563e-01 -6.6839473980e-02 7.9743524912e-02 -1.1385570088e-02 -1.1306006473e-01 6.7131191334e-02 -1.1942802996e-01 3.7811431423e-02
-9.3368060277e-03 -1.8340828672e-01 6.4514826249e-02 -1.1023483164e-01 1.8361068694e-01 -1.2311621647e-01 7.7295717676e-02 1.7412109198e-01 1.8385683768e-02 -4.7459299883e-02 -1.0147668779e-01 -3.8786803827e-02 2.9407869479e-03 -3.5622003412e-02 8.6869789548e-02 1.6033258789e-01 1.1599496131e-01 -8.8580533788e-02 -7.8555786156e-03
