-4.8006340852e-02 -1.1049162030e-01 1.5524887764e-01 -7.2893972051e-02 2.5515158378e-01 -9.3824413349e-02 4.1712883648e-03 2.2492219864e-01 1.4834055056e-01 -5.1308260503e-03 8.8884447083e-02 -7.6581298293e-02 -1.3424375226e-01 5.3967494208e-02 -9.7420881224e-02 1.0240731433e-01 -8.1898346592e-02 -1.4659310940e-01 1.0544830584e-01
1.3050710532e-01 -6.7001980638e-02 1.5346142435e-01 7.1038032472e-02 1.1592964783e-01 8.2199234270e-03 1.8095658349e-02 1.9399610714e-01 1.0853710540e-01 3.5960763394e-02 -2.1772024179e-02 -8.4634512929e-02 -1.1265377715e-02 5.7482302704e-03 -1.4221331913e-02 1.2271099528e-01 -3.3522478530e-02 -1.0036348055e-02 1.3277060356e-01
-7.2741281146e-02 -5.0258891602e-02 5.5515384879e-02 -6.2028207089e-02 5.3778179270e-02 -1.3463962107e-03 4.6644455710e-02 1.2812152511e-01 1.5583886154e-01 -2.6876204609e-02 4.2202429990e-02 5.5707557373e-03 -1.2146382139e-01 -9.6507583091e-03 9.8724666038e-03 1.1601525802e-01 1.3880906563e-01 -2.7651945260e-02 4.8555742291e-02
1.2673250586e-01 7.0337696729e-02 1.2114106646e-01 -3.0408089940e-02 7.6732481552e-02 -6.8929966808e-02 1.8904089792e-02 8.3979671984e-02 -8.3202940398e-02 2.0509431935e-02 1.2239976333e-01 1.4728423561e-02 4.5842477405e-02 1.6869753643e-02 -2.4021019095e-02 -3.0831265422e-02 -4.0498623985e-02 1.0804679257e-01 -5.0624532421e-03
-3.7025432674e-02 1.3527393601e-01 -6.2807516268e-02 2.7210321427e-02 -1.9735506191e-01 4.0888691758e-02 -9.3258794181e-02 -7.7985900175e-02 -1.8963955849e-01 4.5796310805e-02 -2.2854019004e-01 -9.8980600166e-03 -2.8676377608e-02 -6.0278123938e-03 7.9031961942e-02 -1.2519182288e-01 -4.0083438952e-02 1.0916821039e-01 -1.0162891597e-01
-6.2514402051e-02 -3.3334948122e-03 4.1551593588e-02 -5.7342895352e-02 4.7539119174e-03 -1.5929547912e-02 -1.0477029402e-01 -3.5500888780e-02 -1.6548336435e-02 -1.7882984424e-02 -1.4877469007e-01 8.7334341264e-03 -1.2181153756e-01 -4.8820680847e-02 2.8134548853e-02 -5.1685410036e-02 -6.7578512030e-03 -3.6544957004e-02 7.1976683047e-02
-4.3755353472e-02 4.8757983883e-02 -9.9598791372e-02 4.5025380282e-02 5.0251095090e-02 1.1186609055e-01 -6.8319729643e-02 1.3038798994e-01 5.8562563439e-02 2.3423320393e-02 -1.1141092713e-02 3.9636198073e-02 -6.9728788852e-03 1.5084163973e-01 -4.2662300433e-02 -8.4882185161e-02 7.4151104570e-02 2.1587457854e-03 2.7790760074e-02
2.5609373492e-02 -2.4273890519e-02 -2.0639109930e-02 1.4187244620e-02 4.2105030951e-02 -1.9847782521e-02 7.1754096239e-02 1.0497106685e-01 4.1365393114e-02 1.8666576316e-02 -4.6748145415e-03 -4.1850777577e-02 7.9580490930e-02 1.2372558423e-02 -8.9906044102e-02 -8.0857665410e-03 5.1841786066e-02 7.5786601102e-02 -5.8845900623e-02
-1.5230258304e-01 1.8012365804e-01 -1.3461662997e-02 -2.2035857089e-02 -4.5043079275e-02 1.0229977309e-01 -1.0361355837e-01 -3.7332678266e-02 -7.1134940767e-02 -9.8004093402e-03 8.2644686586e-02 -3.7691431454e-02 -2.4208291693e-02 -7.2056532044e-03 6.6621950462e-02 -2.0772042421e-02 -3.1165561564e-02 6.1799539039e-02 -8.3394407941e-02
-1.8300710174e-02 2.0062200282e-01 -2.2100225021e-01 -5.3215191829e-02 -1.4207517210e-01 4.3050050299e-02 -1.5969493206e-01 -1.0758802904e-01 -2.2758305346e-01 1.2591679644e-02 -1.7276530324e-01 -2.4889002977e-02 1.8202123057e-01 -7.6180337910e-02 1.7393971090e-01 -2.1138182472e-01 6.3517201367e-03 2.3920336060e-01 -3.0729336868e-01
2.4828951568e-02 1.6646074589e-01 -4.8943478369e-02 7.4361910629e-02 -7.4688033786e-04 2.1806659908e-02 -1.4431834625e-01 -1.0729541865e-01 -1.9869162334e-01 -3.7027961961e-03 -1.9154375525e-01 -1.1835595734e-02 2.0017461460e-01 3.0454172251e-02 1.1250750587e-01 -3.8433554088e-02 1.1434310926e-01 3.5935488600e-02 -1.6579198900e-01
9.3863584089e-02 -1.5164388381e-01 5.1617801022e-02 -4.5677484626e-02 8.5807574174e-02 7.7009377456e-03 1.2743150994e-01 3.3181774489e-01 1.2497397083e-01 -1.9538901876e-02 -2.1415227770e-02 -1.3707943824e-02 -6.4265907831e-02 1.5827016513e-01 -1.2643990530e-01 1.9141343374e-01 3.0251281278e-02 2.7491562619e-02 1.4272523046e-01
-5.8682949376e-02 8.1630572894e-02 5.6917481059e-02 2.0152546278e-02 -1.5401619091e-02 -6.9930447790e-02 -6.2825765309e-02 2.3306189131e-02 -3.8901038957e-02 -4.7942001693e-02 -3.8909947542e-02 -1.7305822631e-03 -3.0416064485e-02 -3.4363571649e-02 1.5074564768e-01 1.1085496045e-01 -3.5230191450e-02 1.4483958018e-02 9.1891880030e-03
-4.6051019249e-02 6.0195661254e-03 1.1736464532e-01 7.2302404358e-02 -9.2688218507e-02 -7.4108529444e-02 -8.1094162279e-02 4.4018099165e-02 -6.1679253557e-02 1.5053193207e-02 -9.2415702444e-02 -4.4531974761e-02 3.7350287577e-02 -5.3835950871e-02 1.2758800532e-01 7.3378387306e-02 8.8707775358e-02 7.5602041575e-02 -2.1362707912e-02
-1.7839987339e-02 -1.9370752600e-01 7.4966348620e-02 2.7320584872e-02 1.3278660520e-01 4.3753624779e-02 7.4990910137e-02 1.8980000273e-01 4.3105171075e-02 -3.3412681722e-02 1.3316619075e-01 7.3432912092e-02 -5.3412971169e-02 -9.6141901307e-04 1.8956435267e-02 1.0971367231e-01 -2.8435609954e-02 -9.5088406534e-02 9.0904025429e-02
-8.9919098897e-02 -1.3239996658e-01 1.9662775438e-01 4.2624040114e-02 1.2245462348e-01 1.1081071283e-01 1.1864236280e-01 2.1405659648e-01 2.2671606331e-01 -3.3289312193e-03 1.1335144164e-01 5.4034275405e-02 -2.7193948037e-02 -6.4391878663e-02 -1.4126654470e-01 2.0066236622e-01 -9.0111430024e-02 -1.9171533349e-01 1.3648808226e-01
6.7600345028e-02 -3.3071483512e-02 2.9113535629e-02 -3.0682613553e-04 7.4956561838e-02 1.0887109976e-01 1.6017600097e-02 -5.4773559402e-02 -1.7660489811e-02 2.3003323189e-02 3.3349212297e-02 6.5403946411e-02 2.2245294523e-02 -8.9228149651e-02 -5.9257701608e-02 6.2776756860e-02 5.6125694371e-02 -6.0766573253e-02 6.6955725095e-02
-5.4993249202e-02 -1.6307123432e-01 1.8115418953e-01 -1.0179160201e-02 6.0653490868e-02 -3.4827142722e-03 9.0304210750e-02 2.2393377783e-01 1.9682393146e-01 7.1219034987e-02 6.4427623849e-02 1.0957161274e-01 -1.2219988480e-01 3.6806846795e-02 -6.3081036249e-02 1.9614187274e-01 5.1638706896e-02 -1.1494111707e-01 3.7853202874e-02
9.0909317811e-02 -2.1066435136e-01 2.2779271339e-01 7.0313386727e-02 3.5407924369e-01 -3.1575432997e-02 1.5651842961e-01 3.1877498902e-01 2.6421669264e-01 -1.8434853616e-01 2.1650208694e-01 4.1732224844e-02 -1.8565272606e-01 1.7460398271e-01 -1.1416802074e-01 3.4273974925e-01 -7.2767880540e-02 -1.0705462149e-01 1.6661852738e-01
