4.2132306652e-03 4.2358205992e-02 7.5320263708e-02 -1.0079576019e-01 1.4761730812e-01 -1.7838426094e-01 5.5198968311e-02 8.3392913827e-02 1.4715723460e-01 2.2761476404e-02 9.2227539226e-03 -1.4213644326e-02 4.8080215627e-02 -9.5925926559e-02 -4.5528550873e-02 -1.4297054015e-02 -1.9133899001e-02 1.5789864399e-02
-1.1873254598e-01 -3.5869809979e-02 -1.9146757356e-02 8.4621918383e-02 -1.1678661198e-01 -3.6703403224e-02 1.4689347622e-01 7.3924844931e-02 2.4318080447e-01 4.5379418983e-04 -5.2684719677e-02 3.1200435319e-02 1.4556173843e-01 5.2467989257e-02 -1.1982121705e-01 7.3829152438e-02 2.8928141574e-01 -1.3027573145e-01
-3.8737412577e-02 1.0111043303e-01 1.8066949120e-02 4.4438908400e-02 3.9966415089e-02 7.0460727069e-02 9.4196787118e-02 3.8169433201e-02 -3.8625422346e-02 -6.2481146324e-02 5.7543337679e-02 8.4916202860e-02 1.4000954578e-03 8.8450330376e-02 -4.3369204284e-02 3.6808742514e-02 -2.9176071234e-02 1.0008220041e-02
-2.1126549559e-02 -1.2510341007e-01 -8.5210731058e-02 1.3372180954e-01 1.9766690202e-02 -1.1815044814e-01 1.5741015410e-01 1.8379742126e-02 1.6920910389e-01 -6.1316005110e-02 4.8087764005e-02 -3.2036611313e-02 9.2284039364e-02 1.4409648596e-01 -3.2943533676e-02 1.1540047026e-01 4.5690267796e-02 -1.1703081116e-01
-8.5468939385e-02 -2.6558961964e-02 5.6185360274e-02 2.0158130991e-02 1.0781699151e-01 1.5035909306e-02 1.1216120863e-01 1.4775499103e-03 3.4434853508e-03 3.7680293505e-02 6.0612009737e-02 9.2276031204e-02 -1.1284180548e-01 -5.9326722402e-02 -8.6528477679e-03 -9.3735274766e-02 5.6087093425e-03 3.4535372869e-02
-5.4834026565e-02 -1.0961220249e-01 1.0833349247e-01 2.6999290226e-01 -9.2853344432e-02 -4.0582526947e-02 1.8917036681e-01 1.5427196533e-01 6.2002392906e-02 -4.0001220276e-03 -5.3388696944e-02 1.0226057626e-02 1.5240534263e-01 2.5839006592e-01 -1.4243022026e-01 8.5236540228e-02 1.6795507567e-01 -1.6819793327e-01
9.3909839583e-02 -7.6005942348e-02 1.2206291329e-01 -1.2591666572e-01 1.7283695080e-01 1.9925990424e-01 -9.5200970177e-02 -8.0104825868e-02 -9.7187410441e-02 2.8302047832e-02 -2.1883373091e-02 1.8791053273e-03 -1.0933142416e-01 -1.7690660872e-01 1.9494950397e-01 -2.1343527705e-01 -1.2417893170e-01 2.1347439601e-01
7.0967581096e-02 1.0394422687e-02 1.0150116342e-01 7.0750250161e-02 -9.1882175495e-02 7.1112198834e-02 2.4383522846e-02 -2.5072542303e-03 6.5180198234e-03 -2.1860567857e-02 -4.6113379218e-02 -4.4432084620e-03 1.6117665245e-02 9.9485715887e-02 -9.4579016221e-02 -4.6309830200e-03 9.4957165805e-02 1.6759453941e-02
-1.4237006829e-01 6.6350899994e-02 -4.4780864351e-02 2.7365959891e-01 -5.1617135535e-02 5.3439881111e-02 2.7860320194e-01 1.9633358512e-01 2.9662706685e-01 4.2221474674e-02 2.8194991604e-02 -4.5428872801e-02 2.2973333695e-01 3.5104567161e-01 -2.2410968673e-01 2.5303847275e-01 2.3993432123e-01 3.0945905873e-02
1.6480093153e-01 -3.7902109889e-03 1.5839257705e-02 -1.4398357017e-01 1.8665383103e-01 9.4106890532e-02 -9.6007613337e-02 -2.0120054746e-02 -8.7547665740e-02 -3.1030151772e-03 6.8014012757e-02 2.3404038687e-02 -1.7683581015e-01 -1.7248861795e-01 1.3606842192e-01 -1.4151080681e-01 -1.1991483917e-01 1.5399596955e-01
1.8975783924e-02 2.6274599903e-02 1.8113003392e-02 4.7003249675e-02 1.0057566866e-01 1.7882042281e-01 5.3154534025e-02 -1.2225141699e-01 -2.6908893221e-03 -6.1535670430e-02 -6.7138640388e-02 -9.7162940210e-02 6.9840114713e-02 -7.3884727819e-02 -9.7121768948e-03 -1.6955801609e-02 -1.6677421034e-01 -1.7856701103e-02
9.3128918563e-02 4.2235865280e-02 2.4775777821e-02 -2.6446737269e-02 2.0151986384e-01 -3.6881375817e-02 -8.6922823556e-03 3.8808519016e-02 -1.4529554856e-01 7.3211268074e-02 -5.8774492833e-02 2.0557457472e-02 -1.5544404451e-01 -2.8119557941e-01 8.7402750046e-02 1.4140997805e-02 -6.3466654158e-02 1.6741940185e-01
-5.4992058836e-03 -1.2944093307e-01 -1.7943688084e-02 -3.2306820953e-02 1.3928227968e-02 1.0645698192e-02 -9.0675357055e-02 2.3517779369e-02 -3.9774778136e-02 -6.6967093801e-02 1.0330157509e-01 -5.7047078435e-02 -3.3552590170e-02 -1.4816724464e-01 2.4661321833e-02 1.5455221439e-02 1.1349356801e-02 -8.8925886988e-02
1.2632464105e-01 8.3848780876e-03 7.8719078974e-02 -1.6777110711e-01 1.3135440303e-01 6.1393848072e-02 3.4902513061e-02 -8.4265068594e-02 -1.3441567296e-01 3.2271063488e-02 -6.5946734059e-02 -4.8573013582e-02 4.8125599605e-03 -2.8122023127e-02 1.1552592298e-01 -1.3155664873e-01 -1.6639795587e-01 8.5573212847e-02
5.8182650182e-02 -2.8619750651e-02 -3.1021965514e-04 1.0055056809e-01 -8.6916606348e-02 -2.9353910666e-02 6.6589275481e-02 1.9919552131e-01 8.7478882324e-02 -4.7350107154e-02 -1.1543602486e-02 -8.2622224944e-02 1.4474156753e-01 1.2114874852e-01 -8.9185813984e-02 1.4632486599e-01 1.8802132766e-01 -1.6156768307e-01
-1.1062555087e-02 -1.3377621445e-02 1.1517751771e-01 4.3506745906e-02 -1.4064977129e-02 1.4118424094e-01 -3.1559515774e-03 1.7385999099e-01 3.2694701507e-02 6.9545987675e-02 -4.9866476498e-02 5.6676518728e-02 -1.3944797713e-02 9.4483301138e-02 6.5869663984e-02 8.3886946819e-02 -2.9035502844e-02 -5.4193856819e-03
-1.0586378140e-01 -8.6385972370e-02 6.7475407984e-03 1.1155144025e-01 5.6452101841e-03 -1.6411156119e-02 1.2621466503e-01 1.1287243145e-01 1.6160547993e-01 -7.2296087967e-02 8.0701054287e-03 -4.2353266009e-02 1.7046276714e-01 1.5579576359e-01 -1.1100085650e-01 2.4769755703e-01 1.7972253854e-01 -1.1512380656e-01
3.0174908410e-02 -4.8858912268e-02 -5.6985611043e-02 -1.4056539144e-01 1.3338209446e-01 1.3508695337e-01 3.4186864037e-02 -4.3036634119e-02 4.0432188896e-02 1.3109010974e-01 -4.0986381042e-02 4.4716719647e-02 3.2797089764e-02 -1.5430751145e-01 1.3489003833e-01 -1.0261075558e-01 6.5001448087e-02 1.3410864192e-01
