1.0287651244e-01 -7.7707426690e-02 3.2097463655e-02 -3.6924861764e-02 1.9582065226e-02 -2.2575969373e-03 6.4849113348e-02 5.2960674485e-03 -3.3499427676e-02 -7.3445051442e-02 1.1743019072e-01 2.0035945641e-01 4.9505382118e-02 -3.5282240104e-02 1.2899049061e-01 1.2795250348e-01 -3.2270946193e-02 3.5821131113e-02
-1.3252592801e-01 -6.1281135797e-02 3.6023003677e-02 -2.5759015828e-02 1.3379002659e-01 2.5056382990e-02 1.5182856420e-01 6.0854955005e-02 9.7911301207e-02 7.7329023849e-02 -6.3559355500e-02 -6.8365122954e-02 2.3044151202e-01 1.8113410684e-01 1.9385065879e-01 5.2581525660e-02 9.3333318933e-02 -4.2215589156e-02
1.7867568356e-01 -7.5344423428e-02 -3.0262307820e-02 1.0142192886e-01 -3.6781449597e-03 1.2326170743e-01 -2.2130614989e-02 -8.8059609187e-02 -3.4160114780e-02 -1.0108236724e-01 -8.0626199396e-02 1.2782742383e-01 4.1859648109e-02 3.5543957531e-02 1.6061368620e-01 2.5422338936e-01 8.1318739140e-02 1.2443516633e-01
-4.7511392492e-02 -2.2123100557e-04 8.8908655134e-04 -1.5243884170e-01 1.1916039292e-01 -2.5795504354e-02 2.0296011284e-01 -2.5199864702e-02 1.7081821979e-01 1.0754180873e-01 2.6948646235e-02 8.8890196034e-02 1.3764096540e-01 1.8479721976e-01 1.2123614629e-01 4.6766926733e-02 1.8731568796e-01 -5.8205855612e-02
2.3690275008e-02 -3.7784651228e-02 -9.8513749972e-03 5.3056387127e-02 -1.4333522600e-02 1.1884372056e-02 3.6040076615e-02 -3.5355886537e-02 -5.5623549883e-02 4.1838590500e-03 -7.8551840019e-02 -5.8060726337e-02 6.7157852479e-02 5.3175045882e-02 -5.1686041825e-02 -1.9424607484e-03 2.9963832626e-02 -2.6928793431e-04
-2.6823713234e-02 -4.3235514117e-02 -8.0040099707e-02 1.6399189876e-02 1.8209763993e-02 -7.7416465609e-03 -4.9333276703e-02 4.1419711188e-02 3.5502246013e-02 -5.2433181514e-02 1.1699788968e-01 9.2439992558e-02 -5.4218542377e-04 -8.1291459479e-02 6.1379610658e-02 7.1049997612e-02 1.9923410384e-02 4.0240586039e-02
-1.5155244938e-02 7.1640780065e-02 1.7990037048e-02 8.5358767402e-02 -5.7317658191e-02 5.3136517888e-02 5.8009917910e-02 -4.8724653603e-02 3.9585448670e-02 -1.1155623396e-01 3.2512704743e-02 -1.6511161837e-02 4.6673798779e-02 -8.7557389989e-02 5.2374084488e-04 -5.7366719958e-02 5.7981377208e-02 1.1655307044e-02
-9.0315545946e-02 5.9518739590e-02 5.6381654247e-02 -3.2263026095e-02 2.2456576081e-01 -6.1022518736e-02 1.5035648140e-01 -4.6797151524e-02 8.0936847178e-02 5.8533238906e-02 -4.6593777677e-02 -4.2073835459e-02 2.5652081098e-01 1.5063605575e-01 2.3035101858e-01 -4.2319788569e-02 9.9151744751e-02 -1.8661982183e-03
1.2446270944e-01 -1.6266938638e-01 -1.8276362542e-02 7.9177586897e-03 1.1022526130e-01 -1.2322216028e-01 8.7405865127e-02 -5.0730645413e-02 8.4654164219e-02 7.5476699217e-02 -2.7830248072e-02 7.4449935156e-02 1.3832233112e-01 1.9529420882e-02 1.1449972063e-01 7.8538252854e-02 8.3740116791e-02 -5.5901872697e-02
-1.8089008000e-02 -1.1562957934e-01 -1.0515730208e-01 1.2169476440e-02 1.3646701026e-01 -1.4566648579e-01 1.4820214521e-01 -2.6689371870e-02 1.7554219621e-01 1.5984807680e-01 9.7197546226e-03 -2.2004317867e-02 3.8540976171e-01 1.3811510200e-01 1.6924496621e-01 -3.7542955824e-02 1.4938226398e-01 -1.0764476229e-02
2.6894948969e-01 -9.0195651778e-02 -1.9374063911e-02 -4.7973183586e-04 -1.6430899031e-01 2.4628352998e-03 -4.2707047944e-02 -7.0909415930e-02 1.9200571459e-02 3.6113506793e-02 -1.5647549236e-02 3.8809616735e-02 1.5239096709e-02 7.6666032391e-03 1.3246152996e-01 1.1287153499e-01 -4.5884912279e-02 -1.9608113857e-03
1.6688280956e-01 -1.7818809193e-01 4.5920771581e-02 -1.2946613584e-02 -1.3204797457e-01 -6.2860096868e-02 -8.9588183669e-02 2.0414422686e-02 -1.0724738915e-01 -7.8211683726e-02 2.1735356096e-02 2.4617557941e-01 -1.0182215671e-02 -1.3820748750e-01 -5.7650331056e-02 2.2540580129e-01 -6.9348300958e-02 9.4741315769e-02
2.4250431799e-01 -9.9631910920e-03 7.7781147098e-02 -4.7078135496e-02 -7.3247965518e-02 -6.3108782140e-02 -3.2136687073e-01 -2.0227840464e-02 -2.2685957173e-02 -7.6581058730e-02 3.2072349020e-02 2.1683764610e-01 -7.4179589657e-02 -2.5500297616e-01 -1.4136567953e-01 1.2810598780e-01 -2.0700507024e-01 8.6928710542e-02
-2.3863600866e-03 -5.7315989060e-02 4.3283166535e-02 8.8491168083e-03 2.0058220164e-01 1.1696776721e-01 6.0337942831e-02 -5.6433422282e-02 1.7052838826e-01 1.9001602253e-01 5.0580569943e-02 5.5790667381e-02 1.4801041417e-01 2.7408556781e-01 1.1575151837e-01 6.7264160500e-02 1.8036877529e-01 -2.9207687665e-02
8.3450154105e-02 -1.0262829425e-01 3.7576911863e-02 -3.7931887875e-02 2.4280417868e-02 -7.3648971214e-02 8.4536125254e-03 1.3325641326e-01 -2.6861089995e-02 9.4218748699e-02 6.3696834315e-02 1.6962809263e-01 -3.0060195322e-03 -9.7544067935e-02 -3.0351969301e-02 8.8806461644e-02 1.7905206896e-02 -6.9555564082e-03
-6.5070648733e-02 6.1449755358e-02 -3.6499693235e-03 -7.1285764655e-02 1.6062125336e-01 -3.0090325560e-02 1.0434084479e-01 9.3492225792e-02 1.5416309762e-01 1.8887687832e-01 6.0112797338e-02 -3.9077401123e-02 1.2705020923e-01 2.3107838779e-01 1.7357373792e-01 1.4543968547e-02 1.0946875881e-01 1.5012536832e-02
2.3197915160e-02 -2.0887594368e-02 1.5916570961e-02 4.3811976460e-02 -1.1902133038e-01 -3.6096865010e-02 -1.1444111423e-01 4.0111034312e-02 8.3349903134e-02 3.4297985439e-02 -7.2413279496e-02 -5.7045019036e-02 4.4848698731e-02 -2.3264709422e-02 2.1861413025e-02 3.4176839452e-03 3.8772199184e-02 2.8250879474e-02
-2.3588790865e-01 -2.3079700906e-02 1.0063712505e-02 -3.2615821884e-02 2.8175098500e-01 1.1167404938e-01 2.8916564217e-01 4.7916131483e-02 1.1873069756e-01 1.9511614814e-01 2.3681006621e-02 -1.1554830343e-01 2.0750380747e-01 2.0407090372e-01 1.9315374686e-01 -4.3922353890e-02 2.3017834276e-01 -1.3168696483e-01
