-9.6905560841e-03 -2.8887014697e-02 -4.4819106273e-03 -7.4492744159e-02 -4.9282487043e-02 1.2083707536e-02 2.2335741758e-02 2.3119119418e-04 -3.3567387119e-02 -1.0967974923e-02 1.2843595347e-01 -2.4255653969e-02 3.7381000820e-02 -2.7393648030e-02 4.8602211679e-02 4.3658841025e-02 -4.6273180722e-02 -7.1150387043e-02 -1.9006914042e-01
1.1842365476e-02 1.1501641841e-01 -1.0093651101e-01 -1.2398626589e-01 -1.0468993238e-01 -4.7947070779e-02 -1.3967284122e-01 -5.6858646299e-03 -1.0348141645e-02 7.0461694071e-02 5.1670274899e-02 -3.5808222948e-02 1.8922824470e-02 -8.3642286503e-02 9.1627234182e-02 -3.3366223648e-02 1.8864366422e-01 4.3957742063e-02 -1.9517342342e-02
-2.7011365125e-02 -1.0298718929e-01 1.4508299336e-03 1.7399852030e-02 5.2219836295e-02 2.3533838099e-02 1.4135955431e-01 -4.4972667720e-02 2.8972616388e-02 -2.4548512672e-02 5.1742859662e-02 4.8665251285e-02 -8.0030484650e-02 8.2248533360e-02 -6.8858370640e-03 1.0217133807e-01 -4.3784800220e-02 4.2941581994e-02 8.6030256077e-03
2.7251213638e-02 5.0160794590e-02 6.6350127590e-02 -4.8905009022e-02 3.5895021447e-02 -5.3455685821e-02 -3.8486562231e-03 -2.5278804512e-02 5.5037723546e-02 -4.1193510424e-02 4.8704520730e-02 -8.4156328040e-02 -4.2177233358e-02 -2.8056482272e-02 4.9059052429e-02 -1.8631113660e-02 -8.7366001257e-02 9.3585926659e-02 -2.9222950279e-02
-1.8364457898e-02 4.0097922910e-02 -3.7584180516e-02 -5.0091050842e-02 5.3278139436e-02 -6.0790593930e-02 3.3486323175e-02 4.6402675214e-02 3.6890512857e-02 2.9804704752e-02 -7.6101591547e-02 -3.6047211892e-02 -8.2802888316e-02 -1.7113701568e-03 1.8472798641e-02 5.2712804254e-02 3.1922366162e-02 4.2551714453e-02 -1.0787945086e-02
-7.5570793711e-02 -1.2969789096e-01 1.3567356567e-01 8.4400232437e-02 2.2687135668e-02 2.6129109796e-02 -4.6513651020e-02 9.1664678477e-02 -1.1398672242e-01 -7.9228438268e-02 1.3345969260e-01 8.6299496534e-02 3.1091572409e-02 8.0496674310e-02 4.1767111552e-02 9.1938559289e-03 -1.7252961730e-02 2.4372102942e-03 -1.2157543053e-02
-3.9601719386e-02 1.1692475486e-01 7.7342122307e-02 6.9116861013e-02 1.1954284160e-01 -1.0626351669e-02 -1.4807458468e-01 -6.1080035886e-02 -4.2981631399e-03 3.4540913780e-02 9.1176050175e-02 -2.4358562984e-03 1.6525043690e-01 9.3635834024e-02 2.4849719514e-02 -4.4357988499e-02 -7.5032549744e-02 -4.7971544775e-03 -1.2066377955e-02
-1.0166027344e-01 -6.4526712451e-02 -3.0421475135e-02 -7.7217012366e-02 8.0094424965e-02 3.5565658620e-02 1.2251502773e-01 4.2556529523e-02 -5.5153993004e-02 -8.5029697534e-02 3.0990855103e-02 4.8893032394e-03 1.5728015620e-02 1.8883922786e-01 7.0031586520e-02 1.9608559654e-02 -7.5562956090e-02 6.2922269752e-02 5.0037690007e-02
8.5144534247e-02 5.7722720711e-02 1.8307727147e-02 -1.3840521603e-01 6.7502062034e-02 -7.1053135017e-02 8.4070493765e-02 -4.1075273615e-02 -6.1658989098e-02 -1.4596999366e-01 -3.8871904351e-02 4.4893400432e-02 2.3184395538e-02 8.3389424742e-03 5.5582793087e-02 -1.4770673395e-02 -4.8082342188e-02 3.2508178379e-02 1.2953310550e-02
8.6179723876e-02 2.0160371941e-02 -3.0163990992e-02 -5.4121760549e-02 5.1852386311e-02 5.6374037061e-03 8.9062167600e-03 -7.9375936552e-02 -8.4160640704e-02 3.1286858208e-02 4.7728200595e-02 -5.9165460299e-02 -9.7523761472e-02 -1.0244228488e-02 4.6618666344e-02 -1.5727716309e-01 -3.3881883297e-02 -5.8527070552e-02 6.6146182831e-02
-1.1786550276e-01 1.0641123270e-01 -1.3513868132e-01 -4.9653212159e-02 1.5269055802e-01 -1.8955004763e-02 5.8345362907e-02 2.4698215277e-02 2.5655182671e-03 -4.6656268885e-02 1.6463245502e-02 1.8970291110e-01 1.1438071094e-01 1.6565508002e-01 -6.6964336012e-02 4.9365810691e-02 -2.2390174350e-02 2.1440344582e-01 4.2196573754e-02
-3.0168029481e-02 5.8355626453e-03 2.0200948349e-02 7.1092352503e-02 -1.0459170334e-02 -8.4656385017e-04 -3.3965379687e-02 1.2753916682e-01 -1.1002829359e-01 2.4694299097e-02 3.3281830790e-02 -6.9148749546e-03 -6.8555332813e-02 1.0223800991e-02 -7.6225854188e-02 1.0877286768e-01 -2.2690667790e-02 1.0323156914e-01 -2.7161642097e-02
-1.6087370319e-01 6.7853528877e-02 -9.6126854872e-02 -6.2986718491e-03 9.9160054077e-02 -2.7881279350e-03 -3.3181472830e-02 -1.0145655056e-01 6.1188048876e-02 6.1912613464e-02 -1.7376832428e-01 1.1469815841e-01 -6.4603095431e-02 1.1876346426e-01 1.6936985646e-02 -1.2314257338e-02 2.0981193365e-02 1.1402041012e-01 7.3592444595e-02
-1.0493354749e-01 1.4951603108e-01 7.6353413594e-03 -1.2282231457e-02 8.6284577107e-02 -6.9773338323e-02 -2.4328489014e-02 -1.4229944530e-01 1.8620953326e-02 -1.1927031508e-01 4.1933396235e-02 9.3782456334e-02 1.1302144604e-01 4.4689244669e-02 -1.3109110781e-01 -2.2849945590e-03 -6.8723299762e-02 8.1317767676e-02 9.7881579751e-02
-1.6327179099e-01 2.2333937415e-01 -1.0081800857e-01 -1.7740544450e-01 8.8439073589e-02 -1.0382850917e-01 -1.5115635112e-02 -3.3123525654e-02 -5.0238713166e-02 -1.2699026138e-01 -7.0757891348e-02 1.3993832880e-01 4.5340857634e-02 1.0632966064e-01 -1.8192132758e-02 -1.5265039420e-02 2.1871027164e-02 1.4286442019e-01 4.2658973660e-02
-7.4608975189e-02 -5.0075544870e-03 1.6575126398e-01 4.2775288375e-02 7.9959352612e-03 -8.4435294443e-02 -5.9140362032e-02 -3.2113509129e-02 5.6168689772e-02 1.0786170158e-02 8.9186562626e-02 5.7944381275e-02 1.0822282229e-01 1.6109826575e-01 -8.3941953988e-02 -2.7800531873e-02 -1.1904163204e-01 3.3649798563e-03 -1.4098432114e-01
-2.3586472449e-02 -2.1463930921e-02 1.6168640019e-02 1.4583255890e-01 7.6213372490e-02 -1.8874026471e-02 -8.5357597034e-02 -1.1783454674e-02 -5.1644248419e-02 5.7691645959e-03 1.7233542749e-01 6.6580437391e-02 2.1131126279e-02 1.9193580928e-02 -5.4851326891e-02 -1.6789146897e-03 -6.0687019786e-02 5.8023999270e-02 -1.0019731944e-01
-1.8331833790e-03 6.1056661490e-01 -3.3763716725e-01 -3.9560005914e-01 6.9228063289e-01 -5.6188225686e-01 -1.8810072644e-02 -8.8581476896e-02 9.1921885742e-02 7.4594651368e-02 -4.1367684471e-01 7.1496830042e-01 2.9548073852e-01 8.3427483238e-01 -9.7350448197e-02 -3.6863622529e-02 3.7121175386e-02 6.4043807406e-01 1.1807429987e-01
-5.7761124198e-02 -1.4479240839e-01 3.1957033381e-04 -2.3489391954e-01 -1.5200626429e-01 1.1466681025e-01 -5.5809876309e-02 9.0767927186e-02 -2.1628192448e-02 -6.1160099076e-02 -1.7660186225e-02 7.4229305419e-02 -7.3096649375e-02 -1.5995313351e-01 2.0474919526e-02 2.5811596853e-02 -1.9373654726e-02 -2.0214013723e-01 4.5351592834e-02
