7.3043325412e-03 4.8213948811e-02 -6.0558848587e-02 -7.8523243268e-02 -8.0847012483e-02 -4.2252614002e-02 -4.8545146556e-02 -3.6279084505e-03 8.1222493563e-03 9.1696209748e-03 -6.5626042153e-02 -3.3793048985e-02 5.8092955721e-02 -5.7296678255e-02 -4.0267963942e-02 4.9673074843e-02 5.9478433044e-02 -3.9054758992e-02 -1.4374278938e-02
1.1584470656e-01 5.4637659882e-02 -2.4038302787e-02 -7.2595120601e-02 1.2455763445e-01 -1.4680410242e-01 -1.2607497515e-01 -2.2711512735e-02 -1.0474907631e-01 -1.6570043608e-01 -1.7738666588e-01 2.0942303835e-01 4.2629381735e-02 -8.8216514931e-02 1.9389182233e-01 -2.7412313946e-02 1.7029816398e-02 1.5785375001e-01 1.2794955225e-01
2.5828557031e-01 -2.2317066668e-02 8.9630841906e-02 -1.0354837278e-01 2.9191995470e-01 -1.0998088516e-01 -1.9473132258e-01 -1.9209981307e-01 -3.0548929566e-02 -1.8740525490e-01 -1.0279172619e-01 3.5076695765e-01 4.6983352108e-02 -1.8596525932e-01 2.9860040782e-01 8.9807746803e-02 3.3466168915e-02 3.0129844448e-01 2.6805793169e-01
-1.0682293525e-01 -6.3828502979e-02 5.8961534838e-03 1.4594903953e-01 -7.1996207805e-02 1.3689833454e-01 2.4272586531e-01 6.2739533862e-02 1.0469584217e-01 1.0371650119e-01 1.4490078225e-01 -1.1935691139e-01 4.6284819785e-02 6.1646834147e-02 1.6865691167e-02 6.4443378880e-02 3.7183632923e-02 1.6964234757e-02 -1.9953543624e-02
-3.7858558334e-02 1.2987991088e-02 -1.2525017796e-01 2.9055372824e-02 2.5771911263e-02 6.6796697961e-02 -2.1649689182e-02 5.6595008525e-02 7.1953846007e-02 8.7078940518e-02 1.0644129012e-01 2.5116339443e-02 8.5695783342e-02 1.8347049033e-01 3.7787397043e-02 -1.3261121011e-01 -8.8831305740e-02 -5.1935519196e-03 -5.4732095809e-02
-7.7898285866e-02 2.8771168421e-02 6.0588908739e-02 1.5355697907e-01 -5.4624989079e-02 6.6353967398e-02 1.1202727087e-01 1.7329789751e-01 8.2049339091e-02 1.7291731937e-01 1.0589631188e-01 9.6189121279e-02 4.4452894409e-02 2.3991454706e-01 -1.2462769148e-01 1.0431505147e-01 1.0764406569e-02 -5.7307706806e-02 -4.9538201265e-02
-1.3080646094e-01 1.4729926260e-02 1.6356798679e-02 2.3699861980e-01 -1.1344542614e-01 1.3261668506e-01 2.8231326354e-01 2.2271497195e-01 2.2829607445e-01 1.7012721537e-01 2.3286528018e-01 -1.0806175426e-01 1.8180878453e-01 2.4653791060e-01 -3.2062721524e-02 -8.1743235011e-02 -9.5654619821e-02 5.8158363173e-02 -9.9935205191e-02
-1.0643989885e-01 4.4584011755e-02 4.8850031128e-02 2.4715590437e-01 -6.2145660025e-02 1.3874194715e-01 1.5239184561e-01 1.5162152364e-01 1.0380593751e-01 9.7796521529e-02 1.3286400403e-01 -3.6442755929e-02 4.0930275810e-02 8.1434960656e-02 -1.1576470123e-01 -5.7820590427e-03 3.1553836407e-02 -6.2521104067e-02 -3.8223027887e-02
-1.2616074953e-01 -7.2666709639e-02 -1.4667109723e-02 1.4792679798e-01 -1.5199678696e-01 1.2690370701e-01 2.0578253235e-01 1.2562517343e-01 2.7031978548e-01 2.4312598385e-01 2.1410296955e-01 -1.1047154717e-01 -1.9295720358e-02 2.8295596849e-01 -1.4525902644e-01 -9.1144818524e-02 -9.7690406865e-03 -2.9048722402e-02 -1.0372911367e-01
2.0920082455e-01 2.7852553050e-02 -3.0306134841e-02 -2.0110966493e-01 3.1827169900e-01 -1.6001975037e-01 -9.7209587666e-02 3.3624299663e-02 -6.3477813527e-02 -3.1498646732e-02 -3.9989673262e-02 3.3467986737e-01 4.2601545493e-02 -4.7707286509e-02 2.8975419127e-01 2.3425473558e-03 -1.1566169542e-02 3.3772051778e-01 1.8507350754e-01
1.2746557236e-01 -1.0009168296e-01 7.3317312848e-02 -9.0914967238e-03 4.5135729801e-02 -2.1894485844e-02 -6.2570315216e-02 8.8822573483e-04 -7.4573297866e-02 -7.2004826902e-02 3.0359176325e-02 1.1083122519e-01 5.8480349023e-02 7.4317984605e-03 1.3896929460e-01 -2.1958703033e-02 7.5914158731e-05 9.3969364403e-02 2.5360211491e-01
-1.3101469383e-02 5.5369744543e-02 2.1348802586e-02 6.4781742687e-02 -7.8147634155e-02 8.6912475610e-02 1.3128352614e-01 -2.5136929851e-02 9.5295549493e-02 1.7935515014e-01 1.3087880669e-01 -6.2297598949e-02 8.8898362716e-03 1.2207707494e-01 -1.2162155421e-01 1.5745440409e-02 2.7466112243e-02 -6.8349954696e-02 2.5795081413e-02
5.9857261619e-02 4.8741130597e-02 2.7771893137e-03 1.2965569808e-01 7.0668108139e-03 1.4135667176e-01 1.0050603268e-01 3.7902335568e-02 5.9104558122e-02 1.3057094219e-01 1.7216332444e-01 -3.0956018218e-02 -3.0159876536e-03 1.5849119742e-01 2.3333292697e-02 -5.6368560986e-02 -6.1410421373e-02 5.3182146903e-02 4.7805483480e-02
1.1961475066e-01 8.7392018724e-02 -1.1595703021e-01 6.5504182073e-02 4.8993120319e-02 -5.2253534892e-02 4.0428640102e-02 -1.4334271048e-01 2.2676241139e-02 4.1071345399e-02 3.3878404772e-02 1.6106967235e-01 -6.5956143733e-02 1.2877992263e-02 -3.9079151589e-02 -4.1161578561e-02 -2.9779915863e-02 2.5726034678e-01 1.6308869342e-01
-3.8424495393e-02 1.6969316957e-02 5.3270194662e-02 1.4487274134e-01 -8.7597653820e-02 9.5945852087e-02 1.0532380616e-01 2.3388986745e-01 1.5680819765e-01 1.3939485774e-02 2.1215595414e-01 -1.7431120096e-01 -6.5711354989e-02 1.6269525589e-01 -3.4656973332e-02 -6.5168685221e-02 -1.0807543146e-01 -4.7495819799e-02 -2.2976263852e-01
-6.6902180163e-04 -2.2200242205e-02 -2.9686193985e-02 2.6543002793e-02 1.2144669018e-01 -2.0298712142e-02 3.7751655882e-02 1.3651285448e-01 4.0765594586e-02 -3.6085860016e-02 -1.2974757912e-02 -7.2266210618e-02 -3.0861151163e-03 -1.2747149890e-01 -2.6673799987e-02 -2.7322402930e-02 -1.6922014120e-01 -1.5521854878e-02 1.3825004190e-02
1.6785658348e-01 -1.3174835123e-01 1.7293534466e-02 1.0613838210e-01 1.0364635175e-01 9.8281490825e-02 1.6782974975e-01 2.1610398038e-02 6.7853026513e-02 -4.2248326233e-02 1.5384129696e-02 7.1045855236e-02 -9.2280342217e-02 -5.3296232266e-02 6.3385505400e-02 -4.3245813885e-02 1.9293493732e-02 7.4163735420e-02 1.2049288751e-01
5.0469414662e-02 5.9188697771e-03 -1.9893626045e-01 7.6526707121e-02 1.9897972710e-01 4.1794640995e-02 1.3326076335e-01 1.3218230946e-01 5.0850792351e-02 1.8263965885e-02 -1.0601520520e-02 1.4202738664e-02 -2.1614107033e-02 1.3690036291e-01 1.3943623147e-01 -1.2623813056e-02 -1.0244784977e-02 1.7801941042e-01 3.5910516683e-02
-6.8860516283e-02 -5.7612523542e-02 -3.0764437731e-03 5.3019679946e-02 3.8652861432e-02 1.4919196856e-01 -3.1092188293e-02 4.6780487682e-02 8.1407772614e-02 7.9937212261e-02 1.5882715877e-02 -1.7877418209e-02 6.2371508882e-02 4.6323127993e-02 -8.8832990831e-02 9.7716617242e-02 1.1163957666e-01 -5.3568693350e-02 -4.7076399337e-02
