5.6058026055e-02 -3.6176315393e-02 8.7357227261e-02 7.4972412900e-02 -9.7294673077e-02 1.2124503330e-01 1.6739678947e-01 -3.4991937574e-03 1.0661805740e-01 4.7104169741e-02 -7.3298034165e-02 1.3073466674e-01 1.4165130675e-02 1.0744176899e-01 -2.9642624326e-02 3.0111110073e-02 7.2168074888e-02 -2.0811276874e-02 6.5604440109e-02
-4.2399122039e-02 1.8621600081e-02 -2.4015475633e-01 -2.2970499449e-01 -4.4776889737e-02 -1.3250583406e-01 -1.7574489204e-01 1.7204492434e-01 5.5200482910e-02 -1.8342207091e-01 6.9969268901e-02 -1.5004789736e-01 -4.9014013602e-02 5.5710350761e-02 -1.5996644693e-01 -1.1157277051e-01 -1.2091756760e-01 5.6064826108e-03 2.2604647062e-01
1.3022670611e-01 4.0366389468e-02 1.0864185810e-01 1.4026452487e-01 9.2912210249e-02 1.2124478480e-01 2.3587276209e-01 -1.7477975483e-01 1.2498897892e-01 1.3475383652e-01 3.0560552004e-02 1.4433095730e-02 1.0980547428e-01 1.4461785263e-01 2.4923098803e-02 1.4846652763e-01 1.5049024967e-01 4.3164051052e-02 -7.8889113759e-02
-2.2488658208e-02 3.0134109980e-02 -1.1101251506e-01 -9.0793077685e-02 -5.3407906948e-02 -7.6326029960e-02 -6.6695289223e-02 9.4124703569e-02 -3.5044101877e-02 -7.3164639038e-02 -1.2472776346e-01 -1.0437386953e-01 -5.5093512568e-02 1.3910842357e-02 2.4247896557e-02 -8.1058252350e-02 -1.0254762519e-01 -4.1155306076e-02 1.1882798479e-01
2.0882545329e-02 5.1954283283e-02 -6.9866752568e-02 1.8720833357e-02 -6.3887942711e-02 -1.5532704946e-02 -1.5928732196e-01 4.6648216620e-02 -9.3438556365e-03 -4.7595794046e-02 5.6937069188e-02 5.2811143527e-02 1.8539170347e-01 -1.7335024973e-02 -2.4602131749e-02 2.2624135170e-02 -1.0488820838e-01 9.5177031781e-03 6.3713997493e-02
2.0749262214e-01 1.0172240632e-01 4.1137621978e-01 4.4358356460e-01 1.8798385212e-02 3.9726974660e-01 2.8914008535e-01 -2.0117424862e-01 -6.8779332239e-02 3.5449723815e-01 -2.3325219878e-02 2.8244094342e-01 1.8409134906e-01 3.3742304854e-01 1.6705350805e-01 3.5683530911e-01 4.5985743206e-01 -4.7885967353e-02 -3.4925130848e-01
9.7662512472e-02 -2.0564090900e-02 1.3468441524e-01 3.6169393392e-02 -7.7559333978e-02 3.2165508144e-02 2.9356337183e-02 3.6406883182e-02 8.7086654669e-02 8.7015487024e-03 4.1918879702e-02 -8.8788726853e-02 1.0105050522e-01 2.7034541695e-01 5.1062819748e-02 1.3126458674e-01 5.3484371868e-02 -3.1139353336e-02 6.4886047386e-02
1.2009075528e-01 6.2879656350e-02 1.5617968061e-01 1.5099294263e-01 8.5014878992e-03 8.3761861693e-02 1.0243160702e-01 -1.9959189005e-02 3.5260548520e-02 9.4022655782e-02 -1.4907515593e-02 5.4105815404e-02 -6.0298748041e-03 1.2540280469e-01 2.4092911632e-02 1.3549915926e-01 2.2826020952e-01 -3.4007381100e-02 6.6407690471e-02
-4.4568964861e-02 -3.0826984124e-02 -1.7440018668e-01 -1.4606150024e-01 1.1540292235e-01 -1.5634689419e-01 -1.6937887213e-01 1.1503001481e-01 -1.9680330525e-03 -7.4524257321e-02 -1.0992334057e-01 -1.9043535395e-01 -1.8600760269e-01 -2.2074936076e-01 1.0343577267e-02 -1.4914219471e-01 -3.9259645778e-02 -2.9548128784e-02 1.9314930491e-01
6.6526099033e-02 -6.7235553639e-02 -1.3317418429e-02 -2.4623322937e-02 -3.8846826423e-02 -2.7831510612e-03 6.8267436657e-02 1.0225542514e-01 4.0259931991e-02 -8.2935418867e-02 8.4896427988e-03 -8.7578874858e-02 7.3742808755e-02 4.7300544253e-02 -5.2095920154e-02 -1.0562758450e-01 7.8637911985e-02 -5.8580952039e-02 4.6442864162e-02
1.2722936916e-01 -3.5644976102e-02 3.7234928754e-02 9.7600747889e-02 -3.5130261150e-02 6.1079468760e-02 -3.5434486261e-02 -3.0463450238e-02 -7.2159358563e-02 1.1716681412e-01 -3.4909546353e-02 1.8037028735e-01 1.2276773866e-01 7.2455788191e-02 -3.3563406827e-02 1.1679895414e-01 8.4570343604e-02 2.0162439739e-02 6.5351660092e-02
3.9127020170e-02 -1.3249866135e-01 -4.8042415846e-03 -3.6406368025e-03 3.5475647713e-02 -6.2054437667e-02 -3.6072887631e-02 -1.5703028477e-01 2.0352805963e-02 -7.0985057803e-02 -5.8075106960e-02 -1.0424241480e-01 2.7241616861e-02 9.2334720133e-04 -2.8786354959e-02 -3.4548099746e-02 3.6744291064e-02 -3.8306336892e-02 3.3111112133e-02
-7.9049905544e-02 4.8525175740e-02 -3.3122349255e-01 -3.3393244545e-01 4.8803751328e-02 -3.4269620917e-01 -3.0039845860e-01 3.3082713123e-01 -7.2969004384e-03 -2.3888375809e-01 2.8458062334e-02 -3.4208120418e-01 -8.9427912314e-02 -1.7497565871e-01 -2.1920130450e-01 -3.6826889784e-01 -3.0229928757e-01 -3.7413810703e-02 2.2213878616e-01
5.7741931905e-01 1.4054710268e-02 5.8072533370e-01 3.9334250583e-01 7.1352712634e-02 3.0515534552e-01 4.0485246349e-01 -3.3737579344e-01 -7.8648918154e-02 4.9566456578e-01 3.3378931934e-02 2.6136966211e-01 -6.5412152039e-03 5.4283393262e-01 -7.2256860017e-02 4.5131234051e-01 3.8602086856e-01 -9.0381174733e-02 -1.9140213877e-01
6.4557897031e-02 2.8326633825e-02 -5.9224050542e-02 -5.5042060190e-02 -1.3447643327e-02 -7.0452311308e-02 1.4921298898e-02 -1.7230673370e-01 7.5374803091e-02 -3.6265980735e-03 -7.9845651067e-04 2.8843774147e-02 5.8820277618e-02 9.9975353498e-02 6.6000553919e-03 5.3213164604e-02 5.9780010501e-02 -1.8145143120e-02 -3.5277634818e-03
2.1508169620e-02 -1.9422926989e-02 4.3702647161e-02 4.9534124981e-02 -4.5152958884e-02 -4.9893354425e-02 -7.0792862181e-02 1.0152632778e-01 -3.5939438706e-02 7.5144858587e-02 -7.6967274085e-02 -2.2303021765e-02 -6.5287991629e-02 -9.3623767055e-02 2.4404214109e-03 1.1878398074e-02 -3.1522797770e-02 -6.0555084730e-02 6.0614621999e-02
2.4338383947e-01 4.1643039948e-02 4.0333516811e-02 7.9503558640e-02 -4.6287355881e-02 2.7573687637e-02 2.4349298508e-02 8.8885417127e-02 3.8346389266e-02 1.4004737128e-01 -6.2287216681e-02 -2.9834668816e-02 3.8203163473e-02 1.3002990826e-01 5.5517182134e-03 -1.2258882610e-01 6.7419661405e-03 -2.1937833279e-02 -5.4844565593e-02
9.5306292935e-02 3.1222396462e-02 1.6580107819e-01 1.3622195245e-01 -4.3202781432e-02 1.1645109907e-01 1.8877757354e-01 -1.0167793288e-01 2.1826075294e-02 1.9224863779e-01 -6.8593451015e-02 4.9119101676e-02 1.7519384734e-02 9.8680848326e-02 -5.3268324216e-02 5.5413432335e-02 1.9726077134e-01 4.6105337229e-02 -1.6212171028e-01
1.3564505886e-01 1.4124125225e-01 -6.7760457263e-02 -3.6542364858e-02 -9.0680858685e-02 -1.5078842142e-01 -1.2702457250e-01 9.4698898446e-02 -2.4028344802e-02 8.9163131378e-03 -5.4192199225e-02 -8.2655077192e-02 1.4097767840e-02 5.2501023774e-02 -4.1311137602e-02 -7.8605183531e-03 1.1030107388e-02 5.4426415683e-02 1.4804831518e-01
