2.9946809119e-01 -4.5512488434e-02 2.4138864017e-01 1.5656451565e-02 -1.5457784681e-01 2.7725022758e-01 4.0556766660e-02 2.1377628643e-01 2.1947933288e-01 -3.3367827943e-01 -1.5857589953e-02 -2.1722021783e-01 -3.3471341823e-02 -2.5381472686e-02 -7.0969190693e-02 2.0824714659e-01 -2.8933468188e-01 -1.7952343903e-01 9.7840046953e-02
-3.0723118552e-01 -4.2740189802e-02 -3.0030194500e-01 -5.0556750130e-02 3.3751359422e-01 -2.0071778884e-01 2.4803763546e-01 -1.2456379306e-01 -2.4440233255e-01 2.2198167231e-01 7.5500627064e-02 1.5220168032e-01 1.1017581460e-02 -3.2857452206e-01 -1.5042965701e-02 -1.4817660411e-01 2.2610448902e-01 2.6906047390e-01 -2.0687075421e-01
1.0122712110e-01 -3.4916543666e-02 -1.5541892927e-02 2.7569606747e-02 1.0032174221e-01 1.3404100976e-01 -3.6024985739e-02 3.5560096981e-02 7.3243656396e-02 -2.8855000934e-02 5.9246101130e-02 1.1241688239e-01 -9.8049975077e-02 8.4677134641e-02 1.5013232555e-03 5.9755679929e-02 -6.3314878017e-03 1.7935099081e-03 8.2490988566e-02
-2.7519765630e-02 -6.6782911380e-02 9.6780764376e-02 2.3559644868e-02 6.1533405967e-02 1.3000631158e-01 5.4173413960e-02 1.1263791058e-01 4.9742634080e-02 -2.9806242566e-02 7.1557659500e-02 2.8135554876e-02 8.5861007199e-02 -2.5460230883e-03 3.7107765421e-02 1.8429563641e-01 -2.2855252584e-02 -1.9435502413e-02 1.2512855187e-01
-2.5360024468e-02 -4.4056551688e-02 1.3882188856e-01 8.8043881478e-02 1.7904451158e-01 7.4048026275e-02 2.8767926802e-02 1.1325421197e-01 -4.7319985347e-02 4.1537325117e-02 -4.9139085275e-02 1.3649593301e-01 -1.1294834320e-01 -1.6682893856e-01 -1.4871118693e-02 4.1374340808e-03 8.1798280736e-02 6.1062883107e-02 2.6406546132e-02
9.7557276781e-02 4.0746565096e-02 -3.0788879858e-02 1.1060210718e-02 4.2220875263e-02 2.3534504170e-02 -1.1078624981e-01 -4.7906294422e-03 8.1795280297e-03 -1.0714190519e-01 -1.3858509521e-01 3.9034420531e-02 1.2548335518e-02 4.5343265417e-02 -9.5017088223e-03 1.1627166782e-01 6.5161747999e-02 -2.2191944088e-02 3.7372622804e-02
3.9771919024e-01 -9.3190969628e-02 3.7541473523e-01 3.9397412895e-01 -3.9310323514e-01 4.0134346564e-01 -4.4038169425e-01 4.3931570775e-01 2.8362170003e-01 -3.5801365758e-01 -2.5872468673e-02 -3.8059945805e-01 1.2872761967e-01 4.2501020204e-01 -5.8094718912e-02 3.7572417494e-01 -4.1359246390e-01 -3.4037451111e-01 3.0909188465e-01
8.0877593999e-03 1.0233243898e-01 1.7776024545e-01 -2.1655536083e-02 8.2074228141e-03 6.5422610749e-02 -3.1660701944e-03 1.7657706163e-01 1.0327680973e-01 3.9792517831e-02 -3.3583202588e-02 4.4537340691e-02 -4.3397818131e-02 1.2240400596e-01 1.4322390737e-02 1.4188729017e-01 -1.8197552734e-02 -7.0377216340e-02 1.2086105235e-01
1.2635003718e-01 -3.4519082249e-02 1.1761838520e-01 -1.9454534844e-02 1.2097830886e-01 1.2628654466e-01 1.9315512025e-02 1.9327146212e-02 5.9063010820e-02 1.1212649967e-01 -9.0174028794e-02 8.9037323741e-02 -2.5308146674e-04 -3.5982225855e-02 -7.1453477206e-02 3.8600664637e-02 -8.5391509354e-02 7.3117309149e-02 -3.1978704209e-02
2.1816946412e-01 2.6579597200e-02 2.7871191067e-01 2.4913347880e-01 -1.7086749038e-01 2.0179510084e-01 -3.2125201082e-01 1.9284754028e-01 1.3019776204e-01 -2.6077150372e-01 -5.9411542359e-03 -1.3093080621e-01 -4.3471103321e-02 3.5315162482e-01 -5.7143838776e-02 3.2349327315e-01 -3.1698845672e-01 -2.4183535471e-01 2.0490638251e-01
1.8690095841e-01 -2.7326798404e-02 1.3601165539e-01 1.2779251567e-01 8.6096373828e-02 1.1049170929e-01 -1.9536429159e-01 5.5919235631e-02 -3.4893209718e-02 4.6551694986e-03 -3.1391955748e-02 4.5703309717e-02 -9.2121140986e-02 5.7488970091e-02 1.4767365185e-02 2.1337808813e-01 -3.9067349156e-02 -5.6575088773e-02 -1.6619573216e-01
5.9323160125e-02 -7.1771367387e-03 3.8898115257e-02 5.4205366413e-02 1.7953212268e-01 -5.3451453879e-02 2.3734589450e-02 6.0698180014e-03 4.0047129315e-02 6.3805440028e-02 1.9449644084e-03 1.6800082335e-02 8.4163294528e-02 4.7445879751e-02 -6.0092056917e-03 -5.5879228882e-02 5.5530280418e-02 1.1576169514e-01 -6.1573598626e-02
-1.3278713978e-01 7.2075799069e-02 1.1027726198e-01 9.5994123031e-02 7.4921559197e-02 1.5431266329e-01 -5.7379109689e-02 1.3051146508e-01 9.3218931385e-02 -3.9989257896e-02 2.6155841111e-02 1.1592223491e-01 7.7602707177e-02 5.4363932595e-02 -8.2270862387e-02 1.1479766533e-01 -7.3795184065e-02 -1.0907077688e-01 1.5193705285e-01
-5.4135020267e-02 3.3384131271e-02 -2.0031752883e-02 8.2896295084e-02 2.1093156363e-01 3.0198332203e-02 3.4156937508e-02 -1.2028117883e-01 9.8901320780e-02 -3.6098554599e-03 5.2479620428e-02 -3.0038481589e-02 -1.5692970781e-02 8.1037966630e-02 1.3820574492e-02 -1.3160076747e-03 1.5994709381e-01 -2.5132404022e-02 3.8086558005e-02
3.5224637438e-02 -1.0908329076e-02 1.3983655555e-01 5.3259335696e-02 -5.6411028213e-02 1.4567190848e-01 -2.6187842602e-02 1.2341251085e-01 2.5996611538e-01 5.2111771249e-03 2.1205955499e-02 -4.0853646520e-02 1.4339394698e-01 -2.3422116824e-02 1.0680175173e-02 1.5269993218e-01 -2.2681152313e-01 -8.3717456398e-02 1.1079041810e-01
-6.0602166842e-03 5.1591444355e-02 -1.9912945110e-01 5.9335495955e-02 1.1357123332e-01 1.3570813882e-01 6.8776653926e-02 -1.9005318053e-01 -6.2116748754e-02 4.2963292004e-03 -5.4348969295e-02 9.2708861288e-02 -1.0048476306e-01 -2.9974044265e-02 -9.3198958082e-02 -8.5098396119e-02 2.5025325486e-01 -3.7494834408e-03 -1.1169112136e-01
8.6079300846e-02 4.6284039736e-02 1.2166633692e-01 1.5764695963e-01 -7.3287434377e-02 1.0994103512e-01 6.9298828027e-02 1.0152526422e-01 5.9813906231e-02 8.9788425612e-03 2.3385543410e-02 -1.4412381397e-01 -7.3558484315e-03 1.9157011268e-04 3.6983761750e-02 3.5498478640e-02 -1.6307357671e-01 -8.6825551204e-02 1.2286572893e-01
3.3346194404e-02 -4.9706258981e-02 -2.1192490600e-01 1.7181637317e-02 8.4953081902e-02 3.8872154033e-02 2.1031627950e-02 -6.6341104231e-02 3.3214923268e-03 4.3173765030e-02 -2.9379373860e-02 -2.0772667702e-02 -8.3507220402e-04 -2.0580186183e-01 5.8213170391e-02 1.8496968590e-02 3.1799780069e-02 1.8948629144e-01 9.6868937154e-02
2.1226168310e-01 3.4820372348e-02 8.5858752264e-02 1.3353580865e-01 3.2752305065e-03 7.1377718126e-02 -2.7515996037e-02 -1.9299071600e-02 8.6302458019e-02 -1.4650962731e-01 -5.8842813123e-02 -6.5871908971e-02 8.6213996236e-02 6.0666598920e-02 -6.9433597754e-02 2.1975839571e-01 -1.4414230128e-01 -1.3472589249e-01 1.3828034402e-01
