-1.2226962304e-01 1.7589857558e-02 -4.6122914716e-02 5.8093261234e-03 -4.6210426683e-03 6.8659209313e-02 6.8041401386e-02 -8.0216318855e-02 5.6379322679e-02 1.9891634894e-02 4.6785541317e-02 2.1785106674e-02 -1.6098357239e-02 -3.1340500967e-02 -3.8342218413e-03 -2.5075651935e-02 3.3285697465e-02 5.6539134488e-02
-1.3273285626e-01 -1.3144579770e-02 1.4395572215e-01 2.6938833980e-01 6.6237395577e-02 1.5909542602e-01 -7.5892321549e-02 1.0725261305e-01 -1.4651252328e-01 8.9715298105e-02 6.2822045181e-02 1.8962969733e-01 1.1372312888e-01 1.1252032212e-01 1.7975006817e-01 1.7042574889e-01 5.9067373343e-02 -2.5575664618e-02
-1.4057273266e-02 1.4090978135e-01 2.3841528788e-01 2.1245623004e-01 1.1938147931e-01 1.9395367903e-01 6.4758494787e-02 -7.7654283902e-02 -1.1384295341e-01 -1.0685519388e-02 1.8245286555e-01 4.4058630116e-02 2.3828636510e-01 8.1180831940e-02 1.1886551005e-01 2.3080893835e-01 1.9613598163e-02 1.5077707456e-01
1.2209955864e-03 -1.9395475586e-01 -1.4442771793e-02 1.3292755627e-01 -5.2534739152e-02 1.5282922787e-01 -6.7540009710e-02 9.8456655720e-02 2.6405975045e-02 2.2639565184e-01 -1.4016880340e-01 1.0237806013e-01 2.5781002932e-01 2.8931578000e-01 2.3331291252e-01 1.4578652897e-01 -6.0650258987e-02 -1.0888583384e-01
3.9077732243e-02 1.1538022076e-01 -3.7691304228e-02 9.0721538650e-04 -3.4631016703e-02 -6.6385356099e-02 1.0620548923e-01 -4.1168648862e-02 -3.0789594993e-02 -7.2416994993e-02 -6.0513769156e-02 3.3775200819e-02 2.9383774288e-02 -4.5122728222e-02 -1.0007750796e-01 4.4956368216e-02 -1.1417813028e-01 -7.1950940870e-02
-1.9016000099e-03 2.9671081325e-02 1.1554750213e-01 6.3195353649e-01 -6.3828119403e-02 6.6999589060e-01 8.4307470558e-02 6.6642735326e-01 1.5591948410e-02 6.3652364962e-01 5.1293929151e-03 5.6664661193e-01 6.1231989765e-01 7.2258271273e-01 5.1518836593e-01 5.2381061594e-01 -8.5780754054e-02 -3.3750436834e-02
-2.0717438970e-02 2.9000648733e-02 -2.0402518250e-02 4.0331494752e-02 7.1744033742e-03 -2.9345347322e-04 2.0893846832e-02 -6.4086251314e-02 9.4631367890e-02 5.7204285667e-02 3.1789133645e-02 7.4905081389e-02 3.9766513888e-02 2.8307553303e-02 8.2282298597e-02 -2.2560671872e-02 -7.9304998928e-02 -1.0747872947e-01
-3.7523426462e-02 1.5950708592e-01 1.9392656258e-01 4.0128868791e-01 2.6005254722e-01 5.6813268306e-02 1.6614010055e-02 -4.8671881571e-03 8.6355855677e-03 -1.1424956932e-01 1.3538581714e-01 -1.7910676778e-01 1.6795692715e-01 -2.0797436937e-01 -1.7820347986e-01 1.5094117219e-01 1.2842500155e-01 1.9774222210e-01
-1.1027351748e-01 2.4608661563e-01 1.9186872052e-01 5.1735414779e-01 1.0205289520e-01 7.1193465966e-02 3.7796390701e-02 -1.3793299839e-01 -3.5817901822e-02 -1.2194845283e-01 2.4501573766e-01 -9.9639520498e-02 2.2514809111e-01 -2.4919695851e-01 -2.0592204285e-01 3.1239821145e-01 7.3448707127e-02 2.1211204016e-01
-4.0108286277e-02 5.9017819629e-03 5.4928475912e-03 9.6319260260e-02 -4.2160828018e-02 -1.4922335428e-03 8.6754515829e-02 2.9954503436e-02 4.4713279279e-02 -1.3387380389e-02 -1.3176123597e-01 3.3501774082e-02 -6.5696307821e-02 -4.6230801747e-02 1.1877511763e-02 -2.0655353933e-02 -1.0073414637e-01 2.0931819959e-02
-1.1399183543e-03 3.8898899024e-02 1.0872367827e-01 2.4508284203e-01 8.4005556558e-02 1.1841984625e-01 4.7637084432e-02 1.3824947563e-01 3.7303426173e-02 4.2836651308e-02 8.1493300176e-02 5.8631090395e-02 3.0182413517e-01 2.4176527106e-02 2.9310903098e-02 1.2240100009e-01 5.0328046782e-02 4.0024698572e-02
-8.0063712496e-02 -1.2023870998e-02 3.9983457078e-02 2.3662353451e-02 -1.0692620353e-01 4.5382828760e-02 7.2631735106e-02 -1.0399501990e-01 4.3801411411e-02 1.1774978935e-01 3.2693777128e-02 1.5355690989e-03 3.6747355870e-03 8.5048983187e-02 3.8456107397e-03 1.4389866828e-01 1.5054131325e-03 3.9709150182e-03
-6.9154816207e-02 1.6647511635e-01 2.9780155254e-01 4.2472871733e-01 1.7729688883e-01 1.7188747035e-02 -7.3589579258e-02 -3.6876841109e-02 4.9310891801e-02 -1.5838533175e-01 1.1733577188e-01 -1.7578460304e-01 1.5941729817e-01 -1.6782845199e-01 -5.6454606072e-02 2.1797658272e-01 -2.1884448543e-02 3.1008726150e-01
-8.0700080545e-02 -1.3542255016e-01 -1.3445035175e-01 1.1722758551e-01 -1.6128038394e-01 1.7683197676e-01 -1.6337547698e-01 4.0752391298e-02 -1.6734693186e-01 1.8834705391e-01 -1.3092042877e-01 1.8746998595e-01 1.3443831017e-01 1.3384769338e-01 2.3510085742e-01 4.7258586520e-02 -1.0486375236e-01 -1.9526876435e-01
-1.8642809845e-04 -1.6092257748e-01 -1.6809034370e-01 1.0163586404e-01 -5.9088623161e-02 2.5463624381e-01 -6.3496726718e-02 1.3364671956e-01 2.5647410842e-02 2.1614399173e-01 -1.4374181268e-02 2.6269306220e-01 1.0741635828e-01 1.7207886639e-01 1.5833676664e-01 8.6223029796e-02 -3.3099708149e-02 -6.5147948833e-02
-5.4921542884e-02 1.6378132647e-01 1.2045639304e-01 3.4287563031e-01 1.2051962055e-01 2.2885032319e-01 -4.1835293951e-02 1.5660989506e-01 7.0263604968e-02 3.4770298169e-02 1.5776578954e-01 3.6095799862e-02 2.5572826466e-01 8.6209592446e-02 5.7739992584e-02 2.1576681107e-01 -1.1406452600e-01 1.3049941590e-01
8.2897818160e-02 -6.4243993501e-02 -7.3532148595e-02 -4.6377199785e-02 1.9276506862e-02 -8.2747691166e-02 -1.0126183714e-01 5.3490471938e-03 3.6393404187e-02 -8.3216140243e-03 -5.5977069702e-03 2.6652538565e-03 5.9562256187e-02 -1.2314789669e-02 -1.4058466003e-02 3.0075214600e-02 5.9161453837e-03 -1.8733047171e-02
-3.7502966011e-02 1.0567782232e-01 1.6484829828e-01 1.9007925721e-01 8.4884380817e-02 9.8535197091e-02 9.0859716200e-02 -1.2982572185e-01 1.3743517574e-02 -1.1061432954e-01 1.3217971285e-01 -4.3931707783e-02 1.7289212683e-01 -7.8228952730e-02 -7.0265056447e-02 1.9636566720e-01 -8.9166416759e-02 1.2622886324e-01
