-6.2707833108e-02 -5.5779176136e-02 4.5013641244e-01 1.0636457994e-02 5.3774811301e-01 3.9604170810e-01 -1.1041553701e-02 6.2898053562e-01 2.0854545303e-01 2.6029711792e-01 2.7899443437e-01 5.2750542135e-03 2.3458082886e-01 5.0116161689e-02 2.9662205041e-01 7.5584058717e-02 -4.6286844538e-02 -2.6807252398e-02
-7.7493650219e-02 -2.1492607563e-02 6.3815364437e-02 -4.9284647394e-02 -1.2753863765e-01 -2.7102931096e-02 1.0854935684e-02 6.8613800276e-02 -8.6181237327e-02 -2.6919825241e-02 -9.3903023973e-02 5.6090138125e-02 -3.5199191848e-02 -1.4024584577e-01 6.5257717179e-03 -9.1643414767e-02 -2.4811289288e-02 -3.7607970489e-02
-9.8487057388e-02 3.3792382347e-02 1.0478385271e-01 1.3376047834e-01 -4.9484111247e-02 1.5124529292e-01 3.1387902447e-02 1.8735665485e-01 4.9776006681e-02 1.0620967658e-01 1.9489583420e-01 3.1470532938e-03 1.1987343272e-01 -1.6117818339e-01 1.2881280289e-01 4.7752354018e-02 -8.6534007659e-02 4.3403051311e-02
-7.6693067966e-02 5.5036497216e-03 1.8484200626e-01 -8.6953772894e-02 -3.6743917400e-02 5.2545026775e-02 -2.4862042488e-02 1.0180249157e-01 1.1714253534e-01 6.9019591768e-02 1.1801097312e-01 -5.3849386312e-02 4.7136786519e-02 -5.4613091764e-03 1.3248480857e-02 5.7556062474e-02 1.1248641144e-02 -8.2755978702e-02
-5.3087179687e-03 1.1229320774e-01 6.9230458240e-02 1.6230765294e-02 -4.9882708711e-02 -5.2276867656e-02 1.3749132230e-02 3.1146995745e-02 -1.0191882354e-01 -3.1949559409e-02 5.5947552187e-02 -3.6719609367e-03 6.1840856259e-02 9.1367462034e-03 2.1856261593e-02 1.2841063154e-02 2.6365362521e-02 5.1145455530e-02
8.8111048542e-03 5.1856658436e-02 1.3374035225e-02 1.0202411769e-02 -7.0869484095e-02 8.6429888021e-02 -7.6409136902e-02 2.5400259671e-02 3.0181126291e-02 1.3603474972e-01 -4.3754943774e-02 9.6573477766e-02 -1.2307793825e-01 -1.5868065260e-02 4.4220811324e-02 1.0898322144e-01 -2.6309261037e-02 1.5882314178e-02
-3.4941259103e-02 8.3307183778e-02 6.0798298482e-03 -1.0519498686e-02 5.8162935029e-04 8.3708141527e-03 -1.2719413580e-02 -5.3549418353e-02 -3.7670975494e-02 -2.9530102876e-02 -4.6473085672e-02 -8.6756798069e-02 -2.4019171851e-02 -4.6254264729e-02 8.4171444315e-03 5.1802901408e-02 4.9618054565e-03 1.3133364700e-02
-1.8404270689e-01 -4.5410877842e-02 1.6639187647e-01 -1.1733628398e-01 -1.6939632643e-01 2.3244895615e-01 9.8265857863e-02 1.6121848822e-01 1.2428210255e-01 1.4418483341e-01 1.7138122801e-01 -1.5734172842e-01 1.5829561444e-01 -9.1947220326e-02 1.8542765799e-01 -1.3526262653e-02 1.7823525748e-01 4.3894507709e-02
8.5513175190e-02 1.2756978709e-01 1.5252790718e-01 1.4214417589e-01 3.5601180319e-02 1.6157818505e-02 -8.2649677813e-02 -1.6556148623e-03 3.9367359407e-02 -3.6155298238e-02 -1.5008512852e-01 -4.8591958618e-02 -5.6589671213e-02 -8.6938108280e-02 5.6966029021e-02 -1.1263421018e-01 -6.3250898266e-02 3.2899617358e-02
-1.1127606179e-01 -4.5555010900e-02 6.2300496235e-02 -5.8036010796e-02 2.7448741983e-02 1.3187281365e-01 8.0193407748e-02 1.3157728411e-01 2.4559202951e-02 8.5499672528e-02 1.8845878340e-01 -2.4477732310e-03 -3.0839097863e-02 2.0151756351e-02 1.0167173042e-01 -5.6887641350e-02 5.3697081598e-02 -5.8207144203e-02
-6.4419969568e-02 -9.8755255699e-02 -4.9369831650e-02 1.1985695786e-01 4.9973328306e-02 9.5451688240e-02 -2.3843219994e-02 7.5455171455e-03 -5.4009750862e-02 -5.7083480672e-03 -1.2498756247e-02 1.7417248882e-02 -7.1519933761e-02 7.9213213700e-02 2.8467774564e-02 -6.8620396701e-02 -1.0170813303e-02 -4.5788032122e-02
-3.8034007108e-02 9.7513149009e-02 5.0632076156e-02 1.2557195065e-01 -5.9356838892e-02 4.6390116678e-02 -2.7661462714e-02 5.3836043997e-02 1.4582756167e-02 -3.6230064435e-02 1.0499043329e-01 -2.3261996274e-02 3.7172780412e-02 -2.8253772488e-02 2.0534509622e-01 3.2089416236e-03 1.0732940987e-01 -6.2880736381e-03
2.5437138619e-01 1.0253458583e-01 -2.3534588095e-01 1.7468002155e-01 2.9579299052e-01 -1.7904805631e-01 -4.4610658787e-02 -4.7686969712e-02 -2.9083512938e-01 -1.1149322074e-01 -2.2677711941e-01 3.0429999162e-01 -3.0342659902e-01 9.5966517943e-02 -3.3000391570e-01 2.8633321227e-02 1.5936526305e-01 6.5660985626e-02
-3.3789449971e-02 -4.0166430313e-02 9.9046771112e-02 4.2112312258e-02 -1.2096430438e-01 1.3288905590e-01 1.6342034733e-02 2.0166508071e-01 1.0582008814e-01 6.9403742898e-02 1.0680349917e-03 9.2901007458e-02 9.7474161574e-03 4.3172217665e-02 1.0435383281e-01 -3.5853735581e-02 -4.8617375710e-02 -4.6277046949e-02
-9.3698284430e-02 2.8833981400e-02 6.8184231983e-02 -6.1044825815e-02 -3.2079723752e-02 4.1098842782e-02 2.3343293851e-02 1.9922204042e-01 5.8391565625e-02 2.0264408910e-01 1.4914536341e-01 -7.0652365934e-02 6.5169074394e-02 -2.5281337339e-02 1.3428975868e-01 -5.3310143678e-02 3.5835136955e-02 -2.3262744337e-02
7.2082586266e-04 1.6980200326e-01 3.4742814227e-02 -4.0626248403e-02 -8.3872295260e-02 1.4411706580e-01 -5.2720390544e-02 -1.5647046873e-01 5.4050736990e-02 -1.7206669084e-01 -8.1161848654e-02 -1.2887016486e-01 -5.7482452559e-02 -5.2964653228e-02 -9.8652984007e-02 -4.4734352122e-02 9.8822674833e-02 -1.2859769136e-03
-2.1850791471e-02 6.9002472977e-02 -6.4412555501e-03 1.4756271746e-02 -1.7561866155e-02 2.1764512386e-02 -2.5486256328e-02 3.3843909801e-02 1.6601195065e-01 1.3287057752e-02 1.9475076857e-02 6.8395679523e-02 5.1607686233e-02 -3.5523006546e-02 -1.1387578527e-01 -1.1207166820e-01 2.9463455992e-02 -4.9552070278e-02
-8.0679124990e-02 -6.7655647650e-02 2.1153414969e-01 -9.6811453915e-02 -8.3001048390e-02 1.5018209461e-01 -7.6816584441e-02 2.4353167086e-01 8.4641006753e-02 9.2476609921e-02 1.5226303857e-01 -1.0862371377e-01 2.3273256794e-01 -1.3769280578e-01 1.9161859462e-01 -2.8186721483e-02 3.7339602127e-02 -3.1040783483e-02
