-1.1735587260e-01 7.1036636835e-02 7.3020731306e-03 -6.1046429270e-02 1.5535170098e-01 4.4781480899e-02 1.6916696911e-01 4.3705016388e-02 2.6145758043e-02 6.7653789132e-02 -1.3458114933e-02 -8.9250887350e-02 -4.3892754953e-02 -2.7296353836e-02 3.5762148399e-02 6.5210862062e-02 1.0809650475e-01 3.8253800977e-02 1.1591427599e-01
5.6193666824e-02 -5.6044961268e-02 1.4990212522e-01 -2.3134664150e-01 -2.1923184431e-01 -5.9534029110e-02 -2.0767464856e-01 1.7733244895e-02 1.0683996066e-01 1.3199358315e-02 -1.6904519810e-01 -7.6307648953e-02 6.2449793829e-02 6.6152443744e-03 -3.6204330885e-04 -5.2012299793e-02 -6.0757748477e-03 -6.9951321069e-02 7.3664550713e-03
8.6325143352e-03 5.7794394122e-02 4.7612144478e-02 1.8168566243e-01 -2.8441367692e-02 1.0547716428e-01 1.4622512816e-01 1.2616690761e-01 -6.5499086654e-02 8.0277607674e-03 1.8901670985e-01 1.1087532947e-01 -1.0960507167e-01 -4.3484526858e-02 3.6889143928e-02 8.8653776591e-02 -8.0131686539e-02 -3.7053741304e-02 1.2709157889e-01
5.2164605534e-02 -1.5368370864e-01 9.2008392273e-02 -9.0310272271e-02 1.6306558524e-02 -7.8160729157e-02 -1.1333244406e-01 -1.7092101987e-02 1.1373616428e-01 -3.4941390372e-02 -4.4757102129e-02 4.4464020501e-02 1.3498825794e-01 -2.0718665936e-02 -4.3397656103e-02 -8.7292024172e-02 9.6301045084e-03 -1.9803125415e-02 -4.1125448597e-03
7.9297404327e-02 -6.7803318786e-02 -4.1072338040e-02 -7.1722377035e-03 -3.3778802717e-02 -2.5865748050e-02 7.0428857931e-02 1.1855473358e-01 -1.2740892043e-01 -4.2511134383e-02 -6.8785439924e-02 1.0327534065e-01 3.4002404871e-02 2.6630589507e-02 -1.0220896865e-02 1.1806089462e-01 -4.5828446641e-02 2.0999142820e-02 -4.5010227504e-04
-1.3462829499e-01 3.2216084566e-01 -7.4584610073e-02 1.6740913213e-01 2.4998684153e-01 1.0361521376e-01 3.3942479089e-01 1.6739259073e-01 -1.2884795675e-01 4.6419265467e-02 1.9507527638e-01 -1.8181349372e-03 -1.7086225289e-01 -5.3687269829e-02 4.8062571481e-02 2.1513387841e-01 -6.6307056589e-02 3.1181236571e-01 1.4309839332e-01
-1.0105847794e-03 2.4760741567e-01 1.0787406883e-01 1.6204785401e-01 1.2495836520e-01 1.0031745822e-01 2.2068659619e-01 1.1991305514e-01 -1.9507344835e-01 -6.3317044353e-02 1.0203875252e-01 -5.8470859157e-03 -5.2575651544e-02 5.8777857350e-02 1.1769387277e-01 2.4709112916e-01 2.9493325563e-02 1.5665535549e-01 1.5479035901e-01
-3.5313489477e-03 5.5561172673e-02 1.1996247388e-02 -1.3414408536e-02 2.7761931024e-02 1.1458790477e-02 -4.7418042073e-02 -2.0884714756e-02 -5.4748844842e-02 5.2225024295e-02 1.5133096577e-02 3.5271641150e-02 -8.7793611877e-02 1.4231297723e-01 2.9849730263e-02 4.7607780436e-02 1.3783793983e-01 2.5917172858e-02 -1.3468334363e-02
-5.9137874187e-02 -4.4465085763e-02 -9.8618005916e-02 3.9353924198e-02 9.0370024960e-02 2.4707850237e-02 -1.8227738178e-01 -2.0954132849e-02 -1.5646591819e-01 -2.1972054310e-02 -6.8262245974e-02 -4.2537246123e-02 5.5073444549e-02 2.3619792514e-02 4.6823034982e-02 4.1026327830e-02 -4.0173915389e-02 2.8670092388e-02 -9.2954686925e-02
-4.8223365733e-02 -8.3102599302e-02 1.8869011346e-01 6.3412121200e-03 5.3244596099e-02 8.4959182610e-02 -3.9266331662e-02 5.9949888533e-02 2.5341539949e-03 -1.7829771118e-02 1.2205731780e-01 -4.1027470256e-03 -8.0384486052e-02 8.0953878111e-02 5.7899685593e-03 2.1990595652e-01 -3.5533921904e-02 7.0535626629e-02 1.1943224542e-02
-2.8266223670e-01 3.7699709584e-01 -9.6714929079e-02 4.8230085541e-01 4.3314046352e-01 3.8848143710e-01 4.1611391940e-01 3.5755424280e-01 -3.5946799063e-01 -1.1490760974e-01 3.5143775565e-01 -9.8675705600e-02 -3.6988967248e-01 -2.4339622504e-02 1.3579289168e-02 2.9924554916e-01 -1.2491504868e-02 3.0796610932e-01 3.5229994488e-01
9.8137704256e-02 5.0917808351e-02 -3.3748971964e-02 -3.1773913583e-02 4.4662645811e-02 -7.8885066974e-02 3.5656622760e-02 3.1653951098e-02 8.1132580249e-02 -5.4376697173e-02 6.3773542696e-02 -1.0221657296e-01 4.9980545496e-02 5.9669329507e-02 1.2919499375e-02 1.3449345125e-02 6.9357521324e-02 -2.2060914870e-04 -8.7939038243e-02
-4.7210166528e-02 3.6845089613e-02 -5.5511744047e-02 1.4406789403e-01 5.8890182323e-03 5.0245974514e-02 9.8494082489e-02 3.6198565877e-02 -4.7609012898e-02 -1.9239552608e-02 7.0287828399e-02 -5.7081334773e-03 1.6721907580e-05 -9.5206556066e-03 3.1472722466e-02 5.1002788445e-02 8.7770988414e-03 8.0983493514e-02 7.9116760079e-02
-1.0561450428e-01 1.6397083263e-01 -1.6310763741e-01 2.4551816197e-01 1.9582970037e-01 1.5694108396e-01 8.9071769649e-02 6.8933722418e-02 -1.6636235941e-01 -2.5948731902e-02 8.9367151947e-02 -6.7342258047e-03 -2.3325869133e-02 1.3009296804e-02 -4.6366338853e-03 2.1531555437e-01 -3.5610121468e-02 6.4423328420e-02 8.3540361987e-02
1.2139331469e-01 -1.1897457440e-01 2.1050626315e-01 -2.0005378868e-01 -1.9888874595e-01 -7.4324792938e-02 -1.4478602791e-01 -1.6327088576e-01 2.2775250150e-01 -8.6078153375e-02 -1.5818857499e-01 -5.0250556675e-02 1.0278095190e-01 -7.3510949641e-02 6.5150104099e-02 -2.4220899125e-01 7.8161631072e-03 -1.7993882054e-01 -1.2498165921e-02
-5.8367872212e-02 3.6888582745e-02 4.4067827872e-02 1.4193808608e-01 -1.0254528714e-02 -3.3764351015e-02 -1.2192509137e-01 -2.6247593389e-02 -2.3692766906e-02 -4.2426422179e-02 1.2780049116e-02 7.8673348505e-02 -5.8509629432e-02 -4.6071954411e-02 1.0203028249e-01 -6.0586816195e-02 4.5871312219e-02 6.1653052200e-02 -4.6862477381e-02
5.6218987372e-02 -8.2726047136e-02 -8.6335443532e-02 7.4706166833e-02 -1.4201706457e-01 7.0615982041e-02 2.4331078516e-02 1.1093354082e-01 1.1780801670e-02 -2.1134121240e-02 -1.7967226253e-02 6.9986578362e-02 -1.5968693434e-02 7.8331057056e-02 2.3010791055e-02 -1.1720373784e-01 -8.6654779439e-02 1.1083002246e-01 8.4097074996e-02
2.9568655597e-03 -6.6619946420e-02 -8.5803740971e-02 -8.3031094855e-02 -8.4551049192e-02 -2.7646153665e-02 4.6617892317e-02 -5.5571269272e-02 -1.0737424677e-01 3.9361641384e-02 3.3744596185e-02 7.6408219444e-02 6.2693608071e-02 4.9913774054e-02 1.2231915111e-01 -3.8225012891e-02 -1.9546956876e-02 -8.6835661255e-02 -5.6728065425e-03
-1.6076756684e-01 3.9570355386e-01 -1.3132780715e-01 2.3540581143e-01 2.5030266573e-01 1.9518973587e-01 2.5825302055e-01 2.5822086040e-01 -1.4123879584e-01 -3.6452833229e-02 2.7949679319e-01 1.0831145972e-01 -2.7410503227e-01 1.0137900652e-02 -3.7615665664e-02 2.4355844855e-01 -4.8040579627e-02 1.6882451037e-01 2.5113089458e-01
