-1.5096379663e+00
2.5149072304e-01
1.6483783561e+00
9.2091207540e-01
7.9674186771e-01
-1.0894793847e+00
-1.5179435648e-01
-2.5716866250e+00
-5.5462855150e-01
-5.2725162776e-01
6.2929638954e-01
1.2038531256e+00
2.4887274803e+00
1.5125791606e-01
-6.6547299495e-01
-2.1153325941e-01
8.3613267634e-01
-2.3135266641e-01
-5.7859258271e-01
-4.5007324006e-01
2.6909421623e-01
1.2001837909e+00
6.8756523567e-01
-3.0273078647e-01
2.3657215273e-01
-4.6735952967e-01
1.0219997651e+00
5.3046262280e-01
1.0462120138e+00
-9.1352338685e-01
9.7750772180e-01
1.9170114606e-01
5.9054756055e-01
6.7656615175e-02
1.6534997251e+00
-1.7023584187e-01
2.9972661686e+00
1.0811630880e+00
-8.0775332854e-01
-2.3904407548e-01
7.5645982750e-01
-1.3471432553e+00
-1.0140029522e+00
5.5378753267e-01
-2.3002833366e-01
-4.6742696837e-01
-8.7085894839e-01
-1.4710035228e+00
-3.7546272076e-01
1.7389124093e-01
-6.5691530519e-01
1.0100099437e+00
-1.3825626835e-01
-4.9713108104e-01
-9.2321013901e-02
6.9330516503e-01
-1.9420756077e+00
2.8586525031e-01
5.8045580812e-01
9.9381106042e-01
2.9326316095e+00
5.5691140204e-03
8.3649424271e-01
-3.1013229072e-01
6.7682701157e-01
1.0279009205e+00
-2.0517533837e+00
-2.9734612022e-01
4.5975706841e-01
1.9362150096e+00
-1.6336418308e+00
-9.2948496746e-01
1.8067781472e+00
5.1884771398e-01
1.9235279751e+00
-4.1181434153e-01
-2.0386720758e-01
-3.7840471720e-02
-1.0639112090e+00
9.5692585253e-01
-1.6577083057e+00
1.1309264127e-01
-1.2987666779e+00
5.8950686128e-01
6.5284983149e-01
3.8762407924e-01
1.5264652875e+00
-8.8802826754e-01
9.2430135217e-03
2.8539264292e-01
-2.7852995781e+00
4.7479152011e-01
1.6623149520e+00
-1.9182032664e+00
-2.4100967729e-01
6.6895746827e-01
-9.3841818632e-01
-2.2962870015e+00
3.5416353070e-01
-7.0974394420e-01
-1.5158844486e+00
7.1276658333e-01
-9.1087490621e-01
6.7859876492e-01
1.4233104867e-02
5.5047867002e-01
7.2682085605e-02
-3.0110333970e-01
2.8301948052e-01
-1.1034202608e+00
-2.9500445760e-01
-4.0888254974e-01
5.1724601643e-01
-1.3914208299e-02
-3.2550352873e-01
3.6738458168e-01
1.4433413397e+00
-9.8097869136e-01
-1.5228465665e+00
-5.6225717152e-01
-3.6080659864e-01
9.5319485135e-01
8.9723144211e-01
5.1979827183e-01
3.5483509617e-01
1.4946151798e-01
-1.7635167298e+00
1.0862674817e-01
-6.2995408040e-02
2.8088036814e-01
-5.9201611480e-01
1.7622622935e+00
1.7045621656e+00
-1.4030058216e+00
4.7587839632e-01
9.0561370835e-01
-1.3111198958e-01
-4.1763279301e-01
-8.2577752694e-01
-8.8921358094e-01
7.6978763169e-01
6.9785533486e-01
1.2849980846e+00
6.8514804299e-02
7.0402251340e-01
-1.9122835071e+00
1.9465232073e-01
1.3353863108e+00
-1.8906880221e+00
-5.9022849663e-01
-1.1803250929e+00
1.2099083110e+00
-9.8355531722e-02
-7.7920930870e-01
-1.3411098147e+00
-9.2841659736e-02
4.4728665612e-01
-3.5421720839e-01
-1.8754343147e+00
-8.4051579475e-01
2.3999848600e-01
-9.0654578148e-01
-1.0311311645e-01
-1.9048244123e+00
-9.9907517389e-01
4.0238512145e-02
1.6465109868e-01
-1.6895606274e+00
1.2957471466e+00
-6.4778492053e-02
-2.4761263463e-01
4.4585141806e-01
-8.1128372655e-01
2.0916619266e-01
-1.1469774398e-01
-1.6688517671e+00
3.2254573886e-01
