-1.7937309654e-01 5.4783057554e-01 4.3854393595e-01 3.4799166009e-01 -2.9250613263e-01 -6.7276252383e-01 -4.2373481911e-01 8.9276906583e-01 3.7968303553e-01 -2.5953622409e-01 4.2141446754e-01 -3.3317479886e-01 4.8133393634e-01 -2.8663074810e-01
1.7465059855e-01 -1.3533276556e-01 -3.0699582619e-01 -2.3892696074e-01 2.6128208385e-01 -3.1691239360e-03 2.4790921368e-01 -1.5414531980e-02 -1.7144676571e-01 2.5309163458e-01 -3.2159818733e-01 3.3429865129e-01 -3.8404839265e-02 2.7850323519e-01
-5.9305657116e-01 3.3863856570e-01 3.9577696934e-01 3.4105178712e-01 -5.5545142728e-02 -1.9930797479e-01 -2.5761612514e-01 2.8353577076e-01 3.7690315211e-01 -4.8199823643e-01 4.2470517415e-01 -4.8553950538e-01 2.6357682828e-01 -2.1439543043e-01
2.1334864097e-01 1.0143915274e-01 -1.2254279209e-01 -2.1353840159e-01 4.7915192653e-02 2.1403005524e-01 2.8300621587e-01 -1.8723566240e-01 -3.2327651380e-03 2.5252230268e-01 -5.9252420299e-02 -1.6419048237e-01 -1.7817246936e-01 1.3750989160e-01
2.0180424734e-02 -4.2556389823e-01 -2.7157087238e-01 -1.6887793102e-01 -1.1041772872e-01 2.1367427540e-01 2.6752567217e-01 -3.1855941004e-01 -1.9853965808e-01 1.2325316644e-01 -3.5766015054e-01 3.5158030231e-02 -3.6113727739e-01 2.4882293875e-01
1.3229001765e-01 1.2154423434e-01 -2.5053056725e-01 -2.6019164601e-01 1.8936137149e-01 7.1163395477e-03 8.1811683629e-02 -3.5693766843e-02 -3.1031719567e-01 1.6299019198e-01 -3.4142888418e-01 7.7129424722e-02 -7.1338743145e-01 1.0534484208e-01
-3.1168122767e-01 8.5527769217e-02 4.3829396962e-01 4.1938254038e-01 -2.6026382071e-01 -3.3443490905e-01 -2.9221187473e-01 6.5631971133e-01 3.8146771331e-01 -4.3052679596e-01 4.2158482371e-01 -6.3282005116e-01 4.1556763940e-01 -4.1740335531e-01
1.1913153791e-01 -2.4565844103e-01 -5.5940229568e-02 -1.5743087178e-01 1.6295368470e-01 2.3935038341e-01 1.3574896717e-01 1.2994839793e-01 -1.0414062041e-01 1.9539677754e-02 -1.7516622289e-01 7.8380385018e-02 3.4027809312e-03 1.6454672374e-01
-1.0402624582e-01 -4.0135260776e-01 -1.5218376361e-01 -5.3587633428e-01 2.0556829738e-01 -6.0412200576e-02 2.4923351391e-01 2.3150594693e-01 -4.1340773841e-01 8.0041280294e-02 -4.7325046428e-01 3.4234855221e-01 -2.5581039500e-01 5.6262870665e-02
-1.3340260896e-01 3.4655393922e-01 2.2643950261e-01 -1.0078743595e-01 -2.3222565160e-01 -4.1349216029e-01 -3.3696362444e-01 2.2588748336e-01 1.9680195001e-01 -3.1256936487e-01 1.7290350846e-01 -8.9392337891e-03 1.7422552987e-01 -1.8058977571e-01
3.1120165896e-01 4.9012847624e-02 -1.0206321587e-01 -8.1142838780e-02 -7.1936664182e-01 3.3333335726e-01 4.2394751390e-01 1.8767569325e-01 -1.0927019947e-01 3.8990548855e-01 -1.6137123434e-01 -5.7221343399e-01 -7.6032232566e-02 3.7477297866e-01
-1.9829844892e-01 2.0181852139e-01 7.8384700089e-02 1.2583318654e-01 1.9634095425e-01 -9.0410079850e-02 1.7883748883e-01 -4.3942195976e-02 1.2729611897e-01 -1.4580847871e-03 1.2410907999e-01 2.5061020753e-01 -5.1336191696e-03 9.1384201998e-02
3.7173689765e-02 1.9477926238e-01 2.1939113695e-02 4.8254519528e-02 1.0203273388e-02 -5.9346123018e-02 2.7281977881e-02 1.9332187588e-01 1.4000693527e-01 -2.0133315552e-01 3.0990582083e-02 2.6851119934e-02 1.5336363177e-01 -6.6363284037e-02
-7.9896119859e-02 1.3604487264e-01 2.1258179253e-01 8.4839422219e-02 3.4515185633e-03 -5.4553153795e-03 -6.4779692121e-02 2.4512529043e-01 1.4565306366e-01 -2.3780799247e-01 1.3630071968e-01 4.4804624641e-02 2.2952748026e-01 -7.8404710995e-02
