-1.0387590222e-01 -1.1849640710e+00 -1.6015109119e-01 -1.1198514972e-01 -1.6759531991e-01 4.9864868435e-01 1.5636252218e-01 -2.4827148093e-01 5.0562323144e-01 -4.6791554161e-01 -2.2994528439e-01 5.0262618508e-01 4.9980069359e-01 -9.0219241350e-02
1.4986215103e-01 -2.6840501966e-01 -2.1991035582e-02 1.0212855544e-01 5.9937248127e-03 2.2100890723e-01 2.5036552916e-01 -1.6241634662e-01 1.3274397563e-01 -1.4662641964e-01 -5.1953108055e-02 1.6844719802e-01 1.8359030060e-01 1.8292885231e-01
-1.8658947330e-01 1.1711591551e-01 -6.4961172342e-02 -2.4338147002e-01 -2.5081735067e-01 8.3262620059e-02 2.9563074465e-02 2.2176414786e-02 4.0784034815e-01 -6.7212262260e-02 -9.3385118899e-02 1.9557779674e-01 1.6817283186e-01 -6.2206801926e-02
-4.4373102753e-01 9.4185575231e-02 -6.6547247853e-01 -4.3773484511e-01 -5.4562852115e-01 1.3633750379e-01 2.5205299293e-02 -7.4748394957e-01 4.0497631032e-02 -1.0654374359e+00 -7.1721821636e-01 1.4359788997e-01 1.4101054802e-01 -3.8737609819e-01
-4.5812643545e-01 1.3975292785e-01 -4.4057313370e-02 -4.5906128443e-01 -2.0083754965e-01 6.0957459397e-03 6.1834433549e-03 7.7341720496e-02 -2.1461661314e-01 -3.5316952099e-02 -7.2691922024e-02 3.4336319838e-02 3.4631074760e-02 -4.8204956301e-01
3.3000877526e-01 -6.4955023904e-02 -4.1779542741e-01 2.9773276932e-01 2.1146715081e-02 1.0495548854e-01 3.1087705593e-01 -7.1214485358e-01 -6.1347937853e-01 -2.4530237305e-01 -3.7503023814e-01 -1.3532713358e-01 1.0219698327e-01 2.8953397030e-01
3.5708806233e-01 7.2837951452e-02 3.6835085494e-01 3.4596865406e-01 3.1914336296e-01 -3.1754212077e-01 -9.5276528446e-01 3.2723302183e-01 1.7095155202e-01 3.9834162027e-01 3.9722664319e-01 -2.0566458578e-01 -2.9957526178e-01 4.9000355227e-01
2.1117113902e-01 -5.8270740692e-02 2.0753622168e-01 1.8131917741e-01 8.7402428362e-02 1.2871124043e-01 1.3834140882e-01 2.1758552658e-01 4.1146879811e-02 -1.9127872798e-02 1.7981874044e-01 1.5088333214e-01 -9.5131292965e-03 1.9123130459e-01
1.6286964866e-01 3.1538983668e-01 1.5850053545e-01 1.1535584932e-01 1.8453760148e-01 -1.6886545762e-01 -2.5374868277e-01 2.9175953382e-01 1.5105145631e-01 4.1322130338e-01 1.6471799457e-01 5.8442394714e-02 -1.5998742068e-01 2.4363189595e-01
-4.8437985898e-01 1.5934663699e-01 1.7123464643e-01 -5.2798888435e-01 -1.4938226491e-01 -9.3152218302e-02 -4.7477948549e-04 2.1232388013e-01 -4.4713820838e-01 1.0248088340e-01 1.4276720045e-01 -3.8252201485e-01 -1.0753216096e-01 2.5272122828e-02
2.0746334838e-01 1.5283794552e-01 2.4420162069e-01 1.9651082290e-01 7.3430355958e-02 -1.5048628624e-01 -1.6774237730e-01 1.1219139102e-01 5.8880091672e-02 1.2101789967e-01 2.3459628567e-01 -2.1609070049e-01 -3.2336347052e-01 1.9152462613e-01
1.6445446600e-01 -1.8009607450e-01 -1.4611399664e-01 1.7463448118e-01 9.6875664731e-02 2.7734301291e-01 2.1159718013e-01 -3.4003860355e-01 2.5305527649e-02 -1.8375921247e-01 -2.0342888251e-01 1.6207282003e-01 1.8156543097e-01 9.1746274409e-02
1.8046070089e-01 4.1153313610e-01 3.4575343313e-01 1.7492266940e-01 3.1701543795e-01 -3.5069305184e-01 -3.2256472364e-01 5.7996559105e-01 -2.9720825872e-01 4.1885788940e-01 2.9900763269e-01 -3.5776806991e-01 -1.7462055657e-01 2.2369698879e-01
6.7326593281e-02 -1.4127989341e-02 -1.7128437216e-01 7.3952872040e-02 -2.1365128571e-02 1.1053329710e-01 5.3302318040e-02 -5.6447736879e-01 -6.4980454394e-02 -8.9672154958e-02 -2.3622148410e-01 5.2284446325e-02 1.0052917647e-01 -5.4790678303e-02
