1.3589717968e-02 2.0439031762e-01 1.5276161186e-01 1.8878367020e-01 1.9441807049e-01 1.0159055467e-01 -3.1591918040e-02 9.3291725066e-02 1.8898024515e-01 1.1739745801e-03 -9.2030640406e-02 1.6282145591e-01 -1.5890862436e-01 -3.2707540621e-03
7.3621186587e-02 3.2955543750e-01 3.3002091366e-01 3.3075123106e-01 3.3164233136e-01 -6.4319710047e-01 -8.8981624022e-02 1.0398250397e-01 2.6505142595e-01 -6.7206339545e-01 -3.4596888263e-01 3.2089063694e-01 -1.4789126108e-01 -7.2576223573e-04
-6.9675762361e-01 -2.7602357953e-01 3.6340495892e-02 6.0829373509e-02 6.2358448797e-02 8.0071645157e-02 3.2887751248e-03 -7.9864383214e-01 6.6481408651e-02 3.8502173442e-02 -1.3773850973e-01 8.7976188184e-02 -4.6873660198e-02 -6.5262541535e-05
3.1585858591e-01 -1.7052065235e-01 9.3004099202e-02 1.1276959135e-01 1.1044958616e-01 1.4085053218e-01 1.4572158203e-01 2.8339649609e-01 4.6832768944e-02 1.3038570307e-01 5.3342529827e-02 1.2968157475e-01 7.0864675400e-02 1.1420481501e-04
1.1571446749e-01 -1.4052751824e-01 -6.3353215953e-02 -3.7472878980e-02 -3.7576537704e-02 1.6765163068e-01 9.2807999101e-02 8.2772883764e-02 -6.0712368369e-02 1.2874329897e-01 1.3113449426e-01 -9.7653721658e-02 8.1360784099e-02 5.0817387357e-04
1.0848070331e-01 -4.2297504939e-02 -3.0740890156e-01 -2.8393367462e-01 -2.8113000349e-01 2.0802702985e-01 2.0903572702e-01 5.4724493872e-02 -5.3623377993e-01 2.0861609126e-01 2.0888189995e-01 -3.8355958250e-01 2.0182542449e-01 2.2039077639e-04
-2.6424612330e-01 2.9264543332e-01 3.5922698884e-01 3.6968336286e-01 3.6570922530e-01 2.7069982157e-01 -3.8508953748e-02 -4.0183728223e-01 4.9963003591e-01 2.6040308681e-01 -2.4227941266e-01 4.4545102149e-01 -1.5809645692e-01 -4.9302923376e-03
1.7679712243e-01 1.0753599447e-02 -2.7612124544e-02 5.0457034654e-03 2.2440555808e-02 1.5213782691e-01 3.0442423659e-02 9.8523994849e-02 -1.1802289095e-01 8.8803781071e-02 7.7078184890e-02 -5.1013992031e-02 1.4944287694e-02 -2.8870970568e-03
3.0487802865e-01 4.8077740310e-02 1.2641398827e-01 1.6179361372e-01 1.8137153771e-01 -1.5047291334e-01 4.0928519862e-02 2.1974965004e-01 1.3854703436e-01 -3.2114945987e-01 -1.7311900574e-01 1.4937731902e-01 -1.2145622467e-01 -5.4270267599e-03
3.9166478861e-01 -8.6411202654e-01 -2.9943646304e-01 -2.9646541069e-01 -2.8858961788e-01 3.1628949568e-01 3.9229153521e-01 3.5906790526e-01 -2.4834655991e-01 3.4777604570e-01 3.9255192108e-01 -2.5590057905e-01 3.4450014054e-01 3.7399449985e-03
5.1644304510e-01 -4.6249701597e-01 -5.4991196577e-01 -5.7320300611e-01 -5.8028912624e-01 6.8244298517e-01 3.3153580865e-01 3.8250249518e-01 -1.7201985029e-01 6.9455900938e-01 3.1384307151e-01 -1.3460504184e-01 3.0456006153e-01 -4.0978498353e-03
-4.0625312717e-01 2.6479374512e-01 1.4402354630e-01 1.5824555470e-01 1.7797692227e-01 2.5047011980e-01 7.2002843307e-02 -5.5637995308e-01 3.9636142766e-02 2.1288234142e-01 7.3699740528e-03 1.4517946251e-01 2.2695795655e-02 -3.2414532895e-03
5.8804893602e-01 -4.0564139348e-01 -9.6865789322e-01 -9.1750046188e-01 -8.9962634261e-01 5.0467966506e-01 4.3761064760e-01 6.6871920267e-01 -6.2163604566e-01 4.5792584794e-01 4.8100422855e-01 -6.3255897399e-01 4.8628393765e-01 -1.3512254851e-04
1.3258984765e-01 -1.1459121464e-01 5.5400078869e-02 8.4042156336e-02 7.5720912101e-02 -3.9312559167e-01 -3.4575549357e-01 2.6500059137e-01 1.3576142489e-01 -4.2843808889e-01 -8.0822040781e-02 1.4594929947e-01 -6.2485568353e-01 -1.0466246772e-03
