-1.9466964532e-01 1.2063361534e-01 1.3929155415e-01 -8.1785000926e-02 7.6750302651e-02 6.1117138900e-03 -5.6371924433e-01 -2.1061929315e-01 2.3055037507e-01 -7.4023534776e-02 8.7095586507e-02 1.1615951657e-01
-1.1068711802e-01 -6.7108122869e-02 2.8531346176e-01 -5.7540188582e-02 -2.5468232435e-01 9.0293790675e-02 2.4237581313e-02 1.9660920252e-01 -4.5510076631e-02 -1.7229366780e-01 1.3398417731e-02 -2.0083020953e-02
-1.7732476032e-01 -4.2694757595e-02 -7.8520332655e-02 -9.2281139296e-02 -1.1669845997e-01 1.6175369940e-01 1.7050706157e-01 -1.5574241805e-01 1.4454702572e-01 1.6208307095e-01 -8.6258041381e-03 9.9192258574e-03
2.8240357862e-01 -3.5430024245e-01 4.5373505842e-02 4.6611014812e-01 5.5556056447e-02 -2.7639890880e-02 -8.7883553857e-02 -2.2091245026e-02 -1.5086847469e-01 -5.1996857281e-02 -5.7512134237e-01 -1.3068397591e-01
4.4970538771e-03 -1.6271026277e-01 1.2253139260e-01 -1.7655651203e-01 1.4737607151e-01 -7.5427154657e-02 4.7214968942e-02 6.8040900459e-02 -1.6878264674e-01 2.0086972582e-01 1.0989136394e-01 -4.1640558117e-02
4.6994755493e-02 2.9139275504e-01 1.9211751118e-02 5.7712499866e-02 2.4286891793e-01 3.3501948946e-01 -1.6504482886e-02 2.3620904194e-01 3.7724717044e-02 -4.1541403658e-01 -5.5121861954e-02 2.8269252777e-01
-1.2328268065e-01 -1.7164815734e-01 -1.4530713659e-01 1.5947492609e-01 1.6212697670e-01 4.4684650330e-02 -3.7441740622e-02 -7.2983630904e-02 -4.9087760705e-03 4.5203527211e-02 -6.9409266742e-02 -2.0936245315e-02
1.3574118569e-01 2.2747699943e-02 -4.2742234319e-01 2.5587128539e-01 2.5434551110e-01 2.6510112658e-01 -1.3680552351e-01 -1.1309656763e-01 9.7693601748e-02 -1.6472574862e-01 7.0671259930e-02 1.2989608858e-01
1.8661316262e-01 -9.6998842005e-02 -4.3309320225e-02 -1.8971903556e-01 2.0285554460e-01 2.0211600828e-02 1.7700745600e-01 8.4025072135e-02 -2.1828050807e-01 -4.5636971600e-01 -1.7632997261e-01 -5.7452568053e-03
-1.4732188638e-02 4.7209777205e-02 -2.5887354399e-02 1.2801901254e-01 7.7052984945e-02 -6.6102614732e-02 1.8362373466e-02 -1.4413728183e-02 2.5813175160e-02 1.3440554342e-01 -9.2603915135e-02 -1.2754754380e-02
