3.2490295096e-01 -1.9137261226e-01 -1.7413562493e-01 -2.7746497525e-01 -2.2616990468e-01 2.9227782297e-01 2.2660512139e-01 -2.1680000636e-01 2.2342801924e-01 3.4958963295e-01 -2.1901822294e-01 -2.0777771552e-01
2.7664903158e-01 -1.6672224787e-01 -1.4935656518e-01 -2.4174836029e-01 -1.9659619766e-01 2.5928283460e-01 2.0231085448e-01 -1.8850866021e-01 1.9527568843e-01 2.9992186707e-01 -1.9176304505e-01 -1.8080469796e-01
-1.9163302146e-01 2.2642647977e-01 2.3216796163e-01 1.9355090554e-01 2.1020498584e-01 -1.9249165115e-01 -2.0809789280e-01 2.1524316875e-01 -2.1255139067e-01 -1.9493438219e-01 2.1829687636e-01 2.2187388212e-01
2.7723413830e-01 -1.7871733394e-01 -1.6895483136e-01 -2.4311359455e-01 -2.0601981669e-01 2.5504822045e-01 2.0901245997e-01 -1.9525841075e-01 2.0372656984e-01 2.9464951653e-01 -1.9605375896e-01 -1.9158331660e-01
-1.2645920330e-01 1.3613995265e-01 1.3818421269e-01 1.2886068164e-01 1.3503060975e-01 -1.2564879392e-01 -1.2714203192e-01 1.3310272093e-01 -1.3091695011e-01 -1.2060076629e-01 1.3575367485e-01 1.3844433465e-01
-2.3391518347e-01 2.2377219940e-01 2.1568767860e-01 2.2978058498e-01 2.3034009117e-01 -2.3012180921e-01 -2.3264526190e-01 2.2985893766e-01 -2.3065245195e-01 -2.2972896287e-01 2.3337669087e-01 2.2820773737e-01
1.7270568140e-01 -2.7018355983e-01 -2.8306512210e-01 -1.9695261208e-01 -2.3298604568e-01 1.8221807480e-01 2.3246422737e-01 -2.4771749412e-01 2.3771567948e-01 1.5947720071e-01 -2.5096488234e-01 -2.5163578033e-01
-2.0337412020e-01 2.6245062237e-01 2.6959749083e-01 2.1844336184e-01 2.4597983131e-01 -2.0774502171e-01 -2.4494367677e-01 2.5161734522e-01 -2.4859245646e-01 -1.7794138405e-01 2.5405674914e-01 2.5656854167e-01
8.1178994433e-02 -1.7679488447e-01 -1.8682599110e-01 -1.0994307190e-01 -1.5239105077e-01 9.7169627188e-02 1.5126606830e-01 -1.5721818848e-01 1.5016966139e-01 5.3644368888e-02 -1.5616719859e-01 -1.6703628877e-01
-1.7793663310e-01 1.2024505419e-01 1.1226756693e-01 1.5825392466e-01 1.3511969479e-01 -1.6642121537e-01 -1.3835494318e-01 1.3261901103e-01 -1.3758951001e-01 -1.8406587469e-01 1.3155715364e-01 1.2705782932e-01
-8.0509032183e-02 1.8812416076e-01 1.9064233738e-01 1.2686168641e-01 1.7210995214e-01 -1.0806430812e-01 -1.6953427455e-01 1.7969300158e-01 -1.7517786754e-01 -5.6988810146e-02 1.8146559031e-01 1.8358335750e-01
-1.6864478526e-01 2.9894663792e-01 3.1455071427e-01 1.9851074964e-01 2.4823763613e-01 -1.8593400386e-01 -2.5250099970e-01 2.6773252097e-01 -2.5418989305e-01 -1.6648238000e-01 2.6964123367e-01 2.7396663935e-01
