-7.5202150003e-02 -1.8977918171e-01 5.0415289761e-01 -3.0347060472e-01 3.7392404746e-01 3.9054194625e-01 3.7409862405e-01 -8.8457457000e-02 -8.6162382243e-01 5.7097189555e-01 -3.6416540157e-02 -8.8892983693e-02 -1.2330680037e-01 -2.6331693229e-02
-3.0521276863e-01 -3.4990834920e-01 2.3013228368e-01 3.1054105113e-01 6.3992938160e-02 1.8251351779e-01 -1.0228710984e-01 4.7508286367e-01 -1.5288371148e-01 3.8017765338e-01 1.4326711221e-01 -8.2429127559e-02 4.3773904544e-01 1.5087346380e-01
-4.6980597537e-01 -1.1392426647e-01 2.3418252836e-01 -4.6346940017e-01 3.4995507812e-02 6.0638905567e-02 -3.3831659520e-02 2.9235530119e-02 -1.4371899132e-01 1.7307270862e-01 7.9760391155e-02 3.1321275586e-01 -1.8048290865e-01 -2.1836007177e-02
4.1318684076e-02 -2.9965178656e-01 2.9360175002e-01 -3.2878891174e-02 -2.4630634945e-01 -2.2501829446e-01 3.6052352860e-01 1.9541224414e-01 -2.9800574337e-02 2.6764039629e-02 2.8876602420e-02 1.3741255543e-01 1.6924419240e-01 2.1720608169e-02
1.6065088406e-01 4.4634674746e-02 1.5054491790e-01 1.7373690058e-01 -2.4323607616e-01 -8.6134923551e-02 -1.1119796017e-01 1.1556391403e-01 -9.3331018484e-02 -1.5823479133e-01 5.8368491603e-03 -1.2985956562e-02 -1.8254238260e-02 4.1184163952e-01
-2.0281469562e-01 -4.6983862209e-01 1.0732352412e-02 2.0394353384e-01 7.6511356140e-01 2.9827467377e-01 -2.6621714574e-02 1.4483305897e-01 1.1757011711e-02 1.8059082680e-02 2.2675931838e-01 -4.6039023418e-02 1.2365854707e-01 -7.4113947357e-02
-1.8581465573e-01 -1.7489859245e-01 3.9836228903e-03 -1.3067789961e-01 -6.7152914091e-02 -1.7011704763e-01 1.0907879335e-01 -3.1828342465e-01 -8.2490496263e-02 3.3831469870e-01 1.3414849872e-01 6.1773903157e-01 -1.3107249359e-01 6.3709351707e-01
2.6155703349e-01 4.1616122689e-01 -5.0133154989e-02 -2.9099451748e-01 3.9612382613e-01 1.8704349052e-01 9.1587456818e-02 -1.5625207626e-01 -3.2476099736e-01 -1.1748405424e-01 2.4698026118e-01 -2.7434671880e-03 -1.5159445012e-01 2.8297131198e-01
1.8251485287e-01 2.4086373839e-02 -3.9586269510e-01 1.5414410179e-01 -1.2693633178e-01 -7.0484883229e-02 1.3974620648e-01 -2.3050414616e-01 -2.1638390853e-02 -3.3644303774e-02 -1.7902186128e-01 3.6131812862e-01 1.1774556046e-01 2.5396672930e-01
-1.3487572822e-01 -2.4225643657e-01 6.4206443967e-02 -1.2509016443e-01 1.2049700615e-01 -4.5696848352e-02 2.1470095615e-01 -8.1246626159e-02 2.3288775085e-01 -1.0100206274e-02 -4.6738826359e-02 -2.4673534539e-01 -3.0221015868e-02 -2.5583722371e-01
