4.1011868851e-01 -1.8264226164e-01 1.0437327955e-01 3.1339415453e-01 -2.7457233058e-01 -3.7133708864e-01 1.4556663941e-01 -2.1409964760e-01 -2.0586539678e-01 9.5310811293e-02 -5.7532613203e-01 2.2253463897e-01 1.0587673551e-01 -2.6569700942e-03
-2.2944742153e-01 -1.1042359469e-01 9.8401699650e-02 3.6432657440e-03 -2.3648987554e-01 1.3491665766e-01 -2.9159663471e-01 -4.1510877889e-01 1.4695580944e-01 -3.5405756798e-02 -1.2786900319e-01 -1.1617921888e-02 3.5313761828e-01 -2.2340091620e-01
-5.4508021852e-03 -3.0137395210e-01 2.0244638284e-01 3.5677801314e-03 -8.8462893251e-02 2.8993770917e-01 3.2967887871e-02 5.0626354548e-02 8.7605573741e-02 2.3223165826e-01 -1.9688526885e-01 -1.1646079144e-01 -2.3035918940e-02 -2.0139333301e-01
-7.1851599015e-02 2.3162749082e-01 2.4734487871e-01 1.4341877379e-01 -3.1346639640e-01 3.6310274452e-02 1.8378883895e-01 -1.0765091764e-01 -6.4575724748e-02 -3.5287861001e-02 -8.3586591449e-02 -2.9227756849e-01 -5.3456029670e-02 4.1091647999e-01
-3.0500104688e-01 -2.9573199306e-02 1.2328867421e-01 -4.1254036633e-02 -9.2841491702e-02 8.0559632974e-02 1.2187236360e-01 3.6986507881e-02 -8.9210828741e-03 -2.1522078172e-01 -2.7978909607e-02 -2.7149345072e-01 9.3677800460e-02 -9.1637839057e-02
2.1939235811e-01 -2.5556209927e-01 -4.7570013078e-02 -1.2523368210e-02 -4.1588995267e-02 -2.5569860660e-01 2.6425167908e-01 -3.5304838645e-01 2.2571601524e-01 -2.7613216183e-01 -1.1254256599e-01 4.6417464406e-01 6.4052958546e-02 -3.8955921034e-02
1.4429229348e-01 -4.7380905285e-02 4.4953551725e-01 2.1844501336e-01 1.1426721809e-01 2.6140031045e-01 -3.6447638197e-01 -3.3465954221e-02 3.9383187444e-02 3.8588535679e-01 -2.0149927988e-02 -1.7993032087e-01 -7.1155490420e-02 1.2634972815e-01
2.6662587157e-01 1.2016354375e-01 1.6160282519e-01 1.1975476459e-01 -1.8764049987e-02 -2.3439449538e-01 -8.1594247170e-02 -3.0016774991e-02 2.0849628867e-01 -1.2691578378e-01 -3.4351337639e-01 2.2788435244e-01 -4.0946197455e-01 -6.0619142598e-02
-3.1663854884e-02 1.4737831380e-02 3.4798420872e-01 -2.2493312682e-01 2.0407406721e-02 -3.4135348993e-02 -2.7571625848e-01 9.9950964335e-02 1.5668875420e-02 -1.6818650178e-01 6.8907071444e-02 -1.4551975230e-01 -2.0602627603e-01 6.4367878688e-02
1.6902888962e-01 -2.1099340878e-01 4.0393447205e-02 2.7244708112e-01 1.7459092846e-01 -1.1443627156e-01 -4.7329197930e-02 1.2416118157e-01 1.8501704783e-01 1.5183402942e-02 5.0048459498e-02 1.6717778262e-01 -1.1795786920e-01 1.1127151700e-01
