-4.4588987033e-01 4.1312254196e-01 -6.0502493059e-01 -5.3141242699e-01 -1.1319600286e-01 5.7372704499e-01 2.3666942293e-01 1.3424073963e-02 2.0421369123e-01 -3.7300125143e-02 2.4223256367e-01 2.1845753183e-01 3.6474606547e-01 6.4550910316e-02
-4.2189447425e-02 -2.0709024614e-01 1.1548985847e-02 -1.7800550952e-01 -1.0003796497e-01 1.6368680130e-01 -3.4670175758e-02 8.9163350278e-02 5.8505826942e-01 -1.3941699854e-01 1.3654333091e-01 -4.6014199839e-02 1.4266481583e-01 -7.3896838058e-03
2.4264779991e-01 1.2668610813e-01 5.9776538948e-02 -1.9417653033e-01 -1.5681250806e-01 2.0207065333e-02 2.3279124862e-01 2.6330131767e-01 -1.7186696166e-02 -3.5897949996e-01 1.5937859186e-01 -2.0204516584e-01 -1.8382807708e-02 -1.5206693875e-01
-8.3722019806e-03 5.3593971810e-02 -6.6072811429e-02 -2.2357959451e-01 2.4126847888e-01 2.8464046982e-02 3.7289685190e-01 3.4268032684e-01 -1.1267407444e-01 3.6191489177e-01 1.2339133142e-01 -1.9482569616e-01 -1.1894355628e-02 5.4560725615e-02
-2.9994170098e-02 -4.7746874807e-02 -4.0702102413e-02 1.5729900876e-01 2.3755912816e-01 5.1776473533e-02 2.3470073774e-01 1.3139107701e-01 1.0129175472e-01 1.8404246397e-01 6.7324716507e-02 -4.4315584387e-01 -2.0784228157e-01 3.2692148633e-01
-1.0356063142e-01 -2.5343916330e-01 -2.4884046339e-01 -3.8250659158e-01 6.5147446918e-02 -2.2238451906e-01 5.7218028119e-02 -6.3220454277e-02 -5.1888341036e-02 -4.0754807193e-01 1.2209232759e-01 8.0970942927e-01 5.0044355589e-01 -1.3314701964e-01
8.1339135225e-02 2.3097085211e-02 9.7883016861e-02 2.5087680821e-01 -2.2082904515e-01 3.8157577526e-01 1.0156483763e-02 4.9843539845e-01 -1.3489589193e-01 -3.5960851005e-01 1.5317632991e-01 -2.6453135105e-01 -1.2931937219e-01 6.4090155009e-01
-3.1305312062e-01 1.4301933131e-01 -3.3356755793e-01 -1.4582854129e-01 -2.0747284632e-01 -3.2754428125e-02 1.5024694269e-01 1.8656619884e-01 -4.9182554806e-01 1.9376917522e-01 4.1803933558e-01 2.9943325664e-01 1.1774642907e-01 1.9078426631e-01
3.1233298006e-01 1.5284979140e-02 4.8192752533e-02 -1.1763874482e-01 -1.1460873549e-01 -3.1005861638e-01 4.8828101831e-03 4.1191689293e-01 1.0829026927e-01 2.2727203642e-01 -2.7661020024e-02 -3.4688641119e-01 -5.4077589705e-02 2.1469465100e-01
-6.6200067683e-03 7.1836550284e-02 1.5610277907e-01 -1.2258975515e-01 -2.6350480189e-01 -1.0086320258e-02 -8.5235801462e-02 2.6084361065e-02 -9.9279630189e-02 -3.9087293121e-02 -1.3638239396e-01 1.4050331175e-01 7.9477932118e-02 -2.1067152258e-01
