1.2972176257e-03 1.0507285038e-01 -5.6966441069e-01 9.7180874834e-02 -8.6647216673e-01 -5.1659792487e-01 -7.4327757100e-01 6.2008314994e-02 1.0571227903e-01 -6.6859776423e-01 1.0472081249e-01 9.4126592228e-02 5.7233079632e-02 1.3684445501e-01
6.1526073647e-05 1.6575461771e-01 2.3069455482e-01 -5.8130863005e-02 4.0210234482e-01 1.4972758098e-01 2.0059246253e-01 2.0803679289e-01 8.0963461840e-02 1.4738224309e-01 2.1305946401e-01 5.4449856190e-02 7.1517755715e-04 2.7561937047e-01
2.2336337661e-03 -3.6065907282e-01 5.6037863820e-01 -4.7618712079e-01 6.5617478495e-01 6.5754781192e-02 5.4772326135e-01 2.8382332872e-02 -4.4967182786e-01 7.2407341422e-01 -7.4974008717e-03 -4.5023995640e-01 -6.6159192815e-01 -4.7703387033e-02
8.9241038030e-04 2.8802326206e-02 1.6540050634e-01 4.3542460102e-02 -2.6003486967e-01 2.0808723481e-01 1.5890987279e-01 1.1477684435e-02 -3.0090069734e-02 7.0768335620e-02 -5.3098753225e-03 -6.2021213782e-02 -7.9040584275e-02 -7.4023175867e-02
6.4473901559e-04 3.8017424910e-02 1.4435122498e-01 -3.8705797241e-01 -1.7072382806e-01 1.6217831764e-01 1.4010453285e-01 8.0954469268e-04 -1.4563501020e-02 6.1192932640e-02 -1.0567110987e-02 -4.7257641278e-02 -4.3121451795e-01 -1.0735881140e-01
3.2996077156e-03 2.6974436033e-01 -4.0921518717e-01 3.1545023073e-01 -3.7617486322e-01 -4.3065556218e-01 -5.0318823926e-01 3.6290446132e-02 2.1782197569e-01 -5.6670469545e-01 9.8970883482e-02 2.0661817755e-01 2.3361175556e-01 1.0326238834e-01
-9.3278747139e-03 2.2547209874e-01 -2.0542333744e-01 7.5231144691e-02 -9.6523091194e-01 -1.6438796940e-01 -1.9364696060e-01 2.5220177044e-01 2.2325749202e-01 -7.9955556321e-01 2.5768716332e-01 2.2469716305e-01 6.5693901077e-02 2.0790548844e-01
-6.1540496451e-03 -1.1568328857e-02 2.4821738840e-01 -3.1518266137e-02 2.1890943662e-01 2.6410818004e-01 2.0885742118e-01 -2.0974052747e-01 -1.7315562781e-01 1.4638236118e-01 -1.8720771704e-01 -1.9268998426e-01 -7.0804428006e-02 -1.9911354714e-01
4.0602005100e-04 6.9664863366e-02 5.9761784963e-02 -2.1725667310e-01 2.1692152647e-02 -1.2606591415e-01 5.8685802171e-02 -1.4990511637e+00 -2.6742983000e-02 4.9490356216e-02 -1.5033076363e+00 -2.7673232100e-02 -2.9633530616e-01 -1.2636067699e+00
-4.0788652987e-04 1.2361703515e-01 -4.5896502795e-02 4.9036334478e-01 -3.4036427417e-01 6.4244421507e-03 -5.8942923333e-02 1.7234108154e-01 2.2680343618e-01 -6.9312447154e-02 1.8397490955e-01 2.2924184134e-01 3.7103593637e-01 1.5143899587e-01
1.0274722337e-03 1.7707174994e-01 -1.1856276182e-01 1.7598490081e-01 -2.0787674340e-01 -2.9252837284e-01 -1.2890645553e-01 3.0506135299e-01 1.5565368463e-01 -5.8239732301e-02 2.9880234761e-01 1.5569256478e-01 8.4821686048e-02 3.3833527416e-01
-4.7449726808e-03 6.8003191008e-02 1.7656638393e-01 1.3329876988e-01 1.2360910050e-01 2.5197533123e-01 1.4678418508e-01 1.2332630989e-01 -1.5083882085e-02 9.1912143026e-02 1.2015422682e-01 4.9487463820e-02 7.3749093695e-02 1.4078904971e-01
-4.5421809216e-03 3.0821858504e-02 -8.1370956967e-01 -4.2415101773e-02 -8.4822739384e-01 -8.9459919840e-01 -9.9924019171e-01 -7.0449935711e-03 2.0447787126e-02 -8.9277932286e-01 4.2732585960e-02 1.1280820729e-02 8.0264672127e-04 4.1777748088e-02
-1.4368032580e-03 4.4888560394e-01 -2.8772288928e-01 6.4280691261e-01 -7.3611570395e-01 -1.9663172446e-01 -2.9072036193e-01 3.7625407726e-01 4.2870700636e-01 -9.9542155029e-01 3.8120339750e-01 4.2028581274e-01 4.5054030347e-01 3.9787940668e-01
