-3.2578350248e-02 3.5342494231e-01 3.3477205039e-01 -3.0137576183e-01 2.9432252968e-01 1.9116658243e-01 -4.9255844485e-01 2.9630486961e-01 -4.7008532346e-01 1.9473652105e-01 -6.2900369109e-01 5.0425978517e-02
-4.4003428726e-02 -1.0179572696e-01 -1.0257906701e-01 1.9125926019e-01 -3.7771798465e-02 3.1613150833e-02 4.7388796126e-02 3.3608713103e-01 -7.8890399126e-02 7.9157162871e-02 2.9509468900e-02 5.4642691228e-02
7.2236737115e-02 3.6642792971e-01 1.8082846161e-01 -1.3748197969e-01 -1.3871986646e-01 7.9806398243e-02 -5.6828458079e-02 -7.9792417564e-02 9.9453033904e-02 2.6003239179e-01 3.4706592122e-01 -1.4795481222e-01
-2.2160879269e-01 3.8076609373e-01 -2.8752908187e-01 -2.1841635098e-01 -2.1658807120e-01 -6.7881731682e-02 -6.1243567017e-02 -2.8303915693e-02 -2.0036446187e-01 -2.3558486877e-01 -2.9797150612e-02 2.1844091990e-01
-1.2093574659e-01 -2.5718533451e-01 2.6876591459e-02 -2.0151497799e-01 -2.4026070823e-01 -3.2056927984e-01 -1.1412854233e-01 1.9398444531e-01 -1.0090145740e-01 -1.8994195487e-01 5.3176499009e-03 1.0978414650e-01
-1.4998139147e+00 3.8355228884e-01 1.7234690830e-02 2.1412616642e-01 3.7117764098e-01 2.2520091933e-01 4.3494361506e-02 -1.0430548505e-01 3.4317996509e-01 5.4598057939e-01 4.2206510447e-02 1.2714233816e+00
-2.3189734371e-02 1.7931934217e-01 3.3865180299e-01 -1.2995273938e-01 -3.0632208479e-01 -2.4154125678e-02 -2.9333177754e-01 1.7539879105e-02 1.3676134120e-02 8.1369670386e-03 2.1790701314e-01 1.2088299059e-02
5.8126745379e-03 -2.1117192097e-01 4.4021574047e-02 -1.0175240333e-01 -1.8056288381e-02 3.3288913770e-01 -2.1457283985e-01 -2.7549630993e-01 2.1927288390e-01 5.6811051088e-01 1.5565083362e-01 -1.1251577261e-01
-1.8854220012e-01 -2.6609295652e-01 -1.9307271723e-01 -1.7162841552e-01 -1.3176229238e-01 -1.9777878823e-02 -5.6265423295e-03 -2.7519441310e-01 -1.5322904951e-02 -7.4253067726e-02 2.3876967142e-01 1.8135638645e-01
-4.4256017839e-02 1.5029603304e-01 6.7423754674e-02 1.9386519853e-01 9.9017514731e-02 -1.9929444529e-01 1.7661748063e-01 2.5584901498e-02 2.7267607865e-02 -1.0248624925e-01 -1.9155785382e-04 1.3040964127e-02
