2.6098286002e-01 -1.7898723322e-01 -1.9094903721e-01 -7.0995448246e-01 -9.8751996051e-02 -2.5122150980e-01 -4.8660133997e-01 -1.6402598089e-01 6.6452163351e-02 -5.2711214816e-01 2.8269879504e-01 1.6309185065e-02
1.0782630482e-02 -1.4277741069e-01 1.3333250107e-01 -3.9342064364e-02 3.7648790392e-02 -2.0522568664e-02 -2.0506308274e-01 -2.7958189266e-02 1.9661683992e-01 4.2895321069e-02 -1.3153062593e-01 -1.9179497621e-01
-7.9898064505e-02 -2.3472531677e-01 6.2836476054e-02 2.2108858545e-03 -4.5309392158e-01 -1.1642293967e-01 2.0832513892e-01 -4.8536933298e-01 1.2093698988e-01 1.4754031584e-01 2.9236208454e-01 1.4358809941e-01
-1.0586368516e-01 -3.1129950867e-01 -2.0120891942e-01 -1.2702943372e-01 1.7224849426e-01 1.1952777501e-02 5.8478798140e-02 1.2141198495e-01 2.9862228815e-01 -6.8408303235e-02 -1.0068700035e-01 -6.4856534663e-02
-4.3769563273e-01 -3.7438720505e-01 3.9289237532e-01 7.4160828053e-02 -2.5568608710e-01 1.1357470553e-01 1.2038852033e-01 2.3595288349e-01 3.0881357038e-01 7.1243927172e-02 -1.0180141897e-01 -2.9501316110e-02
5.1590343849e-01 4.9565371730e-01 -1.1973139659e-01 -2.5032621610e-01 5.0280848498e-02 -9.3698213864e-02 -4.3307014518e-01 -9.8412422384e-02 -2.7273109541e-01 -9.7228723445e-02 -4.0804191411e-01 -1.9416256575e-01
-3.2831355721e-04 -4.1218656835e-01 -1.5512401632e-01 7.0534662680e-03 2.7091469885e-02 -2.6048103815e-01 6.9577977048e-02 -2.5736947370e-01 7.2330906546e-01 9.9235216505e-02 2.3920198850e-01 1.7832517515e-02
1.7029082996e-01 -9.9893788835e-02 1.6695596940e-01 -1.2713575451e-01 -3.5593036789e-01 1.1079121614e-01 -7.5810688402e-02 8.5972937501e-03 1.1257157420e-01 -1.1139828871e-01 2.4338915957e-01 -1.0603928677e-01
-1.5332503807e-01 -4.6388848765e-01 -4.8527660347e-01 1.2491534867e-01 1.9361255118e-01 2.0851840363e-01 1.0949692345e-01 1.8104564773e-01 5.3209216538e-01 2.8292674875e-01 -1.7221686031e-01 -2.4148113940e-01
-4.7175917889e-02 1.9749226212e-01 -1.3733733854e-01 1.1577845734e-01 -2.2381854265e-01 -8.1968839428e-02 -2.0325152516e-02 -5.0406679240e-02 -5.5990577783e-02 1.0257195604e-01 1.5418478689e-01 2.3787346738e-01
