-7.5779705598e-01 -6.6995609555e-01 -8.1223813796e-01 -3.4701597376e-01 -4.3581566588e-01 -1.9590061623e-02 -1.1695666481e+00 -1.0106418849e+00 9.7076780803e-01 8.3952109974e-01
4.3524933660e-01 1.0875274648e-01 -1.3358978927e-01 -7.6376078501e-01 1.1482112794e-01 2.5481308373e-01 1.1663309671e+00 -8.4387598598e-01 -7.0517733688e-02 5.0468433601e-01
-9.3686862331e-01 -1.8302067953e+00 -3.4799933597e-01 5.4662665950e-01 -6.5680791640e-01 -6.8529222907e-01 -3.4536549309e-01 4.0643226758e-02 3.9059111896e-01 2.5125850505e-01
3.9878264328e-01 1.1914038278e-01 -1.4883716749e-01 -1.2984054450e-01 8.8049784794e-02 -2.6993087070e-01 -2.7814359334e-02 1.2377054706e-01 7.4833569691e-02 -9.4393390617e-03
7.7671202699e-01 2.6035429261e-01 1.0901855589e-01 -1.0482759252e-01 4.5294657158e-01 4.5636357421e-01 9.8859408805e-01 -3.9867924585e-02 9.0507202549e-01 -2.0969811596e-02
1.4315562938e-01 -8.1549000545e-01 -1.1249183458e-01 -3.9245666328e+00 -1.4497549408e+00 -9.0021787598e-01 1.1551396028e+00 -3.0474675503e-01 -8.6274117555e-01 6.3902697649e-01
-6.0521882583e-01 -7.4138325523e-01 -5.8183275602e-01 3.6596896688e-02 2.3354597553e-01 -1.4321481692e+00 -3.9918888640e-01 -2.5971670358e-01 3.1597453683e-01 3.7109504856e-01
-4.3614690969e-01 -1.9648820953e-01 2.4704909838e-01 3.7836926399e-01 -1.1116432181e+00 -7.5114050755e-02 -4.8037474954e-01 1.3673301178e+00 5.9317906186e-01 5.7125641276e-01
-1.4189690717e-01 7.2710771766e-01 1.2547325806e+00 -6.5838499161e-01 -7.4906385962e-02 1.4453994757e-01 5.9395736719e-02 6.8662694551e-01 8.0568971455e-01 3.1902405934e-01
-1.7218073593e-01 -5.9132216128e-01 -3.1556237502e-01 -5.7985932859e-01 3.7468044548e-01 -7.4713748521e-01 4.2248360389e-02 9.5050249110e-02 -1.0019187337e+00 -5.6671919881e-02
