-1.2897273434e-02
-3.8855750296e-02
-4.7861251649e-02
7.6090297882e-02
-7.2429744932e-02
-7.9476325479e-02
4.0600605661e-02
4.2170013826e-02
8.4726322095e-02
-5.4803747189e-02
-4.2920292456e-02
5.7931374005e-02
7.3396092680e-02
2.8404981152e-02
-8.2658040570e-02
3.1216896362e-02
-3.6443439067e-02
3.5091645672e-02
-9.7857406501e-02
6.6719258311e-02
7.6991877897e-02
-5.4962028980e-02
6.6122389573e-02
2.2914441863e-02
4.1176311213e-02
-4.3443094214e-02
2.9967518719e-02
5.0665769238e-02
-2.6010250156e-02
-3.9491852297e-01
-6.5356511903e-02
-6.9683122748e-02
4.4297935410e-02
-2.9768507534e-01
6.8355728627e-02
5.5468477508e-02
3.0341927097e-02
-5.8687543643e-02
3.0369392500e-02
-2.0000615669e-02
3.2983355402e-02
-4.0803476448e-02
3.5473326154e-02
5.9507122611e-02
-3.3311097180e-02
8.2755819543e-02
8.2622859656e-02
1.2250341820e-02
3.0491111267e-02
3.2942927586e-02
-2.7782584264e-01
-3.0837570100e-02
-4.9037689248e-02
-6.8860882048e-04
-4.4493727179e-01
-1.5560094549e-02
-2.1252903065e-02
-2.9725352977e-02
5.4264658083e-02
3.9752215049e-02
-1.4306472601e-01
3.5825733774e-02
-4.1278218586e-02
3.2053546582e-02
3.8629188506e-02
-5.1129158719e-02
5.0236380414e-02
-2.7582692699e-02
-1.9753779455e-02
3.3570922934e-01
-8.1850927225e-02
-2.4634291749e-02
-3.2909526018e-02
-3.5121049382e-02
-4.7302532428e-02
4.8069126152e-02
6.3263560010e-02
2.5075174370e-02
-5.2797395335e-02
2.9800282312e-02
-5.8098482419e-02
-4.2104618556e-02
-3.5920077697e-02
-1.3150652668e-03
2.8230190228e-02
