-6.1975362033e-01
8.1788675519e-01
1.4087867091e+00
6.0171775249e-01
1.8194443658e+00
-2.5066561349e-01
3.6839276024e-01
6.2251300692e-01
-6.4189663838e-01
2.1549392039e-01
-1.1608163174e+00
-1.0396493429e+00
8.7732566959e-01
1.6653277518e+00
-7.2773231259e-01
-1.4034063737e+00
-5.8051408402e-01
9.2705693602e-02
6.5535297526e-01
-1.6081145427e+00
9.0497987214e-01
6.6210500422e-01
-1.2157300497e+00
9.5618120594e-01
2.0763484614e-01
-6.0017449492e-01
1.4318550695e+00
6.3831444553e-01
-9.8010825760e-01
-1.8854772343e-01
-5.6129244648e-01
2.2089283188e-01
-4.7936293195e-01
9.4773979894e-01
-3.8765192257e-01
1.5145836475e+00
-1.9144957045e-01
-2.3555993234e-01
1.0260734281e+00
1.4510506706e+00
-7.9189761125e-01
5.3424538955e-01
-7.0491019827e-01
-5.9704389634e-01
4.5918080440e-01
6.0501174492e-01
-4.3476860249e-01
-1.7716375765e+00
2.9467680320e-01
-1.2516222200e+00
-6.4680314964e-01
-1.2585059166e-01
-2.6988054495e+00
-9.4903260781e-01
-1.7518525275e+00
1.2390646796e-01
1.1358502888e+00
1.0369051248e+00
-2.3531078328e+00
2.8074014631e-01
-4.6628886113e-01
4.5252938054e-01
6.0936838968e-01
-1.5115721422e+00
1.4377019431e+00
9.5867366249e-02
1.1476147165e+00
-4.9336987149e-01
1.1724359262e+00
2.1491857588e-01
4.9302006556e-01
1.5260925359e+00
4.7252284409e-01
2.2786877605e+00
-1.0185721403e+00
-3.7137576750e-01
3.1212374935e-01
1.5485249270e+00
1.5785319810e-01
-1.4170218958e-01
-3.3105697357e-01
1.5560253105e+00
-1.6909229549e+00
9.7547314052e-01
9.3538230792e-01
1.6636639776e-01
4.5917229158e-02
-6.5383432610e-01
-6.1903191085e-01
7.8407399402e-01
1.4418229551e-01
-5.0660482083e-01
5.2921682104e-01
-1.0313409427e-01
1.5181172575e+00
-9.7126274563e-01
1.2310686270e+00
-5.0383919064e-01
-1.2721777858e+00
-6.2007200560e-01
6.7517709283e-01
3.7610193317e-01
-2.5231060232e+00
6.3052839507e-01
1.5621536431e+00
-7.3725147126e-01
6.7637930453e-01
-6.3763011795e-01
-2.9790208409e-01
5.7288223846e-01
-5.8140010575e-01
1.3441079229e+00
-1.4273679392e+00
4.6449977206e-01
-8.3472274438e-01
-9.1901314010e-01
1.4351791336e+00
-3.6625117646e-01
-1.0205744051e+00
5.6091003883e-01
-5.9113434313e-02
-7.1086377754e-01
4.3229492298e-01
1.3719217936e+00
-1.8239229741e+00
7.6810022336e-01
-1.2842266266e+00
1.0625405466e+00
2.4340677427e+00
1.8570492218e-01
-1.2525760751e+00
-1.2731108162e+00
5.2767748984e-01
5.2845095381e-01
-3.4935196791e-01
-5.9905409581e-01
-1.1534964246e-01
-2.1329350824e-01
6.6103714343e-01
-5.6369667232e-01
2.7093262224e+00
-3.5956371089e-01
5.4409419920e-01
5.9709866047e-01
1.3631726901e+00
2.1466592694e-01
-8.7325057838e-01
-8.0288849935e-01
-2.6892796367e-01
6.5429483109e-01
-1.6445724717e+00
9.0501492222e-01
-7.3180885382e-01
