-3.0166942909e-02
-1.8718400231e-02
-4.6172686622e-02
-1.9236650570e-02
-5.8362155872e-02
-2.5383538003e-02
-2.9879020001e-02
-6.2448114480e-02
-3.9849209664e-02
-2.2571320642e-02
4.0996101204e-02
-4.9824303780e-02
-5.7632568578e-02
1.4251976344e-02
1.4136918671e-02
4.3029753877e-02
-1.6197490898e-02
-1.7106970489e-02
-2.2288903520e-02
-1.9062141645e-02
-3.7512255768e-02
1.0271958599e-02
3.9952457078e-02
-1.2391085661e-02
7.8927052999e-02
3.4778255672e-02
4.6461093858e-02
-1.0361468012e-01
-1.5698919487e-01
-3.2602610624e-02
-4.2574236442e-02
1.9350398555e-02
-3.4243654613e-02
-3.0920823485e-02
-1.8488876408e-02
7.9833355527e-02
5.4390619324e-02
-6.1355835706e-02
-1.2230573554e-01
-7.1188622150e-02
2.7045508897e-02
-1.0639239667e-01
2.3706955483e-02
5.2211818243e-02
-2.5334850784e-02
2.9129056226e-02
9.0079097046e-02
-1.6707586339e-02
2.1532455725e-02
3.2916441292e-02
-1.1043387136e-01
3.8935137962e-02
2.6467898397e-02
-1.0840041553e-02
1.7653614124e-02
2.9312544169e-02
-1.0653901342e-02
4.8483622247e-02
5.2753279662e-02
-4.1902234299e-02
-1.5038499966e-02
2.0157562689e-02
2.2919564742e-02
3.8494553184e-02
4.8771154897e-02
2.7899793003e-02
2.7657493361e-02
-4.5517908738e-02
3.5211473104e-02
-3.9289166778e-02
-3.2146105350e-02
-3.1883285521e-02
-1.8802508262e-02
3.6141383110e-02
3.0794250191e-02
-1.6249941266e-01
1.7937829969e-02
2.1599535063e-02
2.8514689179e-02
9.4756798523e-02
3.3059313377e-02
-1.5974570912e-02
1.3183738497e-02
1.6495907846e-02
2.7933962889e-02
4.5546061061e-02
3.3185390620e-02
-2.9898190899e-02
4.0784646595e-02
-3.2195296958e-02
4.2151626593e-02
-2.4284596138e-02
-2.0801200725e-02
-2.2953393731e-02
-2.5504052761e-02
-2.1611624734e-02
4.3333754566e-02
2.2485189482e-02
7.9404488621e-03
-3.9583208402e-02
4.0317894647e-02
9.2855244355e-03
1.5805811380e-02
-2.8368667498e-02
4.3306594599e-02
-4.1921765184e-02
4.3099599918e-02
-3.5054749897e-02
-2.7419018057e-02
-2.5712683539e-02
3.2807406209e-02
3.2970999455e-02
1.2191507739e-01
-2.4424378424e-02
3.5220907902e-02
3.0593178123e-02
-2.9025041464e-02
2.9425631594e-02
3.1479727540e-02
-3.7026550513e-02
3.2066885221e-02
-2.3922876385e-02
2.4164025912e-02
8.0447455798e-02
2.1911429495e-02
-2.3333119278e-01
-1.9641711312e-02
-3.3130344511e-02
-4.2381683731e-02
3.8286699648e-02
-1.1993259195e-02
-6.2174784657e-02
2.6561208168e-02
4.0384912087e-02
1.8875736764e-02
3.6137307303e-02
3.4541548492e-02
1.3870049122e-01
1.6543678943e-02
3.4350995692e-02
1.5872950103e-01
-1.1315948941e-01
1.7270525489e-02
-2.8457652396e-02
-5.6545750793e-02
-5.2670973585e-02
-3.0414030953e-02
2.3986999433e-02
4.9692441407e-02
-5.0568443552e-02
-2.9425358808e-02
2.0276505209e-02
-2.8604946752e-02
