7.0512194770e-02 -4.9466566071e-01 4.5336898756e-01 -8.4924066989e-01 -2.1123920131e-01 -1.1669668323e-01 3.9443603932e-01 -1.8609314873e-01 -3.3805482191e-01 -5.8142336057e-02
2.4302293506e-01 -3.5800804281e-01 -4.2051443664e-01 8.3369289929e-01 1.3214225257e-01 2.3855998412e-02 -1.2678754447e-01 3.4589922775e-01 -1.7698393990e-02 5.4704575688e-01
-2.2773616737e-01 -3.8057429106e-01 8.3983580306e-01 -1.5707645650e+00 -9.9252556816e-02 -9.3647250581e-01 4.1175450589e-01 -6.4942110957e-01 5.3506846757e-02 -5.6769315290e-01
8.0448154481e-01 1.9579407484e-01 -1.1887126525e-01 -4.3294855836e-01 1.7800535673e-01 3.5034404610e-01 -1.5840920180e-01 -5.7144070422e-01 -2.5033668451e-02 -2.4839299118e-02
4.9567360684e-01 4.3343869396e-01 -7.5737244530e-01 8.8452024376e-01 -6.4724502470e-03 8.3252161478e-02 1.1087592683e-02 -2.6286995058e-01 3.1561649411e-02 -6.9909628262e-02
3.8283881434e-01 9.0296359681e-01 -1.5991126142e-01 -7.8587552479e-01 8.9921002254e-02 -3.6487047655e-01 1.8716775454e-01 4.7874897839e-01 -5.2326504472e-02 -1.1524797198e-01
-3.3845932505e-01 -8.0059092410e-01 -1.3384721022e+00 7.7539875214e-01 -5.6938415333e-01 -3.8784272736e-01 6.1010205854e-01 -4.3090713760e-01 -3.0907403915e-01 -1.1117514713e-01
-4.3315821758e-01 1.0610703515e-01 4.9917342355e-01 -9.2229942482e-02 3.9571252439e-01 6.9830924568e-01 3.7806217823e-01 3.6161660627e-01 -4.0813135697e-01 1.5310618203e-01
-4.8709876302e-01 -3.1303542567e-01 1.0345887753e+00 -8.3438913913e-01 8.4910221621e-02 -4.6366443635e-01 6.3487236151e-01 -4.7798874153e-01 3.0717603634e-01 -4.3906959994e-01
4.8689741920e-01 -5.3012241955e-01 6.7578819759e-01 -2.2002769089e-01 5.2602468649e-01 6.9953060270e-01 -4.4351228459e-02 4.6097833543e-01 -4.2856194874e-01 2.2416350868e-01
