-6.1075021333e-01 -1.5343595804e-01 -4.1362867325e-01 2.4697942568e-02 -3.2184574992e-01 -8.2368325264e-02 1.0688875022e-01 -4.7039228780e-02 -1.3891425120e-01 -1.2509561443e-01 -1.0477001484e-01 -1.7296767812e-02 4.2157312885e-01 1.1221692379e-02 2.3273871983e-02 -9.6632123389e-02 -1.1330959798e-01 2.5362089408e-01 9.1066535997e-02 -5.2908932721e-02
3.8274777599e-01 5.2921636650e-02 4.3568973725e-01 7.3451478797e-01 2.4253675424e-01 -3.8776818518e-01 -3.2070193172e-01 4.1598549467e-01 3.7844117073e-01 3.0230383729e-03 5.6572613441e-01 -4.2289386091e-01 5.6808610240e-01 4.3798224388e-02 1.3484757138e-01 -3.4318195112e-01 -5.9234198671e-01 -3.1055993611e-01 -1.6285692227e-01 6.2262887640e-01
8.5861340726e-02 1.2733655295e-01 2.7594834151e-01 6.9279464746e-01 -2.0204205766e-02 -1.3799451589e-01 5.9312416715e-02 -1.2010493722e-01 1.5434586463e-01 3.2884758337e-01 1.7708305281e-01 -3.5366313080e-02 3.0661268137e-02 -8.8916990196e-02 -2.9894413332e-02 -2.8968685297e-01 -5.9852365096e-01 2.9080032108e-01 -3.9226439761e-02 5.4710359624e-01
4.7483584544e-01 -2.1739514973e-01 2.4140134894e-01 2.0684846517e-01 -5.3378787831e-02 -4.8043053498e-01 -2.2321663176e-01 -2.8108021153e-02 5.9008230920e-01 2.4315514609e-01 -1.9341499116e-01 1.1177340727e-01 3.1372977311e-01 9.9438223557e-02 4.7803507832e-01 2.1756588206e-01 -7.0404415659e-01 -7.3240708352e-02 -5.7439641162e-02 3.0950271590e-02
-1.0798498290e+00 -1.6161168352e-01 -3.5399159824e-01 -9.8450983423e-01 -9.3724508504e-02 4.5271774064e-01 -4.1837434937e-01 -2.6240169070e-01 -4.1719497389e-01 -1.4171034242e-01 7.7050045891e-02 -3.3429930202e-01 -2.7318040112e-01 -1.1801740896e-01 -3.2011030040e-02 -2.3555320109e-01 1.8229101648e-01 1.9539380418e-01 2.5680849185e-01 -1.3634256410e+00
9.5684521455e-01 6.4426445510e-03 8.4934133831e-02 2.9564577342e-01 -3.0233765149e-01 -7.5863977825e-01 3.8801553460e-01 9.1514907634e-02 3.3196254383e-01 4.5069375491e-02 5.9592170685e-02 -5.0999036419e-02 -6.9402635016e-02 2.2903908384e-01 6.5480611418e-02 5.0294863829e-01 -8.5308286039e-01 -1.6798323240e-01 1.8108604273e-01 5.3595228321e-01
-1.2303222383e+00 4.1946339597e-02 3.2628776395e-01 -1.1754236202e+00 -1.6646396958e-02 1.3411513632e-03 2.7193984296e-02 3.5452396451e-01 -2.4350421800e-01 1.8967131493e-01 -1.9176726229e-01 -2.3752204044e-01 -1.5942338184e-02 -2.4828100061e-02 3.9340489208e-01 1.3129014983e-01 8.1705623265e-02 4.8803385912e-01 3.7069071535e-01 -6.1315516338e-01
-1.6414110890e-01 -7.0587083438e-02 7.8789729935e-02 2.2893754657e-01 -1.4183295301e-01 1.0246806845e-01 -4.9299573773e-01 1.3646704129e-01 5.2335156194e-01 1.9616495753e-01 3.5935581532e-01 2.7407665507e-02 1.6306119462e-02 -2.3759544363e-01 8.4192735342e-02 -6.3410966068e-01 8.3716585333e-02 2.1374902199e-01 -2.3197288359e-01 2.6514586030e-01
4.8914410105e-01 -1.1103338239e-01 2.5854497746e-01 3.6111251001e-01 1.7715017599e-01 -2.3459686558e-01 -1.3860360572e-01 1.7696785178e-01 3.0978438473e-01 2.0228691137e-01 2.4930397068e-01 -2.2605285384e-01 -7.4756488090e-02 7.8592550677e-02 6.1747140928e-01 -7.3347220672e-02 -8.1057356732e-02 1.5217889004e-01 -7.3013932535e-02 6.5993498414e-01
-6.9599015400e-02 -1.6946963703e-02 -3.8772188978e-01 4.7506306181e-01 2.0725397869e-01 -3.2529415056e-01 -1.8963974885e-02 1.5377590500e-01 2.1866779777e-01 -9.9194389279e-03 3.0197422494e-01 5.4204007962e-01 1.7129178905e-01 4.4512959546e-01 7.1887449690e-02 -2.5912156335e-01 -3.9112662955e-01 -3.8435769553e-02 7.6489710117e-02 6.1545018376e-01
-5.7228028252e-01 7.4033315700e-02 -6.3847685851e-02 1.4643292526e-01 1.9295762951e-01 -2.1373740763e-01 1.4982967559e-01 1.4941503505e-01 -1.2689395982e-01 -8.6311315533e-02 3.3168608589e-01 -5.6144427903e-03 1.8291099905e-01 6.5393513176e-02 5.2602614930e-01 4.2058551482e-02 -3.3570653280e-01 -3.6965023587e-02 -9.5782908935e-03 3.1101125769e-03
-1.2682120608e+00 -4.8994237264e-01 3.7006002528e-01 -6.1577093447e-01 -1.9827083026e-01 -3.9223755329e-01 -6.0851182266e-02 7.8334769117e-02 5.7073279664e-01 6.1728021848e-02 -2.2273622994e-02 7.2789947750e-03 7.0278748343e-02 -1.4167291549e-01 -3.4231177156e-02 -7.3145340176e-01 1.0177338950e-01 -4.6312423397e-02 4.1485298427e-02 -8.1033308254e-02
-1.0372865163e+00 -2.3255304748e-01 2.3054134486e-01 -5.6800784951e-01 8.6098199780e-02 -2.7124393257e-01 -4.1875378548e-01 8.4958684300e-02 2.7190356994e-01 -1.3746943611e-01 1.2229348441e-01 -1.8328048927e-01 8.8829698022e-02 1.9391316700e-02 7.1346115177e-02 2.3137467819e-01 5.8816970180e-01 6.1914054567e-01 3.7046951283e-01 -8.6961537112e-01
-2.9287979692e+00 1.6388147366e-01 -6.5052361007e-01 -5.9384348246e-01 -1.7163484287e-01 9.5018360236e-01 -2.8608607649e-01 -7.0271612814e-01 1.9875888578e-01 6.4426640367e-01 -3.9597561039e-01 -2.2026668815e-01 -2.6653307983e-01 5.6632146034e-02 -6.5998071259e-01 -1.1251946949e-01 1.2605244568e-01 -1.0257253505e-01 1.9039412775e-01 -9.1952975081e-01
-1.0342208839e-01 -1.5809532403e-01 2.4126329579e-01 1.9075984426e-01 -3.5805245397e-03 -2.3770627512e-01 -2.7565765353e-01 3.0410155371e-01 5.8419126340e-02 -7.9478310352e-02 1.7107430900e-01 -2.3692417145e-01 4.0090616533e-01 -3.4536151147e-01 1.3975974355e-02 -6.6349812092e-02 -3.4104820504e-01 -3.0342831912e-01 -1.3750639168e-01 2.7682953856e-01
-1.2235136282e+00 2.8108486278e-02 -1.0584678506e+00 -1.6143889753e+00 -5.2304008890e-01 2.1874461588e-01 1.9939097880e-01 -5.0808102827e-01 -8.2155777744e-01 -9.4330454886e-01 -7.4084215294e-01 3.8940652008e-01 -1.4034128151e-01 -5.6101749923e-01 -1.1972108337e+00 -6.0976849224e-01 4.4769518343e-01 1.1519703876e-01 6.0185109290e-01 -1.2727992170e+00
1.1542760948e+00 -8.5504418180e-02 1.5454396037e-01 3.4356555054e-01 2.5410190654e-02 -4.7959888887e-01 2.5735956322e-01 1.5473803473e-02 1.8452888585e-01 3.2104579663e-01 -4.3184340067e-01 -1.1610822832e-01 1.0172416808e-01 6.7739599493e-02 -1.2700043564e-01 5.1389731975e-01 -6.6822280112e-01 -1.2509077741e-01 -1.8992517957e-01 2.7205655327e-01
-8.6545640379e-02 5.9481196634e-02 -7.4318601418e-01 -8.7581964882e-01 -6.4930645152e-01 5.8795053133e-02 -3.0538483930e-02 -6.6562859575e-01 -9.1779043405e-01 -1.1711331110e+00 -1.2324438614e+00 -4.9172483644e-02 -1.4031656755e+00 -8.0165245991e-01 -1.1381515153e+00 -3.9160047494e-01 2.7984763686e-01 1.5475511937e-01 1.5752476229e-01 -3.3975427371e-01
-7.5403863499e-01 -4.4409895595e-01 -3.0757338920e-01 -4.3269498236e-01 -3.7810985397e-01 -1.2563802226e-01 -1.2488949604e-01 -2.5685246738e-01 -3.2061778887e-01 -2.0616379266e-01 -1.0392238935e-01 -2.0278148194e-01 -2.3461704972e-01 -3.5719478504e-01 -2.7272856230e-01 -3.1141303295e-01 3.5972685962e-01 2.4107037565e-01 -7.0780195223e-02 -6.2282308981e-01
1.9258382856e-01 -6.7678582633e-02 -6.5604496038e-03 7.5020439559e-01 3.4501454099e-01 -2.9386627526e-01 1.1280740359e-01 -3.4612996577e-01 2.8353483060e-01 3.4707063249e-01 2.5558978849e-01 1.1242173279e-01 1.6786415258e-01 1.2490446109e-01 1.7093430798e-01 1.5808163723e-01 -2.9466138069e-01 -3.3100007687e-02 -2.1260874539e-03 2.4562343782e-01
