1.3288287095e-01
1.3701145875e-01
1.3142313570e-02
1.3917363827e-01
4.2283097409e-02
1.9337018189e-01
-2.5192733970e-02
2.0341755648e-02
1.6041510522e-01
-3.0022893751e-03
1.2097271632e-02
-4.3708810421e-02
-5.2862839307e-02
-1.9727154708e-01
-1.1595923421e-01
-2.2639191940e-02
3.7822674106e-02
3.5489277237e-03
-7.6273776955e-02
4.4339893693e-02
-7.0561620429e-02
-1.3049646151e-02
1.3652047202e-02
2.3279452161e-02
-2.8662524773e-02
6.3062305543e-02
4.2360791168e-02
-8.2375714513e-02
-1.8914601511e-02
-2.0916963992e-01
8.0699578519e-02
-7.5982918215e-02
-2.3521815786e-02
-3.5747659330e-02
-9.2413910851e-02
4.4239998569e-02
-1.6807247574e-01
9.2006996078e-02
-5.6019810664e-03
-3.7134123899e-02
-3.3310573495e-02
-6.3363505946e-02
-6.7212616677e-02
9.7929758166e-03
1.5268783152e-02
-1.2868561636e-01
4.1775210399e-02
-1.2885850164e-01
-1.0019131267e-01
-9.5757029296e-02
9.9047166602e-03
-9.5593971043e-02
-1.0171185375e-01
1.5256860163e-02
7.6320178984e-02
3.5338810145e-02
7.3367285090e-02
-1.9902815968e-02
-8.4683975267e-02
-1.6625322702e-01
-1.9978319354e-03
3.1000212368e-02
9.9704420254e-02
-5.1392032485e-02
6.7781274199e-02
-3.3294074793e-02
-1.1500821281e-02
-2.6522019599e-03
-6.2123502330e-02
-6.6414141276e-02
-3.2242258021e-02
-7.2713660134e-05
-1.0909918359e-01
1.8516256669e-02
4.9618916065e-02
-6.9357749456e-02
5.4179205908e-02
8.3562737014e-02
6.9043473740e-02
5.6831618366e-03
8.9645745525e-02
3.0166962022e-02
-7.7954403763e-02
8.3588199858e-02
1.6723555700e-01
-5.9161307209e-02
1.7337959059e-02
1.8557075583e-02
3.1087443626e-02
6.7189905098e-02
-1.0784954939e-02
-6.2942793803e-02
-5.4067529025e-02
5.6563787031e-02
