2.5094991232e-01
-6.4012030515e-01
6.0876103620e-01
-1.2990561118e+00
-8.5360400344e-01
-1.1405637620e+00
4.3338683320e-01
3.7668953203e-01
-2.5512266713e+00
-1.3203476486e+00
1.4731635185e+00
-1.7274528899e+00
-9.7582635446e-01
-4.3927842060e-01
6.4165241397e-01
-5.1879940029e-01
-6.7545582902e-01
-1.2317503029e-01
3.7693006284e-01
-1.1049997446e+00
-2.7800322643e-01
3.0508026598e-01
3.6625384390e-01
-3.8730635755e-01
2.0220516471e-01
6.7788104092e-01
-6.0779033127e-01
-1.0160512801e+00
-1.0136654436e+00
7.3474187304e-01
6.2516920145e-01
9.1963570847e-01
-8.8047635642e-01
-1.1605704269e+00
2.2558587397e-01
-6.3398852533e-01
-4.8254550910e-01
1.0426254974e+00
-8.3742975789e-01
7.2852425922e-01
-2.8890540073e-01
1.4092388840e+00
1.5163994084e+00
-1.6060677836e+00
7.7912877756e-01
8.5297563791e-02
5.2401306349e-01
1.9111366035e-01
-1.9831844471e+00
1.3918983049e-01
-1.3180035739e+00
-7.7582536399e-02
-3.2215063290e-02
3.1612671976e-01
-7.9501507084e-01
-1.0679790298e-01
1.7482641904e+00
-7.7406696665e-01
-1.6516627470e+00
2.5343120935e+00
1.8202850630e+00
-1.9868851909e+00
7.5632471184e-01
6.4181110384e-01
-6.5716341465e-01
-1.3232445737e+00
-2.9674129815e-01
-9.3361152008e-01
-8.3575365099e-01
1.8200346028e+00
-9.2100267200e-02
1.1441944505e+00
7.0301440271e-01
4.7982234404e-01
5.0424989011e-02
-5.5640369344e-01
1.9537658729e-01
2.9140157710e+00
-2.3484905315e+00
9.4852457901e-01
-4.1829404725e-01
-9.6177000101e-01
1.0785461544e+00
-3.5623107528e-01
-5.7273452664e-01
-1.1616356317e+00
-3.6146314409e-01
1.1847090987e+00
-1.7204684235e+00
1.0739264156e+00
-1.2797420180e+00
1.0433817272e+00
-3.0465801615e-02
-6.7686234598e-01
