2.1845942548e-01
7.5051290620e-01
-1.8616903734e+00
7.8737846987e-01
1.2979576940e+00
-6.2326848583e-01
-2.8845272528e-01
-2.3256813619e-02
-2.6587916237e+00
1.2039250296e+00
6.6282386505e-01
-7.1382619700e-01
1.2076785973e-01
-7.9134705317e-01
7.8894725178e-01
-2.2935361453e+00
-1.1073450779e+00
-4.7771643660e-01
4.3914317979e-01
-9.3993976726e-01
-7.4095271590e-01
-6.2581795554e-02
1.1428485688e+00
-4.5116392469e-02
-1.7885988327e-01
2.6290250552e-01
2.8602656540e-01
1.1298639226e+00
2.8572649629e-01
-1.6322193098e+00
-1.1248693176e+00
-2.7479756364e-01
-1.0291797329e+00
1.3819516457e+00
3.3997424886e-01
-6.8518196379e-01
2.4022918878e+00
1.6289932579e+00
1.9863956989e-01
-4.7946726264e-01
7.0322398426e-01
1.0000365657e+00
-4.9889691920e-01
-3.2478341315e-02
1.7169270290e+00
-1.0691503253e+00
7.5301482514e-01
-4.4380998806e-01
1.1573476753e+00
7.6377756388e-01
1.3838659157e+00
1.1989708008e+00
-9.6450379769e-01
-3.7649593832e-01
7.6216251601e-01
-1.3923572922e+00
4.0558838278e-01
1.5250649787e+00
-4.5919011721e-01
-4.6638483819e-01
3.9773912343e-02
5.2883683876e-01
1.8549968903e+00
1.2300765082e+00
-9.3056508467e-01
3.6933974952e-01
2.6768193591e-01
4.3634355319e-01
3.2126245210e-01
3.1842656761e-01
6.1812015234e-02
5.3041773404e-01
2.2199259747e+00
2.8530438383e-01
-1.8761410579e-01
-1.3321684768e+00
1.6592127058e-01
6.1282239517e-02
-3.9567743414e-02
-1.0270872254e+00
1.7815657779e+00
-5.7359497471e-01
-1.0865448973e+00
3.1948311826e-01
2.9108362606e-01
-6.0448525307e-01
-2.5524947217e-01
1.9933979929e+00
9.0341483836e-02
-1.7584333750e-02
-2.0757733944e-01
-1.5559752280e+00
1.9996688284e+00
6.5216709292e-01
