-1.6676484418e-01 2.2038563682e-01 -1.4510178406e-01 -8.4623140574e-01 -3.7855645732e-01 -3.8200465646e-01 -2.4170366762e-01 -5.4604775375e-02 -8.9779351259e-01 5.3520956645e-01 -2.0076281344e-01 3.3269642481e-01 -4.8908174752e-01 -1.8827826170e-01 1.4007763622e-01 -2.3350980845e-02 -6.9798909072e-02 -1.5487018541e+00 1.8295852015e-01 1.0399486060e-01
-4.0369253389e-01 -3.8684462446e-01 -3.0045322598e-01 -3.4240248006e-01 -8.4143472105e-02 1.1144257852e-01 -1.2752360900e-01 -2.1907038905e-01 1.5157558216e-01 5.5362081985e-01 -8.9899459541e-02 -4.4786280134e-01 -4.6808711020e-01 3.5807052860e-01 -2.9389354951e-01 3.7036398908e-01 -1.3182432684e-01 -5.7671209522e-01 -2.1787230023e-02 1.0221862211e-01
-1.1651471694e-01 2.7065643917e-01 -2.6168489526e-01 -3.7021972293e-01 -3.2329921415e-02 4.2964638501e-03 1.9679160333e-01 9.8369811800e-02 1.4396740629e-01 -2.3489392671e-01 4.9674120465e-03 -1.1118901955e-01 -2.5474711011e-02 -2.5992317922e-01 -2.3307638640e-01 -8.7783331528e-02 -4.2823038409e-01 5.1642089445e-02 -3.1878616362e-01 -1.9544810153e-01
-9.5467909521e-02 4.2999677378e-01 -6.9547838209e-01 4.7159991969e-01 -4.3548425868e-01 -3.1987652852e-02 2.9047487258e-01 8.6710691629e-02 -2.1626984842e-01 -1.9475735545e-01 -3.1463886410e-01 -3.9070834249e-01 -2.0844504419e-01 -5.2558225148e-01 -1.4428437641e-01 -2.5618039817e-01 3.1537724551e-01 -1.6863496685e-01 -4.7829584274e-01 1.9868917155e-01
-2.8725390758e-01 1.8132952559e-01 -5.5509843325e-01 -2.8983044235e-01 -1.6238789182e-01 -3.9316266246e-01 -5.5984244019e-01 -1.8063325593e-01 2.9619053596e-01 1.9328689015e-02 -2.2314377975e-01 1.7210159068e-01 -7.4641029338e-02 2.1204388814e-01 3.3894421716e-02 -2.7793405665e-01 2.2418154267e-02 -4.2373565893e-02 -2.3101417031e-01 8.0658141814e-02
-1.7954023696e-01 -2.9091125272e-01 -2.9009436544e-01 1.0301350598e-01 -1.8695680855e-01 -2.6222701242e-01 3.5681603433e-02 -8.7962608775e-02 3.0477570786e-01 -2.2281752966e-01 -1.9683404136e-01 -2.1270142270e-01 1.8774266732e-01 -8.9403716559e-02 1.2791805440e-01 -3.5542379579e-01 -4.2181429906e-02 -6.7277712716e-02 -4.2328993871e-01 -1.4489601690e-01
2.8510899925e-01 1.1843807494e-01 -2.5126255783e-01 -5.0847800236e-02 -1.5535321319e-01 -1.5060022242e-01 -3.9305683626e-01 6.5532196810e-03 -1.7655976595e-02 -9.4000270847e-02 -8.4664894505e-02 -9.6379276780e-03 -3.7532111695e-01 -4.5804333678e-02 -4.3643184898e-01 -3.0234433078e-01 -4.3360760417e-02 -3.1306068466e-01 2.1733988651e-01 -2.9674104195e-01
1.7508627962e-02 -6.6218915776e-01 1.8122571129e-01 -2.8380231918e-01 -1.6445160402e-02 -4.1305930981e-01 -1.7558991260e-01 -5.0795595288e-01 6.3819225866e-03 -7.3943603688e-02 7.3531079478e-02 4.6434296201e-01 -4.6264894313e-01 9.2747019521e-02 2.2410581006e-01 6.7240495250e-01 1.6328027707e-01 -1.9208012938e-01 -1.6557739863e-01 -6.9567035415e-01
-9.0128642625e-03 -3.2351485404e-02 -6.2359904208e-02 -1.6411419840e-01 -6.3730718390e-02 -3.9431348849e-01 -5.8024728634e-02 -3.2588114781e-02 5.6341807106e-01 -1.5077978904e-01 1.1159081633e-01 -4.1009831391e-02 1.2315993432e-01 -8.9090776883e-02 1.9995580500e-01 -8.5608776832e-02 -2.8306550779e-01 4.1908790828e-01 -4.0852649991e-01 1.6814572512e-01
-3.2843730938e-01 2.6373512197e-01 -7.7875541764e-02 -4.5664848962e-01 2.7731983208e-01 -2.3640533146e-01 -2.0818134563e-02 1.6202624392e-01 -8.9105224517e-01 8.1842836029e-02 8.0262230418e-02 3.8239663106e-02 1.3586040977e-01 3.0104773449e-02 2.5906198577e-01 1.8613107633e-01 2.1207784484e-01 -1.1829845324e+00 -8.6070097779e-02 1.4531567749e-01
-6.7343216040e-02 -3.1164336103e-01 -2.3777262857e-01 -2.3464204367e-01 -4.9046220210e-01 1.0088613166e-02 -4.2944245061e-01 -1.9190736789e-01 2.3636731897e-01 1.4740700109e-01 7.0667705103e-02 -3.4011024903e-01 4.2136448631e-02 3.1947961026e-01 -3.5510911933e-01 1.0607027821e-01 8.5770936215e-02 -2.7925841573e-02 -2.0244794022e-01 -7.9478807453e-02
-4.9722479344e-02 -5.9661235648e-02 1.1536513849e-01 -3.4521383705e-01 -2.9390283644e-01 1.2523512037e-01 -1.0899539793e-01 -2.6428089287e-01 3.4259908260e-01 5.9502622660e-02 -5.4780144043e-02 1.4601724541e-02 -1.0585760382e-01 9.5138757533e-02 -3.2449957116e-01 -1.3334673575e-01 1.1584986054e-01 2.5697597244e-01 -6.1081955184e-01 1.2812248426e-01
6.1110650415e-02 -9.0743838738e-02 -4.8552596631e-01 -1.2482927487e-01 8.4405635189e-02 3.8192750695e-01 -1.4581560607e-01 3.0306925061e-03 5.2039401612e-02 -1.1386292076e-01 -1.0321475276e-01 -1.8312630067e-01 -1.4804656025e-02 -2.1961717627e-02 1.4156670059e-01 2.4043755658e-01 -5.1523575053e-02 -3.7641665047e-01 8.3115997807e-02 -1.1120686043e-01
4.2087089714e-01 -4.7593283608e-02 -1.5229674519e-02 -3.1808719289e-01 -4.7782670480e-01 6.8515809647e-02 -1.7642307229e-01 -2.2952102897e-01 -2.5967383466e-02 1.7814381488e-01 1.5230656409e-02 -6.4150780656e-02 -2.8681609849e-01 -9.4508822601e-02 -1.3818236564e-01 4.3582216485e-01 9.6400516516e-02 2.8687244515e-02 -1.6829809483e-02 -4.8321754854e-01
-7.3529148955e-02 -2.2281695091e-01 2.6161777759e-01 -4.2056094066e-02 1.6479020751e-01 -3.9648761454e-01 9.3908585804e-03 5.2836994868e-01 4.9650973220e-01 2.2926265248e-01 3.1658688053e-01 5.0037524756e-01 1.8907158412e-01 2.3257316562e-02 -2.3890418004e-01 3.6087346185e-01 -3.4284281765e-01 -1.7877198704e-01 -3.5636475642e-01 -2.6641062793e-01
-2.1045424828e-01 -1.7107337482e-01 -1.0267651434e-01 3.1346156510e-01 3.5944412530e-02 -1.6107350673e-01 -1.7042717353e-01 4.1320237248e-02 -2.2876431704e-01 -1.6429440044e-01 -3.5379769006e-01 1.6680100402e-01 -2.3847397574e-01 -3.1107631140e-01 -4.8134212495e-01 -2.4276519343e-02 -2.5869556792e-01 -2.3089826754e-01 -5.1772693173e-02 2.7678283261e-01
2.7919047443e-01 -1.4438099248e-01 3.8513195855e-02 3.2541499350e-03 -3.2149743093e-01 -2.1312366004e-01 -1.2452567257e-01 -3.7468686959e-01 1.8095001346e-01 -2.3801028801e-01 -2.4071759247e-02 4.4425270996e-02 8.1628566881e-02 -2.5968661456e-01 -1.9262167526e-01 -1.1449879383e-01 7.2475811064e-02 -3.3215829447e-01 -5.7365232635e-01 -7.3588090354e-02
-3.2740677729e-01 -1.0369551670e-01 -4.6169698825e-01 5.2615306545e-02 -1.7262542568e-01 1.2471969039e-01 -6.2952236663e-02 -1.0442879145e-01 4.1414389182e-01 -2.7186820621e-01 -1.0572064565e-01 -2.9477308915e-01 -2.1498551604e-01 1.7921054819e-01 -3.9251326581e-01 2.5030252757e-01 -2.0241420400e-01 1.6975238617e-01 1.2553383699e-01 2.2297947229e-01
7.1568626595e-02 -2.2307561812e-03 -1.6675833706e-01 -1.4819249750e-01 -1.9375824000e-01 -1.6029515237e-01 -1.0233190648e-01 -1.4472589740e-01 1.2001260242e-01 9.7563314488e-02 -2.4385924822e-01 1.6151697766e-01 -1.5683493807e-01 1.5839625764e-02 -4.6469861703e-01 -2.4043903527e-01 -4.6756955042e-02 6.2937730353e-02 -4.4666398427e-01 -2.7148477007e-01
4.3186083788e-02 1.4434214248e-01 -2.6667829099e-01 -2.1637276847e-01 3.6473114799e-01 1.0347966633e-01 -1.8907376096e-01 -5.2177376135e-01 6.8034854760e-02 -1.3172911868e-01 1.0345844831e-01 -2.8174239064e-01 1.5498782999e-03 -1.0078173543e-01 -1.2700175333e-01 -2.0863796541e-01 -2.6548443077e-01 -1.6800974875e-01 1.7005942148e-01 -3.2106595346e-01
