2.6180400794e-01 -2.9963110252e-01 -7.0446845065e-01 2.2907454261e-01 -6.3669358521e-01 5.2607544868e-01 1.1959926801e-01 -7.5601991743e-01 -6.0647772935e-02 -4.5393631800e-01
2.0898827458e-01 4.7539148678e-01 6.6276062233e-02 -4.1535992434e-01 -1.8387553696e-01 2.0220310121e-01 -9.3750904866e-02 3.1479590774e-01 6.1547621106e-01 1.8487927974e-01
5.8719569918e-01 3.1649470165e-01 1.2473785763e-01 1.0523192955e-01 -3.1388519460e-01 -1.2451695801e-01 -1.3275419286e-01 -8.8603909128e-04 2.1888821198e-01 -3.1505603318e-01
-2.7413679461e-01 1.6902927630e-01 -4.6390995577e-01 3.9293084943e-01 -3.7756705251e-01 -4.1930535986e-01 -3.7576918735e-01 3.3514619301e-01 -7.5208761036e-02 -2.4402322085e-01
-2.0108788507e-01 -1.4133548078e-01 -2.3345918254e-01 6.9821811436e-01 3.8644103239e-01 -7.1428561326e-02 -8.6375776687e-01 1.6473932777e-01 3.5842886836e-01 3.4009909832e-01
-1.8843452975e-01 7.7245544960e-01 -2.3699564799e-01 8.2933307742e-01 -4.3932888029e-01 4.6252256241e-01 4.6032207772e-01 1.2754222941e-01 -1.6750473436e-01 -2.8085995960e-01
-2.9070581099e-01 -4.2656801068e-01 -2.9754426234e-01 2.0241548986e-01 5.5890366792e-01 1.2726390500e-01 8.1103779363e-01 1.8354256865e-01 6.2696325065e-01 -6.0163638387e-01
-1.9134607687e-01 2.1107520014e-02 2.8818270115e-01 1.9122837651e-01 -1.0108947947e-01 -6.2260324024e-01 6.4423119000e-02 -2.9688702567e-01 -5.5609635908e-01 -1.7897960593e-01
2.8993626313e-01 2.4356606028e-01 -2.5190289408e-01 2.9436462350e-01 -1.8038238658e-01 2.3256172705e-01 -3.1641170802e-03 -3.9354239148e-01 -9.8870920514e-02 7.1966175746e-01
6.3208822567e-02 3.0044578737e-01 1.7134805562e-01 -3.1249391248e-01 2.0929411562e-01 -2.2710999743e-01 -6.4026494409e-01 -2.1246214703e-01 -1.0503587784e+00 8.6827056571e-02
