-2.0094348389e-01 3.7032598938e-01 -9.2639081544e-01 4.3376160166e-01 -5.7717951819e-02 -3.9437621439e-01 -5.9941596867e-01 8.9009238012e-02 3.1410303112e-01 -1.0246397641e+00
1.7074019019e-01 1.0017155827e-01 -5.0690410798e-01 -8.9052414000e-02 -4.7606249064e-01 -4.1948325128e-01 -2.8823293130e-01 7.3155304027e-01 1.8151731010e-01 3.8382708848e-02
-3.9206529566e-01 -8.8939811399e-02 1.8414067387e-01 -1.6073144645e-01 -1.7843936044e-01 -2.0271349214e-01 3.1398360745e-02 -2.3545961460e-01 6.2746885558e-02 -5.3377189275e-01
-2.0637288511e-01 5.6216836935e-01 -2.3204382930e-01 -4.7880503973e-01 4.5562596826e-02 -5.8645397347e-01 -3.7582482268e-01 1.3621096977e-01 6.1515079153e-01 -3.1960972047e-01
1.6147181941e-01 1.9584653921e-01 4.8785426692e-01 1.0676579546e-01 -1.2525821595e-01 4.6298367285e-01 -4.5211693802e-02 -5.6931075718e-01 -1.3897571751e-02 6.9162933666e-01
-2.6506310085e-01 2.4065458281e-01 -4.3866822072e-01 6.8966505688e-01 -2.7158399016e-02 -8.9840657970e-02 1.0453803655e-01 -4.4923880844e-01 -3.1214929241e-01 -6.9865208318e-01
-3.4665079570e-01 1.2750593688e-01 -5.8307796169e-01 7.7317448759e-01 -2.1403552356e-01 2.2676104197e-02 9.2056691007e-02 5.1957741083e-01 -3.9610251054e-01 1.7039896014e-01
-5.2114050780e-01 9.0119427369e-01 -4.1288265273e-01 -5.6413028365e-01 -4.4655377510e-01 -5.0282234320e-01 3.3815804302e-02 7.0017315035e-01 1.7402351057e-01 5.9754844399e-02
-3.0060838669e-01 -1.8870992575e-01 -2.9736944077e-01 -3.6409970261e-01 4.1895820138e-01 9.0344396439e-02 -6.8474175021e-02 -6.1306428059e-01 1.4670935816e-01 -4.0748642490e-01
1.8267453677e-01 1.9553540509e-02 2.6833556133e-01 -8.0081278985e-02 -2.6434038749e-01 4.2019653052e-01 -4.2950744846e-01 -1.8437508133e-01 2.0757963763e-01 4.5696618855e-01
