4.0647145354e-01 1.6476546206e-02 3.9337955210e-01 4.7250464590e-02 4.8972278670e-01 2.6899001543e-01 8.3547486997e-02 1.2690464713e-01 -3.2708924363e-01 4.0645310408e-01
-3.0070016308e-01 6.3042574250e-01 2.9501929591e-02 3.1026038758e-01 3.8297610008e-01 -2.0442526057e-02 2.8602693731e-01 -2.2795308835e-01 4.5718570306e-02 -6.0280690776e-01
7.1597748039e-02 -2.3738110117e-01 5.6250858911e-02 3.9759811894e-01 2.4079704926e-01 -3.3969076726e-01 2.1957869886e-01 2.1679888488e-01 1.3004636178e-01 -3.9915632052e-01
1.6042761613e-01 -2.4610636702e-02 -2.9581688108e-01 2.9154131626e-01 4.6097953320e-03 1.3219604666e-01 -7.6280659618e-01 4.8497287924e-01 7.2715003531e-02 -5.8210849849e-01
6.2972107903e-02 5.2194731784e-01 4.3385237431e-01 2.2551862669e-01 3.4049516346e-01 3.3985709292e-02 3.8352116836e-01 7.8170589766e-02 4.8181675577e-02 -3.3877156573e-01
2.0492295862e-02 -2.7182521925e-01 5.8266873957e-02 1.5128445518e-01 -9.4112022939e-02 1.6029964290e-01 -1.7652368555e-01 3.6957928130e-01 -2.3702377333e-01 3.3957436450e-01
5.1971552189e-01 2.2183837870e-01 -7.5475996008e-04 -6.6674693738e-01 -1.1174485808e-02 -2.8852149469e-01 -1.3600409088e-01 5.1568800531e-01 1.7165049516e-01 -4.0141505336e-02
-4.0429612019e-01 2.5909286485e-01 -2.0851876016e-01 1.2591733046e-01 2.6943022148e-01 -1.1318371202e-01 -5.0858837088e-02 2.6294882370e-02 1.5360028635e-01 -3.2237315305e-01
3.8977891839e-01 3.8341007769e-01 -3.8964442684e-01 -1.4822815928e-01 -6.0247745696e-02 -5.1302946687e-01 4.9470194485e-01 2.4415330886e-01 -5.3166096242e-01 2.9124637471e-01
-1.5003131777e-01 -2.3199271997e-01 -5.3777246118e-03 1.4523427411e-01 6.4841783920e-01 -2.5907657808e-01 -3.4434591575e-01 -9.4204812668e-02 -3.2391089699e-01 6.0887835215e-01
