3.2286526273e-03 7.0466267813e-01 6.8720112852e-01 -1.2567505368e-01 -1.8627066259e-01 -6.7088494610e-02 2.1956774109e-01 2.5733259142e-01 -4.7307143740e-01 -1.0845819480e-01
-3.2007557548e-02 6.0625711742e-01 -3.9870110167e-02 8.9837278886e-02 -3.8832971795e-02 4.8237056329e-01 2.8044703549e-02 4.9059300836e-01 -1.6869685410e-02 -3.5737926159e-01
-1.7512568772e-01 3.3047662955e-01 6.5264759522e-03 -3.3166946012e-01 -5.1801666124e-02 4.0722865808e-01 1.4244154377e-01 -4.3063524735e-01 1.6283634640e-01 1.9799050960e-03
4.6416060815e-01 -1.7084651109e+00 -5.6864171523e-01 1.2212433846e-01 -2.9193801548e-01 -7.1902543299e-01 2.0564253328e-01 -4.8052193385e-01 2.5497498830e-01 2.6790777996e-01
-3.6155729759e-01 3.2325057114e-01 3.9801406326e-01 -4.5642161272e-02 -2.9496815010e-01 -3.7272377513e-01 -4.3439971025e-01 4.0246451702e-02 3.8445074921e-01 -1.0984812165e-01
-1.7611134109e-01 1.1671892127e+00 2.5014708968e-01 -9.3658180833e-02 -2.9111388215e-01 4.6580474850e-02 1.1045566008e-01 2.9005904754e-01 1.7215811851e-02 -2.6625836562e-02
-3.1690581751e-01 -3.9413186197e-01 -7.7001833252e-01 2.3529953223e-01 8.9587960458e-02 3.0684413412e-01 7.9642212625e-02 -4.3720861364e-01 6.6643259031e-01 -4.1652657533e-01
3.9861901374e-02 -2.2375952110e-01 6.4946897522e-02 1.7198416767e-01 2.6298101487e-01 -2.8910265093e-01 -5.3551930366e-01 1.1318297942e-01 -3.9771126877e-01 1.2100645130e-02
-4.4427419703e-01 -7.4170855832e-02 1.4529801859e-01 4.0394741838e-01 -2.6580261416e-01 -2.9665939327e-01 2.1846760761e-01 -4.8668770089e-01 -4.4278098340e-01 7.1208198813e-02
-3.6868449261e-01 3.2808534326e-01 -1.2864314223e-01 7.3685482761e-01 -1.5650716144e-01 -3.8241723806e-01 5.3949823634e-01 4.1111700078e-01 7.9868044058e-02 2.1977478130e-01
