8.2082904285e-02 -2.3465913902e-01 -8.1369611591e-01 -2.5517446114e-01 2.1657236931e-01 8.1785920285e-03 3.8276786972e-01 1.8121603140e-01 -5.9621092263e-01 2.3017188967e-01
-3.8284700669e-01 -1.6294461287e-01 -4.9916971068e-01 4.4012500857e-01 -4.7647927672e-01 -7.6927656467e-01 -2.0078009635e-01 5.8507020815e-02 -3.4275801619e-01 1.2742049698e-02
1.9720484196e-01 1.7447982427e-01 -1.8327088986e-01 6.2239561096e-01 -5.0313884043e-02 6.6545525842e-02 -1.5731165329e-03 9.6927095901e-02 -5.4577740305e-01 5.0662696986e-01
1.5318223937e-01 3.3700751965e-01 1.8310443536e-01 4.7559441509e-01 -4.7168383060e-01 -9.7519555167e-02 6.5128585244e-01 -3.6040669549e-02 -1.8215828947e-02 2.9140374424e-01
5.2034779919e-01 1.2142144630e-02 9.2096989747e-02 3.1695872473e-01 4.3543657795e-01 1.2868686916e-01 -1.2359877996e-01 -2.3019465346e-01 4.4721981782e-02 -2.2038641281e-01
-5.1434800039e-01 1.1431592652e-01 -2.5589402155e-01 -6.0995252547e-01 4.0679216936e-01 -1.4921373822e-01 2.5040196886e-01 1.1216627409e-01 -2.4813693558e-01 -3.3801811982e-01
-9.7699227080e-02 -2.4230223984e-01 6.1467786184e-01 5.5649462644e-01 5.0532432300e-01 -2.6446233428e-01 -2.7840973976e-01 -1.9132879199e-01 1.9602451664e-01 9.2895287868e-02
-4.7432246170e-01 -7.2300379194e-01 7.6023615764e-02 1.3815307879e-01 -3.4426906930e-01 -1.6901075597e-01 -4.2381763793e-01 3.4787161487e-01 4.2182203378e-01 -1.4421605285e-01
-1.5068638898e-01 8.8873881874e-01 -2.3289727883e-01 7.7704116585e-02 4.8722534416e-01 -5.3720762333e-01 6.3383082023e-02 -1.0990478182e-01 6.3536523798e-02 2.9811970208e-03
5.0081470465e-01 3.4253503970e-01 -1.4937715521e-01 -4.8689818821e-01 1.4432656091e-01 -1.9286271637e-01 -4.4021996181e-01 -1.4851572904e-01 1.2856693994e-01 1.2452343942e-01
