8.9952142770e-02 -1.8874032092e-01 4.3047387838e-01 3.7215847932e-01 -4.9176323145e-02 -3.2836544859e-03 -5.2230382824e-01 -2.4529538086e-01 3.2034832466e-01 1.1728660964e-01
2.5038170392e-01 -4.3332252660e-01 3.6436188966e-01 -3.2451828669e-01 -5.8962902859e-02 -2.0699024034e-01 1.8752550120e-01 7.2915963762e-02 3.1904377951e-01 -2.5695744604e-01
-2.9402311254e-01 2.9696335186e-02 -5.7220490493e-01 6.5054145604e-02 -1.2379484385e-01 7.9256509062e-03 -3.2602602589e-01 4.1719954708e-01 -5.0078016850e-01 -5.4580528174e-01
-1.6800891120e-01 1.6107691542e-01 -4.4068083780e-01 2.3412398013e-01 -1.4918952613e-01 7.4765935539e-03 6.8778223231e-01 4.4092298345e-02 -2.3280416841e-02 -3.8899945094e-01
3.6865246770e-01 -1.4554189171e-01 -1.7062233551e-01 1.5808264258e-01 2.6742490171e-01 -1.9976117007e-01 5.2541106703e-01 -6.8842398304e-01 1.6227527049e-01 -4.9570240314e-01
-7.6077841470e-02 -9.1796069642e-02 -8.5761841510e-02 -4.0461527581e-02 -1.5876822970e-02 -4.2331233358e-01 5.0443818858e-02 3.9836598582e-01 6.0512920780e-02 3.4748325158e-01
1.1232568967e-01 3.7942563633e-01 3.3608409260e-01 5.2626802213e-01 8.0034331125e-02 -2.1014455158e-01 -4.1215478874e-01 -2.1482586686e-01 1.4050770568e-01 4.1632770825e-01
1.3861322458e-01 1.9963333462e-01 2.4806596375e-02 -3.1990310764e-01 -3.4103848109e-01 3.6667375999e-01 3.8020818084e-01 2.3322582740e-01 2.9146076511e-01 -7.6326760710e-02
4.5836360935e-01 -5.2275657712e-01 -2.0902524216e-01 -1.8497883654e-02 -4.5474461274e-01 1.9171267882e-01 7.4242387525e-03 1.2227116081e-01 2.3565546038e-01 -2.5927820609e-01
6.6375780206e-03 3.1175095604e-01 -5.0082168558e-01 -1.4959328268e-01 -4.2548162642e-01 5.5802596838e-02 7.9308086040e-01 -2.0527070954e-02 -1.7027601930e-01 -2.8851255619e-01
