1.0501337180e-01 -4.2622411961e-01 4.2115393285e-01 1.6644759239e-01 -1.1738365077e-01 4.4442956928e-01 -1.7274041863e-01 -1.5558302309e-01 1.3600995918e-01 9.5761434105e-02
3.0981741048e-01 9.4392695815e-01 1.2143223034e-01 1.3638124024e-01 -7.6812775896e-02 1.0541134068e-01 -1.1352283730e-01 -2.0404793997e-01 2.6879040417e-01 3.8053121754e-02
-1.9440363363e-01 -3.8065229447e-01 -4.7399279557e-01 3.9626621650e-01 -7.8343543201e-02 -9.6740627529e-01 5.8262292413e-02 -3.1482326384e-01 -2.2017171358e-04 -2.9021383330e-01
2.3978867619e-01 -1.3905481765e-01 6.5993659977e-01 -3.8325572275e-01 4.1640098551e-01 -3.2838222956e-01 9.6271974764e-02 -6.5525331376e-01 -5.7699606215e-01 -8.6189572340e-02
3.9492931710e-01 3.4935017014e-01 5.6903575663e-01 6.1964225234e-01 -5.5101278787e-01 3.9808939258e-01 -9.8973445456e-02 1.5982860444e-01 2.0899095890e-01 -5.7753609942e-01
9.6304276333e-02 2.8994012359e-02 4.8606810830e-01 -7.1172799070e-02 1.7134859359e-01 -4.5691875615e-01 1.2539492335e-01 -6.4033911309e-02 -2.6844613109e-01 4.1664185895e-01
1.1869908395e-01 3.2287830051e-01 4.1903811960e-01 6.7771812389e-01 -9.0337104335e-01 -2.7437980751e-01 4.1420449123e-02 4.5821579834e-01 -2.0774446692e-01 2.3993092779e-01
-2.9728296277e-01 -6.1653342111e-01 1.4401161572e-01 -1.5260302713e-01 2.6949781285e-01 6.2036771294e-01 -4.3437483240e-01 3.3089524364e-01 -1.5632878426e-01 3.8688841490e-01
6.6718918812e-01 2.6511457855e-01 -4.4390205544e-02 5.9584008902e-02 3.9405287019e-01 3.9061788264e-01 2.9812108298e-02 2.2281147737e-02 2.5440450054e-01 -2.4611242257e-01
3.3939084651e-01 9.4403001371e-02 3.8808362159e-01 -5.9495837826e-01 2.9329985690e-01 -2.5024124727e-01 -6.0610211467e-01 -2.9526030374e-01 -3.0879574798e-01 -1.5082509672e-01
