-2.7683006732e-01 1.0302854060e-01 1.2698556700e-01 -1.9789719558e-01 1.2462019516e-01 -4.0599079261e-01 3.3833885263e-01 -1.3828094801e-01 -3.6702604128e-01 2.6346765094e-01
-2.0250219144e-01 -5.7054871141e-01 3.9168564207e-01 -1.1054593121e-01 3.7229359031e-01 -2.9066946896e-01 3.3385590037e-01 -5.0868075138e-01 -4.7168318968e-01 3.0830514268e-01
-6.5580904931e-01 5.7164491094e-01 -2.2311770238e-01 1.2547860027e-01 2.5157402946e-01 -5.5042009700e-01 -1.3378594987e-01 8.2178770418e-01 7.6561252645e-01 6.5636728215e-01
-4.8294867283e-01 1.6731950569e-01 1.3502400035e-01 1.5359086031e-03 2.3490923271e-01 -4.2563213626e-02 -2.0965376044e-02 -1.2227155029e-01 -4.0180185592e-01 -2.0480801081e-02
-3.8526444899e-01 2.1849525113e-01 1.6063872854e-02 2.0480674308e-01 -6.7479984477e-01 3.9159784780e-02 -9.4891546798e-02 1.7375794267e-01 -1.9320779243e-01 4.8434459957e-01
5.9636319268e-02 -8.1121632023e-02 1.3105784639e-01 -5.2368537201e-01 2.5539454126e-01 -5.0926787793e-01 -6.0531731369e-01 -1.4290419225e-01 3.6675635575e-01 -2.4776112439e-01
-1.5908334639e-01 -4.7311901765e-01 4.0676836331e-02 -2.2604257736e-01 4.0379878983e-02 -3.8622098567e-01 2.8355798305e-01 -5.4890969658e-02 -6.9428851515e-01 4.9092890725e-01
-3.4638873060e-01 -4.6809039638e-01 -1.6800911567e-01 -1.8633169923e-01 1.4958674173e-01 -6.0535348825e-01 -7.0916677443e-01 -8.3492087539e-02 -2.9792278777e-01 -1.5530866487e-02
-4.6255725242e-01 -4.2696933319e-02 -6.5984139066e-03 1.1619815442e-01 2.4204166720e-01 5.5763717049e-02 9.1540328602e-02 1.2250021650e-01 1.9155815508e-01 -7.9129788138e-01
-2.4736789464e-01 4.8925088388e-02 7.6141809191e-01 4.7602587223e-01 -3.4798828484e-01 1.0177937465e+00 2.1205966416e-01 -1.6333775599e-01 1.0803097195e+00 1.1563780645e-01
