-4.3531195290e-01 4.3503809752e-02 -7.2316760415e-02 -3.8216647321e-01 7.2034778446e-01 1.4731862203e-01 -1.8103219264e-01 -3.5454523643e-01 -1.0795897979e-01 -1.8763648407e-01
1.1169606247e-02 5.5961152207e-01 4.4907741931e-02 3.4021417992e-01 -4.6713812919e-01 7.2747362646e-01 2.4187040579e-02 -3.0873870583e-01 -4.7617198718e-01 -4.5409005798e-02
-2.8978112322e-01 1.5847133105e-01 -1.0241156323e-01 2.3349908534e-01 7.2256666390e-01 -5.0842200842e-01 9.0502442373e-01 5.9037068706e-01 -7.2592896616e-01 2.6367176185e-01
-1.9443524398e-01 1.7746728661e-01 -9.2353547198e-02 -4.3083528885e-02 3.0069146482e-02 -4.9402502484e-01 8.2738026769e-02 -1.1524070077e-01 2.4553303137e-01 4.1126823095e-01
-1.9286191484e-03 -3.5018087156e-01 1.1062564912e-02 4.5974751580e-02 -4.6790429782e-01 -5.4989075476e-01 4.0188539680e-01 2.0749513013e-01 2.4477840679e-04 7.1169463036e-02
2.4994598318e-01 -1.8441096992e-01 -9.7279816164e-02 -6.1145532059e-02 -3.1532192865e-01 1.5893958348e-01 -3.4231197278e-01 3.6490322717e-01 1.4815691864e-01 1.9342794302e-01
-1.8923847225e-01 2.3909763629e-01 -4.5224268649e-01 -8.6847964382e-02 7.8881394455e-02 -3.6669759254e-01 1.7616305634e-01 2.4338986020e-01 1.4103694102e-01 3.2814657964e-02
2.3234528562e-01 9.2810063462e-02 1.9311760838e-03 -5.9431506153e-01 -2.8253509520e-02 1.3109448564e-01 -5.6252633706e-01 2.1186060816e-01 -2.5190120423e-02 -4.3227538534e-01
1.1174886253e-01 1.1467501958e-01 7.8174610943e-01 2.3464456002e-01 3.3136025925e-01 -1.0026281426e-01 -2.8363139561e-01 -3.3252282801e-01 -1.3518733680e-01 3.3011527115e-01
3.3920749159e-01 9.4683515304e-02 1.3156613577e-01 6.9265890856e-03 6.9528999673e-01 -8.8447315574e-02 -7.5797956537e-02 1.9048131473e-02 -2.0675320250e-01 -2.9080038637e-01
