7.3040167628e-01 -2.1240794926e-01 2.8885491119e-01 -3.7012043542e-01 -1.2630283253e-01 7.2431864436e-01 3.6426366190e-01 -6.0493895816e-01 -2.2202203108e-01 4.0451834126e-02
1.6248814584e-01 -7.0592226170e-02 8.2554930330e-01 -4.5672070687e-01 5.3389806682e-01 2.8499423150e-01 -9.6637613272e-02 -1.3425019439e-01 -2.1435325328e-01 3.3586576025e-01
-2.8500184333e-01 -1.3540613261e-01 9.8304234095e-02 2.6262587392e-02 5.1907585249e-02 -1.6771144585e-01 4.2171924663e-01 -4.6237071780e-01 -3.5841224296e-01 -1.5447419185e-01
-3.6184150263e-01 -1.4549865156e-02 -3.4549058609e-02 2.6306003681e-01 2.8533912689e-01 -6.3332218543e-01 -6.2164415230e-01 7.7620990145e-01 -9.1079905805e-01 -5.5902300375e-01
9.2819801572e-02 -4.6698915054e-01 -3.2585299673e-01 6.9768291805e-01 2.6575084929e-01 -8.4866707800e-02 1.8973347291e-01 4.9383514241e-01 1.4210249873e-01 -2.0243616416e-01
-1.5846040235e-01 -1.1106262694e+00 3.6855711731e-01 4.2386247123e-01 3.2374645589e-01 2.3711407106e-01 -5.3560134057e-02 -2.1851007647e-01 -7.9807606628e-02 3.6535767571e-01
3.7742751479e-01 -3.9613598628e-01 -3.1466544949e-01 -3.0501318870e-01 3.9355082857e-01 -7.7989124669e-02 2.1575443906e-01 1.4564418608e-01 -4.8157288884e-02 2.9782006818e-02
9.0107102574e-02 -8.0091013127e-01 1.2500672334e-01 -3.7044516730e-01 1.2968028003e-01 -6.7748368188e-02 -2.4292861582e-02 -5.2856842531e-01 4.2768607065e-01 -4.4054570450e-01
-2.0192244187e-01 -7.6315831277e-02 2.5165393453e-01 -2.0404700057e-01 1.1060681293e-01 8.7114095845e-02 6.4580886721e-02 -4.5086352363e-01 -2.2410535039e-01 3.6850593562e-02
-4.2636294034e-01 2.0579968615e-01 5.5845156161e-02 2.8048552412e-01 4.5412637053e-01 -4.8406856452e-01 -2.2054546696e-02 4.3592632380e-01 2.9580996278e-01 -3.5732493008e-01
