-4.9183936621e-02 -5.1097786368e-02 -3.8975179088e-02 3.3487810640e-01 -1.6701796250e-01 -2.6830597915e-02 1.5226122900e-01 -2.6216861607e-01 -3.8431756970e-02 3.5397315756e-02 -4.2320351099e-01 1.1920180086e-01 3.8592322291e-02 1.5279196550e-01 -1.2630502293e-02 2.2559903443e-01 2.6173855897e-02 -3.0334813244e-01 2.2189575442e-01 -2.5042029973e-01
-1.6458707449e-01 -1.2514739044e-01 3.9059567222e-01 -1.5684438733e-01 2.0171793583e-01 -2.9416821157e-01 1.0851163139e-01 2.5551522004e-01 1.4883119962e-01 -1.6762240631e-01 -9.4203946184e-02 2.7495516099e-01 -3.3405216650e-01 4.8328364648e-01 -1.5547166081e-01 -2.0933298895e-01 5.2920964046e-02 2.3856514922e-01 1.6157477159e-01 -3.2690963547e-01
5.0825738974e-01 3.6823051662e-01 8.9508544303e-02 3.1068677372e-02 7.8367850752e-02 3.3644892623e-01 4.6494093145e-01 -3.8331029352e-01 -6.2250981779e-01 -3.7238670798e-01 -3.6647964020e-01 6.3708804522e-01 3.8477764673e-01 -2.5529413137e-01 3.0210675767e-01 3.0801158449e-01 -5.7254051879e-01 -1.7325050438e-02 -1.4819580519e-01 -1.9385295645e-01
4.3135581909e-01 7.8529571140e-02 -2.6043060347e-01 -3.4236001096e-02 -3.8867013005e-01 3.0859250441e-01 -6.9552337018e-02 4.9208482303e-02 9.5990574080e-02 2.1829877812e-01 2.0756910258e-01 -2.8262170700e-01 5.2349917250e-01 -5.8621035544e-01 -5.0616200348e-01 -3.6663276983e-02 -2.2468098349e-01 4.8773474599e-01 1.3832666043e-01 5.7288988079e-01
3.6031096131e-01 2.5210232223e-02 -2.2471311014e-01 3.3472391021e-01 -7.9389971280e-02 -7.7529562112e-02 -2.2273158802e-01 1.9816765568e-01 1.6018488593e-01 2.8186729959e-01 5.1486971814e-02 -2.3729777746e-01 7.4181499927e-03 -4.5122035057e-01 2.5084469087e-01 -3.5896910522e-01 -9.7020238791e-01 3.2615484781e-01 -9.0375808924e-02 -1.4367247973e-01
1.4919258529e-01 1.9956123534e-01 -4.0660741119e-02 -6.6127819596e-02 -6.7143179061e-01 -3.2208079065e-01 1.6865514875e-01 3.3714308498e-01 -1.1414480004e-01 3.8567436547e-01 -2.4518476069e-02 -1.0089188750e-01 4.5815017292e-02 -9.6438368029e-01 -4.8727902910e-01 -4.3257127433e-01 -1.6713713338e-02 1.6169395980e-01 1.0745354484e-01 2.6558306201e-01
3.9645320206e-02 -2.3803120787e-01 -4.2703285553e-01 1.9122122938e-01 2.7197724666e-01 1.6337215410e-01 -1.6483769060e-02 -3.7044228147e-02 -2.6768732137e-01 3.1409906326e-02 3.1587128750e-01 1.8207595591e-01 -2.3485335855e-01 -3.8787239250e-01 -9.5260117992e-02 9.3146504234e-02 -4.7374086568e-01 6.1838724740e-02 -2.2837544839e-01 -1.0497794740e-01
2.2225422319e-01 1.7581473968e-01 -8.1749276686e-02 -2.2757564853e-01 -3.6775619915e-01 4.4224389383e-01 -2.0612334221e-01 3.1881621815e-02 -2.0838321689e-01 3.1519171354e-02 -1.5620478052e-02 4.6963700758e-02 -2.7869207339e-01 -2.3808812304e-01 -8.7276925788e-02 -1.8078117942e-01 3.7386549261e-02 3.1361208720e-01 -2.4723014710e-01 -1.9346544967e-01
4.4683850070e-01 -2.7908752009e-02 2.0448726873e-01 -2.1163679270e-01 -1.0188587023e-02 3.2374137114e-01 1.3355840764e-01 -5.6538262077e-01 -3.1154138811e-02 1.4393196257e-01 -3.9312385271e-01 3.4560917993e-01 -1.4465358666e-01 2.5086819096e-01 1.3669308322e-02 -2.0024146342e-01 2.5266146291e-01 -1.5337539531e-01 4.2964664939e-01 -1.5178904586e-01
6.6202264138e-02 1.7197899714e-01 -9.3437962095e-02 -2.8203699728e-01 -1.0149648762e-01 -2.0511806714e-01 -2.1867577522e-01 3.4967649440e-01 -3.6590181494e-01 1.2078154099e-01 -1.0946199336e-01 2.1660353248e-01 5.2352021166e-02 1.8094428822e-01 2.0326286199e-01 9.3573786240e-02 -2.3047322636e-01 1.3532159485e-01 -3.5826579065e-01 -5.4534400000e-02
-2.5293644950e-02 -4.2097106100e-01 -1.0588479771e-02 2.2745944326e-01 3.4145104877e-01 8.9662168496e-03 -3.1825492474e-01 -6.6648769433e-02 -3.4844880972e-01 -6.5257330414e-02 -1.2583027559e-01 2.1553460643e-01 -2.9312258033e-01 -9.8541216479e-04 -4.5783663370e-01 2.0965158270e-01 -4.2168625120e-01 -1.1358275888e-01 2.8733109249e-01 2.1939250414e-01
-7.1926662248e-02 -3.3149133948e-01 7.9663851472e-02 2.3483871282e-01 -1.1331542980e-01 2.7402944110e-01 -3.3621388059e-01 1.2059557677e-01 1.4234082977e-01 -2.4425372558e-01 -1.4475930945e-02 2.8064469978e-01 -5.3823534416e-02 1.4752725042e-01 -3.9137492718e-01 1.3761624808e-01 1.2359892965e-01 3.3060326314e-01 1.0064966014e-01 -2.2065635715e-01
6.8778600362e-02 -1.8716847465e-02 3.0436014800e-02 -5.3258530515e-02 -2.1238605281e-01 -1.9191496011e-02 -4.4695502715e-02 -1.1924455193e-01 3.1155443660e-01 1.2325140126e-01 2.9267282306e-01 1.4005461889e-01 1.8488609315e-01 -1.5737847967e-01 8.2280637186e-02 -4.4625512064e-01 3.3727853571e-01 -6.9177450424e-01 -2.0737083337e-02 3.5525564030e-01
-1.4759022605e-01 7.8731923737e-02 -1.3297091936e-01 -1.5293773464e-01 -2.4437618531e-01 -1.5393717529e-01 -1.4518078540e-01 9.5999647876e-02 3.5176953243e-01 1.9145430113e-01 8.4011631646e-02 -3.5424003499e-02 4.7467207799e-02 -2.4196781995e-01 -1.5405875968e-01 -7.1799822896e-02 4.2772049758e-01 1.4429034242e-01 5.7474704299e-01 -1.2261288699e-01
-9.9216393505e-02 1.2679772349e-01 -2.7799638832e-01 4.0259688423e-03 4.2443848056e-02 -2.4787689322e-01 -3.0069261134e-01 -6.4102711959e-01 1.0797118938e-02 -1.0102335750e-01 -2.1310171725e-02 -1.3022379858e-01 -2.6616026018e-01 2.1979497754e-01 6.7602764123e-02 3.0033155357e-01 -2.0840662812e-01 -2.0702938794e-01 -2.6776282955e-03 4.1566718370e-01
-7.3231844105e-03 -4.0660714930e-01 1.2337471969e-02 1.6746187415e-01 1.2211514150e-01 -7.7305472906e-02 -7.2691372762e-01 4.6956760411e-01 -1.0087868258e-01 -1.3488317386e-01 -2.4345137871e-01 -1.2047744229e-01 -1.3786131781e-01 -7.4413042565e-01 -7.5977143173e-02 3.3267166127e-02 7.5023034105e-02 8.0980823923e-02 5.5022692594e-01 -3.4310051422e-01
8.1332131323e-02 -2.6911184924e-01 6.2324085174e-02 7.5777811582e-01 3.7386189847e-01 7.4952899888e-02 9.9876098154e-02 -1.5741302085e-01 1.7800124964e-01 -8.7411454162e-02 1.8653688698e-01 2.9151467189e-01 1.3019766843e-01 1.3268742230e-01 8.5318190635e-01 1.2242853572e-01 -1.0649312039e-01 7.2567012781e-02 5.9114528943e-02 -1.0505561545e-02
3.6164396776e-01 -3.0588748324e-01 -6.8689185697e-02 -1.2000368586e-01 -4.0152469663e-01 -3.6316343200e-02 8.7852286973e-02 7.6285012852e-02 -4.0210912980e-01 1.3975088698e-01 -5.0410134757e-02 -4.4535523513e-01 2.8930702231e-01 3.3411517594e-01 -1.9841951930e-01 -4.2917993512e-01 -7.5125413732e-01 1.9251714944e-01 1.6557412209e-02 -6.7599372370e-02
5.0227304834e-02 3.7766306041e-02 -1.7752561733e-01 3.3011162839e-01 3.3645620892e-02 2.7477736518e-01 -2.2609944143e-01 1.9972156884e-01 -2.8402267793e-02 -1.9878834068e-02 2.8017812213e-01 6.6608756490e-01 1.9404152242e-01 2.0059144285e-01 -5.3182144474e-02 -1.3824627917e-02 8.9569182709e-03 2.5415669463e-01 -1.3068047968e-01 -2.3394324774e-01
-2.0901641522e-01 2.8683392671e-01 1.5226418759e-02 5.3862783771e-02 1.0830493918e-01 3.8461096324e-01 -3.3963531534e-01 4.7206523741e-02 -2.8165642276e-01 3.0026071698e-02 -5.6155807012e-02 1.5253719316e-01 1.4661869330e-01 8.9570277095e-03 -1.1199657621e-01 -1.8817633458e-01 1.7740587722e-02 6.7315764793e-02 -6.8867821046e-01 1.7399342246e-01
