-5.1014203232e-01 3.9671961424e-02 -1.0282745260e-01 5.9114587613e-05 3.4135933221e-01 -9.9439774587e-02 -2.0773407685e-01 -1.1725848346e-01 1.1406531728e-02 -9.2763965255e-02 8.9099008767e-02 -4.0367247509e-01 7.5535677366e-02 -1.9079893677e-01 -6.2204977751e-01 1.9727952820e-01 -4.5367574644e-02 4.5310859771e-02 2.9895373238e-02 3.8043544495e-03
-1.4892753652e-01 -3.0665848544e-01 -8.5134319249e-02 -5.8299318082e-01 1.0577470227e-01 -3.0934523331e-01 -2.0665534432e-01 -9.7248203516e-02 -6.1588541604e-02 1.4564849018e-01 7.3460547243e-01 -2.5686104783e-01 1.7958692125e-01 -3.8346014786e-01 -8.9961384951e-02 3.1400831113e-01 -2.0679332949e-01 3.7819834381e-01 -4.3953162001e-01 -1.9696327813e-01
-2.8128449220e-01 -5.2282897948e-02 1.7076467609e-01 2.8679695810e-02 1.0707374140e-02 -5.0539844848e-02 2.8967514579e-04 -2.3930842939e-03 2.3167725893e-01 2.1003027900e-01 -4.4333945238e-01 -2.6674469008e-01 2.8370894548e-01 3.9337495155e-01 3.8596416727e-01 -3.3785449490e-02 1.3142697542e-01 -6.9998425273e-02 -5.8644748879e-02 4.6557968473e-01
-1.0142119368e-01 7.1467019515e-03 1.3278030551e-01 -4.8032107505e-01 -2.9153314207e-01 2.9396421711e-01 9.5954019521e-02 2.7962653698e-01 1.1624849871e-01 -2.1704363505e-02 -4.2900505793e-01 1.6011203243e-01 -3.0318829123e-01 3.1234014205e-01 -2.7382318206e-02 3.6020199559e-01 -5.0616788881e-01 -1.2971665986e-01 1.1599114400e-01 -7.2318285210e-02
-1.5228908105e-01 -5.9733657202e-01 9.3154642770e-02 -1.1903755076e-01 -1.0913179137e-01 2.1856668395e-01 -2.7324527030e-01 -1.0062267224e-01 2.0275583968e-01 1.7820091015e-01 8.8772532577e-02 1.4118096646e-01 -1.6408096136e-01 4.9595912260e-01 -1.2101184544e-01 1.5244724511e-01 1.1725454265e-01 -1.4792229602e-02 3.1879848741e-01 -2.5598334823e-01
-1.1848554770e-01 -1.8027019219e-01 2.8584594129e-01 -1.2741669890e-01 3.8392759591e-01 -5.2901664320e-01 3.5915466896e-01 -3.1245560138e-02 9.3313929924e-02 9.6027924887e-02 -2.1284265950e-02 -8.8174570629e-02 -1.5767419806e-01 7.1319485095e-02 1.8087223204e-01 -4.2375467696e-01 3.4144380485e-01 -3.2300830535e-01 -1.7307908033e-01 -5.5603586630e-02
1.4651193425e-01 -2.6448066121e-01 2.4621584213e-01 1.1702107009e-01 -1.3061796643e-01 5.7187943699e-02 1.0852159977e-01 -3.2788143472e-02 2.5389839767e-01 -1.3699625636e-01 -4.5016976579e-02 2.4798506979e-02 1.0956377167e-02 7.6664028145e-02 -2.2972159628e-01 -2.6908417631e-01 -1.5585188220e-01 -1.7185931541e-01 1.3412338348e-01 -9.8517218768e-02
-2.4242340721e-01 -1.5435609190e-01 -3.1675805955e-01 3.4179496099e-01 3.4843097593e-01 -2.1437837454e-01 3.8900714814e-01 1.5912968417e-01 -9.8038798943e-02 2.3981783707e-01 -4.5244959516e-01 -1.0872355328e-01 1.4194603667e-01 2.0878131848e-02 1.6311479974e-01 -6.4476386721e-01 2.2398268396e-01 2.4080119438e-02 4.5392836297e-01 -1.7383850053e-01
-2.3133924374e-01 -9.9431419262e-02 5.0438029672e-04 3.2631084321e-01 -3.7145312065e-01 -3.7362645954e-02 -5.7043823786e-02 4.8645817181e-02 6.6779901180e-02 1.5115700436e-01 1.5498613091e-01 1.7805093240e-01 6.3832012417e-02 -4.9128201615e-01 -5.0204454732e-01 2.3002808369e-01 -2.4965597200e-01 5.7940792561e-01 -2.7615234719e-01 -2.3500257451e-01
-2.6129248701e-01 5.1683221451e-01 2.9604494210e-02 -2.6568506636e-01 2.2199230532e-01 5.7203323243e-02 -2.2245226819e-02 1.6532765334e-01 -4.6625900308e-01 1.2183967724e-01 1.4865450515e-01 -9.1837048646e-02 5.5416288527e-01 -3.1523672600e-01 -2.6869073413e-01 4.4771604274e-01 -4.5216624559e-03 -1.0031341141e-01 -1.6684338117e-01 -1.1076381830e-01
-9.8047146376e-02 3.0216329244e-01 4.9330881997e-01 -2.7639142790e-01 2.9434715464e-01 -2.3204634005e-01 6.4513163530e-02 4.5885935916e-01 5.3496239868e-02 2.6129822364e-01 -8.7799994117e-02 -3.2442194145e-01 -1.1263284735e-01 5.6201311577e-02 -1.2252297341e-01 6.9055200495e-02 -2.9304777155e-01 -1.5670307019e-01 -1.5517326168e-01 1.5926859858e-02
-1.4569225628e-01 -1.7985915713e-01 -4.6596648322e-02 -3.5560037192e-01 2.5611444632e-01 1.8708694238e-01 2.1618689818e-01 1.2709042731e-02 1.8397571782e-01 2.2524165237e-01 -2.2918287316e-01 -3.6267590156e-02 -1.5111011294e-01 1.7066434486e-02 1.9630239308e-01 -1.1841401661e-03 -5.4839504111e-01 -1.3663031320e-01 -2.7293122945e-02 -6.7576853626e-02
-1.6396909948e-01 -1.2652981189e-01 -2.1815729478e-01 1.9288788557e-01 -4.6941119706e-01 -2.1511081290e-01 5.0664612758e-02 -9.1168822639e-02 -1.5378105559e-01 -2.9587135439e-01 -7.8919472428e-01 -1.1899982124e-01 -3.0234087270e-01 -6.7835730850e-02 -1.5609743863e-01 -3.9068786536e-01 -2.2682151220e-01 -4.2007151749e-01 3.0180565418e-01 -1.5455488213e-02
9.6528277409e-02 -1.5912058844e-01 6.4994250731e-02 3.7017288246e-01 2.4791123987e-01 -4.4052315399e-02 1.8845269397e-01 2.9849400211e-01 2.8158120310e-02 2.0469036810e-02 -8.2314531757e-02 -2.5486693167e-01 2.6143788938e-01 1.8615724860e-01 -4.7657868268e-01 2.3952056899e-01 1.0507432931e-01 5.4645546543e-02 -4.8245063124e-01 -4.7376387222e-02
-2.4477017800e-01 -7.7812297047e-02 -3.9928809571e-01 -3.6777662371e-02 2.1141278002e-01 -1.2881198467e-01 -8.1601856933e-02 -3.1656429236e-01 2.0911791954e-01 -2.9299844521e-01 1.3317072371e-02 -1.3538575945e-01 1.8360090413e-01 2.0662235172e-01 3.2428468522e-01 5.1549142170e-02 -2.7390056133e-01 -1.1177426407e-02 -3.1027434682e-01 3.4129136838e-02
4.0325682885e-01 1.3471405264e-02 1.6256183810e-01 -2.2737870083e-01 -1.9485739721e-01 2.4769952515e-01 -1.4383004592e-01 -3.2180890783e-02 -1.7895676628e-01 -6.2981446959e-02 -2.3485377324e-01 -2.2810343185e-01 9.1005436033e-02 9.2175838401e-02 2.2231147532e-01 2.3888298069e-02 -1.1595949746e-01 -1.1573072155e-01 -4.4838839925e-01 -1.1811488145e-01
-5.9304157398e-02 -2.0641731032e-01 3.7908295117e-02 1.0391564053e-01 3.6912982942e-02 2.0904244209e-02 -1.1805456267e-01 -2.2050778239e-01 -6.2727621298e-01 -2.3460958003e-01 3.0864347584e-01 -3.4177623506e-01 1.2834735137e-01 -2.2623560854e-01 -6.8777054839e-02 1.6181123970e-01 3.0267059397e-01 9.9373396589e-02 -7.9647959634e-02 1.6090969510e-01
-6.9032947842e-02 3.6899433510e-01 1.6162269023e-01 -1.4422936445e-02 -1.0223065745e-01 -2.6563675130e-02 -1.9744203477e-01 -3.5793018974e-01 -5.1912217614e-02 1.9566112481e-03 3.3634643557e-02 3.3967473707e-01 -1.2834933506e-01 1.4687443723e-01 -5.9309070119e-03 2.1479003402e-01 -1.8186379286e-01 -1.6996654834e-01 -7.9449572538e-01 -3.0912390628e-01
2.2478138513e-01 -3.1271791360e-01 1.7718562113e-01 3.8670189011e-01 2.1799001723e-02 -1.7752388564e-01 2.1712758701e-02 1.9824333750e-01 1.7723736293e-03 3.3787895928e-01 1.5587725680e-01 1.6957794524e-02 1.3326623330e-01 5.4116204442e-04 -3.4929734411e-01 3.5712068615e-01 -3.4332608961e-01 1.2928926213e-01 6.9514735668e-02 6.8875273431e-02
1.5096879372e-01 -2.8866452124e-01 -3.0233744750e-01 1.4848588063e-01 -1.1734545188e-01 -3.1055397232e-01 -1.4827835496e-01 -1.2723134591e-01 2.4490314408e-02 1.9177928849e-01 -2.6277948037e-01 -1.2889095090e-01 -1.6253320870e-01 3.8278226375e-01 -5.6104341222e-02 1.4586833822e-01 7.1364526516e-02 -1.0264537296e-01 -1.0032590572e-02 -1.6351584844e-01
