6.6061299904e-02 -1.2370750008e-01 -1.8655990557e-01 1.2617474826e-02 2.2042500378e-02 -5.6441433072e-01 3.3579562462e-01 1.2606764087e-01 1.4889701956e-01 4.6672631604e-02 3.1636160371e-01
1.7544936730e-01 -7.0020996451e-01 3.9096985154e-01 7.9870200941e-01 3.1816209217e-01 -3.5315982981e-02 -1.0679264076e-02 5.0906108255e-01 -1.9197290317e-01 6.7111109470e-02 4.6436828325e-01
-1.8169728688e-01 -4.1143859573e-01 -3.4627308965e-01 2.8354366290e-01 -3.6420078105e-02 -8.1490580080e-02 6.1292373722e-01 4.6406933771e-01 1.2639450544e-01 -3.4456414892e-01 1.7474985433e-01
1.4487406437e-01 1.3568599262e-01 4.6059127204e-01 1.5360041324e-01 -2.1516779534e-02 -3.8363768732e-01 -6.9945182356e-02 -1.5172877082e-01 1.0555808043e-01 -4.1115583247e-02 -9.8306119546e-02
-6.3934155409e-02 4.3893265421e-01 -2.2367470606e-01 7.4238170024e-02 4.9910760108e-01 1.0077383487e-02 -4.4090633131e-01 -3.8113756840e-01 2.2169574948e-01 -5.1657553881e-01 2.4221084426e-01
-2.2806564232e-01 -1.2632302024e-01 1.0779204590e-01 1.5606811584e-01 -1.5700828662e-02 -6.1720001618e-01 4.7862187533e-01 4.4259509710e-02 -3.7514055520e-01 -3.1983448026e-01 -2.7328213385e-01
5.0653193286e-01 -1.6809228810e-02 -6.4461891132e-02 8.6357656092e-01 -2.3714456645e-04 8.9375189140e-03 -2.6524161992e-01 -2.7201379503e-01 -1.4319014633e-01 -1.9287785820e-01 3.1803493759e-01
5.5749425015e-01 2.3656825380e-01 3.7037148225e-01 -1.5052844766e-01 1.9447359332e-02 3.4931505711e-01 -1.6008435425e-01 3.8303482867e-01 -1.5385598550e-01 -1.0014897886e+00 -3.6523832104e-01
-4.2557529736e-01 4.0665898140e-01 -4.7168040143e-01 -2.4806387863e-01 3.3326366941e-01 -1.4846073364e-01 -8.4515603617e-02 -1.7811060162e-01 1.7800852112e-01 1.3659948766e-01 2.0304373253e-02
-2.8975430518e-01 4.7766342839e-01 -5.2464380845e-01 -7.9265665369e-02 9.4326721739e-02 -1.3353429915e-02 -2.1843358278e-02 3.9315339992e-01 -7.2203838415e-02 6.3373491443e-01 -2.7302480391e-01
6.1817138806e-01 5.4633764806e-01 3.5717280697e-01 1.0561823432e-01 8.4400729299e-02 4.5877761034e-01 -4.2700883650e-02 2.9840868737e-01 -2.1418214218e-01 -6.9530036831e-01 -2.3433444151e-01
