5.8249940448e-01 -5.8029855968e-02 2.0065176213e-01 1.7318335035e-01 -4.4139302993e-01 6.3593897661e-01 -5.0820673106e-01 5.6039322806e-01 2.3477241776e-01 4.0284025486e-01 1.4622671515e-01
-3.9415712066e-01 1.7484334966e-01 -5.7483763267e-01 -1.5616292314e-01 -1.0969528483e-02 -4.4749537170e-01 -5.8810492946e-01 3.0635155502e-01 -3.4657123768e-01 2.0713877924e-01 9.5516122044e-02
9.8576979423e-02 1.0909223074e-01 6.2327388019e-01 -1.3394905225e-01 -9.7460411883e-02 2.8295811655e-01 -2.4970625094e-01 -5.5887940079e-01 2.0379339687e-02 1.8029565094e-01 3.9080145762e-02
1.7563278943e-01 -3.1831372318e-01 4.6908867570e-01 3.6853354309e-01 -5.8372217315e-01 -5.8867981945e-02 2.9165801358e-02 3.8478717742e-02 -6.9774151866e-01 5.2319774328e-01 -7.7162437955e-01
3.5674448964e-01 -1.3935101339e-01 -1.9874173556e-01 2.1638670158e-01 -2.8426640320e-01 2.2776311280e-01 -7.7642888947e-03 9.3327811317e-01 -2.1873219812e-01 6.4220769247e-02 3.6978579754e-01
3.2431838081e-01 -1.6805149417e-01 7.8091905664e-01 8.0445352713e-02 -7.9710214741e-01 2.2381003090e-01 -2.1019980279e-01 2.4206690424e-01 5.1598529792e-01 1.0615941504e+00 1.2200467302e-01
-2.0772706710e-01 6.6077532278e-02 2.3053456065e-01 -4.9319633648e-03 -3.3675803742e-02 9.6314132154e-01 -2.4063952868e-01 5.7327570496e-01 -3.7661822909e-01 -9.1607159416e-03 -9.4205828911e-01
2.7403367320e-01 2.9366147065e-01 7.2608438828e-01 -1.6641848861e-01 8.7090670825e-01 4.8662723339e-02 -2.0277391742e-01 4.7087809716e-01 -1.1248144604e-02 2.1686053553e-01 -1.7390234090e-01
-1.8330132590e-01 -3.7851107043e-01 -4.9607253286e-01 7.2149423727e-01 -6.6225427109e-02 1.2701977318e-01 -1.2782374243e-01 -3.2480157575e-01 5.5979089970e-02 3.3690306434e-01 5.4281926040e-01
-1.8392947308e-01 -6.0427179753e-01 -1.9948581381e-01 1.4423424366e-01 3.3586081985e-01 8.3484992662e-01 -5.8648397914e-01 5.2113305123e-01 3.2305518739e-02 -3.2447953179e-01 1.9393390666e-01
-1.5550062406e-01 7.0031753445e-02 8.8454547587e-02 2.4543057100e-01 -8.0879809888e-01 -4.6997666276e-01 1.1024019665e-03 2.8895586253e-01 6.9927874268e-03 7.8732474913e-02 -4.0851963314e-01
