9.0455062493e-02 -1.6823212004e-01 2.3302555578e-01 -4.8716139724e-01 1.3995342314e-01 -1.7823647452e-02 2.5228577849e-01 2.0315854285e-01 -4.6683661341e-01 -1.6206050069e-01 -9.2432808442e-02
-6.9170000481e-02 -4.4551340166e-01 2.5827724226e-01 -3.2804618154e-02 3.1242202562e-01 -2.4380360350e-01 1.0462288443e-01 -2.2476571414e-01 -4.8914034652e-01 -1.9167364720e-01 2.5331464968e-01
-4.7163272965e-01 8.4277552364e-02 -6.3579308712e-02 4.0808080824e-01 3.7419438694e-02 -6.4393839417e-01 4.3230347700e-01 -6.3265224511e-01 4.7904384745e-01 1.9433829283e-01 4.8002561066e-01
-3.5445812809e-01 5.3310299901e-02 -3.6471032642e-01 3.0712689802e-01 6.8440972533e-02 2.2744977010e-01 1.0772161314e-01 -2.4304167972e-01 -1.8516712164e-01 2.1224501385e-01 5.3554905767e-01
3.0179492037e-02 3.3059644851e-01 -1.2306180752e-01 2.9156330989e-01 2.7163504478e-01 -4.5276760196e-01 -3.2797415856e-01 1.1365502976e+00 -1.7352004751e-01 -3.7962633576e-01 2.4427554997e-01
2.3050650761e-02 3.8457799416e-02 -1.2627670003e-01 1.8202319328e-01 4.9239547540e-01 2.8535727423e-01 3.0045632071e-01 4.1090218561e-01 -1.4752183951e-01 4.9483788510e-01 2.0247192230e-01
-3.1516986050e-01 -2.8907046477e-01 4.1607996296e-01 8.8961434248e-02 -7.9227690530e-03 -2.1417231316e-01 1.7367221463e-01 4.9792432301e-01 3.0127349984e-01 3.3883909919e-01 -1.7428892458e-01
3.0237808032e-01 -1.7744130427e-02 4.7166853739e-01 7.0203861137e-01 -6.5538593362e-01 -3.6088149646e-03 -4.1667713530e-01 -1.0679317164e-01 -7.9117506500e-02 -1.8004229354e-01 -4.5639164032e-01
4.7428865252e-01 -6.3765117296e-01 2.5480717699e-01 1.2084725814e-01 -4.7366253580e-01 2.6227876477e-01 -3.7904805622e-01 5.9545518841e-01 -6.1327883545e-01 -3.7607723768e-01 -1.3716852407e-01
1.1902521992e-01 -5.4836526386e-01 2.6096436253e-01 -7.4457573965e-01 6.7545712115e-02 5.7382866557e-02 -9.8430349529e-01 2.6709165136e-01 -9.8446089398e-02 -6.4412277572e-02 1.5318550843e-01
-3.9004331448e-01 9.5335840456e-02 3.5526692017e-01 2.8467947183e-01 2.1867802105e-01 6.6422913539e-01 4.6131062064e-01 1.1132604460e+00 3.8010687402e-02 -8.1344036688e-02 -4.0530089111e-01
