4.3161038140e-02 3.9040396809e-01 -3.4730305145e-01 -5.6488483263e-02 -5.5345796970e-01 -5.6868109570e-01 6.7772614042e-01 7.4973203207e-01 1.0667062254e-01 2.9694730035e-01 -6.2065639229e-02
-1.8626187813e-01 -1.0070191114e-01 -4.0945149658e-01 -4.8978554404e-01 1.3246548326e-01 3.1369448808e-02 7.5070151880e-02 -2.7744683093e-01 -3.7535840803e-01 4.1488607066e-01 -7.0877789055e-02
1.3766189564e-01 7.4138841111e-02 2.4109128440e-01 -2.0854815166e-01 9.3771214054e-01 2.3612901683e-01 -1.4402940728e-01 2.1526513049e-01 1.6315683470e-01 4.2614192923e-01 -1.7540906448e-01
1.6372284527e-01 6.1709507602e-01 -1.0311219871e-02 3.4225550594e-01 1.1361561316e+00 2.1854116780e-01 4.1906114743e-01 3.2319952600e-01 -1.1813503897e-01 6.7878759560e-01 2.6756444816e-01
-4.0633186495e-01 8.7615206927e-02 -5.0851731131e-02 -1.8960229585e-01 -8.2043270763e-02 5.3636011101e-01 1.4022113744e-01 -4.8592610283e-01 -9.0309017218e-02 -7.2714809989e-02 4.0475448323e-01
-1.1450934847e-01 -1.4410651856e-01 2.3262558061e-01 -1.1105058086e-01 3.4217381134e-01 6.7986421093e-01 1.4140526165e-01 -2.0812192988e-01 1.4692340691e-01 4.2442805551e-01 -3.1753338554e-01
-6.0470679299e-01 6.1129508699e-01 -4.2195162365e-01 -3.3300679150e-01 -3.8521498815e-01 -1.3244055058e-01 -3.0504932057e-01 -1.3435924060e-01 -5.5507456983e-01 -2.1377976938e-01 2.6458610358e-01
-1.7361536202e-01 -7.6201575717e-02 -4.5549257139e-01 7.0245590384e-01 -3.3454565436e-01 5.2769097116e-02 -4.2942973908e-01 5.3075181034e-01 6.0928050639e-01 -8.2728604094e-02 2.7741982898e-01
-4.3154474925e-01 2.7588899679e-01 -3.7677915515e-01 -6.9017756102e-01 -6.8230347851e-01 -2.8568545436e-01 -1.7262407439e-01 -3.7849829016e-01 4.8370691709e-02 -4.1413078837e-01 3.2633616580e-01
3.0036278287e-01 -7.1401825233e-01 3.9475707399e-01 -3.7279862772e-01 -2.0254428925e-01 3.5991283857e-01 3.9041764075e-02 5.0088952111e-02 1.2771236072e-01 2.1149866055e-01 1.3692577885e-03
-2.6963757891e-01 -4.0348295315e-01 -1.6113325850e-01 -9.3172254081e-02 -8.1469759447e-01 4.4398583838e-01 -2.7802229518e-01 -6.2961248441e-01 -4.6769832484e-01 -3.8024409693e-02 4.9569198172e-01
