-4.5886041004e-01 -3.2239524345e-01 -2.2413442982e-02 7.6282418008e-02 5.0242711973e-01 2.9777340696e-01 -1.2620822804e-01 4.8594430823e-01 -4.3153837312e-01 1.7071379920e-01 6.1021970747e-01
-9.6530817292e-02 -8.4676625246e-02 6.3327585416e-01 3.9332838484e-01 -3.6022785312e-01 5.7813347345e-02 -5.0792410706e-01 3.1148150242e-01 -2.1230391649e-01 6.4544134795e-01 -7.0044905997e-02
1.6458872005e-01 -9.5087725460e-01 -5.9740349891e-01 -6.5858525575e-02 1.4948307645e-01 -1.3716466323e-02 -1.6630899313e-01 4.7494324909e-01 -2.9582765399e-01 5.9726285969e-02 -4.9670012342e-01
1.1060398761e-01 3.5251010905e-01 2.7082905120e-01 3.0909767255e-01 -6.6326277087e-02 2.6868361777e-01 -8.0097816858e-01 -5.1741997189e-02 -6.7532583860e-01 1.3584909957e-01 -2.3301134957e-01
4.9621964002e-02 5.3065333081e-01 7.9660566465e-03 -5.6081801710e-02 -1.8962127249e-01 -1.1341186381e-01 1.4098423910e-01 1.4141714476e-01 5.5879258730e-03 -8.2835045713e-02 3.3570623664e-01
3.8980573176e-01 7.1235097098e-01 -1.9837824262e-01 -4.8672780305e-01 4.4835508038e-01 -3.3982662835e-01 1.8200120276e-01 1.0200118534e-01 -1.8410186522e-01 -5.3845804810e-01 -2.7968843036e-01
3.1212608445e-01 -2.1821278550e-01 1.1202706543e-01 -2.7276254322e-01 -2.9110914254e-01 -6.6555216501e-02 7.0806884139e-01 6.6523105930e-01 3.6279868423e-01 2.0788948679e-01 -7.2379821078e-01
-3.8113844610e-01 -2.5929446795e-01 1.4502005950e-01 -8.8150121554e-01 7.0763837790e-01 1.9237787632e-01 -2.0604446105e-01 2.4526579967e-01 3.7258191368e-01 -6.1376836144e-03 2.8586509056e-01
4.2694394112e-01 4.5935429334e-01 -9.2238415329e-02 -6.6712479147e-02 -2.5646428981e-01 -4.1266025238e-02 8.7712073597e-02 5.1133763935e-01 -4.6255886583e-01 -2.6371837047e-01 -2.1797864288e-01
-5.3696196827e-01 -3.2533324205e-01 5.8411972829e-01 1.4110626439e-02 5.9283699220e-02 3.8983203784e-01 2.2496839038e-01 -9.4040611417e-02 -3.5388313394e-01 2.1961598214e-01 6.0427032069e-01
7.4332706291e-02 -2.6961125126e-01 8.1837840571e-03 -7.8813223708e-03 -1.6928364780e-01 -3.3637113478e-01 -3.1969411311e-01 5.0713296516e-01 -1.0498797671e-01 -2.7929498095e-01 3.1165738444e-02
