4.1196981137e-01 -4.9531455743e-02 1.0537698296e-02 2.6756352867e-01 3.2169650575e-01 -1.0263838316e-02 1.7037936134e-01 -5.1478858574e-01 2.8509389673e-01 -8.8375478695e-02 -3.2328841060e-01
-2.9476566516e-01 3.2802762533e-01 -1.0022186905e+00 1.3047102883e-01 3.0808282953e-01 3.2301862952e-03 -7.1797606355e-02 -1.9183557128e-01 2.2630278212e-01 -2.7224623653e-01 3.6705082518e-01
-2.8850541443e-01 -2.6278606965e-01 5.2084984804e-01 2.8834107248e-01 -7.9734709360e-01 5.6531373354e-01 2.2917915296e-01 3.9592407633e-01 2.5492644291e-01 3.8056819740e-01 1.9565652785e-02
-5.5957601214e-02 5.9354683240e-01 -8.2243377462e-02 -4.8497700739e-02 8.0200268400e-02 -5.9450022660e-01 2.1926343592e-01 4.6354165122e-01 -3.7520539891e-01 -1.0388739913e-02 -5.0730945797e-01
-9.8170658542e-02 -2.1476292651e-01 3.4977543743e-01 -6.5269802067e-01 -4.4399022987e-01 2.3785926215e-01 4.1148471209e-01 2.2356169832e-01 -4.8635021804e-01 -6.5218566421e-01 5.0894822278e-01
-1.5121357070e-01 -1.5274711264e-01 2.6858099855e-01 -4.0841320794e-01 -1.7536839554e-01 -4.4813272152e-02 2.5143807204e-01 -2.3023044762e-01 -2.1547581252e-01 -2.8736139605e-01 -5.6665373598e-02
-4.8653493048e-01 4.4732882114e-01 2.6462001929e-01 5.8670818401e-01 -1.4071149667e-01 3.9619196801e-01 -4.5034037284e-03 8.9270814683e-03 6.0001047992e-02 9.9374775854e-02 -2.3406670107e-01
-8.9234882133e-02 9.8258903642e-02 -1.0181438029e+00 2.1659110468e-01 2.3376133023e-01 3.1104179326e-01 4.2062471089e-01 -3.1421701697e-01 -4.8368896860e-01 -2.6771614999e-01 2.8672627479e-01
-8.2177196187e-01 -1.0365102149e-01 7.5041776515e-02 1.6586912152e-01 2.6338148614e-02 -5.9309335563e-01 -2.7258974570e-01 6.3199861194e-01 5.7141894042e-02 7.1147400472e-01 -7.0966792014e-01
7.1953237990e-01 6.0923995747e-01 -5.8213739047e-01 6.6520599850e-02 -1.5640590737e-01 4.3908104100e-01 -5.1868887303e-01 3.3695703823e-01 -4.7409387106e-01 -8.3077395745e-02 3.0306655921e-01
5.1968988183e-01 4.8937492547e-02 1.2005552291e-01 3.2289578627e-01 1.1536258417e-01 -1.0455413628e-01 4.2112550667e-01 -5.2839933691e-01 5.4228203679e-01 -2.6866261951e-01 2.7878264931e-01
