-5.7772589542e-02 -2.0223697951e-01 4.3887146755e-01 3.9193442650e-01 -3.1837967426e-01 -5.5498713711e-01 -1.3052108058e-01 -3.7030735358e-02 1.5695804555e-01 -4.6783031652e-01 3.4375299086e-02
3.1199046124e-02 -2.7817328111e-01 -1.0942422867e-01 4.0608294560e-02 -7.5137618685e-02 1.3070058359e-01 -6.7403769181e-01 -2.1722972564e-01 -1.8252633211e-02 -4.1278184676e-01 -4.4761441140e-01
2.2665268206e-01 4.1310806166e-01 -2.4735536332e-01 1.5662981595e-01 -7.5912496036e-02 2.0879945830e-01 2.3991401660e-01 9.7836574080e-02 6.1845633539e-02 -7.8193980657e-02 3.4958311441e-01
1.1729236900e-01 2.5866116999e-01 6.6521004858e-02 -1.8560289805e-01 -3.2502514362e-01 1.5997283041e-01 -1.2975798477e-02 -4.8731160257e-01 -1.7943056191e-01 7.7056013181e-02 3.2586197582e-01
-1.3465454611e-02 2.2687465620e-01 1.4545120908e-01 -3.1298227251e-01 3.1465463702e-01 6.2415812522e-01 3.1975436575e-01 -3.6892260407e-01 -6.0244035178e-02 8.0226378753e-01 -8.3786167518e-02
-5.3653014128e-01 6.0661531952e-01 6.4325135529e-01 1.8238922154e-01 -5.1802870662e-01 -5.6540375399e-01 -4.3742918609e-01 1.2542304823e-02 5.5633238854e-01 2.1853297794e-01 4.9544374898e-01
2.6045327276e-01 -8.3742351953e-02 -1.0264021567e-01 4.6915629254e-01 -4.1397633966e-02 -3.7366050778e-02 -6.6906252622e-02 -8.4452757982e-01 -1.7236442951e-01 -2.0472195468e-01 -6.0936095114e-01
-1.4639806003e-01 7.8783667588e-02 5.6699626486e-01 3.7273720181e-01 -1.3813066420e-01 1.8942419564e-01 1.3302606880e-01 -2.7556149055e-01 1.8153767549e-01 3.5724609598e-02 6.3387661695e-01
-6.1175288455e-01 -5.5169480991e-01 5.4968395179e-01 -2.4153989669e-01 -3.1512796269e-01 1.3966303492e-01 1.3390492469e-01 9.0923209355e-02 3.8435589742e-01 -4.0754134174e-01 -3.4216516563e-01
5.2751877874e-01 9.8747541276e-02 4.9138452998e-02 -6.4224913898e-01 -4.7591428296e-01 2.9232090367e-01 -2.6111088988e-01 1.0681354445e-01 8.9896259360e-02 -5.6324202725e-01 -4.1564610341e-01
2.4604361099e-01 -4.9701471135e-01 3.2190820565e-01 3.9710173430e-01 -1.1716142396e-01 3.9526090902e-01 -7.7479567934e-02 1.2292826754e-01 3.2454638880e-01 -3.7315900962e-01 4.9966277793e-01
