-1.4830125852e-01 2.9368106971e-01 -1.8535151688e-01 -8.1692791041e-03 5.8014353137e-01 -9.4476798475e-01 -1.1065959713e-01 4.4870392338e-01 -5.9950247222e-01 1.7635637336e-01 -2.0112213785e-01
3.3136499637e-01 -2.1689573403e-01 2.8486699275e-01 -3.4687527492e-02 5.7162668190e-01 4.8501907100e-01 -2.5775577380e-03 -1.4843147660e-01 1.9457113446e-01 -3.1749009283e-01 -5.5149850237e-02
8.4186062137e-02 5.9156078362e-01 -6.5698430092e-01 -2.5818252636e-01 1.0466182842e-01 1.5555821628e-01 -2.0066832557e-01 1.3270089837e-01 1.2356773209e-01 2.9884559701e-01 -3.6962644527e-01
-3.6531229498e-01 -2.8705074614e-01 3.4605957154e-01 -2.3273202306e-01 -4.6109272907e-01 4.2670076525e-01 4.2274891025e-01 -2.4048887904e-01 -4.2688621279e-02 5.3119790293e-02 3.7313405137e-01
1.4591492095e-01 -1.8960740942e-02 -2.0205243938e-01 -5.4028973393e-01 -3.2996499026e-01 -2.5779593226e-01 -8.7522890733e-02 -2.1566696848e-01 -7.8215489291e-01 3.2711209891e-01 -4.3787038064e-01
3.5327837267e-01 2.9368201031e-01 1.8092393732e-02 -4.5362687886e-01 3.4775244099e-01 -9.6468484357e-02 -1.9258316482e-01 2.2360105172e-01 1.8687411234e-01 -8.6350065064e-02 -2.8592066271e-01
6.6614264682e-02 8.8693884970e-02 -7.3126330557e-01 1.2643351632e-01 -3.7739779438e-02 -2.9427657829e-01 1.9889074940e-01 -1.2569802348e-01 3.7461674629e-01 2.8889989621e-01 -3.0566655415e-01
-3.5447094649e-01 4.1103305639e-01 -2.5408973460e-01 -8.5600656052e-02 -1.1148155694e-01 1.8803971498e-01 -2.7920167446e-01 6.7417242394e-02 4.3145990655e-01 -2.8517989129e-01 3.3524051574e-01
3.0737884280e-02 5.1821308117e-01 -1.6591568889e-01 1.5196825953e-01 1.3592048244e-01 1.6761375838e-01 -2.2574277234e-01 4.4313945087e-01 1.7060780280e-01 -2.4931322887e-01 -5.2368098400e-02
-5.1007359604e-02 2.0279424209e-01 -3.6173750445e-01 -9.4916988087e-03 -9.1294286876e-02 -1.1343369024e-01 1.8893430270e-01 6.0646124918e-02 1.0333442326e-01 -2.7597608302e-01 -5.3278698763e-02
1.7436304228e-01 -2.8052269420e-01 3.8988630846e-01 4.8707335597e-01 -7.9495296802e-01 8.3805397770e-01 4.7210580378e-01 -4.3907948692e-01 2.2494116869e-01 4.4820589114e-01 -5.3497724889e-01
