-2.4996269041e-01 -6.2134067583e-01 -7.3779669111e-02 2.8860514350e-01 -2.0537843419e-01 1.3048665291e-01 1.5839956883e-01 -4.3247648447e-01 -7.2775360165e-01 1.2691914826e-01 -6.1856592794e-02
-3.2153307753e-01 -3.0213170137e-01 -2.8246406040e-01 2.0571963924e-01 -3.9409559614e-01 2.2165085988e-01 6.3144424061e-03 -1.4343154035e-02 3.0928163380e-01 3.6815868809e-01 6.0146772185e-01
3.3026685953e-01 2.7968457689e-01 2.1112157693e-01 4.4546072315e-01 4.5178793901e-01 1.9363026600e-02 3.4210065352e-01 1.0980019575e-01 3.7080836640e-02 6.9961707927e-01 3.2553125362e-01
1.0981050581e-01 2.5849875360e-01 -7.5551753360e-02 -1.3993227432e-01 7.0243199047e-02 -2.9925056946e-01 -1.9299730591e-01 3.2936399144e-02 2.6230709477e-01 -6.3830494268e-02 1.9741041833e-01
-3.6764602008e-01 8.1681780300e-02 -1.8323649765e-01 2.3653041120e-01 -7.6688414278e-03 1.3054930182e-01 -3.0446053534e-01 5.4565994810e-01 -4.1859756794e-01 3.1473242779e-01 3.9646411033e-01
-4.5886772624e-01 3.5392528254e-01 3.0471766498e-01 -4.2462477179e-01 3.6727001271e-02 -5.2947088628e-01 5.4754566565e-02 3.4223378877e-01 3.1888036027e-01 6.7604663422e-02 -4.3936118065e-01
1.1440584199e-01 7.6320346214e-03 -1.8318990236e-01 1.6069230769e-02 -1.5918781662e-01 2.0818671761e-01 5.3755360126e-01 -8.4066404801e-02 -5.2893035300e-01 -6.3558399779e-02 7.4874173670e-02
1.2323175428e-01 4.3965400244e-01 -6.4464990569e-01 -6.4101335764e-01 -2.1269927817e-01 9.2373895300e-02 -1.6737563401e-01 -4.7293849254e-02 -1.9565777895e-01 -3.0922140757e-01 1.0474988191e+00
2.0278159450e-01 -2.5820649978e-01 6.0416849845e-01 2.8474747482e-01 -2.2906804156e-01 2.7757196942e-01 3.8698702273e-01 -2.4879578953e-01 -1.1440566358e-01 -1.7817118074e-01 6.1558319961e-02
5.5381367525e-01 1.2043036278e-01 -1.6704659807e-01 2.1489523009e-02 2.0533768823e-01 2.2779694098e-02 -5.5784860564e-01 2.5425824763e-01 3.3268071031e-01 3.9172545452e-01 2.2301136238e-01
1.0014111441e-01 1.1897623377e-01 -3.0931907146e-02 3.8290549916e-01 -2.2419996249e-01 -6.7350853869e-02 -5.6134591290e-01 3.2360896382e-01 5.4899755875e-01 4.5381298151e-02 4.7795553890e-01
