6.5168136464e-02 1.5200288880e-02 -1.4982665308e-01 -2.8717674587e-01 -1.3950952770e-01 1.0230156166e-01 -2.5890421485e-02 1.5355625784e-01 -5.3739904311e-03 -1.3162905978e-01 2.2207871393e-01
2.9909497683e-01 5.9047044897e-01 -2.4587256876e-01 -3.6726391000e-01 1.1144745475e-01 -1.7077148479e-01 -1.0100589679e-01 3.6406907365e-01 6.5258051891e-02 -1.4151309916e-02 1.7801464258e-01
4.0545834643e-01 1.4035644044e-01 -2.2895134990e-01 -2.3348073464e-01 -1.3838553799e-01 -4.8311877465e-01 -2.1426977954e-01 4.3220556674e-05 5.0080902946e-01 -3.3989441845e-01 -1.0184213709e-01
8.6928027539e-01 1.0373205096e-01 4.4206384385e-01 3.2198037594e-01 -5.2057579034e-01 4.1721090626e-01 5.2824291971e-02 -3.8298130179e-01 6.4391886354e-01 -4.7670854626e-01 6.5283178381e-01
3.4251443241e-02 -6.9514874129e-01 3.3442702897e-01 2.0318671675e-01 -3.1352435672e-01 -5.7413954793e-02 2.6510128363e-01 -3.4427262402e-01 6.9937292814e-01 -5.4715132836e-01 1.8481377388e-01
7.0285181707e-02 1.0925671892e-01 7.1448001951e-02 3.2062110990e-01 6.6645429353e-01 2.8378445678e-01 7.0321965749e-01 3.5417933960e-02 -3.8454457936e-02 5.7544542439e-02 -1.2517141239e-01
-1.6799020059e-01 -2.3021024826e-01 3.2772101521e-01 1.5037012696e-01 7.0849297328e-02 7.3178512539e-02 -1.8281734962e-01 2.1464362755e-01 1.7393196686e-01 2.6116787384e-01 4.2682615949e-02
-4.0262012531e-01 1.3408048159e-01 -1.3564760242e-01 -5.2873116970e-02 2.9689555408e-01 -6.1437953585e-02 2.6717342697e-01 2.9099771142e-01 -5.9992715264e-02 3.0933369005e-02 -1.7090421452e-01
5.1699899246e-02 -2.8917591928e-01 -1.1101840566e-01 -1.4842300302e-01 8.4095865873e-01 6.1729356177e-01 -6.6845908096e-01 -4.9113754599e-01 -8.9681350449e-02 1.0120104855e-01 -7.1131955574e-01
-1.9891751132e-01 -2.7770476542e-01 3.9933186327e-01 4.1427714275e-01 4.3327857116e-01 -6.3922532192e-01 -2.1277832130e-02 4.3854695419e-01 -9.4794034326e-02 1.4439116489e-01 -7.9850053685e-02
-6.5997150582e-01 -3.5775223545e-01 -1.3950059098e-01 9.4305419089e-01 2.4909287462e-01 -8.6448537103e-01 8.4384267351e-02 2.4734178912e-01 -3.4737527582e-01 -3.4679645440e-02 -2.7436853918e-01
