-6.6720204489e-02 -6.0228213281e-02 6.5882815064e-01 5.2023267898e-01 -4.4029796772e-01 -1.1041492295e-01 -3.3691621281e-01 -6.7313161504e-01 -2.5608724737e-01 6.8078784924e-02 -3.1999610957e-01
1.3563565711e-01 -4.9702096299e-03 1.3807633313e-01 -3.3271794618e-01 3.5858064435e-02 7.0512628973e-01 -1.3242814298e-01 2.5890222057e-01 1.4268782296e-01 6.4515260367e-01 1.8902559900e-01
4.0783091443e-01 -5.0297651861e-02 2.0830102696e-01 3.7578358728e-01 7.7924430248e-02 -4.1392538656e-01 -5.5310127501e-01 1.4402577769e-01 -3.6508023326e-02 -5.4951992214e-01 -2.6131868745e-01
-4.9386286266e-02 -1.5332731751e-01 -5.1446439934e-01 2.3757990465e-01 -4.1568518560e-01 7.8997610963e-02 -2.8882819381e-01 9.8368280646e-01 -3.0693369785e-01 6.7647451054e-01 1.8319721041e-01
-1.5723887583e-01 9.1316762519e-02 -3.1614742727e-02 7.8388688278e-02 7.4903703419e-01 3.5108671474e-01 -6.6625116169e-01 -1.7483692529e-01 1.4665643084e-01 1.3549200810e-01 -3.2038723424e-01
2.5393754480e-01 4.9814273111e-01 -3.1228012933e-01 8.1522374379e-01 -1.3385704276e-01 -4.2896783931e-01 2.3133653303e-01 3.3382107533e-02 1.2650552865e-01 -6.0639644855e-01 2.2386469670e-01
6.4769496976e-01 -1.0997593786e-01 2.3130538872e-02 1.7788629665e-01 1.0931236813e-01 1.0777443185e-01 7.8501823966e-02 2.0304457083e-01 -2.0088407131e-01 -1.5362509919e-01 -1.8753579585e-01
-3.0450332682e-01 -5.5332609727e-01 -6.3175274316e-02 -5.0847363526e-01 1.5754805439e-01 3.5844277385e-01 -5.1685255008e-01 -1.9605590028e-01 5.4044790217e-01 4.3190719503e-01 -6.2109936915e-01
-6.9740694032e-01 1.3824864319e-01 1.7306458967e-01 9.6385394128e-02 8.1311652757e-02 -4.0383974312e-01 2.0655722956e-01 8.5065433372e-01 5.3108680006e-01 -4.2382701143e-02 -3.2285620243e-01
1.9784096642e-01 -3.0360288677e-01 8.3351149653e-02 4.8077060356e-01 -9.3484829390e-01 -5.1497518310e-02 2.5766977409e-01 3.8795932413e-01 2.1052855680e-03 -9.9610255477e-02 3.6823052033e-02
-4.1460433697e-02 1.8763443397e-01 1.5044286673e-01 -2.8797131521e-01 1.4516068052e-01 -3.3741353994e-01 1.8405588563e-01 5.2760562784e-01 8.7150527778e-01 1.1743781481e-01 2.0443828064e-01
