-2.3253276781e-01 -4.7403201121e-01 2.0724961175e-01 -2.1593269727e-01 9.7481741676e-03 -1.5778975501e+00 -3.8040962601e-01 -2.0502239772e-01 4.0474389521e-01 -2.2255228246e-01 -4.6026347560e-01
-5.5286027131e-02 -6.9491560243e-02 1.9879163073e-01 6.5110512890e-03 4.9020842318e-01 2.6768089117e+00 -2.1725051480e-01 -9.5199840426e-03 -9.1787089764e-01 2.8487039638e-01 3.5742007104e-01
3.8329312094e-01 -1.5613595328e-01 2.0945032837e-02 5.1603654466e-02 1.3200517074e-01 2.4473602646e-01 3.8586956705e-01 2.2785397993e-02 -2.8850387132e-01 -3.5529760524e-01 -2.4195297774e-01
6.0363520845e-02 4.7696272722e-01 -1.6368164535e-01 6.7966300287e-02 1.9816925902e-02 6.2184919845e-01 4.1950506306e-01 -1.8628922459e-01 -3.7152452722e-01 -2.0460618569e-01 4.3141236008e-01
2.1152992899e-01 2.5179779803e-01 -1.1917231775e-01 2.0407834189e-01 1.1562607158e-01 -3.4366315630e-01 -6.9261743576e-02 3.2610464636e-01 -4.7372836647e-01 3.6236394652e-01 1.6568890447e-01
-1.8982690034e-01 1.4874674396e-02 2.1111872886e-02 -3.0303612578e-01 2.3426107297e-02 -2.3761245966e-01 -3.0516703152e-02 1.3243338754e-01 2.9541349819e-01 -2.8887932018e-01 -4.2636768934e-02
8.2547458936e-02 9.4080161979e-02 -2.4264450240e-01 -5.6079587781e-01 2.1982499014e-01 2.1248111787e+00 2.6871932131e-01 5.9192073233e-01 -3.0584214761e-01 -8.3981817733e-01 1.9276800362e-01
4.7044925403e-01 3.2166592754e-01 -7.0053140041e-02 2.6496598801e-01 -1.1523233287e-01 1.5858596692e-01 1.8409789470e-01 9.3833547777e-02 4.5255694412e-01 1.4598648842e-01 1.5805152237e-01
6.9005415539e-02 -7.8166207092e-01 -1.5616566661e-01 4.8306814214e-01 -9.7548602597e-02 1.0818768486e-01 -8.6856052810e-01 5.1336367918e-01 6.4173413377e-01 2.6111741729e-01 2.0440988633e-01
-6.8032909447e-01 9.0369382154e-02 -5.0122031342e-01 2.3147329831e-02 1.9952177917e-01 5.5767525521e-01 -6.3662064401e-01 4.0439135898e-01 -7.5828518087e-01 4.5949286600e-01 2.6162474846e-01
-1.2779578072e-01 -4.6182350041e-01 -3.5227663691e-01 -8.1492488512e-02 -2.3200984928e-02 8.2335917805e-01 7.3465705668e-01 -2.0266483327e-04 -3.2305635536e-02 1.9241710064e-01 5.0263010759e-01
