-7.5374179486e-02 -1.2277041454e-01 1.6107006235e-01 -3.0664010026e-01 8.2623362115e-01 1.3551493658e-02 -2.1630914360e-02 -7.1585113477e-02 -7.3200760875e-02 4.7370419104e-01 -1.3055648924e-02
-7.4361063690e-01 -3.9810700150e-01 2.5269633862e-01 -3.8397446403e-01 4.5745012817e-02 -1.0293742665e-02 3.8515755952e-01 -1.7634967441e-01 -2.8707946594e-01 2.2806690686e-01 -1.5995213608e-01
4.2703196458e-01 5.1378532720e-01 1.3132036350e-01 7.2278872171e-01 1.3526280836e-01 6.7015634412e-02 3.9746670819e-01 -4.3451055156e-01 9.0084312147e-01 -7.4075548658e-02 -4.9009205225e-02
5.1581308052e-03 -5.4080283356e-01 -1.1750681456e-01 1.1249126816e-01 -5.7723918855e-02 -5.6452410625e-01 4.6627256626e-01 -6.4114205549e-01 3.9564388521e-01 -9.1688154218e-02 6.4504825060e-01
-5.1515252596e-01 9.9772497460e-02 -2.1159982536e-01 7.2714493555e-01 -2.4332878468e-01 -2.8202164818e-01 -9.7238006653e-01 5.0575154454e-01 -1.0675503518e-01 -1.5736011504e-01 1.5639017922e-01
3.1822943363e-01 -7.0415003221e-01 1.3402167793e-01 1.1690827698e-01 4.7843082635e-01 -7.8052811741e-01 -8.7959700922e-02 2.6596494851e-01 -6.4951997082e-02 -1.4216694062e-01 3.6750201278e-01
2.2009035343e-01 -4.2201951415e-01 7.5596054069e-02 -5.8022293133e-02 -7.4356163807e-02 2.3661369950e-01 1.0213957242e-01 1.0390313113e+00 1.6114196622e-02 -2.2838002614e-01 4.4321598095e-01
9.6062679353e-02 2.2823981095e-01 -6.6691332995e-02 -3.4997660467e-01 2.9192268016e-01 9.3889392101e-02 -3.3085552855e-02 -4.0188991541e-01 7.6689166592e-02 4.7025542848e-01 -2.6934647804e-01
-5.6809225672e-01 -3.3384082591e-01 -5.1768862402e-01 4.7646518411e-01 1.0221380669e-01 -5.2290813848e-01 1.1077791357e-01 -6.4096304831e-01 -1.3984518919e-01 -4.5812501953e-01 1.5366721245e-01
9.2117433044e-02 6.4701162469e-02 3.8998592027e-02 9.7113530043e-02 -3.5310268553e-01 -1.9196679507e-01 -1.7977840774e-01 5.3200618605e-01 1.5700101810e-01 6.3711442684e-03 -2.8626536422e-01
-3.4601028258e-01 5.1627124880e-01 -2.8295015391e-01 -4.3692187220e-01 3.9217684959e-01 4.4799821802e-01 3.4754793439e-01 -6.9825233016e-01 -2.9205873957e-01 -1.5248959553e-01 4.5161241910e-01
