3.7669044145e-01 3.3527596068e-01 1.3417837020e-01 -7.2501281151e-02 -1.3113349234e-01 1.2048141637e-02 -2.6427847435e-01 -7.3446697005e-01 5.1716362123e-01 -1.3680587076e-01 -2.3440136874e-01
4.0785775952e-01 2.0293581425e-01 1.5865030156e-01 5.6525717166e-02 -5.0965850292e-01 3.1860076956e-01 4.9570562373e-01 -3.4780503320e-01 7.3735437793e-01 -6.5239733875e-01 -4.6932369872e-01
-1.8846296064e-01 3.8319436872e-02 8.3770378236e-02 3.0363191255e-01 1.0706750046e-01 -2.9234108650e-01 4.6340514123e-01 4.2087682515e-01 -9.2202159737e-02 -1.5934697836e-01 1.8193532972e-01
-2.9680231505e-01 -5.9330618481e-02 3.0664035657e-01 -2.0589670943e-01 5.5092127132e-01 -4.0442115547e-01 -4.6660330730e-01 -3.4205113437e-01 2.3010209346e-02 3.4586186586e-01 -4.4746457119e-03
-1.3371960127e-01 -4.3191304178e-01 -2.3814520085e-01 -1.0006558402e-01 -3.8716464926e-01 -5.9262027507e-01 4.0895293527e-02 -1.2722377891e-01 -4.3746290415e-02 2.6127572495e-01 7.1684098730e-02
-8.0341066494e-02 9.9822026555e-03 1.4317898177e-01 -2.8881438309e-01 -4.5123428462e-01 3.8043241935e-01 9.0901954536e-01 -2.2440554924e-01 -5.6144280126e-02 -4.8912941117e-01 -3.8750509337e-01
-2.2894662096e-01 1.5814654040e-01 -5.4565625328e-01 4.3758668645e-01 2.9497417475e-01 -1.1420102949e-01 -1.8838860445e-02 1.9845551187e-01 -3.0298695492e-03 -1.6232192755e-01 4.3383359193e-01
1.7517832266e-01 1.4229333832e-01 -3.0371222629e-01 1.0545683156e-01 1.8115339819e-01 -3.3701773616e-01 -7.8473714621e-02 -2.5337417534e-02 1.9471596035e-01 1.5290103274e-01 -1.0332501009e-01
-1.8796535046e-01 -2.4920497823e-02 6.8533650454e-01 -3.0892113196e-02 4.9215916923e-01 6.8262339070e-01 -3.8816382509e-02 -4.7007679986e-01 -3.2480442351e-01 1.7832838676e-01 1.5276261175e-01
-1.9118415804e-01 2.3499856669e-01 1.6850645690e-01 -3.8836204242e-01 1.2358620426e-01 -1.5818979334e-02 -1.2570497086e-01 4.7874227761e-01 -4.3843726956e-01 -2.4557620908e-01 2.4509471415e-01
4.1916499903e-02 1.7982965370e-01 -1.9675180046e-01 -2.1643208155e-01 3.3697934179e-01 -2.5679961553e-01 2.9260940884e-02 2.7449528040e-01 4.5450941771e-01 2.3959258358e-01 -1.7634179192e-01
