-1.9114251375e-01 -1.1633108701e-01 1.9050358498e-01 -1.3918752486e-01 -1.3416398414e-01 2.3172659258e-01 -1.3896560443e-01 4.0443333930e-01 -2.4002407070e-01 -9.4864037108e-02 1.8341685674e-01
2.9392813783e-01 2.6156732374e-02 -8.3130549220e-02 -3.6509890331e-02 -1.0728795641e+00 -1.3588267703e-01 1.5782010332e-02 3.1455054206e-03 -2.6638334443e-01 -4.0049429349e-01 -2.2310576029e-01
4.3744021065e-01 -5.0822758598e-01 -2.2769806851e-01 -8.4285228332e-01 2.3481186060e-02 -4.6754892555e-01 -5.3590631510e-01 3.3208908916e-01 3.8674221638e-01 1.5198434290e-01 1.0801073532e-01
-1.1422275054e-01 -3.8174565998e-01 -1.3839901938e-01 1.5169824168e-01 2.8088136420e-01 -3.7569854547e-01 -1.0339585465e-02 2.6238063648e-01 -1.4381094584e-01 -3.2300705946e-01 3.0808112710e-01
-7.7229247584e-02 -3.4996525210e-01 -2.1396448382e-01 2.3986547975e-02 6.8519141377e-02 1.4324384041e-01 -1.9930797168e-01 -1.0304195282e-01 8.1666727370e-03 -4.3892451351e-02 3.3012519938e-01
1.4657629655e-01 -1.3180239554e-01 1.1822737043e-01 -3.2663094530e-01 8.4253610951e-02 -2.3952713140e-01 2.0473806805e-01 3.8967348953e-01 4.4630345421e-03 7.3798585987e-02 -4.1422115230e-01
8.3086895444e-02 -4.1553945254e-01 -7.2507332993e-01 -2.9526254570e-01 5.6252497699e-01 -2.8244620787e-01 -2.5065863961e-01 4.4098502702e-01 5.4296473434e-01 -9.6989388192e-02 -1.1127915426e-01
-1.9298555637e-01 -1.7167258557e-01 1.1509372145e-01 2.4122336768e-01 -2.8811615266e-01 -2.7006604092e-01 5.9965555863e-01 -5.6119771529e-01 -6.9240425605e-02 -5.9841723008e-01 2.8292423806e-01
1.7435880723e-01 -2.1418744847e-01 1.1276111568e-01 -1.2040023451e-01 3.2193992049e-01 -7.7239978122e-03 -7.7341011659e-02 4.0757355100e-02 -3.5709543087e-02 -2.2759373666e-01 -4.8606458955e-02
2.3531358260e-01 1.5360234408e-01 -2.5226518682e-01 7.1551562272e-02 2.7104485442e-01 3.5495875602e-01 1.8582810646e-01 2.6345817970e-01 6.4262642037e-03 5.0486486696e-02 5.5876444152e-01
-6.1803842524e-01 3.0881202612e-02 -3.8263870120e-01 -8.3780046502e-04 -8.9203524878e-01 -2.3945378478e-01 -4.6335843583e-01 4.5493033195e-02 -1.2386620408e-01 -4.4037884985e-01 -3.1350276232e-01
