-2.6073452627e-02 3.5593281940e-01 5.2592452395e-01 -1.3738425799e-01 1.3475558032e-01 -3.1533110988e-01 -1.4976269759e-01 -2.4508036018e-01 1.8086740492e-01 -1.8708201097e-01 3.3498384947e-01
-2.2651211564e-01 2.4760087280e-01 8.2099062088e-01 3.6630610310e-01 2.2538191834e-01 9.3189307437e-02 -2.1297885440e-01 -4.3058542748e-01 6.9893566567e-02 6.5173127437e-02 8.9098210060e-02
-4.8385110351e-02 -3.3945637439e-01 -4.1018003024e-01 8.6727969565e-02 -2.4910158372e-01 2.0248148087e-01 2.4712098703e-01 1.4601449570e-02 1.6045990550e-02 4.3643961952e-01 -2.1598820568e-01
1.2138763756e-01 6.6058220332e-01 -2.2049269349e-01 4.5453610148e-01 8.0691491004e-02 -8.1808192232e-01 -2.2305775597e-01 -1.7344503768e-01 -2.0864159760e-01 -3.3111885433e-02 1.2129082571e-01
-4.1695380361e-01 2.9552391530e-01 1.4088366109e-01 -3.2866913914e-01 -1.1117793736e-01 1.5570987492e-01 5.7208227326e-01 -6.1191083846e-01 6.7792234997e-01 -1.1578011247e+00 -9.1720291765e-03
-5.4413179687e-01 -4.2744269014e-01 3.3554367170e-01 -3.8448880193e-01 2.2096164928e-01 -1.0940014207e-01 -7.5164654219e-02 7.1256045409e-01 -3.7168575763e-01 -4.3226365420e-01 -2.5564318887e-02
5.4847734195e-01 1.7013063338e-01 -7.5546426597e-03 1.3533446163e-01 -1.1606801191e-01 -6.8923815035e-01 -6.4876191712e-01 -2.5098591790e-01 -1.8059382564e-01 3.4800011662e-01 5.1105627288e-01
5.7248300657e-02 -1.1861482549e-01 1.6297252418e-01 -1.9910573536e-01 1.6557907165e-01 -4.5069616549e-01 -4.0967500369e-01 2.8230970698e-01 -4.3970536566e-01 3.6751937893e-03 -2.8011430507e-01
-1.8615139378e-01 -2.0589384690e-01 -6.7459611503e-03 1.7203159740e-02 -3.4377595669e-01 6.8820166476e-01 1.9969541317e-01 -5.1169991735e-01 4.6839346639e-01 1.3649176259e-01 -3.9820864699e-01
-4.6134861028e-02 -5.7656616409e-01 -1.4123283501e-01 1.9102933771e-01 -4.0392835389e-01 -6.2608563441e-02 3.1051906115e-01 3.6516726563e-01 -3.3684530727e-01 -1.3355815014e-01 -7.6357225934e-01
2.1928405441e-01 2.3797479651e-01 -2.5664247967e-02 7.2723571917e-01 -4.1337993157e-01 -3.5815708427e-01 6.3352184677e-02 1.5528317312e-01 1.3392380571e-01 -1.9902968673e-01 8.0549152743e-01
