-1.6152470839e-01 4.5085850657e-01 -1.1588645428e-01 5.2466857987e-02 -2.6403187310e-01 -3.2641351216e-01 1.8363727818e-01 -4.0704601387e-01 -3.4575960748e-01 -2.4550398462e-01 -4.1036600130e-01
-4.6763730868e-02 -5.4760393418e-01 4.7718408390e-02 2.3931031869e-01 5.8467884787e-01 -1.7279023687e-01 3.1844950992e-01 -2.6910341582e-01 3.1350338008e-02 1.4540751312e-01 -6.4008600625e-01
2.8506357558e-01 -4.9239142696e-01 1.8244498356e-01 2.3543659588e-01 6.5441680005e-01 -8.3074005577e-02 -3.5682966779e-02 1.1674174596e-01 6.0482569661e-01 -2.7224780805e-02 -1.8519596930e-04
-2.7330039018e-01 1.8820984377e-01 8.5162122034e-02 6.3392730093e-01 -6.0332529825e-01 -5.7486911075e-02 2.0198235423e-01 -5.3614632319e-01 1.6376822190e-01 -2.8411853317e-01 9.0592490521e-02
6.6135744622e-01 8.9560881162e-01 -1.8571941806e-01 -1.3735497803e-01 -4.3579674410e-01 4.7259474959e-01 -5.8369898339e-01 -5.0114655678e-01 2.7371520858e-01 -8.1778649541e-02 -4.6567612188e-01
2.5941182967e-02 1.2016292071e-01 -2.5169583521e-01 -1.2061927155e-02 1.5855639452e-01 9.0100413444e-01 8.4100693502e-01 -1.8636895200e-01 3.0766920273e-01 -6.9905856805e-02 5.4501109947e-02
-7.9897050018e-03 3.0300656253e-01 6.6570841715e-03 5.0054193292e-01 1.9167073790e-01 1.4116700369e-01 -3.3502055203e-01 -3.0471183480e-01 3.9560929360e-01 -8.8322908568e-02 4.0654204684e-02
-4.9098687271e-01 1.0984652273e-01 6.1511068389e-02 7.6131871903e-02 -2.6346014914e-01 1.6091874314e-01 5.0076563704e-01 4.5889335664e-02 -2.3626427168e-01 2.7556293532e-01 9.6871028531e-02
-1.2044686858e-01 -7.7829140749e-02 3.1132006471e-01 2.5700795199e-01 -2.3844993411e-01 -2.7878383563e-01 4.2476228317e-01 3.9688964545e-02 -1.9898837068e-01 3.3476229850e-01 -2.0657467145e-01
8.8247416361e-01 3.1551814065e-01 -2.6024645015e-01 -5.1471153281e-01 3.2065053193e-02 4.4956705736e-02 -5.8364398166e-01 -1.4592557845e-01 1.0028351545e-01 -4.6996724301e-01 -1.1375885411e+00
1.0110663609e-01 -2.8155941334e-02 -3.2443294388e-01 5.8536358817e-01 2.9148217020e-01 -1.5560909042e-01 1.7678710617e-01 -6.3227543065e-02 5.0777217302e-01 -4.6742927185e-01 4.5634795127e-01
