1.1798375385e-01 -1.1538529106e-01 -9.2135162981e-02 1.1712029358e-01 -8.4720768996e-02 -7.6001390009e-02 9.0475061455e-02 -9.2525159099e-02
1.9632963209e-01 -1.9491355083e-01 -1.8041137302e-01 1.9586217283e-01 -1.7451959946e-01 -1.7068790507e-01 1.7916579154e-01 -1.8069787926e-01
1.5692417542e-01 -1.5486045600e-01 -1.3544875566e-01 1.5624001895e-01 -1.2861076077e-01 -1.2214508362e-01 1.3395483867e-01 -1.3579659677e-01
1.1712901945e-01 -1.1451945311e-01 -9.1192324148e-02 1.1626183068e-01 -8.3768328303e-02 -7.5001666838e-02 8.9529227944e-02 -9.1583095195e-02
1.5194364948e-01 -1.4980688730e-01 -1.2985800002e-01 1.5123502505e-01 -1.2292930274e-01 -1.1616012229e-01 1.2833910714e-01 -1.3021209746e-01
1.2187779810e-01 -1.1933004354e-01 -9.6433166339e-02 1.2103136190e-01 -8.9063930660e-02 -8.0560461754e-02 9.4786997238e-02 -9.6819566698e-02
-2.9404767353e-01 2.9491389897e-01 2.9876273525e-01 -2.9434108445e-01 2.9682923619e-01 3.0366596982e-01 -2.9852602378e-01 2.9880236522e-01
-1.1841248843e-01 1.1581961077e-01 9.2608244966e-02 -1.1755090357e-01 8.5198715560e-02 7.6503079436e-02 -9.0949656030e-02 9.2997849952e-02
-1.0889420035e-01 1.0617680035e-01 8.2109273878e-02 -1.0799078389e-01 7.4597343312e-02 6.5374000321e-02 -8.0418174927e-02 8.2507327944e-02
2.3192588299e-01 -2.3116708770e-01 -2.2182592472e-01 2.3167793460e-01 -2.1701063608e-01 -2.1604156853e-01 2.2085762597e-01 -2.2204443624e-01
-1.3628338637e-01 1.3392696726e-01 1.1238537964e-01 -1.3550114020e-01 1.0520555449e-01 9.7514628230e-02 -1.1079547284e-01 1.1275739708e-01
