5.7798311749e-01 -6.2195039147e-01 -4.8017339745e-01 -9.9276365942e-02 -5.8699882698e-01 5.3576204299e-01 2.1602353444e-01 -2.3979319716e-02
8.9926076967e-02 -4.7718930862e-01 1.8976862555e-01 -1.7985837277e-01 2.1791992624e-02 -3.5815245645e-01 7.1530496911e-02 -2.3452094214e-01
1.8212956735e-01 2.1914645827e-01 5.0672124047e-02 5.1588194179e-01 3.1638667631e-01 -1.0047935923e-01 4.6714716261e-02 -3.1688387900e-02
-2.8298056879e-01 2.6255265079e-01 -1.7779054766e-01 3.1911494741e-01 -8.4900730845e-02 -1.2328420227e-01 -3.3911991474e-01 -3.6628745953e-01
1.8670257316e-01 -5.8922091846e-02 2.6835361479e-01 -1.6812382028e-02 4.1574302246e-01 -7.5141020296e-02 2.7681938214e-01 -3.2184514261e-01
2.5487624527e-01 -3.3303681861e-01 3.1918410540e-01 5.4587005092e-01 1.4431782876e-01 -1.0524657414e-01 4.7314886369e-01 2.6362699608e-01
2.6723091883e-02 -1.6368283731e-01 5.1466462622e-02 -6.4934936875e-02 -1.1557126776e-02 -1.9219820034e-02 1.7485680359e-01 1.2160892113e-01
-3.5454359425e-01 -8.0310555849e-01 -2.0888706712e-01 3.3476625488e-01 -2.5684438333e-01 3.4992981149e-01 -3.1942275683e-01 1.6846224769e-01
-5.6164176938e-03 -1.1400540847e+00 4.2758772052e-03 -3.9929354218e-02 -9.7300114131e-02 1.1787695224e-01 2.3605916520e-01 3.8839316520e-01
4.4525587469e-01 -3.1024617040e-02 3.7322313738e-01 4.2155076451e-02 3.3413314777e-01 -5.9250615697e-01 -2.3763802937e-01 3.7348691108e-01
