2.4297402872e-01 1.7662271273e-01 5.2104038730e-02 4.4261316123e-01 -1.0819789462e-01 2.9231706852e-01 1.7972672485e-01 3.5607566369e-01
9.0824195240e-02 2.5077962839e-01 8.4527017146e-02 2.3589301783e-01 -2.2262019465e-01 4.2287450169e-02 3.7309902974e-01 1.2951169742e-01
2.8582808396e-01 -2.7313100276e-01 -1.4432233618e-01 9.2823565189e-02 3.4567246061e-01 -9.4395350319e-03 3.7480520024e-02 4.6751960140e-01
-3.8067698062e-01 7.2304799897e-01 -3.5026952355e-01 -6.4585044774e-02 -6.7128746161e-01 1.3656126522e-01 -6.3752231516e-02 6.6089329434e-01
-3.4042410996e-02 -6.3154822845e-01 -9.2574974131e-02 3.1468459028e-01 -2.1705481126e-01 -2.7358598161e-01 4.0949070411e-02 -3.7627162557e-02
4.1110104475e-01 2.8375711677e-01 2.1285127851e-01 1.6810340875e-01 3.4186703494e-01 -2.2268181923e-01 6.7765703847e-01 -1.1427265384e-01
-1.1092785302e-02 -1.4872435253e+00 6.7405063728e-02 -4.2668242655e-01 3.6250291589e-01 1.5650082698e-01 1.4609933060e-01 3.2279358583e-01
1.1996674781e-01 2.8398454428e-01 -2.3980874557e-01 9.4692522359e-02 -3.5220104683e-02 -3.7282127282e-01 -8.8790769229e-02 -2.9555747668e-01
-1.1442406179e-01 -2.9285341174e-01 -1.8158842575e-02 2.6719010437e-01 1.0948149484e-01 4.2205785840e-02 -1.6128147433e-01 5.5027233795e-02
-6.4668487956e-02 -2.4968365567e-01 2.4137336695e-01 4.2879459686e-01 -7.0912877624e-01 4.6199949838e-01 -2.0857874625e-02 1.0391586435e-01
