-1.8971834988e-02 2.7833970065e-01 3.7752388142e-02 1.1314716890e-01 -1.5107125350e-01 -5.0683378926e-01 5.1544972183e-02 -1.9852993783e-02 2.6097417637e-01 -1.2057868678e-01 6.9105268282e-01 -4.1449333243e-01
-6.0177212814e-01 6.0005695273e-02 -7.1079024090e-01 1.0327730353e-02 -1.1450184437e-01 -5.2332700170e-01 -1.5524644361e-01 8.9526291640e-02 4.5243132557e-01 3.6269554769e-01 2.7628638220e-01 -9.2386584976e-02
-3.7135214004e-01 7.1550612307e-02 -2.6904380826e-01 -1.6879506630e-01 3.1183463950e-01 -2.3638593647e-01 -3.0343902734e-02 -1.0360593691e-02 -1.9744251984e-01 -7.0301874179e-02 2.8717873880e-01 -4.3762615046e-02
-3.4357756415e-01 -3.9944882951e-01 2.5612192122e-02 -2.7905053988e-01 2.3037621500e-01 1.9343155197e-01 -4.4416232696e-01 -6.0227522927e-02 -2.3542186449e-03 3.8233396127e-03 -9.0242862191e-04 2.9378495435e-01
1.3023562926e-01 2.5492126845e-02 -7.9206272459e-02 4.8269889229e-02 -2.9221632639e-01 5.5040095525e-01 1.6247563477e-01 8.0545907003e-02 -3.2255403133e-01 -3.5214227777e-02 -3.1278525211e-01 1.9832707483e-01
-2.4047768270e-01 3.6432373905e-01 7.9341286480e-02 3.9583102972e-01 3.2054135415e-01 -2.9123590688e-01 1.3134243050e-01 5.9964781740e-02 2.4514475072e-01 -3.1534898123e-01 1.1602772359e-01 -1.5385504039e-01
2.7578878995e-01 3.8899837076e-01 3.8445564366e-01 3.6543071277e-01 4.0501622776e-01 -2.0170723217e-01 2.1800198658e-01 -2.5622008906e-01 -1.8900687597e-01 -3.2374040892e-01 1.5499223110e-01 -4.3804261677e-02
-1.6446542397e-01 -1.4413524608e-01 -5.2019898088e-01 -2.3862785741e-01 -3.2593047359e-01 1.6708919430e-01 -1.7859473388e-01 2.1038694562e-01 7.6809544898e-02 6.6086189822e-02 2.3577388682e-01 -3.7048529382e-02
5.6809826057e-01 -4.2237057002e-02 3.5236881235e-01 1.2161172460e-01 -6.3520936650e-02 -7.7947710916e-02 7.0448058112e-02 4.1449938798e-02 2.8323800567e-01 -1.6831010891e-01 -2.1590585905e-01 3.2307232368e-02
-3.7376272189e-01 4.0428709898e-01 -1.5478173702e-01 1.3459689460e-01 5.1432417716e-02 2.6388220285e-01 5.4738401282e-02 -9.8707904175e-02 -1.2807529835e-01 1.4516735507e-01 -2.8155221947e-01 1.3121983827e-01
