7.4345343693e-02 -6.9300783336e-02 4.9698103064e-02 3.7946490143e-02 -7.8878632224e-02 2.0065191273e-01 -1.8997746913e-01 -2.8208483112e-01 -1.1478912411e-01 1.0672755372e-01 1.2886962948e-01 8.2501013974e-02
-1.0687407217e-01 2.7440458707e-01 9.0579191576e-02 2.3235521923e-01 -2.3418463926e-01 1.1738594577e-01 -3.1821788845e-01 -4.4412080922e-01 -3.1905455981e-01 3.2407375701e-01 4.1502846888e-02 5.4808130335e-01
-2.6006175814e-02 2.9533960248e-01 -1.7155793809e-01 -4.5893080297e-01 3.5118735584e-02 7.0421557073e-02 1.0369854784e-01 7.7083242494e-02 1.1843241540e-01 -7.5086577855e-04 -2.4947674371e-02 -2.0561595951e-01
-7.9036585257e-03 -3.4904583735e-02 -1.1856038837e-01 -3.7923835238e-01 1.9943463620e-01 -2.2891294193e-02 -1.2175975111e-01 7.8624396821e-02 1.8392771365e-01 1.4052352300e-02 -5.7741127222e-02 -5.6975105426e-02
-3.6108707115e-01 -4.2106466162e-01 -2.5606624061e-01 4.6569752693e-02 1.6981770970e-01 -3.0654757610e-01 1.8917795580e-01 2.1258341504e-02 3.1881979027e-01 3.5356176906e-01 -5.8621134918e-01 -2.2416633524e-03
-9.0495613575e-02 -1.3901005864e-01 -1.1291532713e-01 -1.0751877445e-01 1.2232208384e-01 -7.8424961019e-02 1.0849214196e-02 -3.3674919258e-01 3.5351712247e-01 3.7192644845e-01 -2.3453444361e-01 2.5004984675e-01
4.5787619693e-02 8.8305586155e-02 1.0308575046e-01 3.0338570544e-01 -1.6941389170e-01 1.9943700252e-01 -2.7561484127e-01 -1.3443122973e-01 -5.6260311219e-01 7.6745258559e-02 7.3732694575e-02 2.5028845159e-01
-2.4377212272e-01 -1.7519941823e-01 1.5232654476e-01 3.8943336476e-01 5.2304567083e-02 2.7299492393e-01 -1.8183625388e-02 -7.9004162050e-01 -3.6948835276e-01 6.5989595964e-01 -2.7435837963e-01 2.6917572910e-01
2.3938177234e-02 -3.8436707029e-02 -8.6655935438e-02 -2.4594121979e-01 -1.5333050488e-01 4.4839964183e-02 1.0870967265e-01 2.2087602908e-01 2.1733211313e-01 -6.0802797948e-02 1.7896982059e-01 -1.1595641078e-01
-2.7383641381e-02 3.9350439258e-01 -8.9200419965e-02 -5.8832735872e-01 -2.0109006293e-01 1.6081277659e-02 -2.3331465544e-01 1.6880644391e-01 1.4337591929e-01 -2.6277393117e-01 3.2395716222e-01 6.1376990588e-04
2.8056394779e-01 2.2731577565e-01 3.8407568306e-01 2.8604797073e-01 -2.8799177478e-01 3.3384113643e-01 -1.2661163192e-01 -1.2821371532e-01 -4.0499996008e-01 -2.4063060838e-01 2.9076785490e-01 1.8273506945e-01
