7.8095141687e-01 3.1807867189e-01 -7.1759410519e-01 1.2254992175e-01 -2.8077089610e-02 -4.7328743259e-01 -8.5251486936e-03 1.9279041735e-01 -2.7011300611e-01 1.6763628955e-02 -1.7352811528e-01
-2.0436629468e-01 -1.6736175398e-01 -7.9583996612e-01 5.3639227386e-02 7.5607714905e-03 2.9857136032e-01 1.4654755198e-01 -4.3938640774e-01 1.5769880166e-01 -1.6769187760e-01 -3.2555250159e-01
-7.8482447884e-02 -5.8016548448e-01 -1.0830744304e-01 1.1245328513e-01 3.0165624362e-01 4.6271964024e-03 8.4860300529e-01 -2.9752454075e-01 2.3647773537e-01 1.2783532899e-01 3.0723233126e-02
-1.8448624134e-02 1.0383858247e-01 4.8930019765e-01 -8.0529419543e-02 1.2400866660e-01 3.6738179331e-01 -2.2477631249e-01 3.9602686091e-01 1.8152681521e-01 -9.3105923986e-02 1.1265259282e-01
2.8498301484e-01 -4.9864624374e-01 3.7609028722e-01 -2.8543608590e-01 -2.1373755176e-01 3.4716486686e-01 2.3862597701e-01 -1.1569262074e-01 2.6321685990e-01 1.1083483488e-01 -1.1286394760e-01
-2.5294316253e-01 -2.1131023875e-02 4.3127216318e-02 1.0093627960e-01 -6.7105172102e-01 -1.5878449005e-01 -2.6046704752e-01 -2.9497279674e-01 -1.0632945986e-02 7.7889455321e-02 -5.6974754438e-01
-1.2853349351e-01 1.7515932840e-01 1.9485319830e-01 5.1956869765e-01 2.6658378577e-01 -9.7069862904e-02 -1.1203934952e-01 1.1487611505e-01 -7.5157234592e-03 1.7980536115e-01 2.8801550422e-01
-1.7024916311e-01 -5.2595486227e-01 -1.1357534655e-01 -7.1982978961e-02 6.2370694160e-03 2.8714294002e-01 -2.1716393928e-01 -1.9386399091e-01 2.6734897204e-01 2.4487904145e-01 2.6792971153e-01
7.5760323892e-02 -2.5187878753e-01 -4.8367068882e-02 6.6442314257e-02 1.6972797938e-02 -1.6282931930e-01 -3.3968167818e-01 9.9105323131e-02 1.1339615878e-01 4.0171072616e-01 1.5386341306e-01
-5.8902519594e-02 -7.4208197060e-02 2.8273287354e-01 -3.6743436775e-02 -3.9170032678e-02 -2.5032870191e-01 -2.3435326524e-01 -2.8962433732e-01 -8.7993368018e-03 -1.5001381796e-01 -8.7144377689e-02
-1.4763228752e-01 -4.3898253813e-01 -1.0940402169e-01 -1.8918745162e-01 -8.2200324694e-02 1.5050538796e-01 3.7759902201e-01 -7.4586443661e-02 -1.3666097632e-02 7.8522754861e-02 -3.5032908315e-01
4.8004696516e-01 -3.7672850393e-01 3.2477887872e-01 4.5749198296e-01 -1.5624438972e-01 -2.0092818987e-01 -7.9372827885e-02 1.8398399781e-01 -2.0377732574e-01 5.3319192295e-01 3.0465101268e-01
