-3.8303391067e-02 6.0224683219e-02 -1.9668580360e-02 1.3106301938e-01 -1.0787911397e-04 -1.8515458919e-01 -7.3692373301e-02 -2.6194041874e-01 2.8442583116e-02 -5.4574903244e-01
-1.3240534062e-01 1.4164378207e-01 1.6273879578e-01 7.2216496796e-03 1.5005036014e-01 1.1606106066e-01 -1.0234118007e-01 1.8202451916e-01 8.0103964501e-02 -4.5255876904e-01
9.1434821898e-02 3.1778018704e-01 9.1849462883e-03 2.7803953187e-01 -1.5264536154e-01 -1.6693784531e-01 4.7150907989e-02 -3.1865817399e-01 -1.2136912275e-01 4.1300419879e-02
-1.7599919397e-01 -5.6712387502e-02 -2.6205764392e-01 -2.3042378548e-01 1.3033659924e-01 5.0443570468e-02 7.6869533090e-03 -4.7465443961e-03 2.0893232859e-01 1.9254794875e-01
8.9035222244e-02 1.2492831067e-01 -1.7060009479e-02 1.1621885054e-01 -2.2550332325e-01 -3.3473804694e-01 -7.2199415746e-02 -4.0003153112e-01 -1.4907399070e-01 2.7158885332e-01
-2.7628183283e-01 -2.0034230480e-01 -5.6313416137e-02 -3.3809091754e-01 2.2362738026e-01 1.9339857147e-01 1.3095037518e-01 2.3230391174e-01 3.0445997218e-01 3.3148197312e-02
1.8304200837e-01 3.9322619203e-01 -1.2496930828e-01 3.5401212366e-01 -2.8931822765e-01 -2.0196274158e-01 2.8458400494e-02 -6.3886737282e-03 -4.7253734606e-01 4.1613783601e-02
1.3428607225e-02 -3.1581799348e-01 1.2871224488e-01 -3.6766810588e-01 -1.4652120713e-01 9.6917815109e-02 -2.1961214108e-02 2.6284183482e-01 2.4298618808e-02 -4.3327590398e-02
-1.5944018083e-02 4.6730041955e-01 -9.2652663455e-02 1.5491396818e-01 2.8878944264e-02 6.3128796000e-02 -9.8703472778e-02 1.9130588210e-02 -6.8771297525e-03 -1.8218155448e-01
6.1035329341e-03 -3.7724469274e-01 4.5237193050e-01 -2.4603124824e-01 -2.1043132133e-01 -1.9505049917e-01 -5.0634889607e-02 -6.5976642777e-01 3.2256235339e-01 5.7491405042e-01
-1.2881898465e-01 -8.8740392309e-02 -8.2542078671e-03 3.2423926076e-02 6.4498082025e-02 1.1256785912e-01 -6.4816170417e-03 8.1017437548e-02 3.4617962254e-02 -9.7179475438e-01
8.9147750605e-02 -8.0609823322e-02 6.7367452925e-02 -2.0224044106e-01 1.9405528155e-02 5.3772172191e-02 -1.0508739806e-01 1.6065975149e-02 1.6761750864e-01 2.8944725521e-01
