1.7138476404e-03 5.7493384056e-02 7.3004565976e-02 7.1435654514e-02 -1.0482270618e-02 -2.2244578632e-02 -2.2528398903e-02 7.4520690782e-03 2.0342015690e-02 1.0461693796e-02 2.9741115600e-03 -1.5269600839e-02 -4.7349100011e-02 3.8762454059e-02 9.6418967905e-02 -4.2483504747e-03 9.7214994548e-02 7.5811139193e-03 5.8921665196e-02 -5.1867549965e-02
3.1448755130e-02 -2.3544153289e-01 -6.2616920611e-01 -3.4270933477e-01 -2.4529949015e-01 2.4382205032e-02 -3.7257020126e-03 -4.3352298777e-01 4.9209791281e-01 1.4319251138e-01 -2.8024629555e-01 2.8231520695e-01 -6.6575790782e-02 -2.5156130485e-01 -3.0887157025e-01 5.1493498014e-01 5.1043153771e-01 -1.7367060402e-01 -2.2142566836e-01 4.6252225330e-01
1.5306694893e-02 8.2940390142e-02 2.2230481374e-02 1.2211631129e-01 7.9056269248e-02 3.0004911370e-02 -1.7169487872e-02 1.5364274802e-01 -4.0834825547e-02 9.1831786094e-04 1.1465631072e-01 -1.1919210038e-01 1.8383783370e-01 1.1161479626e-01 1.1095455680e-01 -1.4262798077e-01 -9.7949103701e-02 1.0406760788e-01 -1.0793245676e-02 -1.1884551934e-01
4.3002805132e-02 -6.6565015352e-02 6.0342921017e-01 -8.3491670699e-02 -7.7035050204e-02 4.6530112739e-02 4.0353772235e-03 -3.5220547797e-01 -5.3845655486e-02 3.0225687343e-02 -7.7995209104e-02 1.8015192760e-02 -8.0846958793e-02 -5.7937296452e-02 -1.3049388837e-01 -2.3566144791e-02 -1.9502364658e-02 -7.3922294522e-02 -1.9601140042e-02 9.8838684023e-03
-1.5359884894e-04 2.1774842835e-01 1.8659643528e-01 3.3967053668e-01 1.6629716045e-01 -2.6433060784e-03 9.9088733088e-03 2.9287066885e-01 -3.1587421437e-01 -1.0922004099e-01 1.4331684895e-01 -2.1883682031e-01 1.8788872689e-01 1.3579002668e-01 2.7586208706e-01 -3.1137498807e-01 -4.0519884908e-01 1.6199720671e-01 4.5078051261e-03 -4.0568455128e-01
-9.3600052341e-03 5.0436490806e-02 4.1716174542e-02 7.1168719415e-02 2.2018774838e-02 4.9019459033e-02 1.0588634969e-02 8.3984014410e-03 -7.5417780771e-02 -3.5671498848e-02 3.6763824976e-02 -8.9634338175e-03 -4.4468516386e-02 1.7048174795e-02 -3.5647988987e-02 -1.3325850302e-01 -1.3852506098e-01 7.0624029877e-02 -2.3879148585e-01 -8.6276950852e-02
6.7724722352e-03 3.4311307485e-02 -1.2422188357e-02 -1.7109884614e-02 3.8495180241e-02 6.2464005822e-03 -1.0716656227e-02 -5.3617707601e-02 1.1129485404e-01 -1.6009757674e-03 1.3563648628e-02 5.4799901694e-02 -6.7957189360e-02 -2.9262328363e-02 4.6426710723e-02 1.2205399358e-01 1.8332433546e-01 -4.5193953360e-02 4.0374951461e-02 4.6376700638e-02
9.6625939857e-04 7.5655128459e-02 3.9521583339e-02 5.8933034862e-02 1.0123105983e-01 -6.4721247454e-02 1.3822982167e-03 1.7287595289e-02 -4.5120050019e-03 1.8917451201e-02 3.8903745882e-02 4.2925389345e-02 -1.5296469528e-02 3.0138386855e-02 7.2255557397e-02 2.4257188052e-03 1.3600156549e-02 9.8382449707e-02 8.4172107615e-02 -8.0900003707e-02
5.6710564197e-03 -8.3050165854e-03 -1.2179465421e-02 -8.1483252976e-04 -1.8853384403e-02 -2.6674642397e-02 1.6543649079e-03 2.2455000959e-02 -2.3510808473e-02 7.7191988451e-03 -1.6059954455e-02 -8.0024490576e-03 -5.4805304477e-02 -5.0040933423e-02 1.8306383255e-03 -6.9004552260e-04 -6.4526272078e-02 4.4004937745e-02 -1.1170578006e-02 1.4136642671e-03
2.3495595855e-02 9.0233467621e-03 -1.2463451160e-03 3.5322666949e-02 -5.6178572200e-02 4.0765843508e-03 -3.8830553725e-02 6.0062189967e-02 -4.8402236641e-02 -1.3999642154e-02 -1.6266360356e-03 1.4909472583e-02 2.5661801748e-02 4.2262396932e-02 -2.1483292402e-02 8.4056913403e-03 6.3788977928e-03 1.6024636373e-02 7.0794753870e-03 9.7982808681e-03
-1.4333868137e-02 2.9800809169e-03 -1.5160725199e-02 3.2007905069e-02 -3.6777223495e-02 -1.0480156224e-02 -5.7493401975e-03 -1.1301987658e-02 -2.2651845107e-02 2.3692362176e-02 1.8840680688e-02 -8.4920608233e-03 1.8471303582e-03 2.5409946312e-02 4.1094293172e-02 -9.2350228531e-03 1.0703365159e-02 -1.6301067124e-02 -3.3923158998e-02 2.0925838634e-02
2.3354958238e-02 1.8392296731e-01 1.4764457952e-01 2.0285404243e-01 1.5590008226e-01 -1.5453342127e-02 2.0946819626e-02 2.3484793728e-01 -2.1675772760e-01 -9.6858846779e-02 1.4617127336e-01 -1.6869544825e-01 2.8573180898e-01 1.6882960406e-01 1.7317489080e-01 -3.0598590101e-01 -1.4012172689e-01 1.1856312293e-01 -6.5403859988e-03 -3.0101888998e-01
-5.6860183194e-02 1.2475415123e-01 1.1905937825e-01 1.6738236478e-01 1.4230912909e-01 -3.1957804300e-02 -1.1998547701e-02 2.5555747945e-01 -2.5817541380e-01 -2.7432840818e-02 1.5352385681e-01 -1.4549369207e-01 1.7627998053e-01 1.2482224536e-01 1.7042228775e-01 -2.1926645891e-01 -2.7390072238e-01 9.8012017493e-02 -2.1211818798e-02 -2.8813310884e-01
-3.4036228271e-02 1.3511363479e-02 -1.0071603923e-01 2.8165278062e-02 1.3589023264e-02 -3.4395642823e-03 -2.2580013791e-03 5.7442843003e-02 6.1549847991e-02 -1.5864741574e-02 8.9763033045e-05 1.0558297360e-02 4.0055270398e-02 -6.8958458340e-03 5.2640006313e-02 6.6177928551e-02 1.4414985149e-01 3.8433656229e-02 3.2202606416e-02 -1.4346146304e-02
2.1118335698e-02 7.3803193025e-02 9.9984066205e-02 4.0812320380e-02 2.9187590056e-02 2.6034583857e-02 -7.8021241678e-03 3.8893906702e-02 8.5799638590e-02 -4.0970573325e-02 1.5240894088e-02 -7.8055291087e-02 -6.2101981035e-02 8.0723667597e-02 1.0125668284e-01 -2.6572909617e-02 6.1014309860e-02 3.3560391306e-03 1.0199803458e-01 -7.4825665868e-02
5.4955323994e-02 1.5792979805e-01 2.3564299797e-01 1.8761658034e-01 1.4982744070e-01 7.5127793960e-03 1.6205829696e-02 3.0409648955e-01 -3.8836971093e-01 -9.3558277337e-02 1.3784760826e-01 -2.0784862220e-01 2.4006196681e-01 1.9838800492e-01 2.5579124145e-01 -3.8266737386e-01 -4.0070097145e-01 1.1992560507e-01 -1.1419082177e-02 -4.4147135177e-01
-1.2903300310e-02 2.6117301309e-02 9.0665544442e-02 -6.1952129245e-03 -1.0911778165e-02 3.4419070193e-02 -2.0390687447e-02 -1.3476202855e-01 -4.4105832608e-02 -2.6090591090e-03 -2.2739624058e-02 1.2610933541e-02 -1.1370301630e-01 -3.4907827252e-02 -7.7848576248e-03 -2.1978574923e-02 -4.1318448057e-04 -1.0935366594e-02 7.6276841539e-03 3.1028391426e-02
-1.4514466195e-02 1.9774158835e-01 1.4438126763e-01 2.2919129658e-01 1.9308984386e-01 1.6895793016e-03 7.4792959677e-02 3.3431136960e-01 -2.9421249168e-01 -1.0289096255e-01 2.3938430678e-01 -2.8937977584e-01 -2.4738130076e-01 2.3310604926e-01 3.3333599224e-01 -4.6565595111e-01 -3.9371694870e-01 1.7356158752e-01 1.9260145825e-01 -4.3088289724e-01
-4.1678796736e-02 2.1024966465e-01 2.0424807511e-01 2.7427173220e-01 2.7510979050e-01 -2.1285990993e-02 2.0881517430e-03 3.2512827137e-01 -6.0813760709e-01 -1.3810168570e-01 2.0472863316e-01 -3.8272239686e-01 -1.8591368704e-02 2.6099683727e-01 3.1892674042e-01 -6.4787080715e-01 -6.1912055964e-01 1.5169010460e-01 3.2048928634e-01 -5.2272396885e-01
-1.5825385545e-02 7.5932034462e-02 -4.5884336464e-02 8.0822467518e-02 6.5029791424e-02 -5.1581820798e-03 -2.8790902451e-02 5.7490221669e-02 -8.8057451294e-02 -1.9210385883e-02 5.9133060889e-02 2.2791812144e-02 -2.3947222437e-01 6.4558968181e-02 1.1998608039e-01 -1.3793061588e-01 5.1643714319e-03 8.5104356176e-03 1.4985507776e-01 -9.6755112440e-02
