5.4561478984e-02 -3.2239218690e-02 -4.4184742727e-02 -3.0319098750e-02 7.8972831567e-03 6.1560643051e-02 7.3000678121e-02 -1.6609412374e-03 6.4447285920e-02 5.4426089772e-02 -8.2218887882e-02 3.3446541382e-02 5.4614448869e-03 5.7445271036e-02 9.4536020701e-02 1.1650925788e-01 1.1755890938e-01 -5.0771020869e-02 -5.2915978496e-02 2.9141646504e-02
1.2438484966e-01 1.5701866830e-01 3.3197533191e-02 -3.2584598568e-02 -5.3127790979e-02 9.5543394564e-02 -6.8565599081e-02 1.2750985999e-02 1.5798831347e-01 3.4603949229e-02 1.3765935585e-01 6.6342739048e-02 6.2044547014e-02 8.9578637962e-02 9.3702483243e-02 9.3397372949e-02 9.5079136756e-02 6.5530331425e-02 -1.1130601112e-01 8.9061478828e-02
4.0508386785e-01 4.4525876748e-01 2.2214132350e-02 -1.7988188681e-02 3.5741940607e-02 -1.9431635934e-01 3.3666336581e-01 -2.9110747722e-03 -4.9493376019e-01 2.6486257042e-01 3.5748048105e-01 -1.7904743497e-01 -1.6177164435e-01 -2.4166459955e-01 -1.7911657945e-01 -1.7399314628e-01 -5.7586787539e-01 2.2957441386e-01 2.0810136843e-01 -2.0699495025e-01
7.6946682871e-03 -3.4851941041e-02 4.8321748155e-03 1.8737452759e-02 -2.2832872747e-02 1.6252322301e-02 -1.4155708182e-02 3.4621054709e-02 3.9031791615e-02 3.8055210505e-02 2.1451799302e-02 1.8623473665e-02 -4.0244581729e-02 -7.9393542894e-02 -5.7977550053e-03 -1.2224498476e-02 -3.5526128883e-02 -5.3927024273e-02 2.3225967060e-03 -3.8989989180e-02
2.5241575055e-02 1.5005762220e-02 2.7712879339e-02 -1.0858744721e-02 -2.8178969501e-02 -2.1066822880e-02 -3.3974681288e-02 -2.4665411273e-04 -2.6918606013e-02 5.7262953113e-03 -2.2156663032e-02 1.5679326265e-02 -1.3263643384e-02 9.5289949542e-03 -2.6793461114e-02 2.8232893988e-02 4.4189005901e-04 -3.9639037268e-02 -5.6831885272e-03 6.2032680392e-03
-3.5360851463e-01 -2.1309784278e-01 5.6727446281e-03 3.3528991987e-02 -4.7295469439e-03 2.2474828563e-01 -1.2241365942e-01 -1.0967833211e-02 -2.8288168757e-01 -2.9152856850e-01 -3.4591960919e-01 2.6963575206e-01 2.4670144666e-01 2.5933553024e-01 2.6137180220e-01 3.0021310003e-01 3.9731948840e-02 -2.5956096195e-01 -2.7718965473e-01 2.5330359345e-01
3.5219136435e-02 -4.2164872153e-02 -2.1418883172e-02 -2.5414921321e-02 1.8291008482e-02 9.3560410298e-02 3.8613159434e-02 1.0562758657e-02 9.2216686025e-02 3.8685824742e-02 -6.3352419892e-02 1.0164691192e-01 7.1790417202e-02 1.3141638636e-01 9.5672481730e-02 4.2649870204e-02 8.7846439447e-02 -6.5726841150e-02 -8.9458716301e-02 7.9509189683e-02
1.3332944169e-02 3.1826188485e-02 -2.9650784678e-02 -4.0992712912e-02 -1.9105590348e-02 1.9961272138e-02 -7.5271181907e-02 -8.7644705307e-03 7.9617550479e-03 1.8835714378e-01 9.4439746213e-02 -4.3691398888e-02 1.0129839044e-02 -3.0572647753e-02 5.6262655739e-03 1.5578566646e-02 -1.5251249520e-02 9.6141526905e-02 -2.0339723512e-03 4.0905641292e-02
7.8918532337e-02 2.6719757895e-02 -7.3773447309e-02 1.7709239322e-02 3.6762946116e-02 -3.1516552889e-04 4.5170939755e-02 -3.7201048865e-02 4.2169592726e-02 1.8866851020e-01 1.6193638147e-01 -3.4431865315e-02 8.2791443379e-03 -4.9106743253e-03 -1.2824023213e-02 2.0183757224e-02 2.6414330229e-02 1.0775559691e-01 4.9412716290e-02 -1.2790099765e-03
-2.1987498526e-01 -4.7282380555e-01 1.6711882014e-03 2.1610514717e-02 -1.7797066575e-02 1.9706490443e-01 2.3243598153e-02 1.8032475347e-03 6.5067524475e-02 -1.9727635650e-01 -4.3394845148e-01 2.3159836742e-01 2.0564273942e-01 2.6868892020e-01 2.1787543285e-01 2.1766509863e-01 2.0740635693e-01 -2.5028819575e-01 -1.8811846788e-01 2.2834497609e-01
-2.5811437452e-02 -4.8872430543e-02 -2.5817609552e-02 -8.3601337213e-03 1.5912151017e-02 1.1715925878e-01 4.6024462663e-02 -9.3465483310e-03 -2.4312414472e-02 -8.9350211071e-02 -1.2470969278e-01 1.1101192225e-01 9.7187202418e-02 1.4842612234e-01 9.5105185480e-02 9.9720440456e-02 1.0313902991e-01 -9.8126339780e-02 -1.0688578003e-01 1.1500856727e-01
3.6390778123e-01 2.9800233138e-01 -9.1001901436e-03 -1.8309089245e-02 -2.2238131163e-02 -1.2699665600e-01 1.7514973844e-01 -8.0540905275e-02 -1.0192619863e-01 2.9104467383e-01 3.2475558197e-01 -5.6077096322e-02 -1.3171979917e-01 -1.4419623908e-01 -1.3436309555e-01 -1.3395497230e-01 -2.5328703739e-01 2.3393140490e-01 1.1559610648e-01 -1.2492445135e-01
-5.3859499304e-03 -4.6637299323e-02 1.2313774911e-02 -4.9153099805e-02 1.7029037653e-02 3.4753155809e-02 3.1865616208e-02 4.1303140570e-02 9.2821655768e-02 3.6455011262e-02 -4.0541814133e-02 9.3344162659e-02 5.5447351039e-02 5.9857516101e-02 3.8323494527e-02 7.5044429505e-02 1.7137768950e-01 -5.8070815457e-02 -5.7446172591e-02 9.7590606623e-02
1.1421833448e-03 -6.6657145368e-03 -1.2999723264e-02 6.7357736930e-03 -4.4625649237e-02 -1.0376672446e-02 -9.2592735808e-03 9.3325422114e-03 -9.7722891044e-03 -3.6348917699e-02 6.3927724121e-02 -1.0743683260e-02 1.7662779618e-02 -3.6543074094e-02 -1.4563287582e-02 6.2181575857e-03 1.2548821226e-02 8.9999957581e-02 -4.1076462117e-03 -2.8532425498e-02
4.4563423139e-01 2.6650464931e-01 3.6971990493e-02 1.2296862839e-02 1.8506680018e-02 -3.8067563894e-01 2.2801463106e-01 6.0216236649e-02 1.3412868409e-01 4.0343669415e-01 3.7464460077e-01 -3.6711444262e-01 -3.6585402794e-01 -3.7132228799e-01 -3.6461296916e-01 -3.5160010113e-01 -3.8395407567e-02 4.0730959172e-01 4.0640048809e-01 -3.7467094075e-01
1.3145827259e-02 1.7905240635e-02 1.3143336889e-03 -2.4386613281e-02 -2.2056896634e-02 -9.6585913683e-03 -1.9828897621e-02 -4.0970457192e-03 -4.5437116867e-02 2.3488432508e-02 -2.6653683024e-02 1.8628225617e-02 4.9157089878e-02 3.7851001761e-03 -3.5588191111e-02 -3.0514879440e-02 -3.2218842460e-02 -2.7090720012e-02 4.0281683780e-03 -3.4389737697e-02
-5.9600574140e-01 -4.8037676720e-01 4.5128938693e-02 -4.1796581809e-02 1.3857802483e-02 4.4431819092e-02 3.9358245828e-02 1.0109435959e-03 -4.9178005812e-02 -2.8838349969e-01 -4.1908663083e-01 9.0442900050e-02 7.5266088659e-02 7.8327262985e-02 2.2885668403e-02 6.5700463339e-02 -1.5294138919e-01 -2.1739039470e-01 -8.3818590837e-02 7.7322931430e-02
-3.0661228673e-02 -1.8579684334e-01 -1.9804995744e-02 -2.4155017593e-02 -1.2047696519e-02 5.1808901796e-02 1.6658129647e-02 -3.0638423778e-03 8.8051493166e-02 4.5265572547e-02 -5.5591772316e-02 1.8575301265e-02 4.6731835279e-02 -8.2624004795e-03 2.2211357725e-02 1.0679681917e-02 6.0624278527e-02 1.4152625542e-02 -2.3483021144e-02 3.5622958791e-02
-5.3009614876e-01 -3.4113637867e-01 -1.6170463481e-02 -1.5138126945e-02 3.3070290654e-02 1.6880663067e-01 -5.1489884827e-02 8.7412156707e-03 3.5604592593e-01 -3.7814432594e-01 -4.2574509962e-01 1.5334042557e-01 2.2139191511e-01 1.4718495717e-01 1.4215322753e-01 2.0359700784e-01 -2.8749380993e-02 -2.8147960079e-01 -1.6186416421e-01 1.6534870078e-01
-4.0601054347e-01 -6.2906570599e-01 -1.7063727677e-02 -1.8133906907e-02 -1.0091078988e-03 4.8256282733e-03 1.3169966572e-01 -3.0038361166e-02 5.3185434948e-02 -2.6032561191e-01 -5.0070920150e-01 5.0039762306e-03 2.7080258556e-02 2.2500058890e-02 1.5781369347e-02 -3.9706670690e-03 -8.9941954975e-02 -3.0870652595e-01 7.1091089393e-03 3.5354658301e-02
