2.7585401751e-01 3.1799966807e-02 4.5264605031e-01 1.2347721004e-01 2.2513835815e-01 1.4750977847e-02 -1.7533788432e-01 -6.2383106461e-01 -5.5099695917e-02 -3.7889422449e-01 -2.3771344328e-01 -5.7701578980e-01 1.4549617498e-01 -9.5095489023e-02 -1.3521650808e-01 2.6580491571e-01 -1.7064044588e-01 -2.2479894881e-02 -4.4917900833e-02 2.6989651295e-01
2.7597202693e-01 -1.7075596605e-01 -1.2868339396e-01 -5.7438640506e-01 -5.8136282183e-02 6.2444162824e-02 4.0540181961e-01 -7.4596749875e-02 -1.9156990643e-01 -2.5950154008e-01 -1.1242122052e-01 5.4624054147e-01 4.5739953599e-01 -1.3968445118e-01 3.8179565718e-01 -1.1832383961e-01 -5.8516573350e-01 1.4997526088e-01 -4.4332296792e-02 1.4642057424e-01
2.9318816814e-01 7.5646932290e-02 -3.1940362124e-01 -1.5396089111e-01 1.2905037035e-01 1.3095547121e-02 3.3514886182e-01 -2.6556823940e-01 3.2194918798e-02 -2.8368023073e-01 -1.8998876903e-01 1.4837928344e-01 2.3131880256e-01 6.4549584997e-02 1.6217447093e-02 -5.5731710685e-01 7.6795751948e-02 2.0966308027e-01 -7.3483641737e-02 -2.0599562454e-01
4.3782542948e-02 6.3736197859e-01 1.4476297618e-01 -2.1010385881e-01 -1.9736821448e-01 5.3950431132e-02 -7.2215865849e-02 1.6282445226e-01 3.4102118606e-01 1.6680621373e-01 -3.6975628270e-01 -2.1986451826e-01 3.5673262550e-01 -2.7768119865e-01 4.2802726986e-01 5.9107303846e-02 4.1237875816e-03 -4.8108595590e-02 2.5734120290e-01 -6.7857719819e-01
2.3159671648e-01 4.8481596770e-02 1.1265510596e-02 -3.7139863599e-01 1.6402788039e-02 3.2921042029e-01 4.8981793606e-01 -8.8654759419e-02 -4.4773376770e-02 -1.2928114228e-01 1.3098764577e-01 -3.9505501917e-01 -2.6272264689e-01 -1.5614617924e-01 4.7735266604e-01 6.4907594055e-02 -4.6650041957e-02 -3.8597495505e-02 -2.0624349426e-02 1.1449643878e-01
-1.8617489681e-01 2.5980249987e-01 -4.5794731618e-02 2.1955461072e-01 5.3927060506e-01 -3.0099590162e-01 -3.6794371349e-01 -1.5403693626e-01 -1.8306629881e-01 1.6767243549e-01 4.1120801656e-01 -2.2307725033e-01 1.2145975839e-01 3.1817914126e-02 4.7341507769e-02 2.2638312234e-01 -2.5888295810e-01 3.5169332263e-01 3.2206688883e-01 1.6894315199e-02
-3.0053804270e-01 -3.1681890530e-01 2.2375013248e-01 -2.7560709560e-01 3.4543859528e-01 -8.2902926238e-02 1.8070019053e-01 -8.7268002755e-02 1.0893653061e-01 -9.3001653595e-03 -1.9973705414e-02 -3.5233783402e-01 -2.4694075211e-01 2.6056997481e-01 1.9144881844e-01 5.5195193502e-01 2.2290841353e-01 2.5089225260e-01 3.7475856516e-01 1.7923804871e-01
2.4840121875e-01 -5.7648413945e-01 -8.2902328046e-02 -1.4373153582e-01 -1.0518636836e-01 6.1198074006e-02 3.7783526641e-02 6.7562822667e-01 -1.2851715480e-01 6.2873541847e-03 -1.0612088826e-02 -4.8433931429e-02 -3.0916665761e-01 1.1877146368e-01 6.8973589570e-03 -8.6291406217e-02 6.4085614827e-02 -2.7119717505e-01 3.0127175821e-01 6.5064177871e-02
-2.2958699368e-01 -3.6883846495e-01 7.5534855911e-02 2.1275062129e-02 -4.4351016718e-02 5.8689473264e-02 3.8449986858e-01 -5.7831481461e-01 1.3608018973e-01 5.7244093718e-01 2.7259420803e-01 3.9517254184e-02 -1.7550377554e-01 -5.1946927693e-02 -1.7539409298e-01 3.4454960917e-02 1.4017731960e-01 4.0918796605e-02 -3.5837389058e-01 -3.5525151476e-01
-2.3493233385e-01 -6.4781831394e-01 3.8035342760e-01 -3.1665573604e-01 3.2204282848e-02 4.0309615369e-01 1.1590521942e-01 -8.7701719199e-02 -2.6319643262e-01 2.9553173718e-01 -1.5468466632e-01 2.6478116573e-01 -2.1589675684e-01 2.6775209366e-05 -7.5358136356e-03 2.6995017763e-01 1.3786933211e-01 2.3420416908e-01 6.8920987977e-01 -3.3042232755e-02
-1.7759607622e-01 1.0487346405e-01 -3.7980959428e-01 -7.0145088455e-02 3.2290250579e-02 3.1717202349e-01 4.9051031022e-02 3.2822264987e-01 -4.7855718312e-02 -3.4632291045e-01 -1.2625561862e-01 1.6484555347e-01 -7.1009430456e-02 1.4421746797e-01 -4.2586841325e-02 7.7729182929e-02 -5.0319461739e-01 1.3447796443e-01 5.8071488511e-02 4.1920304930e-01
4.3014237977e-01 -4.0716838841e-01 -2.8473389990e-01 -5.1621727634e-02 -6.4404286485e-02 -1.6899111630e-01 1.0226450035e-01 4.6720520356e-01 1.7684948836e-01 -1.8739283472e-01 2.2431728466e-01 1.1349651023e-02 2.5196899627e-01 -4.5797938033e-03 6.5814800531e-02 1.9348298784e-01 -1.4244810463e-01 -6.3649344430e-01 4.7861848081e-01 -2.6959300073e-01
-5.6508294343e-01 5.5064427796e-01 -4.9902910289e-01 -8.0015951860e-02 8.1453344163e-02 -2.9375659105e-01 -4.7443313191e-01 -2.1415727657e-02 6.4012607174e-02 -1.3252328581e-01 -3.5450911233e-01 6.4026250543e-01 3.3708553835e-01 1.6672447448e-01 -5.8041645786e-01 -3.1497101973e-01 -6.7961764729e-01 -4.1345755904e-01 -5.8266468821e-01 -7.0849854709e-01
1.3573822439e-02 2.5793585962e-02 6.3708515793e-01 -9.4789199504e-03 2.1755989070e-01 5.2429118685e-03 -3.0197199465e-01 -2.7934316580e-01 4.4902864970e-02 -2.1765305457e-01 -8.2847874841e-02 -6.5355859785e-03 -3.7886500072e-01 3.4285155407e-02 3.0171090477e-01 1.8118323380e-01 -2.5460127820e-01 1.6328200985e-01 -1.1048936173e-01 -5.3347562584e-02
-8.8778591778e-01 8.4575738821e-01 -3.9324191307e-01 -2.9369418746e-01 6.0956540384e-02 2.0998060623e-01 -1.5074115913e+00 5.1285902466e-01 -1.9769954673e-01 -6.8175940287e-01 -8.7139799268e-01 3.9205462803e-03 2.6559326255e-01 2.5791301228e-01 -7.9416645269e-02 -6.0738452930e-01 1.6100567718e-01 -2.3735047484e-01 2.9372501253e-01 1.0727298376e+00
-8.5991493318e-01 -6.6228960581e-01 -4.1216199867e-01 2.3517643224e-01 -2.9977807417e-01 -2.0420238237e+00 -1.7481412300e+00 -1.8767618123e+00 1.5964604069e-01 -7.2483445564e-01 8.3622395569e-04 -1.3578371332e+00 -1.4185714510e+00 -7.2434252211e-02 1.1813904929e+00 -5.0994874516e-01 -9.7551971802e-01 -9.4793212398e-01 1.4610554147e-01 -1.9892137320e-01
-2.5436538102e-01 2.9481998655e-01 5.3578290453e-01 2.5762352957e-01 7.0415301388e-01 -1.5398647035e-01 -2.6960809566e-01 -1.3545141841e-01 -3.6164600173e-01 -5.9272657321e-01 1.7336531875e-01 5.2666839255e-01 4.4921552303e-02 7.5871922947e-02 -5.3018606200e-01 1.4659641438e-01 7.7389802053e-01 -8.0871106422e-01 -1.2446743723e+00 -8.4920654455e-01
5.1090790155e-01 9.3006425528e-02 -6.9665233330e-02 3.7277019554e-02 1.2516773839e-01 -4.7977787329e-01 -7.9185793485e-02 -1.2950865273e-01 -2.6241587861e-01 2.7455947493e-01 3.6027619176e-02 -1.5820515444e-01 4.3171675539e-01 9.5403411937e-02 2.4573422979e-02 -8.6158103283e-02 -2.0369967569e-01 4.8753321753e-01 2.8424564197e-01 -2.6061991597e-02
-1.9326632248e-01 1.1952520808e-01 -1.1587943019e+00 1.1452895898e-01 -6.7544127481e-02 -9.5811498008e-01 2.9924516798e-01 -6.3397650018e-01 -2.0328952414e-01 -1.3445664083e-01 -1.7695915202e-01 -5.2515090717e-01 2.1586885163e-01 -5.2959196805e-02 -2.9759288256e-01 -7.5274555276e-02 2.8225453645e-01 -2.1030808240e-01 -4.0991486300e-01 2.2687909689e-02
-4.8530923620e-01 -1.4116967386e+00 -3.4165049896e-01 2.9874200275e-01 -2.7295474418e-02 -9.7062598651e-02 -1.2150597088e+00 -7.7663250792e-02 -6.8849857048e-02 -3.2584877812e-01 -5.6428276712e-01 4.3697076752e-01 6.7921033190e-02 -8.2615156443e-02 -2.9656680812e-01 -9.7207639548e-01 8.3127139284e-01 1.7037434687e-01 -1.9123854008e-01 -2.5695160336e-01
