-9.3279856793e-01 -2.1099153332e+00 -7.9597828602e-02 1.7767657923e-01 1.5916938702e-01 7.2323512836e-02 -5.6598250503e-01 -6.9754270901e-01 4.4524174807e-01 3.4616123764e-02
6.7445836840e-01 -4.5758289030e-02 3.2815272045e-01 -3.7161725526e-01 5.6762083724e-01 3.9282398317e-01 7.2330658537e-01 -9.9040116366e-02 -8.6132384440e-01 -7.6424667513e-02
8.4876104524e-02 4.1140261691e-01 -1.2615143589e-01 1.4181729934e-01 -6.5950295627e-01 -1.0964251678e+00 -3.2115117519e-01 5.5088801351e-01 6.1492202025e-01 -3.6038956278e-01
-5.4304903416e-01 2.7525640192e-01 3.0544446243e-01 6.7036533493e-02 -4.9883876782e-01 -5.3665176361e-02 -1.1269823507e-01 5.7952339411e-01 -5.2394397791e-02 1.1063018825e-02
-6.2226948567e-02 -1.0559967610e-01 -6.8124099320e-01 -1.8008533106e-01 -1.5222330484e-01 -4.9376910111e-01 -8.4119409333e-02 -4.1606193705e-01 1.3749732791e-01 1.5223926247e-01
9.6452708362e-02 2.7776246166e-01 -2.5389443017e-01 3.2116566776e-01 -5.5224116265e-01 -4.5276394552e-01 -2.6190380574e-01 4.6441554688e-01 2.3006281502e-01 2.3904878282e-01
-3.6434614633e-01 1.2039637019e+00 1.3897258218e+00 -4.5368527420e-01 1.6402715461e-01 1.3687435028e-01 -2.6704479010e-01 1.6447052391e-01 -4.3045200639e-01 -2.9162864140e-01
-5.1175631944e-01 -2.3907921616e+00 -1.2516633201e+00 1.9178244343e-01 -7.9089074820e-01 -3.6979065390e-01 3.7077674211e-02 -9.0213201456e-01 6.0362382450e-01 -6.7952879879e-01
3.9411129885e-01 2.7052259382e-01 8.1942723881e-01 -8.6950217768e-01 3.1724457720e-01 2.8769702872e-01 2.5655208549e-01 6.4084240822e-01 -2.0300492474e-03 1.0751937284e-01
4.1905701534e-01 -4.3008392999e-01 -2.5795611376e-01 4.2351541287e-01 -3.0034367197e-01 -6.7646475759e-02 -4.3516152486e-01 6.4637736241e-02 -2.3305767929e-01 5.7709978437e-02
