1.9421836783e-01 -1.4642403566e-01 2.0211617676e-01 4.7593882658e-02 -4.6975948575e-01 9.3542482529e-02 1.2652228083e-01 -6.5969038100e-02 -1.5957266411e-01 7.9482180583e-02 1.5020249090e-01 -2.3871037451e-01 -1.3853319672e-02 -9.2378794113e-02 -1.4101448422e-01 -7.1286475354e-02 6.3071590242e-02 2.9052409876e-01 3.4328258544e-03 -2.5354167503e-03 -3.8355479111e-03
-1.7752938915e-01 1.0340004579e-01 -5.1836534714e-02 2.5018863583e-01 1.3700787854e-01 1.9925183903e-03 2.0661431898e-01 -4.1654485818e-01 -3.3175434571e-01 3.9771856393e-01 -1.5900977849e-01 -9.9153105680e-02 2.0949099069e-01 1.5396281846e-01 -2.2933643822e-01 3.7188923069e-01 3.5444534871e-01 4.5988975810e-01 -2.3099065547e-02 3.3144097875e-01 -2.9393524533e-01
-4.5559731956e-01 -2.5118313281e-01 5.5549243960e-03 -1.6239332323e-01 -1.9184546727e-01 -1.2505933250e-01 -8.1545702338e-02 -1.9257151948e-01 8.0475301698e-02 2.0219631329e-02 2.3681440679e-01 2.2326767423e-01 9.4657290626e-02 5.8065305730e-02 -6.5231832556e-02 -2.3798499948e-01 -4.3342550570e-01 7.3660717851e-02 -1.8688263327e-01 3.1605846565e-01 -1.3077135168e-01
2.3151684152e-02 1.3603402382e-01 -3.4676556796e-01 -2.1334531150e-01 -3.3375189264e-01 2.0986619198e-01 -3.0748719949e-01 -1.1362675708e-01 -2.3741815640e-01 1.9121256104e-01 1.5386071940e-01 -2.0134754710e-02 -1.7189880040e-01 -1.6223698685e-01 -1.0693401928e-01 -1.7295976397e-02 -1.4446097157e-01 2.1251312838e-01 5.3342853667e-01 -2.2679149168e-01 1.0561444505e-01
5.4894898248e-02 2.4905427196e-01 -1.4107382883e-02 3.3910563133e-02 -1.4783367181e-01 3.6198973132e-02 -1.3469550999e-01 -2.3875345525e-01 -6.7427939249e-02 -9.5158240540e-03 2.3931578559e-02 -1.7189619059e-01 2.2341970393e-01 1.3562318544e-01 -1.5560151619e-01 1.7296885850e-01 4.4418055627e-01 -1.4874706327e-02 3.9633814149e-01 -1.0514177611e-04 5.9717763974e-02
-1.6741740690e-01 8.8358223404e-02 2.6560063917e-01 -6.6403662675e-01 2.1297792961e-01 -1.0531800506e-01 -2.1355921551e-01 -1.0446227336e-01 4.3189283519e-02 -8.6394867303e-02 -3.7848933175e-02 -1.7434978771e-02 -2.3936041499e-02 7.9936900905e-02 5.7980958899e-01 1.0429425069e-01 2.5709063479e-01 2.0645308906e-01 2.7172553878e-01 2.4969418136e-01 -5.9239348679e-01
-4.2703617496e-01 2.4851651528e-01 3.4665479645e-02 9.8084944473e-02 -9.7900297234e-02 -3.6417227704e-01 4.1318502357e-01 -6.4575691799e-01 4.2607996759e-01 3.4488911167e-01 4.3765353628e-01 9.3276780764e-02 -1.6398491616e-01 -2.8936754120e-01 -2.9660330766e-01 2.9201934458e-01 -1.2344693215e-01 7.7850856608e-01 -2.7467344408e-01 -2.8557236982e-01 -4.9496400212e-01
2.8416765183e-02 -5.9378336903e-02 -3.7012577375e-01 -8.1457216444e-02 -2.0841927439e-01 9.4894477370e-02 -5.4135891221e-02 9.8677996675e-03 8.4956786237e-02 -1.6323938286e-01 -2.0011743554e-01 8.6338513856e-03 2.4151952096e-01 -4.7380111627e-01 -9.4000382645e-02 1.7515520744e-01 -1.8673884043e-01 -6.5965093960e-01 1.4311647532e-01 1.1542443853e-01 -2.5807640629e-01
2.9763851048e-01 -1.2174480397e-01 1.4027376558e-01 4.0790210735e-01 1.8722260132e-01 -5.0834996230e-02 -4.3718416507e-01 -9.3111905855e-02 1.2618045501e-01 3.0315148770e-01 -4.2189215196e-01 -4.1783023693e-02 2.0259121804e-02 2.7896008948e-02 3.0350869359e-01 5.9738166339e-02 3.7881683830e-01 6.4728413056e-02 1.1166164006e-01 -1.8382618810e-01 2.0623247837e-01
1.5913799815e-01 -1.2570736117e-01 -9.6956203858e-02 -5.7087545183e-01 3.8360095342e-01 -5.8220565881e-01 4.3020533047e-01 2.4473393729e-01 -3.8007362358e-01 -1.6716305006e-01 -2.8653009324e-01 -9.1050380995e-02 9.1016086563e-02 -1.8107705663e-01 1.4898967187e-01 5.2064948689e-02 1.2486694137e-01 -7.3960632450e-02 -1.1554756514e-02 5.9852026282e-01 -1.8778463702e-01
2.0454132560e-01 2.1747596566e-02 1.2244846022e-01 -2.5258313867e-01 -1.7902218440e-01 1.2231043305e-01 3.4335450084e-01 1.4411304581e-03 6.0926761632e-02 -2.0633390082e-01 1.4948977655e-01 -3.1508066364e-01 -2.4615802598e-01 2.3473439369e-01 -1.4486775775e-01 2.4939587266e-01 1.9302925225e-01 -7.5295704464e-02 1.7768185880e-03 2.0983689324e-01 -4.9133701484e-01
9.3276073779e-02 1.2170038357e-01 -7.2576980469e-03 -2.8053953709e-01 2.8393800042e-01 2.6597152521e-02 -6.7108212369e-04 -3.7022405834e-01 1.2425097268e-01 9.9604866303e-02 -9.1149958279e-01 -3.9208946548e-01 3.9566831627e-01 -1.4499302424e-01 1.5618157289e-01 3.1790563225e-01 3.2438463557e-01 2.6770606574e-01 1.2342256733e-01 -4.8575041609e-01 -3.1039483719e-02
4.6589882428e-03 3.1757863047e-01 2.6541770164e-01 1.4638146833e-01 -3.8541091851e-01 9.4241622305e-02 -3.4563661031e-02 -3.1501179126e-01 -1.5278155779e-01 1.1965534476e-01 -9.0949350675e-02 5.2385697264e-01 -2.7828825451e-01 1.5762091192e-01 1.5725846434e-01 -3.9971193848e-02 4.9487346831e-04 -1.5476474597e-02 -1.6980715596e-01 -1.3355403221e-01 2.3977264376e-01
-9.1401012061e-01 6.2368211754e-02 -4.3186262776e-02 8.6357085822e-02 -4.4919895966e-01 -7.4073503114e-01 1.6969615190e-01 -3.2317248215e-01 6.5607436005e-01 4.3776595087e-01 -1.3842100187e-01 4.5573464818e-01 2.2162544666e-01 -9.9036368027e-03 1.5703372453e-01 2.3730127298e-01 -6.9186573292e-01 7.0190792391e-01 1.7074849672e-01 -9.5189650778e-02 -3.4086298889e-01
-5.3288496263e-01 -3.6664395878e-01 1.2343362119e-01 1.3499178281e-01 -3.7868232879e-01 -1.2852244298e-01 -5.2708828811e-02 -2.6602675936e-01 2.0705159112e-01 -3.3105607869e-01 1.1480517894e-01 -4.3160137190e-02 1.6680616267e-01 9.9135224657e-02 1.4629699213e-02 -1.1498472642e-01 -1.6935128501e-02 3.6461684837e-01 -1.6705934351e-01 1.3446860438e-01 -1.9660814976e-01
-1.2781809374e-01 -8.6762014543e-02 2.3288824715e-01 1.5939262049e-01 -3.8044977711e-01 1.7075838225e-01 -1.1270567367e-01 -7.4215085190e-01 6.6435508070e-02 1.0845273375e-01 -3.4968429379e-01 -2.2109609241e-01 5.0392194766e-01 -4.5255808129e-02 -2.9244134761e-01 -2.9741648204e-02 -1.7398865372e-01 2.2734168751e-01 -4.2394357823e-02 -3.3456816900e-01 -1.3244421160e-01
1.1951757733e-01 -1.7106795777e-01 -1.2117602661e-01 -3.4513423967e-01 3.0261713155e-02 -1.2290258059e-01 -3.6339767028e-02 -1.0972128325e-01 -1.3757685688e-02 -1.8615858028e-01 2.1792990799e-01 -1.5330407389e-01 -3.9574008784e-02 1.8535078687e-01 2.2248444151e-01 -7.0267908479e-02 -2.2548094319e-01 1.4267233726e-01 -1.0251473444e-01 4.6890929711e-02 3.1414260070e-01
-1.8042873402e-01 -3.2512866999e-02 -1.0310473569e-01 -3.0218879758e-02 1.8263171184e-01 8.3482122101e-02 2.3555175270e-01 -6.2387257514e-02 4.6752118711e-01 -1.5121739156e-01 2.1394933863e-01 2.4275622919e-01 1.9077614506e-01 -9.5329353605e-02 6.0638849100e-01 2.2801481239e-01 -3.1388827928e-01 -4.4270296356e-02 -1.0305475530e-01 3.2050081264e-01 -2.5906966448e-01
4.6780625376e-01 -3.9639747890e-02 3.1493033254e-01 -1.7305840355e-01 3.2297282583e-01 -9.9722458779e-02 -1.2566206709e-01 2.9617429822e-01 -4.1309658957e-02 -1.0238139346e-01 6.2680296085e-01 2.1382375269e-01 -2.8811449697e-01 -1.4601369691e-01 5.2506401542e-02 -7.3024838787e-02 -1.7527788921e-01 1.4106866303e-01 1.8914316488e-01 -2.4046024721e-01 1.1790357789e-01
4.4433034926e-01 -1.3614613773e-01 2.3201618732e-01 -2.9669011305e-02 1.8643775061e-01 5.9196488385e-01 1.6916976422e-01 -3.4094581505e-04 -4.2655168837e-02 1.6959910150e-01 -2.3373444623e-01 -4.0983651077e-01 -1.2611218908e-01 5.4013515495e-02 -1.7198285232e-01 2.8530124676e-01 -2.0692885469e-01 -2.8921498036e-01 1.0754995231e-01 -2.2281452868e-01 -3.7614748516e-01
3.1979095732e-01 -2.7080123410e-01 4.9990686890e-02 -6.7294595960e-02 -1.3232516106e-01 -1.9649884964e-02 -1.1316950237e-01 1.3093461151e-02 -2.3213352096e-01 3.6665311774e-01 1.1719327052e-02 -2.9857577358e-02 -4.0216467890e-01 -3.0477281404e-01 1.5458405938e-01 1.6899560967e-01 2.5360175325e-01 1.2249166068e-01 1.9882840253e-01 4.1355213827e-02 -8.6798017648e-02
