3.7139712689e-01 2.3711907940e-01 -1.5296404444e-01 1.7505881318e-01 -1.1131162568e-01 5.5916704492e-01 -1.2685105737e-01 -1.3076767840e-01 2.9523322970e-01 -3.1613410533e-02 -1.1767961322e-01 -2.2725161261e-01 5.2234100416e-02 -3.8745201834e-02 8.3332627901e-02 -1.5041235264e-01 3.7883586155e-02 -1.9454241972e-01 -2.1467762067e-01 -7.1351974196e-02 1.9588500437e-01
1.5941721893e-01 2.8977550094e-01 -4.1384210344e-01 5.1216485157e-02 -1.2348094303e-01 6.1348628677e-02 -1.7366956869e-01 -1.2269980331e-01 -1.1750595821e-01 -3.6069524482e-01 -8.9779209993e-02 1.7746793215e-01 -4.6602644667e-01 -7.7463785125e-02 -3.1555126184e-01 2.0799297985e-01 -8.0653041173e-02 -3.2033402814e-01 3.1154142502e-01 -3.0905166896e-01 -4.3421259056e-02
-3.0016440482e-01 4.4488681934e-01 -1.1956200095e-01 2.4347783983e-01 -4.6539560466e-01 1.0645849463e-01 -6.3523305974e-01 5.0406095499e-01 1.0004042670e-01 -2.4699642466e-01 7.1468452989e-03 -1.8679145173e-01 -1.9671677675e-01 3.4793870184e-01 2.5297994291e-01 -9.6402753270e-02 7.3002562940e-02 2.0687087916e-01 8.3686938658e-02 -3.1675244293e-01 1.5157006795e-01
2.7973460116e-01 -1.8471450919e-01 3.1741908674e-01 2.4872026575e-01 7.8484634481e-02 -3.1426679771e-02 1.6498239478e-01 -1.4847399581e-01 1.0300074875e-01 3.5331349083e-01 1.3008844700e-01 2.9661110418e-01 -2.8031768579e-01 -1.7246722522e-01 -2.8638801629e-01 3.2625376774e-01 -1.6374394983e-01 2.0634372228e-01 -4.0755271454e-02 3.4845906094e-01 -8.8486027443e-01
4.7554542100e-02 -1.1653626083e-04 3.6898953086e-01 -2.3337557706e-01 -5.6899425049e-02 -1.4755997130e-01 -7.5159922706e-02 -1.2550025570e-02 2.0780863783e-01 -2.9244965674e-02 -3.4661048970e-01 3.4704171242e-02 -2.3829006467e-01 -2.0773805612e-01 -3.4708539148e-01 -5.5011865267e-01 -1.1486041632e-01 3.7674732634e-01 -7.0721275257e-02 -2.0658974279e-02 1.0312281495e-01
-1.0058519275e-02 -2.0255719372e-01 -2.3996862972e-03 3.6112314753e-01 2.1407168269e-01 -1.4471886987e-01 -3.8686467379e-02 -1.9020139870e-01 2.0314594182e-01 -3.2925908422e-01 2.7172180504e-01 -5.0023786966e-02 6.2244368746e-02 -1.0689582870e-02 -2.3861116946e-01 -6.6530561367e-02 2.9618364797e-01 3.2434527697e-02 7.2690921148e-02 4.0279451924e-01 -3.9755918586e-01
2.2232241327e-01 3.0801203989e-01 -7.2110399124e-03 2.4115227752e-02 1.0065994031e-01 -1.0811851789e-01 8.5227777024e-02 -2.9859939877e-01 9.8258064631e-02 6.9753426935e-02 4.8276634523e-01 -2.3127783502e-01 -1.1736912771e-01 1.3492756710e-01 -2.0759795894e-01 3.5105516368e-02 8.9898239861e-02 -1.9236842836e-02 3.1070228619e-02 -2.9040315501e-01 1.4109714645e-01
-1.2943976557e-01 1.4250969502e-01 1.4629712192e-01 -5.2787296002e-02 -1.3383899056e-01 3.0509890116e-01 -2.3358037694e-01 1.5970100979e-01 -6.1176516174e-02 8.5648071789e-02 4.5775645844e-01 8.1947855193e-02 4.8712004433e-02 3.9114735144e-02 -2.1464679811e-01 2.1538735858e-01 -4.1092806827e-01 -3.1444952931e-01 5.9967982853e-03 -4.6768959136e-01 -2.5039178599e-01
-5.9734917396e-01 7.8146742134e-02 -3.4296487962e-02 -2.7984013040e-01 2.7386747848e-01 -3.8368386130e-02 -9.1041493692e-02 -2.6635637846e-01 -2.0499366298e-01 2.4358299700e-01 -8.9830832608e-02 -6.2614906570e-01 4.3754609733e-01 -2.2917139836e-02 -1.3341266523e-01 -6.5317286437e-01 -4.2558824720e-01 5.1101269957e-02 2.9553395743e-01 -8.6569533936e-02 2.8604814223e-01
-1.3470832806e-02 1.6901683727e-01 2.5721794311e-01 -2.8931367261e-01 3.6790768385e-02 1.6527170797e-01 1.7343298930e-01 -2.0153416091e-01 -2.1917176134e-01 4.9231988598e-01 2.2071543652e-01 5.7311429642e-02 -4.5396491085e-01 3.0354271025e-01 3.5724193789e-01 -5.4705731217e-01 -4.1514019446e-03 1.8221745971e-01 2.1195545794e-01 1.2714941285e-01 5.5643776407e-02
-1.3775605356e-01 -2.8894772400e-01 4.6035123510e-01 1.4232041522e-01 5.1257500717e-02 8.5666905355e-02 1.5843622599e-01 8.4755880120e-02 -3.3044548794e-01 2.3423627969e-01 3.6820215737e-01 4.6210711800e-01 -1.6985154361e-01 1.7616303418e-01 3.2365062449e-01 9.8758264385e-02 5.6056018025e-01 -2.7291898752e-01 -2.6182606630e-01 3.6864648867e-01 -3.7758107743e-02
8.3485858908e-02 3.0330641704e-01 1.8434626894e-01 -1.8823095870e-01 -3.0373015487e-01 1.9350978100e-01 -1.1951810967e-01 3.4735388446e-01 -4.8306597602e-02 1.5950584518e-01 2.6424573680e-01 1.3362274909e-01 4.5231834053e-01 -1.0167115049e-01 3.9148687405e-01 -2.1632621765e-02 -1.1074087831e-02 -3.5033654085e-01 -2.4374722267e-01 1.3574616842e-01 5.0069170504e-01
-1.5598429467e-01 -4.0015578839e-01 -2.0648282082e-01 -2.2248896915e-01 6.8322679097e-02 -1.2286096230e-01 5.4299173770e-01 -6.9925104795e-03 5.5810641314e-02 1.4293508322e-01 -3.9878201086e-01 -1.0032148516e-01 -8.5035234961e-01 -2.9272562545e-01 8.0051162440e-01 -6.3005539212e-02 2.8435603230e-01 2.8498128328e-01 -1.4192888730e-01 4.7793853408e-01 2.1787830072e-01
-4.6683522731e-02 -3.3214952257e-01 4.3380507837e-01 -1.8351802288e-02 6.1036887637e-01 3.1267479340e-01 5.8277901440e-01 1.1963895439e-01 -1.6661937915e-01 -6.3588685230e-03 -4.0868390270e-02 2.7618457842e-01 -4.4603346834e-01 5.8829280000e-01 -1.7186090329e-01 -9.7999901652e-02 1.9034517670e-01 -1.0724286818e-01 -3.1027130327e-02 5.4960956576e-01 7.3651531861e-02
-4.9713980075e-01 1.3899312612e-01 -6.7667074785e-02 2.1721837790e-01 -3.1798757540e-01 -9.4289223894e-02 -7.2262277436e-01 -2.6688685383e-01 -2.2563474282e-01 5.4134188658e-01 6.8852108242e-02 -1.7057955150e-01 -3.9726605810e-01 7.5602383782e-01 -1.3929606494e-01 3.8656957902e-02 -5.9780599714e-02 -1.0501184025e-01 4.9405626514e-02 -3.9092955873e-01 -3.7240023101e-01
2.8054883549e-01 1.0264979870e-01 -2.6257555613e-01 3.9192040548e-01 1.0092841700e-01 -2.7571114277e-01 1.3581719977e-01 1.1033639091e-01 -1.2279614347e-01 4.7008275487e-02 4.8291408093e-02 1.7858558361e-01 1.0560572562e-01 2.7031326549e-01 2.6360720923e-01 2.7725777045e-01 -1.3872231087e-01 3.3524297927e-01 -1.4001567210e-01 6.6467179672e-02 3.3372541543e-01
1.4108950484e-01 -9.6540669268e-02 -4.8239992996e-01 3.6891680661e-02 1.8773522663e-02 1.2430414173e-01 2.3492177445e-01 1.1605629536e-01 1.2180731408e-02 4.4688566566e-01 4.5682986155e-02 1.7070030511e-01 -4.9413650948e-01 2.2563672733e-01 2.9906166656e-02 2.3353010613e-02 6.0375160042e-01 -2.0239925680e-01 -1.9777679572e-01 9.2105218474e-02 4.7313315441e-02
-2.3840802701e-01 1.7093221903e-01 6.4083777777e-02 1.0386731952e-01 3.8334799522e-02 2.0380014869e-01 2.4429768171e-01 -6.3869868690e-02 -2.6536283760e-01 -3.1761111858e-01 -7.5570055609e-02 9.8877697951e-02 -2.0148374064e-01 -1.7636250755e-01 1.9533696724e-01 -4.1809470913e-01 -5.0913069521e-02 3.3027847501e-01 1.2237483031e-01 -5.9213311925e-03 -3.5817544302e-01
3.7449896554e-01 7.1802465612e-02 1.6551263881e-01 -4.6889250271e-02 -9.6833029083e-02 -8.1710260538e-02 -2.2004614786e-01 -5.2428656311e-01 7.9872260327e-02 5.4917181918e-01 2.7279275641e-01 -6.8168273125e-01 -3.1747554723e-02 -1.2886284712e-01 2.2470577396e-01 -1.3704233813e-01 -4.0358809710e-01 3.5306101878e-01 6.0519222353e-02 -5.2512453764e-02 -2.0527367724e-02
2.9442986056e-01 -2.8347367853e-01 -4.7506881179e-02 -1.2956251753e-01 4.6927686037e-01 -3.8222286085e-01 3.5257132025e-01 -1.2988520645e-01 -1.9434849174e-01 -6.6490789451e-01 1.8526665765e-01 -4.6303101374e-01 1.2971753254e-01 -3.9669995081e-01 2.1711042242e-01 4.4918453223e-02 -2.0130379160e-02 -3.7699774432e-01 -9.7063135996e-02 -2.8062622753e-02 -3.5473416596e-01
3.7213800951e-01 1.2811969422e-01 8.8876493754e-02 8.0004838542e-02 -2.1491916242e-01 3.3121246192e-01 2.2959262487e-01 7.7424255288e-02 -3.1718234415e-01 -2.9364339868e-01 2.5627590171e-01 8.4415625160e-02 -3.9163398012e-01 2.3288422704e-01 1.5705127975e-01 4.9188488958e-01 -8.7070957440e-02 -2.6604109790e-01 -2.4649236425e-01 1.1853830314e-01 -1.5595279829e-01
