6.2619076895e-02 2.5055337883e-01 1.1299885703e-01 2.0173191176e-01 -6.2723169501e-01 -1.0788850335e-01 -3.9045382181e-01 -1.3785356311e-02 -3.6434568339e-01 1.5618943764e-01 1.6724322363e-01 -5.4659529922e-02 1.6525564117e-01 -5.5576973114e-01 -3.7696439702e-01 -1.6079659372e-02 -8.1413898098e-02 3.5523912810e-01 -4.3579008565e-01 4.9341475761e-02 1.9774118082e-01
-1.5968645305e-02 1.0894113359e-01 7.7743844849e-02 1.2110877815e-01 -1.4288558867e-01 5.3300895421e-01 5.7428853172e-02 -1.4977996594e-01 2.1523807203e-01 7.7940838395e-02 8.6807451928e-02 2.3718881478e-01 6.0809350356e-02 -2.3613814544e-01 3.3637420628e-01 1.2109019445e-01 2.5961357863e-01 1.3984155170e-01 2.3783872929e-01 3.7980091684e-01 -9.2057135948e-02
-6.0612145456e-02 -3.6766064202e-01 -1.5375304576e-01 2.0801475653e-01 2.0020436161e-01 -2.2920701837e-01 1.2377753684e-01 -7.9797300665e-02 1.6794513949e-02 1.1531977782e-01 -1.3886062501e-01 -2.7223563371e-01 -1.7589415445e-01 -4.5350922064e-02 1.6563471924e-01 2.3779050493e-01 1.3460293558e-02 -4.9940030520e-01 6.8976561412e-02 1.8310330494e-01 4.8289058084e-02
1.9820573829e-01 2.0536113009e-01 -4.4477963769e-01 2.9756930596e-01 -5.0823174464e-02 -1.9112107925e-01 1.4491399534e-01 4.2694023899e-02 6.7064585570e-01 1.2844053673e-02 1.9009494721e-01 -5.2190153586e-02 2.4303729434e-03 2.7385610797e-01 -9.8534703180e-02 -1.5505105915e-01 -9.0479131153e-03 -2.8816775255e-01 1.9794916863e-02 -2.7247011870e-01 2.2014510315e-01
-9.7905220844e-02 -2.2536415197e-01 -1.3784585174e-01 6.0032030607e-01 -5.0740590574e-02 3.3370627325e-01 -3.9746129379e-01 -4.6182582697e-02 -2.0323115060e-01 -8.9947874171e-02 -2.2849115931e-01 -6.4958389989e-04 -1.8288330204e-01 3.1074358106e-02 -1.8804057845e-02 2.9310039089e-02 2.3479615044e-01 5.9561608080e-01 2.1227956322e-01 4.2850279110e-02 -4.1560757539e-01
-2.9328068246e-01 1.0244955194e-01 5.6571881804e-02 -1.7945537487e-02 1.7431337072e-01 -1.9298816018e-01 1.6987623847e-01 -5.6920768565e-03 -2.5384170505e-01 -1.4957053172e-01 1.5303718649e-01 6.9991439175e-02 -9.5148841305e-01 3.8243540100e-01 2.7853625382e-01 -1.4935459850e-01 -5.5032751385e-01 3.7166456701e-01 3.1182371616e-02 2.1650072150e-02 -1.1058721110e-01
1.0043445987e-02 -5.1602344300e-03 1.8331548957e-01 2.0477416385e-01 -1.1034970367e-01 -2.1394385624e-01 -1.6403921474e-01 1.5161702477e-01 -4.1051389721e-02 -6.7348173224e-03 2.0105790349e-01 -2.6910988958e-01 -3.4144515496e-01 4.3352763887e-01 -3.2864756011e-01 1.3247205878e-01 -4.0897082868e-01 -1.3973863114e-01 4.1491901329e-01 7.2770725157e-01 3.8391030861e-01
1.1144638697e-01 -4.3664952224e-01 -8.9779630988e-02 1.2554538583e-01 7.3877262061e-02 1.6476413843e-01 -3.1087588558e-01 2.2894130014e-01 3.9400182164e-02 3.2424653677e-01 -4.1612989493e-01 -3.0235638389e-01 -6.1116533482e-02 -3.5102315014e-01 4.1470948452e-01 -4.9092986539e-02 2.5079071333e-01 3.1840142318e-02 6.7773115375e-01 -5.2827160319e-01 -1.9219431889e-01
4.0483681096e-01 -1.9106622974e-01 -5.4987999754e-02 -2.3636389087e-01 6.5125451200e-02 -2.1221578785e-01 8.4214691526e-01 4.3781030808e-02 4.3121618444e-01 1.1207391493e-01 4.9989196696e-02 -3.6899012480e-01 3.7830618186e-01 -2.6229811698e-01 -3.1869565761e-01 4.6191968796e-02 1.5908287985e-01 -4.2511601020e-01 2.0541418605e-01 -2.3279186028e-01 9.1368903128e-01
-3.4995525687e-01 6.5430953866e-01 -2.9921910075e-02 1.3674568274e-01 -1.6779686474e-01 1.3827889295e-01 1.2293006779e-01 2.0797240097e-01 -1.8755499630e-01 8.5750913238e-02 2.5799773705e-01 2.4203931544e-01 1.3121167694e-01 1.1921390718e-02 2.1069053448e-01 -4.0113229063e-02 -2.2550867782e-01 -1.2860559117e-01 2.9268669740e-01 -4.4382345727e-01 -7.3180212840e-03
3.2380533829e-01 -1.5857598186e-01 -3.6024064561e-01 -3.0860784955e-01 3.3752165790e-01 1.9561510800e-01 1.5162877579e-01 4.1190432085e-01 -2.4515504656e-01 2.3902315886e-01 -6.4432866907e-01 -2.5373262473e-01 -4.0514120306e-01 6.3746489442e-01 5.1660057485e-01 3.5737837315e-01 2.8550639270e-01 -3.9748947576e-01 7.3150656065e-01 -5.6268091241e-01 -1.4717789160e-01
-1.8001758623e-01 9.4508277671e-02 1.7934313385e-01 4.4593067096e-02 -1.1174397105e-01 -2.7060292321e-01 1.5838606147e-01 -3.4292642826e-01 -5.7201097648e-02 -3.6973854429e-02 -8.0605116878e-02 8.6857996747e-02 -1.4339523089e-01 3.2444889448e-01 -3.4326053384e-01 -5.5334114985e-01 -1.4241447875e-01 1.4848265134e-02 -3.0289129021e-01 -8.4480156627e-02 1.0559650678e-01
1.1053435858e-01 2.6062122789e-01 1.3125584242e-01 1.3865706224e-01 -1.6628983451e-01 9.5620686499e-02 -1.3964032960e-01 2.2845365046e-02 6.4081268488e-02 -2.3043437568e-01 3.2624543185e-01 1.3061900295e-01 -2.8791095860e-01 1.7747135281e-01 -4.8768263310e-01 1.5168162565e-01 -4.5750547005e-01 2.4527319149e-01 -7.2873702559e-02 -1.6124749466e-01 8.7969101648e-02
3.3941204283e-02 3.4539764247e-01 -1.1708556469e-01 1.0081386959e-01 -2.0359335241e-01 4.5192002953e-01 -9.2358692941e-02 1.4519301323e-01 2.4570065339e-01 4.3645245047e-01 2.5651282030e-01 -1.1200729577e-01 -9.5871296945e-02 7.2648282807e-01 -1.8517333780e-01 -8.8544449018e-03 9.6878928498e-02 3.2705330728e-02 -4.4610106779e-01 2.3948452584e-01 4.9074029066e-02
1.0356215499e-01 4.5028984658e-02 -1.6403580875e-01 3.4975236794e-01 -5.5145501281e-01 -2.8952007079e-01 -2.0038991614e-02 2.6500546850e-01 4.2887342368e-01 1.5402015851e-01 1.0375334750e-02 -1.7846748816e-01 -4.0217460374e-02 1.2613216182e-01 1.5619351520e-01 -1.2758445278e-01 7.4361340149e-02 3.2133075274e-01 3.5195731877e-01 -1.2568296743e-01 1.2104886747e-01
2.3515283606e-01 -1.4449785051e-01 -1.5884147061e-01 -5.4408452036e-01 -1.6591802687e-02 8.5127736095e-02 1.5643945060e-02 7.6199057298e-01 4.3818050347e-01 1.5438676214e-01 1.6774176395e-01 1.1655564250e-01 1.0805761467e-01 8.5259647120e-02 -2.8211843733e-02 -1.1108100697e-01 -3.9588136023e-01 -1.9914954291e-01 6.7577886096e-01 -3.4122844954e-01 2.1254051114e-01
-7.0190357207e-03 1.7698808785e-02 1.3069876761e-01 1.2632472398e-01 2.5173916110e-01 3.8968818214e-01 -1.0334380112e-01 -2.4540923345e-01 -4.6414554987e-01 1.6869566661e-02 -1.9951036460e-01 -4.2851858335e-02 1.8673804926e-03 2.2912698768e-01 2.0837956649e-01 -2.3487513957e-01 -7.1105981543e-02 2.4919301279e-01 3.6445966378e-01 -4.2524919896e-02 -4.9728530911e-01
-3.4045559811e-02 1.2146274524e-01 1.1447204198e-01 3.7193379230e-01 1.2465373043e-01 2.5360117364e-01 2.1784457171e-02 -2.1555054754e-01 -3.2632716855e-02 -3.5576304452e-01 -2.1622013838e-02 -3.5934925245e-02 -1.0855445903e-01 -1.0397210697e-02 -2.0319281265e-01 -1.0925533186e-01 -3.2500568958e-01 -2.9913769459e-02 -1.5361004048e-01 -1.0577567026e-01 -2.8611709006e-02
-3.3499271198e-01 -4.6190914017e-01 1.2946184729e-02 -2.9444321126e-01 1.9902029202e-02 -8.3173894354e-02 -2.0984452367e-01 -1.0093579478e-01 -4.5189413938e-01 4.7161593075e-02 4.3283425826e-01 1.8459370873e-01 1.3979466119e-01 -3.6121836907e-01 2.3391996339e-01 4.5088653930e-01 1.2082447634e-01 8.4189749798e-02 2.8570171199e-01 -1.4982032768e-01 -4.7741032158e-02
2.6786716878e-01 -3.7229994451e-02 -8.8107436192e-02 3.0098583996e-01 -2.2983419638e-01 1.7007081260e-01 -1.1159124569e-01 -1.9538448768e-01 -7.0101883160e-02 -3.7863858176e-01 5.6124292848e-02 1.0549642720e-01 -5.7605273162e-01 1.0376160532e-01 -2.6100528644e-01 -2.3557947116e-01 3.7340850454e-02 6.3719027084e-01 1.6067008018e-01 -3.0175658768e-01 9.2014308963e-02
1.4298820857e-01 -4.8374303777e-01 5.0610121874e-02 -1.2722397234e-01 -3.3076323374e-01 -6.3079424309e-01 5.8034693768e-02 -1.8613416921e-01 -2.7038876325e-01 2.4368928577e-01 -2.8732906470e-01 1.1717139959e-01 2.8879437749e-02 -3.1052725826e-01 1.8114902079e-01 -1.0999432268e-01 1.3423061944e-01 -9.6545732582e-02 1.5460230722e-01 -2.7230026332e-01 1.4737150973e-01
