-4.8897415148e-03 -7.4635937588e-02 -4.6228791352e-02 1.1610186368e-01 -5.5238058914e-02 6.4209028983e-02 -7.0061831896e-02 -6.6718742765e-02 -1.3386718551e-02 1.7668663904e-01 -4.1344359868e-02
-7.2423595509e-02 1.1609143478e-03 9.6767820978e-03 -8.9485606601e-04 9.1142445550e-02 -1.2085604675e-01 4.6371563319e-02 -2.3730368133e-02 6.9074693035e-02 1.4114694475e-01 2.3526632298e-02
7.7455614685e-02 -3.8357890515e-02 1.6470581924e-02 7.1638109142e-02 -8.1620366769e-02 6.6397668948e-02 -2.0777736228e-02 6.4711528087e-02 -1.0154980267e-02 -1.0837475876e-01 -1.5828126718e-01
-4.3561659897e-02 -3.6629169544e-02 3.2034302246e-02 -1.1665221741e-02 -7.3841664916e-02 4.8035152088e-03 -1.7274993205e-01 -6.1077234770e-02 -6.7910289522e-02 -2.2104647679e-02 -7.9330102950e-02
-1.8628829258e-01 -3.1786311626e-01 2.3723729150e-01 5.8373734476e-02 1.1574253680e-01 -4.1656541545e-03 1.5878374718e-01 -8.9364280462e-02 2.7736113160e-01 6.2032099691e-03 -1.3765310778e-01
-2.8925828460e-02 -6.8146046828e-02 9.5362871132e-02 9.6860742886e-02 2.1318097709e-02 -1.2289748514e-01 1.0202770093e-01 5.3934535582e-03 1.7241389925e-02 1.0718167189e-02 5.3582057198e-02
-2.5474342989e-01 1.5543059274e-02 1.9047648825e-02 1.8312405589e-02 1.2301823831e-01 -1.6148962088e-01 1.8980704930e-01 -1.8231685034e-01 2.3870380700e-01 9.6780808301e-02 -3.0447233213e-02
-4.6997671106e-02 -4.9492861481e-02 1.9032226945e-02 7.3773662808e-02 1.0220803606e-01 -2.5130342485e-02 9.8324986678e-02 -2.4578930658e-04 1.4730429999e-01 9.0249877078e-02 1.1400973307e-01
2.3289708740e-01 2.3189144437e-01 -1.1172108078e-01 -1.7022648073e-01 -1.4906482370e-03 1.6870079672e-01 4.9399812756e-02 1.8035086688e-01 -2.1261346229e-01 4.7040341257e-03 -1.2135093248e-01
7.8456187281e-03 8.3260365721e-02 -9.4496511244e-02 6.9043282913e-04 3.7325082901e-02 3.5345728403e-02 1.5786900454e-02 1.8947561255e-02 -2.9447304503e-02 7.7892151114e-02 -1.3384929899e-02
1.7078470000e-01 8.5133584060e-02 -1.9569584307e-01 -2.3162503992e-01 -1.7441148563e-01 1.6289811764e-01 -2.6286200977e-01 1.9966993421e-01 -2.0033998606e-01 1.1033473253e-02 -1.2618087821e-01
