6.5732756109e-02 -6.5509480095e-02 -8.1264456357e-02 -3.3086699921e-01 1.4244732084e-01 -1.8859884748e-01 -1.3332428714e-01 -1.4679609503e-01 3.8001872493e-02 -3.5017491994e-02
8.7648978945e-02 -3.5361629714e-02 -2.2496424194e-02 3.0076688060e-01 -1.4278310373e-01 2.7892953949e-01 5.0044811347e-01 2.9811580595e-01 1.5028669335e-01 9.5838879547e-02
-2.4867890622e-01 -4.2960731246e-02 -8.6107214546e-02 2.5776729309e-01 -2.3194459103e-02 -1.2260725729e-01 1.0270881370e-01 5.6047359014e-02 -8.6106602102e-02 -1.3261055775e-01
-1.2430883395e-01 -5.1489238948e-02 1.1336529339e-01 1.1626801357e-01 -2.0639292283e-01 -2.2562409721e-02 -4.7135742354e-02 -6.8630653604e-02 2.7516856140e-02 9.2460798292e-02
2.2832635660e-02 6.6714390454e-03 1.3089295542e-01 -5.2027495189e-02 5.5636622337e-02 -5.8675235847e-02 4.0578987601e-02 4.6187897967e-02 6.7788018243e-03 2.4227191073e-01
-9.2068668289e-02 -9.9336547106e-02 2.1223302692e-02 1.1709371196e-01 -4.2625915927e-02 6.1715973904e-03 1.2285576517e-01 2.5599546092e-01 -1.1575026070e-01 -3.7971591492e-02
-1.4231484974e-01 3.5346839655e-02 9.2272957063e-02 6.2349214456e-02 -4.8227258592e-02 2.0579773809e-01 1.4486544540e-01 6.9125070572e-02 2.7467429961e-01 4.8477704849e-01
-6.7371772049e-03 1.9885153602e-01 -2.4875220148e-01 -1.0221864063e-01 2.3242127745e-01 -2.0315109667e-01 -3.1691173964e-01 -3.2860280800e-01 -1.0173995956e-01 -3.0619396979e-01
-2.1102193770e-01 -2.7781484649e-01 1.1344679304e-01 -4.3595978216e-01 1.8939322055e-01 -3.0567014684e-01 -3.5143435050e-01 -1.9103669006e-01 -1.9916440153e-01 -1.9801992218e-01
5.7747355878e-02 -1.3617755274e-01 -1.1545242984e-01 1.9838203042e-01 3.5094899309e-02 2.9634405897e-02 8.0371594114e-02 3.2174169359e-01 -1.6534701762e-02 1.7082267446e-01
