-1.4038466627e-01 -1.2298848090e-01 3.0105472663e-01 -1.6837799775e-02 -1.1703430573e-01 1.9422980582e-01 1.7314294752e-01 -1.6435158956e-01 6.3566258186e-03 8.3540064618e-03
3.0780395553e-01 3.8077944470e-01 -2.8107969352e-01 -6.1669794701e-02 2.4013320004e-01 -3.6782769208e-01 -1.8354804317e-01 2.2134421939e-01 -4.1965959707e-03 4.1220845443e-01
3.3203336298e-01 5.2509340170e-01 -2.3654445974e-01 -6.7007040246e-02 4.2853364889e-01 -1.8162215967e-01 -3.4138944518e-01 3.1190282455e-01 6.2588912271e-03 4.7382926772e-01
-3.7264474088e-01 -2.0666489147e-01 4.2145951734e-01 -4.3014576128e-02 -2.1996405544e-01 4.7827212778e-01 4.8282634246e-01 -3.8969958128e-01 2.8426285985e-02 -1.2846943246e-01
1.1209506653e-01 2.1316988778e-01 -1.2690881497e-01 -5.2636644089e-02 2.1442962018e-01 -1.0859604198e-01 -8.0832266160e-02 1.8464702048e-01 -3.9219190234e-02 2.6000258478e-01
1.4638659912e-01 2.0565528197e-01 -2.4433395323e-02 -1.8365707926e-02 1.3578196650e-02 2.7172761176e-02 6.8479642257e-02 1.3549315480e-01 -7.1656237162e-02 1.4849249678e-01
-5.7882948617e-02 -4.6090531575e-03 1.3795297071e-02 -9.4506140693e-03 2.7307475009e-02 7.4783656313e-03 -1.9052177255e-03 3.0299817429e-02 6.8343094672e-02 9.2006334513e-02
-3.0562367962e-01 -8.8957083402e-02 4.4236117690e-01 -7.9291106669e-03 -9.0577058735e-02 3.4575434001e-01 4.5836935197e-01 -1.3561291128e-01 -6.9961877908e-02 -1.7900338894e-01
-5.5765197533e-02 -7.0433721657e-02 3.0358884262e-02 1.0393472235e-01 1.5106323099e-01 -1.0516761427e-01 1.5732693622e-02 -5.7044516983e-02 5.1895957545e-03 -9.0776318681e-02
3.7936993854e-02 2.7233320317e-02 1.4260932087e-03 -6.2487619441e-03 1.1691202924e-01 -1.4623818759e-01 -1.5965134532e-02 -1.1124715255e-01 -1.6448330123e-02 5.1876144930e-02
