2.3840100915e-01 1.3926822232e-01 2.4481400534e-02 -9.4993421600e-03 2.0691186996e-01 8.1550581848e-02 2.8714824582e-04 1.2844905054e-01 2.5622314731e-01 -8.2704396366e-02
-2.0752150240e-01 -2.1789345807e-01 6.2132525141e-02 6.6227121232e-02 -2.5707984478e-01 -7.2438405308e-03 -6.2262034400e-04 -1.9854703586e-01 -1.0406577534e-01 -9.8313216291e-02
-3.9611678137e-01 -2.8778712317e-01 2.2104362942e-02 7.5092257069e-02 -4.3248125580e-01 2.0056562068e-01 1.8867150618e-04 -4.7583748357e-01 -3.8223129429e-01 5.6006155771e-03
4.2199491512e-02 -4.5951938415e-04 4.5721822411e-02 2.5999941829e-03 1.0803578765e-02 -1.4201738131e-02 -2.6667947374e-02 -2.7507009791e-02 1.7034775194e-01 7.3305882161e-02
1.7082147983e-01 2.3235659582e-01 -7.4082352542e-02 2.4484758475e-02 1.4509932883e-01 4.0092441394e-02 -5.6045639786e-02 1.1183470092e-01 1.7794742316e-01 -1.4651397915e-01
1.6178212245e-02 4.1795987129e-02 8.3788634775e-02 2.1460433609e-02 -6.6671809185e-03 5.1189421166e-03 -1.2031783602e-01 -3.3302843827e-02 -8.3756999211e-03 2.8793234598e-02
-3.4426373477e-02 -8.3716217979e-03 -5.7954964785e-02 -5.0754942936e-02 -7.1629546828e-03 -4.8538585385e-02 -7.7307049308e-02 -1.6153496416e-02 -4.4273836119e-02 3.8197643262e-03
1.6410927124e-01 1.2744368287e-01 -1.5184445490e-02 1.0018391277e-02 1.5916305036e-01 7.1708335675e-02 -5.7182327972e-03 1.7467576039e-01 9.4058112343e-02 -6.9760916905e-02
1.9200219186e-01 2.1174764163e-01 1.5636766428e-02 -8.4901921190e-02 2.1206764457e-01 1.9334325785e-02 4.9584283470e-02 2.1299294671e-01 2.7290363749e-01 4.4247550911e-02
-4.3167058181e-02 5.9870140844e-02 3.2650183099e-02 -1.5418152937e-02 1.8944480650e-02 -3.3611605542e-02 -6.2016393402e-02 -8.0820540338e-02 1.1031126342e-01 -8.1109997505e-02
