-5.5492183360e-02 -3.2166048063e-02 3.7211976720e-02 3.3298657539e-01 -4.0490187958e-02 -7.7943702371e-02 -1.4234291979e-02 1.6707579142e-02 2.5181015408e-01 1.5709329102e-02
3.7264221694e-02 -4.2242597492e-02 3.3748419052e-02 1.1808365320e-02 1.5530505102e-02 5.6636376908e-02 2.0969449571e-02 -1.1616708896e-02 -3.9504448603e-02 -4.9251365182e-02
-5.1846019511e-02 -5.3448915534e-02 -1.7766066289e-02 2.5617577833e-01 1.3089289554e-02 -1.6080329804e-01 -2.3991351149e-02 9.3180072314e-02 2.0159562341e-01 7.2563038418e-02
2.7226402541e-02 -1.0532519099e-01 1.3719737455e-02 1.7341040396e-01 -6.6757204546e-02 -1.1737146821e-01 3.4979035032e-03 -1.0680968953e-02 1.8991765113e-01 -1.9225396826e-02
-3.4024358846e-02 1.4342756477e-02 -1.2532062684e-03 -3.9007922906e-02 -5.0909749370e-02 8.1981082512e-02 -2.1152873570e-02 -3.8049775007e-02 8.7059430037e-02 -6.4851310400e-02
2.3955072306e-02 -1.2634115125e-02 1.2984591745e-01 1.5490667424e-01 1.5915198205e-03 -3.8544911203e-02 9.2096010268e-02 7.6310636445e-02 1.2404945710e-01 -1.8750530613e-03
7.5920051838e-02 8.1737455184e-02 3.7395712309e-02 5.9464625327e-02 3.3619658668e-02 -8.1161919562e-02 9.8564114654e-02 2.4534372035e-03 -5.0397159508e-02 -1.2485453213e-03
5.3211010564e-02 -1.8965133124e-03 2.3648051508e-03 -5.0429362347e-01 -8.8840368864e-02 4.9812345180e-01 9.4022712320e-02 4.9436269386e-02 -5.5102057810e-01 7.8069874520e-02
-3.8425928159e-02 6.9388813233e-03 -2.6746624579e-02 1.5708594608e-01 4.4236454798e-02 -1.1145360279e-01 9.9407802023e-03 -3.6250982082e-03 2.2319440296e-01 1.0742697419e-01
5.5546256107e-02 -6.3227591936e-02 -5.2335263105e-02 9.9917860950e-02 -7.5450542138e-02 -1.5362776126e-01 -1.8156324632e-02 -5.4860160711e-02 2.2316809548e-01 -6.0308848415e-03
