1.5980148939e-02 5.0581195876e-02 -1.5539791252e-01 -7.5989249593e-02 1.2678726458e-01 3.5274912720e-02 -1.6648976338e-01 -1.6890094189e-01 6.7298128722e-02 -2.1686784173e-02
-3.5994025575e-02 -2.0951785717e-01 -2.9759178605e-02 1.1185797760e-01 -2.8685576966e-03 -1.7619390704e-01 -4.1903581274e-02 -4.9574525778e-03 -1.6853594120e-01 -6.5656952461e-02
5.8335360790e-02 2.8568086980e-01 -1.1927168749e-01 -2.9210471870e-02 -3.8968373822e-02 2.8470978683e-01 -1.1651472531e-01 -2.1558085608e-01 -1.2692365909e-01 -1.2283325175e-01
-4.2260895706e-02 7.2917190938e-02 1.4805464442e-01 -4.4977691345e-02 -2.1441162074e-01 1.8835649338e-02 -1.4232415143e-01 -1.9949118642e-01 -1.7908236764e-01 -2.2170727225e-01
-8.0266237167e-02 2.9856027554e-01 -1.2967642409e-02 2.4191400817e-02 -1.8335017555e-01 -1.5192419590e-01 1.1095629198e-01 -5.3894767568e-02 5.1789396519e-02 -6.7316869403e-02
8.4480449113e-02 -1.3926771576e-01 -1.3692598058e-01 9.4846650545e-02 3.0017809355e-02 2.1110806724e-03 -8.9043269840e-04 6.4972266540e-02 -1.1210613694e-01 2.2156534820e-01
3.3397891515e-02 3.4239526174e-01 3.9196764402e-02 -2.9523229766e-03 5.0087557214e-02 9.3673637181e-02 -7.0840717651e-02 6.6926507893e-02 -1.6746222539e-01 -1.5331469139e-01
6.5712483936e-02 -1.7459825507e-01 9.5895558317e-02 8.9613728545e-02 -1.2108647090e-01 1.0506410021e-01 2.1469279705e-01 7.5147281389e-02 6.4666416200e-02 -2.3350955870e-01
6.1415572956e-02 1.2480929870e-01 -6.8082807069e-02 -1.6350636753e-01 -6.7392902240e-02 2.0846200075e-01 -1.7835524929e-02 -5.6291615770e-02 2.9849140868e-02 1.5210617804e-02
2.1964458090e-01 -5.2112074166e-02 2.0526077044e-02 2.3677831529e-01 -1.3990443154e-01 1.7896698156e-01 -3.1932803394e-02 -1.7189246764e-02 6.1137293934e-02 -1.9462318879e-01
