1.9754218166e-01 1.0747419434e-01 1.9421032223e-01 1.1953130938e-01 -3.3552500004e-02 1.7169601984e-01 -6.7934871476e-02 1.8276251528e-01 2.9996847339e-02 -9.2632211632e-02
4.6678094338e-01 5.2400718362e-01 5.0206750260e-01 4.3981000118e-01 6.2845864832e-02 5.4822974904e-01 -4.6558320590e-01 4.8552335937e-01 -4.9102520089e-02 4.1414152740e-02
-2.1308986055e-03 -1.6699872685e-02 -5.3011211193e-02 4.2665873992e-02 -7.1953733040e-02 2.0420965210e-04 -8.1059650796e-02 4.9275223061e-02 -2.7573611071e-02 2.7655727287e-02
9.8915458576e-03 1.0359705816e-02 8.2057188047e-02 6.1788579082e-03 9.2428349449e-03 2.2824592607e-03 -5.9901942405e-02 3.7789875600e-02 4.2220371203e-02 2.6522057855e-02
1.1986278473e-01 1.9727492515e-01 2.0888355259e-01 1.1137907034e-01 -4.7524072394e-02 1.9624923878e-01 1.6565001970e-02 1.7880676276e-01 1.4037803965e-02 -1.9112738235e-02
2.7452395143e-02 -6.1452261415e-02 1.1414741681e-01 -2.9783972808e-02 3.8216308040e-02 1.6395848051e-01 4.5841058811e-02 -4.4900438238e-02 -2.7056742163e-02 -2.7368750188e-02
-6.7851824787e-02 3.8159955614e-02 -6.1705713254e-02 -5.9968487234e-02 6.9843707030e-02 7.5432573822e-03 5.3880757773e-02 -1.6324612160e-02 6.0666265128e-03 -1.3788500049e-02
2.7416789081e-01 1.2141674004e-01 1.7873097493e-01 1.0204758083e-01 2.0040890646e-02 2.1736205949e-01 -1.3290422486e-01 1.3065070024e-01 2.8995724322e-02 -2.2235053417e-02
5.3081729872e-01 4.3908107792e-01 3.9852361679e-01 4.2996146926e-01 -4.9914123649e-02 5.0469512240e-01 -4.1390699986e-01 4.6628909219e-01 -5.6252444242e-02 9.6088128517e-02
2.7985076011e-02 2.5074251166e-02 -3.1165543804e-02 -1.9840496141e-02 3.4001235727e-02 -2.5675173296e-03 -1.3844268836e-01 -1.5361401584e-03 -2.1454091423e-03 -1.6078517467e-02
