-5.7706213165e-02 -5.3722351190e-03 1.8000007952e-02 1.3615664505e-01 1.3305919922e-01 3.0814404967e-01 1.5788130782e-01 2.7269538171e-02 1.2944133373e-01 9.5910569411e-04
2.1507340423e-02 -6.5141007993e-02 -5.1264370324e-02 -7.9969939679e-03 -3.9518044362e-02 -6.8688165780e-02 1.1098505060e-01 -9.1888337567e-03 -1.5020926366e-02 4.1563867281e-02
-3.1244466719e-02 -4.0029654226e-02 -1.2933310190e-01 8.3513931822e-02 6.4732773567e-02 -6.0913846115e-02 -7.4751376678e-02 -1.4953337879e-03 1.6276395492e-02 4.0416558999e-02
2.8923824531e-02 -1.6522409260e-01 2.9833493967e-02 1.1382586946e-01 2.3406702706e-01 1.8584761571e-01 2.2124985532e-01 1.0957858314e-03 2.2924302245e-01 2.7864564539e-02
-3.8032365790e-02 3.8755102548e-01 -8.2530798298e-02 -2.5659709703e-01 -2.6973249450e-01 -2.5035111038e-01 -3.1799567264e-01 -1.5848583986e-02 -2.7469344045e-01 2.0716074728e-02
-7.7361027903e-02 1.1460703545e-01 -3.7377398892e-02 -7.3251442165e-02 -1.9488726046e-02 -6.8198544188e-03 2.4039513328e-02 -8.2842302002e-02 -8.2188670863e-02 -2.2150025640e-02
-5.1656333385e-02 -1.5187299973e-01 -2.6315391677e-02 2.0807357201e-01 2.0227486516e-01 1.6051589320e-01 1.6683558357e-01 2.6998599452e-02 1.8154333029e-01 -3.2871739571e-02
3.6901050894e-02 -5.2127159477e-02 -2.1617433240e-02 1.1119408256e-02 3.9497734647e-02 8.1696192207e-03 9.8494468891e-03 7.2981425454e-02 -4.1858530130e-02 2.7114691312e-02
-4.8304378831e-02 1.9087774913e-01 -1.2485457559e-02 -2.6201387551e-01 -2.0644147978e-01 -2.3797872366e-01 -2.1560258765e-01 1.4677147549e-01 -1.5096914106e-01 1.1951392410e-01
1.5347273613e-02 -9.7026378071e-02 -3.4453105308e-02 1.4895209721e-01 -2.2176553539e-02 3.1719817696e-02 5.4241554156e-02 -5.6748028196e-02 2.7248717083e-02 7.7223936985e-02
