1.9773023823e-01 5.2957777220e-02 1.1954223125e-01 2.9320630167e-01 -6.9496036514e-02 -4.9272647272e-02 1.9201368148e-02 4.3356255596e-01 5.1960455931e-01 -1.2082928175e-01
2.2402303790e-01 9.3785141583e-02 -1.3222962037e-02 1.3425686113e-01 -4.7387098443e-02 5.2461147923e-04 -1.4701824478e-02 -1.8247437102e-02 1.8543664454e-01 1.3234719168e-01
3.1795323284e-01 7.2614658276e-02 5.0828693221e-01 2.2674999352e-01 -4.9380073139e-04 -3.2949719591e-01 -7.7678321360e-02 5.0981576317e-01 4.0888631853e-01 -2.5252331441e-01
1.0869861110e-01 4.5547982708e-02 8.7005460543e-02 1.1583979230e-01 -5.3525757176e-03 -1.0767545935e-02 -2.6917106121e-02 -6.0464310639e-02 -9.8770980136e-02 4.8552268999e-02
4.0780605681e-01 1.5465013342e-01 3.4687621423e-01 3.8147155333e-01 1.0957214797e-01 -3.8042065174e-02 -1.8907750952e-01 2.5804018273e-01 4.5171960655e-01 -3.3180682372e-01
5.0252808107e-02 -1.4976047065e-01 -1.8436439774e-01 -9.1530693602e-02 1.1063230361e-01 -2.8385974347e-02 -1.0245464669e-01 -5.8627657836e-02 1.8704942447e-01 4.8395085022e-02
3.9442442729e-01 -2.4011254402e-01 1.2634196218e-01 1.7319206019e-01 -6.9101285408e-02 8.5291694159e-02 -1.3747574062e-01 9.2377496204e-02 1.6343883284e-01 2.0663227026e-02
-5.8666291834e-02 1.1289199331e-01 -2.2483969125e-02 7.6187614779e-02 1.8684272381e-01 -7.5698726476e-02 1.5516384733e-01 -1.1728491178e-01 3.0810008895e-02 -8.6741849929e-02
2.3213221405e-02 -2.1458100945e-01 -2.7121334839e-01 -3.1019173845e-01 1.0886869167e-01 3.6917094549e-01 1.6949434574e-01 -6.2702635155e-02 -4.4762101485e-02 2.2088528599e-01
-7.6891324426e-02 -8.6819382513e-02 3.9639249012e-02 -1.1485784220e-01 1.1799468697e-01 -4.9840010196e-02 1.7635979274e-01 -1.0706245082e-01 -2.2082762658e-03 2.3920159487e-01
