1.2894093369e-01 -3.3268228858e-01 -2.8094686481e-01 -2.9543269383e-01 -3.6366785166e-01 -3.0675315709e-01 -5.1511687430e-02 3.9645362342e-01 -3.0113859432e-01 -4.7156994527e-02
-3.3372453416e-02 1.1131153042e-01 1.8898597038e-01 -1.7745975237e-02 1.7292163094e-01 1.3519647189e-01 -1.9312803124e-03 -2.0429423444e-02 1.8628504472e-01 -6.3930335239e-02
-6.4459808232e-03 8.4354210857e-02 9.9995515226e-02 -6.3642489626e-02 -1.1655423794e-01 5.5337212588e-02 -1.6383280933e-02 -6.2282802767e-03 3.4567441812e-02 2.8492599892e-03
1.0822449644e-02 -4.7075531343e-01 -4.4299170965e-01 -6.3075035313e-01 -4.4283021739e-01 -4.4925964363e-01 -1.1506195925e-02 3.3465341123e-01 -4.9245699269e-01 2.2822868586e-02
-7.5736059026e-03 1.4277230272e-01 2.1387041112e-01 1.1654094839e-01 2.3458186874e-01 1.8880942274e-01 9.8260445730e-04 -8.8562172640e-02 1.8295130290e-01 -5.1510142950e-02
6.1734141675e-02 1.8338125467e-01 2.0386323470e-01 5.9322267942e-02 2.0609230364e-02 1.8644016133e-01 -3.1976595718e-02 -1.3338689630e-02 4.3076979447e-02 -7.8246167359e-02
-4.6493041471e-02 2.6407411596e-02 -4.1042588284e-02 -3.0264209820e-02 -1.3790334983e-01 -9.1096155322e-03 4.8253242922e-02 3.0324662413e-02 4.8663116205e-02 3.1758028538e-02
7.6893538760e-02 1.5328759524e-01 1.0779010696e-01 2.9016311468e-02 9.4844498184e-02 1.5963671011e-01 3.5612589360e-03 -6.8862837734e-02 1.0762518102e-01 8.3316147810e-02
1.0677022850e-02 -3.9490168569e-01 -2.3237752880e-01 -2.0072804801e-01 -3.3580454551e-01 -2.4462739099e-01 6.6889885949e-02 3.0232706126e-01 -3.8215652443e-01 -1.8380598195e-02
-1.5989324945e-02 3.0981215444e-02 9.5208892929e-02 7.3158941767e-02 5.1271917145e-02 -4.6788134976e-02 -4.6513271813e-02 7.3626403121e-02 8.0412718450e-02 -1.8087175303e-02
