-2.6080834152e-02 5.9214838077e-02 8.2506711735e-02 2.9533523016e-03 7.4754565831e-02 2.7621125567e-02 1.4316979247e-01 -2.5245861061e-03 1.1531401211e-01 -8.1222662393e-02 -7.1573915717e-03
-5.8509216541e-01 4.7020482221e-01 -6.0731111411e-01 -4.0174804044e-01 -3.1939695060e-01 4.1028057255e-01 3.6628264396e-01 3.1657009788e-01 3.5586472540e-01 4.2476077813e-01 -4.2156314286e-01
9.4242853464e-02 -1.4679638189e-01 1.5638895743e-01 1.6245895757e-01 -7.3270273829e-03 -1.0091377988e-01 -2.4029498893e-04 -1.2660012043e-01 -1.4352757484e-01 -9.9770021528e-02 -1.7142401701e-02
1.2670657674e-01 -1.7611211244e-01 4.9902293713e-03 2.4364708659e-01 3.6196045279e-02 -9.3685988671e-02 -6.8904880548e-02 -1.0404045547e-01 -1.2344917925e-01 -9.3837173298e-02 1.5710037014e-01
-3.2458233067e-01 2.7277319401e-01 -2.3241977488e-01 -1.4334686777e-01 -2.5534602663e-01 2.5799983577e-01 2.9539012736e-01 1.7836421009e-01 1.6221886065e-01 2.0494247337e-01 -3.1274892670e-01
-4.0711617623e-02 2.1613482611e-01 -8.1659289007e-02 8.0326433675e-02 -1.1903875423e-01 5.0459050129e-02 1.9589679074e-01 1.0332683583e-01 1.3010130666e-01 1.7718777199e-01 -9.0954008842e-02
1.4495315438e-01 -3.3145798307e-02 2.2488506792e-02 3.2026895703e-01 1.6150161982e-01 -9.9274992199e-02 -1.4479983952e-01 -3.8645252717e-02 5.5629303497e-03 -1.3817414314e-01 1.9395295990e-01
-1.8860279759e-01 7.3277940046e-02 -1.3505485540e-01 7.2053877386e-02 1.3631216077e-01 3.8311440437e-02 9.2706553377e-02 -9.6627440768e-02 1.9382924542e-01 -7.9345484918e-02 -1.0117293922e-01
1.3204444201e-02 9.1948371296e-02 -1.0812545825e-01 -1.1522207900e-01 -8.6581229082e-02 3.8347959980e-02 1.1503082403e-01 7.1795873175e-02 1.7934598945e-01 5.7660444010e-02 -2.8788418840e-03
2.0044736699e-01 4.4289628713e-02 7.4750640136e-02 2.0248797244e-01 -2.5647794704e-03 -5.5773298922e-02 -8.0384289300e-02 -1.4011107436e-01 -3.8260543566e-02 -1.7451878827e-01 1.3504374789e-01
-3.7226432225e-01 9.6346593852e-02 -1.6552643913e-02 -6.7127223313e-02 -1.7660921288e-01 1.2132157305e-01 8.3190202990e-02 4.0650901010e-01 1.4826111793e-02 9.0587606158e-02 -1.1596749348e-01
