-1.6679163161e-01 5.6939687913e-02 -1.2725530144e-02 -1.4848954319e-02 2.1945541196e-01 1.7759614229e-01 -2.7371334774e-01 1.6736733853e-01 -1.4014202632e-01 -1.1935069053e-01
1.1999227342e-02 -1.2947396036e-01 -3.0879319338e-01 3.6745737318e-01 -2.6802892865e-01 -3.9605704992e-01 5.1556057004e-01 2.3263364840e-02 2.4076157477e-01 1.1957262481e-01
-1.2074029135e-01 1.8136419786e-01 3.8889802569e-01 1.0724500172e-02 4.0953111043e-01 1.7338731700e-01 -3.0650018598e-01 1.5521749740e-01 -2.3210614196e-01 1.3040934354e-01
1.5399266580e-03 1.6769945472e-01 2.3861849595e-01 4.4599089857e-02 1.3822813891e-01 1.2994686869e-01 1.0662605148e-01 -2.2379979630e-01 -2.0457064724e-02 5.0363495218e-02
-1.0655978778e-01 3.1244787047e-01 2.9636880858e-01 -2.1101132173e-01 3.5818850572e-01 2.5012425519e-01 -3.4814868227e-02 4.1206762611e-02 -1.3575066410e-01 -1.4537948313e-01
2.0466032429e-01 2.1652427566e-02 8.4089597285e-02 1.0159517751e-01 2.0980259175e-02 6.0393537774e-02 -1.2359976963e-01 1.0314604692e-01 1.6328873313e-01 1.4903047695e-01
4.3191651172e-02 -4.4598587472e-01 -2.6787099280e-01 2.2467494695e-01 -3.7940079934e-01 -2.1449227696e-01 4.3273378770e-01 -6.7907027799e-02 3.6101801469e-01 1.4510197566e-01
2.3151529948e-01 2.3596959155e-01 3.4097860735e-02 -7.8333697677e-02 -1.5081198133e-01 -5.5819985296e-02 7.0961361890e-02 -1.3261905189e-01 1.1226265801e-01 -1.1574596299e-01
-1.5573778805e-03 -1.5706645800e-01 -2.0891578337e-01 3.6029721908e-01 -1.1122614849e-01 -6.3415110359e-02 4.3916503708e-01 5.2328326403e-02 2.0077553244e-01 -2.8262027130e-01
7.9229442941e-02 6.6318137854e-02 9.0339789875e-03 -1.0279391751e-01 1.9398469007e-01 4.4528607550e-02 3.3090227254e-01 -7.3053790381e-02 4.0739613934e-01 6.2300883314e-02
