-7.1638568519e-02 3.0947938113e-02 1.7902087896e-01 -5.9538671174e-02 -3.9644570691e-02 -6.6985573292e-02 -1.8062491509e-02 1.6319357387e-01 -8.9947672293e-02 1.1518691216e-01
-2.3056502977e-02 -2.9643611140e-02 -1.9481032349e-02 -1.0906034559e-03 1.3310838255e-01 1.3098872222e-01 -5.0296241423e-02 5.1168396981e-02 1.7552010383e-01 -8.0977882309e-03
3.6452542326e-02 1.9884731693e-01 -2.1585913583e-01 3.4184642199e-02 -6.3776420292e-02 6.3449889774e-03 -1.1221991692e-01 -1.2306696158e-02 2.1886208247e-02 2.3218592528e-02
-3.2659333721e-02 5.7962825625e-02 1.6211400340e-01 -6.1887970689e-02 3.9138332015e-02 2.5081537597e-02 -5.6105936731e-02 1.5324603271e-01 1.1812947007e-02 1.7939774498e-01
1.1155071635e-01 6.3793152424e-01 -6.5559385872e-01 -1.0577580717e-02 5.8107714229e-01 -2.0009012714e-02 -5.8772546564e-02 -3.9843630802e-01 -3.4294291745e-02 -4.8294988488e-01
-2.6741864868e-02 -3.3334267749e-01 3.5101294946e-01 2.5556609364e-02 -3.4431245318e-02 2.2795040042e-02 1.8814539594e-02 2.1516285727e-01 -1.0849520228e-01 3.7076975253e-01
1.7030899484e-01 -5.9917086111e-01 6.2648187169e-01 -4.3880005965e-02 -6.6017848508e-01 6.5882575572e-02 8.8621887457e-03 6.0426241279e-01 1.6141127734e-02 6.7881035816e-01
-9.2193170263e-02 3.9922726992e-01 -1.3993674122e-01 -5.0370430910e-02 -1.8448821259e-02 -4.7800018635e-02 1.9166443305e-02 1.0854062211e-01 8.7036854751e-02 -1.2773899835e-01
6.0764387454e-02 1.3530158689e-01 1.8191341078e-01 1.2776144794e-01 7.8362900942e-02 -1.4332549167e-01 -2.8047244623e-02 7.9871272697e-03 9.7575990041e-02 6.8158513985e-02
4.6166513928e-02 3.7247350596e-01 -4.4358520872e-01 -1.8793706762e-02 8.4180475614e-02 -6.3111980781e-02 8.2122893026e-02 -2.3806976517e-01 2.1555071782e-02 -1.5962047842e-01
