1.8859052870e-01 4.2870142753e-02 -2.4544235738e-01 -5.5758509302e-02 5.4580498631e-03 -1.1797589114e-01 -9.7585717704e-02 -6.6203033322e-02 -8.4578906980e-02 9.4524887916e-02
1.0696771165e-01 -4.0988113074e-02 -3.7904664644e-02 -4.5177639491e-02 -5.4978316689e-03 -1.5477441232e-02 -3.8572995746e-02 -2.5375089286e-01 -1.0859329054e-01 -6.7844154774e-02
-9.0880245569e-02 -2.3115061770e-01 -6.1155890147e-02 6.4010017502e-02 1.1470408428e-02 -1.6134950385e-02 1.4956775309e-01 2.1511944962e-01 -1.8001319290e-01 -3.7932837661e-02
-1.5054923820e-01 -9.5922151554e-02 -2.5524865419e-02 3.0974104617e-02 1.6103047720e-01 -1.6489306815e-01 -1.2084677963e-01 1.9871135483e-01 1.1821455998e-01 -3.0010054087e-01
-3.2670218644e-02 2.1191610945e-01 4.4030286428e-04 2.6437953942e-01 -1.2819330439e-01 8.5188546320e-02 -6.2093431287e-02 4.1427537055e-02 1.3239339584e-01 1.6143473490e-01
4.4741690267e-01 2.2469857205e-01 -3.3290112233e-02 1.5759515229e-01 -1.8308702342e-01 -1.4130374611e-01 5.9255311210e-02 3.6129091029e-01 -1.3291672804e-01 1.3259572060e-01
-4.7365886818e-01 -1.3928996383e-01 4.1795739420e-01 -3.3204619635e-02 -1.7046185895e-01 2.5935704728e-01 -2.7411716781e-01 -6.7610207410e-02 -1.1497888467e-01 -3.2199325731e-02
1.5157684656e-01 2.3317725371e-02 -4.9775160162e-02 3.4595356264e-02 2.6830399942e-02 -2.3993537157e-01 2.5619412571e-01 2.1020827562e-01 7.1916018631e-02 -1.1417319504e-01
1.1810612030e-01 1.7019692503e-01 -2.9290342274e-01 9.6818563879e-02 1.6917303949e-01 -1.3046526603e-01 3.8075053587e-01 8.3403441068e-02 -9.6102678441e-02 2.7423616551e-01
-3.5700670959e-01 -1.8427610046e-01 4.4406348861e-01 -8.2787292534e-02 1.7044571128e-02 2.8857415742e-01 -1.3688684720e-01 -2.7584012356e-01 -3.2612055697e-02 -5.6929019212e-01
