3.7071324482e-01 -4.5328517419e-02 -6.9985226674e-02 5.2940723956e-02 3.0033115993e-01 6.7896032429e-03 8.6478242188e-02 6.5895632309e-02 1.5423371854e-01 1.5349005488e-01
2.5999876157e-01 1.3073867367e-01 4.2628982398e-02 -2.2065260659e-01 3.4743380610e-01 -4.5833112702e-02 1.7565951791e-01 1.5859861108e-02 1.8340896339e-01 2.0466863645e-01
1.3774454210e-02 -2.2215212877e-01 1.1977665612e-01 2.2851776096e-01 2.7530671501e-01 -4.2886013284e-02 -2.1798430035e-01 3.5303807635e-01 -1.7453488377e-01 -9.5162644229e-02
-9.4712139601e-02 -2.1749911389e-01 -3.9765144004e-02 2.9805215695e-01 3.6873105507e-01 -8.8081846893e-02 -3.2873360325e-02 2.8838441200e-01 -2.0300808701e-01 -6.9259896720e-02
-2.2625224754e-02 -1.3209019390e-01 -6.3957724924e-02 1.2500213088e-01 3.5707368365e-01 2.6889365748e-02 -2.5100266789e-02 2.3321878655e-01 -3.0954118241e-02 -7.5008621303e-02
3.6214208318e-01 5.6437637678e-03 1.3171789038e-02 1.4017871453e-01 4.8553513307e-01 -1.0871338265e-01 1.2644916678e-01 1.2711858959e-01 1.7022094015e-01 2.0612772976e-01
6.3167541038e-02 -4.1727158422e-02 9.5679101254e-02 -2.3530645337e-03 -9.0473239726e-02 -2.0442765528e-02 -8.0273618238e-02 -1.0410706682e-02 1.1460478656e-01 6.3554003853e-02
-6.7999398072e-02 -2.0417843065e-02 7.9012718562e-03 1.9184745092e-01 4.0166275814e-01 2.3474315262e-02 3.5934573948e-02 2.5089675246e-01 -1.6438120229e-01 -4.9417234974e-02
-3.9630309721e-02 -4.8522477949e-02 1.3675664490e-02 -9.2163726157e-02 -8.0884582630e-03 2.6644761831e-02 -7.1751422666e-03 -9.6555393486e-03 6.6478541488e-02 -4.4364831283e-02
1.4567635825e-01 -7.9963708136e-02 -5.2603204538e-02 1.0945227686e-01 3.7440298700e-01 6.3846312414e-02 1.9144391991e-02 2.1082333926e-01 -7.5713946165e-02 1.9589423935e-01
