1.8975881589e-01 1.5534777242e-01 2.9134106873e-02 1.5497279750e-01 2.0832685706e-02 8.6357821794e-03 1.6925735769e-01 1.8840686766e-01 -9.9149773674e-02 -9.2228917528e-02
-1.0118378565e-01 -2.3101565020e-02 -2.5832575898e-01 -4.1893775675e-02 6.8733970227e-02 2.8101748899e-01 -3.3628439360e-02 -9.0429550526e-02 -1.3318455080e-01 2.4064813643e-01
3.5186943566e-01 2.1721109096e-01 -1.4820520439e-02 -5.3251784756e-02 1.3742901484e-01 -1.4760311769e-02 -1.4428065484e-02 -7.2521931014e-03 7.5726059707e-02 1.2228966391e-01
9.3559720721e-02 -7.6883168648e-02 3.9896532790e-02 -2.4396686842e-01 -1.2523821382e-01 2.7701748219e-01 1.6347608206e-01 -1.6244284194e-01 -1.0675045231e-02 -3.9548034388e-02
2.2756061976e-01 -2.9392871946e-01 -3.8865686149e-02 2.5407128590e-01 -2.6042981211e-01 1.5235280492e-01 -2.4827098669e-01 2.0582769462e-01 1.2958229725e-03 -6.5446960786e-02
3.7669916303e-01 8.9441357047e-02 -6.0738760147e-02 3.7853604405e-01 -1.5462325856e-01 -2.9998526624e-01 4.3228216154e-02 3.7097512017e-01 6.1642501068e-02 -2.7109578740e-01
-7.0977178207e-02 7.3196186876e-02 5.7924682220e-02 -1.4147417044e-01 -1.1757712905e-01 2.5682814866e-01 -9.8259762790e-02 3.6696668257e-02 -2.2342034025e-02 6.8359739989e-02
3.4927233945e-02 -1.1523512469e-01 -9.5119460148e-02 2.0519146295e-01 -1.5654330206e-01 4.2061813489e-02 -3.2983159243e-02 2.2347649064e-01 -1.2078998252e-01 -1.5323352155e-01
3.5227053529e-01 -1.8021343166e-02 -1.3365708413e-02 4.7223523946e-02 -2.8551280506e-02 -3.2624278640e-02 -6.8490953656e-02 1.8071453142e-01 -1.6256577171e-02 -9.7448901467e-03
3.7143787847e-01 3.7466141516e-02 2.0017014549e-02 2.9643140844e-01 -6.7281162279e-03 -2.5277416680e-01 -2.6313762297e-01 4.7643899200e-01 -5.7256227878e-02 -2.8732756790e-01
