3.9577841774e-02 -2.8125618035e-01 -2.3569886868e-02 -5.0423191789e-01 5.5719100332e-01 5.1927899842e-01 8.0863902510e-03 4.1486078541e-01 -3.6234751914e-01 -3.6441620075e-01
-5.8098329361e-03 -1.6826649485e-02 3.1363983858e-02 -6.6188953643e-02 -8.0209746864e-02 -5.2262190766e-02 1.6929171829e-02 -4.0728030498e-02 2.0986934613e-02 -5.8419689303e-02
-4.9789102673e-02 4.4336097630e-01 4.5927347525e-02 2.9594444201e-01 -3.4416371385e-01 -2.4232615594e-01 -6.0116362704e-02 -2.7223781039e-01 3.6379093382e-01 2.9501673572e-01
2.8407385976e-02 -1.7544005056e-02 -5.2502056481e-02 3.5377890074e-02 -2.9794065174e-02 1.7051474496e-02 -2.4958366669e-03 -6.8141421139e-02 -2.8099888897e-02 -7.5625264525e-02
6.0398519901e-02 3.5816936891e-02 3.0619439710e-02 -1.4406297352e-01 2.7165953949e-01 1.3216860311e-01 -8.2935438255e-03 1.3740229352e-01 -3.4005011651e-02 3.5300968020e-02
-3.1215480189e-04 -3.4006517694e-01 -1.6189073532e-02 -3.9262406526e-01 4.3211248241e-01 2.7449050102e-01 8.7223580235e-02 3.2958730113e-01 -2.3221313902e-01 -2.8088788539e-01
-7.1804052504e-02 4.5675791371e-02 -1.1804921845e-01 1.2880636322e-01 9.8697786775e-02 1.2675043598e-01 5.0758232452e-02 -8.9379027684e-03 5.4070370079e-03 1.2756315054e-01
8.9541785193e-02 -2.8942181933e-01 -2.3740870134e-02 -3.8353316266e-01 3.8615695252e-01 4.1910570608e-01 -4.5066660972e-02 2.9182618325e-01 -3.5595636517e-01 -3.5891887620e-01
-3.4050973559e-02 -8.9524278883e-02 9.4062303996e-03 1.8062288516e-02 -1.9574559213e-03 -3.5867973562e-02 -3.6255131522e-02 6.0720204419e-02 7.1995243770e-03 1.6207834408e-02
2.6933768524e-02 -1.8082829875e-01 3.0509238112e-02 -7.3805833158e-02 2.2578981081e-01 2.2834949774e-01 -2.0068699040e-02 2.2724656146e-01 -1.7218966171e-01 -9.4813961200e-02
