1.4197936694e-02 -5.2435199054e-02 -5.7654921761e-02 1.8237738766e-01 -2.4316356899e-01 -1.3881882499e-01 2.2814862676e-02 2.0774008737e-03 1.2304054506e-01 -9.2602495749e-02
9.1799827120e-02 1.1284687167e-01 2.7208042408e-02 9.5146393045e-02 -7.2694568583e-02 -9.0289912382e-02 -7.0187632756e-03 7.3256607118e-02 -2.2874398653e-01 -1.2125385952e-01
-4.5857946111e-01 1.5794105852e-01 -6.1065279008e-02 -1.8374070655e-01 2.6684754791e-01 -2.9237155355e-01 4.7118758326e-01 -8.8909084082e-02 -8.2479737489e-01 3.4368550570e-01
-8.1528504305e-02 -4.8977911806e-02 1.6544569421e-02 -8.8662105054e-02 -2.8033873508e-01 9.8462687767e-02 1.6956252141e-01 -7.9771433297e-02 -1.9799274664e-01 3.2729059121e-02
1.1035765376e-01 6.8567940675e-02 -8.3956575472e-02 -1.7950075688e-01 7.1737220300e-03 2.4588171660e-01 -7.0086843869e-02 1.7302876323e-01 2.5522175235e-01 4.5220408172e-02
1.5651586527e-01 6.1816808154e-02 -6.2587554053e-05 -2.2871704763e-02 -1.7213330521e-01 -6.7649730049e-03 -4.7944658304e-02 -9.6206558881e-02 -1.4397145871e-01 2.6407728097e-02
8.5351342238e-02 -1.0190791183e-01 -3.5140766978e-02 -1.4740946914e-01 1.6322413088e-01 3.0993781307e-01 -3.7898810444e-02 -5.9061086282e-02 1.5384559367e-01 -1.5590828981e-01
-3.7827707365e-01 3.5412960401e-02 1.6451855714e-01 2.3385385251e-02 2.7431988512e-01 -1.0727892870e-01 1.1121159798e-01 -2.0059484311e-01 -1.1646854878e-01 1.9629619632e-01
-2.4120231144e-01 -3.8449982085e-02 1.1824720881e-02 -3.7904054678e-02 -1.6634526629e-02 -1.4271015690e-01 -2.1940231106e-01 -1.4740160295e-01 1.9330080662e-01 1.1799919392e-01
-3.8198280882e-02 -5.5347919122e-02 1.5749319994e-01 -1.2187782291e-03 2.0206282963e-01 2.8134218259e-01 -8.7259153102e-02 -3.9089195662e-02 1.3049406119e-01 -1.9017144023e-02
