-6.9799146250e-02 2.3108179671e-02 -3.5794373821e-02 -8.6684056038e-02 8.3280201341e-03 -1.4389917784e-01 1.0037505468e-01 1.3066361490e-01 -1.0179193471e-01 -1.0393073156e-01
1.4935381973e-02 -4.7842000172e-02 4.8842908963e-02 -2.7245621431e-01 1.1584621712e-02 7.2576169511e-02 -8.8207170629e-02 -4.1404568406e-03 -6.0023787107e-02 8.3137512762e-02
-5.1493657144e-02 -7.0170635814e-02 -1.7904371197e-01 -3.4824802465e-03 -1.9284960315e-01 3.9235430207e-01 -1.1669473558e-01 5.3650352645e-01 3.9062586087e-02 -1.2300818877e-01
8.8478329298e-03 -5.8257220666e-02 -1.3902406640e-01 4.1563995556e-02 8.0990262463e-02 4.3912125947e-01 8.1597255656e-02 8.4099058124e-02 -1.9492120313e-01 -1.4059301418e-01
-4.1895347698e-01 -3.3094275657e-01 -3.4966706788e-01 -8.9974456505e-02 -1.5416355471e-01 5.8166114238e-01 -7.1975800631e-04 4.0838241264e-01 -1.4363596380e-02 -4.6868713493e-02
4.9140771925e-01 5.8500422067e-01 4.3791850751e-01 4.3493336094e-01 4.9909453166e-01 -4.2607813839e-01 1.4729852200e-01 -1.3439752884e-01 2.1024313608e-02 2.8587361318e-01
8.7470736638e-02 8.3515378409e-02 5.7665195229e-02 1.8434811521e-01 4.3489109378e-02 1.9800446105e-01 -1.6971293058e-01 1.5731167592e-01 -2.9529468976e-02 5.5730312924e-02
6.5183571190e-02 -2.0865676408e-02 -1.2341370916e-01 -2.1002934622e-01 1.0189143002e-01 6.0834121471e-01 -1.7551635958e-01 2.1221497011e-01 -2.5765232208e-01 -1.4283961709e-01
-2.2698780861e-02 1.1840830923e-02 -1.5260649255e-02 -5.1110463603e-02 2.2462183527e-01 -7.9971099134e-02 -4.2219930452e-02 1.4374048092e-02 6.6281370592e-03 3.6801240015e-02
-2.7245925291e-01 -2.7280832373e-01 -3.6200523686e-01 -3.3502439296e-01 -3.7585766691e-01 6.0864333786e-01 9.7645727325e-02 6.6299072301e-01 4.1225741894e-02 -2.1293233644e-01
