-6.7833799854e-01 -5.1063102454e-01 -5.3084411666e-01 -4.7439013074e-01 -5.0023253528e-01 4.7942828705e-01 -4.4455690755e-01 4.2941817747e-01 -4.3039017858e-01 3.6608348808e-01 3.9181475001e-01
-3.2629402698e-01 -2.2212055074e-01 -1.9111390931e-01 -1.1071935632e-01 -1.5508143874e-01 2.1960597282e-01 -2.3781652291e-01 2.3921573155e-01 -3.3113588612e-01 4.5384544540e-01 1.1845036547e-01
1.5139478344e-01 -4.6618815859e-02 -1.8589056402e-01 1.8475295299e-02 -5.1125799906e-02 8.5117146946e-02 6.0468602066e-03 -3.9144218191e-03 -2.6197575440e-01 1.1344122882e-01 2.2005183274e-01
6.6381705227e-02 2.2189435671e-01 1.1724784912e-01 2.9015648778e-01 1.1086231876e-01 -3.0089430349e-01 1.7443494813e-01 -8.2034457992e-02 2.2086677120e-01 -3.1352772797e-01 -4.2370160125e-01
2.4598778068e-01 1.5455165954e-02 1.0029702294e-02 -3.3065992609e-02 2.4899023840e-02 8.7895311252e-02 9.8803578495e-03 3.2480120159e-02 2.1473056730e-02 -9.7231041601e-02 7.0310085400e-02
6.1250632586e-01 6.2209645984e-01 6.0507270913e-01 6.9190363542e-01 5.9628300356e-01 -5.6616258622e-01 5.8013351404e-01 -5.8038036081e-01 6.1680492530e-01 -6.0539895505e-01 -6.7775472946e-01
5.4219606029e-01 6.0801862057e-01 6.1656062647e-01 4.5250052077e-01 6.7759223456e-01 -5.6227729856e-01 6.7051827972e-01 -6.6404946317e-01 5.4209546206e-01 -5.1293335807e-01 -4.9018280400e-01
1.3722939971e-01 2.6841720741e-02 -4.6571261315e-02 3.3501510710e-02 1.1882332585e-01 -1.4679086180e-02 -3.7784517622e-02 5.2897231450e-02 6.4034690196e-02 1.5021885381e-01 3.0500933109e-01
-1.6759102792e-01 -4.1783509734e-03 5.6438011064e-03 -5.7206268501e-03 1.0918660148e-01 -6.3897953232e-02 1.6470341642e-02 7.4137857325e-02 -1.3597860571e-01 -4.9699691985e-03 -3.1491093363e-01
5.8556420822e-02 1.3462620021e-01 2.3837492668e-01 2.1330091624e-01 1.6808014385e-01 -6.5145810657e-02 2.1307768535e-01 -1.5017635328e-01 -5.1997017994e-02 -1.2687525932e-01 -3.8887970169e-01
-1.7723878024e-01 -1.0896136527e-01 -1.1302943398e-01 -3.7935582226e-01 -1.9539616954e-01 2.8341482062e-01 -1.9714721246e-01 2.7106801182e-01 -1.4026237827e-01 2.3236917931e-01 4.2959227234e-01
