8.3567349896e-03 -3.9971485687e-02 3.3841984568e-02 2.9279191532e-01 9.9898099319e-02 2.5867893493e-02 -1.7611070741e-02 -7.1016467855e-03 -6.0355002072e-02 1.5825185812e-02
8.1051313387e-02 2.6270026599e-02 -7.5872872366e-02 3.6835509869e-01 -1.1030951433e-01 8.6918361870e-03 8.5125892287e-02 1.8745232809e-02 8.8996612371e-02 -3.5164865039e-02
4.7681955076e-02 4.2300136357e-02 3.5951430733e-02 -6.6156815551e-02 -5.6417285731e-02 6.0823945383e-02 7.4270750714e-02 3.1448550718e-02 -5.3877772610e-02 -3.3731946683e-03
4.5765224955e-02 5.2284766077e-02 8.7811405704e-02 2.3819833656e-01 1.3064493632e-01 7.9162298029e-03 -2.3775654384e-03 3.1583276143e-02 8.6818167550e-02 2.3777129312e-02
4.9310014661e-01 -3.7675548500e-02 -5.8340639368e-04 8.7133632639e-02 -5.0790137121e-01 6.5752219611e-02 4.4604358285e-01 5.3167118682e-01 4.9921900132e-01 1.2234199205e-03
2.0485553406e-01 2.5594742037e-04 7.1899703400e-02 2.3246298719e-01 8.2220474475e-02 -6.7325392833e-03 1.4416018098e-01 1.8559004417e-01 1.6033384031e-01 2.4631647437e-02
1.3040104673e-01 -1.0434899582e-01 2.8764002458e-02 2.6899468457e-01 -6.3339918100e-02 -7.5910591810e-03 1.9229450911e-01 1.5825415303e-01 2.0348227844e-01 1.5822476610e-02
6.1708204299e-03 -1.6514573160e-02 -6.2794696349e-02 -3.1075730763e-02 -7.2026142844e-04 -4.1812629804e-02 -1.4709755784e-02 -3.2998668185e-02 -8.6867291608e-02 9.4048053925e-02
-8.8520945031e-02 -8.0730300884e-02 -8.0584452079e-02 1.0565942714e-01 8.0960069510e-03 6.5952081807e-02 1.4818722305e-02 3.8752157709e-02 4.6051734006e-02 -6.4371918941e-02
-7.7884276049e-02 1.0415927653e-02 -2.2944111180e-02 2.0470903139e-02 -5.0676146811e-02 3.6868842138e-02 4.1551372010e-02 -5.7539914755e-02 -4.3705838549e-02 -2.7478801589e-03
