7.3553919118e-02 -2.3196700372e-02 -7.3887535052e-04 3.5815331408e-02 -8.5889543785e-02 -5.6931381104e-02 1.6999395113e-01 -1.4070838462e-02 6.8328123834e-02 -1.2167337126e-01
2.7547767223e-01 -3.5264850711e-02 5.2585401156e-02 8.8495275763e-02 -8.1010681962e-02 8.8135216210e-02 7.3938522543e-02 -4.8838739661e-02 -9.1723229301e-02 -1.6684147317e-01
5.9767210839e-01 -4.8617768261e-01 -4.1374949452e-01 -4.2326162917e-01 -1.1946429662e-01 5.0448923296e-01 6.0825203496e-01 7.1016858974e-02 -4.1340965231e-01 2.4318553342e-02
1.8034170986e-02 -1.3519124327e-02 7.1448864901e-02 -7.0854129476e-03 7.2591393042e-02 5.5214861819e-02 4.1537707022e-02 -1.1632160808e-02 4.9293565252e-02 -8.0667824043e-02
2.0556796737e-02 1.0061593332e-01 3.1668944611e-01 7.3799631048e-02 5.8908598942e-02 1.0282085263e-01 -5.4124725165e-02 4.1802028455e-02 1.4376175101e-01 1.4467309657e-02
4.7540134012e-02 -2.6106385840e-02 5.8518812047e-03 -1.4118684641e-02 -1.2528441529e-01 -7.4830353331e-02 -9.0948277670e-02 3.3311274912e-02 -9.3123868989e-03 -2.4728929990e-02
8.7109841274e-02 1.6170581247e-01 2.2841869939e-01 1.8614313017e-01 -1.1643573165e-01 -4.9288638615e-02 -1.1224353850e-01 -1.8714453694e-02 2.1943765741e-01 -9.0533307171e-02
2.6104156400e-01 3.3844626139e-02 9.9477978935e-02 -4.8189027584e-02 -1.3730912360e-01 2.3518473098e-01 1.4710358236e-01 -1.6068698535e-01 -8.1689475747e-02 2.8811962023e-02
2.0121890161e-01 1.2955838843e-01 1.7389851282e-01 1.4951579547e-01 2.5053510189e-02 7.4424143006e-03 1.1708031051e-01 -2.4446343641e-02 8.7435889805e-02 7.2008284629e-02
2.2681074720e-01 7.2978043966e-02 2.0323065163e-01 1.0182566890e-01 -5.1906115729e-02 2.9581051185e-02 -4.3213979198e-02 -2.3471393425e-02 1.4835855842e-01 2.1727626990e-02
