-2.3155514517e-01
6.3534119763e-01
9.9466709264e-02
-1.7860116256e-01
-7.4718854336e-01
2.0844968013e+00
-2.1118855024e-01
-5.1594142158e-02
8.8674894278e-01
1.9740346332e-01
-1.8981455273e+00
8.8367789965e-01
1.0538870674e+00
2.7032033684e+00
-1.0078912210e+00
-1.5917144771e+00
1.3517269680e+00
-1.2253692527e+00
-8.4351210492e-01
-4.9182649303e-01
6.3649358038e-01
1.3797764224e+00
1.2831526777e+00
-5.9843542652e-01
6.1640350759e-01
1.5278780916e-01
-1.3901251056e-01
6.3092377856e-02
-5.2610271957e-01
6.5303748652e-02
-3.4980283345e-01
2.6414526878e-01
1.5797519284e-02
-4.3852739885e-01
-9.2022559080e-01
-2.4703950269e+00
5.1030548436e-02
1.0533821406e-01
1.5634075198e+00
2.3706153714e-01
3.1462275532e-01
1.4058273750e-01
6.7088126640e-03
-5.1260856519e-01
-3.2490653394e-02
1.0235948054e+00
-6.7559836217e-01
3.8582731684e-01
-2.5948606743e-01
7.7733999704e-01
8.4724624514e-01
7.5632996013e-01
1.4530052722e+00
1.8867989110e+00
1.3592996844e+00
1.4973941512e-01
-1.4011563783e+00
-6.1608287053e-01
6.5785648618e-01
-3.5980218411e-01
2.4834270362e-01
-1.0878435593e+00
-6.8579115626e-01
7.7460805899e-02
-4.6581254461e-01
-8.2929989901e-01
2.1216002989e+00
2.3510781294e-01
-6.5270067534e-01
-9.3907330638e-01
-1.0848645489e+00
-1.7057246232e+00
-7.4932344513e-01
4.0626211767e-01
-1.4244591344e+00
-5.4399669939e-01
7.2564543470e-01
6.1970043238e-01
5.6273972503e-01
-7.6525685897e-01
-7.8588601805e-01
4.2870857567e-01
-8.2269894701e-01
-3.3609043282e-01
