2.3894990681e-04
-7.2907210166e-02
3.0512502957e-03
-1.1901904822e-01
-8.5878057634e-02
-2.9385292851e-02
-5.3901584275e-02
4.1507747202e-02
-2.0008567845e-02
5.6441079883e-02
-1.6518173218e-01
-2.7662527411e-02
-7.1589179251e-02
1.7995650759e-04
-1.2695258098e-01
1.0860445311e-01
-1.6211996342e-01
1.5213083573e-03
5.3552081323e-02
1.0723422942e-04
-6.1896305635e-04
2.5279827356e-01
-4.5260417004e-02
-2.2232406995e-01
-2.4349441452e-01
3.9548349890e-02
2.2891929678e-01
2.4435219730e-02
3.0972680736e-02
-1.2328150122e-01
-1.8572219766e-01
-1.3931443214e-04
1.2710981724e-01
7.9267139397e-02
2.5306295055e-02
-1.9255379939e-01
-3.9083286821e-03
5.7973523204e-02
-1.2919224792e-01
-4.0217484545e-02
9.8466116203e-02
-2.3407319917e-01
-1.3575009237e-01
-4.0492328178e-02
2.6763545870e-01
-5.6832200728e-04
9.6839477611e-04
-7.9849161246e-02
2.6728593441e-02
4.8579230720e-05
-5.3009294593e-02
-2.5769519713e-02
-9.8983039785e-02
8.8562640978e-02
1.8336769473e-02
6.2816164906e-02
1.0226725397e-01
-1.0954151741e-01
-1.2466269428e-01
2.1457197584e-04
-1.0890774008e-02
9.0893620486e-02
-1.5927246934e-01
-1.0619908314e-01
4.8644518929e-04
-9.2859359500e-02
-8.2172606356e-02
1.2990375814e-01
1.2653437188e-01
3.5788058087e-02
-2.1391408467e-01
4.4420879136e-02
1.2032447533e-01
-1.5729938143e-01
3.0659799528e-02
-1.5393607335e-01
2.3990813662e-01
-1.2314745989e-01
-1.4433561393e-01
-1.1912858892e-01
-4.1543907312e-02
8.0953417365e-02
1.1998192629e-01
2.2730587710e-01
