-8.5947481284e-01
-1.7535690576e+00
1.4331982610e+00
-1.5292178342e+00
1.3905288450e+00
1.6814134459e-01
-3.1268982193e-01
-9.9594619044e-01
1.0216788404e+00
-6.2224829728e-02
7.2816548619e-01
-1.0383653319e+00
-8.2707162378e-01
-6.4738610136e-01
-3.3831966679e-02
1.9823163751e+00
-5.6112321208e-01
-2.0990849883e-01
1.2538526083e-01
7.2508983215e-01
6.4843145303e-01
7.2068668584e-01
2.4809629675e-01
-4.0811296459e-01
-2.2495581724e-01
3.5784306812e-01
-1.0863152848e+00
-1.7034925171e+00
2.3339519949e-01
1.6985887755e+00
-1.7951728678e-01
-1.2292213135e+00
-1.2015659009e+00
1.9293160216e-01
-1.2115783278e+00
-9.1246798796e-01
-1.8432492902e-01
4.0553269063e-01
-7.6701289628e-01
-4.4890014566e-01
-3.5026935371e-01
-2.8112083329e-01
1.1983833805e+00
-2.9300664999e-01
-5.4686416103e-01
1.3314362655e+00
1.4481512374e-01
3.3013231923e+00
-8.0835324928e-01
-2.5295328769e-01
8.2364588289e-01
-2.1346208300e-01
3.1953485241e-01
8.7123317756e-01
-6.7678860216e-01
-1.5189518845e+00
1.6997905984e+00
1.2294278549e+00
5.6787055851e-02
-1.3491378281e-02
7.7207790116e-01
-1.5393984393e+00
-1.4209650723e+00
5.8047908824e-01
-7.1656841428e-01
-1.6298758853e+00
2.9724922270e-01
-2.9363274740e-01
-3.6782351669e-01
-4.0185392893e-01
-1.9572091380e+00
-5.3266503407e-01
-3.0013059744e-01
2.3233697530e+00
9.7733080794e-02
-1.3602345278e+00
5.4696140549e-01
-7.6687566864e-01
1.3129171428e+00
5.6513986682e-01
3.7126612113e-01
-3.2396780944e-02
8.6157229050e-01
5.4766516960e-02
