-3.0218417008e-01 -9.6697053443e-02 -2.0974469712e-01 2.0152546100e-01 2.9466607636e-02 3.7215554713e-01 4.1984772767e-01 -5.2846803853e-02 8.4059145664e-02 2.8664056584e-01 3.5753207778e-02 -4.4681488786e-02 -8.0177638213e-02 2.8162578071e-01 -4.2164228910e-01 -4.9918404295e-01 -1.4115035272e-01 5.0304069502e-01 6.7325514790e-02 -1.6109932843e-01
2.2773095425e-01 2.7636623560e-01 1.0499442078e-01 7.7943427657e-02 -3.1284035922e-03 -1.7387297624e-01 -4.8703738545e-02 1.4676350541e-01 1.6545469624e-01 -1.4640908598e-01 -1.3410881971e-02 -1.2607963414e-01 -1.5427140504e-01 2.1303646214e-01 2.1128260196e-01 4.0529695807e-03 -1.1824654848e-01 -2.1575237700e-01 -1.7978715844e-01 -1.4533002903e-01
4.2944401922e-01 -3.4824876953e-01 4.5387364928e-02 -1.6832452543e-01 -4.9088351491e-02 -1.1408588502e-02 5.1322276403e-01 -8.9077995928e-02 3.2192048523e-01 -4.0270470653e-01 4.3617113574e-01 3.3181363844e-01 1.7359700485e-01 5.2801781614e-01 1.9225313737e-01 4.5155068717e-02 2.9154019584e-01 -3.2560535895e-01 -1.8115279776e-01 -5.9558645080e-01
6.4160020679e-01 1.5310989077e-01 -3.0899198349e-01 -2.8133934580e-01 -1.8736410645e-01 -1.7656497555e-02 7.8790097500e-02 -1.4772977025e-01 -3.3063108252e-01 -3.7391497193e-01 3.3282965796e-01 1.9330596403e-01 -4.7615752333e-01 -1.2328739271e-01 6.3664203033e-02 -2.6964779470e-01 5.3289876938e-02 1.5336023937e-01 2.3847436043e-01 -6.0075536146e-02
3.4627196963e-02 7.3045821599e-02 -1.5546174664e-01 2.4517034403e-01 -2.6145828351e-01 2.7299745026e-01 -1.3858359879e-01 -2.6093009115e-01 -6.2489272657e-01 3.7131482826e-01 -3.1678041636e-01 -2.8603606684e-01 1.2565579221e-01 2.5907062291e-01 1.4828204986e-01 3.3779244394e-01 2.1239981653e-01 3.8494235036e-01 3.4335630142e-01 4.0060494675e-02
-9.5902958832e-02 2.7187482311e-01 -1.6521180612e-01 2.8423080395e-01 -2.4931080321e-01 4.4982321590e-01 2.6137127979e-01 1.2582396053e-01 -1.1488848882e-01 -2.0849604973e-01 1.7991144605e-01 -4.1893076198e-01 -1.4322302026e-01 1.3560965193e-01 9.5275166611e-03 1.8738866515e-01 -3.7534977480e-01 -1.4146196928e-01 -1.8922252349e-03 -9.6323774381e-02
-2.3122052010e-01 -2.7305527608e-01 -6.8075477696e-02 2.5555536917e-01 1.7708295233e-01 -6.1028759121e-01 -1.0546173158e-01 -1.5451786716e-01 2.6159657992e-01 -2.6920770780e-02 3.2585779617e-01 -6.4044987790e-02 -4.6676930850e-02 6.4228596171e-02 6.8017984463e-01 -4.8808434934e-01 1.7113195681e-01 6.9683678169e-03 5.3241554587e-02 2.8560653040e-02
1.9182836933e-01 1.2828201817e-02 -1.3214429528e-01 -1.2190267448e-01 2.5755624350e-01 3.1206315231e-02 -3.6464135285e-01 2.0886265710e-01 1.3453617872e-02 3.4696278520e-01 7.2694062952e-02 1.6782786519e-01 3.6304256890e-01 4.6347542251e-03 -1.5520990756e-01 -2.3953754353e-01 4.0083406592e-02 1.4591018903e-01 1.1016079245e-01 -2.9394688696e-01
-1.7877908186e-01 -2.2603641927e-01 -1.6129163215e-01 -1.9144248826e-01 -3.5718215499e-01 1.7143931481e-01 3.6832851677e-01 2.7779481161e-01 -1.8487720130e-03 4.6682872659e-01 2.5889371687e-01 3.1993467917e-01 -5.9283223647e-02 1.4768439908e-01 2.1232856795e-02 -1.4434919765e-01 -2.8041736515e-01 -2.6114104840e-02 1.1697011015e-02 -1.0995824376e-01
3.4735321969e-01 -2.5810147223e-01 -9.9082896943e-03 -3.5183657494e-01 -2.8783414421e-01 1.5586541598e-01 4.9419915434e-01 -1.5842596661e-01 1.6527230436e-01 -2.2401206726e-01 3.8171893557e-01 5.1196190928e-01 1.4970878824e-01 1.4565842251e-01 4.9934343567e-01 -1.2357211737e-01 -4.2084227844e-01 -3.8286218531e-01 -4.0370227524e-01 5.1306808515e-02
-1.0856899632e-02 1.4163783568e-01 1.5761232336e-01 1.1050298097e-01 2.6659942558e-01 -1.2225105639e-02 -3.0346127367e-03 -2.6878777017e-01 3.9490931277e-02 2.6005707781e-01 -8.2343776503e-02 -1.7572159306e-02 3.6807349491e-01 -2.0933244578e-01 -3.0912784683e-02 2.8554851187e-01 6.5506548853e-01 4.2898515353e-01 1.6151541127e-01 3.5848182336e-01
1.7245311418e-01 4.2089798571e-01 3.4365680891e-01 1.4073766679e-01 -1.4009696679e-01 -4.5609317181e-02 -8.0118089391e-02 -3.1434609582e-02 -3.1301657154e-01 1.6645552679e-01 -8.6847548073e-02 1.6234529713e-01 -1.8216502666e-01 4.7968799217e-01 8.4646610184e-02 3.9158110152e-01 -2.7150542605e-01 2.0050012649e-01 -2.1860783985e-02 4.2986190173e-01
-2.0421961660e-01 6.5385399486e-02 2.0184589469e-01 7.6792800034e-02 -2.6301432418e-03 4.6297562304e-01 5.6398689240e-01 -2.8624301017e-01 2.0378821830e-01 -1.9631061542e-01 -1.0823547964e-01 5.6849334876e-01 2.8532004209e-01 2.6523415467e-01 1.3559439684e-02 2.5211373331e-01 2.4185518631e-02 2.9663338083e-01 -2.9786675747e-01 -1.0594112667e-01
5.2511806843e-01 -8.4209042341e-02 -2.9263700173e-01 -1.8827479773e-01 -2.0890224718e-01 -1.5961531879e-01 3.7467059349e-01 7.9583020062e-02 -1.5034978040e-02 -7.6959316186e-02 2.9469035487e-01 2.2407242788e-01 4.3192424168e-01 4.8298571471e-02 4.0446675289e-01 -1.8781663888e-01 -1.8552179126e-01 -1.8011628002e-01 -3.3651455695e-01 -8.6223425837e-02
-9.3533462164e-02 -4.5124097595e-01 -2.4813925402e-01 2.3235562798e-01 1.0288623660e-01 6.8461257457e-02 1.8176178485e-02 2.9013180364e-01 -2.5763462418e-01 2.3847404154e-01 2.8809250622e-01 8.1523570961e-02 8.3856206674e-02 -6.7489494657e-02 -1.0510103887e-01 1.8183693651e-01 2.2183113057e-01 -3.3672526690e-02 4.2443014090e-03 -3.7794198111e-02
-3.7227777710e-02 2.4199895667e-01 2.4219167583e-01 3.8506524311e-01 -2.0304063813e-02 -3.1705026351e-01 3.1382771631e-01 -4.8592572797e-01 1.3325820045e-01 3.7454667781e-01 1.8457917920e-01 2.7786901837e-01 -5.3641090713e-02 2.7497423160e-01 -2.9568794199e-01 -1.2159732698e-01 -5.8816374505e-02 -1.6935340223e-01 2.4993019082e-01 5.5721578924e-02
7.6505400234e-02 2.5487391427e-01 4.1574885841e-02 1.2750342851e-01 -5.7987424556e-02 -1.6173398326e-01 2.7995659122e-01 1.2406138990e-01 6.3400010978e-02 -1.1548416138e-01 -2.3078268987e-02 -2.7663528335e-01 -4.0483901378e-01 -2.4308745566e-01 2.4119825948e-01 3.7187626187e-01 -1.2777398932e-01 -3.0443309242e-02 -7.2234967478e-02 -1.9486747389e-01
1.8331210225e-01 6.2705206900e-02 1.0197167155e-02 -4.0092362199e-02 2.4113247708e-01 -3.3708659635e-01 -2.0107566412e-01 -2.6310133292e-01 4.4897715706e-02 -1.2983235357e-01 2.1956502937e-01 -7.6161289074e-03 6.1083766755e-02 1.7162683083e-01 8.4957401306e-02 2.9724367921e-02 1.4672461582e-01 -2.1073607120e-01 -1.6055817235e-02 -9.9219256491e-02
-3.6778644847e-01 5.5322718267e-01 2.9593890556e-01 3.2520274447e-01 1.5310781554e-01 -1.1413439038e-01 2.3404083917e-02 -8.9710816697e-02 2.4548661575e-01 -2.5684009799e-02 -4.1044556496e-01 -2.1402139846e-01 -2.4669390329e-01 1.2354061789e-01 -2.5887215346e-01 9.2896589870e-02 -4.5068102893e-01 4.1237539854e-01 4.3095988832e-01 -5.2974418285e-01
-9.4361557006e-02 4.3977570636e-01 1.8162925217e-01 -5.7653091458e-02 -3.9348430935e-02 -1.8319959200e-01 -3.0418810327e-01 1.6445524518e-01 1.2813391591e-02 -2.2023675223e-01 3.6629893939e-02 1.5961343522e-01 4.7394760194e-01 -1.3340216509e-01 1.2578514362e-01 -9.8353339736e-02 1.9853988562e-01 3.4907888621e-01 4.8425324007e-02 4.4159683423e-02
