1.6213344078e-01 -2.0607390812e-01 1.7214352634e-01 -5.6751484166e-02 -7.3587048539e-02 -2.2931664032e-01 7.8362177303e-02 -1.4307268666e-01 -2.3270283170e-01 -8.4766565413e-03 -2.8214719458e-01 -1.0779354742e-01 3.9989530907e-01 -1.3911270565e-01 8.0142526250e-02 -2.7463219844e-01 3.1101975453e-01 -1.4491912233e-01 9.5035005760e-02 1.8122564474e-01
2.7121040854e-01 -1.2883423816e-01 6.5098269544e-02 -1.8600888440e-01 -2.9598180237e-03 -1.2885343882e-01 -1.7847696224e-02 7.9554782191e-02 5.4307244375e-02 4.9072500585e-01 -1.8168615038e-01 9.9692727129e-02 1.6671513757e-01 5.4475235595e-01 -9.7842148154e-03 5.1334229932e-02 -3.0959887827e-01 -3.5755534177e-01 2.3055237811e-02 1.7203810117e-01
1.6768550026e-01 -3.5769996555e-01 3.1295027676e-01 -2.3897637138e-01 -1.4594656350e-01 -1.1137959381e-01 7.7517770181e-02 -3.7490821872e-01 -3.1189442006e-03 -3.6586805330e-02 9.6553834370e-02 -8.5419452465e-03 -2.1031201885e-02 1.7036357786e-01 1.9585900732e-01 9.5647042768e-02 7.2712743197e-02 -9.1811136371e-02 6.5389821248e-03 2.1674518478e-01
4.3324050428e-01 -1.3113555208e-01 -9.0216167686e-01 -2.4228935721e-02 4.5083749688e-01 -4.8946827598e-02 -5.4783993925e-02 1.8421514651e-01 3.7097382539e-01 1.9634233782e-01 -2.2510775532e-01 5.2326481238e-02 5.5632649085e-02 -5.9138712630e-02 4.8952371401e-01 -1.8944161665e-01 -2.8183873581e-01 2.0498597027e-02 -1.2911254829e-01 -2.0259521854e-02
5.7171434692e-01 -3.4879256255e-01 1.4127029441e-01 -6.9395747678e-02 -1.6551488534e-01 2.2991748662e-01 -9.9293725942e-02 -2.3261825406e-01 3.2121922471e-01 -1.0237858909e-01 1.7795548673e-01 2.7347375505e-01 -3.0475489118e-02 -7.9775488931e-02 -8.1653402067e-02 1.0515587888e-02 3.5825395082e-01 -1.5240564977e-01 6.8315203621e-02 -1.9053890110e-01
1.4236301536e-01 -1.1548597134e-01 -1.0691865009e-01 6.3759636934e-01 1.5527868010e-01 -1.1668711123e-01 -3.6387785008e-01 -2.8858532120e-01 2.0410468290e-01 -6.5975517341e-03 2.7256632202e-01 2.7795852387e-03 3.4164768926e-02 -3.8681995884e-02 -1.7309401495e-01 -1.5533403282e-01 1.8877905012e-01 -2.2294720008e-01 -2.7467603024e-01 2.9899193140e-01
2.5617215976e-02 3.1855621012e-01 -1.7888487020e-01 -3.6594678102e-01 2.1300550466e-01 8.5072756157e-02 1.1511303104e-01 2.9162447664e-01 1.8365429246e-01 2.9004263919e-02 -9.9446461046e-02 -4.4689288672e-02 1.5916434726e-01 -2.4209126712e-01 1.1525131152e-01 1.3977505192e-01 -4.7649425669e-01 -1.2703575754e-01 -1.4265379938e-01 6.1489064351e-02
2.0804479931e-01 -1.4228539141e-01 -1.2738501517e-01 1.1644759029e-01 -3.9260560411e-01 -3.5398490486e-01 4.1368555322e-01 1.5048545157e-01 4.2645662763e-01 -9.4886503137e-02 -9.5329136532e-02 -1.2543701507e-01 3.3880471619e-02 7.2639582702e-04 1.0139089101e-01 4.6090813062e-01 -4.1947231193e-01 -1.6910137093e-01 1.5715593370e-01 3.4612805987e-01
2.7649979359e-01 4.5657565061e-02 -1.3650228027e-01 -2.4554925238e-01 4.2031760550e-01 7.8576696759e-02 -2.2983965539e-01 -5.4197331202e-02 2.2333314255e-03 -4.6858794896e-02 -2.2401825408e-01 -1.6408901974e-01 -1.3920801080e-01 -2.3682719141e-01 6.0045820565e-01 2.2507500408e-02 -6.2324362984e-02 -1.9576802894e-01 2.0947461785e-03 -9.6836816340e-02
2.8418644200e-01 2.5930254939e-01 -1.8269056342e-01 2.3415181931e-02 -2.1615638722e-01 -5.2414389351e-01 4.5893789851e-01 -1.2337801342e-01 -2.1995086639e-01 -6.6702740195e-01 -1.4233286491e-01 -4.8986064218e-02 -1.7653224647e-01 8.0819940404e-02 -8.7145167906e-02 4.5283633706e-01 -1.7552661000e-01 3.1661896589e-01 8.2267300787e-02 1.4547542361e-01
9.0819675634e-02 -5.6948645430e-01 9.7946686560e-02 2.7169634608e-01 -9.1010877190e-02 2.7090361901e-01 1.0141583297e-01 1.8048735283e-01 -1.0628173096e-01 1.8738727651e-01 -1.8554115160e-01 -2.1980585249e-01 9.5925650930e-02 -2.9731103295e-01 -1.5857654002e-01 -1.1075052253e-01 2.7276914865e-01 3.3863168432e-01 1.3852916210e-02 -2.4260492445e-01
3.1370463210e-01 4.2858898373e-01 1.3861888419e-01 1.2633753091e-01 -1.0389328009e-02 -2.4425300584e-01 3.3684677370e-01 7.6824694766e-02 1.6805302024e-02 -2.1050845497e-01 -1.1178148345e-01 4.6305511646e-02 3.5227740446e-01 -2.6496559105e-01 -9.5792859432e-02 3.1837154849e-01 5.7043373053e-02 -1.1176919576e-01 1.6635157902e-01 -5.7403560243e-02
2.2114721371e-01 1.6379864536e-01 -2.2432007607e-01 3.5675073358e-01 -1.9090243339e-01 9.3408354252e-02 -1.5270653210e-01 -3.4623797147e-02 -5.9050681019e-02 -5.3223842483e-02 4.1489409974e-03 1.8707755328e-01 3.2491031875e-01 -1.1414542553e-02 1.2952404278e-01 5.4344005605e-01 3.5615902571e-01 9.9858867186e-02 -1.2205697715e-01 -1.5371643405e-01
-2.9486520170e-02 -1.1463576046e-01 -7.8028424219e-02 5.8692139381e-01 -1.1028316904e-01 5.3730371919e-02 -1.6370429981e-01 -1.0301962630e-01 -7.4047399282e-02 -2.4245272102e-01 1.1526282128e-01 1.6245147534e-02 -6.1057611506e-03 1.6316511706e-01 7.1055235206e-02 -6.2070024053e-02 9.6556763177e-02 1.1997826112e-02 8.8645660021e-02 -3.4190865498e-01
-4.1090822608e-01 -9.3386708222e-02 -2.1966498393e-01 2.8500147739e-01 -2.0178860458e-01 -2.5991534046e-02 1.4178030218e-01 1.4602018601e-01 -2.4451147315e-01 2.2835989290e-01 3.5754970769e-01 5.6006998117e-01 -1.3001979807e-01 6.8486039253e-02 4.3432797853e-03 -1.3263499650e-01 1.6735389003e-01 -2.0298957770e-01 7.0478354047e-03 6.1513192066e-02
1.8988914878e-01 9.0728380350e-02 -3.6318282936e-01 -3.7572065881e-01 -1.9970534796e-01 2.4069110668e-02 1.2758119704e-01 -2.9823376955e-01 -3.0613703427e-01 8.3303941531e-02 -4.1132931801e-01 -2.1872555387e-02 2.2229225403e-01 -1.5757673728e-01 1.3731337859e-01 -6.4421014756e-02 -1.5509133558e-01 -1.9997180471e-02 2.0537656245e-01 1.1156226221e-01
-3.3175923653e-01 2.4731740298e-01 2.0435172538e-01 -2.6139705316e-01 -8.3799317570e-02 -1.3514217696e-01 -2.2400344983e-01 -9.9416281509e-02 1.0359747644e-01 8.2956368857e-02 -1.6974749237e-01 -2.4116625634e-01 9.1120438022e-02 6.5859298556e-03 -1.3212516074e-01 -2.7286651552e-01 1.8939697774e-02 -3.5881277714e-01 2.3225743476e-02 2.2409663389e-01
-2.2581571185e-02 1.5408388728e-01 1.0472906808e-01 -4.6534920908e-01 -3.6224778917e-02 -2.1753980838e-01 2.1522995995e-01 -5.8463625149e-01 -5.0805285273e-02 1.1708306849e-01 -5.2843616054e-01 -1.3806588395e-01 -2.8417280140e-01 -7.1014448391e-02 3.3915620087e-01 -3.6628989531e-01 -7.7386244889e-02 1.3609356562e-01 -1.8104176949e-01 4.4560729819e-02
4.3791518250e-01 6.7466418434e-02 -3.9432920993e-01 4.1981724928e-01 -1.7701959169e-01 1.4937617062e-01 1.5910694848e-01 2.9435987693e-01 -6.2948514880e-01 -6.1944306207e-04 9.2013601714e-02 2.7869760171e-01 -2.0894888381e-01 -2.0017010173e-01 2.1690834804e-01 4.6630044346e-02 3.0492429035e-02 -1.5659970264e-01 1.7689835091e-01 -1.3563887145e-03
-1.1898638152e-01 3.0211819887e-01 -8.0629671917e-02 -6.5918297424e-02 -2.5726467565e-01 -1.6180723095e-01 5.4202942103e-01 1.3058870128e-01 9.3217152711e-02 2.9767561335e-01 -5.2323833542e-01 3.0242122434e-01 7.5401613936e-02 2.4453467640e-01 9.6495891087e-02 -5.9074705957e-02 -3.5424419170e-02 5.4707400782e-02 1.8465271953e-01 6.0543530816e-02
