-3.2881525802e-01 3.1406102179e-01 -1.8453748312e-01 3.4766867104e-01 6.7347906227e-02 -1.6901321896e-01 9.0707666356e-02 -5.8745968833e-02 -2.5149749989e-01 1.8026112626e-01 -1.9149042211e-01 -3.3464516435e-02 4.4279553893e-01 -2.3334815089e-01 4.7079547828e-01 -6.8412789320e-02 -1.7994777917e-01 4.6556506414e-02 -5.8113491915e-02 2.3860757310e-01
3.6534659788e-02 -1.4844258849e-01 -2.0616499333e-01 2.4087669407e-01 2.3199205368e-02 1.2776213752e-01 2.1455677568e-01 8.6969221735e-02 -2.2644138707e-01 2.7467966059e-01 -4.6780097696e-02 2.3402254252e-01 -1.4465218509e-01 -1.5777253994e-01 -1.3597612768e-01 -6.5999159240e-02 2.3603633700e-01 -2.0061562309e-01 -8.1742361763e-02 1.3447930045e-01
3.5092127190e-01 4.3021268812e-01 5.3156090058e-01 1.3029944679e-02 5.0094604865e-02 1.4809013885e-01 -4.2844647903e-02 5.7915075671e-01 -5.9028205880e-02 5.6305494126e-02 -2.4895935419e-01 -5.6435046394e-02 2.9311130918e-01 -3.8439763730e-01 3.4871025642e-02 2.5579014173e-02 -9.0299551729e-02 -3.7097713014e-01 3.1143106927e-01 -8.6059397539e-02
-3.7647190909e-01 2.2651440204e-01 -2.5520649105e-01 1.7958717499e-01 -2.6130378682e-01 2.2746935743e-01 2.0649509771e-01 -1.6356072863e-01 -3.2470887993e-01 2.0698902610e-01 -2.8628492561e-02 -1.2148258655e-01 4.9564792650e-03 -7.3208668217e-03 1.7007016612e-01 5.0722685589e-01 1.3409367113e-01 4.4467140398e-01 1.5623607664e-02 1.4607976498e-01
-1.2518829978e-01 -1.2155136795e-02 -2.0128600409e-01 8.9237596386e-02 -9.3936419448e-02 4.8166448453e-01 -2.0938905017e-01 -3.0603934252e-01 1.1052541093e-01 2.4514595896e-01 -2.3606051638e-01 -2.4654419257e-02 1.3633917741e-02 3.2376580767e-01 -5.5056618637e-02 1.5318624968e-01 -2.6867190960e-01 4.1897545595e-01 -4.3000978552e-01 -1.5504476653e-01
5.4946333998e-02 3.8498145062e-01 8.2415148687e-02 -1.6180802686e-02 -1.8315857776e-01 4.5634364717e-02 -2.9362631673e-01 3.7317563579e-02 -9.3826455829e-02 -2.5685528288e-01 -1.7793409577e-01 -6.4899381252e-02 1.9022689443e-02 3.9562955503e-01 4.6175210809e-02 -2.2522665208e-01 3.9814672422e-01 3.2360773330e-01 4.8428782689e-02 5.3395673060e-01
-1.7915017401e-01 6.1672375350e-02 1.7349715735e-02 -1.4456094372e-01 -1.6529278171e-01 1.1683918091e-01 4.4052645159e-02 1.7635257322e-01 -3.1489282821e-02 1.1033065390e-01 -4.9807866155e-02 1.3366344140e-02 2.1793988883e-01 -3.7562936418e-01 4.0646075139e-02 1.1811461332e-01 1.9422087403e-01 8.0877205619e-02 1.6390282174e-01 2.0216027781e-01
-1.7963725152e-01 -1.4616305234e-01 -4.2714767418e-01 -2.1181040660e-01 -1.4396256916e-01 2.6781101824e-01 2.2028571820e-01 -4.3354689814e-02 1.0707454810e-01 1.3570413044e-01 -3.7192212797e-01 2.0106711561e-03 -4.5012504005e-01 -8.5862199508e-02 8.0193827827e-02 -3.0049354691e-01 -5.6443475905e-02 5.0934293398e-01 -2.1213717390e-01 3.2055451162e-01
1.2780859233e-01 4.7965381067e-02 -8.4812068763e-02 -1.9795842129e-02 -1.8794409238e-01 1.8917401311e-01 3.6032554022e-01 3.2081456100e-01 -3.4584784776e-01 -9.9609838131e-02 1.0405195587e-01 2.0773014648e-01 -8.6958285287e-02 1.6874424707e-01 1.2520063628e-01 1.5909133740e-01 -6.3113209056e-02 -1.4194988972e-01 -6.6776248053e-02 1.1022908478e-01
1.5014213527e-02 -1.4097575986e-01 1.8443858587e-01 7.3404297315e-02 -4.0090124042e-03 -1.2690927551e-01 1.4971339365e-02 -1.7716181867e-01 1.3893217630e-02 -1.0540689934e-01 -2.4055455919e-01 2.8416413073e-03 -1.2309502735e-01 7.2839832520e-02 1.6615521950e-01 -3.7600915577e-01 -4.3426473837e-01 3.7698854938e-01 2.5883120317e-02 -1.2696114233e-01
1.7622429548e-01 1.1086773119e-01 -1.5738472909e-01 -1.5585141079e-01 9.5410315804e-02 -9.1892587326e-02 -7.0037448953e-02 2.0459177116e-01 -1.8166009210e-01 -3.5487545876e-01 -1.0430963498e-01 -2.8907558790e-01 3.9749631087e-01 -2.2631563950e-01 4.0293855665e-01 -7.1336599248e-02 3.4865905189e-01 -1.7074198290e-01 -1.0080539657e-01 -6.1023266467e-02
-1.4986102327e-01 -1.0675367820e-02 4.0440385991e-02 -3.6233163958e-02 2.5378379680e-01 -1.1405839806e-01 1.3530594780e-01 6.7414443884e-02 -3.0461728463e-01 -8.3665565376e-02 -2.5126249862e-01 -1.8931459352e-01 -4.8402493889e-02 -2.6991836831e-01 -1.8468353255e-01 -5.6633226882e-01 5.4988813520e-01 4.3604736342e-01 1.4437337290e-01 -1.8333371848e-01
-1.0014322844e-01 4.8813760909e-01 1.2428175181e-01 -2.1617284759e-01 -2.0648785582e-01 2.3250228426e-01 4.2234400740e-04 -5.1528966548e-01 1.7140451752e-02 -8.1315928459e-02 -5.7863107179e-02 1.4017045002e-01 -1.7524488421e-01 9.3116482744e-02 3.2396457875e-01 7.3792935577e-02 -1.0718240180e-01 -2.6770758021e-03 -3.4764135180e-02 -3.3352424734e-01
-2.6105848627e-01 1.3718222383e-01 1.0671534924e-01 -3.4248619989e-01 -2.6142815890e-01 2.6114222497e-01 -2.5814572176e-01 -3.1521231498e-01 -1.4829239433e-01 -1.6286908251e-01 -1.8772365504e-01 -3.5219313291e-01 -6.4631871718e-02 -1.4125990966e-01 1.5376120194e-01 -4.9326787504e-02 4.5661152791e-01 -1.8586569870e-02 2.3785355206e-01 3.1828927052e-01
-9.8090648538e-02 1.1322691846e-01 2.0337285689e-01 -1.0081617413e-01 2.5835894308e-01 -2.2418663937e-01 -2.7723822007e-01 -2.7077328950e-01 4.0612752644e-01 -1.0070409375e-02 -2.1795109268e-01 -1.8675719178e-01 -2.1691384549e-01 2.1464903587e-01 -2.9711438337e-01 2.8815413910e-01 1.0797350865e-01 -2.8084462479e-01 -1.7478189608e-01 -2.9149259210e-01
-1.4587617315e-01 5.6229786073e-02 -2.0444084962e-01 -7.4982104503e-02 -1.1602019873e-01 6.2261551541e-02 -3.1066429252e-01 -3.0494504612e-01 1.9190482696e-01 -4.3551856233e-02 -1.4420545874e-01 1.2839575579e-01 9.0328558242e-02 3.3932558757e-02 -5.0050431517e-02 -2.6002686040e-01 -5.3952655607e-01 -7.1684599059e-02 -2.8662438827e-01 -3.3791338867e-01
1.1559958274e-02 8.0493829163e-02 1.6558777662e-01 3.2096716698e-01 8.0803886331e-02 -2.7515435265e-01 1.8866162295e-01 -5.0743183162e-02 -1.4641583366e-01 -1.0328830972e-01 -2.3296746687e-01 2.5782381046e-01 2.5566256431e-01 -8.4805890023e-02 -1.3959540893e-03 2.1769675962e-01 4.4629208338e-02 -1.0775693878e-01 1.3168299658e-02 -3.2373247173e-01
3.0536184298e-01 1.1277825810e-01 2.2788329141e-01 -4.3901887991e-01 -2.7479627407e-01 -2.4939176562e-01 -3.8301512641e-03 1.0343245536e-01 1.2171219486e-01 1.8045055356e-01 -2.7489984690e-01 3.5702772677e-02 2.3778705925e-01 -2.0723504374e-01 -3.0341237960e-01 1.8220165313e-01 1.7634299889e-01 -2.3068022309e-01 -4.4707626380e-02 2.6633272496e-02
7.2369653877e-02 -1.9870378436e-01 -9.6527868747e-02 -1.5965946387e-01 5.4688294419e-02 1.8184588048e-01 1.6115341458e-01 -2.8263016014e-01 -4.2310251791e-01 2.8211417554e-01 5.6602163083e-02 -3.0660415312e-01 -1.5043448325e-01 -4.9823036298e-02 -1.8553196089e-01 2.0753946606e-01 -1.1475802630e-01 4.5513278752e-01 3.0100204034e-01 1.2628435854e-01
6.6401269340e-03 -2.0431822992e-01 -1.7580337995e-01 1.1444849115e-01 -1.2376942536e-01 -3.5587845878e-02 5.1628405459e-02 -5.2083102547e-02 -2.1904752246e-01 3.0674555908e-01 3.2692628700e-01 3.0053343577e-01 2.0215268393e-01 -1.5837897756e-01 -3.6681670188e-01 7.4605905578e-02 4.0060539660e-01 1.5796447437e-01 3.3689296700e-01 6.6023710262e-01
