3.5907115785e-01 1.1027141123e-01 -1.2317166694e-01 1.1743047373e-01 1.0406066645e-01 2.4901673377e-01 -7.1601921285e-02 -8.7794064486e-02 -1.4512451372e-01 1.6429520754e-01 1.6559662204e-01 -1.2248970670e-01 -2.1394602862e-01 -2.5281295012e-01 3.4601344639e-01 2.1945440911e-01 -8.9555969692e-02 -4.5963703847e-02 5.5126236177e-01 2.3972833373e-01
1.6678550440e-01 -9.3938005208e-02 -3.0961511559e-01 1.1143137493e-01 1.4542014608e-01 -1.4876998407e-01 3.3830772270e-01 7.2291088024e-02 -1.3452019189e-01 1.1580697169e-01 4.5700517298e-02 2.7355939268e-01 -7.3587033283e-02 2.0940814688e-02 -7.5119242784e-02 -2.8466461351e-01 1.6697168354e-01 -1.2279622398e-01 2.4851637752e-01 1.4145558228e-02
-1.0927217609e-01 -1.1459002002e-01 -3.7284405188e-01 2.2038933024e-01 -4.2452008743e-02 -4.0300384595e-02 7.7844692501e-02 6.8527208074e-02 1.5010265361e-01 -1.7108161444e-01 -5.5457744931e-02 1.1994939747e-02 1.0554192295e-01 2.8462163522e-01 -1.0141108554e-01 3.1376613686e-01 -1.0355826393e-01 -2.6753369757e-01 3.7556389890e-01 -4.4805494888e-02
3.7439445100e-01 1.0603806101e-01 -1.9374450575e-01 -1.9797320353e-01 -1.2807848168e-01 -4.1866935599e-01 -6.1377337065e-03 1.1794713682e-01 1.6365724921e-01 -1.1797964219e-01 5.8036873466e-01 1.4978148847e-02 4.2350503314e-02 1.1127566879e-01 -4.7345932471e-01 2.2245571548e-01 7.7741467320e-02 6.5491266835e-02 -2.1445601624e-01 2.6650743085e-01
-2.2584309479e-01 -2.0453282693e-01 -2.0503941483e-02 5.7486686253e-02 -1.8151801046e-02 1.0674432570e-01 -4.7220284269e-02 1.4768838184e-01 -4.0555901786e-01 -1.6577326549e-01 -1.9950034626e-02 4.8272030196e-02 -1.0569366815e-01 -1.8551656008e-01 3.5577821634e-01 -8.3452846874e-02 -1.0794238488e-01 7.3075128304e-02 2.1489526211e-01 4.2976707873e-02
1.6381304312e-01 3.9949411512e-01 -3.7615833160e-01 4.6206443057e-01 1.7116501135e-01 -1.5500503599e-01 -9.9265544752e-02 5.7536662384e-02 -1.5586718595e-01 -2.5047821713e-01 -2.4217191391e-01 -1.2488225757e-01 -1.3274211205e-01 -2.4640044613e-01 9.2398230703e-03 1.8547007248e-02 -3.3693000938e-01 1.9179678421e-01 -2.2870873613e-01 -2.1088880881e-01
-8.5040522640e-02 4.5406689321e-01 3.3573303513e-02 -4.3657874478e-02 -1.2769091186e-01 -2.1430698661e-01 1.0637444346e-01 2.6826859144e-01 4.7503601143e-01 2.5653191677e-01 -1.7365819495e-01 1.2881315169e-02 2.9538529925e-01 -1.5969515765e-01 -2.4446922399e-01 1.6642219649e-01 -2.0259309744e-01 2.3962230498e-01 -2.0153605854e-02 -1.5564284877e-01
-1.1488905819e-01 9.4033443436e-02 3.5171499027e-02 2.2094806873e-01 -1.1677522235e-01 -1.3271553246e-01 2.6029263232e-01 -2.2378905659e-01 -9.7398215303e-02 4.2190096826e-02 1.3796427307e-01 -1.1301092974e-01 1.2111728947e-02 7.3267565997e-02 -3.6711619036e-01 -4.8933711537e-03 -1.1497407395e-01 -4.1745728073e-02 -1.5473020217e-01 -2.7898067939e-01
4.5574272497e-02 -7.4208826774e-02 -3.6404119215e-02 -2.1784117076e-01 8.1689093533e-02 -5.5485809110e-01 2.7263227578e-01 -2.5576962725e-01 -1.3414848004e-01 4.0177360876e-01 1.2797708543e-01 3.2094550003e-01 -1.3595837362e-01 1.8376560158e-01 -3.9882384405e-01 -3.5686737305e-01 -4.9853959195e-01 3.0006371096e-01 3.6428351269e-01 4.7651177702e-02
-2.0944298263e-01 4.9500248248e-02 -1.2309099868e-01 -4.1669271069e-01 3.1886111066e-01 -1.8973331103e-01 4.1468102359e-01 1.0956185109e-01 5.4640937515e-02 1.3708210177e-01 2.2999563227e-01 -1.6987025695e-02 -3.3372215109e-03 2.1393736472e-01 -8.8092585099e-02 -2.0325383308e-01 -3.4088342304e-01 5.4429112317e-02 -3.1191489924e-01 4.1774108062e-02
1.0011492078e-01 1.7634781734e-02 1.0590042596e-01 -1.0564885450e-01 -3.1441152361e-01 4.1370732752e-01 -2.2627341376e-01 2.5104641005e-01 -1.1388833582e-01 -1.6853211039e-01 3.8288899612e-01 9.6534461709e-02 2.2005621965e-01 -3.7784902928e-01 3.9375139136e-01 -2.1061224878e-01 4.5552928945e-02 2.1435399132e-02 -8.0107504728e-02 6.2031323398e-01
1.7698473384e-01 -2.1501749659e-01 2.2837731174e-01 4.7065171602e-01 -3.2252843779e-01 1.0846551492e-03 -1.3561788478e-01 3.7492142080e-01 -1.1775410623e-01 -2.3109727618e-01 -3.6175385753e-02 2.2250844450e-01 1.9602430377e-01 1.5104849103e-01 -1.5734101560e-01 -2.0716430040e-01 3.5670982935e-01 -4.0164871362e-01 4.2787644495e-01 3.8947356859e-01
-2.2451735680e-01 -1.1826417067e-01 -1.7653033517e-01 3.0338062426e-01 -1.6760001251e-01 1.8157580189e-01 7.7085448359e-02 -5.4557450957e-01 -2.5423164685e-01 -2.2082316834e-02 -1.6649620687e-01 1.0189083003e-01 3.3110180331e-01 2.3419807692e-01 -5.0916473000e-02 -1.0518406100e-02 1.5336413700e-01 2.6507584455e-02 -8.8029946912e-02 -1.1554417451e-01
4.6654433543e-02 2.4582133002e-01 1.9726494345e-01 -6.0038320681e-01 2.0622130595e-01 -1.5783699341e-01 -3.0329882009e-01 1.4802579767e-01 8.9611241628e-02 3.6061353611e-01 -2.7561686857e-01 1.1967315977e-01 2.8309183820e-01 8.6766912787e-03 1.5458825067e-01 -5.8896517209e-03 3.0907738297e-02 -1.6931642088e-01 -6.7327331400e-02 8.2812433699e-02
-1.7997861867e-01 -2.9028450180e-01 -3.6497006365e-01 -1.1941252611e-01 -3.3023050611e-01 1.4930397762e-01 2.6518215646e-01 -7.2894272066e-02 6.8435027127e-02 -1.1327026825e-01 -2.1394368606e-01 -3.2540647455e-01 4.7887808581e-01 -3.6199413193e-01 1.9171521798e-01 -1.3642757274e-01 -4.5435015818e-01 -5.6128112300e-01 -9.8508850498e-02 4.0872470181e-01
-5.2846920784e-02 2.9809569297e-01 -5.8832617316e-02 1.6396457705e-01 2.4177136420e-01 1.3299352640e-01 -1.0003333824e-01 -2.9372466628e-02 -3.3189152370e-01 2.3188041463e-01 -1.1864037135e-01 1.3223059910e-01 -2.7436412997e-02 5.2544899539e-01 2.1720342539e-01 -2.3351381615e-01 -8.2975365724e-02 1.7913306218e-01 -7.3965226038e-02 2.6208075141e-01
3.2299328298e-01 -5.0324815235e-02 7.4572884963e-02 -3.2365963618e-02 2.3214847678e-01 2.3176700333e-01 7.9359553703e-02 1.7886072119e-01 -5.4783322145e-02 -2.5653573889e-01 -2.1182729528e-01 7.5949374659e-02 2.6014689211e-02 -2.4966830304e-01 3.3322041922e-01 5.2302159106e-02 -2.1273075526e-01 1.8276950734e-01 -2.1411027158e-01 -7.0996986596e-02
3.1858143823e-01 8.2154526098e-02 3.7585240131e-01 -2.3199118771e-02 1.4969638345e-01 -4.2109985453e-02 -3.4087723202e-01 -2.3630994448e-01 -1.0156932256e-01 5.5482300839e-01 3.0067804514e-02 -1.2194259112e-01 -1.5203043053e-01 1.5545499484e-01 -1.9453109278e-02 1.6633621455e-01 -1.2833948364e-01 -3.9463560125e-01 -1.6077395790e-04 3.2910603039e-01
1.6946153387e-01 -1.4844694461e-01 -1.3481792520e-01 -2.3292834352e-01 4.1051758993e-01 -2.5002643348e-01 1.7027679966e-01 6.4923785381e-02 1.5833423701e-01 7.4436342130e-05 4.8744225104e-02 5.1081984237e-02 1.0394527354e-01 -2.2319608796e-01 9.5115214257e-02 -1.6413567849e-01 -2.4032646618e-01 1.9784394851e-01 -6.3714927210e-02 -8.6283397759e-02
-4.1598438313e-02 5.4574550004e-01 -3.0275952852e-01 -1.9210761770e-01 -1.7499212829e-02 1.3972432526e-01 -4.4419325714e-01 -8.6709029146e-02 4.4057242213e-02 1.2965956702e-01 -1.4072311561e-01 3.9408218178e-01 1.6218092488e-01 -1.4880631968e-01 6.2877244327e-02 2.8308748045e-01 3.7902693899e-01 6.5550812431e-02 -9.2028461923e-02 2.3351200065e-02
