3.3556741766e-01 -1.2692218279e-01 -1.4966167486e-01 2.6969251396e-02 -1.3322655851e-01 8.9581062873e-02 -1.1230210495e-01 1.9208217160e-01 -1.0545079921e-01 6.9544581247e-02 4.1187123264e-02 2.4522127561e-01 1.3300570637e-01 -6.0123729863e-01 1.0552830293e-01 -2.8794781451e-01 -1.2520838991e-01 6.3885056278e-02 2.6074008449e-01 3.1713902917e-01
-1.9127571198e-01 -1.6358256690e-01 5.0766247572e-01 -2.7983897878e-01 5.4917692672e-02 -1.9112775933e-01 -2.3885064489e-01 2.4269625768e-01 3.2321838288e-02 -1.8196216875e-01 -1.2076128038e-01 -3.7369512403e-01 -9.6628165027e-02 -1.1439002298e-02 3.5407762703e-02 2.3092713322e-01 -5.8053598681e-02 1.6895787194e-01 4.7449003214e-01 -3.3039529477e-01
-4.8370109807e-02 3.5645144014e-01 -5.9944581297e-02 1.4397966587e-01 4.7313052707e-01 2.2410535978e-01 -3.8674989016e-01 -1.0425550910e-01 -2.1044127563e-01 -1.4353625172e-01 4.5389064505e-01 -1.8438018956e-01 3.2302743426e-02 4.9726477663e-01 -4.7624678647e-03 1.7729862289e-01 2.5380004553e-01 -2.4466248735e-02 -8.3576220441e-02 -6.5187024931e-03
-1.0066135967e-01 3.9550534519e-02 -2.1836450404e-01 1.9260776226e-01 -4.5958119707e-01 -2.7447868606e-01 3.7405110692e-01 -1.2244593093e-01 3.0750410739e-01 1.8842006695e-01 2.0807841099e-01 -2.4100484186e-01 -2.2379917878e-01 -1.8267200771e-01 9.7857389620e-02 1.4408011400e-02 1.0622019296e-01 -4.7387614642e-01 -1.3681070923e-01 2.0722207231e-01
-3.6574044361e-01 -9.1526252991e-02 1.7098762755e-01 5.4208712404e-02 -4.6971154369e-02 -4.9243889261e-02 -2.5130476477e-01 -6.7463571854e-02 -2.0180196251e-01 -1.3423571344e-01 -5.1031447944e-01 -3.4305821967e-02 -2.3608664486e-01 2.6316953429e-01 1.0932002498e-01 -2.6515728935e-01 1.6809391071e-01 4.2279071804e-02 1.1987505493e-01 -4.6408999466e-01
-1.0064141506e-01 -2.4389945888e-01 -4.9150474626e-02 -4.2423855621e-02 -3.7996611246e-01 3.0359317683e-01 5.5583745429e-01 -1.3608865751e-01 -1.7071643128e-01 4.1283595523e-02 1.3424574785e-01 8.0283591192e-02 8.1790526189e-02 -5.0534737534e-02 2.6852395796e-01 5.5423927583e-02 -1.1892721207e-01 -1.1150317123e-01 1.4460515764e-02 -7.7304273627e-02
-6.2560586498e-02 7.4788819705e-02 -1.2981874642e-01 3.0047246409e-01 6.1487834135e-02 1.0302570910e-01 -6.7127702708e-02 -3.4804187195e-03 -5.4396732989e-01 -8.2351514281e-02 -1.0661703912e-01 -1.3731055528e-01 8.4185314464e-02 -1.6301243448e-01 9.1503976793e-02 3.7683718237e-01 -3.4346642599e-01 4.4907952689e-02 8.6436383652e-02 -2.4540310417e-01
-2.9847381887e-01 1.7855933714e-01 -2.7850830255e-01 -3.2492032378e-01 -3.1053803818e-01 2.6143390525e-01 -2.7240867997e-01 -3.8587997042e-01 -2.0798545496e-01 -1.5859621109e-01 4.0341728054e-01 -2.9797696759e-01 -8.2590836255e-02 -8.6270286466e-02 5.2809528839e-01 -5.6801543058e-02 1.8308778559e-01 7.1888725676e-02 -3.0859216786e-01 3.6470339782e-01
4.1172020683e-02 8.5774307679e-02 -3.6708246419e-01 4.2644400572e-02 1.7941632049e-01 -1.4943829898e-01 -2.2037733123e-03 -2.6320190613e-01 -2.6263287948e-02 3.1622022018e-01 2.8178179122e-01 -4.6181153791e-02 -3.6053574413e-02 -1.3054379450e-01 1.5922814951e-01 1.7035160705e-01 -4.9121288388e-02 3.3982705898e-01 1.7300531487e-01 -3.4593439880e-01
-2.5525384382e-02 1.8850329028e-01 2.4779522790e-01 -1.0175262423e-01 6.3873012799e-02 1.2476486476e-01 7.9347392291e-03 1.8148721283e-02 -3.2848893551e-02 3.4523101960e-01 -2.9416994742e-01 2.4285586626e-01 -1.2977995714e-01 -1.3511683481e-01 2.4348540591e-01 -2.8357944622e-01 -9.2289609475e-02 -3.0047088006e-01 5.3598806209e-02 3.4980531050e-01
-3.0195744360e-01 -8.6492732574e-02 -8.1156503542e-02 -1.7326317261e-01 -6.6150352965e-01 -3.0321867287e-01 1.3244072521e-01 2.2341602530e-02 8.3990355490e-03 -3.1984856841e-01 7.0513873593e-02 1.3505183454e-01 -1.8192056935e-01 -8.4045343462e-02 -2.6060910367e-01 -1.5686130447e-01 6.5714508505e-02 8.0874059320e-02 1.6791031150e-01 -4.8402893938e-01
-2.0551268271e-01 -3.1077662457e-01 1.8136797613e-01 -1.4301214043e-01 -4.2539784370e-02 -8.4140503315e-02 -3.5972739257e-01 3.6465371378e-02 5.2354551639e-02 -9.7144525676e-02 -1.0540270783e-01 -3.9940865002e-01 1.1196275142e-02 -2.0097985583e-01 1.3725097199e-01 2.5663181145e-01 2.9698637837e-01 5.7386430799e-01 -2.4860844706e-01 1.1998576634e-01
-8.3663067614e-02 6.4268181283e-02 -3.9575598712e-01 2.0921936443e-01 -6.1173008852e-01 -1.6948194402e-01 -1.8067774021e-01 -8.6938464056e-02 -2.1554679068e-01 -6.8078340122e-02 -2.2455590402e-02 3.1547532065e-01 -3.6886444364e-01 1.8595282559e-01 4.4335445712e-02 -1.2679798711e-01 -2.9293721227e-01 -2.6392591850e-01 2.7334057670e-01 1.5970544669e-01
-1.2530672186e-01 3.3568382416e-01 -1.7799388849e-01 -1.0733472190e-01 -3.1609845917e-01 2.1099046516e-01 -1.6783412903e-01 -3.4240159172e-01 2.6573830667e-01 1.5932195243e-01 -4.2708471691e-01 9.5663458152e-02 -1.7505556628e-01 8.9385196206e-02 6.3099447016e-02 -7.8453384660e-02 -2.3808572755e-01 -8.2254814208e-02 1.0227531243e-01 -9.9334316745e-02
7.2925292545e-02 -1.3787737554e-01 3.2687839059e-01 7.2421520884e-02 4.2343722927e-02 8.8433476808e-02 7.8508052049e-02 1.1743045930e-01 2.3725804130e-01 1.6463627879e-01 -2.9004026414e-01 -1.1000624868e-01 -5.5490735102e-02 9.4022337810e-02 -3.2255825671e-01 2.5715604431e-01 5.7828734889e-02 -2.5539688306e-01 1.2252184966e-03 6.0469768093e-02
-8.6723819926e-02 1.9370324487e-01 -8.9984933999e-03 2.0543360437e-01 -4.0355565767e-01 -1.5706727267e-01 -1.7408245048e-01 -2.1968174336e-02 -4.7012117918e-01 3.0370067408e-01 -9.6519563835e-02 9.5187190161e-02 1.4053167947e-01 2.9591581778e-01 -1.4402087511e-01 2.1851305922e-01 -1.6082534465e-01 2.7628135435e-01 1.7067740874e-01 1.6714357486e-01
-8.3064389610e-02 2.0681690186e-01 -4.2653397905e-01 -9.1864982016e-02 -1.7872358607e-01 7.3635630913e-01 6.5322615294e-02 1.3929926448e-01 -1.9779993575e-01 -1.0818302391e-01 -2.2808474092e-01 9.6520137981e-02 -9.3063136797e-01 -9.1940397659e-02 -1.6994423808e-01 3.4001123790e-02 4.1065816345e-02 -3.2753237632e-02 -2.3661671247e-02 -1.2095165131e-01
1.4276515688e-02 5.1971574410e-02 -2.6900515735e-01 -3.4753879863e-01 -4.3068233661e-01 5.0992544200e-02 -4.4796784793e-02 4.8364407061e-02 -6.0452132042e-01 2.9251556404e-01 -4.6970793121e-01 -2.5953802729e-01 -3.2261312559e-01 -1.7809944053e-01 1.4339253789e-01 -1.2964688052e-01 -3.1520563974e-01 2.6270907215e-02 -5.0223008396e-01 -4.0352951443e-02
2.9538633232e-01 -6.8375889340e-02 1.8387296517e-01 -1.8507103892e-01 -3.0030196681e-01 -2.0087158218e-02 -1.9497134744e-01 4.1812351087e-01 2.9824582041e-01 -7.8890623710e-03 2.0602574426e-01 1.7444173240e-01 1.5147521559e-01 -9.7173149125e-02 -3.9264058738e-01 -2.0960711047e-01 1.1991126861e-01 1.8691366161e-02 1.3896483491e-01 -1.9694930762e-01
1.3372314128e-01 -1.9760904786e-01 -1.4285845326e-01 -1.5636052298e-01 2.3174454725e-01 4.8836581752e-02 9.1141181484e-02 2.4805850638e-02 3.6137949398e-01 1.2550490878e-01 1.1882233016e-01 4.1936519693e-01 3.7201059208e-01 3.0808191074e-01 1.2906679216e-01 2.3494024158e-02 2.3994535309e-01 -7.0164594456e-02 7.9715989633e-02 3.4687705240e-02
