1.9643106108e-01 1.9623700171e-01 -2.7742000546e-01 1.0141505014e-01 2.2996880734e-01 -2.5746900417e-01 7.6027878564e-01 -1.0767703050e-01 2.1298463834e-01 2.7064038174e-01 -2.3921540481e-01 1.3227986761e-01 -3.2677661221e-01 4.0798103222e-02 -2.3461523375e-01 -4.5111464795e-01 -1.3074451332e-01 -1.3123784270e-01 1.2033408528e-01 -9.0303508121e-02
-1.8669283847e-01 3.7139180043e-01 -2.8614984360e-02 -1.0070434188e-02 -1.9558558752e-02 -4.5477286015e-01 5.1293866063e-02 -2.8417011131e-02 -2.9294131946e-01 -1.3474130529e-01 8.1998472099e-02 2.2157196500e-01 -5.3068180073e-02 9.4851302680e-02 -2.0170691492e-01 -9.0613184531e-02 3.6129997372e-01 2.1314926794e-01 2.0178653834e-01 1.6341104434e-01
-4.6334744560e-01 -1.0570861488e-01 -9.5487567933e-01 -2.3648118820e-01 -1.0772281376e-01 2.4929923481e-01 -6.8525588936e-03 -2.2438164891e-01 6.6163038532e-02 1.1786673741e-01 -4.4523562931e-01 -3.6986249110e-01 -2.5680970963e-01 3.2301737300e-01 -1.6167497900e-01 -1.0203593574e-01 -4.2976289800e-01 2.0811621241e-01 -5.8937128187e-02 -1.6659408560e-01
-7.9606226097e-02 3.1430410657e-01 9.7414097266e-02 1.8844686987e-01 -2.0356328982e-01 2.9541615497e-02 -1.4008875077e-01 -3.1752854533e-01 -6.9959454659e-02 7.4791573329e-04 8.4767980686e-01 1.1052837253e-01 -2.4486459036e-01 7.4216125308e-02 1.7923812924e-01 3.7796959500e-01 -9.4182124746e-02 2.1096780319e-01 2.4602350829e-01 8.6240160028e-02
4.2512422110e-01 1.5233976742e-01 6.2032065005e-01 -2.9323228974e-02 3.5721924838e-01 1.2729414865e-01 -2.3868259775e-01 -5.6442505630e-02 3.7224766766e-01 5.0645648600e-01 2.2875557033e-01 4.8359503775e-02 8.6756661510e-02 -3.4669446669e-01 1.0311439196e-01 6.1726800914e-01 -1.8511014765e-02 -2.7155795281e-01 1.6142382422e-01 3.9059642548e-01
-1.3639847113e-02 5.0946527558e-03 2.8304509702e-01 -1.5510493160e-01 -1.9393133862e-01 -9.3044584434e-02 -3.2042447242e-01 7.5266118783e-02 -2.0902752744e-01 3.1174181659e-02 -6.6300636884e-02 -1.1586715310e-01 4.1211872434e-01 -2.4448192338e-01 2.1414418974e-01 -9.3259231130e-02 4.0376410024e-02 -2.8386981632e-01 -2.7415553974e-01 -1.7834075934e-01
-4.0797043676e-02 -2.2985499702e-01 -7.5627152257e-02 2.9243194184e-01 -1.5683305985e-01 4.0413836255e-01 4.4468948555e-01 2.4081702771e-01 -5.2942351429e-01 -2.1012399241e-01 2.0817609551e-01 -1.4553671330e-01 -5.4562563810e-01 1.9309043342e-01 3.2660186435e-02 -2.3279340084e-01 -1.1337914712e-01 5.3315727760e-02 -4.0316433283e-02 2.3086892347e-02
-7.2008320540e-02 -2.6462459952e-01 -1.2119783317e-02 -2.2954835093e-01 -8.0569972865e-03 -3.5914796383e-01 -8.9445663439e-02 1.4604639748e-01 -5.6389628199e-02 4.2189744091e-02 2.2761346579e-01 5.9081931469e-01 3.5541542337e-01 2.3228413301e-01 9.6605218637e-02 2.5734454273e-01 3.1281162495e-01 -1.5830907082e-01 1.5614998793e-01 1.4073242455e-01
-4.7174694339e-01 1.9356317488e-01 -9.6950314959e-01 -6.0391251305e-01 -1.1355970486e+00 -1.8988534022e-02 -5.3112242774e-01 -3.6392451495e-01 1.1217497383e-01 1.2867986449e-01 -1.0082817717e+00 -1.8968008864e-01 -1.1058192611e+00 -9.7640350588e-01 -1.3120977369e+00 -9.4981682860e-01 1.1098108306e-01 3.8494466890e-01 -1.3398377241e+00 1.0095070340e+00
5.9313397661e-02 -5.5702546637e-02 -5.2272422686e-01 -2.7229608276e-01 -4.3318143913e-01 -3.3826141362e-01 1.7820972314e-01 -2.3590065527e-01 -2.5648287084e-01 2.8525726121e-01 3.0154160096e-02 -2.2416221380e-02 2.6542298743e-02 1.8452043791e-01 -2.4593543611e-01 -1.1491327836e-01 1.9337435903e-02 -1.4824020875e-02 -1.9905462527e-01 1.7044943342e-01
-1.6076905918e-01 -5.3204169088e-02 2.0894954778e-01 1.4614412491e-01 1.4841339542e-01 -1.3666170401e-01 4.1592785178e-01 -1.8877034069e-01 8.6092541007e-02 7.4841252403e-02 -5.9987225345e-02 -3.2490223857e-01 -1.3989689802e-01 -5.3510663752e-02 8.0438964678e-02 2.1128435944e-01 -3.8825500300e-01 1.5451513800e-02 3.4128683530e-01 9.7215460841e-02
-6.7453616556e-02 -2.6383335005e-01 -2.2039411541e-01 3.0430124209e-01 7.6868528358e-02 -1.6255043140e-01 3.8578591301e-01 -5.6680288232e-01 -1.0632441335e-01 -3.9103878927e-01 -2.5324642838e-02 -1.0437527228e-01 6.1863360003e-02 -3.4520789551e-02 1.7569656853e-01 1.6262494877e-01 -2.9688177699e-01 4.8400560839e-01 2.9456258981e-01 -2.7803828475e-02
3.2997567749e-01 -2.8032403382e-01 -3.2136303586e-01 1.4473731313e-01 -1.2544168696e-01 -8.3366361494e-02 -2.8382654638e-01 -2.3180457524e-01 3.1969051710e-01 1.8721390056e-01 1.2694776402e-01 6.7164778340e-02 7.0235398007e-02 -5.4464277311e-02 8.6324026718e-02 -1.7447995650e-01 1.1957376129e-01 1.8132529122e-01 -9.5632960772e-03 1.0880127813e-01
-1.0821148666e-01 -1.2471241345e-01 7.1333418013e-02 1.1264842366e-03 4.0574715317e-01 -1.8217337479e-02 -1.4450559241e-01 -1.2797000217e-01 -1.0981466116e-01 7.6812028697e-02 2.6274902119e-01 2.0059429303e-01 1.9506000557e-01 -5.7877780259e-02 -1.0831803911e-01 5.9879985840e-03 -1.5144102352e-01 5.7652702927e-02 3.2872982538e-01 1.0720127326e-02
-7.5790159446e-02 2.1042046029e-01 1.6356893545e-01 4.2934218564e-01 -1.7421376293e-02 -1.6586190582e-01 -1.9481809474e-01 5.1184302350e-03 1.9148074693e-02 1.7964884914e-01 1.3363408353e-01 -3.9430341567e-01 4.7145601872e-02 -7.9963610133e-02 -9.0867332803e-02 -5.4157397552e-02 5.6561381899e-04 5.1712287100e-01 3.0505613409e-01 5.3729700017e-01
3.1558245068e-01 1.4916791814e-01 -1.7216342784e-01 -3.2553175308e-01 -6.3163878197e-01 -4.6459672497e-02 -2.1229836212e-01 2.9809697861e-01 1.6369267382e-02 -3.3472944895e-02 -1.0176189651e-01 -1.1716593974e-01 2.0072408835e-02 1.6904631022e-01 -3.9193427656e-01 4.6135051223e-02 -3.2626079205e-03 2.0504546643e-01 7.2684878341e-01 -2.5809470356e-02
1.5950953654e-01 1.8103714395e-01 -2.5706506606e-02 -7.3578794871e-02 -4.5291836468e-01 2.0182521169e-01 -4.0550949880e-01 -1.5034043819e-01 -4.8166305995e-02 1.7587886613e-01 1.7614037113e-01 3.0706064473e-01 -5.5987881867e-02 1.5248915435e-01 8.6038033445e-02 1.1933793138e-01 -7.5086697015e-03 -1.3214964138e-02 -2.4702231907e-01 -4.5776795464e-02
1.4152026033e-01 5.9465773966e-02 2.8871769018e-01 9.9247879962e-02 2.5981518921e-01 -1.5602607701e-01 -3.1013479295e-01 -8.0298599951e-02 1.3277346663e-01 -2.0683718247e-01 -5.4652944602e-02 -2.7541579175e-01 3.2896383518e-01 -7.6102075366e-02 7.9920057870e-02 5.8191771793e-01 1.0522571992e-02 -3.2234290805e-01 2.1367795381e-01 -4.4823251581e-02
-6.7967330774e-03 1.2957291131e-01 -9.6857124942e-03 -1.1239543413e-01 -1.6532213928e-01 3.2697282588e-01 -9.1055288698e-02 1.0271450906e-01 -4.1998118566e-01 -4.8014923339e-02 -3.5671990761e-01 6.3873996329e-02 1.4064521472e-01 -5.0367223660e-04 1.7244224819e-01 2.4586819777e-01 -5.0986766507e-03 -1.1460372040e-02 1.2093021272e-02 6.1756014681e-02
9.6648755442e-02 -4.4297417197e-03 3.3298568064e-01 4.9214431519e-01 5.9985490026e-01 -2.9487177678e-02 -4.2721852479e-01 -7.6627743436e-02 -2.4464757135e-02 1.6657278468e-01 7.0162884921e-01 -3.6049389112e-01 5.6307785870e-01 -2.2892584316e-01 3.9033266187e-01 9.7449356275e-02 2.6986675231e-01 -6.6403851231e-01 4.8671921000e-01 1.4523082138e-01
