1.1209337365e-01 -1.4658275261e-01 2.4668690846e-01 -3.8080736748e-01 -4.2546220750e-02 2.8136242116e-01 -5.6270198028e-01 -2.3426201588e-01 -4.0168877028e-01 -1.6632450254e-01 -4.6757488714e-02 -3.0125792298e-01 1.8204494632e-03 -2.0091785416e-01 4.1801122147e-01 2.6793195581e-01 4.5834989543e-01 -1.0575057826e-01 -3.6926129455e-01 -4.1216901839e-02
1.7101545299e-01 8.9414766222e-02 1.7757890963e-01 -3.9079981422e-01 -2.6309224467e-02 -2.2989283228e-01 -5.0973706543e-02 -1.9879498914e-01 -4.7522901490e-01 -8.4217512405e-02 -5.3596816525e-02 1.4213670574e-01 -4.1145815783e-01 -1.2183063504e-01 2.4279895918e-01 -2.8357307891e-01 -1.8488069067e-01 4.2462007752e-02 -3.0013848126e-02 4.3560654109e-01
-2.2165379604e-01 1.2694447035e-01 -3.8156115074e-02 -3.4524367529e-02 3.6668842498e-02 2.8439136485e-01 -2.3159297828e-01 -3.0803113882e-02 1.7411044153e-01 -4.5805778999e-01 8.7317857685e-02 4.0368398489e-01 5.3757140437e-02 2.5304382795e-01 2.1727362139e-01 4.7642329826e-01 -1.3305134183e-01 3.8522618710e-01 -4.6487984113e-01 -1.1802988016e-01
-2.3609517848e-01 1.6440386582e-01 1.8762468111e-01 2.1043677319e-02 4.3462552215e-02 -3.5615692732e-02 -1.0834107855e-01 -3.5957912956e-01 -8.8578091908e-02 1.2391069111e-01 -1.1574740663e-01 -4.9845917916e-02 -1.4622250123e-01 -1.8603846882e-01 -1.1943070047e-01 -3.3886364055e-01 5.5235856560e-01 2.9637941491e-02 -1.3249072911e-01 7.7131574849e-02
1.2814611779e-01 5.3435244507e-01 -1.5628515168e-01 -5.0035111483e-03 2.7532270312e-01 -2.7691876154e-01 -2.5660429394e-01 -5.0179864169e-01 6.3729063815e-02 -9.9569482391e-02 3.0433523297e-01 -5.3454447610e-02 3.4021314468e-01 8.2860719706e-02 1.1155782664e-01 1.5051648160e-01 6.0615999427e-02 3.8922478558e-02 1.3255394471e-02 2.9032344674e-01
7.7603117419e-02 2.6728554326e-01 1.5355139103e-01 4.2158460763e-01 2.6995954251e-01 2.7591769859e-02 1.0055869637e-01 4.5147425189e-02 -4.1567643783e-01 4.4151853439e-02 -2.5716337680e-01 2.3340412331e-01 1.4188702980e-01 -1.8912119639e-01 9.2759735647e-02 2.5077686823e-01 -1.7820400629e-01 -5.2356047890e-01 1.7797906534e-01 -1.1388473851e-01
-7.7817055307e-01 2.9675006074e-01 -3.1453656700e-01 4.7989713173e-03 -4.6459437980e-01 -4.3575249157e-02 5.2091677836e-01 2.0963908964e-01 -7.5840001686e-02 -8.4476664546e-02 5.4616768138e-03 3.3860384806e-01 1.5868561133e-01 2.3309929763e-01 -1.5849612802e-01 1.6755661354e-01 3.0817442793e-01 -4.3060098826e-01 -3.3904526185e-01 2.9966754466e-01
-1.6274951894e-02 -1.0667530735e-01 3.1250686201e-01 8.7890636046e-02 2.5869012385e-02 2.1121524134e-01 -1.4154930409e-01 -2.2712532552e-01 4.3664834021e-01 2.0570577039e-01 -1.4115885228e-01 -2.4551025809e-01 2.2569218350e-01 -1.5255102248e-01 -7.7742311986e-02 2.4476763080e-01 -1.2403385570e-01 4.3712097545e-01 -3.7299051058e-01 1.8318244829e-01
2.1495014372e-01 9.2033443123e-02 3.7337908125e-02 2.5993496087e-01 3.5811819199e-01 2.3453625276e-01 2.0916267853e-01 2.1991295860e-03 -5.6907498923e-02 -1.4899598731e-01 2.3865045981e-01 5.5676097602e-02 3.1784796575e-01 -3.5441350599e-01 4.4335633536e-01 1.2998008139e-01 -1.0146119570e-01 2.5937443643e-02 -2.1196150601e-01 1.5012424843e-01
-1.7709002208e-02 -1.9144044647e-01 -2.2512552163e-01 3.4168570751e-01 2.1951101824e-01 -3.2240454379e-01 3.4567587963e-02 1.7513848322e-02 -3.3918729556e-01 1.1750360419e-01 6.5508029537e-02 -7.0705238809e-02 -8.8706006184e-02 5.1074065415e-01 -1.0384503255e-01 4.9901791278e-02 2.6573082945e-01 5.9727148255e-02 -3.7121845046e-01 -3.9445249135e-01
-4.0956474122e-01 7.0546996956e-02 -1.6002099127e-01 -2.4077629178e-01 -4.5359623141e-01 3.2378543012e-02 1.4323257611e-01 -2.0930775584e-03 -4.0217512058e-01 -3.7155236813e-01 4.7035183640e-02 7.1702789245e-03 -3.8509789105e-02 -5.0705212822e-02 1.8614413623e-01 -2.5911670521e-01 2.3284636448e-01 -2.6012344749e-01 -8.6335636494e-02 -1.1760718010e-01
-1.6918918833e-01 3.7758788889e-02 2.1456773302e-01 1.5332833374e-01 4.4600112803e-02 -3.6647847570e-01 3.7483341899e-01 -3.3816548172e-01 -1.6651150083e-01 -1.2104800882e-01 -8.1866198626e-02 1.7205825196e-01 9.7986722314e-02 -1.1315142552e-01 -2.2558955687e-01 5.8911642781e-04 -9.9094013412e-02 9.5229126970e-03 -4.5329888149e-01 -4.8347530963e-01
2.3662831284e-01 -2.7405096692e-01 -3.6022699298e-02 -7.9334933405e-02 -3.9598196662e-01 1.7749600618e-01 3.1429225144e-02 1.1457428468e-03 2.5290672966e-03 -2.7835014402e-02 2.6563907673e-01 -6.3917430537e-02 4.0869447639e-01 1.8788912600e-01 -1.4467417197e-01 -1.5016612410e-01 1.6025227545e-01 -6.1005153501e-02 -7.2515281467e-02 -2.0250854559e-01
2.2653895726e-01 -2.6079062811e-01 -8.0801725286e-02 2.0003132437e-01 3.5446774993e-02 3.8290698892e-02 1.7344525958e-01 -1.5536690987e-01 -1.6757569162e-02 1.0123178429e-01 -5.3755270024e-01 5.3783710871e-01 -6.3565957074e-02 2.6815475888e-01 -9.3280483384e-02 2.0549405444e-01 -1.1969340452e-01 3.4137485122e-01 1.6859595983e-01 -1.5253763740e-01
9.1564584030e-02 9.3488509385e-02 -1.3731055753e-03 2.5612188269e-01 2.1408175511e-02 3.0670707457e-03 5.2494154277e-02 3.3282408470e-01 6.0361255237e-02 -6.9149333754e-02 -2.4092911383e-01 1.9282888837e-01 -9.7858432588e-03 4.5192126278e-02 2.2346075563e-01 9.6892085971e-03 1.4895810946e-01 1.8766711592e-01 -1.8005066581e-01 1.0290929193e-01
4.0550042110e-01 3.4348704677e-01 3.2901458411e-02 4.3416069804e-02 8.0695825151e-02 2.5474192433e-01 -1.0026436308e-01 2.2149180016e-01 -2.0586861484e-01 3.5708213322e-02 -6.8543946704e-02 -1.7867565483e-01 1.7806182584e-01 5.5648905634e-02 1.0141489223e-01 2.3430157881e-02 -2.0487659146e-01 1.1676435682e-03 -1.6278226804e-01 -1.4496395838e-01
-1.9525747861e-02 1.7701082932e-01 -3.3583070643e-01 1.6052186258e-01 3.4495922837e-01 -1.8513590649e-01 5.9514310266e-02 4.3969531177e-02 3.0878463326e-01 -1.7805762775e-01 2.8244505619e-01 3.3747751348e-01 3.0432596736e-01 -3.6597543109e-02 2.4100385181e-01 -5.2279324898e-02 -5.9616471953e-02 9.8063717250e-02 2.7313818976e-01 -2.4232239638e-01
-8.8562538177e-03 9.7420269858e-03 -3.2310464494e-01 3.4383218148e-01 -4.0936637785e-01 -6.2506421209e-02 1.1145688742e-01 -5.7184513930e-02 1.6045569274e-01 1.5265326621e-01 -1.8721025030e-02 4.7277507729e-02 1.2333256674e-01 -8.2060191901e-02 8.5776425385e-02 -1.7169840366e-01 7.5306132092e-02 -1.1660163732e-01 7.8339309539e-02 8.4639383720e-02
-5.5633292933e-01 -3.0345963221e-02 -4.0065777266e-01 -3.4588076763e-02 -4.8149586986e-01 -2.4863284505e-01 4.0912826642e-02 -4.5880106198e-01 8.7537827125e-02 -3.8277036554e-01 1.4376826904e-01 1.7851629836e-01 -2.1506261392e-02 1.2153889691e-01 -1.3433571704e-01 -1.4201496688e-01 1.5243203160e-01 4.6531664094e-01 -3.5510594953e-03 -1.9074275080e-01
-1.9016673003e-01 -9.3408293554e-02 -9.6135063960e-02 -3.3472445193e-01 1.9306321296e-01 -2.9996677262e-01 2.0560336661e-01 -3.1854613547e-01 -2.5364300297e-01 -1.7998985202e-02 1.1645515212e-01 -1.0598697326e-01 -1.4773792326e-01 2.8092906558e-01 2.8621856333e-02 -4.8365693487e-02 1.3906661727e-01 -2.9316883035e-01 -3.6346598203e-01 4.3536014373e-02
