-4.3271460946e-02 5.2125778643e-02 -2.5080172399e-01 1.1674902989e-01 -2.3217984413e-02 4.9718084957e-02 -1.7003281020e-02 4.8944502658e-01 3.9949440558e-01 -1.7648154740e-01 2.9176414754e-01 -1.5056513564e-02 -1.5742578008e-01 -1.4295342263e-01 -5.3380518031e-02 5.1444590323e-02 -2.5815353972e-01 5.0189980514e-01 6.0254562895e-02 1.4773948458e-01
6.3531324597e-02 8.2685954485e-02 8.3931601545e-02 2.6700428915e-01 1.2557794097e-01 -1.0830510028e-01 1.5220487669e-01 -1.7761205184e-01 1.2299701666e-01 -4.5199857514e-02 5.5411365408e-02 1.2940992067e-01 7.0075249980e-02 -6.8811214072e-02 1.3677615929e-01 -4.8116426765e-02 -2.0569346716e-01 6.5215932892e-02 6.0275116040e-02 -1.4114327610e-01
8.4427432233e-02 -1.2715000376e-01 2.3031987003e-02 -1.7235956606e-01 1.7259892280e-01 -5.1648273199e-01 -4.7390185769e-01 5.1581267390e-01 9.4532081086e-02 1.4093366840e-01 3.5930572670e-01 8.0480138289e-02 5.5912162808e-02 -1.3456747507e-01 2.8815569313e-01 -2.1455602381e-01 2.7689899620e-01 -3.2993739818e-01 -8.4800232529e-02 -5.1321953005e-02
1.2564966058e-01 2.3446127525e-01 -6.1336372878e-03 -2.8768454556e-03 7.2153317346e-01 -7.2328933033e-02 7.5156404913e-03 -1.4409504383e-01 6.0737379990e-01 1.5188396608e-01 -1.5472970868e-01 -4.7209207019e-02 2.7687833796e-01 -1.0368630010e-01 1.1575125920e-02 -2.3193995219e-01 -2.7190773964e-01 1.4207996679e-02 -1.5332002780e-02 -6.7245579858e-02
-2.3748082430e-01 5.0009902514e-01 -4.0277054023e-01 4.5301521575e-01 -1.2168086887e-01 1.3895762300e-01 -8.7364473847e-02 -3.9478053602e-01 -1.0833757349e-01 -9.7953708424e-03 -1.6361929315e-01 -1.0851360958e-01 5.3341324767e-03 -3.4095535330e-01 1.0042696469e-01 -4.4761333447e-02 -4.4285584708e-03 3.6902925283e-01 -9.6633130858e-02 4.2623017638e-02
-1.3351285897e-01 -1.2729815022e-01 -3.1825009427e-01 1.4803449362e-01 1.2209243820e-01 1.6650468035e-02 1.4783489128e-01 -5.2187675832e-02 -2.2469315454e-01 -3.3470473080e-02 -1.7580124457e-01 9.4162906191e-02 9.1798270658e-02 -1.1276254154e-01 1.4094520585e-01 7.9789962468e-02 8.9792959130e-02 2.1561321443e-01 6.5422765703e-02 5.5246359008e-02
-1.0255035395e-01 -1.6153273753e-01 -2.1568323111e-02 -4.1040275529e-03 -9.6745408136e-02 -7.0401365355e-02 -2.2332982294e-01 1.2261506579e-01 -7.6575712161e-02 3.7729611967e-01 -3.6198680160e-03 3.0037211096e-02 4.0317124311e-01 -1.5381208528e-01 -3.3031385998e-01 5.4144988863e-02 2.8751818204e-02 -2.7503881226e-02 -2.1051229779e-01 -2.3000785725e-01
-2.6772115739e-01 -1.1287230654e-01 9.5021764867e-02 -2.7024212419e-01 2.8595525758e-01 -2.2677946667e-01 4.9252633612e-02 -2.4219442671e-01 3.5541684323e-02 -1.0241671785e-01 8.6460541240e-02 -1.5562294589e-01 -1.6418645293e-01 1.3885152817e-01 -3.2488343788e-04 -4.0557913095e-02 1.5071049715e-01 -2.2354842453e-01 4.3259010314e-01 2.9218568774e-02
-2.9880707788e-02 -1.7249849694e-01 9.4226107817e-04 -2.1328878085e-02 -2.4468716875e-01 1.8136417292e-01 2.0588272486e-01 3.2428677637e-02 -4.3125966721e-01 -2.3274424203e-01 3.1536011554e-01 1.3937950562e-01 -1.1359007470e-01 -7.8678688188e-02 -3.3565777573e-02 -1.7006707514e-01 -2.5443208943e-01 -1.3265214185e-01 7.3761740270e-02 2.8843297353e-02
1.1115849201e-01 4.2149973962e-02 1.2295123839e-01 -4.5707843224e-03 5.8141828970e-02 5.2754823735e-01 1.8983925090e-01 -3.0860178291e-01 -1.4715891405e-01 1.2942659920e-01 -1.8792885120e-01 -2.0225265666e-01 -4.5456964002e-01 1.3173872492e-01 2.5723208890e-01 3.2145020521e-01 -3.8845121822e-01 1.9215129438e-02 -6.6142740501e-02 2.2127449706e-01
-1.6158363895e-02 3.3683918008e-01 -7.8524347243e-03 1.1809043018e-01 -3.2370563990e-01 -5.4574472328e-02 7.2658408829e-03 1.7829842581e-01 1.4059779155e-01 1.6517497826e-01 2.7417680979e-02 -5.2281902386e-01 5.4072355369e-01 -4.6359303764e-01 3.2110843676e-01 -2.6321399400e-01 -2.5326062009e-01 -3.9980657674e-01 3.2117638887e-01 4.1158520795e-01
-6.8131619194e-03 -4.2260049730e-01 -1.7366046195e-01 4.2693076444e-01 3.0195930589e-01 5.5341889483e-01 3.2563609008e-01 1.0598843177e-01 -1.3349837248e-01 -2.2498010242e-01 3.1637998281e-01 3.3240034829e-01 -1.6267788927e-01 3.8394464034e-01 -4.0166848702e-01 3.3144767643e-01 1.1676400879e-01 1.3760680970e-02 -2.5154494959e-01 -2.5111291131e-01
9.2590319151e-02 6.6393519952e-01 -2.8338232132e-01 -2.1417976210e-01 4.4354708413e-01 7.3495345884e-02 -8.6236682285e-02 1.8448502148e-01 2.5512398835e-01 -2.0498498409e-01 3.0398641328e-01 4.6184065895e-01 2.3810362977e-01 1.6768430049e-01 9.4321181403e-02 1.6064099289e-01 -5.3077131898e-02 2.2606864517e-01 -3.5249850175e-01 -3.5797093320e-01
1.9085540691e-01 3.0829204006e-01 -3.1320906659e-01 -9.1707596300e-02 8.9299615546e-02 -8.7303019978e-02 1.8752412187e-01 -2.0241594772e-01 -1.7134993367e-01 3.0816949933e-02 8.5453855460e-02 3.8059961451e-01 8.1101191608e-02 -2.0107028152e-02 -2.6424017962e-01 -2.3451725643e-01 -3.5753031098e-02 3.0561261976e-01 1.5218898885e-01 7.9349845922e-02
-1.2627020500e-01 -1.5766995100e-01 9.7764771720e-03 -1.7995767246e-01 1.1348307073e-01 8.6656842605e-02 -1.6910949458e-01 -1.3630861214e-01 -5.4445770849e-01 -8.0267944134e-01 3.4362055736e-01 3.1318681809e-01 -4.2908195509e-01 -4.9042359448e-02 -3.8777581054e-01 -3.9138123549e-01 -1.3151880063e-01 -3.0785638001e-01 -2.4844238174e-01 -6.8680130575e-02
-2.4162482832e-01 3.2715807848e-02 1.7205093531e-01 1.0762286475e-02 2.5738551708e-02 -4.0393199941e-01 -1.3028817207e-01 -5.5658665780e-02 1.1479481275e-01 5.3669580983e-01 1.5800652792e-01 1.8384964959e-01 -3.0982024440e-01 -2.5319429163e-01 1.6668664918e-01 -5.7787987105e-02 2.0852907874e-01 1.2120678994e-01 -7.1431865281e-02 -5.6121621831e-02
-4.6494036290e-02 -2.7495553604e-01 4.3700353087e-01 -3.7876338456e-01 2.3838504506e-02 -1.2515265542e-01 -4.7650964859e-02 5.1935223487e-02 3.3140142555e-01 -1.5666552413e-01 6.2224917777e-01 2.0760964511e-01 3.0372636182e-01 -2.1196592788e-01 2.7276648724e-01 -2.3588605976e-01 1.2758533559e-01 1.3569150438e-01 -9.6389205729e-02 -3.4807512468e-01
3.3078384442e-01 -2.5598236384e-01 1.3464203818e-01 -3.5650411380e-02 6.9704917747e-02 -1.7417221299e-01 2.2562056261e-02 -1.9020304315e-03 -3.9770359881e-02 3.9162134856e-01 2.2756262309e-01 6.4829724735e-02 -1.5751252870e-01 -1.1490510787e-01 4.9499738113e-02 3.0736663420e-02 -1.8157868776e-02 -1.9636056651e-01 6.6207983000e-02 -2.3544652908e-01
3.8504148709e-01 2.5313010167e-01 4.0352820402e-01 -1.4389857827e-01 3.0332174680e-02 3.3018057097e-01 4.6105928972e-01 -1.8832337869e-01 1.8406426010e-01 4.6485232770e-02 -3.0836483464e-02 -3.6582046871e-02 -1.8985001077e-01 -1.0106099105e-01 4.7446523431e-01 1.2504025384e-01 -4.9317134000e-02 3.6921257157e-01 -6.7836942050e-02 -1.7675490463e-01
3.0905217491e-01 -1.0172304298e+00 -1.4671534069e-01 -2.3665610598e-02 1.4139510876e-01 -9.7251758716e-02 -1.7578195124e-01 5.6659289058e-02 -2.6653539991e-02 9.4685330857e-02 2.5997948124e-01 1.6009106586e-01 4.3532311222e-03 -1.4110812301e-01 1.5947825040e-01 -4.0950471848e-01 1.9249421573e-01 8.2924064315e-02 -5.8290080746e-01 3.6578387983e-01
