-2.4188680556e-01 -1.6668664318e-01 4.7887586856e-03 9.8186953636e-02 1.4850088153e-01 -4.1419477850e-01 -1.3887186007e-01 -9.1304817051e-02 -2.1741898431e-01 -1.6255584326e-01 -1.7289170018e-01 -1.2746095278e-01 -7.1144200186e-02 1.9023815387e-01 -4.9969831907e-01 3.0223683322e-01 -2.4043936015e-01 4.5946617073e-02 -1.1979431651e-02 -1.1034854924e-01
3.3011210338e-01 -2.7190492936e-01 3.2985793129e-01 7.6708932062e-02 2.3151113723e-02 2.7128576869e-02 4.5108307656e-01 -5.8670293950e-01 -1.0377757197e-01 -2.6455957665e-01 -1.0445480233e-01 4.6823862344e-02 9.6187386129e-02 2.8611230877e-01 -4.0735818509e-01 -2.2507772387e-01 -6.9555146135e-02 -6.9086225053e-02 3.4332934502e-02 3.4649659958e-02
1.1391772868e-01 5.9776598480e-03 -1.2464169123e-01 1.6151321504e-01 6.3472369030e-02 -6.4398388523e-02 -2.3466983395e-01 -1.3774841868e-01 1.3472467506e-01 2.8801496855e-01 1.1238196616e-01 3.7345482185e-02 -1.1218415573e-01 -4.4889387691e-03 1.7117023916e-01 -1.4377116830e-01 1.4309583161e-01 3.6908337790e-02 -8.4435393881e-03 1.2786104837e-01
1.5470042064e-01 -6.5667603071e-02 -2.0044335138e-01 -7.4915768529e-02 5.8450953350e-02 6.6635023048e-02 -1.1493816575e-01 9.0619444783e-02 9.8038790539e-02 1.2679999167e-01 2.6275846733e-01 -5.5465310944e-02 1.6613314318e-01 1.1791015142e-01 1.3158872883e-01 8.4670849197e-02 -3.9778267168e-01 1.6582084918e-01 -2.3389073342e-01 -3.2293480708e-01
-4.0599669161e-01 -9.1753353115e-02 1.3761728337e-01 -2.8183986931e-01 -2.5177489170e-01 -3.5026481064e-02 -5.0636649904e-01 -1.7936748671e-01 8.1617652110e-02 -1.0027457797e-01 -2.1005533616e-02 1.8397687692e-02 -3.4282977064e-01 -1.4851919551e-01 -1.1439180172e-01 7.5929421939e-02 6.5441225409e-02 -1.4516056987e-01 1.7657551212e-01 -4.0388600798e-02
-1.3625003148e-02 -1.0174795160e-01 -2.5557503922e-02 2.3956604809e-01 -3.0857131980e-01 2.6330338012e-02 -8.4065472236e-02 3.8918323797e-01 -3.2147581544e-01 -2.1962570216e-01 -3.7828476580e-02 -5.7608260521e-02 -3.8290130036e-03 1.0436862672e-01 1.4092220996e-01 9.3894550234e-02 1.0459843931e-01 6.0988257744e-02 4.2813592004e-01 -4.5875473272e-03
1.8754110316e-01 3.3355001323e-02 -1.2474843114e-01 6.0190523298e-02 1.6219842493e-01 1.7711021422e-01 -9.9599892160e-02 5.1273708423e-01 3.5950827613e-01 1.5199438151e-01 -1.2796743133e-01 -3.6601375811e-01 3.3339110470e-01 1.6274447260e-01 2.5246478188e-01 7.6040477911e-01 -1.2143436979e-01 1.0725706926e-01 -1.5381050274e-02 -1.7433937583e-01
-3.0083871008e-01 -8.3231576760e-02 -1.7947273028e-01 3.1580688395e-01 -1.7096422226e-01 2.8308937450e-01 2.5993892506e-03 -2.3692898324e-01 -4.4980324045e-01 2.1722481054e-02 -3.5877039849e-02 -4.6779526710e-01 3.0136405945e-01 1.0009344377e-01 -2.2342826958e-01 2.8798734120e-01 -3.4523657053e-02 -3.6921932453e-01 2.7088143257e-01 1.3519208166e-02
-4.3810852093e-01 4.5044262005e-02 3.4353440159e-02 -2.2827164040e-01 -1.8606442819e-01 -2.6885108090e-01 1.7185172388e-01 -2.2703475569e-02 1.0268330561e-02 -2.2765559733e-01 -6.2151393981e-01 2.0202312485e-02 1.9247242049e-01 4.0249237001e-02 5.4111792137e-01 5.6086265858e-02 -3.6481116161e-01 1.8619162639e-01 2.0336972406e-01 -7.5531668977e-01
1.4202298105e-01 -8.0843146295e-02 -1.2518938398e-01 -4.0188598799e-02 -5.4816870535e-02 -1.4689076721e-01 -3.3109610174e-01 -2.7922714857e-01 5.1540308050e-02 -9.3540088629e-02 1.2919535754e-01 -2.2017715938e-03 -5.7841767658e-02 -1.0911136591e-01 -2.6957663194e-01 -3.1323435541e-01 -8.7591904411e-02 3.8459489052e-02 -9.5316394423e-02 2.4298417721e-01
-1.0224872005e-01 -2.5044946829e-01 2.2463304902e-01 2.6137127003e-01 -2.9046886349e-01 -8.8375076592e-02 -1.8126633168e-01 3.3190593364e-01 6.0250088165e-02 5.3892873582e-01 3.6278397201e-01 3.6528838167e-02 -1.1381711131e-02 2.2555286941e-01 -7.6706322910e-02 1.0250819054e-01 -1.6115850317e-01 2.0077098755e-01 3.7472573397e-02 3.1213279594e-01
-8.1156009927e-04 -1.3702452318e-02 2.1475745859e-01 1.8531868981e-01 -4.1558002284e-01 -2.1744766654e-02 2.3959636387e-02 2.6356546566e-01 3.6155608186e-01 5.4360416740e-01 -1.3997083659e-01 2.7977568271e-01 -3.0200377418e-02 -1.7714471862e-01 2.6247739523e-01 -1.1957358448e-01 -6.6493395238e-02 -3.4134482783e-01 5.2278775397e-02 2.7301214634e-01
8.6138474496e-02 -2.1394367107e-01 -5.4357621489e-01 -5.9232513236e-01 -2.9291001769e-01 5.3844629692e-02 -2.6875807262e-01 -2.9598160929e-01 -1.2465299155e-01 -3.2793036699e-02 -1.6257856815e-01 2.8184901055e-01 -1.1047233922e-02 3.7124471417e-02 7.2270940741e-02 5.1262023148e-02 -3.6840603705e-01 -3.1172188484e-01 -2.0704605934e-02 -1.1600143773e-01
-2.9310427959e-01 2.2587521103e-01 4.9138259871e-03 2.3432710883e-01 -1.9549155346e-02 5.5427228307e-02 2.0554223604e-01 2.2234947303e-01 5.0428953425e-02 -3.4767834425e-01 3.4552200136e-01 2.2797982637e-02 7.3976381547e-01 3.5756931167e-01 -3.6525164405e-02 2.9401911146e-01 3.6926711999e-02 -1.8052069999e-01 -3.4250750727e-01 4.7368011046e-01
3.9616501848e-01 -5.9625556497e-01 -2.1336296820e-01 -2.0030699915e-01 -3.2936330029e-01 -3.3869110110e-01 3.3151112824e-01 -2.0003347084e-01 -3.0495391222e-01 -5.9048246172e-04 -1.3884637787e-01 1.0552455364e-01 1.9971588391e-01 4.6037530757e-01 2.8570178421e-01 -9.3578762970e-02 7.2281577219e-02 -3.4902082701e-01 -3.8959174965e-01 3.5926400215e-01
4.7241509634e-02 -1.7459840030e-02 5.3995815906e-02 2.7954209244e-02 -9.3084552120e-02 1.3309792967e-01 -1.0727806821e-02 -2.3011811725e-01 -2.2269968467e-01 1.0264220099e-01 -1.2660473233e-01 1.5325124459e-01 -1.7286934935e-01 -7.6135228570e-04 -2.2497251422e-01 -1.1352633036e-02 5.0547105698e-02 4.4512475858e-01 -3.1522562156e-01 -1.9863879929e-01
-2.7729965142e-01 -1.4654015029e-01 1.8528160035e-01 6.7264477051e-03 -4.9124795198e-01 2.4215377825e-01 2.3806203880e-02 2.1547439181e-01 9.0149670738e-02 -2.0381026064e-01 -1.1682124490e-01 1.1585171946e-01 6.9832371767e-02 -7.4688966586e-02 4.4348913840e-02 -2.5568829337e-01 -3.0813769627e-03 -3.3478072749e-01 3.1567820452e-01 -5.7225235961e-02
-2.5288566507e-01 -2.8664539930e-01 -2.0683133079e-01 -3.6412073960e-02 1.0809254154e-01 2.1822569331e-01 1.5803889935e-01 -2.3344712501e-01 -1.5830453606e-01 -7.5504662450e-02 -9.8521060507e-02 2.8332791994e-01 -4.7715206351e-01 -5.7635779672e-01 -2.6063119874e-01 1.3132225326e-01 -3.7899212978e-01 1.4992409776e-01 5.0649449151e-02 2.4307619294e-01
-3.0303495385e-01 3.8172070980e-01 -2.2749463236e-01 -1.8399072284e-01 -3.3107296565e-01 -5.2258523309e-01 -4.0976297896e-01 -9.0268686480e-02 3.3741633640e-01 1.0154670384e-01 -2.4529062777e-01 3.6401673277e-01 1.1173683351e-01 -2.3502008969e-01 -3.5608243123e-01 -2.6449244286e-01 -4.7134842949e-01 -4.1119945091e-01 1.8754932089e-02 -5.4050232694e-01
2.7572553111e-01 1.5509436917e-01 -1.0993561882e-01 2.0007525489e-02 3.9191654045e-01 7.8715721719e-02 7.6620142551e-02 6.5417670029e-03 -4.9314574419e-01 3.7525930128e-01 -3.2993378329e-01 1.6171613433e-01 2.8753458060e-01 7.3057805905e-01 -6.3501025160e-02 5.0764266569e-01 -2.1223602182e-02 2.7957464079e-01 5.2793102725e-04 -9.4317609297e-02
