-3.7255095494e-01 1.5797935397e-01 -5.9244118037e-02 2.8815741242e-01 5.4228646523e-01 -4.2357152215e-01 4.5333592396e-02 1.3739459671e-01 2.5708637839e-01 -2.2219269709e-01 4.3590342304e-01 2.7371825689e-01 -4.5624714025e-01 -3.8827009181e-02 -2.7790734896e-02 -6.9836996161e-02 1.2143331734e-01 6.2199110692e-02 -9.4442075129e-02 -2.0456809399e-01
4.2663105128e-01 -4.0654432940e-02 -4.2638685993e-01 -6.8195238129e-02 -7.8379772239e-02 3.5907061697e-01 4.6689639173e-02 -4.8541445566e-02 1.9808390667e-02 -1.4186816392e-01 -5.5594827671e-02 1.8772802590e-01 1.2577690466e-01 3.2299500657e-02 1.5778327491e-01 2.5515541305e-01 -2.9183909830e-01 1.2975412513e-02 2.4051523795e-02 1.7728556189e-02
4.5416490118e-02 1.9665606200e-02 -1.7692058686e-01 -5.2354415575e-01 2.6320318995e-01 -3.2674200506e-01 1.2212527764e-02 -1.1952885264e-01 -3.8255239296e-01 -1.7833202568e-01 -3.0960892467e-02 -2.4120424167e-01 -1.6640970394e-01 1.2210429440e-01 1.0663217596e-01 7.2683389366e-02 6.5357320212e-02 -7.1987697677e-02 7.5448263047e-02 -1.4525829693e-01
5.6178187022e-02 4.0218683701e-02 -5.3462609636e-03 -7.5842377360e-02 -2.6685123425e-01 -2.2248657889e-01 6.9809158540e-01 -1.0985090003e-01 -5.3395125134e-02 -1.9293024254e-01 4.0073608131e-01 -7.2595807287e-02 1.8079677007e-01 -9.7505000770e-02 -1.2066658038e-01 -3.0735055968e-01 1.7082468599e-01 -4.4271543161e-02 2.5239668396e-01 -1.8369536235e-01
-8.5702709142e-02 2.5013080207e-01 -3.0309203346e-02 7.1224615164e-02 -1.2713653856e-01 1.8507254136e-01 2.4829059585e-01 -2.4115623983e-01 7.7111379234e-02 3.7917932656e-01 -5.2497985397e-01 -1.4340051075e-01 -1.0242983603e-01 2.7916710334e-02 -3.8142351940e-02 4.3351357018e-02 -9.2505586440e-02 -1.0304666375e-01 -7.7133138113e-02 5.4581287861e-05
-1.4595457608e-01 -2.9458082305e-01 2.9099672525e-02 1.8303616025e-02 1.6898441748e-01 1.6587239109e-02 5.9223158479e-02 8.8739418699e-02 7.5851099856e-02 6.7955953580e-01 1.2173453484e-01 -2.0431347460e-01 -2.6105019940e-02 -2.6262987548e-01 7.9426100126e-02 1.4983737911e-01 1.4058960332e-02 -1.2622951216e-01 -3.2618986183e-02 -2.1085128677e-01
-2.2468409902e-01 -9.1258342463e-02 -5.8389356314e-02 3.7347079716e-01 2.4875522993e-01 -2.8626249395e-02 -1.5364203353e-01 -1.3658084206e-01 -3.3184206089e-01 8.7105844547e-02 -1.7208276433e-01 1.5220926843e-01 -2.9541094081e-01 1.4428180586e-01 -5.6305474310e-02 9.9670019682e-03 -1.9498314424e-01 2.3395166303e-02 -1.9386021311e-01 -1.7464610965e-01
-6.0003541566e-02 6.1938622541e-02 -3.8085321569e-01 -9.7788748843e-02 2.1690981342e-01 -2.2795255863e-01 1.2534435295e-01 -1.0059073554e-01 -1.2296380155e-01 -8.9033059036e-03 5.9874466247e-02 1.7070055005e-01 -1.0797393805e-01 -1.9485830203e-01 1.5502820665e-01 7.9264345021e-02 -2.7227074032e-01 -6.2478695745e-02 -1.9452459169e-02 -1.5630271401e-01
-2.4540389164e-01 -3.3550645223e-01 1.0514285824e-01 -1.8317002490e-01 -7.2951198576e-02 3.1716007175e-01 -6.6947973520e-02 3.5665532682e-01 1.8086668871e-01 3.6396592892e-01 2.1180991827e-01 -3.4544029860e-01 1.2550724370e-01 1.9136457220e-01 -3.5140259964e-01 -2.1396209934e-01 1.9072068095e-01 2.0320730159e-02 -2.7381566991e-01 -2.8423917952e-01
-3.0400539286e-01 -1.2496199334e-01 2.8992951159e-03 2.9696321528e-01 -3.1180008857e-01 -1.6534531382e-01 -4.6066574251e-03 5.6158663359e-01 1.0527489462e-01 -9.6109692887e-02 5.4513593724e-02 1.6119660528e-01 -9.0454703600e-02 1.7226004487e-02 -1.2148261064e-02 4.3483094799e-02 1.5485780495e-02 -1.8219893838e-01 -3.0514951985e-01 2.3479937133e-01
8.5394246190e-02 2.0836930602e-01 6.3016387840e-02 3.6744194613e-01 -3.6342221535e-01 1.0550085341e-01 4.2294261310e-02 6.7608448513e-02 2.7533827771e-01 2.8368493807e-01 -1.3180997474e-01 -6.1366686449e-01 2.4160904372e-02 -1.5351543867e-02 -2.2861983823e-01 7.4228235439e-02 1.8766883927e-01 3.6660429481e-01 1.6673614172e-01 -4.0508208520e-02
8.0854190744e-02 2.4045138564e-01 2.5892435937e-02 4.3199360474e-02 -2.4269926142e-01 -8.8439869256e-02 -4.7899283611e-01 1.4612354606e-01 2.3925347908e-01 1.7059670145e-01 -1.7914088957e-01 -2.2249133142e-01 -3.4604089874e-02 -2.0907823171e-01 2.5696055858e-01 -1.3808621152e-01 2.3061490883e-01 3.1084445805e-04 2.2995822521e-01 -9.8211015495e-02
1.0134854536e-01 -1.8623805871e-01 -2.1711574751e-02 -1.6012458761e-01 -9.5556695999e-02 -2.4879890755e-02 -7.4953885973e-02 2.8481702218e-02 -2.6209882157e-01 -4.5570776238e-01 -1.1668244723e-01 -4.8039246791e-03 2.5397583625e-01 -3.5374942453e-01 -4.2161928501e-01 -3.5636524401e-01 -1.6180053578e-01 -2.6180826770e-01 -1.8376068743e-01 -1.0551147023e-02
-2.2052990753e-01 4.0588122811e-01 4.1482876100e-02 2.1290302115e-02 1.1365585349e-02 1.7189577335e-01 7.4973797108e-02 -7.2096316494e-02 -2.0954779595e-01 -9.8769866469e-02 -1.5951591533e-01 -3.3194416448e-01 3.3336316147e-01 3.9885661246e-01 -1.0232784015e-01 1.1498744056e-01 1.3629675077e-01 1.5678590496e-01 7.3103639474e-01 -3.8327967514e-01
4.1779301262e-01 3.7410066160e-01 3.0826014224e-01 1.6334922327e-01 -2.9016743380e-02 1.7480905841e-01 -1.9784901519e-01 -1.1154355131e-01 -1.4826118360e-02 -3.3638847294e-01 3.8881661068e-01 -3.6656771460e-01 2.7882914725e-01 2.4522536191e-01 1.2922024144e-01 -4.5751697096e-02 -3.2108778242e-01 -1.7606082371e-01 1.1245036295e-01 2.3443411790e-01
4.1490018828e-02 -3.7499502206e-01 -2.1120819331e-01 -1.8285564004e-02 -1.9009268517e-01 -5.3384764669e-02 1.3866166155e-01 1.4656732409e-01 -1.2194891055e-02 -1.9895175831e-01 -1.3403326121e-01 -1.9730658889e-01 -3.1666257870e-01 -9.9388273026e-02 -1.0771701812e-01 -9.9979343587e-02 -5.7212941618e-03 1.1245165762e-01 9.3824142206e-02 -1.1813235620e-02
-1.5197150262e-02 5.1464534774e-02 3.5968481195e-01 7.3660706583e-01 -2.4032973936e-01 -4.7693608037e-01 1.7499842832e-01 1.3085732986e-01 -3.7775917363e-01 2.2747333548e-01 -5.3010469430e-01 -7.0397787210e-02 -1.8376194451e-01 -9.3866434334e-02 1.7730502264e-01 -6.5326995416e-01 -4.1184271652e-01 1.3595083664e-01 2.9260976788e-01 -1.7509880683e-01
1.2486760847e-01 -2.5931857670e-01 7.9228033083e-02 1.6357910373e-01 -4.5627210823e-03 -4.4533618682e-01 -3.2259043744e-01 -1.0281758628e-01 2.0396171173e-02 -3.8555396716e-01 -1.6253047474e-01 -5.1758618998e-01 -5.8036444564e-02 5.2285759073e-01 1.0719275396e-01 -5.8902770273e-02 -7.1993885033e-02 4.2152422475e-01 -2.9906637914e-01 5.9277735977e-01
-5.6644742136e-02 3.5985120524e-02 4.6683703452e-02 -3.6612949315e-01 -2.1172464727e-01 -1.5826297495e-01 3.5379652840e-03 1.0393982272e-01 -3.0371622221e-01 7.8280169500e-03 -2.3314776545e-02 1.9513414413e-02 -3.8936154151e-01 3.4277292057e-01 2.8859304579e-02 -2.5284305896e-01 -1.3111318618e-01 -4.2514720265e-03 -2.3133552525e-02 3.2276930300e-01
-1.6420083463e-01 -3.1379012770e-01 1.0897276023e-01 1.4434809915e-01 -5.5831405808e-02 2.8158029640e-02 -2.3388901789e-01 1.4484448980e-02 2.3910227298e-01 5.3365729433e-01 -2.4067407368e-01 1.1395586467e-01 1.8828310446e-01 4.1530372234e-01 2.6800074721e-01 7.5987839593e-02 -1.8549844167e-01 -1.1692164554e-01 1.8872176240e-01 2.1187685153e-01
