9.0593631464e-02 -9.5855697906e-02 -3.4460391886e-01 -4.4985066138e-02 4.3422042350e-01 -2.6616010497e-01 -3.1664270277e-01 -1.0587363665e-01 5.1540158395e-02 -4.1646046838e-01 -9.8762581828e-02 -6.9273318723e-02 1.8171666894e-01 -1.6607387754e-01 -1.3189144058e-01 -3.4007810897e-01 2.7400311135e-01 -4.3807415616e-01 -3.5737162184e-01 -9.7556656736e-02
3.2176678335e-02 -5.2675201069e-02 -7.7876659001e-02 -1.2169342081e-01 -1.4444800497e-01 4.7626814701e-01 1.2513905394e-01 4.0298891835e-01 3.4172364851e-01 -5.2692437704e-01 2.2050477867e-01 -9.2953613154e-02 8.6737354386e-02 1.8087239373e-01 4.2213594707e-02 1.9022635668e-01 -2.7605890513e-02 1.1537923881e-01 3.2527827076e-02 -6.4490609223e-02
4.1863222623e-02 -3.4402670446e-01 -1.2376628275e-01 2.3540051392e-01 -2.3713379005e-02 -3.7132319328e-01 -1.4400244808e-01 -2.0899558203e-02 -2.2478694618e-01 5.2646359595e-03 -4.4163309756e-02 -1.8186448008e-01 -2.5101923528e-01 -2.7534730106e-01 1.7062052578e-01 3.6078346980e-01 -1.0576397571e-01 -2.8986343081e-01 -5.9090236053e-02 -1.8384425901e-01
-2.8457903450e-01 2.9496889780e-01 -5.2262405759e-01 4.2630685720e-02 -1.8800680721e-01 1.3531144158e-01 -3.3856970241e-01 -4.1257314589e-01 1.3934638079e-01 -4.2347003786e-01 -6.8628933930e-02 1.4722268093e-01 1.8183991788e-01 4.6638811044e-01 1.7728490607e-01 -4.0873219970e-02 2.0393520452e-01 -5.3271964444e-02 -3.1680750809e-01 -1.7515022378e-01
1.5456489177e-01 -2.0493863162e-01 -4.6671871004e-01 1.1356648462e-01 1.4266147670e-02 -5.7943197995e-02 -2.4497162745e-01 -2.5964389328e-01 1.2168306889e-02 2.5821353381e-02 4.7719636487e-01 -9.3201071705e-02 1.0646401628e-01 7.2618149883e-02 -2.4966425905e-01 2.3387174108e-02 -1.9915480102e-01 -1.6205767058e-01 -2.3832369061e-01 -1.6608384279e-01
1.9705259376e-01 -1.5405591914e-01 -1.5548586905e-01 4.1318220383e-01 7.3810078428e-03 9.0194481185e-02 8.6424329917e-03 1.7866741232e-01 2.2311758277e-01 4.6662562499e-02 -2.9440296676e-01 1.3418231171e-02 -4.2906546322e-01 -2.9754646021e-01 8.3331167784e-02 -1.2326654068e-01 2.8364390321e-01 2.8870278192e-01 4.8857765333e-01 -2.7040922460e-01
4.2959835937e-01 1.2924649404e-01 2.1685950185e-01 4.2910304442e-02 3.9809044097e-02 -3.4273949667e-01 9.4587904887e-02 9.6580371294e-03 3.1210315180e-01 2.5137421524e-01 -8.8795779145e-03 1.7185024026e-01 -3.6612149978e-01 1.5539017262e-01 1.5452722112e-01 -6.4964099384e-02 -1.7849349946e-02 -3.4950525244e-01 1.8260830880e-01 1.4399591712e-01
1.0541553068e-01 2.1081664337e-01 1.5295538025e-01 -2.4393114818e-01 -1.5322399400e-01 -1.5878335215e-01 -5.8678984727e-01 -1.6486006497e-01 -4.2459302954e-01 4.5079283689e-02 1.1417135433e-01 5.4084256294e-01 3.3445793335e-01 -3.7300537939e-01 -3.4640160446e-02 -9.5919137544e-03 -2.4356107507e-01 -2.6209164791e-01 1.8364041530e-01 -1.4330519509e-01
1.2482091359e-01 1.3768164908e-02 4.5699388555e-01 -3.8817777852e-01 -6.9772626384e-02 2.0552612383e-01 -1.3644458289e-01 3.4560392596e-02 5.0920443620e-02 -1.4660648180e-01 1.2436399868e-02 -7.8186020858e-02 6.2203330625e-02 -1.4362655125e-01 3.6991413597e-02 1.2473429419e-01 -2.0101292952e-01 -4.5275201532e-01 4.0612529914e-01 -1.4453703546e-01
3.3073045574e-01 -5.2133729020e-01 1.0228271560e-01 3.6773942066e-02 2.1121530110e-01 -1.3631754114e-01 2.0000194673e-01 2.3534867791e-01 -2.2689064451e-01 6.6507428305e-02 2.7313877169e-01 3.0189217782e-02 1.0828419312e-01 -1.3375515910e-01 -5.8813615820e-01 1.0666606516e-01 1.9369093312e-02 -1.7349976665e-01 -2.2787502913e-01 3.4230190168e-01
-1.1204741306e-02 -3.4246305247e-01 -1.9589668930e-02 -2.2047303519e-01 -6.0190083329e-01 -1.4509291359e-01 -4.5550709650e-01 1.7101347530e-01 1.1108993107e-01 6.9088303102e-02 3.2129463765e-01 -1.3572022774e-01 -1.1796823019e-01 1.0084614946e-01 1.0024971189e-01 -1.5113458992e-01 -4.9262808104e-02 3.8135784345e-02 3.3581409707e-01 -3.3962839126e-02
-9.5300545638e-02 1.1172862701e-01 4.2634464345e-01 -1.2128955086e-01 9.5640725436e-02 -2.0127439209e-01 -2.4559357233e-01 2.1195151468e-01 -1.3480577027e-01 7.1243116495e-01 6.3786145560e-02 -2.5741999123e-01 -4.0713427344e-01 9.0389622448e-03 6.1624554444e-01 1.6338757843e-01 -3.9818719480e-01 1.1003770888e-01 -4.1188896168e-01 1.5249875817e-01
5.9300524515e-02 1.7721151804e-01 2.5027602471e-01 7.1873670133e-02 -3.5851384397e-02 -2.0756511347e-01 2.8727045916e-01 5.9793056333e-02 2.8068215803e-02 1.2613922324e-01 -4.2705575672e-01 -1.2010700643e-02 -7.4854763020e-01 1.9152965556e-01 1.2677978731e-01 -1.3095198750e-03 1.7685880143e-01 2.8512290354e-01 -4.7919909890e-02 1.6810738244e-01
3.8260495338e-01 6.0563925134e-02 1.7952862903e-01 -1.3715730732e-01 -3.8025324466e-02 4.7125549335e-01 1.8477580496e-01 -1.5310258157e-01 2.1910883033e-01 1.5401505459e-01 6.6630176370e-02 1.1106717897e-02 2.1957925642e-01 2.4679298814e-02 -1.6043009322e-01 -3.4585645141e-01 -1.3847706300e-01 -7.4482077378e-02 -3.4368795050e-01 -7.3961678631e-02
1.4265868508e-01 -1.9201223035e-01 3.4090271816e-01 -5.0639813761e-02 -2.8930723160e-01 1.5970551217e-01 2.2404143550e-01 5.4340824173e-03 1.8918761165e-01 -2.0765124817e-01 -1.3893985698e-01 -3.4145064605e-01 1.2182571658e-01 -8.3129144695e-02 7.9628655567e-02 -3.7632377857e-01 -8.4558473166e-02 2.8115832352e-01 -3.7882325017e-03 1.2095634993e-01
1.1349883993e-01 -4.7935516862e-02 -4.2331226722e-02 -5.1540204914e-02 -8.4189481415e-02 1.2485442526e-01 2.9413833109e-01 -4.1993132144e-03 1.2073224456e-01 -1.5269407340e-01 -3.2267871808e-02 1.9417539381e-01 1.3636776911e-01 -9.7762791330e-02 7.7131118205e-02 -2.4690856300e-01 1.2382743132e-01 -7.7730225566e-02 -2.2960333838e-01 1.8271173233e-01
-4.1353126155e-02 2.0541176505e-01 1.5890494395e-01 5.2289802145e-02 -1.5871533340e-01 2.4152909635e-01 -6.5081037332e-02 -2.9830854344e-02 -3.5693356081e-01 1.1263835409e-01 -1.9976103011e-01 1.1925034373e-01 -2.4712021421e-01 2.2236130257e-01 -5.2132959844e-02 -2.0841616806e-01 1.2263837588e-01 -2.7524632120e-02 -6.0359665925e-02 -5.7102595669e-01
6.5620505519e-02 3.8467344151e-01 3.2867409286e-01 -1.6006792443e-01 -8.4661806025e-03 -4.4550120094e-01 4.6471566766e-02 -1.9214188497e-01 -1.5037134968e-01 1.9843622972e-01 4.5397397149e-01 -2.5528843467e-01 -5.5611959992e-02 -2.1831612567e-03 2.0574634356e-01 6.6338137065e-02 2.0208657195e-01 -7.9233550850e-02 -2.3084591476e-01 -1.8128683469e-02
-4.0785825867e-01 -1.3487733522e-01 3.0361715486e-01 -7.9420320428e-01 4.5055810022e-03 -1.8710294271e-01 1.2859277343e-01 1.1863558244e-01 -3.0931304831e-01 5.2706260734e-02 -3.9997761127e-01 1.5138743638e-01 -8.5339588660e-02 7.7116225810e-02 4.7424774429e-02 -2.6580224800e-01 -4.7251824230e-01 -1.3638441366e-01 -8.3313935095e-01 -3.5676756094e-01
1.7678232224e-01 2.9374136678e-01 5.1242798177e-01 -1.2769452342e-02 -6.6479504501e-02 -3.2271011316e-01 3.2106388841e-01 -2.6947811465e-02 2.1304120759e-01 -3.1788467140e-01 2.1669651372e-01 3.1976794320e-01 2.2118052650e-01 -1.0759716339e-01 3.2051327299e-01 2.3819803652e-01 -4.7217529581e-02 3.0660565334e-01 6.3639313070e-01 -4.0576804557e-01
