-7.0748895872e-02 9.0596504905e-02 -1.9753793746e-01 2.4987263452e-02 1.9468301607e-01 -4.8544658997e-03 -2.5331128713e-01 -2.6929271265e-01 -1.4993111715e-01 1.3479878731e-01 -7.5866520690e-02 -1.9533965251e-01 1.6438568060e-01 -2.7916829007e-03 2.7957862003e-01 4.8399913227e-02 -2.0327290943e-01 -1.3017122167e-01 -2.1646754503e-01 -3.5690447625e-01
-3.0617201845e-01 1.3104269945e-01 1.5648650742e-03 4.4033981500e-01 -9.6423380841e-02 -2.1230961338e-01 -1.0346621840e-01 -5.9062112035e-01 -9.4359538362e-03 -1.1269522628e-01 6.5561834985e-02 -1.2872067861e-01 6.6498419839e-02 -1.7011116894e-01 1.6078751547e-01 2.6001503388e-01 1.0896952627e-01 -3.1898900911e-02 5.0196311922e-01 -4.6435358952e-01
-8.9043908408e-02 7.0021596119e-02 -1.4949197979e-01 -1.5308134132e-01 -1.2820824950e-01 6.4146716511e-02 -3.7622814786e-01 -3.4542297826e-01 -4.0031664205e-02 -6.8315967883e-02 -4.5642357829e-01 4.8894527560e-01 1.7231808286e-01 -1.0709374293e-01 1.6360940681e-01 -1.4958168116e-01 -4.6335413342e-01 7.0616997037e-02 2.1540071814e-01 -5.5135779149e-02
-3.1460377424e-01 1.8810447880e-01 -2.5778139925e-01 1.6340203130e-01 1.2345227271e-01 -1.6818723118e-01 6.7060583937e-02 -1.7332727466e-01 5.4468753202e-02 -1.7430835560e-01 3.0579237380e-01 2.8453245167e-01 3.7689604605e-02 -1.4207740247e-01 1.2210489334e-01 1.6492089362e-01 5.9867365288e-02 -3.3979444905e-02 -1.3591072785e-01 -2.4679236795e-02
-5.9302081310e-02 -3.0208928205e-01 -1.0957096671e-01 -2.5798374036e-01 4.7730266600e-01 3.4585843278e-01 3.9712983584e-01 -6.4674036192e-02 2.2090331315e-01 -6.9899318334e-02 -3.0245327862e-01 1.9213996143e-01 -4.9924350298e-01 1.3258638081e-03 -2.2498726029e-01 -3.0896994915e-01 -1.5593725350e-01 -2.7382938563e-01 -4.0519327933e-01 8.5911998169e-02
2.7175245509e-01 -3.0763811870e-01 -3.6420482692e-01 3.1834420840e-01 -1.0767371750e-01 6.7066705646e-02 -2.0726485543e-01 6.2739951857e-02 -2.7017482561e-01 -1.2196980369e-01 -2.5469508010e-01 1.2992365739e-01 3.0971649552e-01 1.8497584632e-01 -1.6796358164e-01 2.6584301564e-01 3.1494214567e-01 5.8262518524e-02 -3.4617486257e-01 3.7515786087e-01
-1.1406994656e-01 -1.0094312025e-01 -2.3201411893e-01 5.1946952441e-01 -1.2717818052e-01 6.7255800031e-02 -2.2028457681e-02 -9.4730054614e-02 3.2478262999e-01 2.3630677552e-01 -5.8133445285e-02 3.1932967287e-01 1.3477504406e-01 7.7662270360e-02 -5.6028273446e-02 -1.7333452994e-01 -2.7747293372e-01 -1.3814401032e-01 -1.1790892173e-01 5.8833705976e-02
-1.7315800361e-01 -2.3503298496e-01 -9.4049426266e-02 4.3856109737e-01 -5.3327737197e-02 -9.8769266069e-02 3.6814804379e-01 1.7646089921e-01 1.4352589923e-02 -3.5749571901e-01 -4.8016556895e-01 -1.3707329141e-01 3.8450560236e-01 2.4022970553e-01 3.3331143108e-01 -2.0887192726e-01 -1.5569470370e-03 -1.0982363195e-01 7.0681751027e-02 1.3277122352e-01
2.1180464855e-01 -9.1652702521e-02 -1.8115781516e-01 3.7612646776e-02 -1.8635843238e-01 -2.5655909573e-01 1.5718234930e-01 -3.0594844205e-01 4.5373711556e-01 -3.0206848734e-01 3.9125026474e-02 6.2802356878e-02 3.0046971421e-01 -8.3651527234e-02 5.9537542299e-02 9.9328117127e-02 2.7832616848e-01 8.1645674218e-02 -2.9204628979e-01 2.3004555624e-01
-2.2068010608e-01 3.4794322406e-01 -1.1121404107e-01 -1.9311790223e-01 -1.4457624535e-01 6.0646912564e-02 3.0693144032e-01 -4.1310099923e-01 -1.6468817784e-01 -3.7906735975e-01 1.6501058223e-01 -1.0810240604e-01 -1.4493699870e-01 3.8867166456e-01 2.4789627840e-01 -7.0431004664e-02 -6.7179666041e-02 -2.7469832333e-01 1.1882235320e-01 3.3936688362e-02
3.9959055697e-03 -3.0979537482e-01 -3.8041101057e-01 4.6041818731e-01 1.5512487999e-01 5.8460160993e-01 1.5618191182e-01 2.5132673454e-01 -2.2367965389e-01 -7.0559356318e-02 -2.5641542455e-02 6.4343760389e-04 1.9963022637e-01 -6.2452957938e-02 -2.3591927331e-02 7.8098061732e-02 -7.3988720047e-02 2.7109694765e-01 -1.1581475556e-01 1.6700927778e-01
1.4972940761e-01 4.6058480253e-02 -1.0519980383e-01 -1.8429925391e-01 -6.7579533681e-02 2.7364615342e-01 4.2378639659e-01 -3.1206183387e-03 1.7754862021e-01 -1.7864370222e-01 1.9366847084e-01 -6.1812346362e-02 4.1668257923e-01 1.9311428728e-01 -2.4623152006e-01 3.9631629593e-01 2.6760988365e-01 -4.5245985029e-01 -4.7169765042e-02 1.6992361600e-01
-5.2113833543e-01 3.5729687714e-01 -3.0937239562e-01 6.2342664073e-03 -4.9696923233e-02 6.5853298732e-02 1.8335209145e-01 2.8971093224e-01 5.4819406235e-01 2.6499611031e-01 1.4773144112e-01 1.9360522902e-01 -5.8367918131e-01 -1.6469658977e-01 3.4500103015e-01 -2.6757327694e-02 -2.4994842240e-01 3.2802620247e-02 -1.3337411907e-01 1.3123983955e-01
-2.6157965400e-01 -2.4349936824e-01 9.8030835626e-02 4.1990516856e-02 -1.9737173495e-01 2.4027112316e-01 2.8902740041e-01 6.0403182588e-02 -3.0100082288e-01 -1.9706311635e-01 -2.7293061165e-01 3.0490562082e-01 4.6392296743e-01 2.0541557479e-01 2.1107336520e-01 -7.5742031426e-03 -1.6267764884e-01 1.2731825780e-01 -2.7280036291e-01 -2.0327108937e-01
2.4399869724e-02 6.9790436758e-01 3.2281672708e-01 -1.7034915392e-01 2.8408914344e-01 -1.9413746910e-01 1.0398431562e-03 7.7076368005e-02 2.9885316433e-01 -4.6820543336e-01 6.3039111583e-02 -1.6886186140e-01 2.0990387654e-01 1.7629673304e-02 8.9192503475e-02 1.3454992978e-01 4.0927063878e-01 9.9874303653e-02 -9.0972297727e-02 2.2505663036e-03
-5.3222769125e-02 -1.9484168940e-01 -2.8523917311e-01 3.4812515085e-02 -3.5413454316e-02 3.7881566247e-01 -4.9165572196e-02 -6.6749258654e-02 -1.0439423242e-01 1.3222877328e-01 2.5189966208e-01 1.1083169737e-01 2.3868408061e-01 2.3525827396e-02 4.3717737919e-01 6.3762739940e-03 -5.4415256020e-02 -9.8357124533e-02 5.1743314046e-02 -7.2005174635e-02
2.9564496838e-01 -4.0280672753e-01 6.7387399801e-02 -1.1693907361e-01 2.5617547143e-02 2.8934443982e-02 7.9284312302e-02 -6.7515345245e-01 2.2201457821e-01 -3.1885956412e-01 1.4383063940e-01 2.4851467285e-01 1.7102381613e-01 1.6757852363e-01 1.1360701328e-01 -1.8407595032e-03 -1.0162773216e-01 1.1906779298e-01 -6.0991105451e-01 4.2827485742e-01
-1.1890890875e-01 2.6714458207e-01 -1.7518008924e-01 7.1041644566e-03 -6.4755411533e-02 -3.3895678386e-01 5.2133628150e-02 -4.4763098279e-02 6.1853266108e-01 3.0121149873e-01 1.0900829242e-01 2.3392873627e-01 1.8727922773e-01 1.1529551661e-01 -1.2042549161e-01 -1.4243128370e-01 -1.2752497497e-01 2.1110389934e-01 -2.0686564029e-01 -9.0415453035e-02
-7.4610934318e-02 2.5726582463e-01 -6.1173254447e-02 7.5253469335e-02 2.1348369413e-01 -4.4448797350e-01 -1.5763054969e-01 1.0514064364e-01 1.8780373680e-01 8.3059934850e-02 -5.9241921844e-02 -1.9681017074e-01 5.8801577928e-02 -1.0008386434e-01 -1.4035387615e-02 -1.6213704463e-01 -4.2393405111e-01 -2.8839764838e-01 -3.8061410751e-01 -3.4133757477e-01
8.2657910438e-02 -1.0698063892e-01 1.1174717165e-01 -2.3878181945e-01 -5.1459484997e-01 1.7072197872e-01 2.7357894600e-02 4.5919781839e-01 -1.6716946231e-01 -4.7738306878e-01 -2.0376449396e-01 -5.2925545383e-02 1.4438858483e-01 -4.1535832289e-01 -2.8172664271e-02 7.8375813597e-02 -1.5476108275e-01 -3.9481364812e-01 3.0083158507e-01 9.2770075419e-02
