-2.4290890221e-02 -3.7596591369e-01 4.2932085714e-02 -3.9788557134e-02 -1.6724967814e-03 -3.2431154415e-01 -2.2792876232e-02 -8.6593371469e-02 -6.2018601037e-03 2.2643472519e-01 5.7518427331e-02 9.4474110663e-02 6.4281059833e-02 6.0958779860e-02 -1.3586294317e-01 5.0573898767e-01 -1.2497306271e-01 -1.6359863520e-01 1.5453901683e-01 6.5556396928e-03
-1.7022931098e-01 -1.9439412607e-03 1.8297012794e-01 -2.3524135255e-01 1.6601698998e-02 2.3665504192e-01 1.2091607022e-01 1.5308827755e-01 -1.4456634050e-01 1.4672929977e-01 -1.1587818278e-01 2.4860219640e-01 3.1117767887e-02 4.2417637721e-01 -2.1037793733e-02 3.1092551169e-03 -8.3569943006e-02 8.2741374720e-02 -1.9014563193e-01 -4.4100751283e-01
7.6466546180e-02 -1.2362625218e-01 6.0935804615e-02 2.9524919665e-02 -1.4843899509e-01 1.1403890761e-01 8.8187513629e-02 -4.4146948636e-01 -2.1722131726e-04 1.2275011904e-02 2.4139723482e-01 -3.8742125744e-01 -3.4975157909e-01 1.1619370631e-01 5.9056820225e-02 -2.2003722281e-01 -2.3953427621e-01 -5.4902750017e-02 -4.4369541711e-02 -1.6504725115e-01
-3.5999475078e-01 -3.1970255219e-01 1.3824581374e-01 2.5367072351e-01 -3.2137384971e-01 5.4203812625e-02 -1.6578200064e-01 -1.3031634354e-01 -7.6387230284e-02 8.7147440725e-02 3.3650202231e-01 -1.6478573629e-01 1.5380990162e-03 -2.0709150740e-01 1.0416281234e-01 1.5862180663e-01 5.0249521880e-01 3.1490110628e-01 4.6934276970e-02 -5.3773746951e-02
-4.4089116948e-01 -3.5637424500e-01 2.3233869778e-02 6.8019643832e-01 -1.5436917918e-01 3.4791435603e-01 5.6679396469e-02 -3.3807951099e-01 -1.7540414767e-01 -3.5252206349e-02 -7.7050945783e-02 -8.3677667672e-02 -2.7707353022e-01 5.2993184889e-02 -2.5632557692e-02 -1.6031092132e-01 2.5200978901e-01 2.3400108119e-01 -1.9706854000e-01 -5.2607903066e-02
-3.1249730502e-01 1.9358748213e-01 6.4769224757e-02 -1.1142523306e-03 -2.9575755892e-01 -5.5268971300e-01 -1.0820010116e-01 -1.8227464912e-01 1.8363722668e-01 7.3070235250e-02 -5.0559950809e-02 2.9540086469e-01 5.8377783602e-02 -3.1889434883e-02 3.3059167905e-01 -1.2867560960e-01 -1.8922757814e-01 4.0597465061e-01 -2.6322177778e-02 1.1527096666e-01
1.2965875686e-01 -3.9553800926e-01 1.6894235097e-01 5.5407829107e-02 -1.5866095152e-01 5.0207101138e-01 -4.9036190821e-02 -1.6151311893e-01 -2.2628010669e-01 1.5500791966e-01 4.7337002993e-02 -2.5387266115e-01 -2.5830343410e-01 -2.3613264335e-01 2.7154912283e-02 4.5996747879e-01 1.4707378839e-01 3.3943130482e-01 -8.4981942958e-02 1.3688458665e-01
-1.4720088124e-02 -6.0211012693e-02 -9.7701903777e-02 2.7246167177e-01 1.8896435727e-01 3.5414402245e-02 1.2026429971e-01 3.6747566294e-02 -2.8742363102e-01 -8.4772933204e-02 -4.0525453004e-01 7.8466125478e-02 -8.0569056284e-02 7.2773062271e-02 -2.3868996996e-01 -4.7559355283e-02 -3.3699996376e-01 -2.0293756974e-01 -2.6041313564e-01 3.9138733391e-01
1.8530829304e-01 -3.3693352417e-02 6.2269785191e-02 -2.8969267782e-01 1.0371184831e-01 1.5681208742e-01 -1.2397068419e-01 -2.5576248419e-01 2.7099817572e-02 4.6830371020e-02 -4.4379393934e-02 2.6307210338e-01 -9.4225093171e-02 3.6501107189e-01 -1.3503439986e-01 3.3068676844e-01 -2.9574781932e-01 -1.1221686792e-01 -9.5119974536e-02 4.6646533247e-02
-1.5360087276e-01 2.1786714230e-01 -1.1877745858e-01 -2.1782012207e-03 -2.0306499584e-01 2.1929467978e-01 -2.1444621491e-03 1.9101240216e-01 -3.1998604906e-01 -4.6900896471e-01 1.8255356500e-01 -9.5943723786e-02 3.6302637362e-02 -1.1624944669e-01 1.9850631995e-01 -9.0684284147e-02 1.5394600081e-01 2.1431457939e-01 3.2051569302e-02 -1.6556899669e-01
7.3996890764e-02 -1.6186206436e-01 2.0953881849e-01 -3.3575802575e-01 1.2205633437e-01 -3.4599599839e-01 -2.2144841163e-01 9.9598668838e-02 -1.2198056423e-01 -2.6699792366e-01 4.9856844033e-01 -3.4938503796e-01 2.2015837663e-01 4.5567555218e-01 5.2184180732e-01 2.2230310108e-02 -1.9742872864e-01 -2.4509013038e-01 -3.1021224059e-01 7.9304621720e-02
-1.5904032988e-01 2.6673174740e-01 -3.8964878086e-02 -1.3995865483e-01 -3.5440809783e-01 -3.1990918833e-01 -7.9128303675e-02 1.4110723886e-01 -3.8374973887e-01 -7.6594709261e-02 1.8502175885e-01 -4.0218906142e-02 3.3414717075e-01 2.7180027660e-01 -2.1651837371e-01 2.5539147267e-01 -4.4932196533e-02 -3.5852596600e-02 1.3782477815e-01 9.1480476273e-02
-2.4146332931e-01 -2.0940361845e-01 7.4366771864e-02 -6.9082696604e-02 -2.9931577068e-01 5.2024785022e-02 3.9074757350e-02 -1.6092389350e-01 -3.3386066241e-01 -9.4822698843e-02 -5.2649189760e-01 -5.4188209077e-02 4.9968843283e-02 -1.9962226189e-01 -6.6878752062e-02 -1.6555584104e-01 -2.3229725011e-01 2.2685976741e-01 1.0509773994e-01 -7.8635030331e-02
1.0491729500e-01 1.2020121542e-01 -7.1629711214e-02 -2.1523516928e-03 -3.2960929104e-01 -3.5947929454e-02 -1.0244335680e-01 1.9933524781e-01 4.5552283415e-01 1.0076969553e-01 -9.5128953441e-02 -1.0406859401e-01 -5.5792751782e-01 1.4999660425e-01 -2.3540368247e-01 -3.0784619513e-01 -2.9882727501e-01 1.0105980775e-02 6.9428462942e-03 2.8465976942e-01
-3.0903525678e-01 -1.6271430933e-01 1.1124120031e-01 -2.4690545187e-01 -8.0521447266e-02 -3.4135566886e-01 -1.3421428208e-01 -1.1178984165e-01 -3.7333904090e-01 1.5201492414e-01 -7.4682713575e-02 3.8073222367e-02 2.3593890438e-01 4.6488699851e-02 -2.3438152388e-01 -6.9743529331e-02 -6.7175314676e-02 -5.7678737015e-03 -2.2532241639e-01 7.3914837347e-02
7.4160300931e-02 3.1826704220e-02 3.4170443091e-01 -1.9329876978e-01 1.6143568437e-01 1.8017483134e-01 -3.9085786873e-01 -5.5706316224e-02 1.2909333510e-01 4.6846337200e-01 -2.3484875233e-01 -3.0480257624e-01 -4.0260326610e-01 -6.1144408573e-02 -8.5161262359e-03 8.0926367683e-02 1.4482422215e-01 2.8775062993e-01 4.3953469915e-01 -1.1950288628e-01
-3.0134335482e-01 -1.1225968326e-01 -2.1660658955e-01 2.8703987228e-01 2.2398349262e-01 2.4829744777e-01 1.3919982753e-01 1.3052436054e-02 -2.7137896240e-01 2.2873006972e-01 4.5649685861e-01 1.0315125098e-03 -3.5605804185e-01 -1.9491094206e-01 1.1019765913e-01 3.1970107699e-01 1.5314096975e-01 3.4185482544e-02 5.5844752567e-02 -1.2120265006e-01
4.1113108845e-02 2.8901621220e-01 6.8160661316e-02 -1.1493460849e-01 1.5953286708e-02 2.7578510347e-01 4.1349673515e-02 -1.4728848301e-02 3.4683344347e-01 -1.8169646010e-01 -7.8829990456e-02 -1.6269791385e-01 -1.0200961365e-01 -1.7218451727e-01 3.0642202356e-01 -4.4625024841e-02 8.3260400634e-02 -1.3930305523e-01 3.5048802996e-01 -1.4910916619e-01
-3.5261380756e-03 -6.3687380431e-02 1.2145228866e-02 7.7615022193e-02 9.4253670962e-03 -4.5794540567e-01 2.0793901877e-01 -3.1869461717e-02 3.0543521005e-02 9.8838713974e-02 3.6671369505e-02 2.9464364282e-01 -2.6806111123e-02 -9.3544860987e-02 1.6472413356e-01 -1.7023459481e-01 2.8420010498e-01 -1.1912889271e-02 3.6740335288e-01 6.6022439430e-02
-1.3373141703e-01 9.4052289392e-02 7.2625608979e-02 1.6299184257e-01 6.6524404581e-02 -4.3922182988e-01 -2.2090322647e-01 3.9083481471e-01 4.8080248689e-02 1.9096531826e-01 -4.1771072144e-01 3.2947329796e-02 1.9011845910e-01 -1.4372274852e-01 -2.1982754454e-02 -2.6263124701e-01 1.7905141088e-01 -1.9549000443e-01 -3.9487193611e-01 -1.1518912141e-01
