-1.3356771255e-01 -3.8503644766e-01 5.6930324461e-02 2.8582197595e-01 -5.0764183757e-01 -3.3665026877e-01 -2.7493779163e-01 -3.2914507154e-01 1.2036800242e-01 -2.2824157537e-01 -1.6234200210e-02 -1.5902732851e-01 -2.0340489553e-01 -5.8273566730e-02 1.8695143285e-01 -3.4424592779e-01 -9.4363105136e-02 5.8827719533e-01 -5.1399458756e-01 4.5588089590e-01
5.4472260466e-01 1.6146285119e-01 1.2984472398e-01 3.4508418371e-02 7.5480350364e-02 -3.7594270356e-01 -4.1644019680e-02 -1.5493747146e-01 3.8101884544e-01 -2.1937900513e-01 -8.2012863579e-02 3.3311444671e-01 1.7242284263e-01 -2.6544964723e-01 -1.6181998729e-01 8.9231784313e-02 -7.5697971272e-02 -1.1366242522e-01 -1.4458177032e-03 3.9918536123e-01
-5.4897775539e-02 -3.6517224833e-01 3.7640128117e-01 -6.6856763564e-02 -4.6029205058e-01 1.9146534947e-02 -1.9963421980e-01 -9.1591658040e-02 4.4080158447e-02 4.1482151924e-02 5.8246606440e-01 2.6554012957e-01 2.0169767344e-01 1.0472678756e-01 -4.6514095684e-01 -3.4668070341e-01 2.5721922418e-01 3.3546061605e-01 6.1721638605e-01 1.0885361680e-02
-2.8242301757e-01 1.4815257406e-01 4.4973679901e-02 -2.4546524065e-01 3.1545391859e-01 2.9651289379e-01 -1.6081977016e-02 2.4249253382e-01 1.7926135607e-01 -7.7816964263e-03 2.4582747493e-01 1.3531979888e-02 -2.9332722175e-01 -5.0724653821e-01 -1.3149238567e-01 4.9193666736e-01 1.6201467007e-01 4.5810551784e-02 1.0210282948e-01 -2.1578595114e-02
2.9546213990e-02 -1.8265176546e-01 5.1451248121e-02 -1.5177814447e-01 -2.4676144317e-01 -9.9612372991e-02 -9.4348900105e-02 -1.5423821984e-01 6.0598601830e-04 3.9100811716e-04 1.7213017969e-01 2.6328199111e-01 3.5853097220e-02 -3.5290426945e-01 -1.0042487843e-01 -1.4961124515e-01 -4.0762931123e-01 1.4080999689e-01 -1.0877928720e-01 -1.1965805215e-01
-4.2007732191e-02 2.4382522940e-01 2.1073704968e-01 -1.6168836459e-01 4.3859390808e-01 1.5799920926e-01 3.3118227304e-01 2.8137432756e-01 -1.7895455798e-01 3.7671321616e-01 -7.7048935776e-02 2.6406165907e-02 3.6899221951e-01 -1.4722396960e-01 -5.9186727285e-02 1.9758906635e-01 4.8401699255e-01 -1.6984771985e-01 2.4158908935e-01 -3.1160383717e-01
-6.3625883983e-02 4.8828293996e-02 1.5750774830e-01 -6.9256428021e-03 -5.2089630623e-02 3.9707165203e-01 -3.7876032322e-01 -1.0827585403e-02 1.8764490221e-01 2.2114104769e-01 -1.5879914652e-01 -2.8039550998e-02 -1.9460955932e-01 1.2248029253e-02 9.1720311459e-02 -2.2065005643e-01 7.5887644042e-02 -4.4074565694e-01 -1.4037078245e-01 1.7630688759e-02
-8.0257564289e-02 -3.9093679275e-01 -6.4988221732e-01 -1.9962721864e-01 -2.0194616301e-01 3.1787522257e-01 1.9197178112e-01 -2.2338626835e-01 -2.9612743155e-01 3.0873841835e-01 -2.7909659898e-01 1.7212647751e-01 -1.6474256111e-01 -8.6727486671e-02 -3.0454508188e-01 -3.4367932458e-01 3.9345174555e-02 4.3582693388e-03 5.1432309442e-02 4.1841283119e-01
3.3019259579e-02 3.0915299893e-01 6.6729914501e-02 3.9180008016e-01 4.7721022806e-02 1.2541763721e-01 7.7077302257e-02 1.9911008054e-01 -1.5091714736e-02 5.3721197652e-02 4.1346723207e-01 -1.3449779051e-01 9.6742024346e-02 5.1101891632e-02 2.2399128406e-01 2.6149452236e-01 -1.6455060996e-03 -1.0430364585e-02 2.5210480730e-01 1.6729590778e-01
-1.6969501270e-01 -8.2119256666e-02 -2.3413203985e-02 -4.2329511573e-02 2.6559520107e-02 1.1524516946e-01 -1.7237112552e-01 4.4647826900e-02 2.7242956934e-02 3.1963472816e-01 1.2309968392e-01 4.1851806521e-01 -7.0494731810e-01 1.7570863096e-01 -3.4693558390e-01 -2.3427076689e-01 -2.0819404569e-01 -1.3570700680e-01 -4.7231546188e-01 -2.3169720363e-01
-9.0830841034e-02 3.9223567918e-01 1.0803056410e-01 3.3186621263e-01 -2.4322195822e-01 4.4089546837e-02 4.4447788235e-01 5.2946122806e-01 -5.6052871638e-02 3.0308312758e-01 -4.3199716129e-01 3.3421646081e-01 2.6176829425e-01 2.3791978095e-01 -2.9031431275e-01 6.0332831564e-03 1.8852604333e-01 1.0603536830e-01 -1.2421537823e-01 2.5651823437e-01
9.9984969268e-02 1.1288804372e-01 1.4976278691e-02 3.0073211623e-02 4.9195898810e-02 2.5979822470e-01 4.3535601752e-01 -9.5706909566e-04 1.7642742782e-01 1.2748540291e-01 1.2753732900e-01 2.2888766909e-01 -1.9872411558e-02 2.5387858667e-01 1.0267696644e-01 6.8560783233e-01 3.5639606299e-01 -1.8096260210e-01 2.9680239939e-02 -6.2966412359e-02
-2.5762925768e-03 -2.3758686737e-01 -2.9723252611e-01 -7.1535166898e-02 2.9522761889e-02 -1.6410575387e-01 -3.5495374670e-02 4.9546433981e-01 2.4501018998e-01 -5.5381689993e-03 5.4271530796e-02 -2.8037357577e-01 -1.4006839884e-02 -3.1159866575e-01 -1.8355559669e-01 -7.5237382874e-02 -5.3066886061e-01 -7.1760361512e-02 1.8247546191e-01 -2.5582811948e-02
-3.0998524723e-01 -8.7436179871e-02 8.6848144377e-03 -1.0315702342e-01 1.5551592169e-01 2.0494994526e-01 9.7115374726e-02 1.7261596763e-01 3.0832937112e-02 2.2700610443e-01 1.2956895358e-01 8.5540000357e-02 2.9996396944e-01 -1.2610652213e-01 -2.4539514711e-01 -2.6780119441e-01 -2.9932913397e-02 1.0827844211e-01 1.8196979787e-01 9.2544462013e-02
3.1058522870e-01 -2.8335567510e-01 3.5584464074e-01 8.6721144594e-02 4.4621404108e-01 -1.0813368167e-01 2.2454710638e-01 2.1665359783e-01 -1.0512634363e-01 5.7294591108e-02 -1.0010881092e-02 -1.9577892257e-01 -1.8567864032e-01 -6.6400257378e-02 -4.0112804146e-02 4.6059645935e-01 1.7510145151e-01 1.8691285759e-01 -2.3959189354e-01 3.4423093738e-01
1.2747407514e-01 -2.9691918127e-01 3.2921436305e-01 5.1198818990e-01 -2.2127602751e-01 1.4711070708e-01 -2.6336409116e-01 3.5827691977e-01 3.1929530769e-01 -9.8368561793e-02 2.5753001462e-01 2.0701042621e-01 5.7737534646e-02 -1.1623214205e-01 -3.6120502873e-01 -3.6022914694e-01 2.5751288211e-01 2.3440189594e-01 9.3121121578e-02 -6.1765854117e-02
6.7702995245e-02 -1.0463090943e-01 -1.4343516172e-01 -3.5024226703e-01 1.1505272386e-01 -3.6874979442e-01 -1.8500241955e-01 3.1995509653e-01 5.0009970830e-03 -2.1345845413e-01 -1.1693752460e-01 -7.2061756452e-02 1.4647791765e-01 -5.2406448903e-01 -1.2632295661e-01 3.5042962619e-01 -7.6591782262e-02 8.9661384858e-02 3.0108427443e-01 -1.9675361232e-02
-1.6145524839e-01 3.0379532898e-01 -1.8282382654e-03 2.6289044277e-01 7.0070303857e-02 -4.1722551366e-02 7.1949456091e-01 -2.2391400641e-01 -1.9469886623e-01 2.1768110390e-01 1.9184038259e-01 2.6900922580e-01 2.4684977855e-01 6.2723579386e-03 1.3720137890e-01 5.0807827826e-02 -3.9331235482e-02 -2.8717363032e-02 1.5628993249e-01 -6.0146481342e-02
7.1433621668e-01 -6.6059553121e-02 -1.7801702328e-01 -2.7949744712e-01 -1.8634478494e-01 2.2834597119e-01 4.6344556445e-02 3.7285041732e-01 1.4254886800e-01 1.9251504322e-01 2.5074787186e-01 -7.9663128795e-02 -1.6629659543e-01 -3.4698741468e-04 5.7702167403e-02 -9.9674075619e-02 -1.7599083894e-01 -1.4533235265e-01 -2.1448907637e-01 -1.8450068570e-01
-1.6039321032e-01 6.8294211437e-01 -2.3921940337e-01 -3.2552485327e-01 9.6693096319e-02 4.7577267687e-01 -3.5353997137e-01 -1.0462636913e-01 -1.0845835369e-01 2.2333175020e-01 -9.0397746746e-02 -1.6051748789e-01 2.2294931188e-01 4.1557407557e-01 -4.9070263291e-01 1.5670863828e-01 3.5209024264e-01 -1.2008792390e-01 3.8145021117e-01 -2.0067002741e-02
