-2.1697506875e-01 8.0381611780e-02 -1.0973090746e-01 7.6482799179e-02 3.1885904405e-01 -5.7751110856e-02 -2.6256092632e-02 2.7106869638e-01 -2.6299810001e-01 2.9346934178e-02 -4.6450991635e-02 -5.3025575148e-02 2.4797425041e-02 2.1057368249e-01 1.8556238099e-01 -1.9388142869e-01 2.4024961911e-01 -1.7821847847e-01 7.1560460009e-02 3.6811997474e-01
-1.2653837515e-02 -1.2803099811e-01 1.5270785213e-01 -1.9137508002e-01 5.3597351741e-02 3.3313333426e-01 -4.7720667648e-01 -2.8884931587e-01 4.6179713611e-01 -1.5584087268e-01 -9.2391031195e-02 -1.2765650064e-01 -1.5901482778e-01 -5.2637160180e-01 -2.7397532184e-01 -1.1579820894e-01 -2.0708067983e-02 -2.7069066289e-01 1.3987092880e-01 -1.6452959071e-01
-4.6658605673e-02 6.5331488687e-02 3.2201012790e-01 -1.8139905633e-01 2.2246385912e-03 -2.7187431245e-01 3.5965719593e-01 -2.9632347628e-01 -2.4231674777e-01 2.8613642524e-01 2.1900410711e-01 1.7886207670e-01 -1.0938726671e-01 -2.0440148352e-01 -7.8522031591e-03 -1.2483666653e-01 -2.1895023181e-01 -2.4587721392e-01 -5.3670442843e-01 1.6470583029e-01
-1.4390857718e-01 1.2536817221e-01 -1.8203087636e-01 -1.0879483622e-01 -3.2353906320e-01 -4.2196288962e-02 -3.6752424106e-01 -2.8979007051e-01 1.4557741511e-01 -6.2435494494e-02 -1.3441783660e-02 -1.9669623969e-01 -1.0100218394e-01 2.4212747282e-01 1.3987389020e-01 -1.8583762617e-01 1.6239875981e-01 -4.0678011633e-01 -7.8665179903e-03 2.6698464902e-01
2.8974615588e-02 1.2076572194e-01 5.9650541201e-02 1.3264833232e-01 -5.9480839179e-03 2.5254355353e-01 7.0059565000e-03 7.7625102014e-05 2.6402482965e-03 2.3809709810e-01 2.7344097354e-01 -2.3550301711e-01 -2.9490014395e-01 9.7238110274e-02 1.9723346625e-02 8.9242753873e-02 -9.0574523296e-02 -2.8598885021e-01 2.2524932238e-02 1.8406642536e-01
1.5470050338e-01 -1.0113190653e-01 -5.9110593599e-01 5.0089044257e-02 2.4710265300e-01 5.9720752396e-01 -2.5280202890e-01 7.4282990540e-02 -5.6283805146e-02 -2.2933124845e-01 -4.1050939428e-02 -1.1913992358e-02 4.5650727545e-01 5.2364664029e-03 4.6931303114e-02 -2.2243578356e-01 2.5912830591e-01 -6.8621767993e-02 -9.4263282088e-02 -7.0078353742e-01
1.6050143240e-01 -5.7516642356e-02 6.9109344492e-02 -1.1434825015e-01 3.3409593058e-01 -1.6742648973e-01 3.4239066425e-01 2.4181876892e-01 2.8933005901e-02 1.1429442916e-01 -3.5365310324e-01 1.4136918249e-01 -2.0829491857e-01 -1.5441287149e-01 5.5973637367e-01 -2.4316962787e-01 -9.0608757435e-02 8.5838957512e-02 -2.5937187107e-02 6.5109462572e-03
1.3371677861e-01 3.0788620907e-01 -2.7534333591e-02 -2.1862752254e-01 9.0325553369e-02 -1.9833063634e-01 -1.2464367860e-01 -1.7612158813e-01 3.3274134268e-01 -1.6062610798e-01 -1.3075038024e-01 9.0345098135e-02 -2.5163142206e-01 -6.1356574007e-01 9.8622652515e-02 9.9279393247e-02 5.0426570304e-01 -4.4933699519e-01 1.3021908371e-02 -3.8525523129e-02
1.0289599249e-01 4.7612159241e-02 1.0145041585e-01 2.0658904813e-01 -4.7106386720e-01 -8.6083780771e-02 2.1151371360e-02 -5.8560870400e-02 -1.9184847028e-01 -2.5033680720e-01 2.7766535256e-01 -1.3105624471e-01 1.9417710343e-01 -1.3403344489e-01 -4.3127728085e-01 1.1815132764e-01 8.0975512191e-02 -2.6175306603e-01 -9.3154847600e-02 3.4877239094e-01
1.4476877679e-01 7.7592764980e-02 1.1227152059e-01 5.5139865209e-01 -4.2065346630e-01 1.8982619045e-01 -1.6672626456e-01 5.1591849536e-02 -5.1486208059e-02 4.2144272216e-02 -7.5741545695e-02 7.1406898256e-02 -1.5952840518e-01 -3.2835653492e-01 4.9838103969e-01 -6.3669022895e-01 -1.4674029723e-01 5.1681405592e-01 4.0555846365e-01 1.4045459518e-02
-9.2540097930e-02 -1.0439821946e-01 -3.0044040779e-01 3.8610544245e-02 3.3199732397e-02 -8.0168259529e-02 -3.0804179762e-01 -7.7770074863e-02 2.2164622220e-02 2.2339861856e-01 3.2575782551e-01 7.1937431569e-03 3.2205051138e-01 3.1888550245e-01 7.2954931120e-03 1.1766459637e-01 2.4546413026e-02 3.6940918129e-01 5.6786991306e-01 -9.9188997771e-02
2.6314766629e-01 -5.0462817266e-02 3.7222887187e-01 -1.4842969098e-01 -2.1578326183e-02 -2.9656258415e-01 1.8674780386e-01 -3.0968507938e-01 -1.4973634530e-01 -7.1247264600e-02 1.2692507901e-01 2.8015708163e-02 -2.1601721226e-01 2.7441528744e-01 -1.3740197518e-01 -9.8547996191e-02 -2.5799071108e-01 -1.2695302863e-01 1.7265611906e-01 1.1183605152e-02
-3.7144558777e-01 3.0509942240e-02 4.0759246761e-01 4.1737179278e-01 1.1191228957e-01 1.7826342084e-01 2.9369529650e-01 4.2953776181e-01 1.2039676349e-01 2.4572113000e-01 3.3583097687e-01 -1.2288848896e-01 2.0510994291e-01 -4.6063556953e-02 3.2085262450e-03 -1.2139522927e-02 6.8581670271e-02 -5.9621735114e-02 6.5422293736e-02 -1.4035729298e-01
-3.6285292846e-01 -7.8690917100e-02 7.9090748156e-02 8.1967446073e-04 -1.3576022400e-01 7.4924493277e-03 -8.1369314528e-03 1.8847053204e-01 2.1926081161e-01 1.0909043832e-02 -2.7723943058e-01 2.9658012364e-01 -3.0389693575e-01 9.9446029771e-02 -5.0213642087e-02 -3.7964446303e-02 -7.2303468606e-02 -2.4918256862e-01 -1.2224259045e-01 -2.7917670270e-02
1.6599894407e-03 8.8465488357e-02 3.4789614655e-01 -5.8460729830e-02 1.6129704409e-01 -2.3547157545e-01 -2.3626189442e-01 1.7387258211e-01 2.1190063161e-01 3.9389912317e-02 1.8075007199e-01 1.4644615158e-01 1.4584366829e-01 -7.4163866622e-02 -8.0789622871e-02 -2.4085609888e-01 -1.6652428805e-01 2.1998499759e-01 -6.8546722164e-02 -2.1850942104e-01
8.6913208115e-02 -3.1664508255e-01 1.3619221831e-01 -8.7337937696e-02 8.5565977786e-02 1.4523666869e-01 1.7959775032e-01 -4.1772010063e-01 -1.7674882610e-02 1.4889133895e-01 -2.3516715425e-01 3.9669896312e-01 -4.4427474557e-02 -3.0527654305e-01 -2.5147983328e-01 -8.4415438094e-02 -2.7493952158e-02 3.2527636832e-01 -1.2385409246e-01 4.6924927794e-01
2.7297723931e-01 -6.8514277824e-02 -2.5357617017e-01 -2.4420889038e-01 4.6321891717e-02 1.8485886997e-01 2.4661358160e-01 2.6856336941e-01 -1.4374163057e-01 -8.8590209827e-02 4.2678944897e-01 -3.8633700250e-01 4.2435136525e-02 -1.3306221243e-01 1.6893154691e-01 6.0145415367e-02 4.0141460860e-01 2.6546883275e-01 -1.2370463150e-01 3.3040770866e-01
2.6656816840e-01 9.4488589008e-02 -3.0139902346e-01 -2.3657012511e-01 -6.0769511232e-02 -2.1642583068e-01 -1.2797956071e-02 -1.0948316826e-01 4.1368860437e-01 -3.6176411392e-01 2.2916755717e-01 -2.3258076176e-01 6.9390611409e-02 -9.3248844429e-02 -3.3671979329e-02 2.4520830476e-02 6.2150135900e-02 -2.0516811498e-01 1.9451046787e-01 -1.1321321857e-01
-3.6289119982e-02 1.9311397072e-01 1.4468256205e-01 3.8820648159e-02 -4.8928611541e-01 4.9338623986e-01 2.4744075827e-01 -1.9274116475e-01 -1.2585316233e-01 -3.3743105348e-01 -3.4574794933e-01 1.2632063766e-01 -2.5761887272e-01 3.7234908640e-01 3.9967386682e-01 9.5246448123e-02 -1.0067301334e-01 3.0611979977e-01 3.5714969040e-01 2.1530842550e-01
1.5272675759e-01 -6.4947540616e-02 2.0604083709e-01 -5.2099681381e-02 -5.0492195825e-03 -1.0964311350e-01 3.9177930164e-01 2.4817475687e-01 1.7324275672e-02 3.7959708859e-01 3.2199248855e-02 -2.9823733683e-01 -1.4269554079e-01 -1.2746586528e-01 1.4812104635e-01 -8.8092431978e-02 1.2004275187e-01 -2.3560314066e-01 2.1144968154e-01 7.5205659663e-02
