5.9599395072e-01 -8.7564969358e-02 8.4818831893e-02 -1.8791952457e-01 3.8348942909e-01 -2.5735612170e-01 1.8111700467e-01 1.9989046328e-01 -2.2409413501e-01 -3.9782184769e-02 -2.3340692274e-01 3.1483610243e-01 2.5431183241e-01 -3.0516579953e-03 4.1150586121e-01 4.2677184918e-02 1.5049389317e-01 1.5786065015e-01 3.6742577271e-01 1.6000537843e-01
-6.2326235778e-01 6.7970351270e-02 1.0928864217e-02 7.3989173862e-02 4.7788586181e-01 -6.2534995067e-02 -7.1954660565e-02 -4.2832792550e-01 -3.2292039808e-01 1.3094667309e-01 5.5539319801e-01 1.9532349063e-02 -1.7355898480e-01 7.9060228799e-01 -7.3059750959e-02 2.8612349758e-01 1.1182845469e-02 -2.7637287573e-01 -1.4836365488e-03 -1.1369379077e-01
-1.8517493002e-01 -2.2774969537e-01 -2.9200167462e-02 -1.9591617319e-01 -1.1581961500e-02 3.8271241766e-01 -1.5473486453e-01 8.2387503662e-02 -3.7664561971e-01 -2.4085373990e-01 -2.5035390540e-01 -3.6759196740e-02 -6.4548076342e-02 6.9080637335e-02 -1.9082767200e-01 1.8780462506e-01 -2.3505937445e-01 2.8572958270e-02 -1.9508843815e-01 -1.6450885549e-01
3.1483985661e-01 3.7963287186e-01 7.4253285707e-03 1.1978097388e-01 2.2925122789e-01 -1.1224630112e-01 1.5339482564e-02 -3.3289532155e-01 6.8499508229e-02 -1.4609557992e-01 3.9202120057e-02 -1.8451062713e-01 1.8184510761e-01 -1.4362455952e-01 1.3077193416e-02 2.6656272806e-01 2.9509692992e-01 3.1484065567e-01 -4.3571709446e-02 -1.5622698452e-01
3.2807983291e-02 1.7037177451e-01 8.4309565817e-03 -2.9530632543e-01 2.4847417154e-01 7.8061025843e-02 5.6175281190e-02 1.4075101016e-01 6.5944374601e-01 3.2454337646e-01 -3.3607175526e-01 -1.3144545997e-01 -7.4311604932e-02 -4.9132727128e-02 -1.0763963351e-01 -2.2495071334e-01 -2.3393460517e-01 -1.6090344661e-01 -2.6550899175e-02 1.9261887864e-01
4.6908913504e-01 -8.6138444980e-02 4.2871222973e-01 -3.9477198139e-01 5.9784171565e-01 -1.3820367130e-01 2.7955693183e-01 2.4959622003e-01 -1.8001095397e-01 -9.3071296196e-03 4.5846610232e-02 8.0561242553e-02 2.7033024337e-01 -2.9993656802e-01 -2.2684426704e-01 1.7347890149e-01 -3.0695001774e-01 -1.2749387022e-01 1.4753921646e-01 2.1735834090e-01
1.1854484030e-01 2.3627012925e-02 -2.0548392763e-01 -7.7975963750e-02 -1.5355683972e-01 -3.0806911354e-01 -1.9818308159e-01 -2.5564766265e-03 1.6858443711e-01 1.4274409026e-01 -1.9975571805e-03 1.7118821906e-01 -3.8452368382e-01 -3.9037208108e-01 -1.0515574300e-01 -6.2795889963e-02 -1.3086312572e-01 3.4082812536e-01 -1.0644467191e-02 9.2638733071e-02
1.0529849657e-01 -1.4417089393e-01 2.0081567346e-01 -8.3934050832e-02 2.0495459033e-01 2.7378936479e-01 1.8256225361e-02 1.2026631254e-01 1.7963273621e-01 -1.8644814000e-03 -3.5125012786e-01 2.1441161336e-01 -1.4979834349e-02 -2.9012675062e-01 -7.1279638695e-02 -9.5231904119e-02 -1.9227481735e-01 -2.3366083282e-01 1.5797272799e-01 -2.1368070301e-02
3.3049331870e-02 -1.4486482333e-01 -2.6111578836e-01 -2.8401234667e-01 1.7539721168e-01 2.6739729326e-01 7.9137658978e-02 2.1869981343e-01 2.4312632513e-01 3.7468592323e-01 -1.1848131946e-01 -1.0361690528e-01 -5.1694849380e-02 3.7171658221e-01 1.5574003133e-02 -1.0423549344e-01 -1.0925172868e-01 1.0109115199e-01 -9.6889314315e-02 4.0795378393e-01
-1.9426158916e-01 -5.4182432551e-02 -2.0302285645e-01 1.6417951587e-01 1.4098762721e-01 -1.1888472229e-01 -4.6780112490e-01 7.9378433271e-03 1.2165035176e-01 -5.8095946888e-02 -5.2535083246e-02 1.6279196755e-01 1.1826546661e-01 -1.4341584856e-01 2.4260851957e-01 -7.1940309149e-03 1.4507771724e-01 1.2403117759e-01 7.0444551756e-02 1.5847215539e-01
1.8956156801e-01 -5.9365778100e-01 4.3852888870e-01 -9.7538864865e-02 -6.9216302811e-02 2.9857335438e-02 -1.0679389360e-03 -2.4427477384e-01 2.3634391465e-01 -2.8045545540e-02 -3.2309563859e-01 -1.4275970449e-01 -3.9249867489e-02 -5.2982323770e-01 2.3702166265e-02 4.6869859269e-03 -2.8832036180e-01 1.2653726735e-01 1.2527029444e-02 -7.9439872490e-02
-9.1873537412e-02 5.0687012559e-01 1.5747864998e-04 -7.0610987638e-02 -6.9949718696e-02 -3.4070672600e-01 -1.2407976507e-01 1.7198818599e-01 -1.1262506076e-01 1.9138119452e-02 -1.2999544894e-01 -1.2092549290e-01 2.2310401161e-01 -9.8680228874e-03 3.1151003956e-01 1.5395047100e-01 8.0894158401e-02 1.4619549114e-01 -8.5966379613e-02 -2.0164302951e-01
5.2795651227e-02 -1.4831803671e-01 3.8025621041e-01 -7.6460227512e-02 -2.2284968902e-01 1.1828678712e-01 -4.8225415514e-01 2.4302374809e-01 2.6099637298e-01 -4.9569161191e-01 -1.4901103997e-01 1.0066376272e-02 -1.1396024405e-01 1.2470243407e-01 1.7765546496e-01 1.4151376008e-01 -2.7702516516e-01 2.0296277969e-01 -7.7382148407e-02 -2.6314823213e-01
-1.8383772321e-01 -1.9367993521e-01 1.0033356642e-01 -3.5481373931e-01 4.7300123801e-01 -4.1002671892e-01 4.6267498057e-02 9.1452672803e-02 -5.5297999285e-03 5.5758970819e-02 7.2415230418e-02 1.2744576185e-01 -1.5706776154e-01 3.2658157259e-02 1.0438877326e-01 3.4046970316e-02 -3.6711414606e-01 6.4457581606e-02 -9.1768686526e-02 -7.8611262980e-02
-1.6260495184e-01 4.3353736884e-01 -4.3497126000e-01 -3.8744711910e-01 -2.5462701689e-01 -8.0451802419e-02 2.7516106520e-01 -3.8591552377e-01 -4.5841091364e-02 5.2570194548e-02 -3.8707066651e-01 2.7253897968e-01 1.1458176817e-01 -1.2638086884e-02 -5.5480220108e-02 -2.8769974561e-01 -1.9948732762e-04 -5.7071555937e-02 1.1435684302e-01 1.8073834642e-01
1.9391747936e-01 1.5492764169e-01 -3.4685643063e-01 2.5692002562e-01 -3.4310913767e-01 1.2415677116e-01 7.2259199126e-04 3.4318195090e-01 -4.6238262412e-01 2.0744482654e-01 1.9058032267e-01 -5.8635087204e-02 -5.2381139866e-03 9.3251808105e-02 -4.8910111963e-01 -2.1273449634e-01 3.2613874967e-01 -9.3732941655e-02 1.4857143825e-02 -7.9819487138e-02
-4.2097101651e-01 1.1448777047e-01 -2.9009811706e-01 -1.7000725357e-01 3.1731816183e-01 -7.3788368548e-02 6.3633711909e-02 -2.4142191339e-01 -2.5457879299e-01 4.5789168985e-02 -2.0602472899e-01 2.0343809116e-01 1.7731489086e-01 -9.6387365644e-02 -8.5804188921e-02 6.3335700826e-02 1.7242733587e-01 -3.2078452199e-01 -1.1454297497e-01 -3.8067090631e-01
-3.4471582133e-01 -2.5504170004e-01 1.4692843776e-03 -1.8528804612e-01 -3.0516937907e-01 -5.8946171323e-01 5.4888937880e-01 -2.0684270808e-01 9.2273880863e-02 6.9830074712e-02 2.0098022613e-01 -3.2365506926e-01 -5.3370169927e-02 -1.1906386384e-01 4.5384462673e-01 -5.0423545453e-02 1.5339189459e-01 1.4480861300e-01 -8.3324511715e-03 -6.8358359988e-02
2.9098033403e-01 -5.6894102647e-02 1.6728917773e-01 -1.8104219205e-01 -1.0460497828e-01 -1.4550210718e-01 6.4617047316e-02 2.3398697893e-01 -4.8489381483e-01 1.4806996609e-01 -3.8609484645e-01 2.8942394389e-01 -1.0080308925e-01 -2.4173743434e-01 1.5797953295e-02 -2.2088784799e-01 2.7575827511e-02 -2.6334290099e-01 1.6980431038e-01 -3.5376057897e-01
-5.2689522375e-02 -2.0659954462e-01 1.6686989004e-01 -1.1671554934e-01 -2.5516673192e-01 -1.7574626314e-01 -1.4084738714e-02 3.5370639692e-02 -3.2667164264e-02 3.0771126575e-01 -5.4248085467e-01 -1.9650195705e-01 -1.1566516978e-01 5.6541777663e-01 3.4819341973e-01 2.9061362388e-01 -9.5915432395e-02 -3.0623664731e-01 1.6092863685e-01 -8.9900078837e-02
