1.7255619244e-01 2.9200627220e-01 9.6486368583e-02 5.8563922964e-01 2.4055657943e-01 4.6927109792e-01 2.0761722222e-01 -2.7967296717e-01 -1.9690818780e-01 -2.0609187443e-03 5.4952326214e-01 -9.1359064130e-02 2.7350341635e-03 1.8003600993e-01 -5.2859643540e-01 -2.1355175404e-01 6.3043223020e-02 1.1440397059e-01 6.1491271074e-02 1.2964959978e-01
-3.6217722782e-01 6.3892213921e-03 2.1138352304e-01 9.0138733990e-02 2.6917459368e-02 6.8027592815e-02 5.5327319554e-01 -1.8914371116e-02 -7.1657969836e-02 -6.9572222389e-02 3.0138081116e-01 6.8217954689e-02 -5.9897070836e-02 -2.6869166683e-02 -4.0633936473e-01 -2.1175421565e-01 6.4114841892e-02 -1.3075507834e-01 -2.1066787658e-01 2.6097076218e-01
3.6343794513e-01 1.0980836338e-01 1.5203459928e-01 -1.3428033708e-01 1.8086739008e-01 -1.2404511670e-01 -2.6429227389e-01 -1.5514805433e-01 2.2828649589e-01 4.2442871224e-01 -6.0854436228e-02 4.7487270843e-02 -1.2204491194e-01 -8.1896396096e-02 -6.3283240095e-01 4.5530057395e-01 -4.4683536514e-02 -1.3546924313e-01 1.4004556291e-01 1.5677247871e-01
-9.1581286628e-02 -4.4991449059e-01 -3.1830059897e-02 -9.4998637003e-02 -6.9327122943e-02 1.9532233480e-01 1.6903262896e-01 -1.4623102700e-01 -2.8616459379e-01 1.0270655807e-01 1.2716677542e-01 3.3262245488e-01 -1.7979221873e-01 9.8149498880e-02 1.8975719992e-01 3.9517891706e-01 -1.1942465707e-01 1.5946530216e-01 2.0655238029e-02 3.5328088942e-01
-1.2351790770e-01 3.0796209848e-01 1.9008583163e-02 7.2706019338e-02 3.9174539400e-01 -5.3866570775e-02 2.0300136830e-01 -1.9103678915e-01 2.9393687515e-01 9.3232865980e-02 1.2895863314e-01 2.4482050051e-01 -6.6297229940e-02 2.2095042495e-01 2.2782706690e-01 1.9344366405e-01 -4.6795463063e-01 3.8034650360e-02 -4.0584203857e-01 2.2368502144e-01
1.1534851917e-01 4.2466048834e-01 1.1230749138e-01 -2.8079160233e-01 3.1957507500e-01 3.0007605805e-01 -6.5096455700e-02 -3.5115777868e-01 8.8143353826e-02 1.2724974012e-01 8.5847682534e-02 -1.8120721084e-03 1.1304103242e-01 4.9031412873e-03 3.2172680656e-01 2.6857872432e-01 -2.0203973752e-01 -1.4238167591e-01 3.9949107181e-01 1.1738196353e-01
2.8142400900e-01 -2.5890509162e-01 4.5035771119e-02 3.1608808326e-01 -2.0610411470e-01 1.8268258861e-01 -1.1982646014e-01 6.7011108249e-02 9.6599465634e-02 -6.4060635400e-02 1.6092316991e-01 2.6023438332e-01 5.9602209153e-02 2.3591473658e-01 -5.3332167849e-03 1.1411164227e-01 -1.5176633757e-01 4.1077251970e-01 -4.0229625366e-01 -3.4193127846e-01
9.5545450028e-02 -1.7486036416e-01 -5.6270747535e-02 -2.8128811072e-01 -3.9706642771e-01 -1.1294387538e-01 3.6802645030e-02 1.5363926012e-01 -3.0015274757e-01 4.7408559085e-01 -5.2821109896e-02 -3.0920985172e-01 5.4278722065e-01 9.6088538332e-02 -4.1927078129e-01 3.1418997904e-01 -4.6315375139e-02 -1.4430712342e-03 1.2992674390e-01 -1.6583894061e-01
2.3141234796e-01 -2.3855243243e-01 1.7685617878e-01 3.3458826769e-01 6.3576730597e-01 5.8043264298e-01 -3.5891808493e-01 2.7087776269e-01 -3.5021283901e-01 4.3044431594e-02 1.5787619711e-01 3.8744430131e-01 1.3574527343e-01 3.2286387530e-02 -4.0842254319e-01 2.9798506824e-02 -2.8876492971e-02 -2.0297800098e-01 9.9813357584e-02 3.8013197795e-01
3.2453777964e-01 -6.6118906274e-02 -1.3020384009e-02 4.6952748539e-03 -1.3476509747e-01 -1.5698289064e-01 -1.2925259109e-01 -5.4875295606e-02 -3.3037153893e-01 7.9932254934e-02 1.0979575462e-02 -6.9132993411e-02 -5.5783124006e-01 1.8669340276e-01 1.2860533178e-01 4.1538092730e-01 -7.8891637931e-02 1.6574260776e-01 3.3414699484e-01 6.3184238572e-01
-9.9356261065e-02 5.5219723410e-03 5.7174134229e-02 -4.1161202296e-02 -3.7708257082e-02 -4.2760318457e-01 -1.4778817397e-01 -2.0744512774e-01 3.3847619392e-02 9.5565540576e-02 2.8260837789e-01 3.0428725842e-02 -2.8598683492e-01 2.2948115351e-01 -3.7444562528e-01 -9.8093137954e-02 -8.5091168235e-02 3.7217908120e-01 2.6273263181e-02 -1.8493636585e-01
3.9605489737e-02 -2.1734095573e-01 -6.8611292084e-02 1.9765212400e-01 -1.4887155454e-01 -1.1465031508e-02 2.3334029491e-01 -2.3315940521e-01 -1.1344336674e-01 1.3776067330e-01 -9.9712482600e-02 1.8497916002e-01 6.1326132520e-01 1.0072722803e-01 -1.8914478552e-02 -2.9853586881e-01 -4.5747616020e-01 5.8036290057e-02 -4.9521253341e-02 2.0587556128e-01
-8.4799332816e-02 -1.8321065592e-01 -1.8846695767e-01 -4.3878386517e-01 1.0094360545e-01 1.6410189916e-02 2.4190220488e-01 2.2878661428e-02 1.2298413857e-01 -3.2230717948e-01 5.6532444805e-02 -2.3823777569e-01 -2.6780004859e-01 1.8653342695e-04 1.7253314325e-02 -2.7063328110e-01 -1.3166694672e-01 3.6259653104e-01 -1.8716635413e-01 3.4689869142e-01
-6.1148485344e-01 -1.0761436773e-01 -6.0359301009e-02 -6.8940869733e-01 8.8431136792e-02 -4.7602345385e-01 -5.3547195225e-01 -9.1208171889e-01 -3.0027278376e-01 -4.4088675497e-01 -3.3094072733e-01 -5.6480714700e-01 -1.1424862254e-02 7.6265014411e-02 -7.1554325997e-02 -3.0259854689e-01 -1.3281847341e-01 7.4918383015e-01 3.6369623071e-01 -4.4576792685e-01
-2.1721610645e-01 -5.7658232312e-02 1.0254327756e-01 -2.0420594382e-02 -7.0130672118e-02 8.5635420058e-02 -4.3455524552e-02 2.3138456676e-01 1.8933194545e-01 8.7432157875e-02 -1.1401105118e-01 -1.3806206393e-01 -1.9226441159e-01 -1.0000820255e-02 -1.5707455759e-01 -4.6858925912e-02 -3.2705770389e-01 1.8721870061e-01 1.0182932383e-01 2.2284543449e-01
4.2932738781e-01 -5.2507897692e-01 9.7317814287e-02 4.4035306309e-01 -2.1010558273e-01 8.0310564550e-02 -2.6708197068e-01 3.4642750369e-01 -2.2066395278e-01 1.1101273831e-01 1.7347959377e-01 -5.3060813531e-02 1.0558422235e-01 -5.6060426472e-01 1.5525412000e-02 8.1730764231e-02 5.4472146563e-02 2.6788105318e-01 -2.8313612219e-01 1.3762305127e-01
-2.6270958226e-01 6.2497087592e-02 -7.1547089015e-03 -2.7395133246e-01 3.6326059966e-01 -2.7127314894e-01 6.4513907327e-02 -1.3449539505e-01 2.9817923900e-02 -4.1008274517e-02 -4.2963864257e-01 -8.8410137619e-02 -8.4794621973e-02 1.6007016703e-01 3.9693425348e-01 -2.4226545520e-01 1.4374434557e-01 -3.8376577328e-02 -1.0549082971e-01 -4.1584597076e-01
-2.0249887123e-01 -2.3274820292e-01 -9.7335098947e-02 3.2998149860e-01 1.5322047755e-02 -1.7586786701e-01 -4.2293204964e-01 -2.2992872361e-01 -6.9988030695e-03 6.6091086220e-02 6.3736655342e-02 -3.4165916362e-01 -1.9614214896e-02 2.1596153886e-01 4.3946752414e-02 -1.5169977429e-01 -4.2063653800e-01 2.6968417599e-01 -4.3495884677e-02 -4.7157935417e-01
-1.6436868727e-01 7.4086201148e-02 -5.3833285210e-02 -3.0366431641e-01 4.9260614285e-01 -1.3106991074e-01 -4.0096913408e-02 4.9573855446e-02 -1.7998709821e-02 -6.2077370935e-02 -8.7598416706e-02 1.8781746622e-01 1.6229246396e-01 5.2565839196e-02 -4.0823929810e-01 -2.4050809220e-01 4.7974238994e-01 4.1112481518e-01 -1.0699432847e-01 1.0471170470e-01
4.2076797243e-01 1.8897027068e-02 -3.0176582995e-01 1.2999740011e-01 -6.1465469366e-01 2.9923742500e-01 -1.4026459853e-01 7.0350987830e-02 5.7399296708e-02 4.7849792027e-01 2.2610553894e-01 1.9797508590e-01 -1.4131076979e-01 -1.0412489611e-01 -6.2144051492e-02 2.8031937632e-02 -1.2429310200e-01 -5.5444965721e-02 -1.6685517402e-01 2.7694641491e-01
