-1.0444886508e-01 2.8759774778e-01 -3.5049075230e-02 4.9589898825e-02 -2.0515010160e-01 2.9149356839e-01 -3.9488529194e-01 -2.6971951007e-01 3.1849026872e-01 -3.9009201228e-01 -5.4959418916e-01 9.1619848989e-02 5.3147653001e-01 -5.5735545193e-02 2.5409894150e-01 -7.8175232906e-03 -7.7039648224e-02 -2.3680597071e-01 -1.2762429392e-01 1.3792254462e-01
-1.9805971158e-02 -3.7937636499e-01 6.8140959979e-02 -1.9897704037e-01 4.2146358511e-01 5.3867778929e-01 7.5164338320e-02 -1.4854987485e-01 -1.2067728771e-01 -1.2521316151e-01 -2.6949396888e-01 -2.8784918121e-01 -2.3905449021e-01 4.8880825946e-01 -1.4784916438e-01 -1.0922496989e-01 2.5134662229e-01 5.1680267844e-01 1.8762027238e-01 -1.2555025401e-01
5.5464828337e-02 -1.2768644961e-01 -1.9289078930e-01 3.9413968317e-02 -3.4540723053e-01 -5.9566159793e-02 -3.2647968027e-01 8.2792246312e-02 -7.5343995512e-02 -5.3380269896e-02 1.9468995311e-01 -2.1622256470e-01 -3.4134702931e-01 -1.3206124330e-01 3.1261686593e-01 -2.2034614807e-01 7.4563043214e-02 3.5959897169e-01 -4.9045949014e-02 -5.4655728734e-02
8.5604649222e-02 -4.8378111322e-01 -1.2270144868e-01 1.2347145462e-02 -1.2921350621e-01 -2.6187007134e-01 1.1866218870e-01 2.7556247386e-01 5.6227024153e-02 1.9518238039e-01 2.3098013027e-01 2.2841979736e-01 -3.4138389145e-01 -5.5492780834e-01 2.4340530219e-01 2.4273008653e-01 7.0641701400e-02 3.3436414409e-01 -2.0301821007e-01 -1.3958813422e-01
1.3964433961e-01 3.1821278417e-01 -3.3368121961e-02 3.1358571812e-01 -2.2957718055e-01 -2.0214141046e-01 -3.2532302456e-01 -1.0050748043e-01 -1.5521646415e-01 3.8021127148e-02 -4.0109472919e-01 1.0000455752e-01 2.8149983171e-01 6.0126500215e-02 2.0101918743e-01 -3.7856509283e-01 1.8133497387e-01 -4.9853366825e-02 -2.6930041657e-01 8.0804784265e-02
-2.5508087148e-01 5.8377516264e-02 -1.2502869774e-01 2.7754026007e-02 -3.0816563452e-01 -1.5619433862e-01 1.9112955155e-01 -2.3115396093e-02 -8.3724537014e-01 2.4812597860e-01 -3.6042193590e-01 -2.1023840921e-01 -2.1698842650e-01 -8.4004921107e-04 -1.7696501036e-01 8.1405401200e-05 2.1292570852e-02 1.9438867959e-01 -2.4854251942e-02 4.4499872447e-02
-2.8190978308e-01 3.7053313040e-02 -5.5571775935e-02 -4.9205304056e-02 2.9969211353e-01 -1.9988633783e-01 3.7596053381e-01 1.0519210383e-01 -1.2924632706e-01 2.2758661700e-01 -4.4415590251e-03 2.1323019487e-01 -2.2721452799e-01 4.0627489445e-02 -3.8932216653e-01 4.2099357337e-01 1.0165602105e-02 5.7399214211e-01 3.4036152604e-01 -1.7817291179e-01
-3.7420119325e-02 -2.7419086641e-01 -2.2160343990e-02 -1.6290515629e-01 -3.4519162936e-02 -4.0286761581e-02 -3.1415761281e-01 -1.7708622612e-01 8.7684635928e-02 -3.5126723205e-01 -2.5612388338e-01 -4.0659341760e-01 -1.6309524665e-01 8.5901622950e-02 -2.4159117102e-02 -8.9876347729e-02 -1.2664232036e-01 1.3485864228e-01 1.9554875469e-02 5.9059590249e-01
9.4601376736e-02 1.5648650322e-02 1.1414868885e-01 -6.9072302279e-02 1.2126229932e-03 -1.6261674108e-01 -1.9682422542e-01 9.4036907828e-02 2.9199716817e-01 -2.2821239081e-01 -1.0955897012e-01 -2.1477522407e-01 3.7037985838e-01 -1.7051746936e-01 5.7352746040e-03 9.3336327018e-02 -1.0496684381e-01 2.5986117726e-01 -2.0526452409e-01 1.3642638936e-01
-2.8379134777e-01 -3.3674203240e-01 2.1921865189e-01 2.0175471205e-01 9.0804531112e-02 1.6061621048e-01 -1.7492880013e-01 -3.8514148258e-01 1.6621187886e-01 2.0290568378e-01 5.9839092606e-02 -2.4998137192e-01 -2.8051317862e-02 1.3533403123e-01 -9.4075336182e-02 -2.9603095501e-01 2.2081529057e-01 2.5984903289e-01 2.1948978924e-01 6.2080577906e-01
-8.6270345436e-02 -1.8425686816e-01 -2.5870004684e-01 2.2460969923e-01 1.3097692751e-01 3.3269047507e-02 9.9872758093e-02 4.5169759189e-02 -3.1651767545e-02 -2.1348218325e-01 -6.9102969324e-02 -3.1705618420e-02 -8.4634173517e-02 6.4938085908e-02 1.6413121305e-01 1.3874666654e-01 -2.8225842845e-02 -1.0123713509e-01 1.6502984119e-01 -6.3910610749e-02
1.6075324221e-01 7.8696234563e-02 -3.1575394460e-01 -1.8932524858e-01 1.5624137880e-01 -4.6135123872e-02 1.3321847270e-02 -4.3406808678e-01 2.0262410011e-02 5.9736951895e-02 8.1552344286e-02 2.8018387573e-02 -2.8729536190e-01 -1.3338735659e-02 -2.2883498274e-01 3.4386130331e-01 -1.8508551737e-01 -3.1273287662e-01 2.1334770899e-01 -4.2304630391e-01
2.2143662857e-02 3.2370739865e-01 5.4197071897e-02 1.2694097635e-01 -1.1657841727e-01 7.9294538435e-02 2.1764063537e-01 1.6793949113e-01 2.6697890304e-01 -7.1716150134e-02 3.6046862802e-01 1.5618846768e-01 -4.2156709428e-01 -2.6978600976e-01 -8.4032461433e-02 -2.0018484152e-01 -2.0129700854e-01 1.7436966853e-01 -1.7278850317e-01 2.6151104308e-01
-3.6454034681e-02 -1.0413178782e-01 -4.5560148906e-01 -6.2580942984e-02 -1.1941705887e-01 1.8363884445e-01 4.8030759841e-02 2.3837206661e-01 -3.3566037604e-02 -2.4309041224e-01 -2.9762420058e-01 -4.8832144174e-01 1.5144319071e-01 1.1611361649e-01 5.2774885086e-01 -8.1220273046e-02 -5.1286054628e-01 6.8095615227e-02 -1.7980640633e-01 2.7176510468e-01
-3.6996981292e-01 -4.1234605647e-02 1.7499221723e-01 -2.0209655261e-01 -7.6386537333e-02 -8.0600141305e-02 2.7859879359e-01 -1.6339365089e-01 1.5648402180e-02 9.0358769795e-02 1.5387974788e-01 -1.3887287604e-01 6.5177574081e-02 9.7875625275e-02 4.6270737684e-02 -8.5131990857e-02 1.5920849287e-01 -3.4640395505e-01 -3.1500817196e-01 -2.7557828771e-01
9.1934914761e-02 -6.8079470393e-02 2.0853655253e-01 -2.2134260182e-01 -1.0627339561e-04 -2.0063080850e-01 1.0371871111e-01 -8.2276167724e-02 2.6405967759e-01 -4.2460578132e-02 -2.5153774102e-01 -1.8615087735e-01 -2.4425749989e-01 -3.0242260038e-01 9.9871310117e-02 6.2889659533e-02 -1.8574021556e-01 8.6333445379e-02 1.0441062195e-01 2.5016169315e-01
3.7725081850e-01 -3.2723037141e-01 5.7189482269e-02 -1.6949009604e-02 3.2039269501e-01 -1.0158009298e-01 -4.2768683354e-02 -1.7331837412e-01 -1.7666708812e-01 5.2014498157e-01 -1.4631684678e-01 1.2163480823e-01 1.2759011272e-01 4.2858902711e-01 7.9036105546e-02 1.3181548089e-02 4.5812796836e-01 1.4584780721e-01 1.2909961692e-01 2.5476532117e-01
1.2493189226e-01 1.9933785732e-01 -3.5490486281e-01 -1.3481126223e-01 9.6020025982e-02 -9.6588208932e-02 -4.1322132134e-02 -8.3517728564e-03 3.4493391957e-01 9.1614864860e-03 1.3794658861e-01 1.7540528074e-01 2.4521178141e-01 2.4076480309e-02 3.1526278882e-02 1.7274779955e-01 -1.8163798214e-01 4.9460762991e-01 7.8347355051e-03 -3.4069096298e-01
1.3654530220e-02 -4.2149646869e-01 -3.9607388945e-01 -3.8500640632e-01 -1.2840363108e-01 5.5171622039e-02 2.0310177069e-01 1.1081819594e-01 -8.3417254783e-02 3.0559301827e-01 -8.0367473010e-03 4.9303776998e-01 -1.1279400426e-01 -1.4403658870e-01 -4.8740116027e-01 1.2088288449e-01 -9.0479267185e-02 7.0586952192e-02 -1.0718345176e-01 5.5435108358e-01
-1.8460411562e-01 3.1750926462e-01 -9.1840366210e-02 -1.4931873104e-01 -5.6733836031e-02 5.9697292251e-02 1.7725560724e-01 -9.7357417069e-02 2.2389086964e-01 -1.9549078899e-01 -3.1605613496e-01 -6.0976815573e-01 1.2058757651e-01 -6.2954877071e-02 -1.7102579113e-01 1.1257334644e-01 -3.0017750317e-01 4.3473742058e-01 1.0163527383e-02 1.5086467203e-01
