-1.6828219277e-01 9.5361660442e-03 6.1000840429e-01 -7.4691273070e-02 1.7248893725e-01 -1.1997797284e-01 4.2802022343e-01 -3.6016953005e-01 -1.5916337032e-01 3.7402974747e-02 7.4191854728e-03 -4.8060028922e-01 1.1525566034e-01 3.2266253501e-01 -3.1133439705e-01 2.3122321917e-01 -9.0002832114e-02 -1.4471477071e-02 3.1527083913e-01 -1.4587945276e-01
1.6568018458e-01 2.6061959906e-01 -5.9611175384e-02 -5.2686769706e-05 6.3455290560e-03 -2.8824429936e-01 -2.8665990714e-02 6.7309302068e-02 1.0136215940e-01 -9.3966798156e-02 -1.2264713271e-01 2.0499492155e-01 2.2945767790e-01 -1.8295310616e-01 -2.6188145811e-01 -6.8651035946e-03 2.3155362882e-01 1.4911123009e-02 -1.5021054654e-01 -4.9302095951e-02
-1.0130552867e-01 -5.4228038906e-01 -1.8939799739e-01 6.2758563210e-01 9.7763219896e-02 2.8115086398e-01 -2.8765839826e-02 1.3696270163e-01 -9.9845551147e-02 1.5514434083e-01 -7.5894174985e-02 -2.1460787871e-01 1.8925526503e-01 1.0013782311e-01 1.1355150679e-01 2.0524186054e-01 -4.7661948361e-02 2.6055026873e-02 2.1597520471e-01 1.6606503599e-02
1.4405606602e-01 -2.9690503070e-01 4.3776438035e-02 2.1258719586e-01 -5.1218730275e-02 1.3066704440e-01 -1.0767508230e-01 -2.6617854258e-01 -4.7222692884e-01 1.7305325249e-01 5.0899303789e-01 2.6653337588e-01 -5.8395130412e-02 -7.1538464602e-02 -5.5385079740e-02 -1.4853421447e-01 -1.3252953916e-01 1.8678898033e-01 -1.1663803013e-01 -2.5265736942e-01
3.1685388104e-01 -2.3876901930e-01 1.2568651512e-01 -1.0418245593e-01 4.3956699665e-01 -1.8707736018e-01 1.2471211617e-01 -1.9037948488e-02 7.2907921853e-02 -9.3610183132e-02 -2.4131027932e-01 1.7877215803e-02 -2.7940562317e-01 2.9759616013e-01 1.5756614594e-01 -1.1873875717e-01 -3.0454667812e-01 3.8921807388e-01 2.3938822855e-01 1.7370549124e-02
1.1077539016e-01 -4.8627665093e-01 -6.8683854359e-02 2.2624866186e-01 -9.9208914075e-02 -5.3282779079e-02 -3.6854229312e-02 1.3264036843e-01 -3.0961409518e-01 -3.8147034858e-02 -2.0799511445e-01 7.8634589253e-02 -2.7818577992e-01 -3.0167488759e-01 -2.5068340953e-01 2.0238509280e-01 6.6074651356e-03 -1.0280744673e-01 2.0381314803e-02 6.5101745860e-03
-1.0871113469e-01 2.8919240263e-01 4.4186364933e-01 -2.6952013118e-01 4.2594771476e-02 -3.0813794158e-01 2.9177124736e-01 3.3612437810e-01 -1.2096585134e-01 7.7875799448e-02 3.4129431434e-01 3.1674210231e-01 4.7742464905e-01 1.6276241957e-01 1.2782388545e-01 1.4596649738e-01 -1.8227131235e-01 1.6952924789e-01 -1.5678743083e-01 -2.5800110751e-03
2.6208700211e-02 -1.0341258551e-01 -2.0763407555e-01 1.7835528374e-01 -2.1833906714e-01 -2.3080545819e-01 -3.1192953834e-01 -2.2785771932e-01 -1.4085023125e-01 1.9216380804e-01 5.1593231342e-02 6.6046348078e-02 -2.5755689889e-01 2.3819668738e-01 -9.6797296981e-02 4.3041439342e-02 -7.7343296864e-01 -3.2370144916e-01 -3.0388583422e-01 4.7797664340e-01
-4.4535999120e-01 1.2290081502e-01 3.0502122503e-01 2.3082337749e-01 4.5466200612e-03 4.1502288269e-01 5.1989731839e-02 -2.8709626917e-01 1.9138768629e-01 -4.7307826832e-02 -2.0993337230e-01 2.7387038401e-02 -1.6437986269e-01 6.9626208718e-02 1.8823939521e-01 1.5193939003e-01 -3.4229986553e-02 -5.4243372256e-01 7.2954825506e-02 -1.6361800219e-01
-3.6308230448e-01 -2.7434564990e-01 1.7660946314e-01 2.6751294168e-01 2.8253757961e-01 3.4234502165e-01 -4.3121161495e-01 -1.9973695770e-02 -1.3991980436e-02 -2.8532858348e-01 1.7508637464e-01 -3.8503382786e-01 7.4457766204e-02 -5.5146638428e-01 1.3582388677e-01 -3.8857534509e-01 -3.6120186894e-02 -4.4045418057e-01 -5.3629400625e-02 1.8322183579e-01
4.2381509895e-01 2.8391789213e-01 3.8587763338e-01 -1.5005491168e-01 -2.7493301503e-01 -4.1111728653e-01 2.2161694058e-01 -4.4538572166e-01 -4.3148400695e-02 3.6123561941e-01 -3.1984773884e-01 4.0481281245e-01 -2.6943411105e-01 6.1017354325e-02 -1.9102757790e-01 3.0661229525e-01 5.4597044708e-03 2.1962078177e-01 1.9949591571e-01 4.9374419311e-01
5.2902592096e-02 -2.0702422059e-01 -1.2588063018e-01 1.0494497350e-01 -2.0622350045e-01 -1.2359933165e-01 -8.1544665681e-02 1.7999346384e-01 1.0265080758e-01 -8.7749795511e-02 2.5281415045e-02 -8.0530420846e-02 1.5662499357e-01 6.7964172901e-02 6.7003140338e-02 -1.2432011713e-01 -1.7940434619e-01 1.4003421317e-02 -7.4824271862e-02 3.4077756219e-01
9.7340302731e-03 3.2529971320e-02 5.8131550957e-02 -1.4703399164e-02 -2.1943504251e-01 -1.5910594602e-01 1.3789768721e-01 1.8547800513e-01 -1.3517091412e-01 -4.6281918795e-02 -2.0788820720e-02 2.2379875625e-01 -2.0387689431e-01 -2.7168146169e-01 -2.0951963235e-02 -6.2049666822e-02 1.6547180269e-01 -1.5584748682e-02 9.4204681101e-02 4.8875021947e-03
1.2783100758e-01 -3.2370616764e-02 1.8945972699e-02 -2.4060493101e-01 -2.5527406586e-01 7.1474920914e-02 -6.8026203531e-02 8.4914878860e-02 2.0666509891e-01 1.1164301254e-01 2.3817104813e-02 4.1911681757e-01 1.0141784628e-01 3.3326734730e-01 -2.7148194545e-01 1.5356457191e-01 3.8279700621e-02 1.9298841994e-01 2.2608663739e-01 2.3478486754e-01
-1.2827574848e-01 -2.3573589140e-01 -6.5761120590e-02 -6.1687674305e-02 3.2047387905e-01 -3.7794949914e-03 -1.0304557437e-01 -2.7328389627e-01 2.3846250741e-01 -1.7923050586e-01 4.9430041444e-01 -8.4560776802e-02 8.9535847857e-02 -1.0973266426e-01 -6.8756271523e-02 1.7817546217e-02 2.1410053005e-01 -6.9210180886e-02 -3.7765516727e-02 -1.5136871650e-01
3.2644697933e-01 -2.3135071401e-01 1.4534781712e-01 4.2640288751e-01 1.6041359488e-01 -1.6280464688e-01 -9.5084138813e-03 -2.8643992751e-01 2.6928047047e-01 3.6998370444e-01 6.1918644943e-02 9.7262751779e-02 -2.6641318717e-01 3.9489103470e-01 1.5079778411e-01 1.3585163765e-01 -7.4881253134e-02 -1.4362097865e-02 6.4077186141e-03 -1.3334793696e-01
-2.5330334033e-01 -2.3929804978e-01 1.5333353760e-01 7.5201814237e-02 5.8168473737e-02 -2.1785309573e-01 2.3044676294e-02 -1.5210740589e-01 3.4796224710e-01 -1.2914036858e-01 -2.9139483629e-01 -2.7295673582e-02 6.7862487307e-02 1.9049226783e-01 6.9706708748e-02 8.9053161338e-02 -1.5432388533e-01 -1.3916261830e-01 1.9355682229e-01 -3.0800517309e-01
2.6108432079e-01 -2.1638784588e-01 -2.0057578345e-01 2.7245519285e-01 3.4923373268e-01 -2.8722050984e-02 -3.8277904874e-01 -3.1578018113e-01 1.6596019675e-01 3.6442686164e-01 -1.8453488387e-01 1.3694426852e-01 1.1132301241e-01 9.9391246020e-02 8.7213055392e-02 2.2365197992e-01 -3.4764534150e-01 -8.4717542364e-02 2.2171463548e-01 6.8239565252e-02
8.4613198326e-02 -1.8749380171e-01 1.0928843523e-01 -3.3203185978e-01 2.4901616119e-01 -1.8854906394e-01 -6.5637996372e-02 3.6593297920e-03 -3.5472250206e-01 -2.6272722068e-01 1.8883568703e-01 2.3603760635e-01 -2.9783166585e-01 -4.5401519292e-02 -5.0047886820e-01 -2.0272473001e-01 -3.0644684695e-01 -2.7234327679e-01 -1.4814432340e-02 5.9268042311e-02
-1.3673797594e-01 1.5064726058e-02 2.3338853179e-01 8.3651997744e-02 2.8799754927e-01 -3.2648260629e-01 6.5011965159e-02 6.0494890800e-02 -1.2427852549e-01 1.2974275214e-01 1.5989381454e-01 1.1428764977e-01 -1.9641004519e-01 2.9404789158e-01 -1.3390014918e-01 4.1655852263e-01 2.3504073332e-01 1.7203760779e-01 4.1081072099e-01 2.9912224317e-01
