1.7980355349e-02 -7.0325569335e-02 3.6401069059e-01 3.8733689863e-01 -1.1643044414e-01 1.7421806164e-01 5.0124723228e-01 -3.0427845347e-01 -2.8100190704e-03 2.0341761652e-01 3.0055819155e-01 -7.6368781199e-02 -2.0373613700e-01 1.8828491407e-01 4.8172133848e-02 2.4096440503e-01 -9.6667748780e-02 -2.7737670915e-02 1.8184037488e-01 1.7310586486e-02
-3.6148722947e-01 -9.4509514810e-02 1.5293096135e-01 -2.8251246001e-01 -4.7177191846e-02 -5.3143824222e-02 -2.2091436657e-01 -3.3557949065e-01 -1.3445115187e-01 -1.1019474878e-01 -2.8216974490e-01 2.1412490876e-01 5.9109304407e-02 1.0696173535e-01 -2.0454132547e-01 3.1227566041e-02 -1.4323866412e-01 -9.1000728996e-02 -2.5326098980e-02 1.1930918976e-01
8.8941508448e-02 -1.0136613938e-01 -5.3180109948e-01 2.2823772241e-01 -3.4921613557e-01 -1.5521592086e-01 2.1543654837e-01 1.7077550905e-02 -9.1550198746e-02 4.6704139271e-02 -1.9535893390e-01 3.9912154164e-01 -6.0393835093e-01 2.2650152268e-01 2.3404121149e-01 -9.2220320932e-02 1.8305514535e-01 -4.0776462788e-01 -3.1243290772e-01 3.6083808860e-01
-5.7254480667e-02 -1.6329772263e-01 -3.6593048707e-01 -1.8367773977e-01 -5.4656512288e-02 3.5718642024e-01 5.8685498000e-02 2.6110500573e-01 2.7634948072e-01 1.1378702527e-01 -2.1173983430e-01 5.2120195745e-01 -3.5388164288e-01 7.4383351383e-03 1.0061236741e-01 -1.6888647688e-02 2.8447128875e-01 9.1934209754e-02 2.2657331537e-01 2.0411423073e-01
3.7077894319e-01 2.5478532182e-01 2.2125362408e-01 -2.1557134272e-01 -3.9342907884e-01 3.2006237180e-01 7.4186926938e-02 -1.1596017651e-02 -1.7084014721e-01 2.8814243889e-01 2.2281446111e-01 -8.5542811408e-02 3.4933547911e-01 1.8083993660e-01 -3.6552708976e-01 4.1829887359e-01 1.2225293958e-01 4.5065546511e-01 3.3740966260e-01 2.8836914021e-01
3.2073671157e-01 2.2993086422e-01 1.7799988845e-01 -1.0577818598e-01 -2.9064409696e-02 -1.1385405507e-02 2.4271182213e-01 1.8082314692e-01 2.7130787225e-01 -6.5678571434e-02 1.2615238498e-01 -2.0649657793e-02 -2.6258670675e-01 1.3113833895e-01 -1.1874688614e-01 -3.1804501669e-01 3.8156458393e-01 9.3645538111e-02 -3.4289857168e-01 1.6554205396e-01
8.9328000426e-02 9.8338402295e-02 1.7775233711e-01 -2.9904042290e-01 -1.8914204602e-01 -5.3526010394e-02 -9.7613695557e-02 7.6291780057e-02 3.9581841402e-01 -4.9299849933e-01 -1.8877075180e-01 5.2144826194e-02 -1.5982113199e-01 1.2613032332e-01 -2.4773544643e-01 4.0054280389e-01 -2.8293107569e-01 -2.1713528873e-01 -2.1350104183e-01 1.7819448195e-01
1.1502506407e-01 6.2997256846e-02 -3.8874542320e-01 -3.3162195454e-01 3.5509101976e-02 -1.8023052406e-01 4.9415752742e-02 -7.3010848393e-03 8.0304062108e-02 2.7969239949e-01 5.1586641435e-02 1.8467084655e-02 -6.7804188804e-02 -4.7007030478e-01 -2.9987748888e-01 -3.3086322980e-01 2.9364720126e-01 -1.1222854511e-02 1.6323482248e-01 2.0084652597e-01
-9.1102804303e-02 -3.8134529142e-02 1.2583208762e-02 -2.9632016041e-01 2.5624357021e-01 -3.8899755455e-02 -4.5931484636e-01 4.0031785556e-01 -1.8120951378e-02 1.1703931381e-01 -3.4290816565e-01 -5.2587811673e-02 1.4831146521e-02 1.3800088541e-01 -2.3155418253e-01 6.1003299883e-02 5.2878253681e-01 -2.8739298572e-01 -1.1861950798e-01 5.2308426796e-02
-4.0909862525e-01 -2.6374912278e-01 1.3655551858e-01 8.4052506170e-02 -7.1064163996e-02 1.6733214946e-01 -8.7298222064e-02 -2.3697695321e-01 1.8660123191e-01 -2.1601213373e-02 -1.0195817452e-01 -3.4003667809e-01 2.4248360386e-01 4.9344868790e-01 -4.9883080534e-01 -7.2642573586e-02 -9.7119114604e-02 -5.7652750326e-01 1.6157249988e-01 -2.0272550257e-01
8.1754702606e-02 -2.1102922889e-01 1.8757774336e-01 -5.8676835372e-02 4.8436361215e-01 2.9020453969e-01 1.5882579965e-01 2.4653664658e-01 -2.3723015568e-01 -8.0623204926e-03 -2.8285902814e-01 4.7543327821e-03 4.0890245115e-01 -4.7448382781e-01 3.4017226478e-01 -1.3935148446e-01 -3.4215849514e-01 1.7376212113e-01 -2.7641145833e-01 2.5576391510e-01
7.2010470200e-02 5.4811427314e-02 9.0816845651e-02 1.2720360331e-01 -1.9001523734e-01 -2.5715685403e-01 -2.4280464452e-01 -1.5333421073e-01 -2.9889905386e-01 -1.5781012368e-03 -1.5711535112e-01 -3.4480998675e-02 -1.6610726328e-01 1.5613086355e-01 -4.7458272187e-02 1.6804065381e-01 -2.8901721350e-01 -2.9254159947e-01 -9.7782900368e-02 1.5409421340e-01
-3.4241785479e-01 -2.0500366180e-01 -4.1310801978e-01 -7.6890294368e-02 -1.7463235171e-01 -3.3700208035e-01 -1.1026677641e-02 -2.5507981165e-01 1.3217577909e-01 5.6255097530e-02 -2.2468288700e-01 1.1466730973e-01 9.6236525981e-02 -1.2876607614e-01 4.2394057067e-02 1.1721626189e-01 1.2852337505e-01 3.6559075262e-02 2.1303820338e-01 2.2192044078e-01
2.6038820925e-01 -1.8226971800e-01 1.8166068826e-01 -2.6932306438e-01 3.5458230718e-01 2.7669914957e-01 -1.9897605496e-01 -2.4932532039e-01 1.4761916958e-01 1.1089613463e-03 -2.2538607880e-01 1.9720849124e-01 -3.6624307643e-01 2.2172550179e-01 1.5818820592e-01 -1.5015654511e-01 2.6857087960e-01 -2.2166466084e-02 4.5456591722e-02 5.3955849264e-03
1.5741173250e-01 1.1870237856e-01 -3.1568240374e-01 6.8356999474e-02 -4.6138881611e-01 -3.9137923975e-01 4.1567094379e-02 -2.6304365634e-02 1.0848740679e-02 1.1261369783e-01 2.5891678849e-02 -3.1924285561e-01 -2.3747384038e-01 1.4596227378e-02 1.6935008540e-01 -1.9447214523e-01 -2.6084135498e-01 7.1898620780e-02 2.3923370297e-02 1.2522390278e-01
-5.4009472940e-01 1.5486551206e-01 -3.2357217990e-02 3.2607853869e-01 3.7921412039e-01 5.8429388211e-02 7.3600589720e-03 2.3317789361e-01 6.4071162871e-02 -1.1869873533e-01 5.7518422445e-02 -1.9013677469e-01 2.2819701072e-01 4.3108205935e-02 -1.9983679129e-01 1.6393779406e-02 -1.7785377156e-02 -4.1602244667e-02 1.8547772237e-01 3.4692444614e-01
2.2222214536e-01 -1.8258736817e-01 -3.5162560203e-01 1.5945592716e-01 5.6751803316e-02 1.0684222078e-01 3.5254689937e-01 -6.3549569293e-02 -2.8055174603e-01 -2.3991943980e-01 -2.0084452145e-02 1.0531358216e-01 6.8424543828e-02 -6.1252164866e-01 -3.8046791570e-01 -8.4685512056e-02 1.8681879246e-01 -2.0791974750e-01 3.2794416911e-01 3.4427196310e-02
5.4573832579e-02 -3.8929344422e-02 1.8317707094e-01 -5.4773434819e-01 1.1811780078e-01 -1.7541435576e-01 2.1560264341e-01 -6.5079555392e-02 4.6920722251e-01 3.9223918601e-02 2.3295835841e-01 3.7111083208e-01 -1.8387962965e-01 3.3198846795e-01 -3.3102458084e-03 -2.2501493665e-01 5.2642078308e-02 -6.2667911699e-02 -4.0583456207e-03 4.3324881896e-01
-1.9396826887e-01 3.1452532212e-01 -1.6369737904e-01 -3.6768731789e-01 1.5302588447e-01 -3.3583276548e-02 4.9025766483e-02 2.5707617294e-01 -1.4640746899e-01 1.1481305447e-01 2.4820207971e-01 1.6293187039e-01 -1.4885823401e-01 -1.9189229369e-02 -1.8535337509e-01 -1.1566612606e-01 -3.0962089508e-02 2.4159266487e-01 4.3752937212e-02 -2.7905949481e-01
-1.3714319779e-01 2.2174930987e-02 -6.4558564027e-02 2.1100862152e-01 5.1890996485e-02 -2.1292206324e-01 4.7024452020e-03 1.9592508702e-01 -1.8684436445e-01 4.5971749306e-02 -5.7689838943e-01 -2.0243144457e-01 5.6430523404e-02 -1.1446471151e-01 -1.5204550320e-01 3.3860900699e-01 3.6567049467e-01 8.2822055906e-03 2.5689498934e-01 1.0697867252e-01
