-1.0434458182e-01 -1.3059952668e-01 -2.7641664060e-01 1.4384609505e-01 2.0479851307e-01 1.7077676046e-01 -4.1102229967e-01 8.6798559752e-02 -4.3182349863e-01 -2.8031648586e-01 -2.4372439533e-01 7.0665169863e-02 -3.1034644989e-02 -3.7236559261e-02 -3.7336988136e-01 -9.7401812758e-02 3.3318324861e-01 -3.8194976197e-02 3.0679732150e-01 2.5561389897e-01
8.9250353182e-02 1.2492268276e-01 -5.3310710667e-01 1.1671937155e-01 1.6289828763e-01 -5.7352266883e-02 -2.8924513939e-02 -3.4792331915e-01 1.1745651371e-01 1.2029429072e-01 2.6058224382e-01 -2.4448239327e-01 7.7653433161e-02 1.5254965864e-01 -1.0725506064e-01 9.2989850381e-02 -1.5599622119e-01 1.9027552739e-02 2.8524989675e-01 -4.3420310213e-02
-1.1395306382e-01 3.9715369045e-02 9.7654115638e-02 -6.0105088873e-01 -1.3716968279e-01 1.7995958282e-01 1.5164942562e-01 -3.0067074138e-01 -2.0250253662e-01 3.4489461192e-01 1.1335169627e-01 -4.3018830773e-02 -1.2453714244e-01 3.8630007873e-02 3.0165152679e-01 2.9475480716e-01 1.8993747645e-01 3.5418691762e-01 -1.8823014287e-03 7.7522395918e-03
3.6406325416e-01 -1.9155348816e-02 1.2916597496e-01 2.6408908730e-02 7.7195629466e-02 -1.3094162116e-01 -2.0882443646e-01 -4.0832295367e-01 3.8232355496e-01 -3.4282802567e-02 2.5815692025e-01 4.1199086039e-01 -1.2751807944e-02 -1.0131065605e-01 -2.6616059074e-02 -1.7863409469e-01 -1.0205677059e-01 3.6589280315e-02 3.0135860955e-01 -7.9934243261e-02
4.7522716077e-02 -3.9841405559e-01 2.5347187970e-01 -1.0896546157e-01 -8.2494730792e-02 -1.1024626066e-01 -2.0708069376e-02 -4.6648734895e-01 5.7277145063e-02 6.7490591202e-02 -2.2589700802e-01 -1.1004926546e-01 9.6053810906e-02 3.6925684000e-01 -2.4877895960e-01 -2.6832083460e-01 4.2817019019e-03 8.6004777293e-02 -1.8380982185e-01 -1.0528229712e-01
-7.2538006900e-02 1.5883096789e-01 1.0002491594e-01 3.5990520519e-01 -1.8656846717e-01 1.4664171913e-01 -2.3952322146e-01 -2.1526605097e-01 -2.2110939602e-01 -9.2738226097e-02 1.3484817357e-01 9.5592546314e-02 -4.4778135973e-02 1.7332802743e-01 -6.3269190469e-02 8.9811848508e-02 -2.5903919027e-01 6.1455272293e-02 -1.3065126145e-01 1.3160357978e-01
-3.5406599868e-01 -2.7547834310e-02 4.9606474794e-01 -1.7944697313e-01 5.9255428299e-01 2.6631225660e-01 -1.0272184460e-01 5.5094872605e-02 8.7529798590e-02 -4.2862321793e-01 -5.2983318475e-02 -3.4125275178e-01 -3.1979099985e-01 1.1831520962e-01 3.4316896995e-01 -1.8648665128e-01 -4.0770711312e-01 1.0451421562e-01 5.5319578090e-02 1.0731005246e-02
-3.5801204928e-02 1.4538998359e-01 -1.0633304591e-01 -1.6171492127e-01 -3.7622648949e-02 -3.8394634625e-01 -9.0739681634e-02 -2.0933843773e-01 -3.5151984064e-01 -2.7052070016e-02 -2.1541435548e-01 3.2759713917e-01 -1.2836396487e-01 -8.4796465756e-03 8.6808684936e-04 2.8541354217e-02 -1.3035856592e-02 4.8732679598e-01 2.6483704369e-01 2.2889991089e-01
8.1819080765e-02 -2.5902161661e-01 3.3293784919e-02 3.7797409759e-02 -1.6711198230e-01 4.5848011172e-01 -1.8962511492e-01 3.6868042072e-01 -6.1161418179e-02 -4.3770263664e-01 -2.2132335266e-01 1.8388450408e-01 -3.1005102511e-01 3.7079815635e-02 -2.4227118162e-01 -2.6426142454e-01 -2.5742548668e-01 -2.6312027593e-01 2.7161724024e-01 -2.6652391888e-01
-1.5181722006e-01 2.8992328464e-02 3.4559097926e-01 -1.0472516719e-01 1.0071344263e-01 2.9046665985e-01 1.2427290295e-01 1.0670789413e-01 7.4763512594e-03 4.6965740508e-02 9.5601660171e-02 2.9217387729e-01 -1.9199209889e-01 1.9434680063e-01 -2.3525588678e-01 -1.8109294526e-01 1.1070629835e-01 4.2031944409e-01 -4.0014622653e-02 2.0228237990e-01
-4.2002517463e-02 6.5772969750e-03 -3.0852301922e-01 4.3449291217e-01 -1.8982658082e-01 -1.9281035174e-01 5.2323309170e-02 -4.1489448645e-01 -2.2811690420e-01 1.1705667345e-01 2.1065468611e-01 -7.3997214481e-02 -1.7638701788e-01 4.1127751536e-01 -3.4723947841e-01 -1.0547983085e-01 7.5520857305e-02 1.7716615580e-01 5.8853527439e-02 -1.3304217179e-01
-1.8736530141e-01 1.8148179586e-01 1.1036769352e-01 -6.5882631997e-01 5.6685109561e-02 3.6203436583e-03 1.4329318400e-01 1.5759682464e-01 -5.2318861249e-02 3.2719004912e-03 -2.3873772389e-02 5.8879181490e-01 2.5414597993e-01 -1.0750783795e-01 -1.0331822672e-01 -1.4437499061e-01 3.5432449945e-01 -2.8137138732e-01 3.0108553888e-02 -2.0901553449e-01
1.0253696016e-02 -1.3134262446e-01 1.3596986855e-01 1.2898814604e-02 2.8799854853e-01 -3.5702900081e-02 -1.3338412405e-01 4.0047399891e-01 -6.6563826024e-02 3.6987198946e-02 -1.9838653122e-01 1.7955671401e-01 -1.9968969685e-01 -2.6820253809e-02 2.3118873087e-04 4.5938770631e-01 3.6579460176e-01 2.3641957320e-01 -1.1264352504e-01 -5.3143532524e-01
-2.5009990725e-01 -1.3177865811e-02 -1.4427227889e-01 4.4249126670e-02 3.3273226951e-01 3.7512012907e-02 -1.0307742936e-01 4.7340311236e-02 -6.8960942236e-02 -3.5893328418e-01 1.5391132701e-02 2.0797029141e-01 -2.1809059675e-01 -7.6253874782e-02 1.9590794221e-01 -2.2271578781e-01 -2.8256652554e-01 1.7248591716e-01 -4.1310512044e-01 1.9123121217e-01
1.2488581681e-02 -5.2343659784e-01 -5.2524416668e-02 3.4551646827e-02 -3.5804026090e-01 -2.1530085797e-01 4.4570446632e-01 -5.4490935811e-01 7.7009259531e-02 6.4434863399e-03 -1.6991742107e-01 -8.5080110443e-02 -1.8283284886e-01 -2.1318308498e-01 -1.1331010727e-01 -3.1203298281e-02 2.3275572299e-01 -2.1541857456e-01 5.8641099630e-02 -1.7006374755e-01
3.9017795516e-01 -3.3129527385e-01 -9.2321117312e-02 4.6144633951e-02 2.9425584682e-01 5.4644433781e-01 -3.5300859596e-01 8.2052027447e-02 8.5561303932e-02 6.3686206672e-01 -6.7085894711e-04 -6.1505898113e-02 6.7369155803e-02 -2.4202303684e-01 3.4066116132e-01 3.5012394980e-01 -1.7137405915e-01 -1.4628930807e-02 -9.1554218084e-02 -3.5033893800e-02
1.3916658296e-01 -1.2691591750e-01 2.1208079719e-01 1.1228675132e-01 -8.4223407515e-02 1.8500782223e-01 -2.2293733218e-01 4.0786195712e-02 -1.3988926539e-01 -3.0046158783e-02 1.4048982231e-02 -4.4572880901e-03 -2.1614972750e-01 -4.6614744485e-01 -1.8741944511e-01 1.7225542377e-01 -3.0284206257e-01 -5.5184757567e-02 2.2072838064e-01 -2.0314714680e-01
-1.3358827633e-01 1.2165104804e-01 1.7022741539e-01 -1.6804275278e-02 4.5487831519e-01 1.7467397196e-01 -7.0329975112e-02 4.4618023068e-01 -2.9428644229e-01 4.5515255112e-02 -2.3510253715e-02 4.4258923193e-01 1.2599843940e-01 1.7015787342e-01 -3.0579752249e-02 -3.6217096122e-01 3.3025965950e-02 -8.8458295148e-02 -6.4391965281e-03 -2.1484446600e-01
-1.7737035114e-01 1.6999627952e-01 -6.1719223002e-02 1.8706599322e-02 -3.7480845089e-02 3.0431142749e-01 -2.1334100453e-01 -1.2688345506e-01 4.3470238044e-01 1.3627426661e-01 1.5997386409e-01 2.8720777843e-01 -3.8685481077e-01 1.9548591500e-01 -1.5685588100e-01 -8.3859895109e-02 -1.7451838653e-01 -3.0932318691e-02 8.4500207411e-02 -2.5186958680e-01
1.9130372256e-01 -4.2519446158e-01 -1.5302280207e-02 2.0051600628e-01 -2.2755453990e-01 2.1884059396e-01 7.9255603541e-03 -2.3138016043e-01 2.3387806375e-01 -4.3659622514e-02 -3.1667782605e-02 -1.3483036748e-01 2.2360834338e-03 -6.5111573793e-01 -2.4828436815e-01 -1.3548050485e-01 1.1219116535e-01 -2.3246120551e-01 -2.1856923974e-01 2.2664149515e-01
