3.7772011731e-02 -1.0294538722e-02 3.2450335588e-01 2.7811401283e-01 5.2239844825e-02 8.3499791955e-02 -2.1974699906e-01 2.1743960550e-02 2.9189103074e-01 -9.2953179462e-02 -6.9645174395e-03 1.0807715110e-01 1.7752819325e-01 -8.2267122121e-02 -1.9632655126e-01 9.6939601789e-03 -1.6621623752e-02 -2.2825021057e-01 1.2351329057e-01 -3.1552488402e-01
-1.5627292505e-01 -1.4971963702e-01 1.7308989148e-01 -1.8116915420e-02 -8.9678011491e-02 9.1125603613e-02 2.5226221538e-01 2.2174165894e-01 -5.1976436327e-01 2.7396124385e-01 -1.0688627030e-01 2.7018530239e-02 -7.5960838278e-02 4.0243524763e-01 -6.9304448526e-02 4.0591380581e-02 3.0418323061e-01 -4.9710713039e-02 -1.5357651963e-01 1.9144350658e-01
4.2909744616e-02 2.1749654185e-01 -8.8727424798e-02 -1.3312781777e-01 1.1254620755e-01 2.1586754801e-01 1.3811909606e-01 1.7189176519e-02 -1.7513733931e-01 -6.4568086521e-02 -1.9631569003e-01 1.1354280707e-01 -1.7533373019e-02 -3.9934018066e-02 -3.7457190513e-01 1.0327950223e-01 1.2100774624e-01 -5.1848092801e-02 -2.2194255233e-01 -9.2509720065e-02
-7.3697012808e-02 5.4812346329e-02 -7.1781962687e-02 -1.8460879166e-02 4.2439914315e-02 -1.1739082188e-01 4.3290669503e-02 -1.8704694469e-01 4.9635893821e-01 3.1495297670e-02 9.9549635889e-03 1.8545542162e-01 -1.5169050975e-01 1.7101368239e-01 -1.7106779784e-01 2.2899936023e-01 2.2669953828e-02 -1.5408603587e-01 -3.7506262257e-01 -9.4710663106e-02
-1.9214911914e-01 -3.1925079899e-01 4.0557649713e-01 -6.1724260317e-01 2.7895982771e-01 1.7080437442e-03 -8.0228159623e-02 -3.1083749996e-02 -2.7047965368e-01 1.5136053442e-01 4.3780069406e-01 -1.7880939834e-01 -3.1313419252e-01 9.4639983844e-02 -2.1500137835e-01 1.4003629650e-01 -3.7263236911e-01 1.7628021379e-01 -3.3450204626e-01 2.0506648795e-01
-5.3468782511e-02 -4.1844352165e-01 -1.1770097381e-01 -1.6033246387e-01 -2.9093234972e-01 -2.8429799140e-01 -1.5515512916e-01 2.1806059648e-01 -3.5786297225e-03 9.7452101336e-02 7.6220585056e-03 -4.3252099111e-01 -2.3797741002e-01 -1.6903311836e-01 -1.2723096411e-01 -3.1993487473e-01 3.0425773770e-03 1.6774819221e-01 -2.0736860153e-01 -3.6395278328e-01
-3.0361012426e-02 -1.8488316414e-01 1.6060392495e-01 -1.5291331444e-01 3.7355691942e-01 9.5899535708e-02 -3.9137453982e-01 -9.4776767715e-02 -3.3934842830e-01 1.9309944007e-01 -1.6402792256e-03 -5.6080858547e-02 2.5572302347e-01 -1.8441916319e-02 3.6287626717e-01 -1.2030009115e-01 -9.3043970635e-02 7.9397320506e-02 3.3987587068e-01 -7.6910320590e-01
1.8760472245e-01 -2.9947571672e-01 3.2864574495e-01 -5.4646361243e-02 1.8129887856e-01 -1.1468257810e-01 -1.5309605078e-01 8.3512124994e-02 2.2697779826e-01 2.2529088115e-02 1.6246777317e-02 9.8100331720e-02 -1.2367059872e-01 5.8643703430e-02 4.1368919559e-01 -7.1954974795e-02 -2.1404066978e-01 2.0738736013e-01 3.4587606535e-01 -3.4499239227e-03
-3.1042239466e-01 6.9029642308e-02 -1.6836004695e-01 -1.0164137865e-01 -2.6911415385e-01 -3.9717048282e-01 2.6657239975e-01 -2.6123151763e-01 4.8708716585e-01 -3.0783475397e-01 1.6898429446e-01 1.5396158146e-01 -6.7785674057e-01 9.5598233105e-02 5.5745389334e-02 -2.3831408351e-01 -8.6347835563e-02 1.1340262293e-01 -3.3173063733e-03 -1.9252926876e-01
-5.3741865599e-02 1.6806587621e-01 -8.4894852901e-02 2.2573391667e-01 4.4075795342e-02 -1.2690825761e-01 -4.5278947870e-02 -3.3988568429e-01 -3.8591033484e-02 1.3980301996e-01 -3.2620228494e-02 8.5015297166e-03 1.2521203418e-01 6.5328285295e-02 -1.6682017152e-01 2.4676528851e-02 -2.4940845318e-01 -1.3105833009e-01 6.7801143042e-02 1.1007137251e-01
2.1073120136e-01 7.5715562538e-02 -3.9547692284e-01 -3.4394580613e-02 7.9339484160e-02 -1.5859016877e-01 5.7452396793e-02 -3.9576080836e-01 7.5261571058e-02 2.2674496740e-01 1.0536575425e-01 -5.3148883172e-01 -2.8085612471e-01 4.3491418929e-01 3.7717735629e-01 -1.4250419170e-01 1.8214176628e-01 -2.9621950222e-01 3.3948402887e-02 4.4994619557e-02
3.2747776203e-01 1.3289946523e-01 7.4938072951e-02 3.8648234396e-02 1.3427855861e-01 9.3985694166e-02 3.6495686525e-01 -4.1283188343e-01 1.6907922570e-01 -3.8181218249e-01 -6.1530637871e-02 1.6031928726e-01 3.4150915701e-01 7.8334471159e-02 6.7161407556e-02 -6.0265437946e-02 -1.5091953687e-01 6.1081769400e-02 -4.4223982136e-01 3.0329139075e-02
5.4575187753e-01 -3.4193429793e-03 -9.6017040542e-02 6.2830308027e-02 5.9919521955e-02 2.0019224989e-01 -8.1473787251e-03 2.2363711804e-01 1.0597886731e-01 1.2138973480e-01 3.0761527208e-01 -1.5574899111e-01 -1.7189058626e-02 -1.7145552633e-02 -2.8326616935e-01 9.1497035277e-02 1.5430348486e-01 2.0135267841e-01 3.9392231600e-01 -1.4396096866e-01
-1.2238100577e-01 1.0740086598e-01 -8.8533544859e-02 -4.2059391024e-01 -1.2332718834e-01 -4.6430786559e-02 9.2099284934e-02 3.6167013388e-01 1.2256397172e-01 5.3238229066e-03 2.9324262241e-01 1.1692188858e-01 9.9894158578e-02 -2.2594297818e-01 -7.3079193179e-02 -1.4758583301e-01 -1.2942492760e-01 -8.7624199337e-02 -1.2535830508e-01 3.1659335001e-01
-3.1081351904e-01 -7.6072713764e-02 -7.4069079950e-02 2.2905151828e-01 -1.4262702798e-01 2.3530941623e-01 -7.3588042848e-02 -1.2480847332e-01 8.9934789818e-02 7.0860548411e-02 1.5265723223e-01 6.5042218407e-01 3.4060928452e-01 -1.1845656902e-02 -2.4457542562e-01 2.8253691954e-01 1.3549223774e-01 -5.9984787531e-02 7.1949667711e-02 -1.5255858715e-01
1.2281215215e-01 -8.1374323777e-02 3.9265512871e-01 -1.9144791731e-01 2.6026474851e-01 -3.0243426415e-02 -5.0533478848e-02 -1.0336623858e-02 -2.2843360887e-01 -1.2848853213e-01 -3.0045728957e-01 3.8320172677e-02 -2.3485825171e-01 1.6851807400e-01 -2.0556188621e-01 1.9367336111e-01 -1.9803282701e-01 -5.7647261749e-02 4.9231151036e-03 -1.3252560864e-01
-3.3601129927e-01 -2.7578348865e-01 2.0276249065e-01 -3.6803636742e-02 1.5268252889e-01 -1.3669984098e-01 -7.3708567239e-02 -3.5152617329e-01 -3.9360796747e-01 2.8276185801e-01 -1.3485875858e-01 -6.2397964938e-02 -2.8700156680e-02 2.7766499254e-01 1.2779188060e-02 -3.6072060334e-02 -2.3544268970e-01 -6.2190739820e-03 -1.7610549579e-01 -5.1021552925e-01
-5.7880055695e-02 -3.1450054972e-02 2.0090976168e-01 -3.9763685232e-01 9.7972797634e-02 -1.7392868507e-01 -4.5023379247e-01 1.6810202607e-01 1.4611266129e-01 8.8868491954e-02 5.2538220672e-04 -4.9966711944e-01 1.5440968354e-01 1.2529993141e-02 -7.2306356544e-02 -2.3371805032e-01 4.4305239435e-02 1.6174483131e-01 4.1062903893e-02 -5.0786890988e-01
-2.0087722516e-01 9.2920990417e-02 6.0570173756e-02 5.1003913320e-03 3.1141675314e-01 -6.0585205253e-02 2.1509431403e-01 2.8222864769e-02 1.8205152106e-02 1.8573147267e-01 2.1564024736e-01 -1.5110226686e-01 1.8816262744e-02 2.4660996982e-01 -2.4885503117e-02 7.6306301331e-02 -5.4283773119e-02 -2.3351177834e-01 -1.0768644801e-01 4.7542122295e-01
-2.7561763551e-02 -2.7117004480e-01 -1.9050049105e-01 1.7160185200e-01 -2.9796732834e-01 -1.4746569216e-01 1.7941321199e-01 -2.4626089101e-01 4.5569073202e-01 -3.2415953665e-01 5.5492186783e-02 -5.9466645404e-02 -3.7208446757e-01 -7.1253688377e-02 -8.9565966213e-02 -1.9016133091e-01 -1.4670761140e-01 -3.8661253716e-01 -1.0419467735e-01 -1.8137792169e-02
