-2.8462434232e-01 2.7558558903e-01 -1.7426361168e-01 -2.1616443029e-01 -4.3816368460e-01 -2.9218602473e-01 -3.4309637876e-01 -3.9302083276e-02 -1.2055452498e-01 4.3187135813e-01 -1.4878003778e-01 1.4626005330e-01 -1.5465012948e-01 5.5057332307e-01 -3.6505879608e-01 2.3512040928e-01 -8.1466832330e-02 -1.1079009203e-01 -7.8867965181e-02 5.2557994931e-01
-1.0944201956e-02 5.8471247542e-02 2.0895543492e-01 1.1590775380e-01 2.4456710259e-01 -1.1162542249e-01 1.2421145789e-01 -1.7603451215e-01 3.4821625295e-02 -3.6331401924e-02 -1.3830514882e-01 8.4706481711e-03 -2.1585474117e-01 3.5548766157e-01 -1.5225815211e-01 2.7821125296e-01 9.9642411331e-02 -4.3204911118e-02 3.3308331066e-01 1.3142341175e-01
-3.2570299701e-01 1.5104967553e-01 -2.5464566100e-01 2.7161051907e-01 -1.1221804637e-01 7.4335554843e-02 7.4406239429e-02 1.3525055135e-01 -1.9488439868e-01 5.4086656962e-03 4.2447523226e-01 2.8875029464e-01 1.3676854526e-01 -1.5499977538e-02 -1.1668301530e-01 -2.1009282920e-01 1.3547470398e-01 2.7274612646e-01 -1.8078832789e-01 2.3868845303e-01
1.1269518881e-01 4.3765335867e-01 2.1191102708e-01 1.1422821095e-01 -2.6995825861e-01 9.8787694066e-02 -8.9167734342e-02 -1.0278966634e-01 -3.2854110104e-02 2.3800104453e-01 1.5121054716e-01 4.0282613971e-01 -4.2222217658e-01 -2.2961602843e-01 -1.1866767802e-01 2.5644164546e-01 -2.6064747858e-01 -3.3821332259e-01 -5.9796650605e-01 -2.8031235409e-01
1.6346454417e-01 2.0181667563e-01 3.5263200494e-01 3.4380822633e-01 2.5055288197e-03 1.7461015779e-01 -2.1160617835e-02 -1.5309436327e-02 -2.0095704277e-01 -3.3890070662e-02 1.9997558182e-01 2.1944935573e-01 9.9604941329e-02 -2.6019505756e-01 -3.7209848600e-01 1.3574514833e-01 1.1149768067e-01 1.4272860495e-01 -5.5193684203e-01 2.3028739439e-01
3.1886136392e-02 2.0227879726e-01 4.9367653477e-01 5.6978675500e-01 2.7275313964e-02 -1.3796555178e-01 -2.7012102458e-01 -2.4118269315e-01 -4.4799117235e-02 3.2373862205e-01 3.4525658012e-02 -1.9108440998e-01 -2.9927740101e-01 2.4975643299e-01 -2.6153465198e-02 4.6959285213e-01 1.7438145454e-01 1.3854261738e-01 1.2452594939e-01 -1.2958299316e-02
2.1833735261e-01 -4.5597407399e-01 -2.0622881795e-01 8.5976453375e-02 1.7768953638e-01 3.0696954065e-01 1.0815341063e-01 2.2741241734e-01 -1.5914416952e-01 -1.0220839311e-01 -8.8129044643e-02 1.9118915624e-02 -5.4904732459e-01 -1.7858198761e-01 1.8904541537e-01 -2.2074068721e-01 1.4534519637e-01 8.8154380262e-02 -3.1411527288e-01 -4.9502427760e-02
-5.6267969473e-02 4.1750142806e-01 2.0944041741e-01 2.8204087204e-01 -1.3046765226e-01 1.0802355553e-01 1.2704589210e-01 -1.2309961396e-01 -2.1563694203e-01 -6.2765680448e-03 -2.2805716873e-01 -4.6268054459e-02 2.5853478215e-01 5.4231899895e-02 3.0869139802e-01 2.2713027991e-01 -1.7857128185e-01 -3.8638606654e-02 -1.8073223671e-01 -2.5981150352e-01
-2.1409630401e-01 -6.2621338401e-02 -8.3576866961e-02 1.0601511472e-01 -4.0304601204e-04 1.2093592009e-01 -1.7115154033e-01 -1.3911390199e-01 -7.4246083641e-02 -1.9989312773e-01 -5.3218834758e-01 -3.4037991553e-01 -5.4323520766e-02 1.4363420115e-02 1.4745834426e-01 2.7491168425e-01 5.0762515111e-02 4.4497606050e-02 -1.0029988022e-01 6.1724759856e-01
4.8320477064e-01 -3.9938192972e-01 2.4560077685e-03 6.3822857894e-02 2.1854831916e-01 -3.1416977492e-01 -2.7423300838e-01 1.3079584715e-01 -5.2669073024e-02 2.2041760379e-02 1.3381606962e-01 1.9795564522e-01 2.5104418672e-01 -1.2304698359e-01 1.7492232928e-02 4.4024663681e-02 -1.9134370332e-01 3.1082797430e-01 -1.3159903835e-01 -2.8945300703e-01
-4.6148523004e-01 -4.9961671351e-02 -1.1143202413e-01 3.9543000291e-01 2.4100698024e-01 -4.8612248236e-02 3.4185843813e-01 1.8827196171e-01 -2.8685041143e-02 -2.1378822371e-01 5.6417082882e-01 1.6482748176e-01 -1.5246439167e-01 -2.0780012463e-01 -2.6080793741e-01 -5.3319748467e-01 2.5639925723e-01 2.2453641660e-01 1.3488735203e-01 -3.4937462151e-01
3.0773653863e-01 8.5608338680e-02 -4.6768901552e-01 -1.5041140400e-02 -2.2676359656e-01 1.5576802540e-01 -1.9955047617e-01 2.2734333834e-01 -2.3760034830e-01 1.9505388706e-01 2.3251106012e-01 -1.8194458507e-01 -1.6554878431e-01 -3.7118408400e-02 -3.7216091391e-01 -1.1671430249e-02 6.6778082053e-01 -2.6867335270e-01 -1.0452947011e-01 2.1458176614e-01
-2.1927819122e-01 -4.6681433047e-02 -1.7597326269e-01 2.9222948319e-01 6.2743491542e-01 1.2449647397e-01 -2.3049441665e-01 1.8693615146e-01 -4.1553115683e-01 2.3267858072e-01 -1.9120012199e-01 -3.7001122167e-02 -8.0316836623e-02 -2.2105741414e-01 7.4024398628e-02 5.2850495113e-02 -2.1141417039e-01 3.9188570403e-01 6.0945682888e-02 4.8514033937e-02
-2.6556552860e-01 1.0285094145e-01 6.2466427776e-02 1.2714091396e-01 6.0326594721e-02 -1.9996643710e-02 -8.5337252988e-02 4.1681138023e-01 -3.5145991059e-02 7.2809990565e-02 2.0715179974e-01 -1.7552539023e-02 3.7335016918e-02 -1.5893982476e-01 4.5399520106e-01 2.1165483684e-01 2.2038285945e-01 -2.9472849729e-01 -2.6715304047e-01 2.9254840084e-01
1.1438797616e-01 1.6373487096e-01 1.5088270109e-01 2.6553411769e-01 -8.8680433894e-02 2.1556090817e-02 -1.9409004583e-01 -2.4901768837e-02 -1.8233759075e-01 2.9224434842e-01 1.3527315192e-01 -1.3383701865e-01 -5.9949672705e-03 -9.4403661793e-03 -1.8572667858e-02 2.1622117204e-01 3.4427870110e-01 -3.9005515309e-01 -2.0752363494e-01 -4.3583316813e-02
-1.8920626555e-01 -2.3146420321e-01 -2.3207705337e-01 -1.0183276874e-01 1.2494114029e-01 1.3365894836e-02 7.4950798955e-02 3.1169369997e-01 2.7997530806e-01 -6.7281443515e-03 5.1650127598e-01 -2.9515903885e-01 -3.2672791792e-01 8.2247887148e-02 -1.1042132916e-01 6.1315083270e-02 2.4248645544e-01 9.0737018960e-02 -2.8713402224e-01 -1.7163670643e-01
-5.3113238777e-02 2.1383723242e-01 -8.8063991807e-02 1.1907142100e-01 4.4881386449e-02 1.6546994244e-01 1.8140216171e-01 7.6032245835e-02 -7.4486958031e-02 3.4408675595e-01 2.0699825883e-01 3.1115755061e-01 -6.2857450556e-01 2.2946890713e-01 -7.4962298824e-02 -3.9839441076e-01 -4.7771540548e-01 1.9896476177e-01 4.0776553261e-01 2.2150454653e-01
2.1303578894e-01 6.5131032752e-01 -8.4211463527e-02 3.4507933173e-01 1.7567358049e-01 -1.9130501293e-02 1.1184356696e-02 9.3107940362e-02 -3.8746794563e-01 1.6814972359e-01 -6.3818078795e-01 9.1772463767e-02 -3.4819325790e-01 6.9435068217e-02 -4.4094643450e-01 -1.8251692459e-02 1.9449528241e-01 -2.0052092194e-01 -1.2711772268e-01 2.4142209489e-01
-1.3058120403e-01 1.5869640197e-01 -3.4693393216e-01 -1.7749239459e-01 3.4212868497e-01 -3.3634623165e-01 -5.0225863465e-01 1.7691232365e-01 -3.3880394723e-01 9.6558966201e-02 3.4371807075e-01 -1.7142009745e-01 -7.2318048207e-02 -9.2278872760e-02 -4.8799725352e-01 4.1881635229e-01 2.1234082475e-01 -1.5442260085e-01 1.4838590702e-01 -1.4562338262e-01
-1.6050519364e-01 -6.2768780716e-03 1.3088537447e-01 -2.9251279365e-01 1.3275551498e-01 -2.4890643954e-01 -1.2274675021e-01 -1.6757641647e-01 -2.8293598188e-01 9.5118892875e-02 -1.2453937684e-01 9.6604525766e-02 3.8096517460e-01 -9.6696204255e-02 3.8529583832e-01 6.6996262901e-01 -1.6494838260e-01 3.1478178587e-01 -1.8149703750e-01 5.9392681294e-02
