6.6803248496e-02 2.3779015670e-01 -1.5058512511e-01 8.7585281382e-02 -2.7710704487e-01 2.6570575151e-01 1.9678496056e-01 4.8644344849e-01 3.5563364591e-01 -1.5575998531e-02 -1.9924872965e-01 1.7963160565e-01 2.0105004905e-01 1.3535716803e-01 -1.9458010367e-01 4.9548103859e-01 -3.3237754358e-01 -1.5840821422e-01 2.0917010620e-01 1.1096080877e-01
2.4230427013e-01 -1.3035759845e-01 -4.2720603763e-01 1.4905937946e-01 7.6035684190e-02 7.7058816242e-03 -4.6989121106e-02 2.4635559074e-01 4.7476192196e-01 7.0635622449e-02 -2.6128945915e-01 2.9478887637e-01 -1.4225325041e-01 5.1371543182e-02 -2.7751354648e-01 4.6868765627e-02 7.6833871867e-02 -1.6277005001e-01 8.8323000316e-02 4.2831590281e-01
-7.2242344333e-02 -3.0569988010e-01 -2.4888288309e-01 -1.0089235726e-01 3.6689879854e-01 -6.4333477000e-02 -2.3786404179e-01 9.6629758098e-02 -1.8769262517e-01 -3.5220016857e-01 -1.5115177813e-01 -7.9464541494e-02 -3.3308076784e-01 -9.6004332987e-02 7.0595235462e-02 -2.0164507186e-01 -2.9622106691e-01 -3.1912157280e-01 -2.3906331182e-01 -2.6066801957e-01
-1.7025834805e-01 5.4752290712e-01 8.8868296428e-02 1.6800783699e-01 2.0178113151e-01 -1.9641467274e-01 -5.7064559867e-02 4.2747934073e-01 1.4641534562e-01 -1.2610121863e-01 7.1463404472e-02 -3.7834066001e-01 1.0618810769e-01 5.6295105245e-02 1.8526241366e-02 1.4152924279e-01 4.3332236832e-02 -1.0521511189e-01 3.3396734430e-01 1.2706429466e-01
2.4552146293e-01 -1.7507634004e-02 -1.2975039287e-01 -1.8509996400e-01 2.3975066742e-01 -2.5014359428e-01 3.3210716709e-02 -2.3651845370e-01 1.0008484746e-01 -9.9218966532e-02 3.5493305242e-01 7.6278451860e-02 -7.1620951112e-02 1.2046689684e-01 1.3251828259e-01 1.0312964681e-02 -6.8323400737e-01 3.1976864474e-01 2.4584284763e-02 -4.8289559514e-02
9.8622795777e-02 3.6561994632e-02 2.2859950886e-01 1.6236947005e-01 -1.3388549359e-01 5.5600832861e-01 -3.0303699334e-01 -5.7985674309e-01 -5.6547229284e-01 -5.4090498805e-01 1.4209339475e-01 1.2829242334e-01 3.2574409381e-01 -2.0804454713e-01 -6.7168552398e-01 3.8997763888e-01 -1.2787776933e-01 -8.8581042720e-02 -5.2117081222e-01 -2.7380360168e-01
-2.3270151443e-01 1.0484889914e-02 1.0761904717e-01 4.5669875495e-02 1.2842993586e-01 1.0695184741e-01 -2.6547837825e-01 3.0682529880e-01 3.7895213056e-01 9.2532145120e-02 -1.3251406081e-01 6.5184508677e-01 -4.6391642985e-02 2.5291833173e-01 -3.5526967845e-01 1.1947744121e-01 -6.7996986943e-02 -2.2370999422e-01 -2.5420967730e-01 -1.6956640570e-01
-9.5941407159e-02 -1.6093624064e-01 8.9318495088e-02 3.1721733637e-02 -2.0415081917e-01 1.3149154958e-01 -2.3861255086e-01 -2.8185501677e-01 -2.3212833999e-01 -2.9265539803e-01 9.1748341022e-02 3.4437514135e-01 4.5162049652e-01 2.5760958824e-01 -3.6745252924e-02 2.2169485833e-02 6.0271961706e-01 1.0913982417e-01 -2.5554669455e-01 -2.9933238318e-01
-4.9016395654e-01 -8.7204421611e-02 -4.4633421484e-01 -2.5700782888e-01 -1.2547273984e-01 -1.8774080948e-01 7.4993798420e-02 4.4756160207e-03 9.5281884320e-02 -1.1461960097e-01 2.6078880811e-01 2.0054678181e-01 3.2993378530e-01 -5.5619980309e-02 -1.0938720033e-01 4.2730864023e-02 -1.0793075032e-01 1.9842349789e-01 -4.0335178846e-01 -9.0267387731e-03
8.0593258698e-02 1.0333814785e-01 7.2709602417e-02 -3.7332956541e-01 -1.1667185246e-01 2.6745065964e-01 -6.6697046827e-02 -1.8408218988e-01 2.8784482676e-01 -3.3982840148e-01 -3.6769626197e-02 1.0390131643e-01 -1.2567569475e-01 1.4431420723e-01 -1.5737065047e-01 -2.0233958434e-02 7.4111195992e-02 -9.0665925377e-02 -4.4162902417e-01 -8.6890116364e-02
7.3183794478e-02 4.4323317515e-01 -1.5155781644e-01 1.2066410638e-02 -1.0142114700e-01 2.4576851418e-02 3.6522587146e-01 1.3430530866e-01 3.8580358765e-02 3.2541111558e-01 -2.8784304018e-01 -3.5023436860e-01 5.0512853392e-01 -2.0417627153e-01 -3.8173206086e-01 -1.9894178711e-01 -1.0472892400e-01 -3.6458824615e-01 -8.5181024163e-01 9.5700393767e-02
3.3287748840e-01 -1.9389555044e-01 1.4675990109e-01 -1.5962171264e-01 -2.4306037574e-01 4.5538819152e-02 -1.8470011091e-02 -3.3652275556e-01 -1.8593860695e-01 1.3830030976e-01 2.2535409971e-01 1.9123401195e-01 -3.3716747608e-01 -1.5713884056e-01 -2.2114081115e-01 -1.5619779463e-01 -2.9659815014e-01 2.0707506517e-01 -4.9299172432e-03 -1.6048031134e-01
-2.5286673120e-01 1.6763817080e-01 3.6801988222e-02 -2.8990121399e-01 -1.3197149985e-03 1.4627253957e-01 2.0111221861e-02 -7.2112638506e-02 1.8088250813e-01 9.4525175562e-02 1.0121813090e-01 1.2586043629e-01 -3.3526770578e-01 1.7565543749e-01 -3.1187578515e-01 -2.5851756280e-01 3.2391615419e-01 2.5485711733e-01 -2.7245042948e-02 2.5023110415e-01
6.7233389388e-02 -2.8090317716e-02 3.1584350397e-01 -1.6839502477e-01 1.6281288691e-01 4.8434483464e-01 -5.1665703451e-02 1.6026769424e-01 -2.8149905170e-01 2.4644563408e-01 -9.5325050989e-02 -2.7124223094e-01 5.8345602225e-01 1.2020353246e-01 8.0843726742e-02 1.3477767748e-02 2.4611138171e-01 1.5739863385e-02 -4.2052825600e-03 -7.6769865336e-02
3.7008975697e-01 1.0493765847e-01 -2.8535665336e-01 2.0171101407e-01 1.4425389512e-01 -3.8000888196e-01 4.4110910656e-01 -2.1345878021e-01 3.6832781604e-01 -3.0743235539e-01 -3.3071242280e-01 -1.4626587145e-02 3.9954432053e-02 -1.0841822603e-02 8.9466040379e-02 3.2273991189e-01 4.0537041568e-01 4.7565237625e-01 -4.4205120958e-01 3.0588074075e-01
-8.5351058881e-02 -2.6251752946e-01 -8.6810925534e-02 7.1454175199e-02 -1.2142595305e-01 4.7282983737e-01 -1.5575443048e-01 1.1675870759e-01 6.0500682246e-02 1.9411467240e-01 3.6374769413e-01 9.0271188116e-02 4.2315097551e-01 2.3037893088e-01 -1.6200216719e-01 -1.8731919723e-01 -6.7021044792e-01 -1.4466661292e-01 1.1095457619e-01 -3.1694448467e-01
-6.2861484563e-02 1.9961315679e-01 1.7493270813e-02 2.0428475325e-02 -4.9554230193e-02 2.6046105043e-02 2.0126493092e-01 1.7298647550e-01 1.0179251015e-01 5.1754554588e-01 -1.5936600848e-01 7.8346453275e-02 1.1746721289e-01 -1.1203077566e-01 3.1899679889e-01 1.7455773445e-01 4.0858341458e-01 3.5366845168e-01 1.5703661787e-01 7.2111205978e-02
-1.3902506553e-01 5.7558946077e-01 1.2538628724e-01 -1.1095398843e-01 -1.1727773122e-01 2.3738582659e-01 2.0402460287e-01 -2.9799558318e-01 -2.7001813307e-01 -1.3289369648e-01 4.8853959144e-01 -3.5481113566e-02 9.9286195420e-02 -1.2241307211e-01 -4.0070079347e-01 -2.2136966073e-02 1.6841530908e-01 -3.9058109064e-02 2.9461094418e-01 4.3643867327e-02
6.4391539507e-02 -2.1425267082e-01 -6.8979017257e-02 -3.9390587243e-01 1.5315472984e-01 -5.0895537840e-02 4.6487738614e-01 9.2266897740e-02 -1.5282853980e-01 -6.5715887589e-02 -8.6333885576e-02 2.4096175641e-01 2.7588986219e-01 -1.5574510707e-01 -5.3739365246e-01 -8.7693388341e-02 1.2995991804e-01 1.6314790027e-01 -3.7925823426e-01 -2.7843949973e-01
-6.9832689016e-02 1.9496976039e-02 5.7210526793e-01 1.7458656189e-01 1.4402495839e-01 3.1312674811e-01 -5.5225859626e-02 2.7379093830e-02 3.6288428014e-01 -7.8344253070e-02 2.3554155824e-01 2.0544893483e-01 -1.0546730569e-01 2.3911098888e-02 9.1440056478e-02 -1.0688433721e-01 1.0528811318e-01 4.3874074013e-02 -1.1210184434e-01 -9.1623037392e-02
