-2.6412181137e-01 -1.7405651916e-01 3.9772245115e-01 1.9984411029e-01 1.6148783732e-01 1.5916403579e-01 1.5118122103e-01 1.1515158785e-01 -8.4188628904e-03 -3.7070860774e-01 -2.6480548783e-01 -1.1553972716e-02 -1.7745978747e-01 -5.3793808478e-03 -4.8457731411e-02 1.4803168012e-01 -4.1476381392e-01 -6.5267648108e-01 1.0277124950e-01 -2.3769151871e-01
4.5861787615e-01 -3.6462440917e-02 4.3176995415e-01 1.6717340595e-02 -7.0820142642e-02 -1.4111131961e-01 -3.6283245498e-03 5.1684028364e-02 -1.4069749388e-01 -2.6687337721e-01 8.9659411232e-03 -4.9277659240e-01 3.1934040316e-01 3.2276491085e-01 -8.4749223974e-03 3.2132782569e-03 -3.5360217128e-03 5.3964583790e-02 -5.3648222899e-02 -8.9628462919e-02
1.5947298582e-01 -3.5048107638e-01 -3.9032562885e-01 5.3892095763e-01 -7.1501503933e-02 -3.0361545339e-01 -7.0926084493e-02 -3.2233721599e-01 -2.0663372851e-01 1.3599267878e-02 -2.6673720719e-01 -2.8103310787e-01 3.7546861053e-01 1.5196772084e-01 1.3673824083e-01 -8.8997768456e-02 1.2872999542e-01 -2.1547539507e-01 2.8225804418e-01 1.0066200007e-01
1.1635495953e-01 2.8333119735e-01 2.8243140316e-01 3.0725292791e-02 -7.1003130899e-02 2.3860779839e-01 1.6447760114e-01 2.8055029717e-01 2.3084118926e-01 1.4891521325e-01 6.9780105200e-04 2.5841631808e-01 -2.2433070582e-02 2.9206119575e-02 -3.2766639093e-02 1.5562491289e-02 -1.1009095935e-01 6.2384075467e-02 1.7245288266e-01 1.7823145155e-01
-1.5182929696e-01 -4.3658957715e-01 2.7678021779e-01 2.2544169783e-01 3.1013302384e-01 5.5265020168e-02 5.5745105590e-02 9.3902784216e-02 7.3672572364e-02 -2.3221069091e-01 -5.3873684854e-02 -1.5909143183e-01 -2.6951697463e-01 -1.5004083929e-01 -5.5975586340e-02 -3.7728792685e-02 -2.7546751151e-01 -1.9353646232e-01 1.9006223047e-02 -2.7379736553e-01
1.8942986962e-01 -2.5140829035e-01 -6.5938603467e-01 3.9186413312e-02 1.4500570229e-01 8.0302021747e-02 -2.3665074572e-01 -1.8315028942e-01 -6.5399225948e-02 4.1107563225e-02 3.1328989967e-01 -1.1134046574e-01 8.3119326771e-02 -7.9970176852e-02 7.5901357617e-02 1.1949991097e-01 2.0431920382e-01 -2.1687045921e-02 3.9906651647e-01 1.3539797607e-01
2.9737647849e-01 -1.7165716897e-02 -1.3439194679e-01 -2.4063044755e-01 7.0763756736e-02 2.9098030640e-01 2.0967776373e-01 8.5398288339e-02 8.8805123698e-02 2.7321123706e-01 -2.1251186089e-01 -1.5528324692e-01 4.3608564776e-01 -1.2815456987e-01 -1.6263458941e-01 4.2307783891e-02 2.7179173065e-01 1.4919305088e-02 -8.8372818547e-02 3.3839279912e-01
-5.6846048814e-01 7.7056345660e-02 -4.7705449240e-01 3.9526993519e-02 -2.2578453406e-01 -6.5840521004e-01 -1.3737318341e-01 6.4602943256e-02 1.5801203022e-01 1.8854736296e-01 9.9887905292e-02 3.9376111671e-01 -3.5905391621e-02 2.2928161361e-01 5.3971705152e-02 3.5702607945e-01 5.2464672590e-02 6.8996970239e-02 1.8093623647e-01 3.6580690421e-02
-8.2345463225e-02 9.7521725672e-03 4.0254170584e-01 -2.5066914944e-01 1.6852587237e-01 2.6143371032e-01 -1.5501234795e-01 -9.0625018900e-02 -2.9817613178e-02 8.8464784979e-02 1.0831791591e-01 -2.4912832280e-01 2.0561730292e-01 -2.0627255138e-01 -3.8914360141e-01 4.4789667618e-02 6.1972304924e-02 -4.4135962225e-02 9.7262196046e-02 1.0466555851e-01
-3.5233703683e-01 9.3409784769e-02 2.7191701935e-02 -4.5999848927e-02 2.1475114242e-01 -1.8140472804e-01 -1.9742840770e-01 -1.2463912146e-01 -3.0545238111e-01 4.1862861910e-01 1.3193394028e-01 -2.6443055815e-01 1.8015018655e-01 1.8183805225e-01 1.8464817537e-01 2.2325695414e-01 -7.1148448218e-02 6.4012498461e-01 3.2595941030e-01 -2.0492353792e-01
1.5720114216e-01 5.5220199873e-02 -5.9089350687e-02 -2.4239336019e-01 1.0973378663e-01 -1.0336918458e-02 -2.2107122660e-01 -2.1500293782e-01 4.7908947202e-01 -2.7433678920e-01 2.1749238404e-02 2.0839003574e-01 -1.6551819091e-01 -1.9165095556e-01 1.5421756270e-01 -4.2299710300e-01 -1.0289287632e-01 -1.9736152219e-02 3.8712811981e-02 9.9055672900e-02
-4.0133410946e-03 -2.3036097148e-02 -3.0098059002e-01 -8.7706042526e-02 -6.8577835994e-03 3.2685731591e-01 -3.8858039161e-02 -1.6200526416e-01 3.3474234002e-01 -2.8837309478e-01 -1.2693609097e-01 2.7088865036e-01 1.0175512319e-01 1.0033159639e-01 -1.4561006402e-01 -6.0404622035e-02 3.2733401388e-01 1.6923712314e-01 -2.8777853010e-01 -2.6569110555e-02
-5.0265569142e-03 2.8738585618e-01 -1.9188943582e-01 -2.4987146705e-05 2.4561779740e-02 1.3513441760e-01 2.1850064864e-03 -2.5037284830e-01 -1.0408998165e-02 -1.9132804918e-01 5.2381876004e-01 -3.9312479431e-01 4.0899106007e-01 7.1056047265e-02 -3.4546031757e-01 -2.0096823244e-01 4.0695273021e-01 3.2917148101e-01 -5.6764361142e-02 2.9589666141e-01
3.4051186520e-02 -2.5169108210e-03 -9.6713076375e-02 -1.1254188968e-01 -3.3693565428e-01 -1.7910940463e-01 -4.2534765602e-02 2.0591716361e-02 -4.5391914553e-02 -7.4020105679e-01 -3.3256927440e-02 5.9205927797e-02 1.0107757390e-01 -1.6568442862e-01 -5.3117848574e-02 -2.8794095128e-02 4.4501870425e-01 -1.4582461481e-01 -1.9976723803e-01 2.5625307801e-01
-4.8255050130e-01 2.7583625235e-01 8.0876056373e-02 -1.0050163758e-01 -2.2980247088e-01 -2.0983869395e-01 2.6270003866e-01 -2.0214061661e-02 2.0034340400e-01 -2.7214534154e-01 -3.5565838298e-01 2.0676679588e-01 -2.8162573742e-01 -1.2709616644e-01 -2.6733691881e-01 4.0453341256e-01 1.7753802545e-02 -2.1345507907e-01 -1.5234366628e-01 -1.8678977217e-01
1.2650745390e-02 -6.6468397113e-02 -1.9854709233e-02 -1.1991795020e-01 -1.2617519116e-01 -3.8576690805e-02 -3.1918390672e-01 -6.3086441590e-01 -3.9521242316e-01 2.0057109390e-01 2.4007020404e-01 -1.8438820983e-01 1.0699563498e-01 2.9584145480e-01 -1.1555781271e-01 1.6570353321e-01 -2.2785691602e-02 2.9487251966e-01 -7.5540764317e-02 -1.2358301772e-01
3.1024523757e-01 2.2756190171e-01 -7.7218110267e-02 1.1691203933e-01 -4.1531505386e-03 2.7943659489e-02 -3.2211552923e-01 -9.1607186611e-02 2.2581657721e-01 -3.0118987140e-02 -1.7484046478e-01 -2.0458464618e-02 -4.5454307746e-01 2.2233985838e-01 -1.3555513408e-01 2.9664195447e-01 8.5629316985e-02 -3.8993089393e-01 4.3350521757e-02 2.9811657245e-01
-2.6286578483e-01 -1.4133922380e-01 2.1967128894e-01 3.9233895066e-01 3.5783492036e-01 1.8637774709e-01 -2.2688093982e-01 1.1325692426e-02 -3.3497802914e-01 1.0832140659e-01 5.6154888560e-02 -4.7744189455e-02 -2.0374260761e-02 -4.9827321013e-01 -2.1614193643e-02 1.8958101676e-02 -2.8978574355e-01 -4.1567947858e-01 3.2083664388e-01 -2.0315237182e-01
-3.7670751884e-02 4.7894922035e-01 -3.1004151063e-01 2.5385026063e-01 -7.7672509274e-02 -6.8434103128e-02 8.9849531391e-02 2.0094456800e-01 2.4536257754e-01 -6.7912245130e-02 5.5812573683e-01 3.5902286217e-01 3.9846648682e-02 1.1730495863e-01 2.3988204394e-01 6.1901250281e-02 -9.7135284963e-02 3.1269103122e-01 1.8066559197e-01 -1.4430476263e-01
-1.4924934125e-01 -5.8383814165e-02 -1.9040945879e-01 4.6064902882e-01 -2.0269061482e-01 2.9762298567e-01 4.2970546889e-02 2.8199451039e-02 -6.5615499693e-02 1.1350820190e-01 2.5512084855e-01 -2.3468421664e-01 -1.3522543769e-01 -2.1469192250e-01 2.5587372736e-01 -1.3206976977e-01 -1.2656786398e-01 -1.3824214927e-01 9.7124901962e-02 -5.0125295589e-01
