6.6596979592e-02 -1.1809237614e-01 1.4484147827e-01 -6.0099644728e-02 -1.9525518279e-01 2.4041011852e-01 3.3516653380e-01 -2.0663194307e-01 1.7503690747e-01 2.5838294933e-01 -1.0968080525e-02 -1.9297310121e-01 -3.4706593464e-02 3.0308694277e-01 -7.8891399606e-02 1.8452761799e-01 -3.1471062570e-01 3.2942815009e-01 -2.3308743251e-01 -2.1409230866e-01
-1.1290574163e-01 -9.1906808022e-02 4.3225024632e-01 2.6285299000e-01 -1.3818964972e-01 2.2770110776e-01 1.7311335581e-01 3.1320064137e-01 -1.3511630576e-01 3.5929256052e-01 1.0189292344e-01 -1.9629442668e-01 1.5130968819e-01 1.0366680044e-01 3.4379751463e-01 3.1232014465e-02 2.0631617840e-01 5.9760749381e-02 -5.9636965589e-02 -4.6692768071e-02
-3.9888675288e-01 5.2669780409e-02 -1.3231690888e-01 3.1853276433e-01 -2.4305343082e-02 -2.1518335349e-01 -6.7362786518e-02 -3.9514627807e-02 -1.4841313022e-01 -2.3662569941e-01 -1.5197171003e-01 -4.3649126412e-02 -1.1073252964e-01 -4.4359582654e-01 1.5208588253e-01 -4.7927852698e-01 -5.1807033709e-02 -1.4622011192e-02 3.8185916641e-01 1.1344854875e-01
6.4764747296e-02 -8.2512573602e-02 2.7993519344e-02 1.1545219011e-01 -1.6550975115e-01 1.2146587894e-01 4.3603607492e-02 2.9276628751e-01 -2.5802141237e-02 4.7683145741e-01 -2.4195180388e-01 -1.8751924225e-01 -1.0998494462e-01 2.7985869568e-01 2.9016873837e-01 -7.1406140368e-02 -1.6479145029e-02 -2.0477829175e-01 -1.3378868759e-01 8.3159511325e-02
-7.5915317945e-02 -1.2160459842e-01 2.3539192414e-01 -3.0033896660e-01 -1.7017433367e-01 -1.2989974499e-01 3.3946483095e-01 2.1681646308e-01 -3.4496112291e-01 -5.9885050768e-02 3.1175808377e-02 -4.1532442723e-02 1.5322255969e-01 -6.8387103298e-02 1.7355257393e-02 6.3451508439e-02 -1.0008578047e-01 1.6377255906e-01 2.0150227930e-01 8.4366014462e-02
3.9430227269e-01 -1.7739700488e-01 -3.0901908405e-02 3.5688836817e-03 -5.0618287940e-02 -1.5642453959e-01 -2.9352849590e-01 -3.1173666836e-01 -1.1452248880e-01 -2.5406771651e-01 -2.3944303221e-01 -2.1334937243e-01 -2.0413688394e-02 1.0964050628e-01 4.5921635712e-01 -1.2894155635e-01 -2.8856735969e-01 5.4444961834e-01 1.4554061937e-01 1.8724038849e-01
-1.5815368132e-01 2.0027381529e-01 -2.5454715320e-03 -4.2652176586e-02 5.2094316270e-01 3.8708756519e-01 -1.1549089021e-01 -8.7961323667e-02 2.8752949532e-01 -1.0676999360e-02 3.1296849556e-01 -6.7964965257e-02 -5.1489076178e-01 -1.2604698896e-01 -1.6100183359e-01 9.7891011995e-02 1.8102760876e-01 -2.2002835060e-01 4.0685235159e-01 -6.8272852134e-02
1.5654367318e-01 -5.8922167587e-03 1.3765152946e-01 2.4252535704e-01 -3.2240696462e-01 9.9767458921e-02 2.4698150529e-01 -1.1972117852e-01 -1.8548355957e-01 1.5952562132e-01 5.5279207100e-02 2.4022802121e-01 -1.8833025845e-01 1.0146877921e-01 -1.0147612584e-01 4.2990887105e-01 -1.1473827901e-01 -6.2713910109e-02 2.6822602664e-01 3.5796141721e-01
3.6848750021e-01 -3.7493852191e-01 -3.0743819746e-01 9.9400114028e-03 4.4048090760e-02 -8.9271756484e-02 -1.1848859543e-01 2.5595022840e-01 -3.9994989057e-02 1.2817732870e-02 -1.7143566414e-02 2.7134463466e-02 -4.4887655515e-02 1.5601914329e-01 2.7866946388e-01 -3.0781599766e-01 -1.1149374638e-01 -1.5340718529e-01 1.2069079507e-01 1.9500753769e-01
-1.3774863057e-01 -2.2163914579e-01 1.3265072436e-01 -9.1751220518e-02 1.4680087070e-01 -1.7476152976e-02 -1.4396641688e-01 -3.4625088062e-03 1.2882275039e-01 2.1210555390e-01 -1.3596397686e-02 1.7446772393e-01 2.0454360620e-01 -3.9852368688e-01 -2.4079867398e-01 1.3300527970e-01 -1.6619244112e-01 1.3353861142e-01 -2.4130637282e-01 4.1423087677e-02
-5.7724561643e-01 -1.1852935115e-01 5.7308882645e-02 3.3507612704e-01 -7.9141752731e-02 1.0294554233e-01 4.0521407258e-01 -2.0003372188e-01 -1.2852777319e-01 -2.5262297793e-01 -2.8000456817e-01 -2.3203394353e-02 -1.8096225065e-01 -3.4556840100e-02 -2.0251427510e-01 2.3824975843e-02 -1.4166953047e-03 3.8534092359e-01 5.9098877398e-02 -4.1738529627e-01
4.7356313215e-02 -1.1961266088e-01 1.2266517249e-01 -6.4318530619e-02 -2.4481317517e-01 -2.4928539772e-01 1.1734196975e-01 6.3177996573e-02 5.2722593873e-02 -1.3789816352e-02 1.6039729856e-01 3.4556534145e-01 -3.3507985110e-02 3.9700609535e-01 3.7017642280e-01 1.5004562183e-01 -1.3439682174e-01 3.7415667064e-02 1.6097223969e-02 5.7048444088e-02
-3.4128025943e-01 -1.0275334141e-01 -3.1346231318e-01 6.4138919804e-02 -1.1684032826e-01 2.3139327242e-02 -4.7886220866e-02 -3.1716713572e-02 -3.7642732254e-01 -2.1630576359e-02 -6.3844496797e-02 6.2611132867e-02 -3.1545405047e-01 6.6158707351e-02 3.9005001994e-01 2.4642816308e-01 -2.7696253840e-02 4.4286232575e-02 1.2973019212e-02 -1.1184175657e-01
-1.1950410569e-01 -2.2058641350e-01 1.9010656352e-01 8.7626963980e-03 -1.3306133967e-01 -2.1786575937e-01 1.6172183393e-01 3.0480572732e-01 -3.5433276675e-01 -7.9294033271e-02 5.8399318418e-02 1.1299494369e-01 8.1894207944e-02 1.2849210282e-01 1.0302444624e-01 -1.0233171632e-02 -3.1248035211e-01 6.1167534318e-02 3.2863446129e-01 8.2484723808e-01
-1.4603497065e-01 -2.1115189136e-01 9.1814895319e-02 -1.5451239393e-01 -3.3981190612e-01 4.1290206194e-02 6.1140984623e-02 5.9146671135e-01 6.2823193021e-02 -5.2642174329e-01 1.3514600605e-01 4.8706868639e-02 7.3570033774e-02 5.1966144348e-01 -4.0162125315e-01 1.5626426930e-01 2.8631084779e-01 -2.2222892360e-01 -3.4422718615e-01 8.3353055308e-02
1.4085913596e-01 7.3297751890e-02 7.7320765772e-02 -4.5692904853e-01 2.9043917693e-01 -5.1319704380e-01 2.4183264074e-01 -2.7590367519e-01 3.0664628126e-03 3.6285175528e-01 5.8639703538e-03 1.2111531280e-01 4.7940898760e-01 -3.1735230069e-02 -3.4437565568e-01 -1.4448453054e-01 1.8660438952e-01 -3.1796255524e-01 1.2773582048e-01 1.0934553820e-02
3.6530939571e-01 -5.1742615006e-02 -3.5137214050e-01 1.3379758895e-01 -5.4179981388e-02 -1.6135593186e-01 8.5407421890e-02 3.2025750588e-01 -2.9660747247e-01 1.0686649200e-01 -6.2529372512e-02 1.7473118043e-01 3.7684556056e-01 3.1509451287e-02 -1.9824763084e-01 9.2048659097e-02 5.1513424618e-02 -2.6739169505e-01 -3.4650986308e-01 -5.2919873030e-01
5.4435913136e-01 2.0787242307e-01 -2.7477056680e-02 2.8105958979e-01 2.6853530276e-01 -1.2933342735e-01 -2.5919660182e-01 -3.2374637998e-01 3.0562729286e-01 -1.9204104368e-01 -2.6766773523e-01 -4.3382314133e-01 -1.9477834509e-01 2.8509434591e-01 -1.7420047040e-01 3.1716440584e-01 -9.5865747720e-02 -1.3162728649e-01 1.0197942017e-01 -1.8698388327e-01
9.4152255452e-02 -2.5854056404e-01 6.5928996976e-02 1.0638941806e-02 7.7563609246e-02 7.2754935367e-02 2.0501610358e-01 -1.5230926313e-01 -7.1198371799e-02 1.9590443475e-02 -9.6992848777e-02 1.0524467939e-01 -4.5343245818e-02 1.9445782523e-01 3.6679605317e-01 4.0667563536e-02 -6.1779960686e-02 -7.4077483130e-02 6.5795717944e-02 1.0742073792e-01
2.0453082453e-01 -2.0761591099e-01 -1.9092584047e-01 2.8644677753e-01 -1.6270154227e-01 2.3237803356e-02 -2.2349276993e-01 -3.7912750800e-01 -3.3905401527e-01 -2.2924285819e-01 1.4340069668e-01 2.8953297832e-01 -8.4618228825e-02 -2.0504728238e-01 -3.7297372693e-01 -7.3730204593e-02 -2.9278821728e-01 -2.5801914625e-01 -3.8725753304e-01 1.2101833388e-01
