2.5960047744e-01 -2.0939208298e-01 1.0793274285e-02 6.2644656813e-02 2.2715631138e-01 3.6828533495e-01 -4.4134003423e-02 2.8211342092e-01 1.5867339016e-01 -1.0322107351e-01 -2.2795999818e-01 -1.7785244148e-01 -6.0764506407e-02 3.5751237555e-01 2.3203618772e-01 3.6688157844e-01 7.4051067028e-02 -8.1967920414e-02 -4.7223325284e-01 -1.0439969699e-01
1.8129051132e-01 -1.3035727482e-01 3.0697495707e-01 -2.3815336704e-01 1.3133418493e-01 1.8817673855e-01 5.0370846692e-02 -8.1748134877e-02 -1.7567825778e-01 -1.4086425720e-01 2.9334959445e-01 2.9279251029e-01 2.8190629775e-02 -2.0765306337e-01 -9.7654985120e-02 -6.0370288544e-02 -4.3326568316e-02 8.9743865519e-02 -1.0113558445e-01 -5.5177637555e-02
-9.7484519348e-02 -7.5113744074e-02 -2.4651301406e-02 7.8059212022e-02 -3.0714547414e-01 4.4981696501e-01 -1.3445542977e-01 -5.6468035560e-02 -1.0113811790e-02 -6.5168823928e-02 5.2160137151e-01 -6.2468008102e-02 3.8727624383e-01 -3.1770523146e-01 2.6944298222e-01 2.7782388780e-01 -2.4549413546e-01 9.9387365140e-03 -1.7577209782e-01 2.3299852983e-01
-3.5997490241e-01 -2.3965818766e-03 2.9031832623e-01 3.4266308822e-01 -2.9086000271e-02 -1.6276687817e-01 1.1685979505e-01 1.6298998731e-02 1.9599899441e-01 -3.6988914692e-01 -2.0694291408e-02 -1.2907475835e-01 4.0866520700e-01 -2.8349860584e-01 -4.3604437496e-01 3.6327459016e-01 4.5364736191e-01 -3.1416753658e-01 -3.3049175795e-02 6.1821681182e-02
3.4142249557e-01 1.6647166814e-01 3.6314577914e-01 -5.8015558883e-02 -4.3535789116e-02 -4.5641739016e-01 -2.8691957052e-01 -3.5346353553e-01 1.6654245706e-01 -2.6399168483e-01 -2.9556922633e-01 -3.5726988989e-01 -5.5230568115e-02 1.3348769537e-02 -9.4707435720e-02 -2.3985249572e-01 -2.8698222216e-01 -4.4437510810e-01 3.1939773781e-01 4.4341877637e-01
2.9410025188e-01 8.4035006938e-02 -4.9427493971e-02 -6.9660106138e-02 -2.2543838985e-01 2.4103915382e-01 -1.2140383087e-01 -1.7986077198e-02 -3.3990395923e-01 -1.4843278857e-01 4.4152388576e-02 -2.1288123982e-01 1.5621624249e-01 8.2840156119e-03 2.5698046333e-01 -3.1986884859e-02 1.5026442497e-01 4.1601764223e-01 -1.0655637326e-01 1.5682179552e-02
1.7738656039e-01 -3.6202475055e-01 -2.1444814571e-01 -1.2453812259e-02 2.9054025955e-01 -1.9993413451e-01 3.2155469052e-01 -3.0902803667e-02 3.7255837112e-01 1.4371777915e-01 1.9808229943e-01 6.8286368167e-02 -1.3058080788e-01 -8.6391096280e-02 2.0317886675e-01 -3.1930290494e-01 -4.0979094391e-01 3.4787146222e-01 -1.5875869275e-02 -8.5723482767e-02
-2.2139228650e-01 -8.7662617762e-02 -6.0032483203e-02 4.2590874998e-02 1.4267512520e-02 2.7630323224e-01 1.0252409132e-01 -1.2083686305e-01 -5.7186378334e-02 1.7792685728e-01 -3.9126077124e-01 8.4690721801e-02 2.6326807967e-01 5.1408225913e-01 4.2733755211e-01 1.3959365336e-01 4.7123612872e-01 -1.8722910245e-01 3.9809820075e-02 -4.8536051116e-01
-2.5359418490e-01 -1.7304095270e-01 1.1234833741e-01 4.8026355270e-01 1.1573691858e-01 -6.0283117047e-02 -2.2241000111e-01 -1.2183326500e-01 -2.1588331922e-01 4.5644888003e-01 4.0788702331e-01 -2.3801231462e-01 3.2626030369e-01 2.7051867608e-01 -4.6000441626e-01 -2.3504149009e-01 8.6300278624e-02 3.7436513625e-02 1.5431666474e-02 -1.5095006016e-01
-4.4714551682e-01 -6.0466760758e-02 2.3159568033e-01 -3.9846807568e-01 9.4302119086e-02 2.5334884530e-01 2.9693098935e-01 -2.8057321509e-01 2.5890945323e-02 -3.2646666275e-01 3.2737565108e-01 2.3279666292e-01 -3.5594270419e-02 2.5901115267e-01 1.5127724857e-01 2.7767118481e-01 -6.9055584325e-02 1.8908936607e-01 1.3046645810e-01 -1.3150902247e-01
-2.6907694502e-01 -3.1795872035e-03 -6.3797533236e-01 1.0879855506e-01 -3.0040253292e-01 1.4698670800e-01 -3.5356444966e-01 1.8680140576e-01 -2.8923558703e-01 3.1541905375e-01 -2.1486370449e-01 8.4398281911e-02 6.6314533925e-02 -4.1450190303e-01 -1.0202255713e-01 1.1964884313e-01 2.0243761584e-01 7.8300416670e-02 -3.4023127892e-01 2.3387097447e-01
2.5455100897e-01 3.0101415837e-02 3.8468094934e-01 -9.3708805967e-02 4.0773960113e-01 3.5583667421e-02 -5.2730723743e-03 -5.9238445504e-02 -1.6202056407e-01 -3.8073402005e-01 4.1854458081e-01 2.4616181404e-02 -1.3034347491e-01 -1.9321473731e-01 -2.4044852619e-01 -2.4781965933e-01 1.8996363621e-01 -2.2115411132e-01 -2.0955131346e-01 1.2412048728e-01
7.6428113117e-02 2.1850040631e-01 1.3047921030e-02 4.8564802276e-01 -1.7277660879e-01 -6.0539356192e-02 -2.2682724358e-01 2.8595315117e-01 -3.5721440345e-01 2.3836015590e-03 -2.9385352748e-01 -2.3241314836e-01 -1.7505330557e-01 -1.9722413848e-01 -6.7324320297e-02 -3.9327990161e-01 3.3302520626e-01 -1.5053662562e-01 2.8909544519e-01 1.1524060269e-01
2.0398432493e-01 -2.0929481653e-01 -1.3963752945e-01 -1.4773146463e-01 -2.7253427551e-01 -2.6266536030e-01 -1.3218755949e-01 -3.1529432986e-01 -1.0251749106e-01 -1.1606392265e-01 -1.0142576326e-01 1.2378883603e-02 3.2637529778e-01 1.3052194662e-01 2.9049713098e-01 7.8090155129e-02 -2.2056473485e-02 -2.6040745727e-01 -7.6482525173e-02 2.3173512856e-01
-2.6851336704e-01 -3.9034446714e-01 -1.1608626223e-01 7.9719412644e-02 2.4299127130e-01 2.0242174451e-01 -1.1857214127e-01 -8.4311236257e-02 -4.2905577752e-02 1.5653620152e-01 -3.6017518898e-02 -2.0462555727e-01 2.5779108258e-01 -7.0156680691e-03 1.7516877267e-01 2.3886621983e-01 -7.3128012470e-02 2.7657112976e-01 6.7936249320e-02 -2.8576854070e-01
-3.2181555249e-01 1.9829691644e-01 4.5407961893e-01 8.8331551456e-02 3.7817261271e-01 -1.3122944290e-01 1.2028281386e-01 4.0799637759e-01 2.2799547272e-01 -3.2707318752e-03 4.3828116608e-02 -2.3152140635e-02 2.9380926037e-01 -9.7171753382e-02 -1.6378827667e-01 1.6109470815e-01 -1.9616183223e-01 -3.2002604866e-02 -5.7702573594e-02 -1.8379460661e-02
-6.5808108792e-02 -6.9872423715e-02 -1.4620874650e-01 -1.8274439368e-01 5.6121511767e-02 -2.7979679366e-02 -1.2660667039e-01 2.5868032953e-01 -6.3451839683e-02 2.4589728305e-01 2.7409351086e-02 -6.2622343405e-02 5.2670186490e-01 1.7847561745e-01 9.0599268275e-02 5.1190090326e-01 4.8333541146e-02 -2.9334549144e-01 -4.5670113910e-01 1.4036051514e-01
-4.3148294707e-03 1.4798012324e-01 -2.9228773227e-02 -1.1784455959e-01 1.6792569034e-01 -4.5191419725e-01 2.2378617185e-02 1.0934300351e-01 1.2001107233e-01 2.6310887640e-01 3.7091287727e-01 4.9072257951e-01 -6.3055323912e-02 -1.9892551561e-01 6.4197495607e-02 3.9673802536e-01 -3.7052048341e-02 -2.0812865122e-01 1.4682640518e-02 4.2254747619e-01
-1.6671970345e-01 1.0412023971e-01 1.6115730673e-01 -2.4676142140e-01 8.6450783240e-02 -4.4968768401e-01 -4.7980056995e-04 -3.1254085962e-03 5.0238372740e-02 -1.4291002568e-01 -3.3082891271e-01 -2.4494881667e-01 4.6399380908e-01 1.2141677371e-01 -2.4222112841e-01 1.0432633198e-01 -3.6572318955e-01 -1.9968610834e-01 -1.9678600645e-01 -2.3341734123e-02
2.0511601938e-01 2.6917809620e-01 -4.5892774875e-02 -7.7565950000e-02 -3.6134956416e-01 2.1342122412e-01 -1.4458217569e-01 3.7596632810e-01 3.7367771879e-01 -2.8954224591e-01 -2.7177868404e-01 2.0541386825e-01 -2.0116153929e-01 -1.4315427226e-02 1.9084775028e-01 9.5489484347e-02 7.5265370305e-02 -2.9282867647e-01 1.7984348349e-01 1.3954167826e-01
