8.6661060398e-02 9.1905521602e-02 4.0208220040e-01 1.9208795338e-01 2.5672596697e-01 1.1280116608e-01 -1.1209265093e-01 3.6265232870e-02 -3.5897906112e-01 -3.7720730738e-03 -1.6165963483e-01 3.5489497001e-01 -3.3206279994e-03 -2.5394775237e-01 -1.7859628956e-01 2.1621206395e-01 -2.1411530504e-01 1.3309744147e-01 -6.2850743172e-01 7.2896959516e-02
1.3673732890e-01 -7.9062887829e-02 1.8058736659e-01 -9.0048697501e-02 1.2766965865e-01 -2.9118528969e-01 1.8248272919e-02 -2.0429896807e-01 -2.0513248975e-01 3.7888412749e-01 7.2493971820e-01 3.1975871896e-01 7.2117087497e-02 2.1874528287e-01 3.4174733049e-01 5.8516230663e-01 -4.5082760918e-02 3.8577338382e-01 -1.2618795105e-01 1.7822066069e-01
2.0185273088e-01 3.1166591322e-01 -2.0849803716e-02 5.6897625050e-02 -3.8897637941e-01 2.1225151808e-01 2.7336994790e-01 1.1132171195e-01 -3.5607036189e-01 5.2191913297e-03 3.8115018332e-02 4.6517728652e-01 1.0915392061e-01 -4.1273644346e-01 -3.1325762274e-01 7.6034099615e-02 2.1623185346e-01 -5.2982746210e-02 1.0942840651e-01 -1.4826632528e-01
9.8814778815e-02 2.1230068013e-02 -6.1228029472e-01 3.4945883527e-02 -3.5012845901e-01 2.1952287011e-01 -7.1888982565e-02 -1.2493346632e-01 -3.9349108832e-01 2.1257871119e-02 -1.1350553912e-01 -1.3418469173e-01 2.3694637318e-01 -5.0038384762e-01 -4.5005578191e-02 5.4644030171e-02 -2.6666271739e-01 3.2191580845e-01 2.4272891621e-01 3.0190413172e-01
-2.5798164225e-01 2.2177053823e-01 -2.6692501023e-01 4.4801672942e-01 -1.6374646353e-01 5.3767910944e-02 9.3797300940e-02 -3.4496240621e-01 3.5019555217e-01 -1.7288901989e-01 -1.3430221600e-01 -1.8847335198e-01 5.1961864525e-01 2.1175539269e-01 1.7608673656e-01 3.1554693851e-01 2.2319583331e-01 -1.4418128733e-01 -3.6440902382e-01 -4.0817923494e-01
2.7746302842e-02 1.4459225437e-02 2.9033695675e-02 -4.2848786974e-01 -4.9532598961e-02 -2.1447888236e-01 1.8850753985e-01 -3.1778857510e-01 -2.0572622224e-01 3.5389280768e-01 7.3023822933e-01 7.6655554989e-02 4.2969744130e-01 -1.8553602309e-01 -1.2656557952e-01 2.7204522077e-01 -1.1738114285e-02 6.9685783506e-01 3.3764706747e-01 -2.5948092020e-01
8.7826371450e-02 -9.7330812288e-03 -4.9634238583e-02 -6.0477991987e-02 -1.5283089157e-01 -3.6759526846e-01 -4.2379770043e-01 -1.6721961028e-01 -1.2665694485e-01 3.4520214999e-01 -1.0140937436e-01 -3.4490420316e-01 4.5791892172e-01 2.4018037041e-01 1.9957706991e-01 5.3114576955e-01 1.0434759152e-01 -2.7268547378e-01 -7.9848444496e-02 -5.6630265098e-02
-8.1117995668e-02 1.3620196800e-01 -3.8289929414e-01 -1.3426313274e-01 -2.0298854210e-01 -1.7968012486e-01 1.4257070762e-03 -1.5833883145e-01 -6.1374352493e-02 2.0736249620e-01 3.6599055097e-01 2.6161254236e-01 -1.8611602537e-01 -2.3328369034e-01 1.5027683382e-01 -5.0631362078e-03 1.0177776896e-01 4.9825985277e-01 2.8163991868e-02 -3.9587985812e-01
-1.3083252838e-01 4.6314678514e-03 3.6704935298e-02 3.4403362326e-01 1.1368460130e-01 1.3978530137e-01 2.2765293753e-01 1.1329086568e-01 -5.3818510495e-02 -1.9860785596e-01 -1.8309704502e-01 -3.8426480220e-01 1.1737711741e-02 -3.3630564490e-01 -1.5391884609e-02 -2.6894361661e-02 -1.1106433408e-01 -2.4129274438e-01 7.4920149298e-03 6.3070584094e-03
-3.0193510847e-01 2.5316255324e-01 -1.1156478230e-01 1.3205792941e-01 -2.5093773005e-01 -2.8633192808e-01 4.6717857576e-02 2.4276695467e-01 2.3296601647e-01 -4.3769752838e-02 -5.5269830628e-02 -5.0799473911e-02 2.9961958073e-01 -2.9618069039e-03 -3.8354417369e-01 -1.4998927785e-01 -1.6451599994e-01 -1.6066937619e-01 1.3868135581e-01 2.5632026426e-02
-1.3841535745e-01 3.9204086529e-01 4.5135790629e-02 5.0116832276e-02 -4.8850239795e-01 -1.0437024126e-01 -1.1726917308e-01 -1.1992509320e-01 1.7954674066e-01 3.1474008205e-01 -1.6561679370e-02 2.2230792998e-01 3.7254904929e-01 -5.1102433453e-01 -2.0497018599e-01 3.0680834692e-01 -3.3695501380e-01 1.1355679752e-02 2.8894174408e-01 2.1295566397e-01
-2.2567245219e-01 2.4292946723e-01 2.1165826419e-01 2.4308064362e-02 -2.3843967232e-01 -2.0767089870e-01 -1.9133237341e-02 3.1832618486e-01 1.4409100660e-01 3.3760533172e-01 -2.3704816859e-01 3.4680486797e-01 6.7904468479e-02 -2.0609018448e-01 2.6603205941e-01 2.3941096022e-01 -3.7561386917e-01 1.5133569060e-01 3.5833210002e-01 9.7300020008e-02
1.4876361902e-01 -1.3411494461e-02 3.7204171754e-02 9.7001025517e-02 -3.7144541576e-02 -3.3881183098e-01 1.6496879763e-01 -7.3312950199e-02 -1.8018931936e-01 -1.9119819690e-01 2.9128960161e-02 -2.5431702870e-03 -1.7999020892e-01 -2.6985044559e-01 -8.2160407443e-02 -1.1364162116e-01 -2.3140667940e-01 -9.2036151670e-02 1.2066553659e-01 -1.7435954807e-01
2.8384415175e-01 -9.7255653321e-02 3.4136799771e-02 -2.4048635962e-01 -4.2509419102e-01 3.4347174880e-01 -2.1858074504e-01 1.5501027238e-01 1.0175574343e-01 1.6620739591e-01 -2.6046906349e-02 1.8996815487e-01 -1.0754202273e-01 -2.3377916192e-01 -2.3226741942e-01 1.0113304497e-01 1.3171468679e-01 -7.2983497194e-02 8.6549609461e-02 2.8479045649e-02
4.0438675693e-02 -7.8211518731e-03 -2.0818830359e-01 2.5500205733e-01 -1.1996188077e-01 -4.1545990209e-01 -6.6403105623e-02 -4.3645989864e-01 -1.1174450800e-01 2.7186561930e-01 -9.5091677252e-02 3.3481802550e-02 1.0037451328e-01 -4.1687518198e-01 -1.0357755828e-01 2.0591402536e-01 -2.9202625058e-01 9.1051141969e-02 1.9489287687e-02 -3.3396302301e-02
-3.4283308941e-02 -2.2448784562e-01 1.9220359685e-02 -1.1920512613e-02 -7.9097201020e-02 1.1142553874e-01 6.1913083281e-02 -1.1837570869e-01 1.0225719690e-01 5.6713686211e-02 1.2717852460e-01 8.7015557947e-02 6.8670276489e-02 5.5576694033e-02 -2.5690192216e-01 2.6163141189e-01 -3.9556100588e-02 -4.6243625162e-02 3.8863077944e-01 3.0036405093e-01
4.3567862310e-02 -2.5547138193e-01 -2.4852282789e-01 3.5832239043e-01 -7.5653244324e-02 -1.5888377169e-01 -2.3200479599e-01 -1.9560269569e-02 1.3143150957e-01 1.6969351692e-01 -4.2486159079e-01 -7.6373391926e-02 -5.2055100032e-02 -8.6183571119e-02 -3.5442299001e-01 1.5172745283e-01 -3.1136545366e-01 -2.9607338610e-02 5.7185868537e-01 3.0851670943e-01
-2.6393307592e-03 -5.0128189294e-02 1.0850698246e-01 3.0265081120e-01 -4.2451590549e-02 5.5926835143e-02 1.8988082752e-01 2.4392262443e-01 7.3327572817e-02 2.4400172037e-01 -3.8520709721e-02 -2.7251079039e-01 3.8265041036e-01 -8.8334466957e-02 5.1269541427e-02 1.8478305187e-01 -1.2788738527e-02 -1.0648711843e-01 4.8102818568e-01 2.8277295398e-01
8.0846484697e-02 -2.5383032914e-01 -3.6427468653e-01 -2.1977183663e-01 -2.7719079975e-01 -1.3173552353e-01 1.1134291858e-01 1.0975889331e-01 -5.6240875485e-02 3.3003278312e-01 -6.5360932530e-02 7.4252401958e-02 7.8507136684e-02 2.9707616508e-01 5.8050001280e-02 -1.5086013492e-01 -1.0814167244e-01 1.7586619188e-01 -2.6530622168e-02 7.7728718802e-02
-9.8181521618e-03 4.9978799454e-01 6.9933837161e-03 1.9461011130e-01 -2.6982460765e-01 1.7252117973e-01 -4.2164329966e-01 -2.3789318803e-01 -7.9382847384e-02 -1.9365853793e-01 -2.7133481762e-01 -2.1435128650e-01 -3.1435087353e-02 -6.0072304086e-01 -6.2277567398e-03 -3.4213316143e-01 4.6052622796e-02 -1.9833843291e-01 -2.6973367329e-02 -8.1813083186e-02
