-3.0097656406e-01 1.4337846242e-01 1.2946247135e-01 3.4269642960e-01 -6.0546746875e-02 1.7753624297e-02 -4.6648340173e-01 -6.0498420224e-02 -2.5767466840e-01 1.3759046671e-01 -3.6238485917e-01 1.3095419309e-01 -2.0066959466e-02 -2.6220734694e-01 -9.0207381282e-02 -7.1128170892e-01 -4.8425101476e-01 2.9019770928e-02 6.9571101723e-02 -3.4338139436e-01
-2.9306688093e-01 -1.4886510135e-01 2.4066258201e-01 2.7814148737e-02 -7.1621177747e-03 3.9637818062e-01 -4.0563051002e-01 -1.0485986719e-01 -4.3596511535e-02 6.6820714075e-03 3.4238393972e-02 -3.7868227499e-02 -1.2520696364e-03 9.2052158559e-02 -1.6395043670e-01 -3.0279503221e-01 -1.1832848068e-01 -2.0706899302e-01 2.9242886057e-03 -2.7147414927e-01
-1.3432261751e-01 1.0165869990e-01 -1.4571708712e-01 1.1912624550e-01 1.7994784283e-01 -4.1719650508e-02 -1.4339672837e-01 2.7954975801e-01 -1.0392843641e-01 -2.1182641888e-01 -1.0212993778e-01 -3.0010817078e-01 8.5414013544e-03 -1.6915621966e-01 7.5468648062e-02 -2.2727970660e-01 -5.8587697597e-02 -6.1483628590e-02 3.6381103245e-01 1.6011535459e-02
1.6876528780e-01 -3.3754169522e-02 2.5557304956e-02 -3.0342873889e-01 -3.8304672614e-02 3.2857114781e-01 9.4915881283e-02 -2.5495440035e-01 2.2780993127e-01 -2.2451225925e-01 3.5106181020e-01 2.1150548152e-01 1.3428234632e-01 1.7777021687e-01 3.3417891886e-01 -3.6878800781e-01 3.0279331987e-01 -2.1377719623e-01 1.0844430024e-01 -1.0524727707e-01
3.2236104590e-01 6.3340409027e-02 -2.9420120564e-02 1.7852702035e-01 1.3201107420e-01 -6.2176762436e-02 -1.6121965989e-01 6.8882880450e-03 1.1314572482e-01 -4.6652062474e-03 -3.8911797173e-01 -1.9960823755e-01 -1.8275564576e-01 -7.7084274739e-02 1.9643043513e-01 2.6683740362e-01 1.8622449390e-01 -2.1741482481e-01 -2.6116734954e-02 1.0333228130e-01
1.2878629109e-01 -2.3385852494e-02 2.0188395044e-01 -1.2409614213e-01 -1.1361166317e-01 3.9935363580e-01 1.2166532921e-01 -1.2396144378e-01 8.8784328480e-02 -1.9502224904e-01 1.0093252183e-01 1.3604452731e-01 1.1828311758e-01 -1.9899822690e-01 7.9313682187e-02 -2.0562522833e-01 -1.2656045101e-01 -1.3530968349e-03 -1.1559244321e-01 -1.6577585945e-01
-7.6812266757e-01 2.6542356662e-01 -2.5118979930e-01 -3.1229936976e-01 -2.1547033201e-01 -3.0076691644e-01 4.3905223827e-02 2.0842290426e-02 -2.9415631809e-01 -6.4053675162e-02 -3.4955482635e-02 1.9546632083e-01 1.3679510159e-01 -4.2677519776e-01 -2.6737778949e-01 3.1831410724e-02 -2.3699698805e-01 7.3096323056e-02 -1.1721218732e-01 -9.6826418277e-02
-3.1242892551e-01 -4.7572451693e-01 -5.2536744959e-01 -7.1153715292e-02 1.9552238063e-01 -1.2596358830e-02 1.4092244368e-01 4.3927782263e-01 4.8929537577e-02 -1.3049131944e-01 2.4300567482e-01 2.5071761872e-02 3.2834146749e-02 1.2019726273e-01 -5.4844299471e-02 2.5652473133e-01 3.0460647030e-01 1.2707427197e-02 7.7489092899e-02 2.2682810936e-03
-2.1340533787e-02 2.1223633926e-02 -2.6765319640e-02 2.3541876448e-01 -2.2533905529e-01 8.4156871856e-02 7.5377129145e-02 -1.6311034377e-01 1.1737367252e-01 -3.4577156160e-01 5.4966530940e-02 1.5583279437e-01 -1.0737647669e-01 1.8170216509e-01 -4.5577696837e-01 -3.0877273293e-01 -6.1960848937e-03 -2.7229965012e-01 -2.1272750933e-01 7.6109041945e-02
-3.7136845708e-01 -1.0250690851e-01 -3.0847783296e-01 1.5105112141e-01 6.2104079298e-03 5.9079397810e-02 -1.4851133561e-01 1.4075787839e-01 -8.3930652531e-02 1.8714801824e-01 -1.3575114104e-01 -3.9055758780e-01 -8.3597889368e-02 1.9712055929e-01 1.7188008474e-01 3.0374821056e-01 -2.2401139964e-01 -7.5654528262e-02 -1.1777237794e-01 -3.0712090240e-01
-3.4932151463e-01 2.7940964964e-01 -2.2323409133e-01 -1.6325528847e-03 -1.8601764360e-01 -1.7647920823e-01 -1.1196869637e-01 -7.4594123812e-02 4.4491684560e-01 -7.3275164034e-02 1.6872750579e-01 3.0462674758e-01 2.8513324250e-01 -2.3705603177e-01 4.1739148321e-01 -2.1209627858e-01 5.9038266142e-01 1.6042838321e-01 -3.1513891257e-01 6.0385042723e-04
2.0130161247e-01 3.1276883317e-01 -1.3821580377e-02 1.0810259257e-01 -8.4208666835e-02 -1.8665076654e-01 1.1008818445e-01 -3.5029883900e-01 5.4166195119e-02 -6.8935633334e-02 5.7491372375e-02 4.3921725594e-01 1.1884055247e-01 -1.2045630279e-01 -2.4659673862e-01 3.4374089204e-03 -1.4063030017e-01 -2.4533158421e-02 4.8197193608e-01 3.7935269339e-01
-2.1577801642e-02 1.3252468543e-01 -2.7072800316e-01 -3.5386058140e-01 7.0079636982e-02 -1.7059588759e-01 -4.2339588575e-01 7.9999594121e-02 2.2187809068e-01 -6.2182670466e-02 -3.9752265259e-02 1.2460697559e-01 2.5304403115e-01 -5.8119475070e-03 3.1955352285e-02 3.4734725108e-01 -2.8809136214e-01 3.0820277252e-02 -3.8003539544e-01 2.3266728571e-01
-2.1324036840e-01 3.1431410425e-01 3.9502267220e-01 -1.5888070045e-01 8.4702149202e-02 1.7399910279e-01 -2.4291912295e-02 -8.3581783101e-02 -2.7955232948e-01 -8.3051836328e-02 1.5583298368e-01 -2.5274120142e-01 2.4033688228e-01 6.9125176651e-03 -3.4545418726e-02 -2.5852871808e-01 6.0276315855e-02 1.3823078688e-01 -1.3704488454e-01 -5.2596992305e-01
-1.5012664436e-01 -1.3336926154e-01 2.6037568928e-02 -1.4273761716e-01 -2.0007440324e-01 3.1370552489e-01 -5.8825088158e-02 -2.6756632266e-02 -2.0586387928e-01 -1.6157223591e-01 -4.1292921201e-02 -1.6497078690e-01 -2.4213729890e-01 5.0966332203e-02 -1.2413255050e-01 1.5818437389e-01 2.1144414875e-01 -1.5867569720e-01 -4.9793725729e-01 -6.4472148410e-02
-3.5957067641e-01 6.4833937551e-02 -4.3410479307e-02 -5.6204951610e-02 -2.6686158313e-01 7.4626542887e-02 1.8466605151e-02 -2.9226559427e-01 -3.0498731900e-01 -1.9296739203e-01 -1.1215732812e-01 -2.8940339349e-02 2.7751075531e-01 -5.9328672878e-02 3.8932293585e-02 -1.9269812099e-01 -2.2373993678e-01 2.2188559893e-01 1.0438867774e-01 4.0096708699e-01
-7.1267659766e-02 5.8130605147e-02 -4.0106714095e-01 -1.0794750240e-01 1.0490479858e-01 1.9768148965e-01 -7.2676538905e-02 2.3816975004e-02 1.6040327591e-01 -2.8158603298e-01 3.6863473563e-02 -2.2827603785e-01 2.2380372936e-02 -4.1576438496e-01 6.4899771531e-02 -1.4981927930e-01 2.4944766990e-01 1.5314294093e-01 -1.0598602213e-01 -1.2447994247e-01
1.6684473950e-01 -2.6797260071e-01 2.6247467335e-01 7.1003150070e-02 -3.8659428589e-02 5.0251573737e-02 1.0924040024e-02 2.4826612786e-01 -2.0708140232e-01 -1.6380861847e-01 5.2399007123e-01 5.0711334586e-02 5.2536941906e-02 7.4226089378e-02 4.2364642712e-02 -2.9143876560e-01 -1.5987296312e-01 -9.4621960715e-02 1.6942340388e-02 1.2143047330e-02
3.4404873494e-01 1.1942263550e-01 -2.2627061492e-01 1.7465260020e-01 -1.6130283142e-01 1.3400545531e-01 8.2213075998e-02 -8.4686843171e-02 -1.9871781223e-01 -1.2990360132e-01 -3.7340670920e-01 -1.3224011608e-01 8.1817341028e-02 6.9594870558e-02 -4.3525017719e-02 3.8303880908e-01 6.9076762038e-02 4.2437890653e-01 1.0057782988e-01 -1.5509879735e-01
4.0243893804e-01 -2.8022248391e-01 3.2448001345e-01 -4.9531855186e-02 2.0472768576e-01 4.0825700037e-01 3.6472114067e-02 -1.3544001645e-01 1.6581704985e-01 9.7503219185e-02 1.9735007540e-01 1.4130748939e-01 5.0819767452e-01 1.2219321723e-01 1.6274418034e-01 -7.0793343771e-02 1.6263404669e-01 -3.9360691972e-01 5.2859329334e-02 -4.0305156664e-01
