3.0793722119e-01 -1.9178695762e-02 7.2870242111e-01 2.3377170391e-01 2.9795763570e-02 1.6725575359e-01 1.6404592352e-01 -1.5481744415e-01 1.8846127091e-01 1.4763431536e-01 -2.1530222072e-01 -1.4541440842e-01 -8.8414186519e-02 7.8743688944e-02 -7.7866745238e-02 6.2508892175e-02 8.6400392024e-02 -4.1803889960e-02 -5.3097378106e-02 1.4172407019e-01
2.6362868924e-01 1.9260911890e-01 -1.7216000672e-01 2.8398961186e-01 -3.6717766988e-03 -2.6944589692e-01 4.1609765884e-01 -9.9309153113e-02 2.1524573645e-01 -1.0560250161e-01 -3.0005147344e-02 1.0018711228e-01 -2.3982365413e-01 -4.6403493534e-02 1.2062682351e-02 -1.5866390176e-01 2.0964442816e-01 5.8115472643e-02 -4.9388484693e-01 -3.5903283727e-02
6.7580609587e-02 1.4081962126e-01 -3.5528770287e-02 3.2250228757e-01 -1.0971988365e-01 -1.2236950504e-01 -2.8089750323e-01 -1.3428451168e-01 4.8083920226e-02 2.4840656751e-01 1.8967473878e-01 1.0047013203e-01 -2.9050409207e-01 -2.0671302562e-02 5.7218348293e-01 -1.4991089606e-01 3.0884418192e-01 -1.4887498843e-01 2.3372742438e-01 -2.7510864759e-01
8.8173508150e-02 -3.5600563604e-01 -3.8163583046e-01 8.5910371415e-02 -7.2175826422e-02 -1.5620297339e-01 2.8419745216e-01 -7.3930350377e-02 -3.0259451367e-01 9.8105487218e-02 1.4053729474e-01 -1.3313648341e-01 -3.1190385838e-01 2.2852403435e-01 -3.5755138342e-01 -1.0308499053e-01 -1.6743722841e-01 7.3454376697e-03 -9.7944568204e-02 3.9901689137e-02
-3.8467872644e-01 -2.6644748685e-01 -1.9745193396e-01 4.6045770564e-01 1.3161400280e-01 -2.2843978254e-01 -4.3113303059e-01 2.5278454439e-01 2.4016072485e-02 9.8683078279e-02 -2.9244889851e-02 -2.2403981648e-01 -2.8277752418e-01 8.6922834858e-02 -1.3819176905e-01 1.2068400717e-01 -5.5637653477e-02 1.1306327058e-01 -1.5216633866e-01 1.6985252684e-01
5.0164360475e-03 1.6038424674e-01 -5.3565131097e-02 -1.1408185995e-01 -2.9093731820e-02 -5.1657352626e-02 -2.2791755507e-01 -1.0428676202e-01 2.1745949056e-01 -1.3254089996e-01 -5.0054143709e-03 -1.5685375699e-01 7.5109687465e-02 3.8382173467e-01 -1.5083296647e-01 -3.2283550623e-01 -2.2903686042e-01 3.5640799615e-02 3.1436094206e-02 1.9513222997e-01
3.2742408498e-01 -1.3343600208e-01 2.1931458096e-01 -6.7609931898e-02 -2.6011347389e-01 -8.9837800857e-02 2.0438179907e-01 1.6324376009e-01 1.4539496223e-02 -2.2734437456e-01 -2.7557790471e-01 -1.5574038567e-01 4.7324515543e-02 2.7367598611e-01 -2.4530814462e-01 -3.2778682423e-03 -1.6420744749e-02 2.6824053312e-02 9.6085551067e-02 1.6689414426e-01
3.8461496623e-01 7.3319918306e-02 -3.7463098773e-01 -3.2075206962e-02 4.5224492256e-01 -3.6568333584e-01 2.8143949842e-01 4.1112712546e-01 1.6271578803e-01 2.2621388948e-01 -5.5630724698e-01 3.2327957401e-01 -4.1628947276e-01 3.2174129812e-02 -2.8154813761e-02 6.1335420740e-02 4.7130569372e-02 -4.0643465974e-01 -3.0166783000e-02 3.2308397826e-02
-2.9585489177e-01 1.9375821602e-01 1.2106657149e-01 4.1688286984e-01 7.3171600659e-03 2.3509889049e-01 4.8124330582e-02 2.8808917900e-01 9.8223957342e-02 1.0661753097e-01 -2.9694041196e-01 -2.1487269892e-01 6.9372661092e-02 3.3692117214e-01 -1.2456644858e-01 9.0806413152e-02 -1.8991943373e-01 8.8409626478e-02 1.5556575585e-01 2.8069145734e-01
9.5108677951e-02 1.3040291752e-01 2.8337559827e-01 2.0885573404e-01 -1.2616883611e-01 -1.1552991401e-01 2.2620088207e-02 -1.0467132069e-01 -7.0481142406e-02 2.3972604124e-02 2.3753453490e-01 -4.2558620707e-01 8.7337083170e-02 1.0213714438e-02 2.6295510130e-01 2.9072957786e-01 -2.1828092896e-02 -1.3759954934e-01 -1.7295475066e-02 -1.4485785843e-01
6.3675806948e-02 2.2712484580e-01 2.0739855140e-01 -2.2612173582e-01 4.5554260649e-01 -2.1227027842e-01 2.6688150920e-01 4.8043800579e-02 -2.8418635302e-01 -2.4492133212e-01 -3.4450222012e-01 1.6140012621e-01 -2.8428143865e-01 -3.3254732251e-01 -1.4758042820e-01 3.8391792749e-02 -2.3610693843e-01 -1.6192027095e-01 -6.1519077923e-03 -2.9938528153e-02
-1.2425687843e-01 -5.8048295037e-02 -5.2373724160e-02 -1.7662187504e-02 1.4235399949e-01 5.5533162818e-01 -1.1736967201e-01 9.2114356509e-02 2.5145720594e-01 1.3100429035e-01 1.0720144913e-01 -3.8054953850e-02 8.6712028980e-02 6.3104168568e-02 1.5784488554e-01 2.8632358247e-02 -1.7268140100e-01 -3.4606027349e-01 4.3721271435e-01 1.5922715296e-02
-9.6245847779e-02 -1.9312220086e-01 -9.9878715802e-02 -1.0590719303e-01 -1.0138027605e-01 2.6664326330e-01 1.3334113565e-01 1.9317490239e-01 1.9406368981e-01 4.7320811432e-02 1.6170713775e-01 -4.2543065079e-01 -6.3037413036e-04 -4.5977275179e-03 -6.1365247654e-01 2.5705455300e-01 2.4290361512e-02 2.3856816598e-01 -3.1328451466e-02 -7.9918587209e-02
1.3445032555e-01 1.0346067201e-01 6.8326354771e-02 -6.1374442852e-02 3.7907275586e-03 -2.8020703263e-01 1.5335903425e-01 7.9226542226e-02 -2.2049564447e-04 -1.2535705603e-01 2.9079962506e-02 1.1527443716e-01 -2.5501045633e-01 -3.2557849259e-01 -9.8394342886e-03 -4.6284181896e-01 9.5638131123e-02 2.2794657483e-01 -1.8301476262e-01 1.6739751172e-01
-1.5988150673e-01 -1.7657107525e-01 1.6547854744e-01 5.0780713608e-01 -5.3893469707e-02 -3.8478924773e-02 -4.4114997995e-01 1.0004167024e-01 -2.9444509055e-01 2.3778666412e-01 5.5636819996e-02 5.8544128870e-03 -6.6460708929e-02 1.2587588125e-01 5.0617134475e-02 2.2861401508e-02 1.9591494783e-01 -9.7441734518e-02 1.2193311454e-01 3.8805701016e-03
6.6863527569e-02 4.5099704869e-02 -1.9131566191e-01 -1.0350027677e-01 -4.9656935063e-02 6.5117119074e-02 9.6003177284e-02 2.8774288561e-01 8.3540302117e-02 1.1203762842e-01 -1.0263478887e-01 2.3398659034e-01 1.5561498302e-01 -2.4984705306e-03 6.7519415458e-02 -1.3017199863e-01 4.9206445805e-02 3.4434501364e-02 -2.4635317481e-01 -1.9061243597e-02
3.1121462269e-01 2.8236970487e-01 2.0319559173e-01 6.3660519009e-02 3.7147868848e-01 4.3376737231e-02 -1.6820973628e-01 1.9282896248e-01 -8.5854577940e-03 -8.8325610423e-02 -1.1644158797e-01 -1.9571637447e-01 1.1207851672e-01 -2.4061991226e-01 1.6877968240e-01 -3.2308136934e-01 3.1536140495e-01 2.8397150355e-01 2.6666981848e-01 -5.5019086650e-02
5.9628199444e-02 1.9084046549e-01 -2.3227086643e-01 3.7551049721e-01 4.4920062525e-01 9.5158624601e-02 -1.6908828219e-01 -3.8841729074e-01 1.5145824289e-01 -4.0872540554e-01 -1.0744690893e-01 -1.1914871380e-01 4.3873450194e-01 -1.1707872430e-02 4.6073535716e-02 -3.3821633778e-01 6.9127009814e-02 2.2374298146e-01 3.8314556807e-01 3.3692778794e-01
2.9603219904e-01 3.1245204468e-02 1.3489705458e-02 4.6525001415e-01 5.3326787165e-02 -2.4529764212e-01 2.5583325035e-01 3.3123971759e-03 -3.0413363642e-01 -9.8353090489e-02 -1.9427986604e-01 -1.2108121114e-01 3.3177194610e-01 -8.4514908522e-02 -6.2250526172e-02 -8.1167849836e-02 -3.0195335113e-01 -1.8552226345e-02 -1.8353947179e-01 -1.4773882154e-01
7.8542790178e-02 9.3307374041e-02 3.0477531751e-01 5.6045621838e-01 2.1276351080e-01 3.6253173486e-02 -7.9317272330e-02 -1.4924954848e-01 -9.7682065416e-02 9.8711923525e-02 -1.0954974872e-01 -4.3719852351e-02 2.9308657202e-01 2.2593451672e-01 5.4794928458e-02 9.7322397007e-02 -1.6885594711e-01 -1.7564705677e-01 -1.8137170687e-01 6.7369041712e-01
