6.1963386391e-02 4.5243996613e-01 -5.1212330312e-02 -2.2741509139e-01 3.4119210444e-01 2.4331245808e-01 3.3636469351e-01 -1.3257125148e-01 3.5718810567e-01 -4.3262324177e-01 -2.1344543681e-01 4.1918277255e-01 -1.3772101496e-01 -6.5647447241e-02 1.5074154070e-01 -3.5314914855e-01 -2.2884145911e-01 1.5131212368e-01 -2.6617235524e-01 -5.0172450591e-01
2.9535444006e-02 2.0622497200e-01 -3.0426993607e-01 -3.3796258599e-02 5.6157455712e-02 4.7566448605e-01 -2.5825981476e-01 -2.8192233874e-01 3.3310820015e-01 -1.3243815293e-01 -1.3977595493e-01 1.2247154840e-02 3.1429625203e-01 -1.8286840228e-01 2.1242241172e-01 -2.0605319975e-01 -1.9738982430e-01 5.3756604266e-02 -2.5589546492e-01 6.9057023899e-02
7.3391058639e-02 -1.1332320959e-01 4.0323584733e-01 -1.8300685939e-01 1.1380663672e-01 2.0130121152e-01 -5.6229410946e-02 -1.2918686710e-01 -7.2208960535e-02 -1.0025947365e-01 -2.5047377447e-01 -5.6446965178e-01 3.9325361271e-03 -4.0118984877e-02 -5.7239878569e-02 -2.0192212569e-02 1.0591278763e-01 2.5564981499e-01 8.4067922861e-02 9.6136764859e-02
2.5121023114e-02 5.6359917366e-02 -2.2362943571e-01 6.6640034790e-02 -3.3817614098e-01 -9.0055788722e-02 -3.0439559101e-01 1.9505742661e-02 1.3624269972e-01 -2.9365383128e-02 5.5968660028e-02 -2.7923443007e-01 -3.6004636378e-02 -7.5268929969e-02 6.4430030723e-02 -3.3433641240e-02 1.9333126417e-01 -3.5552042714e-01 -4.5418616502e-02 -1.5606126746e-01
-9.4329604096e-02 4.9759989254e-01 -2.7670826680e-01 6.6003261634e-01 2.4033426371e-02 2.7167226527e-01 -4.1503257069e-02 -9.9202597641e-02 4.3754958586e-01 -2.7348672363e-02 -6.6970109486e-03 4.4314799633e-03 7.5048551919e-03 -1.1072188699e-01 -6.8396267660e-03 -2.8575066338e-01 1.7502749841e-01 -9.2493237459e-02 3.2778995575e-01 -1.5315798644e-01
3.2473190547e-02 7.7482140427e-02 -1.7418325800e-02 -1.1013043405e-02 2.2563103130e-01 -9.3442804045e-02 1.4949814391e-01 1.7596067618e-01 2.9394237654e-02 1.1975961906e-01 -5.7461211449e-02 4.9134231207e-01 1.2240735933e-01 -2.3221235646e-01 -2.9967085710e-01 1.0568844614e-01 -4.7186601913e-01 -3.8617694647e-02 5.0764939476e-01 3.7612712924e-01
2.5980580033e-02 3.6114476498e-01 -2.6268195611e-02 -1.6328940080e-01 4.2088761750e-02 -3.6078798026e-02 3.0104702014e-02 -1.7295489382e-01 -6.7168089549e-02 5.4234628312e-01 -3.2279884933e-01 -3.9085426030e-01 1.6916082343e-01 5.8425374385e-01 3.6824121246e-01 2.0481859026e-01 -3.9074661247e-01 1.8425391323e-03 1.8208953802e-01 5.0377565650e-02
9.2264255245e-02 1.4198114191e-01 3.3822723089e-01 1.3955158005e-01 -3.8376594955e-02 3.3137077120e-01 -7.9683716953e-02 2.2018408353e-01 1.2426473158e-01 -3.8373621627e-01 -3.3498261056e-01 -3.1770131394e-01 7.9814385197e-02 1.7645926832e-01 -1.7027899187e-01 -2.9979129640e-01 -8.9883631322e-02 -2.4258519983e-01 -2.2914361392e-01 -2.3455510162e-03
-2.9435384765e-01 1.0108275144e-01 -4.5970466187e-02 -2.4993272465e-02 -2.3731817749e-01 -1.9491798960e-01 -4.4375322762e-01 2.2119685440e-01 -2.8845021924e-01 -8.1966852481e-02 -4.4546289578e-02 -1.7646161645e-01 -3.7266518543e-02 2.7498464557e-01 -7.7389443801e-02 7.1753701704e-02 -2.3820785592e-02 -4.6289802499e-01 4.9478905569e-01 3.3966234310e-01
-1.1583672570e-01 -9.1376284964e-02 6.6849866333e-02 3.7301958334e-01 -3.5464223302e-01 4.8053330037e-02 2.2519189861e-01 -1.6776967814e-01 3.2191665171e-01 1.6561476318e-01 2.5684999524e-01 6.0413023903e-02 2.8660630567e-01 2.2243921515e-01 -6.9590056870e-02 -3.0690610280e-01 1.2403912160e-01 1.4937325999e-01 1.6779840921e-02 2.1145946178e-01
1.8099077150e-01 1.8027172976e-01 2.4775885315e-01 5.3332846342e-02 -2.6737709706e-02 2.1283641322e-01 -2.8012343113e-02 2.1946993756e-01 -1.1196221228e-01 3.8771709458e-02 7.2496240527e-02 -2.4864821156e-01 -1.4395431712e-01 -1.9076643889e-01 -1.8505479706e-01 -5.6081666934e-01 -2.8896598022e-01 -1.5143252285e-01 6.0061865444e-02 -2.9371800078e-02
-8.7102557292e-02 -2.0243054914e-01 -1.2380614205e-01 -2.5165375122e-01 6.8935261337e-03 -1.3626514429e-01 2.5687281018e-01 5.6003360177e-03 4.8380964000e-01 1.5018429103e-01 -6.8678018981e-02 3.3829089261e-01 1.3230464625e-01 -3.1306611133e-02 -3.9872552038e-01 -1.0282878552e-03 -2.2679249110e-01 5.4044022099e-02 -1.4195563678e-01 -7.4261860466e-01
-6.0111161346e-04 1.5033970698e-01 2.5441209295e-01 1.3329013216e-01 2.5583277221e-01 2.0704714519e-01 -1.3265464915e-01 -3.5903208806e-01 9.0323368490e-02 -1.6538576423e-02 -2.1471630608e-01 2.2070021362e-01 -1.6147309024e-01 4.2453486120e-01 2.3874870722e-01 3.1100941529e-02 3.9729180346e-01 -1.5177423516e-01 8.3459584786e-04 3.1922302519e-01
3.0022136589e-01 1.8766185114e-02 2.9576097641e-01 -2.0366705943e-03 -1.9267332504e-01 2.4408856430e-01 1.3974619626e-01 -4.1501445512e-02 -6.5106066317e-02 2.1620511801e-01 3.2787697644e-01 -1.1857323752e-01 2.0590350968e-01 9.2235106974e-02 -2.4704704647e-01 -2.1136382846e-01 1.9401292048e-01 -1.1228391356e-01 -1.5590258259e-01 4.2679441784e-02
-1.7601088578e-02 -8.8921344945e-02 -9.9929309739e-02 -1.7011216990e-01 -1.9083585322e-01 1.8916919693e-02 -2.5606508396e-01 2.0611430579e-01 -2.4844657143e-01 -2.4212170329e-01 7.0056251309e-02 -7.8044493571e-02 -5.4385527878e-01 1.2141698683e-01 3.5970938259e-01 -3.3879742762e-02 1.1349798599e-01 1.4161870834e-01 1.1788925231e-01 1.5815362203e-01
-2.9788178942e-01 2.5937059100e-02 4.1468639065e-02 2.5089351213e-01 1.0620905815e-01 9.0681856856e-02 4.6344022614e-01 6.6962279527e-02 -2.0814713021e-01 7.9154279553e-02 -3.4469992958e-01 1.0149706578e-01 -4.8665755835e-02 2.0596450542e-02 4.0139229005e-01 -1.1259745203e-02 5.4594755383e-02 -5.3722408595e-01 2.2573079908e-01 2.5201552492e-01
-9.6579028094e-02 7.7573361101e-03 7.5726896667e-02 3.5372950810e-01 3.1864496324e-01 2.0870136477e-01 8.0949853680e-02 3.1235368959e-01 1.5833287235e-03 9.7050560530e-02 -5.7336817165e-01 5.2756651122e-01 1.3579434207e-01 -1.6881621521e-01 -1.2025928025e-01 -1.9450751235e-01 1.0790407041e-03 -2.1618871286e-01 -2.6183246151e-01 3.7088416884e-01
-2.1884359880e-01 1.0828946485e-01 2.0379817514e-01 7.6886524216e-02 -8.1678048503e-02 1.4765971293e-01 7.9975736650e-03 4.1316581001e-01 -8.4341409623e-02 -2.4929284181e-01 7.4566534708e-02 -1.7541460684e-01 4.7093426844e-03 8.5938008480e-02 6.7257815730e-02 -2.8749277923e-01 5.1380548476e-02 -3.2201485287e-01 -3.5336071845e-01 9.9420721531e-02
5.6459322532e-02 1.2698427972e-01 1.6578470189e-01 4.4320768409e-01 5.2302783616e-01 1.3614716547e-01 -5.1318565245e-01 -4.2734119814e-02 -2.2408902080e-02 -3.2720488780e-01 -6.9318634674e-01 2.5495882316e-04 1.7265076502e-01 -1.0772431878e-01 2.3718452213e-01 1.5320185693e-01 -1.7902804092e-01 -4.3776792113e-01 6.5533291304e-02 3.7047198737e-01
-1.4925769336e-02 4.1280973304e-02 1.5799290737e-01 5.3776289286e-02 3.0685805096e-01 1.8952726450e-01 -1.3819307942e-01 -6.0302349003e-01 7.7113889746e-02 1.1592611708e-01 -1.5277349070e-01 -1.2691813815e-01 1.4355379106e-01 1.1822188939e-01 -3.3549985090e-01 -1.6491529006e-01 -1.5859098079e-02 2.8887152457e-03 1.2041174529e-01 -4.4941210204e-02
