-1.1168846436e-01 -3.9134065953e-01 1.0157174251e-01 3.8156363537e-02 2.2969819802e-01 1.0269955135e-01 3.5842542299e-01 2.1666699062e-01 -2.2333182957e-01 -9.0928244483e-02 6.8691448813e-02 -1.5765452862e-01 1.0158290566e-01 -5.9955918742e-02 -3.9454636932e-01 -5.2019278988e-02 -2.7937365343e-01 3.9258076666e-01 1.0839431049e-01 7.5710697250e-03
4.3025327252e-01 -4.6160081910e-02 2.8554379222e-01 -1.4528067459e-01 -2.1154231356e-01 1.6833912088e-02 -1.5533279771e-01 9.8854145229e-02 -1.7535606981e-01 -6.5696218964e-02 4.1500471794e-02 2.1115082332e-01 6.9798782105e-02 -2.7072444692e-01 -7.1921141773e-02 3.5473138182e-02 1.0661285125e-02 -5.7780352407e-01 -1.5907174752e-01 -3.5590847772e-01
-2.9930792820e-01 2.0928198303e-03 -3.2782301350e-01 3.4640153147e-01 9.1337820891e-02 4.7695624233e-01 1.5835201037e-01 4.4087243859e-01 -7.2776541613e-02 2.2901300722e-03 2.4194808966e-01 -4.1711641472e-01 4.7672284912e-01 7.8467118068e-02 2.3555742828e-01 6.6522429308e-02 -1.6992802312e-01 2.4878564035e-01 4.6596077805e-02 -1.3075486250e-01
-5.4920134693e-02 -1.7873776639e-02 2.5689198583e-01 2.6966625502e-01 3.7308011320e-01 -8.7666167557e-02 1.0649475640e-01 -3.8969035632e-02 2.4031716013e-01 6.8269498290e-02 -1.4155139562e-01 -1.5718358220e-01 -1.4384386650e-01 -7.1294944030e-03 -2.5319718282e-02 -1.8096090380e-01 3.1322223151e-01 -2.7541207895e-01 -1.2476381767e-01 -1.8802673779e-01
-3.0738483366e-01 -8.0289361658e-02 2.7627468245e-01 7.9841445738e-02 3.2541932474e-01 1.6085388268e-02 -2.9761859718e-02 -2.1250799982e-01 -5.3555791369e-01 2.1058683812e-01 8.9208823858e-02 -8.9914201212e-02 -2.0646102719e-01 3.8613800859e-01 -2.6496465438e-01 1.4183461077e-01 1.5631958062e-01 -1.3319516108e-01 -3.2183463782e-01 1.9227451230e-01
1.4069839428e-01 1.2850668398e-01 -3.8740504393e-01 1.3929184322e-01 2.7201166338e-01 8.8716050194e-02 2.2543028038e-02 -2.9149042308e-01 -3.8454814380e-02 1.8565183267e-04 -1.9354833326e-01 2.3773945223e-01 2.2517715522e-01 -7.2944186789e-02 3.6954698737e-02 1.6119065285e-01 6.1933701040e-02 2.0835076561e-03 7.7227103562e-02 -1.9345774262e-01
3.5244070324e-01 2.1221972441e-01 -2.6034653719e-02 -1.1733049589e-01 -8.5662207219e-02 3.5097964413e-01 3.0752580388e-01 1.8991714210e-01 5.9273120771e-02 -5.8112973781e-02 -1.7766386858e-01 -2.8066444704e-02 8.2900516548e-03 -1.0962157257e-01 2.7638237902e-01 -4.0970575114e-01 2.0566852305e-01 -8.2578927151e-02 -3.5040069987e-01 2.6721264011e-02
2.7923381275e-01 -3.7996970670e-02 1.6200908929e-01 4.7874049982e-01 6.1328505607e-02 6.4692524981e-03 -4.3256399537e-03 -2.5845577352e-02 -3.4456209925e-01 6.8138442609e-01 -2.2098383180e-02 -1.0888323680e-01 3.4871528112e-01 -3.7387825506e-01 -2.5392945751e-01 1.2251573376e-02 -1.4174678209e-01 9.4769471145e-02 -1.0551132703e-02 -3.3537577284e-01
-4.0842065735e-01 -2.0366163050e-01 2.4462986281e-01 -1.1698486727e-01 -2.9504290657e-01 -1.8035388563e-01 8.0595284508e-02 1.1581594899e-01 1.9961279651e-02 1.0112313437e-01 -1.2097634710e-01 3.8948700818e-02 -4.4686198092e-02 -3.3020637080e-01 -1.2875594865e-01 2.4413808281e-01 -1.5808641365e-01 -2.6171084462e-02 1.8790617823e-01 -1.6166161935e-01
7.0804267332e-01 1.6621682459e-01 1.9279263857e-01 -2.0114043516e-01 1.0947223317e-01 -3.2487372538e-01 -2.5673228174e-01 4.8106961037e-02 2.7884680129e-01 1.7831814538e-01 -1.5196641130e-01 -3.8719863232e-01 -1.9079187749e-01 2.1298063368e-01 -2.8893326734e-01 -1.2195208266e-01 4.5107210636e-02 -1.4715573228e-01 -1.3778922529e-01 -8.2265895840e-02
-1.3611572187e-01 1.9897503252e-02 8.5011460885e-02 1.3320902015e-02 4.9738218666e-02 -5.6663537782e-02 1.6549406510e-01 -1.5520587013e-03 4.3992715779e-02 1.8225372945e-01 -1.0289160990e-01 -1.3042171468e-01 -1.1187202028e-01 -1.2321226159e-01 2.1145196621e-02 2.1916110668e-01 8.5218572166e-02 4.8125699019e-02 2.7357771376e-01 5.6548113673e-02
1.3206659086e-01 -1.3532855634e-01 2.4689664893e-01 4.4422890416e-02 -7.5806899726e-02 -2.9411675375e-03 -1.1837556412e-01 1.1510349028e-01 7.9116474308e-02 1.8805312662e-01 9.5142229200e-02 -3.2111260338e-01 8.9029439664e-03 1.3440267300e-01 2.3647047174e-02 -1.1128560791e-01 -1.9365630567e-01 1.3855791480e-01 1.2280625050e-01 -1.1068335365e-01
2.8639031142e-02 -2.4932166098e-01 1.2449645948e-01 -6.2872189336e-02 1.4300414943e-03 -2.5210998209e-01 -2.5875048818e-01 3.0739853181e-01 -1.5049728898e-01 -3.7329859333e-01 1.3938841751e-01 2.2088323485e-01 -1.9329368707e-01 -9.2298424005e-02 -3.7806071944e-02 4.3258073214e-02 -5.7828048185e-02 3.4982823620e-01 1.2881977328e-01 2.0635223276e-01
-3.8611059382e-01 -1.5047368349e-01 3.3187382365e-01 -1.1642626897e-01 -1.4202488638e-01 -1.7591555922e-01 -1.0296219616e-01 -2.4496647501e-01 1.7890603489e-01 -2.3378755459e-01 2.1785606857e-01 -2.8901851677e-01 -3.9931871409e-02 2.4561123333e-01 5.1788384205e-02 1.2739958443e-02 -2.2249462032e-01 -1.1542885981e-01 1.9081925487e-01 3.2588672730e-01
-1.5248149190e-01 3.5598730420e-01 3.8484486548e-01 1.5994926358e-01 -2.6621348648e-01 -1.4343647897e-01 -6.9989058871e-02 1.1030819506e-02 -3.8570819546e-01 2.1801356400e-01 -1.3576101942e-01 -7.8985387597e-02 2.1457878600e-01 -1.7075010158e-01 1.9965095190e-01 1.5339325656e-01 8.3946052533e-02 -4.6514178475e-01 -5.1501298366e-03 -2.4467003925e-01
1.4398005154e-01 1.0092935762e-01 -2.5408108170e-01 5.4550012057e-01 -2.0056535069e-01 1.0247386568e-01 -1.8544982464e-01 -2.2110813823e-01 -5.7359325317e-01 2.1121159446e-01 -3.7890088672e-02 -1.0889540378e-01 1.2691509874e-01 1.2761569516e-01 1.2177244834e-02 -1.0231077650e-01 1.6086925698e-01 4.3173214947e-01 3.7584558523e-03 -2.1254063132e-01
-6.7051842928e-01 -3.1427851478e-01 -4.4968653402e-01 -1.7777070009e-01 6.9253605357e-02 8.6427771051e-02 -6.5165594005e-02 2.5779371058e-01 -1.0860280015e-01 2.5321225611e-02 1.3694868207e-01 3.2447096120e-02 5.0910766611e-01 1.0352490591e-01 -2.3257655267e-02 1.6078911392e-01 -2.9362638204e-01 2.0021160072e-01 -2.4797941590e-01 1.5682242070e-01
-1.5669829200e-01 -2.3635529113e-02 -6.0399832907e-02 -4.4669619608e-02 6.9391984287e-02 1.0350127905e-01 -1.2657105981e-01 1.6401694822e-02 2.6871111265e-01 2.9493688256e-01 7.8578152284e-02 -1.4958779763e-01 -2.1761913855e-01 5.7066889513e-02 -7.3797183707e-02 -2.4299795212e-01 -3.0626005861e-01 -1.8141209641e-01 -1.7291667611e-02 -3.6353590023e-02
-2.9685463771e-02 2.2819153237e-01 -4.7158958456e-02 -1.2953324396e-03 -1.3606690059e-01 1.3650662323e-01 -1.2506668467e-01 1.3090424194e-02 8.5271606575e-02 -1.0038357597e-01 3.6138363856e-02 -6.3297278033e-03 3.5077816341e-02 -1.2315128735e-01 -2.2248265723e-02 8.8868288463e-02 1.6613159690e-01 -7.6990291110e-02 -2.6463129394e-01 1.8009551042e-01
-1.0351015164e-01 -2.7094958309e-01 -2.8614451730e-02 -1.4746627714e-01 7.1497140952e-02 8.5227786597e-02 -2.6973467378e-01 -3.5718577643e-01 -2.7921967891e-01 -1.4502680604e-01 -1.7495851191e-01 1.1708774072e-01 1.3656690786e-01 -7.8452522227e-02 -5.5977914094e-02 -1.1229123819e-02 1.1102096019e-01 -2.3657236300e-01 3.5552844236e-01 1.1217797782e-01
