8.6228556506e-02 -1.4421348945e-01 -5.2484648307e-02 -4.1636754898e-03 -2.5646543314e-02 -2.5480151660e-02 1.2780879191e-01 -1.2140249201e-01 1.5080646445e-01 1.5212663589e-01 -1.5449896959e-01 3.2928023195e-01 -2.5165841982e-01 9.7675596199e-02 5.3634403118e-02 -1.0781821328e-01 4.2171295261e-01 3.7195511440e-01 -3.1901292056e-01 -1.2218154699e-02
-1.3400322927e-01 -1.7431861847e-01 6.0844827828e-02 -6.5226759087e-02 -1.2103092316e-01 1.0755853585e-01 1.6538548701e-01 -1.7838849122e-01 5.1439700007e-02 1.3296543690e-01 2.6936175018e-01 6.7046441611e-02 2.9551998360e-01 1.7364638444e-01 -1.4947103476e-01 -1.2872977248e-01 6.2695459912e-02 -1.7211205710e-01 2.4172692946e-01 4.2255288232e-01
-6.4549407695e-02 2.9298555294e-01 -3.9261035535e-01 9.4975527638e-03 -5.3473726356e-02 -2.0462951752e-01 -2.5222269260e-01 3.4597063928e-02 5.7473482473e-01 -4.8214717712e-02 3.4739460128e-01 -9.7894976843e-02 1.4393851320e-01 -3.2911906730e-01 -1.2808820851e-02 1.9827776864e-01 -6.5338180437e-02 -1.8389214537e-01 -9.0177871809e-02 1.4926994480e-02
-4.1863516083e-02 1.1523197411e-02 -8.8498665500e-03 -2.9470277437e-01 -5.6535734350e-02 -3.6184711610e-02 1.5700214151e-01 -6.8367288031e-02 -1.3252883172e-01 -4.2646185257e-01 -7.7068065219e-02 1.6490212623e-01 -1.0912151313e-01 1.8415652984e-01 1.5653294030e-01 3.4199971638e-02 -3.7405120415e-01 -3.2168119096e-01 -1.1388188269e-01 1.0719639592e-01
-1.1894293724e-01 1.4637886893e-01 3.5400917566e-01 -7.4578720998e-02 8.5360178889e-02 -3.5201611297e-02 -8.1871509086e-02 7.3929526361e-02 -3.0910143743e-01 -2.4056085136e-01 -4.8312927147e-02 4.1333670625e-01 2.2160484078e-01 -1.5201947353e-01 4.8759433551e-02 1.2526602476e-01 1.7001102734e-01 -3.8416107501e-02 3.0228165945e-01 -2.9114772462e-01
-4.0071244238e-02 -1.0814051660e-01 1.1439938905e-01 1.5892464438e-01 -4.9401309495e-02 1.1646005443e-01 2.2544579989e-01 -8.4816883434e-02 3.8794951835e-02 -8.9746160192e-02 -1.1783372603e-01 1.6167073435e-01 5.3302910206e-01 -3.4858625332e-01 2.4722221011e-01 1.5406319801e-01 -2.4453945735e-01 1.9467843253e-01 4.4552260217e-02 -3.5761720767e-01
-2.3946098027e-01 1.7367472510e-01 -2.5180148380e-03 5.2382771228e-01 -2.0753682863e-01 3.2803644189e-02 -2.3469271330e-01 -4.3049055975e-02 -1.9432920443e-01 5.0637558972e-03 -7.3155904970e-02 2.1716061697e-01 -3.4263696875e-01 -1.6770016066e-01 1.7396100515e-01 1.9717023414e-01 1.2026058823e-01 1.4828618223e-01 2.0877609524e-01 1.0300626646e-01
1.5535693539e-01 4.6031373230e-01 -2.6709177536e-01 -3.1864844243e-02 -1.9924483382e-01 2.3939342788e-01 5.7724462101e-02 7.6684404427e-02 3.3502783319e-02 -4.3739044222e-01 1.1297102151e-02 -1.2679286274e-01 5.2330836033e-02 -1.3744438417e-01 -2.2436973179e-01 -5.4599981475e-01 4.8819072294e-02 9.3573800534e-02 -1.1992382519e-02 8.9065644318e-02
3.2265084918e-01 3.2887605669e-01 -6.0275342711e-02 -3.1790355486e-01 1.1344214832e-01 -8.0806372166e-02 -2.1522280751e-01 -5.8578365374e-02 1.0094290038e-01 1.0509551095e-01 -1.2811856879e-02 -5.4227149137e-02 3.6800510001e-01 -3.6446479238e-01 -1.0560817943e-01 -1.0458618794e-01 8.6490981827e-02 -4.6102147186e-01 -8.9061128109e-02 2.2221423771e-01
-6.6819696749e-01 1.0626513048e+00 2.6331586380e-01 -5.3923254283e-01 -4.7133680953e-01 -4.2069353674e-01 -1.2556614043e-01 3.6635479486e-02 1.9306533956e-01 -3.0062062073e-02 4.6045775545e-01 5.0521833121e-01 -1.2515406029e-01 -1.7394120701e-01 2.0721576648e-01 9.7486153343e-02 7.0454761525e-02 3.8749055276e-01 -8.6607844933e-02 8.4702434974e-01
1.1394319918e-01 -1.3505915725e-01 -5.6336706242e-02 3.2770335296e-01 -3.4450814164e-01 -7.3110693873e-02 7.8853498157e-02 1.8150527250e-02 4.0298399445e-01 -1.8398609596e-02 1.1588021474e-01 3.8171520776e-01 -7.1087179561e-01 4.5207365352e-01 1.1113929588e-01 3.6133782401e-01 6.5995511397e-02 -2.5065187922e-01 -2.3536143790e-01 -2.2479226793e-01
-2.8642021300e-01 -2.9556918402e-01 -4.0492639412e-02 1.7131122405e-01 -9.7758186321e-02 -1.6051882515e-01 1.3233562244e-01 9.7299563878e-02 -2.2674444307e-01 -1.5565496126e-01 3.5701700501e-01 4.5887455933e-01 -9.6149645105e-02 -4.3759937931e-01 -2.8959783066e-01 -7.7012991094e-02 -1.1017024863e-01 1.4800868345e-01 -3.2926074814e-01 -2.7392201540e-01
-2.4713501700e-01 1.6374738859e-01 1.0777671445e-01 2.9585819325e-01 -6.6940835539e-02 -3.7681702575e-01 -2.2095886011e-01 -2.6632219891e-01 -6.1091074125e-02 3.2668758689e-01 2.5222016728e-01 -6.2866948457e-02 1.7664809919e-01 -3.6057773351e-01 2.9767420992e-01 -8.2535195374e-03 2.8870860739e-01 5.6519754210e-03 -3.1336807662e-01 4.4431269811e-01
-2.4107334394e-01 3.6498120833e-01 -1.3199074352e-02 -2.1271559615e-02 -9.2608741279e-02 2.5751234637e-03 2.5251127585e-01 7.0719698472e-02 7.4862560781e-01 1.1407780713e-01 1.6925278135e-01 7.9289255318e-02 -2.5604234362e-01 -4.1205626841e-01 -2.4852061901e-01 1.8573007691e-01 -4.4173605047e-01 -8.6913866303e-03 4.3939117980e-02 3.8097737100e-01
8.5202723005e-02 -2.9680581988e-01 -2.7207095113e-01 7.9888090763e-02 -1.8815089300e-01 -6.8679682317e-01 1.0125768206e-01 -1.2370933777e-01 -5.4581608578e-01 9.4824125971e-02 -3.7436519562e-01 1.6909082833e-01 -3.6140880240e-01 4.1609226160e-01 -3.4435211001e-01 2.6823406154e-01 -4.6227009060e-01 -2.1115236357e-03 -1.3706779610e-01 -8.7407931130e-02
-3.7162107577e-01 1.5449769026e-01 -4.6067904265e-02 -4.4210789967e-01 1.3505048959e-01 3.3455866506e-01 3.7175683226e-02 -1.6391570640e-02 -3.9675822233e-01 1.5786235887e-01 -4.5513163309e-01 -1.4286634740e-01 3.2628930603e-01 -3.3020940030e-01 -2.7532772193e-01 1.1210917439e-01 -8.0119203412e-02 4.9369405845e-04 -1.1386065536e-01 -6.1419861917e-02
-3.4697233871e-01 -1.7020439693e-01 3.4429712179e-01 -4.5245940754e-02 -6.0426945289e-02 -3.4661577345e-02 -2.6330945316e-01 1.6945315941e-02 2.4248490163e-01 -1.0208276271e-01 -9.0399286941e-02 1.5193463902e-01 -1.1725689676e-01 1.8142876184e-01 -2.2634712989e-01 5.3995561154e-02 5.9603687672e-02 1.3059564511e-01 -5.7620621995e-02 1.6138381880e-02
4.8864045361e-03 2.4534996109e-02 -3.8492526292e-01 3.4960188959e-03 -3.6777627504e-01 -4.3206037268e-01 1.4465160245e-01 -3.0089940761e-02 2.6223325159e-01 3.0998985027e-01 2.2840640727e-02 -7.5124796846e-01 3.7205922189e-02 4.8224356054e-01 1.4093373001e-01 2.1058427677e-01 1.6669348007e-01 -8.9968693917e-02 6.4341232931e-02 1.2620585405e-01
-2.8278043995e-01 3.8680090535e-03 1.7448775768e-02 2.4768410917e-01 -5.0881215882e-01 -3.1662365396e-02 -1.0329988247e-01 5.9635492601e-02 7.5832129235e-03 -1.7583806784e-01 1.7652785532e-01 -3.9208641990e-01 -2.0374668585e-01 1.9139747604e-01 -2.2135578834e-01 3.7260890295e-01 1.4743146932e-01 -5.8610331874e-02 -2.8513749727e-02 -4.2704809150e-01
-1.2330426037e-01 1.2601781568e-01 -4.2806582129e-01 -1.9362647305e-01 -1.0553162860e-01 -2.2358852543e-01 2.7794625668e-01 -4.6570316722e-01 -2.5914526730e-02 9.7970408273e-02 -7.6181962546e-01 2.0330629389e-01 -2.6296103938e-02 4.6187663560e-01 2.6537558385e-01 2.2245174088e-01 -1.7683515892e-02 -4.4089788267e-02 3.6499981065e-01 8.2124389187e-02
