-8.0173707645e-02 -2.9841091382e-01 6.9921927576e-02 -1.8649901898e-01 3.2333248273e-01 -1.9223244115e-01 -3.0422965050e-02 9.6060454890e-02 2.9004787766e-01 2.9673032781e-01 -2.0172388726e-01 -4.3751590611e-02 3.9673896607e-01 1.4739903175e-01 -2.3155125182e-01 3.6985782235e-01 -1.6613088004e-01 -1.6249457669e-01 -1.3581575294e-01 -8.0799275742e-02
-5.9100799066e-01 -4.0365677940e-01 -3.8879164689e-01 -2.2809804919e-01 1.7476321204e-01 -6.8829826080e-02 9.1485823651e-02 -9.3338633650e-02 -1.4498187929e-01 2.3226265194e-01 1.3871810152e-01 -3.0202338123e-01 -1.4600436654e-01 -1.7086306828e-01 1.1930361520e-01 3.2379556086e-01 -2.4227064289e-01 -2.3193424630e-01 -2.3680375157e-01 2.4720317599e-01
2.4809319713e-01 3.4978072565e-01 -6.3238606900e-02 3.2137880993e-01 5.6942549048e-02 -1.5343675961e-01 -1.9306410446e-01 -1.6757234675e-02 2.2347871070e-01 -2.1131624880e-01 -1.0041109364e-01 -2.1200631883e-01 -1.9801435508e-01 -1.1026993578e-01 6.1126681928e-02 3.5235144623e-02 1.0189572554e-01 3.8531668515e-01 1.2125739826e-01 -5.3155444730e-01
-1.7694212599e-01 1.9875721992e-01 -2.5428802895e-01 9.9374311768e-02 1.4442080116e-01 1.4599654977e-01 -8.4094666047e-02 -3.3823576767e-01 -2.5227155985e-01 4.2512451954e-01 -2.9930091503e-01 -5.3235080040e-01 -1.8720759262e-01 -1.0380994598e-01 9.6619113275e-02 5.2508875978e-02 -1.7463161844e-01 3.0031913534e-01 1.0317692574e-01 8.5195877522e-02
-9.7218567958e-02 -3.3481201670e-01 -2.3579442386e-01 3.4090656412e-01 1.6362321358e-01 -6.3038218259e-02 1.5793201713e-03 4.4418712447e-03 1.1634744127e-01 1.4306057954e-01 -3.5008003444e-01 -3.9185615493e-02 4.2240197081e-02 -1.4648805678e-01 2.9102663299e-01 -3.8557502022e-01 -4.8916578565e-01 -1.9560237795e-01 5.0653829698e-02 3.5181054174e-01
-2.1564436315e-01 1.1330475587e-02 -1.4101121300e-01 2.0286216657e-01 5.4443434108e-01 4.0282973569e-01 -2.2962185327e-01 -1.6533357755e-01 -9.2200205510e-02 4.5524050043e-01 2.6788642203e-01 1.2243403010e-01 -1.1389532294e-01 1.2906390873e-01 -5.2647375412e-02 -6.5256159697e-02 5.3616068885e-02 2.6923159656e-02 6.6218762710e-02 5.3487350753e-02
-1.6875587498e-02 -1.1146779094e-01 -3.3317543925e-01 1.0840291676e-01 7.1947900921e-01 -2.7582631146e-03 1.3865476183e-01 1.0451256986e-01 -1.6842892346e-01 -3.9106080682e-01 -6.1356439404e-02 -3.3580731300e-01 -1.4603809216e-01 1.9419813933e-01 -1.0746764144e-01 -7.6373162341e-03 1.1773661330e-01 1.4938911588e-01 8.1798539310e-03 -7.0688954726e-02
1.5084941527e-01 3.5571069404e-02 -1.6385180761e-01 -1.4777976753e-01 6.6770986048e-02 5.0466901013e-02 -2.4238379591e-02 -1.4646323826e-01 2.2979578441e-02 4.6334013401e-01 -2.5038590460e-01 -9.2584052107e-02 9.7410255635e-02 -8.8584611060e-02 -1.9168213584e-01 2.1472049490e-02 3.4422625618e-01 5.9894095073e-02 9.2596842115e-02 -5.4362830097e-01
4.7788873935e-01 3.9998260997e-01 3.4304067367e-02 1.0488490982e-01 -2.0292779185e-01 4.1972010674e-01 9.1202272018e-02 1.7390489099e-01 -1.9922955020e-02 -1.8615271123e-01 4.0476422075e-01 4.8414524718e-02 -4.9504070617e-01 2.0557344939e-01 2.0200593225e-01 -4.4203244364e-03 3.8627332105e-01 2.1979455950e-01 -8.9483418102e-03 -5.1945201981e-02
2.5400462898e-01 -3.8803932398e-01 2.9654401741e-05 -1.0602996259e-01 2.9218647077e-01 -1.2904373499e-01 -6.5977922254e-02 -5.6781560969e-02 -7.6679262383e-02 2.6131505597e-02 -4.9540503546e-02 -1.5815042533e-01 -2.5322711270e-01 2.1176457404e-02 -4.1803132434e-01 4.1318457248e-01 3.3908519220e-02 -6.9477926240e-02 -4.0629630199e-01 -6.5457365053e-02
3.3245254365e-01 1.9982295228e-01 -3.4002667697e-01 -2.9970053323e-01 6.0041470273e-02 2.7615120463e-01 -3.2519942733e-01 -2.4845281658e-01 2.9809800333e-02 3.4575418292e-01 1.9497688560e-01 -6.9984361957e-02 -2.4866734382e-01 8.6541916620e-02 -2.6988144188e-01 -4.8209099961e-02 -7.1197448689e-02 -3.5901440751e-01 -4.0396729283e-01 -4.7870900890e-03
-4.5537938652e-01 -2.3365209081e-02 2.6733492282e-01 2.4691876014e-01 4.2307243088e-01 -1.1573159147e-01 1.2742135497e-01 1.9828909555e-03 5.1375840874e-02 -2.5745682025e-01 7.9101043427e-02 -2.9080712512e-01 -5.8872552395e-02 1.7636220308e-01 6.9496603529e-02 2.4085460774e-01 -1.3861819212e-01 1.2404992266e-01 2.0635952283e-01 2.4830250067e-01
3.4876602786e-01 8.2217467306e-02 -1.2172586880e-01 2.2415992096e-01 -4.7378740509e-02 3.6186756129e-01 -2.1417303493e-01 1.6154045145e-01 -9.9732596189e-02 -2.0026817097e-01 -9.6145122490e-02 -1.5325212969e-01 3.3923582927e-01 4.3111769143e-01 1.6325842612e-01 8.3894354171e-02 1.5325482566e-01 4.3910109124e-01 4.6912624732e-01 -1.6513729147e-01
-2.8123885783e-01 5.1203177745e-02 1.4394153412e-01 2.4848520239e-01 2.0067405154e-01 -4.0250762720e-01 -4.9653052275e-02 1.8803714868e-01 -4.4091775607e-01 2.7447565199e-01 -2.1789122003e-01 2.6545344340e-02 2.8237402797e-01 7.0179878219e-02 -5.8108031631e-02 -3.3041452251e-01 -7.7839549595e-02 -8.3925418617e-02 -3.6890115459e-02 -2.1122190331e-01
2.2992250071e-01 2.1155063578e-01 -2.8927489573e-01 1.4369283281e-01 1.7315618761e-01 -2.5121032281e-01 1.6056335289e-01 -8.2378034778e-02 2.1586217436e-01 -5.4323370397e-02 1.0345122998e-01 -2.1234644881e-01 2.6169747242e-01 3.3620813202e-02 1.5550776974e-01 7.5672787329e-02 -2.7449313759e-01 -2.5154389370e-01 -2.2352913848e-01 1.3374900486e-01
4.2555783090e-02 -3.1446936688e-01 4.2206773424e-02 -3.4438650756e-02 1.5573594969e-01 1.5857410396e-01 1.6035360427e-01 3.0750309308e-01 -1.1468171115e-01 -1.5721258923e-01 5.1557903958e-01 -2.1329414363e-01 2.9934155107e-02 9.0187626091e-02 -1.7212926661e-01 1.0845231214e-01 7.1751219049e-02 -2.2247209272e-01 5.6931633739e-03 -9.0309153739e-02
3.1686590626e-01 2.0161807735e-01 -6.7313721944e-02 2.0896837393e-02 2.0868186916e-01 1.1687257728e-01 2.2192477166e-01 2.9685785548e-01 -1.9895318082e-01 4.6937000588e-02 -9.6550851866e-03 -2.7082609961e-01 -6.2718946433e-02 2.2360651339e-01 -1.3370362937e-01 -4.4723968367e-01 2.6342996941e-01 -4.2815340600e-01 -3.4595583022e-01 3.1109055575e-01
2.1087961929e-01 1.1392271294e-01 9.1163128466e-02 -2.9725083742e-02 2.1478199694e-01 -3.5689839066e-01 1.6138966928e-01 7.9867062263e-02 -4.1302865280e-02 1.0624073360e-01 1.7211144073e-01 -5.2574693816e-02 -2.1130731872e-01 -8.8183246375e-02 -1.0705843702e-01 -4.3607853119e-02 5.8091719862e-01 -2.0876687886e-02 2.0107544074e-01 4.3733278567e-01
-3.1847729663e-01 -2.0569250036e-01 7.2556639462e-02 2.3450411037e-01 -4.6259532574e-02 -2.5247999235e-02 -1.3277792395e-01 -8.6664738520e-02 -2.1540145330e-01 1.2154572940e-01 1.4929382576e-01 -5.0388263882e-02 3.2698384559e-01 3.4893305418e-01 -1.8476455463e-02 -2.5457632978e-01 2.3633240861e-02 -3.4464319374e-01 2.0189433323e-01 1.1103835062e-01
-5.8417159085e-01 2.4691339638e-01 3.7803335963e-01 -1.3276719504e-01 -1.5202889701e-01 3.6851777532e-01 -2.7475226900e-01 3.2744956211e-01 7.1724580105e-02 8.2785322848e-02 3.9018615856e-01 -2.3300762502e-01 -8.9487817218e-03 -3.4303818277e-01 7.2202006055e-02 -2.1367904931e-01 2.5396838009e-01 1.1164244977e-01 -1.0545228492e-01 1.5844889348e-01
