8.0742377397e-02 -2.3985143589e-03 -2.6876770675e-01 1.7976584391e-02 -1.0493581904e-01 1.8861841524e-01 3.2261208555e-01 1.0361434232e-01 1.1015593642e-01 -3.1696612143e-01 -1.6452366044e-01 -2.5176919382e-01 5.9315562271e-01 3.2239092849e-01 -1.1996877574e-01 7.7290520795e-02 -1.2265150031e-01 3.1800674775e-02 1.6001128983e-01 -1.7372026149e-01
-2.5873825222e-01 -2.3932822790e-01 2.3010392626e-01 3.4301023825e-01 1.3187726942e-01 1.0230891975e-02 -7.6014717921e-02 -3.4206654726e-01 9.3849134166e-02 2.7276460866e-02 8.3451345131e-02 2.9459486716e-01 -5.2308909916e-02 -1.7234331363e-01 -2.4540319360e-01 -3.4864631045e-01 1.9223630993e-01 -4.0617715734e-02 -3.1170833428e-01 1.7309814802e-01
2.1009113699e-01 -1.5946571994e-01 1.2256317227e-01 -3.5854844300e-01 -1.0554617194e-01 -2.4695119697e-01 6.7338236324e-02 1.4798893619e-01 -1.0469623118e-02 1.9886655805e-01 -1.3804228813e-01 -1.2657551439e-01 2.9598616028e-01 -7.0481475473e-02 -4.5747343678e-01 2.0498754817e-01 -7.5769113727e-02 -9.7851550602e-02 2.3753340311e-01 4.5481921183e-02
-2.7376585692e-01 -1.9518786192e-02 -4.6981135682e-02 -3.9432869422e-01 4.4225052885e-01 2.4680438084e-03 -5.9060141036e-02 -3.1665261794e-01 -1.0292622389e-01 -2.9560407494e-01 -3.3987827759e-01 8.4433890710e-02 2.4586819710e-01 7.1034299760e-02 1.3722127813e-01 -3.8179080973e-01 1.2628423510e-01 -1.2467424074e-01 -2.0443548907e-01 -4.5655063340e-02
1.9901310910e-01 2.8364061335e-01 2.8651004092e-01 6.6940515260e-03 1.8320527122e-01 1.9412128134e-01 -3.1016298213e-01 1.0650944475e-01 6.3411064805e-01 -5.3877411597e-01 -7.8700440999e-04 -1.6816874302e-01 6.4246019532e-01 -1.0292250166e-01 6.7553655480e-02 1.6132017864e-01 -1.7872737454e-01 4.1184939173e-01 1.1668716443e-01 2.6882144036e-01
-8.3664554368e-02 -3.1568043390e-01 -2.1075924349e-01 3.3063624381e-01 -7.5716501632e-02 -6.9190702023e-01 -3.5299816704e-01 1.8311743877e-01 8.7405037928e-02 3.5548699972e-03 -5.0690717350e-01 -6.4575955685e-04 5.6594966291e-02 -3.9509311832e-01 4.6370739675e-01 -1.7796511704e-01 -1.0525608187e-01 3.0094516623e-01 9.0065370639e-02 -2.4419875555e-01
-2.4741669757e-01 -5.2557002191e-01 1.9951360471e-01 -2.5493989038e-01 1.0639104807e-01 1.3553706998e-01 -1.5308336619e-01 -3.0931515527e-01 -4.6838064452e-02 1.7293070251e-01 3.1785863656e-01 -3.4101128542e-01 8.6679205874e-02 1.8605950828e-01 1.6040936441e-01 1.8886673057e-02 -6.7191240910e-02 -6.2111622906e-02 -1.3729288327e-01 -3.1715887368e-01
1.2337189179e-01 -2.9918968063e-02 -1.8547546991e-02 3.2089601074e-01 -2.7113339931e-02 -3.5962085844e-02 3.4329833957e-02 -1.1279353797e-01 3.8731001373e-02 1.1021127546e-01 4.0231634761e-02 -2.1536947304e-01 -2.5537435844e-02 -2.3416755257e-01 -1.0524055088e-01 2.7423374350e-01 3.2344683901e-01 1.2177192110e-01 1.5898257556e-01 2.9373808609e-01
1.4223117374e-01 5.5942728832e-02 8.8021860878e-02 -1.6719025393e-01 -1.9708623296e-01 9.8825162772e-02 3.2515825116e-02 4.9066727389e-02 -1.5789392563e-01 -4.7448813383e-01 -3.2039273876e-01 -3.8900368466e-01 -4.2730248489e-01 3.2552611515e-01 -6.7314710953e-01 1.6645491620e-01 -1.2129167730e-01 1.0309029777e-01 1.9740575340e-01 2.2754018100e-01
-1.2039112249e-01 4.1010073835e-01 -1.7420427880e-02 2.5739631933e-01 -2.4947089481e-01 4.8763097968e-02 -2.2064711143e-01 1.3291715403e-01 -1.6640077492e-01 -1.6028850120e-01 1.4549070180e-01 -3.2367549227e-02 -3.3897298247e-01 -3.1096472717e-01 1.3887361278e-01 -5.1205138053e-01 3.0519252807e-01 -3.3929114488e-01 4.0280497400e-01 -1.8404062289e-01
7.5287592718e-02 2.6669121430e-01 3.9019200951e-01 7.5398425821e-02 -1.7637253540e-01 -2.5615582211e-01 -1.4153223325e-01 -5.8616851645e-02 1.4153902733e-02 1.8379898410e-01 -1.3654933956e-01 1.6397918815e-01 -3.0034578399e-01 1.0545674002e-01 1.7970207629e-01 -3.1599133256e-02 1.7303218129e-02 -3.3139919209e-01 4.9162939773e-01 -1.4998860898e-01
9.9374862241e-02 -1.8951350424e-01 1.3579947744e-01 -2.6866156601e-01 -3.5085084639e-01 8.2928389496e-02 3.2004099587e-01 3.0769176813e-02 -1.5658266970e-01 -4.9525326745e-04 4.8091802108e-01 2.3029622391e-01 -4.3450096432e-03 2.4105395362e-01 4.3327392800e-01 1.2221795948e-01 -1.0423743018e-01 -1.6115817382e-01 5.9676865058e-02 3.4473112757e-01
4.0217276505e-01 -2.2685086203e-01 -1.6279232722e-01 1.3937445729e-01 4.8852801168e-02 1.9527897109e-01 2.7179230626e-01 -1.3051217437e-01 -1.3980219441e-01 -6.8778914412e-01 -4.2522079541e-01 1.6886173720e-01 -6.8822125458e-01 9.1695393981e-02 1.6878039120e-01 -1.1053320718e-01 1.1061254030e-01 -2.3114815739e-01 6.8305119987e-01 1.6428764068e-01
4.5964682266e-02 1.4335425699e-01 -1.2261077628e-01 7.4774399554e-02 -3.0013933328e-02 -4.4478267862e-02 -1.4030774490e-01 -8.8376856414e-02 2.7121007797e-01 -1.4241781032e-01 -4.1922097953e-01 4.2594192644e-02 -7.2375991938e-02 3.2026804974e-01 -4.9189012892e-01 1.7476180012e-01 -2.7269031327e-01 2.0763517013e-01 2.1373278389e-02 -2.1883756577e-01
-1.4079573244e-01 -9.2835409176e-02 -3.9605598726e-01 1.6434418498e-01 4.0509921174e-01 -9.3699494588e-02 -4.4703488450e-01 -2.7779296140e-01 7.6679614928e-02 2.2507284339e-01 -1.7960264941e-01 1.6535722263e-01 2.1965441890e-01 1.2842225158e-01 -3.6504046835e-02 -1.1113413459e-02 -6.3251080281e-02 2.0255885616e-01 -3.3718342600e-02 -4.0284909621e-02
1.7641617871e-01 -2.3222420987e-01 -4.3195416660e-01 3.2192836347e-01 3.1866873625e-01 -2.7545222044e-02 1.8613918624e-01 -1.9541340278e-01 -5.1683205544e-01 -4.1270342736e-01 2.2336955372e-01 2.6134921125e-01 -3.8037958276e-01 -1.9019263761e-01 -1.7004106582e-01 2.2769790722e-01 1.8277514312e-01 -2.1661110085e-02 5.5040717312e-01 -2.7335970813e-01
-7.4729259801e-02 2.0370393569e-01 1.7789056606e-01 -5.1174780762e-02 -2.1475558825e-01 2.2201511144e-01 5.2677083505e-01 7.4856861343e-01 -1.7308980545e-01 -5.4133132427e-02 -3.5793486036e-01 1.7983277722e-01 -8.6092323318e-02 -2.6052593577e-01 2.2082173940e-01 -1.8568778994e-01 1.3732004375e-01 -1.4294626566e-01 1.3126515871e-01 1.1668157418e-01
1.2339315044e-01 3.0628664804e-01 2.4866188530e-02 -1.7991122786e-01 1.3657093126e-01 4.7741969243e-01 -8.7604362939e-02 -5.0503989093e-02 2.9457532595e-01 -1.9665587555e-01 6.1666391706e-01 7.4536896654e-02 7.7139715004e-02 1.8255282496e-01 9.4578246623e-02 -7.6686039963e-02 3.6743924984e-01 -3.0872321683e-02 -5.9007781760e-02 1.2008614427e-01
-2.5974512740e-01 -2.5414615287e-01 1.6037656603e-02 1.2172508163e-01 -1.8576373547e-01 3.1611256988e-01 -2.6799356746e-01 -1.6378811498e-01 2.8797835761e-01 1.5753593646e-01 1.5591407836e-01 1.3967781819e-01 -3.6056096342e-01 4.5799021467e-04 -1.9291158555e-01 1.1424463322e-01 2.6764985272e-01 -2.1807138293e-02 1.2173825985e-01 -2.5331405451e-01
-5.6730289544e-02 -2.7950202161e-01 2.5144351197e-02 -2.0719701991e-01 4.2968483754e-01 2.1019481580e-02 2.1795398111e-01 1.7345364491e-01 5.7922096025e-03 -1.4250823988e-01 1.2462921611e-01 2.4223068479e-02 2.4656389897e-01 6.5279271366e-01 -3.8185064637e-01 -1.2822769231e-01 4.5202973543e-02 1.9272126994e-01 -1.7090401736e-01 -3.1605933742e-02
