-1.3618360220e-01 -3.2016679019e-01 -2.5678660536e-01 -2.7704719972e-02 1.9163772766e-01 5.1754931162e-02 -4.0424936694e-01 2.0959860873e-01 -3.9131749955e-02 -2.6162091567e-01 -4.9263173740e-01 -2.2296192976e-01 1.1936092767e-01 -2.1909527051e-01 -7.7648450606e-02 7.0510541231e-01 -1.8326225301e-01 4.8639261994e-02 3.0039726396e-01 -1.3346564706e-01
-9.0787462677e-02 1.5792566924e-01 -2.4418896023e-01 -6.8650960412e-02 1.4344131978e-01 -1.6978243876e-01 -3.8686847463e-02 1.2743662203e-01 -1.5062323467e-01 1.6100302275e-01 -2.7036073670e-01 2.1226148100e-01 3.0414722856e-01 -4.8369056506e-02 1.5671387291e-01 -3.3626446629e-01 5.6212907272e-03 -1.5461549036e-01 1.8542502326e-01 -8.4058130703e-02
-6.7946500323e-02 -1.0692689204e-02 -2.5769049748e-02 -1.5777792993e-01 -2.5771053889e-01 3.9053974561e-01 1.6011237532e-01 -9.6135282161e-02 2.3619593919e-01 -1.2564454177e-01 -1.2671120057e-01 2.9620885257e-01 -7.2143838406e-02 2.0603322853e-02 4.1397599338e-01 -1.2012110759e-01 7.6767179845e-02 2.3131154054e-01 -1.4387758552e-01 -3.0841355795e-02
1.2270282973e-02 4.5862973417e-01 -1.1852674813e-01 -8.5176814745e-02 -3.4938063846e-02 -5.4965342816e-02 2.0316782310e-01 2.4704650277e-02 3.3142186203e-01 1.3935899725e-01 -2.9925789422e-01 5.2981117908e-02 1.3806869236e-01 8.0028467236e-02 1.4308386835e-01 -4.3722986843e-02 -2.4226621353e-01 -1.8029915536e-02 -1.7323656180e-01 -4.2683030585e-01
2.9399705889e-01 -1.8954487823e-01 -8.5594993327e-02 3.7552769032e-01 2.0107790714e-01 4.8518262887e-01 -1.2205810237e-01 -1.3789726093e-01 7.5218674808e-02 -5.4229691304e-01 1.0795175240e-01 3.0708752752e-01 6.2221036329e-02 -6.6082642787e-02 7.6524348221e-02 6.7834310759e-02 -4.5928715931e-01 -1.0115851282e-01 -3.7761436252e-01 3.4977375124e-01
7.4555647547e-02 1.2458425038e-01 -1.5382747921e-01 6.0136442908e-02 -5.9978239810e-02 1.7017300365e-01 -2.7152312291e-01 2.2391329499e-01 -8.4117625412e-03 4.0814984263e-02 3.2288557803e-01 3.3931856274e-01 5.7114323349e-02 -2.1972173251e-02 -8.9276273814e-02 7.6551087788e-03 -1.7606134378e-01 -1.4006682330e-01 2.2736807443e-01 -1.5678676685e-01
-1.6997207860e-01 -1.7964481230e-02 -2.9571391110e-01 -1.2887071125e-01 -2.9294596537e-01 -2.1384890388e-01 -3.7083007765e-01 -6.8400638045e-04 -1.7143314189e-01 -1.3662964448e-01 1.5901233959e-02 8.2921479651e-02 -2.3161140748e-02 -8.3484758315e-02 -5.5869461093e-01 -1.1703141931e-01 5.1804226148e-02 -1.4283442946e-01 -1.6062124172e-01 2.4091009468e-01
-5.6877934245e-02 -1.6757794534e-01 -4.6405265121e-02 1.7949191025e-01 -3.0230331065e-01 1.0484837558e-01 3.4943142280e-01 -2.6401354301e-01 -7.2016128719e-02 -2.2168903293e-02 -2.9037638565e-01 -1.5374896390e-01 -2.1960674965e-01 -6.0473302901e-02 7.2618681963e-02 -1.5159056307e-01 -3.6917476562e-01 -4.6728363903e-02 -2.3728422637e-02 9.5310786295e-02
-5.2123065310e-02 -1.1831864087e-01 -3.2495127795e-02 -3.9045655137e-01 3.6827786769e-02 -3.9737189623e-01 -1.6483570594e-01 1.9286690972e-01 -1.6248133584e-01 1.0222809897e-02 -1.4499952436e-01 1.6599326938e-01 1.3553856758e-01 2.8875407366e-01 1.7932374658e-01 -8.9291419487e-02 2.6591151339e-01 -3.2778756958e-01 3.9992086892e-01 2.5103396969e-01
4.0728484757e-01 -3.7684282125e-01 1.5876528332e-01 -9.3684338990e-02 -1.7450631495e-02 -1.7368455350e-01 -2.1172959926e-01 2.4980989793e-02 -1.5521413575e-01 -2.4716502691e-01 -1.7545535107e-01 -1.5001232424e-01 -1.1488989258e-01 -1.9381603158e-01 2.4256942518e-01 -3.5361570463e-01 2.9615189192e-01 3.4879985673e-02 7.8636572648e-02 -1.8152694371e-01
-1.1515707415e-01 1.5592227891e-01 1.7625424622e-01 -1.6965130767e-01 2.6521700188e-01 -2.0440314373e-02 2.6282988722e-01 -2.1986706783e-01 -3.1584528705e-02 9.6430950628e-02 -1.3068316743e-01 -5.8320030480e-02 -6.6991876605e-02 1.7517713946e-01 2.9196786757e-01 1.7262605576e-01 -4.5364189401e-01 1.5418571421e-02 9.3571933532e-02 1.4440209101e-01
-3.6525497990e-01 -2.9043249179e-02 -5.8862656072e-02 2.7442771786e-02 -8.4205002936e-02 9.4819458963e-02 1.2947472631e-01 3.6151284175e-02 7.4525027897e-02 -4.8287395009e-01 8.6509783596e-02 -1.3634602312e-01 8.9078857695e-02 -3.1874658544e-02 -9.5654448949e-02 3.6734195649e-02 -1.9416161436e-01 -3.2287432939e-01 -2.3400963289e-01 2.3375930530e-01
1.1653840374e-01 -3.0895961749e-01 3.3155319399e-02 -1.4381002944e-01 1.9162980305e-01 -3.5668407937e-01 -5.1227529283e-01 8.9619823821e-02 4.1091354092e-02 7.7866338724e-02 -3.7767808603e-01 3.6669701941e-01 -4.5086248574e-02 1.6089374333e-02 -2.7454021513e-01 1.3752957882e-01 2.3132702428e-01 3.0103374437e-01 -2.6743897562e-01 -1.8064919272e-01
1.5217222052e-01 2.2946328380e-01 2.2485376521e-01 -7.8563915038e-02 -8.5795749262e-02 -1.9478234448e-01 -2.1594210138e-01 -2.4879245062e-01 -2.5957895801e-01 -1.3197582647e-01 3.7347843739e-01 -7.9060823129e-02 -1.4942340941e-01 -1.5736126948e-01 2.1736556018e-01 2.3794945071e-01 -3.9311031213e-02 -2.7016904528e-01 9.0689029969e-02 -1.6270602331e-01
2.4671114484e-01 -5.8119492952e-02 3.8446999958e-01 2.2632542500e-02 -1.6329548567e-01 -2.3102605568e-02 -3.2577431719e-01 -2.2053123510e-01 -4.4800123485e-01 -1.1046711418e-01 1.5500743622e-01 2.3174076045e-01 -3.0568165142e-02 7.2207971597e-02 -1.3860390457e-01 -3.7926284827e-01 4.3827872834e-02 1.5936795889e-01 -1.3215612983e-01 9.5737455522e-02
-1.2262523425e-02 5.2701071521e-01 -8.6109381881e-02 -2.3886489900e-01 -4.1727942791e-02 -3.2415896771e-01 4.6162566628e-01 1.4807956899e-01 2.3712459365e-02 -5.7404696554e-01 -9.1695388571e-02 -5.3693140512e-03 -6.5459174899e-02 -2.2684128606e-02 -2.6733273300e-01 6.9515963479e-02 3.5095856635e-02 3.4700032443e-01 -9.7219520192e-02 -1.7322042349e-01
3.9790245770e-01 1.2786698610e-01 -2.6707488564e-01 3.3025249518e-01 1.4952871993e-01 3.1055988341e-01 5.8934846855e-03 1.8392045975e-01 3.4903241001e-02 1.7959298350e-02 -3.2294320885e-01 3.5543638617e-01 1.2694139513e-01 -2.8783405222e-01 1.2898873343e-01 6.5013176765e-02 -4.5321647202e-02 3.2529445062e-02 -1.1175178004e-01 2.1100125167e-03
-6.7061336690e-01 -2.3311925060e-01 -2.1589159247e-03 1.8455955371e-01 1.1614133101e-02 1.2905724869e-01 4.8125485856e-01 -2.1567424760e-01 -4.5724826891e-01 -1.1393963961e-01 -1.4521734867e-01 -4.3332145737e-02 5.6653619108e-01 -6.2145088342e-02 1.7778596432e-02 -1.2844751949e-01 -5.2028962040e-03 1.7535559675e-01 -2.0973165069e-01 -3.8448244036e-02
4.0205149552e-01 -1.2269471121e-01 -3.5874900010e-01 6.5174772344e-01 6.0014124316e-02 -2.3802372003e-01 -1.8412150143e-01 8.3921541909e-02 3.9874459724e-01 -3.1485795826e-01 5.4713196850e-02 8.1687196286e-02 2.5355212765e-01 8.8362955332e-03 -2.5488159499e-01 9.6112882602e-03 6.2943934313e-02 -5.7805594037e-02 -3.3072134440e-02 6.8371081251e-02
-2.0176269913e-01 -1.2995428697e-01 7.6951566493e-02 -2.0725911862e-01 3.2896024605e-01 -1.1427219893e-01 -2.2355652752e-02 -9.6343270827e-03 -5.1203275897e-04 -1.2998196682e-01 1.4111425436e-01 1.6167908621e-01 3.8380269696e-01 1.3389561195e-01 -1.0829418021e-03 -3.3512990596e-02 2.0935739051e-01 -1.9145237507e-01 -3.2515507426e-02 -3.2452123505e-01
