2.6290055195e-01 4.8384807580e-01 -7.1776847498e-02 -2.6551008665e-01 -2.7097091862e-01 -1.1455541024e-01 2.0733757225e-01 1.6917219059e-01 -2.6613794822e-01 3.5264320200e-01
-4.9287293637e-02 1.6921913502e-01 -6.4877618400e-01 2.0150504317e-01 -2.9065037711e-01 3.9650984018e-01 -4.8817196194e-02 -2.3808214483e-01 -6.0606497497e-02 2.0408838989e-02
1.8220334581e-01 5.2102820826e-01 5.2961308054e-01 -5.1398944750e-01 -4.7554921564e-01 -1.1838480335e-01 -1.9877755425e-01 -2.2225778197e-01 -1.9673964259e-01 3.7970502704e-01
3.0419950981e-01 2.5324242001e-01 3.6061282689e-01 -5.7871004809e-01 -4.4771639528e-01 -3.6863660442e-01 -6.1633573406e-01 -5.1024389762e-01 -5.3210059158e-01 3.6834231357e-01
-1.4337330147e-01 -1.8486299749e-01 -2.2797182780e-01 3.0968596207e-01 3.9322666010e-01 3.9418137050e-01 3.5427361063e-01 9.4500251573e-01 8.4195160742e-01 -5.9753064112e-01
7.5725168287e-01 1.5002298000e-01 2.1236463309e-01 -7.0340722114e-01 -2.9088761432e-01 -4.9030388029e-01 -2.4075472328e-01 -9.2170893669e-02 -3.9879181780e-01 4.6157663377e-02
6.3909910471e-01 2.8172104813e-01 3.4169393143e-01 -4.7601618722e-01 -2.8431697417e-01 -6.1698786773e-03 -4.0576899048e-01 -8.3631107638e-02 -8.5190686465e-02 2.8788760856e-02
3.8845293155e-01 5.0960988081e-02 3.9628798115e-01 -5.9634721391e-01 -4.1620354324e-01 -2.7490670536e-01 -2.4559840940e-01 -3.2354871257e-01 -5.0595865123e-01 2.4918677325e-01
1.3654577775e-01 4.2889567870e-01 2.5767570302e-01 -1.9120465542e-01 -3.0526466232e-01 -3.3508767883e-01 -6.7836842084e-01 -4.4716924627e-01 -1.5756512649e-01 3.8356585885e-01
-1.9683568394e-01 -4.6647100712e-01 -2.6907323076e-01 -2.7320931259e-01 -1.5496104472e-01 2.0836306777e-01 5.4005676451e-02 5.5535802876e-01 2.7944046967e-01 -3.0562813732e-01
