1.8408572859e-02 2.4927297874e-02 -2.4206090579e-01 3.6523191852e-01 -2.2399744939e-02 -3.1998523248e-01 -2.2723946160e-02 -7.3038100835e-02 1.6451381843e-01 -2.7251467401e-01 -3.0540768851e-01 4.5484750984e-01
-3.8141655702e-03 -2.9838319556e-02 2.0666518560e-02 8.3625121800e-02 2.8150788035e-02 -2.1911298972e-02 -7.6965921583e-03 -7.8240531976e-02 2.5734171966e-02 -2.0992814619e-02 -9.6472919621e-02 2.5798559574e-02
-6.7592553504e-02 -1.7280029602e-02 2.7816615771e-01 -4.1321776396e-02 3.4228319176e-02 3.1819294365e-02 3.0542442687e-02 7.6162537210e-03 1.7777371274e-01 1.4844687765e-01 1.1072389930e-01 -3.8915446464e-02
4.2319137431e-02 1.8058646447e-02 -3.8704205811e-01 3.8498607759e-01 -3.3233681480e-02 -3.0293165253e-01 -6.1673372622e-02 1.2083681001e-02 -1.1997244097e-01 -2.7479477638e-01 -4.3243917487e-01 3.7381395320e-01
-2.3117604633e-02 -7.4506694694e-02 -5.3815985399e-02 -7.9572393653e-02 5.5375061670e-02 -1.0021524892e-02 -5.7236121945e-03 -9.0180288266e-02 2.6408275260e-02 6.1026018975e-02 -1.0588773859e-01 -6.1003427183e-02
-8.8577797183e-03 5.2709676542e-02 2.0731323992e-01 -4.2579101927e-02 7.0959735883e-02 6.3911815917e-02 -9.4331851468e-02 3.3488533889e-03 1.2203153398e-01 1.4694470338e-01 8.4790305255e-02 -9.7764295909e-04
-3.2745296046e-02 4.6247863427e-02 -4.1500888629e-02 -5.4941164633e-02 2.7552894857e-02 -7.2537900950e-02 1.4081882929e-01 -5.3515172696e-02 -1.6795508097e-02 -1.9471532130e-02 9.8581962550e-02 9.8630369245e-03
-5.0347427857e-02 -7.2630676059e-02 4.3730286343e-02 1.5871091323e-02 6.5537211993e-02 -7.0014020351e-02 4.8988793380e-02 -1.2623590977e-01 2.9484700497e-02 4.4890176428e-02 -9.0059028272e-02 -4.2080244201e-02
-1.0427306627e-01 4.9009341933e-02 1.1653797047e-01 -2.4910983120e-02 -8.9978632214e-02 6.4156450474e-02 4.6462200801e-02 3.1532931474e-02 -5.5092718167e-02 4.1814852086e-02 5.6690264981e-02 -2.0263250958e-02
9.0249947442e-03 2.4380523328e-02 3.7553120156e-02 6.9709329445e-02 -4.3499320093e-02 3.6572463312e-02 -5.5650873725e-02 1.5659749300e-02 -8.5912303033e-02 4.6898599411e-03 3.3783107751e-02 3.5745074635e-02
-6.2344073224e-02 -7.9964142889e-02 1.9896230574e-01 -1.5123822490e-01 -1.0934695899e-01 1.0528123865e-01 -6.4018912558e-02 1.5666033880e-02 1.8120152684e-01 4.6358941489e-02 1.3035474631e-02 1.7614646885e-02
-7.1735094433e-02 -8.2745548863e-02 1.9306222470e-01 -3.1469967868e-02 -3.0265672779e-02 1.8047849664e-01 3.7187884550e-02 -5.5110128738e-02 1.8785948048e-01 8.0512089175e-02 1.5557816734e-01 -6.5097791685e-02
