3.0424161032e-02 -2.5700149954e-01 1.4433026689e-01 5.3451059925e-01 -3.0613330729e-01 3.7995993242e-01 -2.3695978632e-01 7.6265368800e-01 1.5273865596e-01 -4.9341122340e-01
2.4590058109e-01 -2.7875344684e-01 -1.4112001687e-01 4.4512858279e-01 -2.1363499357e-01 2.0230667528e-01 4.5975728702e-01 1.2975214575e-01 3.1662412593e-01 3.5857649962e-02
-2.5488487294e-01 4.1210772122e-01 -6.1648835478e-01 -2.3921973525e-01 1.3892660322e-01 -3.2925286567e-02 -3.8986576991e-01 -4.2997348907e-01 -2.6124035261e-01 2.0729635124e-01
3.6865231070e-01 -4.7462484390e-01 5.1464244634e-01 2.1484611654e-01 -2.6962988278e-01 3.3925799573e-01 4.8757427049e-01 8.0802365597e-02 5.9587035893e-01 -2.2917775104e-01
-5.5059845635e-02 -8.6340546728e-02 -4.7125317527e-01 6.0497514823e-02 1.1334446267e-01 -4.5162040703e-01 -2.5706846630e-01 -4.6795558120e-02 6.1833909479e-02 7.3378340153e-01
-1.7073424972e-01 1.6628589750e-01 -1.1167237707e-01 -1.6607004163e-01 2.7778149803e-01 -3.1276247668e-01 -3.3510342830e-01 -3.6764363711e-01 6.7182934399e-02 2.5368208296e-01
2.1027908926e-02 -7.1713862002e-03 -3.5125719201e-01 1.8570537833e-01 4.4681346964e-01 5.4163068282e-01 3.1900742961e-01 -6.8105024282e-02 4.3948960486e-01 -4.6553678486e-02
-3.0587004335e-01 -1.7723264803e-02 -1.6829282152e-01 3.2728510487e-01 -5.8433741048e-01 5.5762036199e-02 -1.8926712654e-01 8.7052741340e-02 -1.7641997629e-01 3.9441584539e-01
-4.2872515705e-01 -6.9074975231e-02 1.6942837712e-02 1.1860856244e-01 4.0582702999e-01 -1.9329664652e-01 3.0944622709e-01 -1.0249144785e-01 -1.9513391855e-01 -3.7190266837e-01
-1.8749927210e-01 -4.9462105732e-01 5.8304623690e-01 -2.5606778406e-01 -1.3098820091e-01 -2.5277036979e-01 -3.0690911148e-01 -2.5279884108e-01 8.3817813207e-02 5.4946009402e-01
