1.6030161210e-01 8.0653322327e-02 -1.0614146307e-01 2.4973161599e-01 -1.0716214379e-01 -1.7222553837e-01 -2.5188751714e-01 2.2283973406e-01 -2.9868509773e-01 -6.8690202265e-01
5.4304999113e-01 -4.9403214543e-02 -1.2754374319e-01 3.4055778175e-01 2.1378627916e-01 -1.1656543012e-01 -7.9800438501e-01 2.5297499668e-01 -5.3798186724e-03 -4.6266474281e-01
-3.4277487660e-02 1.3647887532e-01 2.7345640353e-01 -2.0695441550e-01 4.5463782687e-01 1.2365119229e-01 -5.5834029787e-02 1.4561429485e-01 -5.4935738176e-01 -4.4259530892e-01
1.4796486998e-01 2.4993984509e-01 -1.1394325149e-02 1.5716731794e-01 3.9290561120e-01 3.2211701045e-01 -7.5450697333e-02 1.1238456322e-01 2.0588819295e-01 -7.4937391377e-02
-1.5433205682e-01 -6.1104984055e-01 8.5761675966e-02 3.5760717455e-01 1.3214533656e+00 4.7766476596e-01 -1.4171058895e-01 4.6237040679e-01 -3.2902115293e-01 5.2642257498e-01
-1.5820076256e-01 -5.1074696124e-01 -8.5360395051e-01 4.1584680307e-01 2.8484165623e-01 2.3216604123e-01 -6.4179124840e-01 5.6132348680e-02 3.3360610697e-02 3.3471647359e-01
2.7049615762e-02 4.7640873849e-01 1.6684533514e-03 -2.7884713965e-01 -1.9773038664e-01 1.5192667701e-02 1.6652663565e-01 -2.8762885060e-01 -1.0413690372e-01 1.1995719551e-02
-8.4061557367e-02 -6.8932294977e-01 4.2802901200e-01 3.3574308646e-02 -1.2438547339e-01 -1.4649238527e-01 -3.2077509552e-01 -8.1173526879e-02 2.7571680740e-01 -2.2728886669e-02
-3.3293353141e-01 4.6168352416e-01 -2.0176854413e-01 3.2678171456e-02 4.5925132937e-01 2.8940648517e-01 3.2503117270e-01 -7.2858149494e-01 -2.2215753994e-01 -1.7618846099e-01
5.0385406988e-02 -1.7404358928e-01 -4.2560690939e-01 3.2977547093e-02 -3.0610689504e-01 -1.0228168788e-01 1.2032672050e-01 -2.9913200331e-01 4.4596557530e-01 7.0720600855e-02
