-3.2080957158e-01 -8.5743611893e-02 -2.4854668290e-01 -1.4912153934e-01 -1.6918927393e-01 -1.2797138416e-01 1.3989916117e-01 1.4345002526e-01 -1.5638141705e-01 7.0866901457e-03
1.3046102087e-01 2.3000538955e-01 -3.1734144169e-03 1.7115853556e-01 1.5131980665e-01 -2.3025011340e-01 3.9898170780e-01 1.1486189432e-01 -1.2752218089e-01 -3.6526487320e-02
2.7941569121e-03 1.4513236986e-02 2.0288034414e-01 -3.4824251932e-01 1.4416803396e-01 -3.6885764244e-01 -4.8252130110e-01 -5.0903563736e-02 1.4228415513e-01 1.1012397263e-02
3.5682060602e-01 2.6133525128e-01 -6.3324959541e-02 -1.8905625901e-01 4.4669501398e-01 1.8218015149e-01 -1.8735542449e-01 1.0397066121e-02 -1.6639780633e-01 -1.1016468833e-01
2.7225958188e-01 7.9764131399e-01 1.2931171748e-01 -1.5468692629e-01 1.1905018827e-01 -3.1930342052e-01 -1.5685307033e-01 -1.4514801723e-01 9.0271756219e-03 3.3256962773e-01
-2.9186577944e-01 2.0089016575e-01 -2.4742325121e-01 1.5147313452e-01 -2.1612966925e-01 -6.3721095595e-01 -3.8999438743e-02 1.3482658524e-01 -9.9991307192e-03 5.3330551078e-02
-1.4338930875e-01 1.8478268936e-01 -1.9293446932e-01 2.9414993321e-01 -1.2905669387e-01 3.7170244772e-02 -7.7322901023e-02 4.8951439525e-02 -2.2106040341e-01 -2.1871602501e-01
-5.1036362934e-02 -1.6818762197e-01 -4.9660903524e-01 3.1909177095e-01 -7.2877830353e-01 2.6725126333e-01 3.5292680949e-01 6.7769551668e-01 1.7517007653e-01 -4.3036179404e-01
1.4970354231e-01 -3.4466703703e-01 1.8790579115e-01 -1.5343259847e-01 -8.4996950688e-02 3.3545750220e-02 1.5090494787e-01 -3.6318182969e-01 3.9165690287e-01 -4.8408522452e-01
-3.9405715054e-02 -5.1100252306e-01 -2.4569584291e-03 -4.3259618688e-01 -1.9625888012e-01 1.1551737207e-01 -9.6410654064e-02 2.5803957233e-02 -2.8976841206e-01 -5.6445397111e-01
