-8.1108476248e-03 5.2249437233e-02 -1.8548624374e-01 4.9297613718e-02 7.9919171954e-04 5.3836997030e-02 3.0009243054e-02 -3.2634920776e-02 -9.1224229461e-02 1.8705377492e-01 8.4902173124e-02
1.4962268612e-01 -6.8797851196e-04 -9.7074758717e-02 6.6657261776e-02 -7.6096844541e-03 -2.8500379825e-01 1.6125817090e-01 9.8989057575e-02 1.3331453580e-01 -1.7107942969e-01 -4.5572878402e-02
3.4876996374e-01 9.9087050050e-02 1.7100871277e-02 -3.0309136936e-01 6.1226452543e-02 1.6884105482e-01 1.4470091323e-01 -4.0617923229e-02 3.4526644545e-02 1.8580881215e-01 9.2911163710e-02
2.8515514331e-01 -6.7115349468e-02 1.0063094488e-01 -1.6071188830e-01 1.9393681236e-01 2.8576313164e-01 -2.2328194432e-01 3.0522847984e-02 4.0098946883e-02 3.3634350342e-01 -7.7561133377e-02
-2.8627519000e-01 -2.4760436197e-02 1.9216419949e-01 6.2902824349e-01 -2.1725612216e-01 -2.1738858085e-01 -4.2154378074e-02 -4.4118287481e-02 -1.0614099262e-01 -4.6870364548e-01 -1.2734796932e-01
-1.1039387649e-01 -1.2644641159e-03 -7.1774463495e-02 -1.3544937718e-01 1.1831493492e-01 -6.9604078732e-02 4.3939050337e-02 1.5989517289e-02 5.1130002713e-02 6.7287701850e-02 1.1197605646e-01
4.2706120728e-01 5.5180472876e-02 -6.9222232843e-02 8.3453461029e-02 3.0214064635e-01 1.8807171335e-01 -3.2495965590e-02 -1.8017474811e-01 1.5014088541e-01 1.2041220625e-01 -9.1088576196e-02
-1.4352492057e-01 5.7614291785e-02 3.7825028479e-02 -1.8920429428e-01 8.8933991713e-02 7.8892775769e-03 1.2469617462e-01 -1.5557831214e-01 -2.4908565237e-01 -4.1976199886e-02 -1.7576877164e-01
2.7504801678e-01 -8.3696968196e-02 -6.4863368166e-02 -8.1943658560e-02 2.5723691565e-01 2.7879273576e-01 -3.5792398341e-02 2.8427756499e-02 -2.1805547440e-01 2.5206646394e-01 7.6760109644e-02
-5.8047443183e-02 -2.0793911912e-02 -7.7505719380e-02 2.2739758744e-03 1.5395320641e-02 -2.7530943254e-03 4.1763257610e-02 -1.4647523129e-01 1.9259235034e-01 7.9616447394e-03 6.7708126818e-02
1.8421258493e-01 -2.1170893768e-01 2.4138272243e-03 -8.5982309962e-02 1.9672644900e-01 2.0873998613e-01 -1.0960007368e-01 2.4247899697e-02 -3.8202893205e-02 4.3648614075e-01 -3.1171929483e-02
