-1.3832489462e-01 -6.1982518788e-02 -1.1462366918e-01 9.3019654554e-02 -6.1206363853e-02 -5.2254165627e-02 6.5125209912e-02 2.3404994739e-01 -2.3490439518e-01 1.3216217374e-01 1.3731444608e-01
1.2298599698e-01 1.6214038500e-01 9.3576894534e-02 4.9116674585e-02 7.8172989702e-02 -9.3968140194e-02 8.4313585060e-02 1.4648168884e-01 6.6818488489e-02 6.0034163118e-02 5.5593982346e-02
-4.5254848063e-02 6.1124623493e-02 -1.1460465414e-01 5.9338013916e-02 -5.7773254814e-02 9.2501251864e-02 3.6063157915e-01 -1.8101919270e-01 -5.0748702282e-02 -1.7019440198e-02 1.6427022693e-01
2.3974414444e-01 -1.7545658350e-02 -1.1965922135e-01 -3.7182812567e-02 -4.5959609108e-02 -8.5564906390e-02 1.9288873076e-01 -9.7893917544e-02 -1.4725334827e-02 6.5345262906e-02 -5.8370755845e-02
5.2863908321e-02 6.3002352790e-02 -3.4073071261e-02 -1.5082845785e-02 -2.4339819327e-02 -5.2233756780e-02 1.9459388154e-01 4.7924900152e-02 -1.9191075346e-01 -5.2280532811e-02 -1.1565966392e-01
-1.6064029544e-01 2.7467667880e-01 4.7950261956e-01 -6.2888616360e-02 4.4339837713e-01 -2.0466730465e-01 -4.1356573715e-01 3.5136839916e-01 -4.9631652004e-02 -9.5820523076e-02 -4.7099586776e-02
-7.9434636032e-02 2.7049565229e-02 2.8945098432e-02 5.6537870998e-02 -9.2160345199e-02 1.2457813861e-01 -1.3765748482e-01 1.7839939995e-01 -7.5908081354e-02 1.2009342048e-01 3.7247188257e-02
-3.6402792213e-02 2.5641412694e-01 -7.6293825562e-02 1.2308356510e-01 4.8409032595e-02 2.8234627879e-04 2.1330532238e-01 -1.1411598464e-01 -5.7193295413e-02 -9.9060654520e-02 -7.3015304237e-04
1.3579802569e-01 6.5653022385e-02 -1.9619713081e-03 -1.1789275779e-02 1.8406273947e-01 3.4121400669e-02 -1.8514084149e-01 -1.3551358909e-01 -2.4639861391e-01 9.2820280227e-02 1.8290640881e-01
-6.4748655281e-03 4.7448545650e-01 4.5124855654e-01 3.8009911332e-02 5.8399298221e-01 -1.0906590987e-01 -2.7279916117e-01 6.0243406223e-01 -1.5877326812e-01 3.2231725117e-02 -1.1733021149e-01
-1.3955487943e-01 1.3163503255e-01 -2.4231407861e-02 -7.3500001914e-02 2.2593515818e-02 3.2086646419e-03 2.2775666564e-01 -1.2961993018e-01 -1.4732484437e-01 7.2640302317e-02 -1.6235113918e-02
