2.1598172668e-02 -2.4936754247e-01 -2.0380659391e-01 -1.3824068899e-01 3.8369895720e-01 -4.9311821559e-01 -1.2975157193e-01 -5.7148858824e-01 -5.0397559223e-01 -7.5860080032e-02
-1.1021761438e-01 7.7189988040e-01 -2.5255281489e-01 3.6822253691e-01 -9.7227787380e-02 -1.5935038525e-01 -8.4473509678e-02 -3.4388598290e-01 -2.7513572059e-02 8.4225365822e-02
-3.1884671570e-01 1.4875512084e-01 -3.0364886552e-01 9.1521446989e-02 3.0047979205e-01 5.1142369752e-01 5.6539551711e-01 -4.1266807314e-01 4.5927709260e-01 -3.0495911174e-02
3.5095892962e-01 3.5840097759e-01 -1.4560533510e-01 5.4847916798e-01 -9.4930390875e-02 1.6664669768e-01 -2.9264227804e-01 -1.9938452273e-01 2.9699282495e-01 -8.4842014220e-02
-2.6529941025e-01 -2.4144298685e-01 2.7034660244e-01 1.4936856155e-01 4.0379970872e-01 2.2421154091e-01 3.8564775427e-01 -7.5259077411e-01 5.6358219454e-01 4.3717820848e-02
-7.4483791447e-01 1.1269855029e-02 -4.4280263870e-02 -7.2375650418e-01 -4.0177586880e-01 -3.6596586218e-01 -3.2209691163e-01 3.1632007654e-01 -3.2763221032e-01 -9.2549853807e-02
-2.5356261983e-01 4.2123213416e-02 -1.2965290127e-01 -2.8935107572e-02 -1.2208204476e-01 2.9880049826e-01 2.5635773967e-01 7.3502826678e-01 -2.8734181084e-02 2.6220201986e-01
4.5213206607e-02 1.8994413000e-01 3.4781260951e-01 -9.4376946962e-02 2.2689928621e-01 7.1559403043e-01 5.6450618959e-01 -2.3721730629e-01 6.0668901135e-02 -1.0095241651e-01
-8.9656122245e-02 -6.2544142682e-02 -1.0971882929e-01 8.6498281597e-04 3.1817606833e-01 1.5302684656e-01 2.6956535624e-01 2.5949026969e-01 -5.1131416434e-01 1.7557599136e-01
2.3770098605e-01 2.0077657172e-01 -2.9622392294e-01 3.0957071409e-01 5.2283365289e-02 -5.0340547300e-01 3.4620231478e-01 -6.1818243922e-01 5.6168397357e-01 -9.5173712632e-02
