1.6214456236e-01 -7.0567339724e-02 5.2274317747e-02 -3.9891115477e-02 4.5755057252e-02 2.9956805567e-02 -3.9259156347e-02 2.7057081203e-01 -2.1197877855e-01 8.5247360176e-02 -9.2385161954e-02
3.6171944060e-02 -2.1758783834e-01 -8.1763083653e-02 3.0138388817e-01 2.0247343599e-01 -7.1512806089e-02 -3.1703426740e-02 -1.3094005031e-01 -1.1110257364e-01 5.0189438296e-02 1.2406848159e-01
3.5080396615e-02 3.9113759876e-01 -2.4022997680e-01 -2.3326440254e-01 9.7560042091e-02 6.9527550214e-02 8.0892505405e-03 1.0413521680e-01 4.3895231115e-01 -1.3340682470e-01 2.8451859018e-02
8.0077088450e-01 -1.6590240851e-02 -8.2460118201e-02 6.8618133149e-01 2.3810331048e-01 -2.2045927443e-04 1.6519908596e-02 -6.9988466563e-02 -1.9100113979e-01 -1.9525502373e-02 1.4878709684e-01
2.3830407502e-02 2.1118187250e-01 -1.1395444361e-01 -4.1582527917e-03 7.0181677286e-02 -4.9658953133e-02 -2.0616763149e-01 1.1672918825e-01 3.2616634299e-01 -1.4080623401e-01 -2.7098464933e-02
2.2773762137e-01 3.6615342396e-01 -8.6171793969e-02 -1.4634030351e-01 4.2726759604e-01 8.9669478220e-02 -7.6037838260e-02 4.5324551580e-01 3.2582845379e-01 -4.2540564776e-02 7.2045563977e-02
-2.6070711604e-02 -6.5740128240e-02 6.7892839552e-02 2.3298276283e-03 -1.0045924982e-01 -2.8428957243e-01 1.4089633084e-01 -2.9360211834e-01 -3.2241527545e-02 6.3401962383e-03 -7.6368665270e-05
4.7111457794e-03 2.8552010668e-01 -2.6997030274e-02 1.0125833225e-01 1.7164079297e-01 -1.1639320021e-01 -3.4643394313e-03 3.6139937301e-01 2.9472362528e-01 -2.5030312915e-02 -6.2614314526e-02
2.9039524262e-01 4.9392319871e-01 -2.5664070093e-02 -1.1992849502e-01 8.2819174303e-01 -7.4046652657e-02 -1.0809166978e-01 5.4508976085e-01 4.5091271627e-01 -1.2713837207e-01 7.9806332965e-03
9.2505729331e-02 2.4272316318e-01 6.9503638984e-03 1.6869900454e-01 2.1290270373e-01 -1.2813247790e-01 1.1253753647e-01 2.1597762377e-01 4.4083476313e-01 5.2342563565e-02 -3.7473364526e-01
2.9243193639e-01 3.9143977879e-01 3.7380319576e-02 -3.5887410744e-01 8.0351710576e-01 -5.1171662761e-02 -3.9878234798e-02 5.3395251907e-01 5.6342176361e-01 -1.3129959309e-01 -3.9647512333e-02
