-3.7232171612e-01 3.4662753934e-02 -1.3704666544e-01 6.5759805784e-01 9.6600360496e-02 -3.1478295295e-01 7.6510945308e-01 -2.8083748136e-01 2.6720021939e-01 1.1006307888e-01
-1.2428133790e-02 4.4625999447e-01 -1.7119649693e-01 3.6129566162e-01 -7.3867643478e-01 -1.1792861613e-01 5.4695796360e-02 -2.9560225835e-01 -1.5918997544e-01 1.1000405309e-01
4.2712025082e-01 4.7339214116e-01 1.7396537912e-01 -1.4979067304e-01 2.4345356366e-01 -1.0939822504e-01 2.1134602030e-01 -2.4334107920e-01 6.5327229776e-01 -1.7135395538e-01
4.8480330945e-01 7.0104141417e-02 -2.2512813073e-01 -2.4629567771e-01 2.8754958000e-01 2.7559152705e-02 8.5591078961e-02 1.5320974636e-01 1.6137873073e-01 -2.3650092426e-01
-7.9948039625e-01 -1.9997399530e-01 -4.2807769454e-01 3.3839523831e-01 -3.8467543543e-01 -4.0629305008e-02 6.6589388093e-02 6.4444550002e-04 -3.0584042619e-01 1.2334964944e-01
-5.9115727787e-01 -1.3912896558e-01 3.5575525815e-01 7.6467744818e-02 5.1603184293e-01 -4.0156199362e-01 2.0812254253e-01 2.6472043166e-02 5.0750577422e-01 -1.0304583520e-01
-1.2512283024e-01 7.4845041314e-01 -1.4047189025e-02 -7.4523859041e-01 -1.5447045164e-01 4.0134731062e-01 -5.3300906456e-02 4.1046777229e-01 -4.7258096596e-01 -5.3966643251e-01
3.5437322983e-02 2.5200517894e-01 -8.5502784864e-02 -8.5115607401e-02 -6.2757920740e-02 9.3577532182e-03 1.7926562972e-01 7.2968446715e-01 2.6813493838e-01 4.7370892649e-02
-3.0993712303e-01 2.3081258833e-03 1.6671364487e-01 4.0928584060e-01 -1.2848691281e-01 -3.5314862950e-01 -1.1299551620e-01 -8.4716325376e-02 2.2709784894e-01 8.6674610937e-01
-2.4856385433e-01 2.2603522946e-01 -1.3242051088e-02 7.8161062745e-02 -2.0700985956e-01 1.5766227921e-01 7.1122018575e-03 -6.7294078557e-01 -2.7945519721e-01 -3.0150845915e-01
