8.2044848759e-02 2.1258516466e-01 2.9685097599e-01 -6.8745816149e-02 2.1222218592e-01 -1.4077018956e-01 -2.2390141513e-01 -3.4555028387e-01 -1.1728612132e-01 6.3443724238e-03
3.4320699675e-01 7.7142790899e-02 3.3231568534e-02 1.4332623109e-01 1.2447236226e-01 -1.1346615829e-01 -1.9485474424e-01 -3.5908078654e-01 -2.6673041727e-01 -3.0367573399e-01
7.7197528663e-02 -3.2765067877e-01 -5.0037546421e-01 -1.3319442955e-01 4.8406694327e-01 -4.7005378038e-01 -2.1450355153e-01 2.0591503552e-01 1.1001186306e-01 -5.6053364742e-01
6.4286049170e-02 7.7495581487e-02 2.6967952763e-01 3.4794032232e-02 3.2112394746e-01 3.3564019642e-01 -5.3011643024e-01 -2.8203617280e-01 -2.0364444192e-01 -1.8995213606e-01
2.5736439060e-01 -9.6077861908e-02 4.8101827885e-01 2.3477700890e-01 -1.1354751349e-01 2.8283220995e-01 5.0314820859e-02 -3.7820259819e-01 -1.1673190504e-01 2.7780494944e-01
-1.8018163248e-01 1.1783525276e-01 -2.3256515584e-01 -3.8508927435e-01 -2.1241260994e-02 2.1006516749e-01 3.9005424491e-02 -4.6798914874e-01 -2.1246433773e-01 4.7378424422e-01
-2.1448152607e-02 -4.3493291493e-02 4.0150786191e-01 1.4845360541e-01 8.5187094196e-02 -1.3467918539e-01 1.6702088119e-01 1.1911947560e-02 -2.1280315357e-01 7.7103499319e-02
1.3910168178e-01 -1.6529272501e-01 1.3858564535e-01 -7.7222561765e-02 2.6990819008e-01 2.2201770337e-01 -1.8340854375e-01 -1.1786742892e-01 -2.5681002604e-02 1.6134953374e-01
2.8555728147e-01 3.2287801545e-01 2.9299372999e-01 3.5124866474e-01 9.5513159025e-02 4.7264054066e-01 2.9319585627e-01 -3.4455009121e-01 3.5827177671e-01 8.6722474766e-02
3.6111323211e-01 4.2127904970e-01 5.1375847916e-01 1.5717434711e-01 1.3130715323e-01 3.3069723228e-01 -3.0008991728e-01 3.2733939380e-01 -1.8674125891e-01 5.4070800955e-02
