-1.5093342502e-01 1.3862994817e-01 -2.9956146297e-02 -7.2497670293e-02 -6.7677082103e-02 -1.5391178253e-01 -1.8218026794e-01 3.9735601162e-02 1.3456719756e-01 -4.2447148232e-01 2.2686134888e-01
-1.2217608015e-01 -3.4062776305e-01 -2.5794410296e-02 -2.8424171354e-01 5.1755867178e-01 8.7980396891e-02 4.8745558710e-01 -1.9238691158e-01 -1.4999365891e-01 4.1699776622e-01 3.4276542354e-01
-2.9332293746e-03 -1.1184155380e-01 2.2491017082e-01 -1.4058048974e-01 -2.8719372592e-01 8.1222024571e-03 3.2378400231e-01 -2.1324649690e-01 -4.2452672538e-02 -2.6729866516e-01 -9.3787253931e-02
-5.1388338520e-01 4.6181030233e-01 -1.1583203794e-01 5.8655461692e-01 -3.6198309044e-01 6.4861723408e-03 -1.2505074282e-01 2.0724095316e-01 -6.2889867016e-02 -3.6992654936e-01 1.1483478197e-02
-1.3578604606e-01 -4.3680403249e-01 -1.7108584454e-01 -6.1407461741e-02 7.5291722236e-03 2.9807417676e-01 -3.6065432745e-02 -7.1908593072e-02 -1.2036886566e-01 4.3136083888e-01 -3.7403184537e-02
2.2348472013e-01 -5.1509248874e-02 -3.2865700388e-01 2.5856874090e-01 1.9606237683e-01 -3.6840482251e-01 -2.1704792867e-01 -2.2373291082e-01 1.1748246347e-01 -5.0577215600e-01 4.4993094963e-02
4.2139911164e-01 1.0051907058e-01 4.2129951738e-02 -4.7097291430e-01 -2.7010126969e-01 3.1340685251e-01 7.7617609064e-02 3.6076016823e-02 -4.5237343392e-01 3.2555823908e-01 6.9929537359e-02
3.8155305149e-01 2.0273014708e-01 1.8212616954e-01 -2.6243556333e-01 5.8399261916e-02 3.3030503201e-01 -1.4616535405e-01 1.9425045148e-01 2.2556344756e-01 1.4073192630e-01 2.5023407728e-01
-2.2087090885e-01 -7.7974729294e-02 -4.0624242574e-01 2.2490963779e-01 -6.0696437013e-02 5.4168821456e-03 -1.7817075108e-01 1.5249210896e-01 1.6785168785e-01 -5.0837894978e-02 -4.2694499881e-02
2.4751156273e-01 -3.0852553989e-02 -1.4786669292e-01 -2.3613143620e-02 2.1453229681e-01 2.9484546995e-01 -1.9286246711e-01 3.4654808844e-02 -3.8006513412e-02 -6.3390500312e-02 -3.3080424688e-01
-4.1039695940e-01 -1.1421186357e-01 -1.5374460885e-01 -1.9607164941e-01 6.8859160853e-01 1.9111661582e-01 9.6574096810e-02 -9.3991203927e-02 1.8380678845e-01 1.1701464826e-01 9.6640475801e-02
