4.1456671415e-01 -7.7121778039e-02 -4.7237314722e-01 1.1915846423e-02 4.5409187953e-01 4.6565428546e-01 -1.5573601312e-01 5.0210059968e-01 4.0282366241e-01 -1.5135661539e-02
2.5544609426e-01 -1.3986743678e-01 -5.5533142453e-02 -4.1295621519e-01 -1.4429357265e-01 -3.2434634767e-01 1.4614725506e-01 2.7975922546e-01 -3.0362337769e-01 -5.7502033098e-01
3.3181424955e-01 -2.5920834742e-01 3.8630512183e-01 -8.4362510408e-01 2.5611740034e-01 -4.5729447134e-01 1.3483469420e-01 -4.8606316857e-02 3.1773519327e-01 -4.6283465466e-01
2.4038752519e-01 -9.6868657824e-02 6.8030784862e-02 6.1879692527e-01 -2.0390768982e-02 -4.0434432389e-02 -3.0739668842e-01 3.8313836173e-02 2.8346243013e-01 -4.8728774595e-01
-3.1435767615e-01 2.1654984650e-02 4.5509702163e-02 -2.1819298591e-02 -2.1599574267e-01 -3.1155402781e-01 3.7569966537e-01 1.9795573541e-01 -2.8547687617e-01 1.0055198697e-01
-2.1415885920e-01 -1.0698163945e-01 -4.4916384845e-01 -3.5508351585e-01 2.6987026164e-01 -2.9614213624e-01 -3.7392718552e-02 -4.5764497559e-02 -6.0704434822e-03 -2.5180817189e-01
-1.2028075403e-01 -8.4870717265e-02 -2.3536284021e-01 -2.3433241882e-01 -2.3032010164e-03 1.1059678426e-01 3.3568083550e-01 -2.5997146538e-01 -3.0011086063e-01 -1.6702756746e-02
-3.3205470879e-02 -1.4559883259e-01 4.3312533385e-01 2.3869010989e-01 -9.9054102387e-02 -5.1235912795e-03 7.4170595863e-01 -2.4930368100e-02 3.0483140632e-01 2.4896036207e-02
-6.5546732766e-01 -3.1391525601e-01 -2.4942659227e-01 -1.1360148304e-01 -3.6415870938e-02 3.3043042533e-01 5.0483572907e-01 -7.8046847207e-01 -4.4393311080e-02 1.4933872667e-01
2.4772642913e-01 2.5226935290e-01 -6.3010306137e-02 6.3056193826e-01 -9.0756496924e-01 7.8614787190e-01 2.0746262386e-02 3.2228672212e-01 2.6274358326e-01 -8.0510570728e-01
