1.3597764417e-01 4.9541499284e-02 1.0697439992e-01 -1.1990577368e-01 -8.4343160538e-02 -3.2630277360e-02 4.6707137377e-02 1.8355612599e-03 -4.3318808595e-02 6.4633377062e-02 2.9602677852e-02 1.3097766378e-02
3.2644961865e-02 -4.7513686638e-02 5.9543268592e-02 -3.0831389211e-03 -6.0378470807e-02 4.5240879588e-02 -7.4815116145e-04 6.1680048007e-02 3.8898602303e-02 7.1028882642e-02 3.0868361383e-02 9.3195260480e-03
-5.1801938099e-02 4.2182285806e-03 8.7461194970e-02 1.4230586673e-02 1.1706217355e-01 5.3945758725e-02 1.3309766083e-01 -8.4515685507e-02 8.8337433045e-02 -3.2198098012e-02 2.6417170397e-01 -1.7812099347e-02
1.7390741387e-01 -5.9069515300e-03 7.0433941690e-02 -5.2620762729e-02 4.7445164468e-02 3.4106060478e-03 7.5884245080e-02 -6.6935984624e-02 -1.1168268836e-01 9.6995875430e-02 2.7575858436e-01 -1.2501520835e-02
5.3073276960e-02 1.3157439760e-02 -4.9671832767e-02 3.3910015504e-02 7.1719266710e-02 3.8568254763e-02 1.4997355753e-01 1.7745163887e-02 7.7711566982e-02 8.6258174293e-02 4.3315438025e-02 2.8163622846e-03
2.3234537258e-01 1.0517169387e-01 -3.5281599890e-02 -3.4437063502e-03 2.3031694143e-01 1.3670510146e-01 3.1381443538e-01 -2.2192869020e-01 -2.3760689244e-02 -4.6558737492e-02 3.9977094744e-01 -4.0615560377e-02
-2.7451312481e-01 1.2101909930e-01 -5.3426170620e-03 -1.9399993035e-02 5.4873649214e-02 8.4190294108e-02 2.2877012899e-02 -1.5417426146e-02 -3.2769963945e-02 2.2418937914e-02 1.6929927463e-01 2.0136988951e-02
-1.5154539004e-01 -2.0297206856e-02 1.3066848714e-01 -1.1502814059e-01 3.3721471035e-03 -4.4141786987e-03 4.3059372662e-02 1.1002804550e-01 3.7585219917e-02 5.4486172579e-02 1.1651379291e-01 6.3985906817e-02
1.0163736053e-01 9.0908311536e-02 2.2500539089e-02 2.6405913659e-02 8.7701712324e-02 -1.4178575445e-03 1.0714685205e-01 8.6650665584e-03 -2.9978537561e-02 7.1737527512e-02 1.0582471448e-02 -9.9225124002e-03
2.0039629332e-01 4.7450110273e-01 -4.5339691897e-01 -6.0560637686e-03 -1.6176899562e-01 5.2739925368e-01 -1.9690203729e-01 -4.1064847966e-01 -4.6088590245e-01 8.2881321411e-04 -1.5662005886e-01 3.6642040003e-02
-1.1861993777e-01 1.1162902025e-01 1.0961243915e-01 -4.4734711479e-02 6.1431374151e-02 -5.6374771479e-02 3.2286608298e-02 -8.4982848675e-02 -2.8869572348e-02 6.3719595034e-02 1.1788852887e-02 3.3795522473e-02
-7.5332389750e-02 -9.1171360460e-02 2.1358134711e-01 2.5033675114e-02 2.9887681239e-01 -1.4187719272e-01 1.0279092359e-01 1.4729821799e-01 2.2009921737e-01 -2.9380905172e-02 1.4620965632e-01 -4.4746280763e-02
