1.9208197680e-02 -1.7007957391e-01 -3.4622379916e-02 2.4097389616e-01 4.7929220215e-02 -9.2831570179e-02 2.5020098782e-01 3.6750296769e-02 -2.1934151264e-01 4.5080603732e-02 -1.3692881809e-01
1.6671090266e-01 5.2915160109e-02 5.1632499910e-02 1.2619962179e-01 7.6452735999e-03 -3.6309015191e-02 -9.0315228720e-02 1.4290368076e-01 -4.2326645042e-02 -7.8923779501e-02 -1.6119071031e-01
6.2103532931e-02 -1.6150294071e-01 -4.6686328174e-02 -2.4589618989e-01 4.0764560413e-01 -2.6632151611e-01 5.4440570007e-01 2.0363227084e-01 -2.2780962828e-01 -1.0815793883e-01 -1.6844980100e-01
-5.2762657391e-02 -3.9903465389e-01 2.9346248704e-02 -1.1127917160e-01 6.3700662405e-01 -5.1804081871e-01 7.5776270433e-01 3.9374150849e-01 -4.0381254153e-01 1.1321041614e-01 -3.0986003307e-02
4.8928954659e-02 -8.4461590172e-02 -1.6907966465e-01 -6.1450501063e-03 3.9343936533e-04 1.3598238100e-01 1.1438853257e-01 1.4588375247e-01 -1.1975623432e-01 -1.8689372532e-01 -3.1686167437e-02
3.6591206545e-03 -3.4218368413e-02 -1.9892572001e-01 -8.7936331733e-03 9.1286370672e-02 1.1445717937e-02 2.0660819085e-01 1.3039779958e-01 -5.3005748236e-02 2.9664106721e-02 -9.0502263854e-03
-1.0920796584e-01 -3.5703868419e-01 -9.3847081401e-02 -2.6694144561e-03 3.6046948071e-01 -3.4087888074e-01 4.2050559092e-01 3.6871358028e-01 -3.7698570551e-01 1.9678730550e-01 7.6135893453e-02
5.0906706545e-02 1.4780360057e-01 -4.2274340307e-02 -1.8037935973e-01 -7.6041177351e-02 2.5199698350e-01 1.4870491870e-01 1.4375211901e-01 1.5154936965e-01 -1.1586312194e-01 -3.0179333234e-02
2.4987432707e-01 2.2313896459e-01 -9.2420705050e-02 -9.6362112818e-02 -1.4591629516e-01 2.1349075293e-01 -1.6417350913e-01 -2.7266134515e-01 -4.8991411138e-02 -1.1003092996e-01 -1.7943803059e-01
-4.5045601867e-03 7.4647576801e-02 1.4164725598e-02 1.4400207857e-01 1.3800224459e-01 8.7197092164e-02 5.3066614083e-02 5.4247299057e-02 -4.7462206773e-02 -5.2176203351e-02 1.1098480000e-01
7.2607612181e-02 -2.7030721107e-02 -1.6946569768e-02 -4.4438228249e-02 9.4213565901e-02 -1.0803218872e-01 2.7803113541e-01 2.3811752299e-01 -2.3954698968e-01 -3.8635920627e-02 -3.0893598852e-02
