1.9566025475e-01 9.5045508805e-04 2.0843262192e-01 3.9385871546e-02 2.5870092900e-02 -8.0488261492e-02 1.0936643433e-01 -2.5253895163e-01 -8.7143458363e-02 3.4921502764e-01 -6.6645630785e-02
1.9471044391e-02 3.6783310780e-01 -1.7156752627e-01 -4.0844510272e-01 -1.2922327593e-01 -2.3348441102e-01 -3.1895466385e-01 3.1853641571e-01 8.6301428068e-02 -2.4280666450e-01 3.7733010086e-01
3.2560687761e-01 -2.4951620963e-01 -7.4466768777e-02 1.7471904223e-01 1.8408803025e-01 -7.7076745927e-02 1.7296467539e-01 -8.8187172039e-02 -1.8692639605e-02 1.5626151964e-01 3.9836604400e-02
2.3606575382e-01 -1.9159256075e-02 -9.9693357136e-02 -2.6457605932e-01 5.5909177018e-02 -5.6130893494e-02 4.6314700252e-02 -5.7129491081e-02 -1.7942625467e-02 3.7861359551e-02 2.1669768897e-01
-7.3864286129e-02 1.7282374542e-01 -2.7433854524e-01 -1.4184099672e-01 1.8819379489e-02 -2.2378064197e-01 -7.8498119701e-02 -3.1392227421e-02 3.2259007493e-01 9.4852563854e-02 3.7054641083e-01
1.5069843006e-01 2.4399862893e-01 -2.0388710076e-02 3.2760551519e-02 2.8234222122e-02 1.1051696902e-01 2.0774416154e-01 5.2735681589e-02 5.4668433329e-02 -3.3612807253e-02 1.1852561804e-01
6.3547403757e-02 6.6937359552e-02 -6.1840934344e-02 7.5753075360e-02 -1.6661762090e-01 -3.0818124668e-02 3.9622056271e-02 1.2188976933e-01 2.0699909841e-01 1.6458604407e-01 1.4994714609e-01
-1.9638547005e-01 -3.6385782684e-02 -1.5097284384e-01 1.5775883389e-01 -3.1162082239e-01 2.8278861054e-01 -3.6326550773e-02 9.5600697804e-02 1.3340345372e-01 -8.8792269452e-02 1.7930394380e-01
-1.0098535260e-01 -4.4039836149e-02 -3.9438990580e-02 7.2569835669e-02 6.2089342974e-02 -9.3759015642e-02 3.9696062719e-02 -2.0263709344e-02 -8.1983688673e-02 8.9137988231e-02 -5.8095783866e-02
-5.4766172865e-02 -1.4282026277e-01 9.0977959615e-03 2.6181552089e-02 -2.6673464085e-01 2.0206579659e-01 1.1782483676e-01 1.1623703901e-01 3.8291851169e-01 2.9711442982e-02 1.6361353651e-01
-6.0354252366e-01 5.5531428862e-01 -3.7667100661e-01 -5.3192298553e-02 -4.4329608880e-01 5.7063461238e-03 -6.5774265033e-01 4.1471652978e-01 5.2434525429e-01 -3.9545111608e-01 6.6647084662e-01
