-2.0238800034e-01 -1.2247929392e-01 6.4708566448e-01 -2.6603363369e-01 6.6164262042e-02 -1.7037891112e-01 1.9510361033e-02 -2.3775770835e-01 2.9838059101e-01 1.1080524618e-01
-7.6553741900e-03 -4.2303068963e-01 -1.5416264177e-01 1.3058112050e-01 1.5220647231e-01 5.1581346168e-01 1.3642806874e-02 -2.1518360459e-01 1.3032452035e-01 2.4692376252e-01
3.7862576182e-02 5.3624801164e-02 2.2850853444e-01 1.7534171313e-01 -3.4053582310e-01 1.8539725757e-01 4.3994224021e-01 3.1730677169e-01 3.0012960925e-02 2.4781673133e-01
1.7070162689e-01 2.1866756062e-01 5.4815133299e-01 -1.1550347311e-01 7.5683354554e-02 -1.6117672193e-01 1.4794316505e-01 4.2672717009e-01 -6.8111936242e-01 5.2718033588e-02
-6.0350129712e-01 6.2636431515e-01 -4.5241562872e-02 3.1111015434e-01 4.8345394058e-01 1.0525396536e-01 2.7404508846e-01 1.1566740637e-01 -1.9639043785e-01 -4.4610173010e-01
2.4196312160e-01 9.9311075642e-02 8.3323128830e-04 -2.4502823206e-01 -5.0719587605e-01 3.5623300960e-01 -4.1564897939e-02 -1.4097069367e-01 4.2231464933e-02 -4.0668016861e-01
-1.3851706695e-01 -5.1400836172e-01 5.2484562897e-02 1.1790043553e-01 -3.3258307056e-01 7.5486764026e-01 2.0080931451e-01 2.2887287782e-01 1.2751469968e-02 6.4199598005e-02
-4.6928910288e-02 -1.2745642108e-01 -1.3784366228e-01 -2.8471275949e-01 3.6497207628e-01 -1.1385386090e-01 2.2807927640e-01 -2.3669508557e-01 2.0531299001e-01 4.7271424207e-02
-2.7676011707e-01 6.5062100215e-01 -3.4652040549e-01 1.1838975490e-01 -3.6461854955e-02 1.5057474476e-01 -3.5720192752e-01 9.1099736335e-02 -2.0406439946e-02 2.4506430972e-01
-1.2473563002e-01 1.0736429172e-01 -2.7071824639e-01 -3.0110566678e-01 2.4691983914e-01 1.5515858308e-01 1.7652629406e-01 7.0724313662e-02 -1.2783163401e-01 2.6458342823e-01
