1.2829360057e-01 -2.4547462856e-01 1.2983119954e-01 7.9357878970e-01 -2.7934004549e-01 -1.2474119672e-01 -1.3414786074e-01 -1.8853474953e-01 -2.6020803415e-01 -4.6259029974e-01
2.9574945596e-01 5.8113627374e-02 3.4013385179e-01 6.4260735543e-03 5.0546719610e-01 3.2862375632e-01 -4.6125969594e-02 6.5573932495e-01 -1.3502557549e-01 2.0392971740e-01
3.2542345050e-02 -2.8801071402e-01 5.5088956468e-01 4.2058729444e-01 -4.6053608987e-01 -7.5075176940e-02 2.5565405162e-01 -2.3252464513e-01 4.0359710587e-01 4.9042082629e-01
-4.1424358330e-01 -2.6059420705e-01 4.1948271357e-01 -2.6805256256e-01 5.1473710306e-01 -4.3698718738e-01 7.8843676815e-01 2.5267327682e-03 -1.8298360951e-01 4.2228992635e-01
-7.3445375241e-02 -3.8638898842e-02 4.7387814510e-01 -1.5042715854e-03 -2.3099252527e-01 2.6170405006e-01 2.2629905698e-01 2.7917347725e-01 -3.3616858404e-01 -4.2409872060e-02
4.1663361521e-01 5.4604745847e-02 -8.7911876962e-02 1.5909666762e-01 -4.8504021748e-02 -1.2788309536e-01 -5.0515160273e-02 -5.0147702476e-01 2.4448618830e-01 3.5418266142e-01
-2.6683804483e-01 -4.2231968217e-01 4.7447261796e-01 -8.2794366823e-02 -1.1077780275e-01 -1.4234577485e-01 1.0601275968e-01 5.6991878940e-01 5.1001605171e-02 2.0228353376e-01
-2.7061065360e-01 4.5563443122e-01 6.4681025490e-02 1.7603698052e-01 5.0374621386e-02 -6.7140787379e-02 1.5874610032e-02 -1.4238453173e-01 -2.9644110055e-01 2.4284532097e-01
-6.0404746311e-02 1.2315354187e-01 -1.4056319366e-02 1.3059906664e-02 2.7741725645e-01 4.6862555820e-01 -4.0102961266e-01 -5.4021379047e-01 2.3014409008e-01 5.9020706780e-01
-1.4710047123e-01 -4.4644846197e-03 3.8748843008e-01 -8.4143057215e-02 1.3636051944e-01 -1.4161095813e-01 -1.7460719957e-01 -4.0662100467e-01 -1.8040328850e-01 -2.7655528222e-01
