8.9248520520e-03 -4.9783131661e-03 -1.5685758668e-02 -1.1180225897e-02 1.9885722452e-02 3.2419393219e-03 -4.8769477822e-04 1.2438772111e-02 4.2073496020e-03 2.8412200695e-02 3.2910969086e-03 9.5267805744e-03 3.8883391558e-02 -1.5982096415e-02 -1.0841788118e-02 6.1298058465e-03 3.3683231964e-03 1.6948413259e-03 4.9989753905e-03
-7.9853990798e-02 1.2030078441e-01 -7.0375533419e-02 -8.6055107125e-02 -3.5466443996e-02 -7.6361156710e-02 -1.2344700371e-02 4.9192843375e-02 1.0744101219e-02 -8.7464883183e-02 -9.5174071652e-02 7.0661442891e-02 -8.2750097308e-02 -1.1522447948e-02 9.6702428888e-02 -9.3979662124e-02 6.9338093706e-02 -7.3310819289e-02 7.6847541678e-03
7.4084152996e-02 1.2779136707e-03 8.1272240807e-02 1.0327791658e-01 -5.8302210923e-02 9.1537127193e-02 -1.2351206701e-02 1.3002726662e-01 8.8991266397e-03 9.1811579769e-02 9.6394769547e-02 -3.3094366265e-02 8.9192628868e-02 9.1901525133e-03 1.6535931712e-03 8.6267960322e-02 -4.9866429455e-03 8.1065267231e-02 -1.9640535963e-02
-7.1882797604e-02 9.5914638061e-02 -9.3286391788e-02 -8.7835667440e-02 -2.4431931212e-02 -4.0473542970e-02 -6.7078381495e-03 8.8025240320e-03 1.9574097444e-02 -5.7907543675e-02 -6.5624070957e-02 9.1885021818e-02 -8.6795955176e-02 -1.1402251389e-02 9.4059337387e-02 -7.8555251008e-02 9.0916992383e-02 -7.7914478574e-02 -1.2048357676e-02
-1.9956385397e-02 1.2442734478e-02 -5.3538004029e-03 -1.0352243172e-02 -8.7508285842e-03 3.6459388924e-03 -9.0905212329e-03 3.0059677117e-02 -1.2091153284e-02 5.8880988458e-03 7.4212359934e-03 -3.3855070477e-03 1.1974733118e-02 2.4646664002e-02 2.5364171764e-03 -7.3694640497e-03 -2.0213494801e-02 4.8534780816e-03 1.4002567795e-02
1.2264686256e-01 -1.4688097870e-04 1.0375866408e-01 1.1856561772e-01 -3.0995934139e-02 1.1081150336e-01 4.2705786255e-03 1.4694043078e-01 -3.9484127556e-03 1.0612704202e-01 1.0764181938e-01 -7.4924787654e-02 1.0674441483e-01 -2.6061938845e-02 -4.4582415162e-02 1.1631014863e-01 -2.2461787739e-02 1.2651000788e-01 6.6001613789e-03
1.5657099055e-01 -5.7894010660e-02 1.5569183379e-01 1.7180206966e-01 -6.1928872817e-02 1.3971049752e-01 -6.0153954811e-03 1.5550778480e-01 -2.3951299258e-04 1.5579123679e-01 1.4049536999e-01 -1.2553685958e-01 1.6506060643e-01 -1.9068172587e-02 -9.9238946728e-02 1.5868752163e-01 -4.9911061337e-02 1.4910758187e-01 -7.9562918382e-03
1.5912140900e-01 -8.5012308105e-02 1.7115456038e-01 1.6424453763e-01 -5.0506121361e-02 1.6515957675e-01 -3.2620617850e-03 1.4957803413e-01 9.6479393314e-03 1.5274597448e-01 1.7832343215e-01 -1.7956282866e-01 1.6106946283e-01 1.8179336082e-02 -1.2238334734e-01 1.4940308065e-01 -1.1404411694e-01 1.4424007360e-01 -3.3493263804e-03
2.9997481338e-02 3.1490459730e-02 -1.2726705004e-02 5.3995492241e-03 -4.5402856542e-03 -2.8483440525e-02 5.5261596225e-03 -1.0870812661e-02 -9.4873680559e-03 1.2033077157e-02 2.1733673604e-03 1.4876359470e-02 1.0467196921e-02 3.7142488021e-02 2.4363000387e-02 -2.7290098140e-03 -1.2424897613e-02 -1.0504235978e-02 2.1026092625e-02
2.2116891629e-02 1.1041534818e-02 -6.2185580375e-03 1.8068314165e-03 3.0641183492e-03 -1.9187591960e-02 2.2730729491e-03 2.7176956761e-03 2.5615708258e-02 1.2192155683e-02 -5.6821078088e-03 -1.6735445673e-02 -3.0434696942e-03 3.1806918383e-03 1.9226787163e-02 -1.2306552747e-02 -8.7840340937e-03 2.4817874115e-03 -2.6929206388e-02
7.7463225830e-02 3.2934429411e-02 9.0127260615e-02 5.3248205430e-02 -2.5685534935e-02 7.1852865516e-02 -2.6450942532e-02 1.1652741559e-01 -2.0769716081e-02 6.7427086473e-02 6.4211412198e-02 -5.6136056914e-03 9.3303410027e-02 -8.6382530713e-03 -5.3680950945e-04 4.1742403244e-02 3.5661358279e-02 8.7068317219e-02 3.5959683924e-03
1.6077383621e-01 -8.0302754640e-02 1.5172437591e-01 1.6333843471e-01 -1.7254822737e-02 1.7974887576e-01 -1.8549156371e-02 1.6071489390e-01 2.0439830450e-02 1.4464533241e-01 1.5230187090e-01 -1.4882614337e-01 1.4722551073e-01 1.2829704576e-02 -8.1960177074e-02 1.8305728002e-01 -7.7251417872e-02 1.7797440328e-01 -1.1640440483e-02
-1.0203445538e-01 1.1544483910e-01 -7.6477416450e-02 -7.6917645697e-02 -1.1708492503e-02 -6.0132859316e-02 1.4581875803e-02 8.6982949242e-03 1.9210742245e-02 -8.2310923812e-02 -9.8482755463e-02 7.8206496805e-02 -9.4563544320e-02 -7.7750439605e-03 7.3927440244e-02 -7.6622119624e-02 7.9754664851e-02 -5.0161501228e-02 3.3593989596e-03
1.2538436115e-01 -3.1910636881e-02 1.2793711890e-01 1.5707477341e-01 -1.8156451112e-02 1.5622162690e-01 1.2474429720e-02 1.2854960415e-01 9.8838499356e-03 1.4334829349e-01 1.2624964280e-01 -6.6487311453e-02 1.1973025802e-01 -1.8536190969e-02 -4.2067908544e-02 1.3027669582e-01 -1.8062525252e-02 1.3315282902e-01 1.5056999640e-02
-7.3546023870e-02 8.5585892319e-02 -8.3631062213e-02 -7.6708568660e-02 1.4297309658e-03 -8.0105019988e-02 -2.5215101361e-02 2.7720725981e-02 3.3812416377e-03 -7.1375277066e-02 -8.4772301240e-02 1.1203870068e-01 -7.6901400265e-02 -2.6151487025e-02 7.5167974467e-02 -7.1729876674e-02 1.0317435032e-01 -3.6311594329e-02 1.0761594800e-02
-1.0414220331e-01 8.6627317946e-02 -3.7081966737e-02 -5.4759499248e-02 5.4643696294e-03 -6.8145160664e-02 1.0190049324e-02 1.5791218237e-02 -1.1436421517e-02 -7.0966359914e-02 -5.6733116258e-02 8.7872019896e-02 -6.9641972204e-02 1.4024485729e-02 1.1818549050e-01 -1.0950363830e-01 9.6381469955e-02 -3.6997905440e-02 -4.1926447349e-03
9.6267711389e-02 1.2524860402e-03 1.4667170847e-01 1.0595883264e-01 -3.0199601770e-02 7.7802098256e-02 -1.6945628229e-02 1.3752484349e-01 -9.6134139063e-03 1.3917474468e-01 9.6443872906e-02 -5.9518404574e-02 9.6488061737e-02 -2.4183677266e-02 -1.8631878607e-02 1.1551306134e-01 -1.8692749194e-02 1.3838221513e-01 1.8135025797e-03
1.0522483152e-01 -8.9799606581e-04 9.9491180977e-02 8.9479733019e-02 -2.0822658066e-02 1.1148652190e-01 -2.3981669919e-02 1.5746046941e-01 -1.6083508140e-02 1.4160448922e-01 1.0120570267e-01 -6.3049148192e-02 1.1313789761e-01 -2.4463153157e-02 -3.2514545561e-02 1.2236456386e-01 -2.0409088658e-02 9.6666946419e-02 -1.8145371200e-02
1.1728141806e-01 -3.5994486866e-02 1.1339116185e-01 1.1084533284e-01 -3.6998408804e-02 1.3966245241e-01 2.8648325666e-03 1.6025918395e-01 -1.3117939477e-03 1.3071177115e-01 1.2808081135e-01 -1.1285283112e-01 9.6131013452e-02 2.7696419406e-02 -6.4688221140e-02 1.0787093693e-01 -2.5879846371e-02 1.5197098086e-01 1.0988953441e-02
