1.1602817793e-01 3.9220920161e-02 2.7920224562e-02 8.1604009498e-02 9.1033955538e-03 1.0095261478e-01 1.0533404230e-02 1.1838083906e-01 -7.3164464041e-02 -8.7932296982e-03 -1.0983369799e-01 1.1234540315e-01 8.6472114752e-02 1.1771127500e-01 -7.3445896703e-02 7.4491320051e-02 2.0928988471e-02 1.3348868138e-01 -6.9283634197e-02
-1.3318892579e-01 2.2001478772e-02 -9.8748488461e-03 -1.6168147705e-01 -7.6474706129e-04 -1.4283724147e-01 -4.0028433141e-04 -1.3414318986e-01 1.5063976890e-01 -1.3987893177e-02 8.7279157751e-02 -1.1767327407e-01 -1.4624089800e-01 -1.7191829489e-01 1.3731098659e-01 -1.6611303709e-01 -4.1611074179e-03 -1.0494021450e-01 1.1029565460e-01
-1.2323484143e-01 -1.3486160381e-02 1.6840948276e-03 -9.7708064424e-02 4.3124166068e-03 -1.0440864794e-01 9.4671654882e-03 -1.3757352719e-01 1.1428401724e-01 1.3254784394e-02 7.6481516946e-02 -1.4325484042e-01 -1.0402164002e-01 -1.2423410530e-01 1.0954772193e-01 -1.4745883915e-01 7.4499911480e-03 -3.5312946652e-02 1.0640585322e-01
-8.6045819186e-02 -1.6351324651e-02 -1.6326087902e-02 -7.7783853713e-02 -1.0633642922e-02 -1.0993064902e-01 -1.2142554021e-02 -8.7711454260e-02 8.5299172090e-02 1.1138380034e-02 5.8954965805e-02 -1.0248568707e-01 -1.0486763212e-01 -1.1998679473e-01 7.1131897319e-02 -9.4317271973e-02 -8.3114183188e-03 -3.0794868009e-02 7.3250894789e-02
5.4545046997e-03 4.8331404540e-03 -1.2053016406e-02 9.3872757599e-03 -3.7462551761e-02 4.9423542260e-03 -1.0928909929e-03 3.6384383265e-03 -4.0258793602e-03 -1.2163639723e-04 7.6826442058e-03 -9.7427283172e-03 -5.2689194151e-03 1.3755392440e-02 -7.7839853415e-03 -6.8447817303e-03 1.8499230399e-02 -1.5356977644e-02 -1.8894285151e-03
-1.1158032613e-01 -3.6404134409e-03 -1.8489520726e-02 -9.1825868185e-02 -3.1462012941e-03 -9.1247615503e-02 -3.0077723617e-02 -1.3497590516e-01 1.0034195033e-01 -9.9218326733e-03 5.9074480105e-02 -1.1908749927e-01 -1.0824006511e-01 -1.0136079659e-01 8.2298349512e-02 -1.2113370448e-01 1.1588960010e-02 -4.4488376984e-02 9.3518363301e-02
1.1172536797e-01 -5.3643020931e-03 -6.9420901239e-03 1.2094875645e-01 9.6669983110e-03 1.3560945798e-01 1.3090680734e-02 1.2685170342e-01 -1.5144419741e-01 1.4953566855e-02 -1.8566690486e-01 1.4693226050e-01 1.4989901413e-01 1.3495165522e-01 -6.3040484898e-02 1.3809016869e-01 -1.0802408654e-02 1.4399503025e-01 -3.3725271856e-02
6.2692673610e-02 -9.2580684291e-04 -8.0923838552e-03 4.8554992376e-02 -5.1936189520e-03 1.0063616461e-01 -8.1353531281e-03 5.1453807266e-02 -1.5430957558e-02 -3.6763534163e-03 -9.3677482317e-02 6.3897692102e-02 7.2522884801e-02 7.7658966351e-02 -5.7368709578e-04 7.3935036668e-02 1.7641135354e-03 1.0677450332e-01 -3.5151954238e-02
5.7497289165e-02 -1.6174004113e-02 -1.9719247422e-02 7.6302545649e-02 -2.3557021523e-02 8.4783162453e-02 9.0313684290e-03 8.5437732118e-02 -6.3189921609e-02 -4.9357528344e-03 -1.0775264791e-01 9.1055527993e-02 7.3779419092e-02 7.5767166501e-02 -1.5434931142e-02 9.2876684897e-02 -2.1963439435e-04 9.6487871289e-02 -3.5891470697e-02
1.3432872289e-01 -1.4055489571e-03 -3.2472623385e-02 1.2371183091e-01 -1.3209749164e-02 1.3288908501e-01 -2.5566615397e-02 1.1479228846e-01 -7.5389787730e-02 1.1992446666e-02 -1.5746122539e-01 1.2633770019e-01 1.2267069540e-01 1.0925908121e-01 -6.8241808714e-02 1.1156442110e-01 4.7404824497e-03 1.3397792441e-01 -4.5687227172e-02
1.0324681217e-01 2.0457129028e-03 -1.3733231799e-02 1.1016934454e-01 1.3397992031e-02 1.1764394973e-01 1.3227622809e-02 1.2499784770e-01 -9.3146780236e-02 -1.2258239402e-02 -1.5194815527e-01 1.1357013946e-01 1.2152505576e-01 1.0130121360e-01 -4.6479671199e-02 1.0731824722e-01 -4.4164913882e-03 1.2828683840e-01 -4.9483833121e-02
4.7379798155e-02 -2.8049548140e-03 1.4415968609e-02 8.5699414316e-02 -3.9286441840e-03 5.8267542746e-02 -2.6113155118e-02 9.2953964545e-02 -5.9999927308e-02 5.3477141416e-03 -1.3758109092e-01 8.1703826244e-02 7.5993766149e-02 9.2369167669e-02 -3.1571128263e-02 8.1349173860e-02 -4.8059793228e-04 9.2372120068e-02 -3.0500914039e-02
8.0206260324e-02 -6.2699125978e-03 5.2436948676e-03 7.5190478944e-02 -5.9666977066e-03 8.8611510848e-02 -6.1134533172e-03 1.1291056550e-01 -8.8060730946e-02 1.1500741909e-02 -1.1061422974e-01 9.7464424692e-02 1.0888257910e-01 1.0404935534e-01 -4.6279688642e-02 8.7241563355e-02 -1.5336486666e-02 1.2927595785e-01 -1.3531955860e-02
-1.4039530832e-02 1.4316069605e-02 -2.3041386270e-02 -7.7958940501e-03 2.6150162097e-02 1.3447531900e-02 -1.7427993703e-03 2.6386286773e-02 -4.4038267766e-03 -1.9123310140e-02 1.3642573704e-02 -2.8750206271e-02 -9.7083667134e-04 4.7096903968e-03 -5.5450064252e-03 -7.3719202560e-03 2.7204244580e-02 -1.1692082347e-02 6.5101003123e-03
1.8059019171e-02 -3.9488474160e-03 -2.8001947661e-03 -2.2702400955e-03 2.5131771590e-02 -2.1263977443e-03 -2.6854609206e-02 -5.4326317163e-03 -1.2762626639e-02 2.0455996231e-02 1.6948138186e-03 -1.3360620846e-02 -3.2819262268e-03 -1.3520218253e-02 8.9031738562e-03 9.9996809491e-03 2.4822420854e-02 -1.1234575900e-02 -1.5901556596e-03
8.5952369701e-02 6.9024148953e-04 -5.3498815556e-03 7.6687557800e-02 8.0855783143e-03 7.7531587207e-02 -9.6501520599e-03 7.6897606718e-02 -7.7267281176e-02 -2.9990165395e-03 -1.0577033276e-01 6.5834222145e-02 1.0943354304e-01 7.7381377924e-02 -3.5748237789e-02 8.5688711328e-02 1.1007378271e-02 1.2737506445e-01 -3.1646615390e-02
-1.2442996426e-01 5.8093762682e-03 -7.1883900591e-03 -1.4084190428e-01 1.5207507056e-02 -9.2601235074e-02 3.8220759917e-03 -1.2058762426e-01 1.0964862077e-01 -5.1593163570e-03 9.6030236093e-02 -1.0156169931e-01 -1.2663061825e-01 -1.3717698896e-01 9.0547017284e-02 -1.3939843795e-01 -1.6734962811e-02 -4.2343389070e-02 1.0262048852e-01
-1.2884507017e-01 2.3530809634e-04 1.4934576815e-02 -1.2328894734e-01 4.3041134551e-03 -1.4311531950e-01 -1.7800769028e-02 -1.3465845977e-01 1.3275991391e-01 -6.7794304777e-04 1.1044259108e-01 -1.1803706057e-01 -1.3721118582e-01 -1.5739182321e-01 9.5827557302e-02 -1.6719530458e-01 -5.3152999298e-03 -6.6537502560e-02 8.3940627660e-02
6.0361030682e-03 -1.4618548281e-02 1.5346586323e-03 1.3302119757e-02 9.5867998135e-03 -3.4712106009e-02 6.6429002896e-03 -4.1205132734e-03 -1.5059289371e-02 -4.5257770250e-03 2.0889562481e-03 -9.9592061651e-06 -6.6240153113e-04 1.2530102440e-02 -1.5761513901e-02 8.3874932283e-03 -1.8405705092e-03 -4.8083161004e-03 -2.2120543841e-02
