-2.1468939855e-02 -1.9567346741e-02 1.2761865822e-02 9.8594689527e-03 -5.1433264723e-04 8.7521593324e-03 -8.1411629685e-04 2.0734557742e-02 -3.6278073172e-03 -1.6331589624e-02 2.3436334091e-02 -1.1271023706e-02 -2.6680441270e-02 1.0930343970e-02 4.6983617100e-03 1.2569030009e-02 -6.7908572107e-04 8.0239453608e-04 8.2165062205e-03
1.7070739915e-02 -1.5948776923e-03 -3.1068565441e-03 -4.5937827074e-03 9.2131652392e-03 -1.9958594294e-02 4.1124135587e-03 4.8902458652e-03 -3.0399779452e-02 4.0801198904e-03 3.0120774868e-02 -2.1769116611e-02 -2.8312916726e-03 3.1505078793e-03 2.1007459144e-02 -1.6399993060e-03 -3.3433445008e-02 -7.1100722033e-03 3.7909631909e-02
-2.7929496231e-03 6.1896776833e-02 -9.3928808756e-02 4.8120731714e-02 3.2655224547e-03 -8.6350602502e-02 -1.7333610967e-02 3.1455202897e-02 1.2001360871e-02 1.1604536869e-02 -9.0710426453e-02 5.9368721018e-03 6.3529668180e-02 -1.0201556193e-01 7.8048847364e-02 4.7555611709e-02 -9.5283865808e-02 -5.6399144037e-02 -6.7560315029e-02
-2.3595965666e-02 1.4479470190e-02 9.8556851615e-03 -4.7183641257e-03 -1.0568637222e-03 -5.5884052509e-04 9.1906274996e-03 -1.1638715818e-02 -8.4892877783e-03 7.9724727458e-03 1.0899630593e-04 -5.1118100591e-03 9.9162118832e-03 2.6546675003e-02 5.7325447270e-03 2.8877215336e-03 1.5167795369e-02 -5.0457435984e-03 2.7980477782e-04
-7.2323344640e-03 -2.5170740925e-02 8.9549403378e-02 -2.7906839189e-02 -1.2102669472e-02 9.0040206756e-02 1.2332930590e-01 1.1863354939e-01 1.5477614806e-02 -7.8337293004e-03 9.1936437211e-02 1.5048928456e-01 -4.0509441388e-02 1.1617465153e-01 -6.8254648273e-02 -6.7578544583e-02 1.3075584055e-01 1.0015670224e-01 9.3585469629e-02
1.2204714716e-02 -1.9108508110e-02 -1.1923710495e-02 -4.0505680596e-03 8.1206026006e-04 6.7359329693e-03 2.9665361665e-02 -1.4574467573e-02 -2.6512345840e-02 1.9795186655e-02 3.0062055489e-03 -2.5167300817e-02 -1.0668487377e-02 8.1159623769e-06 -9.0083614009e-03 -3.4082467388e-03 -6.4882727656e-03 6.2396248768e-03 1.5799623975e-02
4.6210920892e-03 -1.9638948035e-02 2.1115601402e-02 2.1595037676e-02 -5.3054085484e-03 1.6151882921e-02 -7.3158899505e-03 1.0476693028e-03 -2.1249316508e-02 4.2956022601e-03 2.8005231428e-02 -1.1119140736e-02 -2.5308564715e-02 4.5018101380e-02 -1.2232953819e-02 9.1835714318e-03 -8.7544625005e-03 2.3390936945e-02 1.5511329970e-02
-3.1435293763e-02 -6.2676371794e-02 1.3127191294e-01 -6.6280304632e-02 -1.7560220158e-02 1.3999889745e-01 1.4876121506e-01 1.6222628748e-01 2.0443098688e-03 2.1206457730e-02 1.2424071821e-01 1.6323237074e-01 -7.8183179323e-02 1.2292024545e-01 -7.7020766653e-02 -1.3371223529e-01 1.4741903347e-01 1.3169950529e-01 1.0821092075e-01
1.6653185947e-03 -8.6573386049e-02 1.6983070029e-01 -6.3598389761e-02 -9.3143411496e-03 1.4845709603e-01 1.8700289112e-01 1.8124248654e-01 -2.2588879870e-03 -6.1688490426e-03 1.5438021586e-01 1.2852294487e-01 -1.0576448885e-01 1.8479169707e-01 -1.2441801853e-01 -1.5482780889e-01 1.8084897965e-01 1.5212105457e-01 1.7043768186e-01
-1.4066656388e-02 7.3192359261e-03 -1.5886390370e-02 3.0895791898e-02 -1.5916323805e-02 -3.9725805385e-03 -9.3716193846e-04 1.2574992217e-03 -9.1321770759e-03 1.4792776302e-02 -3.1669525562e-02 -5.6847633359e-03 2.7153256006e-03 -1.5012072752e-02 -8.3924488979e-03 -2.3479909770e-02 -1.3779222560e-02 3.1174579215e-02 7.2583520520e-03
8.9318717998e-03 -5.0676268185e-02 1.2510555957e-01 -6.0505661826e-02 1.7695303333e-03 1.2499079536e-01 1.2381852142e-01 1.6565130374e-01 2.6731305026e-03 -8.2163395333e-03 1.3390279363e-01 1.5812816870e-01 -4.4042604500e-02 1.4607928102e-01 -9.7002183488e-02 -1.1068746454e-01 1.3293146711e-01 1.4179810106e-01 1.2728139610e-01
-2.0028487463e-03 6.2824212975e-02 -4.9490465061e-02 8.0736441189e-02 1.5149882419e-02 -9.8536726970e-02 -1.2748960553e-02 2.5468829990e-02 3.0217268361e-03 -2.1364201283e-02 -6.8535190078e-02 4.5989345920e-03 7.2035070205e-02 -8.4838427200e-02 9.3481643369e-02 7.9733736172e-02 -1.1077440973e-01 -9.1833942803e-02 -6.1228253519e-02
2.7949647299e-02 7.1979232769e-04 3.7045172116e-02 -2.8017111981e-03 -8.3513499537e-04 7.7223868578e-03 -2.8687844396e-02 -2.5565877371e-02 -1.2860300410e-02 7.1458119295e-03 2.1793690512e-02 -9.9079746370e-03 -1.5129376557e-02 3.5510081197e-03 2.2453561689e-03 -6.2737808694e-04 2.9326570010e-02 -1.1982648675e-02 1.2395760344e-02
-1.0598909505e-02 -2.1303895233e-02 9.7845983394e-02 -4.2079191451e-02 1.8165418495e-03 1.1181734715e-01 1.1156281995e-01 1.0962969597e-01 -1.9164246703e-02 -1.1874803345e-02 9.1497532272e-02 1.2026200975e-01 -3.6474169834e-02 9.1935910473e-02 -5.5813042474e-02 -4.7741872394e-02 1.0864238569e-01 1.3472254060e-01 1.2844596628e-01
1.9903074358e-02 9.0184598041e-02 -9.4282697563e-02 6.5872541080e-02 -5.4795971814e-03 -1.0737316894e-01 -1.8899257435e-02 2.2463433335e-02 -2.5344850742e-02 -9.7002334888e-03 -8.9863170214e-02 -8.8154592536e-04 8.0990651399e-02 -8.2166835353e-02 8.6347351290e-02 7.5465345628e-02 -9.5997715959e-02 -7.6343855359e-02 -7.6141440365e-02
8.0690905036e-03 -2.6333275509e-02 6.7121856689e-03 -1.0897266093e-02 1.0330514023e-02 -1.4498233703e-03 -1.0824287928e-02 -1.3054626530e-02 -8.1732180231e-03 4.5715719167e-03 3.7911671261e-03 -4.6152871806e-03 1.2540793124e-03 4.7717798041e-03 1.0427830423e-02 -1.5336799677e-02 -6.0017580521e-03 7.9701891843e-03 6.1788712443e-03
-2.2801282031e-02 -6.5008638695e-03 8.6238767639e-02 -8.5270112026e-03 -5.6555828258e-03 9.2735355696e-02 1.2478061606e-01 1.4712549100e-01 3.6273683747e-03 9.2230658272e-03 9.3472258136e-02 1.2110877787e-01 -4.9903138189e-02 7.8765855543e-02 -3.5777623592e-02 -6.0188650817e-02 1.0659806371e-01 8.6418477279e-02 1.1474607732e-01
-2.8686358864e-03 5.8336144277e-03 2.7248310035e-03 -3.1384768960e-03 -1.3406650998e-02 6.9960466256e-03 1.2417998986e-02 -2.0607475966e-03 5.4495330873e-02 1.9322182826e-03 3.3903206684e-02 6.8851386571e-03 4.1164673586e-03 1.3339379110e-02 1.6850300616e-02 8.0865961036e-03 -2.0875364550e-02 -1.5985465462e-02 -1.6496006421e-02
2.1052247576e-02 -9.1702732499e-02 1.6051022363e-01 -8.5604178740e-02 4.2071406084e-02 1.2162239192e-01 1.6194164377e-01 1.6405839064e-01 -2.2770829794e-02 2.4763810243e-03 1.3647832911e-01 1.6797871546e-01 -1.1461821761e-01 1.5823504634e-01 -1.1792250197e-01 -1.3344469750e-01 1.3796559109e-01 1.5134930626e-01 1.4971757171e-01
