-6.0785734220e-03 -2.8987006962e-03 -2.6023327378e-02 -2.8142018389e-02 4.9834607921e-02 -5.9879355079e-03 5.3851180554e-03 2.8423575579e-02 2.1752515360e-03 1.1530031756e-02 -3.3900292527e-03 6.0912199295e-03 2.1711029368e-02 1.8686434606e-02 -3.0153691626e-02 2.1710366360e-02 6.0055011808e-03 6.3650223973e-04 -1.6503390827e-02
-3.8733379823e-03 -1.8890529696e-03 4.5007681803e-03 8.6102663776e-03 -7.2811014949e-03 -3.4299970367e-02 2.0667548425e-03 1.4228114780e-02 1.1098892653e-02 -1.6375017947e-02 -2.1074962049e-04 -1.6329405036e-02 2.2573029908e-02 -3.6986068439e-03 9.3909224969e-03 -8.9095336394e-03 7.2863040900e-04 -9.2710738360e-03 3.4174611393e-02
-2.5663345775e-04 1.1090095115e-02 7.0225774794e-03 1.9007765526e-02 -7.4877400433e-03 2.8601252461e-02 -8.7853494567e-03 -6.2708225052e-03 1.1982508713e-02 2.3021026529e-02 8.3093888198e-03 -1.3925539346e-02 -9.2835395129e-03 -1.2383597599e-02 -1.5386664010e-02 1.6270005109e-02 -1.7028452235e-02 5.7567809562e-03 -1.2168412990e-02
4.2512705528e-03 -2.4065573803e-01 -1.9793602371e-01 -5.4422938850e-03 2.3356729372e-01 -5.1906665953e-02 4.9306101299e-03 -1.3333090293e-01 3.6479546901e-03 3.9571636044e-02 -2.4474471028e-01 2.0808632841e-01 2.2734239114e-01 2.1001368789e-01 -2.3810471802e-01 3.2594864310e-03 8.5011017646e-03 2.3388696745e-02 -2.3780098498e-01
3.4131890945e-03 4.1118951113e-03 1.5144873279e-02 -6.4743332360e-03 3.3284991739e-02 7.0114129751e-04 -9.6520386977e-03 1.6538437811e-02 1.2383858051e-02 -2.0554205160e-02 -1.5936360087e-02 -1.0373657476e-02 7.2909756835e-03 -8.1765566073e-03 -8.8473470771e-03 1.5076584304e-02 1.0920756999e-02 7.5953122701e-03 2.1780527821e-02
-3.3950275548e-02 1.0427984898e-01 1.1063681677e-01 -9.2768565284e-03 -3.9408863695e-02 -3.3391239933e-02 -4.7070291462e-03 1.6367372238e-01 -6.4035856107e-03 -2.3120122988e-03 9.2564005198e-02 -6.9949526959e-02 -3.9398247873e-02 -4.9475476022e-02 1.4772181731e-01 2.2708583136e-02 -4.8706676167e-04 5.9016931559e-03 8.9494332146e-02
-2.4993570890e-02 5.0970465894e-03 9.3721358923e-03 6.9493831604e-03 -2.2723229588e-03 4.4935954142e-04 8.1587427041e-03 -2.2326818973e-03 -1.1960975861e-02 1.3517979842e-02 -2.9037791491e-02 1.6732263925e-02 -1.9098761472e-02 -9.9217783582e-03 1.7017084190e-02 -4.5839775502e-03 -1.9206771620e-03 -9.0065286692e-03 -8.2318934010e-03
-3.8479155205e-03 -2.6968382845e-01 -2.7115172963e-01 -9.6325218023e-03 3.0892261926e-01 -6.4464472047e-02 -2.6072532585e-03 -2.0664468186e-01 -1.2541076840e-02 6.5654410751e-02 -2.5856752058e-01 2.8223530428e-01 2.9307756996e-01 2.9510708759e-01 -2.8435100634e-01 5.6765202351e-03 -7.6553421497e-03 -1.4977100138e-02 -2.9094917981e-01
-3.7405352217e-02 -7.6126277421e-02 -6.3055267650e-02 6.9198117526e-03 1.2116947054e-01 -3.9699650505e-02 3.2442984843e-02 1.0536041702e-02 -5.2122864967e-03 5.0198791096e-02 -5.6795867575e-02 7.2234569480e-02 8.5338368082e-02 8.3764168638e-02 -3.8434765743e-02 -2.3021381128e-02 -2.7631812542e-04 -1.0334541519e-02 -8.4805888506e-02
6.7495913141e-03 2.0886744885e-02 6.7565284559e-03 1.6467534284e-02 2.5929236834e-03 -1.5515890613e-03 2.1726835672e-02 -1.7758776206e-03 3.2816905186e-03 -1.3678216772e-02 7.0390860102e-03 -3.0981336617e-03 -2.4359669275e-02 -4.6555443576e-03 -9.2838892275e-04 5.6981688480e-03 -1.0245206528e-02 5.6765222797e-03 2.5740417795e-02
-2.5503623322e-02 7.7341887453e-02 5.6737539540e-02 -9.9448156209e-03 -5.9311339353e-03 -2.1145409787e-02 2.2321372042e-02 1.4402393578e-01 -4.3525191878e-03 -9.2394621458e-03 6.5306396042e-02 -3.6583552429e-02 -8.7641576122e-03 -1.4618772308e-02 1.0540251061e-01 1.1586042870e-02 4.8207336576e-03 2.2001798859e-02 6.2439150510e-02
-2.7483553888e-03 7.2940703321e-03 -2.5397761088e-03 -2.0038898353e-02 1.8024928862e-02 7.6397667153e-03 -3.4688566186e-02 3.7956317843e-02 1.4109678921e-02 -1.3519700125e-02 -1.2960412321e-02 -1.6390482659e-02 -2.4056174977e-02 3.8368222344e-02 8.5525725583e-03 -3.5020743951e-03 2.0630256893e-02 -1.5357652882e-02 -6.5470485861e-03
-2.5340785169e-02 1.2949169720e-01 9.7084915884e-02 -1.4995259440e-02 -5.8829452380e-02 -3.4568581432e-02 -5.9372718379e-03 1.9372753764e-01 -7.2983761354e-03 1.3375788165e-02 1.1324734797e-01 -1.0657095845e-01 -7.0639564023e-02 -7.5418399959e-02 1.5895528897e-01 -1.5056081165e-03 9.2087621120e-03 -2.1431619584e-02 9.6348452657e-02
-3.7846428172e-02 5.4524358135e-02 6.2034234625e-02 3.7291518288e-02 6.2830784051e-03 -2.2268053540e-03 -9.8227486296e-04 1.3562201178e-01 3.3567455158e-03 -7.0452523354e-03 6.8830500699e-02 -4.2781498769e-02 -1.8464853272e-02 1.2620535827e-02 1.1059403757e-01 -1.5565158373e-02 -2.7404356819e-02 -2.1848324262e-02 3.3383064199e-02
-7.4859279911e-02 2.7564278649e-02 2.2369496272e-02 -2.9209883132e-03 4.1681661269e-02 -2.6442556700e-02 -1.9166032401e-02 1.0496087585e-01 -9.2583113657e-03 1.1031024725e-02 9.3600356412e-03 1.1356124444e-03 7.5951691822e-03 3.3233521245e-02 6.1175701674e-02 9.8052395537e-03 -1.7603417174e-03 2.2273651047e-02 -1.0556173977e-02
1.1851822233e-02 -4.9548122353e-03 -1.6737370378e-02 -2.7680196391e-02 -1.8074296594e-02 -1.7079454633e-02 2.2914337891e-02 8.4057357733e-03 -5.9097093681e-03 -1.0021050904e-02 3.7297582359e-04 -9.6277463961e-03 -1.0477451837e-02 8.9806316362e-03 1.8143342409e-02 5.1463181536e-03 2.7084460458e-02 -2.3844767777e-02 -2.6212823418e-03
-1.2951391893e-02 1.0994535551e-01 9.9704270898e-02 5.0569501694e-03 -3.9601688185e-02 -1.2821556402e-02 -7.1866502907e-03 1.8294150603e-01 -9.6033146066e-03 -5.7860177917e-03 1.0507108739e-01 -1.0619820926e-01 -5.1110789600e-02 -5.2294784648e-02 1.6761642322e-01 -2.3703635824e-02 1.9663903943e-03 1.3985674060e-02 9.1839464677e-02
-2.2134953129e-02 9.1585669774e-02 6.8198263340e-02 1.0835821940e-02 6.4328189210e-03 -2.0267339064e-02 -1.4263863120e-02 1.1923000929e-01 -2.2201562401e-03 8.1443860523e-03 7.1914548740e-02 -2.3522881919e-02 -1.6849297772e-03 -4.0067081550e-02 1.3164680169e-01 2.0915329882e-02 2.5768669777e-03 -1.8773931217e-02 6.3446188206e-02
-5.4427654022e-02 4.7938839550e-02 3.7303840427e-02 2.0180136397e-03 3.2173242805e-02 -2.8471329250e-02 -3.0910271989e-02 1.1772777248e-01 -8.6622344568e-03 1.7435620505e-02 2.4845954703e-02 -2.1994709310e-02 3.6973856508e-02 3.6393293259e-02 9.3186593254e-02 -2.4367353499e-02 -5.1855639318e-04 4.7382814730e-04 -4.5071829704e-04
