-4.5341144756e-03 8.0893817390e-02 -6.6075831819e-02 1.5787209085e-02 5.1408875603e-03 -4.5393879143e-02 1.0125758418e-01 3.5432742973e-03 -6.4967271434e-02 -5.6140254944e-02 -5.8645830131e-02 -4.3537011299e-03 -8.6677674221e-02 -6.3097731329e-02 -4.7811370769e-02 -2.3848408702e-02 1.0151037848e-02 -2.5464612417e-02 -6.5891892424e-02
-1.6771453368e-02 -1.2238441384e-01 2.3199248278e-01 2.0935555241e-01 -3.8403239853e-03 2.0153658125e-01 -1.8923026212e-01 1.3348893407e-02 7.2189729032e-04 1.8344065698e-01 1.8441085574e-01 7.5258987772e-03 2.0449736505e-01 1.9406961253e-01 1.8438922165e-01 1.7964461759e-01 -2.9748467630e-02 2.1728998339e-01 1.7980293471e-01
-3.4681386671e-03 5.4801749452e-02 -9.4443277294e-02 6.0873010160e-02 -1.0982637606e-02 -2.4267208090e-02 8.0187820411e-02 -1.4391973991e-02 -5.0495748612e-02 -4.6899644914e-02 -4.4762789465e-02 1.2416490306e-02 -4.7744007127e-02 -6.0368936024e-02 -6.2258044996e-02 -1.2213846225e-02 2.6348120726e-03 -2.5601515562e-02 -6.9857684719e-02
-2.3410871271e-03 4.7668501379e-02 -6.1476082578e-02 3.3349216400e-02 -4.2578631592e-03 -4.3451888958e-02 8.4799338043e-02 9.3696527029e-03 -6.9538974713e-02 -3.0527566490e-02 -7.0090525750e-02 6.2797600744e-03 -3.9782873198e-02 -8.4348759430e-02 -4.3767878249e-02 -1.0043053268e-02 -3.8471191614e-02 -3.3905586254e-02 -8.9372554481e-02
4.3018304634e-03 -1.4094608429e-03 -7.6751308497e-03 1.2386303765e-02 3.4128686157e-02 1.1298668145e-02 -1.8334482858e-03 9.6590023711e-04 2.9028395880e-02 1.7525838774e-02 -1.1738685596e-03 3.9209793396e-03 1.1527503830e-02 -6.7495504714e-03 2.4879316550e-02 7.7548613388e-03 1.9446379569e-03 -3.0369865944e-02 -1.0508365114e-02
-4.7526017234e-03 -2.3128085231e-03 8.6877909644e-02 1.4407248889e-01 -1.8719229134e-02 9.9777928464e-02 -8.9906483828e-02 -4.6868866130e-03 -6.8111354004e-02 6.6821828676e-02 9.4449900305e-02 -4.8444833946e-03 9.5995188344e-02 1.1461509401e-01 9.8054315070e-02 1.2206284076e-01 -1.6431101262e-02 1.2662500415e-01 1.1577125948e-01
2.8834476986e-02 -1.2617328587e-02 5.2929324464e-02 1.3246499463e-01 5.3086205104e-03 1.0598234132e-01 -7.4948514707e-02 -1.0059913303e-02 -8.9358948256e-02 4.8681118355e-02 9.3646070239e-02 7.2655504807e-03 9.9045747524e-02 7.6883798515e-02 8.9656607190e-02 8.2949927113e-02 1.9330558550e-02 7.5076030375e-02 7.7390186542e-02
-7.6516074797e-03 -9.5607661993e-03 -3.3456512898e-02 -2.8138808808e-03 8.5291897087e-03 -1.3692894755e-02 -1.0903332080e-02 -2.8075456899e-02 2.4284829269e-03 -1.3614970068e-02 -1.0831607462e-02 -6.5939157589e-04 -7.5007273096e-03 1.3746984705e-02 5.8865482208e-03 -1.2245299010e-02 -5.7529675149e-03 -4.4365623763e-03 -6.5399658978e-03
9.1534947926e-03 7.5727543163e-02 -7.4391885266e-02 3.0454063426e-02 -8.0695784538e-03 -5.6341352849e-02 7.1733513472e-02 6.8510819340e-03 -6.3636296933e-02 -9.4996353209e-02 -3.9024733424e-02 1.0044383532e-02 -6.3245482792e-02 -7.1010845627e-02 -8.4560167809e-02 -1.2221752708e-02 -4.3384493190e-03 -3.7557864836e-02 -6.8844195651e-02
5.2636363789e-04 -9.6366789782e-02 1.7083496340e-01 1.8151270715e-01 -4.2184342083e-03 1.5587302895e-01 -1.8480370313e-01 -2.1408767823e-02 -1.7927267353e-02 1.7825897819e-01 1.8420256982e-01 -1.0343996694e-03 1.7626747867e-01 1.5173690482e-01 1.5596870925e-01 1.7920189181e-01 2.7751255372e-03 1.6655046102e-01 1.9107259441e-01
-1.0009660072e-02 1.4757667527e-02 -1.0305054238e-02 1.3312244221e-02 8.6470354134e-03 6.3809342241e-03 -6.7127414703e-03 -4.9520454810e-03 8.3545582203e-03 -3.2050463374e-02 -4.5884348720e-03 -2.5710149922e-03 -4.4747226329e-03 1.2388613400e-02 9.9938329484e-03 -1.4929080304e-02 -3.2400405998e-02 2.1534861417e-02 -1.4578386225e-02
-4.5806983695e-03 -1.5005127921e-03 9.4609532441e-02 1.3054570808e-01 -1.2739410468e-02 8.2548956150e-02 -8.5147780990e-02 4.3154170703e-03 -9.0337751820e-02 8.0489685098e-02 1.0568356467e-01 1.8167316263e-02 7.8946902452e-02 8.5050473296e-02 1.0585279173e-01 1.2923422081e-01 -8.8447657307e-03 8.9653081684e-02 9.1632618606e-02
-1.7438015712e-02 -3.7344953708e-02 9.8182571097e-02 1.5787132691e-01 1.7677746250e-03 1.3546311877e-01 -1.0622138131e-01 -2.8954323167e-02 -4.2913707299e-02 1.2361423107e-01 9.1843635270e-02 -1.7931523478e-02 8.8565859110e-02 1.2628108015e-01 1.2591621963e-01 1.1184811641e-01 -3.5553474656e-02 1.2042997159e-01 1.0764347813e-01
-5.7089284662e-03 -1.4056610624e-02 6.8746328333e-03 1.8617498265e-02 -1.0686855396e-02 -6.0039187554e-03 -2.4427464895e-02 1.1117166781e-02 -1.4118691389e-03 6.4950948351e-03 -7.4598497321e-03 -1.4924918624e-02 4.8910700872e-03 -1.9212757402e-02 9.1529417690e-03 2.0425730237e-02 1.4726398504e-02 -2.4994541715e-02 -8.1329154453e-03
-5.8480007818e-03 -2.2326051069e-03 5.4247024830e-03 -2.8278744756e-03 -5.6850389107e-03 2.6830458140e-03 -5.3012521181e-03 4.0436221561e-03 5.2517216142e-03 2.1041134922e-03 -3.5991578259e-03 -6.4637780997e-03 -2.0496000835e-02 -1.9003029496e-03 2.1891728373e-02 -1.8143224455e-02 -3.1457444445e-02 1.3009851941e-02 3.5768967216e-03
1.7815171405e-02 -1.4988448783e-02 1.2256388023e-01 1.5579310304e-01 3.4706312841e-03 1.4729919570e-01 -1.2748188792e-01 -3.3554553265e-03 -3.8905443968e-02 1.1206106323e-01 9.4315812927e-02 1.1566201963e-02 1.5110627005e-01 1.2999417464e-01 1.1739162617e-01 1.3453886210e-01 6.6419959564e-03 1.2637705112e-01 1.2712065130e-01
-1.0521148027e-02 7.6091507417e-02 -5.9380699528e-02 3.1994818932e-02 -6.0517834048e-03 1.3350063569e-02 3.4606699189e-02 1.6879560476e-02 -2.4397606718e-02 -3.1889730985e-02 -5.2403087323e-02 9.2664708548e-03 -2.1559982813e-03 -2.5880865419e-02 -9.6617558750e-03 1.7124519013e-02 9.8806735359e-03 8.4858909032e-03 -3.8758262886e-02
1.0938795113e-02 -3.9023274354e-03 8.6296163447e-02 1.3292089525e-01 -1.2777737934e-02 8.2606381499e-02 -6.6603687034e-02 1.4504719547e-02 -6.3994290097e-02 7.6179955489e-02 6.1743420509e-02 -1.5772013250e-02 9.7168100251e-02 1.1329691401e-01 9.1871946274e-02 1.0444294751e-01 -8.4504367243e-03 9.7859100701e-02 9.4883011942e-02
1.6086039562e-03 -3.2087590479e-02 9.5389078655e-02 1.3710190692e-01 -8.5203091756e-04 8.1900208748e-02 -1.0151219127e-01 3.0635237455e-03 -4.7692570091e-02 8.3799897362e-02 7.9432203123e-02 -4.3308636795e-02 8.7759714657e-02 1.2823697501e-01 1.1594320557e-01 1.2259209276e-01 -6.6937901290e-03 1.0959145785e-01 1.1136824751e-01
