1.4139823491e-02 2.1758878966e-02 -2.4225291980e-02 -8.4630910846e-03 -2.4002802467e-04 1.7175735427e-02 5.2784183707e-03 6.0589868447e-03 9.3176767717e-03 8.1925839013e-03 -1.9378660664e-02 1.6111455034e-02 -1.3674895714e-02 1.3037534225e-02 4.1116199654e-03 1.6803676490e-02 -1.5190627929e-02 9.8041084557e-03 3.6094285060e-02
2.6031537461e-01 -1.6935607600e-01 -1.6719403398e-01 -2.1142493506e-01 1.3923188383e-02 -2.3944009995e-01 3.0157654364e-01 1.6700291174e-01 3.0039512661e-01 2.7765199179e-01 2.7266443998e-01 2.8757627945e-01 2.7699182751e-01 4.6594487745e-03 1.9726375107e-02 2.8686186823e-01 -1.8077251013e-01 -1.6471932478e-01 -3.0892739802e-02
1.0887127404e-01 -3.2760230187e-02 -2.0690154952e-03 -5.5123840720e-02 1.5600317026e-02 -7.2465431699e-02 1.2155136634e-01 9.5120230976e-02 1.2703868112e-01 1.0808980795e-01 1.2168160330e-01 7.0808167438e-02 1.1383204462e-01 -8.1815354096e-04 -1.1179077524e-02 8.5420611151e-02 -3.2446215847e-02 -1.5316948968e-02 -3.5026094544e-02
-1.9629540320e-02 -2.1985154720e-03 1.6991828076e-02 -4.9412920994e-03 8.5308990148e-03 -7.4081029084e-03 7.2296857323e-03 3.4064252204e-03 -3.6815581355e-03 1.6213971340e-02 -1.7206489385e-02 -1.6377379943e-02 1.5416999020e-02 9.6198369104e-03 -7.6707797727e-04 4.8122835742e-03 -6.6131250231e-04 2.2425080153e-02 4.5874204762e-03
-6.6742964192e-03 2.4256803350e-02 -1.0279202215e-02 1.7872210194e-02 5.9664654741e-03 2.4311131117e-02 1.1687524174e-02 -1.9137924354e-02 3.3820448231e-03 -2.2094191186e-04 -1.2017803493e-02 -5.7289244855e-03 -3.0877337144e-03 1.4423047477e-02 -1.7905402358e-04 7.4277816180e-03 -1.1047830322e-02 -1.6287770843e-02 -5.1317158984e-03
-1.5860215666e-01 1.3976364904e-01 1.4901436245e-01 1.3558798908e-01 3.5106615365e-03 1.6558634727e-01 -1.4259115471e-01 -7.1650123782e-02 -1.5073775955e-01 -1.5127020023e-01 -1.3734664032e-01 -1.5808935096e-01 -1.3358936174e-01 -1.0761813701e-02 -4.0004373897e-02 -1.5067694917e-01 1.2790029959e-01 1.2584275792e-01 -1.1511844978e-02
-1.1896114267e-02 2.0396045335e-02 -6.9590444954e-03 1.1883225699e-02 -1.9003532736e-02 9.0089872567e-03 5.6661075942e-03 -7.3952590297e-03 -3.3219277811e-02 9.8520896682e-03 -1.0757443353e-02 2.6215602516e-03 -1.9282105023e-03 2.0174203096e-02 1.8797141318e-02 2.5653301944e-02 1.0254414925e-02 4.9805238291e-05 1.3726136310e-02
1.3697961808e-01 -4.6766977646e-02 -4.7514916940e-02 -8.3314152237e-02 1.1952093855e-02 -1.3394754549e-01 1.4253020747e-01 8.8112274495e-02 1.3812666024e-01 1.4602401120e-01 1.9569600607e-01 1.1132043715e-01 1.2937926726e-01 5.5835675136e-03 -1.2000967858e-02 1.5076343202e-01 -5.9059186524e-02 -5.5706796035e-02 3.1933402771e-03
8.7101377525e-02 -4.6566595490e-02 -3.7073020913e-02 -6.6433383560e-02 -8.4068471769e-03 -6.2979612699e-02 1.2876706268e-01 7.3499395933e-02 1.1431800501e-01 1.0921461277e-01 1.0557464619e-01 4.8354680347e-02 1.2495102253e-01 -7.3947065203e-03 -2.2194279877e-02 1.3906887959e-01 -6.5971358089e-02 -2.6747257924e-02 -8.9258220732e-04
2.8825047173e-03 -2.6925872597e-02 9.9509310022e-04 -9.8330088548e-03 -1.0686757983e-02 -2.9411452218e-02 -1.4549248288e-02 -5.2063467479e-03 -9.7498671991e-03 -2.1380688990e-02 1.4328557201e-02 -3.4993264088e-04 -1.3698114013e-02 -3.8692523967e-04 1.2425658948e-02 -2.8758401958e-02 -8.6631223898e-03 1.1713974917e-02 -4.4883519275e-03
3.0594844894e-01 -1.8945438628e-01 -2.0078232282e-01 -2.4342032325e-01 1.4608939402e-02 -2.2055958920e-01 3.1656817947e-01 1.7769229331e-01 3.3975421141e-01 3.3202964988e-01 3.1620993561e-01 3.2518820856e-01 3.0385561883e-01 -4.8828936180e-03 -8.6543521107e-03 3.3491637099e-01 -1.9763512227e-01 -1.7943331925e-01 -1.7120849842e-02
-4.6889771847e-05 -2.2089781527e-02 -7.1561798753e-03 -1.0876825664e-02 -6.0241115279e-03 -9.9402563129e-03 -3.0851975575e-02 1.8549829509e-02 -6.8707903498e-03 -1.2366774001e-02 -9.7906298674e-03 2.1702233150e-03 1.3896285008e-03 8.6755684121e-03 5.2566235744e-03 1.2595424879e-02 3.0405997261e-03 1.0271111718e-02 -8.1134348952e-03
8.7978632229e-02 -2.6819147081e-02 -1.3139560267e-02 -3.7878195194e-02 -1.1006404919e-02 -4.0558228060e-02 7.5925682843e-02 4.5780977765e-02 6.8885392490e-02 7.8325333290e-02 7.3145460627e-02 7.3102525815e-02 1.1297031445e-01 -7.3998593615e-03 2.6013028925e-02 8.7966037939e-02 -2.2886070027e-02 6.8115702890e-03 -4.2945998479e-03
2.3906184611e-03 -1.6246061935e-02 2.1980560954e-02 -4.1668767304e-03 1.5094576782e-02 -1.5383135196e-02 -6.4508948572e-03 1.2764138854e-02 -2.7292498374e-04 1.3791561927e-02 1.2673115757e-02 5.6975721579e-03 -3.1878421697e-03 5.9342901984e-03 -8.9741746148e-03 4.2286535052e-03 -1.7301692510e-02 1.1388005230e-02 -1.5608990147e-02
6.1485159903e-02 1.1817167616e-03 2.9164177351e-04 -4.7973446604e-02 -4.3520194840e-03 -5.6653588066e-02 5.0754136840e-02 3.0135372122e-02 7.9184797277e-02 8.8461661354e-02 6.4033243864e-02 5.3291191168e-02 7.8855285841e-02 -5.3201971811e-03 2.3358527753e-02 8.9989552682e-02 -1.0703281674e-02 -3.2773430945e-02 2.2517120997e-03
1.3558874439e-01 -3.6188731261e-02 -3.6215303113e-02 -1.0065382537e-01 -4.1575532380e-03 -1.0386918340e-01 1.4661285043e-01 7.8466263114e-02 1.4634310436e-01 1.3721537856e-01 1.4830848397e-01 1.1840894406e-01 1.3932287806e-01 -2.8059460117e-02 1.1705369810e-02 1.4725808338e-01 -1.9584859948e-02 -6.7242337205e-02 -9.6244967911e-03
1.2612578256e-01 -4.6981787017e-02 -1.6317832714e-02 -7.0185543021e-02 -2.3963998232e-02 -1.0127352697e-01 1.4357648038e-01 8.0439775819e-02 1.1742435969e-01 1.2220532765e-01 1.3964604809e-01 1.0987384329e-01 1.2433988233e-01 5.5155859178e-03 -1.5315010790e-03 1.2894043626e-01 -4.5419158209e-02 -4.2788593628e-02 -3.2075476801e-04
1.1248194560e-02 -1.1152833121e-02 5.7471998043e-03 2.9052016418e-03 2.9602547760e-02 6.0967339276e-03 6.9595470469e-03 5.3724503038e-03 6.0967887365e-03 1.2948559336e-02 3.1319723608e-02 1.1768432433e-02 2.3551525461e-02 6.3617765865e-03 9.1797423698e-03 2.3686679155e-03 -4.9496471125e-05 1.8535524294e-02 1.0613607055e-02
-1.1913357514e-02 -1.6537352429e-02 -1.1817708889e-02 -3.2515476021e-03 8.0791609314e-03 1.1755389414e-03 2.2403977464e-02 6.6458572113e-03 -9.1346172833e-03 1.8488534297e-03 6.7549426689e-03 1.2134197608e-02 -1.7135466533e-02 2.2823950302e-02 1.1198299980e-02 1.3446504309e-03 -1.0089194740e-02 9.7615665377e-03 5.2727174966e-03
