-2.0169296888e-02 -3.2737795802e-03 1.9258629095e-02 1.7501004775e-02 -1.3350289595e-03 -1.3758859312e-03 -1.5153737627e-02 3.3241845492e-02 -1.4339107603e-02 -4.1952039185e-03 -3.3008774218e-03 -1.5136435810e-02 7.1770012131e-04 6.8728903444e-03 2.0876005133e-02 -7.6204547400e-03 1.4052187547e-02 -1.4785354096e-02 1.4209554235e-02
3.2810119157e-01 3.0542338653e-01 -5.8387481912e-03 -1.1412190725e-02 -3.1566960998e-01 3.4124850650e-01 -2.6736655389e-02 3.2538470221e-01 3.3072012576e-01 -3.1166253846e-01 7.5672620726e-03 -2.9726370629e-01 -2.8340784414e-01 -3.2417181421e-01 5.4521768958e-03 -2.8902744812e-01 -2.6961164480e-03 -3.1120136393e-01 -3.1867928272e-01
-1.2465654267e-02 4.5577688575e-04 1.8660535903e-02 6.4542568031e-03 1.7093747767e-02 1.6210466832e-03 3.5136422611e-03 -6.2878864075e-04 2.5559617913e-02 -8.9169031191e-04 8.1646399580e-03 2.1383992406e-03 -1.1743019878e-02 -9.1494310349e-03 2.9363640367e-02 -8.5767262445e-04 -1.3044645003e-02 1.9801182327e-02 -3.7451947724e-03
-9.6285604689e-02 -1.1800893126e-01 -7.3747998696e-03 8.2710783286e-03 1.4271551054e-01 -9.1964798617e-02 1.1297591309e-02 -8.9638728150e-02 -7.0674652043e-02 1.4377391907e-01 -2.6251724731e-03 1.9039121413e-01 1.6661276071e-01 1.5239884458e-01 -1.3664008870e-02 1.5564462528e-01 -3.1128031093e-03 1.4068418903e-01 1.4076177964e-01
5.8174928611e-02 5.3495172385e-02 -4.6290729425e-03 -2.0221090851e-02 -4.9063755285e-02 4.2773886479e-02 -1.4133458243e-02 6.0602242699e-02 7.8345372854e-02 -2.0815742640e-02 -6.1722803478e-03 6.7437771301e-02 1.2630885060e-02 5.5481441304e-03 -1.6541667959e-02 -4.5736262122e-02 6.3631417453e-03 -5.9629754713e-02 -2.7520414083e-02
-1.7498013126e-02 -3.3185428212e-02 8.4158583092e-03 -1.9020322709e-02 3.3287306749e-02 -1.5736156644e-02 -4.0537653515e-03 2.5591531637e-02 3.1279561665e-02 4.2109850765e-02 -4.2103758772e-02 1.2843497751e-01 8.5967197086e-02 4.0141973065e-02 5.7090788510e-03 4.3385513974e-02 -5.3855903153e-03 5.1529551567e-02 7.7368215089e-02
4.4803283893e-02 1.7606485391e-02 1.8206933495e-02 -5.0562673964e-03 1.3634951913e-02 4.7143159487e-02 -2.4303561449e-04 6.9920080582e-02 7.0320434412e-02 -2.5863352076e-02 -2.1160981355e-02 7.0677981120e-02 2.9615899915e-02 -2.7412808811e-02 2.1154702023e-02 7.2100186408e-03 -1.8030583426e-02 -1.3881407588e-03 5.0359650184e-03
-3.9711591801e-03 1.8447965413e-02 -1.0113142617e-02 -8.9370757252e-03 2.2860635501e-02 -2.3504486441e-03 -4.6520834194e-02 8.7755654368e-03 -5.4114549260e-03 -8.6687916053e-03 -4.8008911412e-03 -8.9864380386e-03 1.5651587760e-02 -1.3376241520e-04 8.7952000508e-03 6.5844047668e-03 -6.3339146543e-03 7.9448135529e-03 -5.4423409091e-03
-1.9291869502e-01 -2.2468367332e-01 -2.5662738603e-02 -1.8345778882e-03 3.0314457336e-01 -2.4997175819e-01 -9.5859976727e-03 -1.4521849325e-01 -1.7300885166e-01 2.9469311263e-01 2.4422789086e-03 4.6066155747e-01 3.8413777510e-01 3.1003268241e-01 1.5503577825e-03 3.1773010967e-01 -2.4417240429e-02 3.1518538972e-01 3.4107223541e-01
-5.2321278848e-03 -1.9427112678e-02 -9.5615849677e-03 1.9957164315e-02 4.2067550556e-02 6.3204630467e-03 -7.9854660522e-03 1.4391053279e-02 1.5153666472e-02 6.2581235378e-02 -2.5203934712e-02 9.9080638986e-02 8.7582638595e-02 4.5900104250e-02 -1.2337984571e-02 5.9708790869e-02 -3.1317721207e-02 5.4269221959e-02 5.8095282097e-02
4.6008224774e-03 3.1868007380e-02 3.1465647927e-03 -2.0552295370e-02 1.2012307391e-02 -1.4527851099e-04 9.3944891212e-04 -2.4803639938e-03 -8.2470398943e-03 -1.2474585410e-02 1.5356230582e-02 -3.6252624726e-02 2.2460334962e-03 -1.5900809103e-03 8.0565912192e-03 -1.2150948805e-02 2.2643715755e-03 -1.6563463599e-02 1.0655357116e-02
2.2795182318e-04 1.8355646438e-02 7.5159420440e-03 1.8677714677e-02 -2.1350447276e-02 -2.1886176534e-02 3.7942206713e-03 1.3549768341e-02 1.1542325598e-02 -1.8373917432e-03 1.0910496840e-02 1.6468159804e-02 1.5344548140e-02 1.6050041795e-03 -6.5825715533e-03 -3.6864274754e-03 -3.8786749280e-02 7.5342825459e-03 7.9435717293e-03
1.1475089978e-02 -3.6391138006e-02 1.0105391604e-02 1.0705854206e-02 9.2185638918e-03 -1.1141705566e-02 -8.3907966978e-03 -3.4027054209e-03 -3.6972929120e-03 -8.0653062934e-03 4.6975934290e-03 -5.4789873170e-03 -1.7389916499e-02 1.5107359817e-03 -1.1905781246e-02 -7.6853624767e-03 -5.2904749495e-03 -3.1862059309e-03 -1.4986373216e-03
-3.7238466071e-03 -1.9375930208e-02 -6.3203921280e-03 1.7866269000e-02 4.4875845933e-02 3.1060267750e-02 1.5617289941e-02 -3.4476689596e-02 1.6598925933e-02 3.8785317221e-02 -2.8545625441e-02 1.0443561587e-01 9.2774858494e-02 5.2848004768e-02 -2.9024694635e-03 9.1440387621e-02 1.4817914579e-03 7.0570999627e-02 5.0179058360e-02
-7.9284298249e-03 -4.0569165177e-02 3.3385663965e-03 -1.3210713609e-02 6.4706303999e-02 -4.8996248012e-02 3.0369738517e-03 -2.1558769155e-02 2.2138971330e-03 9.2319434243e-02 -1.9607225557e-02 1.2142101538e-01 1.0000564458e-01 5.4987405191e-02 2.0856463985e-02 1.0873961114e-01 2.3126339347e-03 8.5849035127e-02 9.3241761894e-02
3.8594698296e-02 1.7339356562e-02 2.4129760766e-02 1.1190962480e-03 -1.4622447585e-02 1.2284342129e-02 7.9338283773e-03 9.8293258309e-03 1.7700333760e-03 1.9888578363e-02 -2.0891381463e-02 -3.0894488233e-03 -1.9474072233e-02 1.3634068542e-02 -1.2296221935e-02 8.7842370565e-04 -4.4045651459e-03 -9.2659598811e-03 -1.9366692199e-02
-2.8935267006e-01 -3.1300073921e-01 5.2590187695e-04 -2.5787557942e-03 3.5324083790e-01 -3.2669054426e-01 -5.0472999108e-03 -2.5710469055e-01 -2.7857441820e-01 3.5770987814e-01 -3.4317525255e-02 3.9144106318e-01 3.9360749837e-01 3.6837252566e-01 -1.1958798432e-02 3.5002920932e-01 2.7807249623e-02 3.5392385646e-01 3.9594882557e-01
1.7418945230e-02 -7.9903781356e-03 -4.1077072515e-03 -2.2592298328e-02 3.0714819693e-02 1.3475286316e-02 -2.2083086660e-03 -9.7326448729e-03 3.4200921100e-02 2.2083649783e-02 -2.4764339591e-02 1.0299866510e-01 8.1776810232e-02 3.5812494774e-02 -1.0028908293e-02 6.0480127779e-02 -1.5156327540e-02 3.2164115521e-02 6.8697552791e-02
1.9836589950e-01 1.9153642527e-01 -1.7745828871e-02 2.8680612680e-02 -1.6981192413e-01 2.0939700069e-01 1.7083982428e-02 1.8982748202e-01 2.4290783204e-01 -2.0298336589e-01 -3.0421072561e-02 -1.2740432895e-01 -1.5665029395e-01 -2.1893128726e-01 2.4470936729e-02 -1.8873625176e-01 -4.6164580967e-03 -1.7796410052e-01 -1.5691500694e-01
