1.1800052869e-02 -1.0124554845e-02 4.3411844952e-02 4.8644855909e-02 -9.6735274866e-03 3.4462885252e-03 7.0533000376e-02 -2.6087561679e-02 -2.5342956300e-02 -3.3217576875e-02 -8.9419812279e-03 6.0503203071e-02 -7.7172008989e-03 1.3917022681e-02 1.3856957752e-02 1.3392859444e-01 1.6311914843e-02 2.0560001810e-02 -5.2494487085e-02
7.5324274534e-05 -1.3788202533e-02 -6.8504031571e-03 -1.3758098516e-02 -1.2974882084e-02 -1.9796921472e-03 -8.3634759756e-03 3.3703585893e-02 6.3584448645e-03 1.5749104467e-02 9.4536097861e-03 -2.1769357702e-02 -3.9578672193e-02 1.5557784109e-02 -7.9293359630e-03 -8.1802777656e-03 -2.1122383315e-02 1.3861535138e-02 6.0947143930e-03
2.5867246018e-02 2.6439475287e-02 -9.7676601597e-03 1.0957543554e-02 -3.0900503640e-02 -1.8334615668e-03 -2.2149002413e-02 -6.6917562400e-03 2.7614870305e-02 6.8841752634e-04 -1.3415923767e-02 -2.3715045346e-03 6.4383309684e-03 5.3707983849e-03 7.8315185787e-04 2.6398085839e-04 -1.7232988053e-02 -2.5681274677e-02 1.7905598086e-04
7.1406442598e-03 -4.8602279328e-03 8.7261753853e-02 5.5351212952e-02 -1.0063268256e-02 -2.0070287028e-02 8.2740788554e-02 -1.0637344162e-02 -8.2798953850e-02 -5.6708559083e-02 4.5625718848e-03 8.0559819963e-02 -5.3526715286e-02 -1.5007556322e-02 1.7992284230e-02 1.3749612197e-01 -2.6629994781e-02 -9.8297736940e-03 -6.4117968003e-02
-1.4882883465e-03 1.2517985667e-02 -3.4080325713e-02 -7.7103154566e-02 1.2156013554e-02 3.2442095359e-03 -2.9501166892e-02 9.8348120805e-02 8.0399130525e-02 9.9550283615e-02 4.1813577877e-03 -4.4800198565e-02 8.6437417617e-02 8.3419294713e-02 5.2015970679e-03 4.4946761902e-02 1.1223283580e-03 6.6609533380e-03 6.2096925742e-02
1.6135612903e-02 4.2060221001e-03 2.7297678281e-02 -1.1324199090e-02 -1.4580823086e-02 -2.4581188741e-02 -1.9036158299e-02 -2.6084808328e-03 6.2732529877e-03 -8.5161915774e-03 -1.0535652702e-03 1.8020617550e-03 -7.9174671624e-03 6.9429078707e-03 6.1829847152e-03 1.5533037671e-02 -1.2705955095e-02 -1.2448704560e-02 1.8817816813e-03
-3.7717300106e-02 -1.2650859885e-02 -3.2344889171e-02 -4.9801716627e-02 -2.7780701209e-02 1.1830901923e-02 -4.5844686803e-02 1.0729320451e-01 8.8748351994e-02 6.8347478000e-02 1.5689933609e-02 -3.0896357183e-02 9.3013263743e-02 8.7828178562e-02 1.1828412058e-02 5.3588511737e-02 -7.0468725744e-03 -2.0744921996e-02 7.8127937513e-02
1.5483051639e-02 1.1936266239e-02 -1.7309487941e-02 -7.8006175756e-03 -5.0472752308e-03 3.2649262272e-03 -6.5474524174e-03 1.6043610677e-02 -6.2525246657e-03 -3.2662854797e-02 -7.0705330737e-03 -1.0138812761e-03 9.3531001916e-03 -1.6483603680e-03 -1.0974431792e-03 1.0488474680e-02 -1.2360302346e-04 1.2674532773e-02 5.6901645614e-03
1.9044869447e-02 -1.8570310134e-02 2.4468700306e-01 2.5402456750e-01 1.3880492866e-02 -1.1680212094e-02 2.3305065271e-01 -1.9918085821e-01 -2.1929977043e-01 -2.2891628264e-01 -2.5770556233e-03 2.1576813112e-01 -2.2304120397e-01 -1.8352561070e-01 1.8781410473e-02 2.3744409172e-01 -2.2693671541e-03 6.2521470739e-03 -2.0107216890e-01
-5.9101142757e-03 8.9797907383e-03 1.1664812854e-02 9.4295317611e-04 2.2795310898e-03 1.2483327913e-02 -2.3078525021e-02 1.7796687800e-02 -2.3577905010e-03 -1.4664974838e-03 -8.7521986757e-03 1.7920142609e-02 5.0868789472e-03 -6.0653246617e-03 -3.0883169340e-02 -4.5105250558e-03 -1.9467636339e-02 1.6905831799e-02 5.0974232171e-03
-8.7363996403e-03 -1.5060979363e-02 3.5524379089e-02 1.1925235128e-02 -2.9080093151e-02 -1.0931064119e-02 3.0254582967e-02 1.5464155914e-02 -2.6486137083e-03 -1.5648260840e-02 -4.0744694911e-03 3.2731414959e-02 2.4870944871e-03 2.7876657833e-02 -9.3555904925e-03 9.2714829397e-02 -8.2994015300e-03 3.5738258284e-03 7.4969495943e-04
6.0883621163e-03 -1.1412667801e-03 -1.0982836108e-01 -1.9374359789e-01 2.2019366532e-03 -3.1740343401e-02 -9.9928015306e-02 2.0555372360e-01 1.7328597106e-01 1.8986273929e-01 -2.1709898987e-02 -1.2487736731e-01 2.2761339022e-01 1.7702883538e-01 -4.6442688199e-02 -1.2012039153e-02 -1.7492324070e-02 -1.2462850321e-02 2.0643171712e-01
-1.4041091645e-02 -5.6196882727e-03 -1.2640003530e-01 -1.8526737869e-01 4.8994372660e-03 2.1222219281e-03 -1.1810561579e-01 1.9096656534e-01 2.0083801858e-01 1.8527700432e-01 -1.5517585443e-02 -1.2886593106e-01 1.8533552835e-01 1.8935070786e-01 3.0861464135e-02 -3.1225552056e-02 -2.1163057254e-03 -1.7622091469e-02 1.6256844262e-01
-7.9700806167e-03 8.6188293140e-04 4.3556742965e-02 3.1749242662e-02 9.5208519377e-03 4.9784162049e-03 3.7245247935e-02 1.6705456903e-02 -4.3698517963e-02 -3.9774234525e-02 7.1487848766e-03 1.5496124153e-02 8.7925255869e-04 -6.1292153346e-03 1.3942056751e-02 1.2191057388e-01 -2.6481871290e-02 4.4656965086e-03 -2.6836456392e-02
-8.0208046991e-03 -5.9394507987e-03 -1.4806508648e-02 2.1129815190e-02 -2.3926947247e-02 -9.0599374360e-03 -2.6516168463e-03 5.4581299379e-03 -1.4266431834e-02 -1.7901765870e-02 7.8428521854e-03 1.2020834504e-02 7.2007644628e-03 3.0046948165e-02 5.9949693485e-04 -5.2250717705e-03 -1.4594512311e-02 5.7498646531e-03 -2.3197918447e-02
-3.2197910840e-03 4.0437535901e-03 -2.5696874885e-03 -2.8106323580e-03 -7.6593106450e-04 -2.0019264622e-02 -2.6828457645e-03 -2.3247487054e-02 5.0982480082e-03 -4.1564529772e-03 -2.2645460645e-02 1.3013745054e-02 -7.5425536020e-04 -1.1615499220e-02 -2.1566719653e-02 2.4659019835e-02 3.0497000336e-02 5.9815442031e-03 8.9848789551e-03
-1.6626113726e-02 3.9566161094e-03 1.5425123197e-01 1.7851149852e-01 2.4115778794e-02 -6.8271206908e-03 1.4062442024e-01 -1.4615748137e-01 -1.5474911334e-01 -1.5974856588e-01 -1.0816265739e-02 1.4914752282e-01 -1.4715349732e-01 -1.0893927298e-01 1.6339810537e-02 1.7669536474e-01 -1.6274094108e-02 -1.2843821196e-02 -1.5724617690e-01
-2.1498004714e-02 1.3358558677e-02 -3.9963685446e-03 -2.3867068671e-03 -2.2881463020e-02 1.6682449742e-02 -2.5234993026e-02 5.8638071720e-03 3.1943345392e-02 -4.4680022095e-03 -2.3650867358e-02 -1.0111136565e-02 -2.2680602202e-02 -1.5356432350e-02 -2.9789610981e-03 7.7826734832e-03 1.5113888416e-02 -3.6347368700e-03 -3.1282851451e-03
1.8554397050e-02 3.1794072158e-04 -7.3277389549e-02 -1.0458346864e-01 -1.2654672486e-02 2.0138693438e-02 -9.1143198222e-02 1.4004906459e-01 1.2961145460e-01 1.4088886994e-01 -1.6757524575e-02 -1.0592793599e-01 1.3999770978e-01 1.5061025127e-01 -1.8678720214e-02 -1.7523882410e-02 1.0393055630e-03 1.7473955955e-03 1.4476858324e-01
