-2.3302602940e-03 1.1012502264e-02 1.7828300831e-03 2.0993372375e-02 -3.6256156715e-03 1.2075319682e-02 -9.3423864228e-04 -2.7000012420e-02 -2.7835711901e-03 2.3341453414e-04 3.1702164594e-03 2.8351471936e-03 -1.6792352329e-02 1.9481027302e-02 -5.0114518088e-03 5.6105679949e-03 -5.7011606527e-03 3.2595722709e-02 5.9826814160e-04
-5.6573484989e-03 -8.6404218437e-02 -5.6318740229e-03 1.3544472472e-01 8.0509569557e-03 -7.8847406318e-04 -6.9468350306e-02 1.0776471744e-01 -1.0705357787e-01 -1.5284829256e-01 -1.1897772727e-01 -8.5781542748e-02 4.1164342490e-03 -1.5248513473e-01 1.5151832740e-01 -1.7483034776e-02 1.8284424143e-01 -1.8368756257e-02 1.6978557707e-02
-1.3302588156e-03 -6.5645325820e-03 -6.6802522140e-03 -2.7914748381e-02 9.4434502798e-03 7.0613927506e-03 -1.7162145078e-03 -2.9403610723e-02 -8.9227095255e-03 5.4724635380e-03 -1.1199664282e-02 -2.5040288444e-03 -1.8501922606e-02 -2.9263491439e-02 8.6591380966e-03 8.7691766791e-03 -8.9229579993e-03 2.6954700667e-03 -7.7113074511e-04
-5.3126214112e-03 1.6074363392e-02 5.9903620770e-03 3.4557693459e-02 6.9585251821e-03 -4.7280135725e-03 1.5225966285e-02 1.8884527841e-02 -5.2530549429e-03 -1.1694841928e-02 3.4687328381e-03 1.6423335766e-02 7.4874640990e-03 -2.0258612521e-02 -4.5952126112e-03 -1.6067992952e-03 1.6189130952e-02 -1.7678150439e-02 -1.4225071648e-03
-8.7000239173e-03 9.4922930144e-02 -1.5799244672e-03 1.6264496669e-01 2.1541511453e-02 -2.4512752977e-02 1.0454105879e-01 2.2842131147e-02 1.0619442905e-01 1.0377725861e-01 1.0922337159e-01 1.0002650456e-01 -9.2171969513e-03 1.1722921141e-01 5.5002600660e-02 1.8104430402e-02 4.2493174907e-02 -4.4889951453e-02 -3.7153565953e-02
-9.4256682760e-03 1.5033657786e-01 -3.7083611414e-03 9.4170237711e-02 1.5956800190e-02 -1.6189904011e-02 1.2453900819e-01 -1.1213394115e-01 1.2739845930e-01 1.2451065659e-01 1.7852570040e-01 1.3817971059e-01 -1.8692749522e-03 1.4444387616e-01 -8.3842295069e-02 2.7966501989e-03 -1.2333512179e-01 -8.1437598688e-05 -2.5581509955e-02
-4.6493530377e-03 9.2890052497e-02 5.5625000468e-03 1.4469862052e-01 -2.1312993365e-02 -2.7288936645e-02 1.1698334913e-01 5.5851053871e-02 8.5581095673e-02 1.2101262322e-01 1.0420983754e-01 9.8241960448e-02 6.2538256784e-03 9.4575080745e-02 7.6174453723e-02 7.3718149197e-03 7.5520073682e-02 -3.2432136064e-02 -1.7847775806e-02
8.2583382134e-04 9.1490067716e-03 -1.4966231552e-02 -2.1721846926e-03 -4.2547257258e-03 -1.1558990010e-02 9.4510254318e-03 2.3045072947e-03 -2.9799403591e-02 -5.9826753721e-03 -1.3862070206e-02 -1.3032244967e-02 -1.5981614812e-02 -1.1458510059e-02 2.3675797432e-02 2.6037432474e-03 -4.6777189034e-03 -3.4952495767e-03 -2.9398370682e-03
-8.1129451727e-03 -2.7012853951e-02 1.4613011304e-04 -1.1287224919e-04 1.6887744889e-02 1.0908309164e-02 -1.5867958493e-02 -1.3004183515e-02 -2.2248325783e-02 -4.6191159907e-04 -9.3495931619e-03 -2.4585569650e-02 -1.5646198697e-02 -1.2516547015e-02 -3.7415033164e-03 1.2273721949e-03 1.3136226800e-02 2.8704916259e-02 -5.0911644034e-03
5.0319522653e-04 -7.8883808044e-02 1.1478331217e-03 1.4259296021e-01 -8.1636679329e-03 -5.4050538561e-03 -1.0800472104e-01 1.3246301910e-01 -1.3953960917e-01 -1.4768537168e-01 -9.6602788707e-02 -3.7302476525e-02 6.9093219652e-03 -1.0989987453e-01 1.5078408198e-01 1.2886867439e-03 1.7791851435e-01 -4.9592495254e-02 -8.2932114148e-03
8.6807913704e-03 -8.5733176496e-02 -1.6983081681e-04 1.0182713226e-01 1.6418115659e-02 -2.4874568685e-02 -9.3006712089e-02 7.7326515295e-02 -1.3749322413e-01 -1.7421398178e-01 -9.6575282221e-02 -6.7837345873e-02 7.4009745591e-03 -1.3697851398e-01 1.4269876238e-01 -1.9681345267e-02 1.4934417119e-01 1.7058871571e-02 5.7547298962e-03
-9.2876858158e-03 8.6591160295e-02 1.4855889744e-02 1.3618468029e-01 -2.5429804493e-02 -3.7934617211e-03 9.5461204938e-02 3.6449573298e-02 8.0551538927e-02 8.5692858727e-02 7.6914795493e-02 6.3853478555e-02 2.7221333971e-02 9.2927114260e-02 9.2372250506e-02 -5.3275014287e-05 4.4229296144e-02 -3.5350972623e-02 7.2793161223e-03
-1.4342281590e-02 -4.1176427497e-03 2.0572286438e-02 1.5776089696e-02 -1.7818124778e-02 1.4953760649e-02 -9.9024666705e-03 1.7455838059e-02 -1.6904998643e-02 -1.5309360438e-02 2.2968703730e-02 3.5032610116e-03 -1.3905632328e-02 5.3251703783e-03 1.8838186918e-02 2.1185570179e-02 2.7235746993e-03 1.3291314472e-02 1.1849590188e-02
-2.1717051566e-02 9.7803772051e-03 4.9434903556e-03 1.6670158954e-02 -8.3532481031e-03 1.7708018292e-02 4.8005313779e-03 1.5146971950e-02 1.0073761254e-03 -1.7878420482e-03 6.7454340481e-03 7.2449304018e-03 1.8737560509e-03 -2.4409528224e-03 3.2516378755e-03 1.0878820744e-02 2.0289934823e-02 -5.5079228918e-03 1.3204079563e-02
-2.9233129135e-02 1.4127318226e-01 -6.4337981440e-03 1.3474656621e-01 -2.8674447253e-02 1.3639274459e-02 1.2973750311e-01 -7.8263013558e-02 1.4833302246e-01 1.0140537627e-01 1.0354510286e-01 1.3102418808e-01 2.2808429722e-03 1.4396244189e-01 -4.7963538552e-02 -8.7748032802e-03 -7.7829802722e-02 -1.1936312564e-02 -3.5802284131e-03
-1.8908754168e-02 1.3461647526e-01 -2.0096392892e-02 1.4191138763e-01 -1.4902304539e-02 -4.8574751551e-03 1.5168527509e-01 -3.0095479354e-02 1.3672647065e-01 1.1618923625e-01 1.2260244595e-01 1.3609748478e-01 -1.6559576242e-02 1.3027694780e-01 -2.2631948753e-02 2.1214555903e-02 -4.0021170161e-02 -4.0072955839e-02 -2.3885746029e-03
-6.5302884380e-04 1.4775813423e-01 -5.7232110861e-03 1.0811518128e-01 -1.5276628769e-02 -8.0474799543e-03 1.3062442756e-01 -8.2078126777e-02 1.2427070412e-01 1.7720158175e-01 1.6874537435e-01 1.4500234014e-01 -9.6639338533e-03 1.4691076703e-01 -1.2591781788e-01 -3.4596361745e-02 -1.4086094835e-01 -2.7088051493e-03 -6.4120172192e-03
-2.7659194582e-02 -3.0509839080e-02 1.2594122001e-02 1.3634928119e-01 4.5730026142e-03 1.0548488638e-02 -4.3791665491e-02 9.5132895412e-02 -5.0837204055e-02 -1.1410114861e-01 -4.7369577888e-02 -3.8843777434e-02 -7.7224180637e-03 -6.5144732812e-02 1.3472019862e-01 1.3410298696e-02 1.5525944111e-01 -3.3315740732e-02 -4.8328464549e-03
1.3866259606e-03 -5.7954701618e-02 4.9858895089e-03 1.2521558381e-01 2.4047197693e-03 -2.5890775111e-02 -7.4479516230e-02 8.0141243143e-02 -1.0703447769e-01 -1.5965989893e-01 -9.8527068239e-02 -9.2952149259e-02 2.2222586804e-02 -1.2792470051e-01 1.3618255748e-01 -2.5043391943e-02 1.5178584182e-01 -5.7877353693e-02 -1.2209310641e-02
