-6.6243636264e-02 1.7508572968e-01 -7.1121551199e-02 -9.6718828353e-02 -2.2503829236e-02 1.9107607413e-01 1.8091282582e-01 1.3822870774e-02 -7.1966320048e-02 1.6727517055e-01 -1.4674183797e-02 1.6204476869e-01 1.6515054973e-01 -1.6032221005e-02 -1.2133841728e-02 1.7221614964e-01 -4.4485724375e-02 1.8588576480e-01 1.5424498403e-01
6.9613788588e-02 2.0160874737e-02 4.6278509264e-02 5.5482530498e-02 -1.7467908325e-02 1.6203852872e-02 -6.4318652281e-02 4.4861196928e-03 6.9785423926e-02 -5.0930188758e-02 -2.7522789544e-02 -3.6604676483e-02 -4.4676856901e-02 1.1002904100e-02 -1.4379454421e-02 -4.1798568520e-02 1.1264531045e-02 -4.6345986875e-02 -6.4339236010e-02
-9.3247522414e-03 -1.0158307525e-02 -2.2981337472e-02 1.2520414240e-02 2.8371322919e-03 9.4093529596e-04 -9.0388015870e-03 -7.3112575337e-03 -3.6260428957e-03 -3.6050913238e-03 2.1342121568e-02 9.6979184794e-03 -1.9481447376e-02 9.7962695984e-03 -1.7790934234e-02 1.1420933808e-02 -2.0375266107e-02 8.2752977860e-03 -9.4724890046e-03
1.1626612309e-02 7.6427850726e-03 5.8265777198e-04 -2.3820125904e-02 2.2212665278e-02 -1.7628093580e-02 2.8440105054e-02 1.2697701077e-02 2.3382787876e-02 -3.3801980356e-03 3.3616117274e-03 2.7448127217e-03 2.3222192868e-03 2.5423428837e-02 1.0355740903e-02 9.5452366498e-03 3.2709120506e-03 -4.8403094344e-03 -3.4076286458e-03
5.0175854099e-03 1.1785388871e-01 -2.0211241320e-02 -1.5201987691e-02 -6.1600234384e-03 6.5626180059e-02 7.3990878305e-02 -5.6685050946e-03 -3.6134762593e-02 8.1784417685e-02 -3.7853954240e-03 9.6772446540e-02 9.9042292123e-02 -1.3714694667e-02 -1.0224278459e-02 9.6954013906e-02 -5.5729390771e-02 7.0169982620e-02 7.9561584186e-02
-2.7192131609e-02 1.2221612583e-01 -1.8620117266e-02 -5.5312934096e-02 -4.5304170770e-03 9.1851937747e-02 7.9130036618e-02 -5.6357293527e-03 -7.0147003467e-03 1.1540181421e-01 -1.0252222612e-02 9.9463163554e-02 8.7301463357e-02 -1.8514270291e-02 2.8678051211e-03 1.0030804974e-01 -3.9763397782e-02 1.0918408104e-01 8.2309611070e-02
1.0395274080e-02 -2.3562881913e-02 1.9106172180e-02 -5.2933303170e-03 1.6115840504e-02 2.7195872704e-03 9.6176601495e-03 9.7223625822e-03 -2.1523338109e-02 9.0974390280e-03 1.4490457705e-02 3.2081788740e-02 -8.0510257769e-03 -6.9930844535e-03 -1.3989859422e-02 -1.5918298913e-02 -2.2522237605e-02 -1.6287642112e-02 -2.0759635730e-02
1.1560073840e-03 1.2660669604e-02 -1.6783975645e-02 -5.3770816788e-03 -8.0856757601e-03 -1.9833345979e-02 -3.1489134482e-02 -1.2744335481e-02 2.9927751702e-03 -1.7161615710e-02 1.2254451130e-02 8.5244301055e-03 2.5488400916e-02 -5.0951186292e-03 -5.1270142136e-03 -1.2944679175e-03 -1.5658744797e-02 1.0277677826e-02 1.2769513124e-02
-4.2002931366e-02 1.4029087079e-01 -2.5983660754e-02 -5.4769724912e-02 1.2730888137e-02 1.1014056877e-01 6.6875349356e-02 -7.7245090093e-03 -3.5704328661e-02 1.0273368746e-01 -2.1447062823e-02 1.0034116536e-01 9.9177027823e-02 -1.5449089772e-02 2.8237320054e-02 9.5650467965e-02 -4.9715244874e-02 9.3612176708e-02 7.5590098656e-02
-1.0016311670e-01 1.9471712216e-01 -7.8459456066e-02 -1.2744737014e-01 7.1445961245e-03 1.8698116324e-01 1.9433511223e-01 -1.1750195895e-02 -1.3401697592e-01 2.0823552120e-01 -5.7206215508e-03 1.8476421867e-01 2.0056581819e-01 -3.4525807727e-02 8.3120268310e-03 2.0388353091e-01 -4.6820042666e-02 2.0626744039e-01 1.7846599340e-01
-5.5243522078e-03 1.3042920992e-01 -3.8592460064e-02 -7.1838197721e-02 -1.4349215224e-02 1.0357312786e-01 7.5673051162e-02 -1.1129960190e-02 -3.4148183365e-03 1.0444668443e-01 -1.5159341528e-02 8.4820453277e-02 8.9927401590e-02 -6.8738374947e-04 -5.2008489927e-03 8.3418669347e-02 -3.9063985798e-02 7.6636260813e-02 1.0201815330e-01
-5.4143796581e-02 1.7796465199e-01 -6.3296363417e-02 -5.6895723081e-02 -1.1714924475e-02 1.3238759941e-01 1.0837167896e-01 1.8684582401e-03 -6.6520172721e-02 1.6765797864e-01 -9.2302709436e-03 1.2525962590e-01 1.4781110439e-01 1.7242111482e-02 -2.1425368247e-02 1.3832044063e-01 -5.8175768970e-02 1.2741402328e-01 1.4639340208e-01
-2.6428248637e-02 1.4108275889e-01 -1.4245364801e-02 -3.3220206762e-02 1.4810096086e-02 7.8616176572e-02 8.1635185614e-02 2.6688674779e-04 -4.2735769689e-02 8.9207460449e-02 -2.4875230152e-02 8.9292984554e-02 1.1579390990e-01 -9.0918013139e-03 -2.2905287674e-02 7.7105705311e-02 -1.9486317691e-02 1.0020916687e-01 7.0118376014e-02
-1.4114562304e-02 -1.8643845043e-03 -1.0825101452e-02 -1.0062529448e-02 -6.1902629631e-04 1.0541542643e-02 -1.2157132194e-02 -6.6878250845e-03 5.9918104502e-03 2.2083012604e-02 1.7966887355e-02 -1.9942537248e-02 -2.2022244760e-03 1.6024114244e-02 2.2067179969e-02 3.3356046314e-02 4.3641010444e-04 -2.5626412923e-02 2.8416730341e-02
6.0751558965e-02 5.0702847120e-02 6.7184063475e-02 5.0867374352e-02 -1.6770898793e-03 -2.6192102451e-02 -4.8611917686e-02 -7.9678925784e-03 7.0813570805e-02 -4.6359081589e-02 6.5338649581e-03 -3.7269473931e-02 -2.4841146630e-02 -1.6026458004e-02 2.5766336326e-02 -3.8166895415e-02 2.8655254453e-02 -5.8168909496e-02 -5.6048265164e-02
5.9594002616e-03 -1.9034742989e-02 2.5931014676e-03 2.8250613356e-02 -4.3705674730e-02 1.8874631897e-02 8.7079532262e-03 -7.2402835531e-04 -1.0947170860e-02 -2.2298075401e-02 3.3309640780e-03 2.4051839838e-02 -2.1450157658e-03 -1.5998117108e-02 -1.9165773235e-02 6.6494233472e-03 -1.7702549953e-02 1.2231600217e-02 1.1456472737e-03
7.1471168762e-02 2.9795052058e-03 6.6534361660e-02 2.5812999268e-02 -2.3400066198e-02 -3.9157194996e-02 -5.6134673870e-02 -7.0241810782e-05 5.3504548888e-02 -3.0126128167e-02 -2.2272749891e-02 -5.8363963673e-02 -6.9368420143e-02 1.0338299978e-02 -7.7445666540e-03 -5.5749773311e-02 -5.6723899683e-03 -3.8703102099e-02 -9.5100811735e-02
-3.4193300345e-02 1.6726127823e-01 -3.7500590460e-02 -6.4054335641e-02 2.2631229676e-02 1.1495564140e-01 1.0834504721e-01 2.3021786995e-03 -4.1556844212e-02 1.2724080067e-01 -1.5728388008e-03 1.0373727953e-01 1.0652955027e-01 2.8066295451e-02 9.5894012738e-04 1.2608594094e-01 -3.3533553078e-02 9.0421067247e-02 1.1841489514e-01
-1.2955974483e-02 1.2281259371e-03 5.5657654527e-03 6.9916033505e-03 2.1620607392e-03 -6.0859061439e-03 -1.3754833540e-02 1.0731838709e-02 -3.6611057598e-03 -1.5603535729e-02 -2.8118022834e-03 -7.3673184942e-03 7.1889280345e-03 7.7067295892e-03 -4.8148233608e-03 -3.2042976393e-02 4.9172259282e-03 -1.5608814263e-02 -9.8736497393e-03
