8.9911722459e-03 1.3661574433e-01 -3.3269721776e-02 -5.7105110479e-04 6.0266067722e-02 -6.0630130874e-02 8.4284492587e-02 2.6923647606e-03 -3.3985213146e-03 1.2183248080e-01 1.1790261384e-01 6.9685270236e-02 9.9293835664e-03 -6.6097412075e-03 -6.9438045113e-02 -7.4328565939e-02 -3.7337085055e-02 1.6462701632e-01 1.2419565971e-01
6.5681619989e-04 1.3896504583e-01 -1.6305928732e-03 -9.1717086462e-03 1.4871679702e-02 -9.3424784276e-02 4.9326021941e-02 -2.4026274042e-02 -1.6646933949e-02 1.4824973314e-01 1.6083647784e-01 5.6631375867e-02 9.7558546682e-03 -3.1708074698e-03 -1.4034045985e-01 -1.5159144117e-01 -1.2190456808e-01 1.4344767987e-01 1.3532246172e-01
4.6670488016e-04 -3.3085256813e-02 -2.4406617360e-02 -1.8240281591e-02 1.4094570795e-01 1.4184075165e-01 1.3485771702e-01 1.4064998942e-03 6.6533261773e-03 -1.4545965567e-02 1.4644718742e-02 7.4008552784e-02 -2.1624749861e-02 2.7376609265e-03 1.2154375154e-01 1.2769843572e-01 1.2755550685e-01 -3.4004813030e-02 -3.8985877757e-02
6.8850997389e-03 -9.3206505384e-02 -1.0870976668e-02 -1.6573601520e-03 1.1170125854e-01 1.5569935346e-01 1.2521222843e-01 4.5007378799e-03 8.4290922809e-03 -1.0998483800e-01 -1.0455363983e-01 8.8212427340e-02 2.3224128003e-02 -2.2501231048e-02 1.4240072403e-01 1.4735411439e-01 1.6131598175e-01 -1.0956508777e-01 -9.3260867078e-02
9.0323995248e-03 1.3201592751e-01 -1.3324146648e-02 -1.6903037761e-02 3.9098670229e-02 -1.0295323972e-01 6.7580625916e-02 -1.3704684618e-02 3.3874836040e-02 1.3460706576e-01 1.7470783113e-01 8.9146389301e-02 -2.4700615655e-03 -2.0508738170e-02 -1.4175862782e-01 -1.3356694231e-01 -9.9073381789e-02 1.4275560761e-01 1.2677302794e-01
9.1962652074e-03 1.3310626300e-01 -6.0608492396e-03 8.9215401347e-03 5.2612266224e-02 -1.1072679188e-01 8.2037620857e-02 -1.1473662078e-02 -1.0245212699e-04 1.7344743854e-01 1.3953205951e-01 6.1085896852e-02 1.7575651372e-03 -1.1304266291e-03 -1.2743244796e-01 -1.0134376743e-01 -7.9377561821e-02 1.4988604206e-01 1.2486219377e-01
1.2264859829e-02 1.4858092444e-01 -5.1991674987e-03 -1.5210749949e-02 2.3506447625e-02 -1.5668938757e-01 5.4439012409e-02 -1.6923782833e-02 -6.5672927186e-03 1.6473979467e-01 1.4827326753e-01 6.8906076506e-02 -9.4111589666e-03 -1.4322350198e-02 -1.6753960913e-01 -1.5345402317e-01 -1.0967735287e-01 1.3713022194e-01 1.4998928839e-01
8.5202179236e-03 -9.0995752951e-03 1.4111164472e-03 2.3551217254e-03 -2.2584676814e-02 -3.9304644824e-03 -4.0804020764e-03 1.5755758164e-02 6.2840413772e-03 2.2294717195e-03 1.0802840082e-03 -7.0628212588e-03 -1.5085713331e-03 2.3869704484e-02 -2.9568357504e-02 -1.4900052428e-02 4.2714010030e-04 1.2310434731e-02 7.3031222709e-03
3.7290778219e-03 1.3832578919e-01 7.3589658307e-03 -4.1880220158e-02 6.3266186551e-02 -1.1150868889e-01 7.8719117232e-02 -1.4578736813e-02 -2.2992688877e-02 1.5060541910e-01 1.6521805821e-01 7.3165011395e-02 -1.2654756765e-02 -1.3511994966e-02 -1.2644769934e-01 -1.3233798009e-01 -8.2074104475e-02 1.4949753670e-01 1.5918593058e-01
-1.8753119886e-02 -6.9326542673e-02 -2.2477895991e-02 1.8392663154e-02 1.4191481007e-01 1.3984457317e-01 9.3824505357e-02 -3.8609676545e-03 -1.1605346826e-02 -4.6998753199e-02 -6.3357432510e-02 8.4938219606e-02 -6.0181073635e-04 -9.6318459034e-03 1.3352690049e-01 1.2962433085e-01 1.4646832605e-01 -6.4703343974e-02 -4.7790967216e-02
1.6233620260e-02 1.5715105265e-02 2.0368268682e-02 -1.9482513933e-02 1.5871915209e-01 1.1039171654e-01 1.2481197871e-01 5.0378307645e-03 1.1392659661e-02 1.2849115760e-02 -2.3406212330e-04 9.7952576895e-02 -1.6004781698e-02 2.6909575693e-02 1.3575693834e-01 1.0641886977e-01 1.2083777647e-01 1.6828282633e-03 6.8375834309e-03
-8.7059471933e-03 -1.3465056966e-02 -9.1549363560e-03 -2.0980227820e-02 1.3931709665e-01 1.0045983937e-01 1.2088630752e-01 6.8765160219e-03 -9.0127229680e-03 5.8730522036e-02 4.3070950660e-02 1.1884954940e-01 2.1192646233e-03 -2.5649327051e-02 1.0687977060e-01 1.1590599813e-01 1.2601014863e-01 2.8298531499e-02 3.9218436353e-03
8.2376821816e-03 -3.1201988720e-02 -8.4349506829e-03 4.3071829841e-03 1.6548372275e-01 1.0676721218e-01 1.2614817789e-01 -1.2770138773e-02 -1.4662542217e-02 3.3834707310e-03 3.8749884092e-02 1.3191332458e-01 -8.2209224990e-03 1.1816796817e-03 1.2276903413e-01 1.3535256154e-01 1.4165049944e-01 -9.3920788134e-03 -1.1145826143e-02
4.0050506874e-03 -4.0908375031e-04 1.7005548865e-02 -2.6867181004e-04 6.7860896257e-03 -3.9174135916e-03 -8.2598402604e-03 -1.2326302606e-02 1.2567374968e-02 6.5537067391e-03 8.1822340363e-04 3.3893960300e-03 3.7908239595e-03 -1.1473945991e-02 -3.8871040223e-03 1.1215627983e-02 1.7628347722e-02 -1.8988669359e-02 -1.4478348248e-02
-9.1796445407e-03 1.3824190199e-01 -3.1149881059e-02 2.4038022576e-02 3.0521390664e-02 -1.3365102853e-01 8.0306462655e-02 9.1403978499e-03 3.8000889506e-03 1.5392828577e-01 1.7101172532e-01 7.9138510585e-02 -8.4831490472e-03 -4.6456412493e-03 -1.3694557892e-01 -1.2464153414e-01 -7.6075543085e-02 1.1474428738e-01 1.4536366985e-01
-6.6840660814e-03 -5.1342047621e-03 5.0141441339e-03 1.7819991305e-02 -3.7113157490e-02 -1.4859568791e-02 1.4470482729e-02 7.1138830978e-03 -1.4136856237e-02 1.2504168313e-03 -3.9683753856e-03 4.5225491587e-03 3.8479801222e-03 -4.9795043234e-03 1.0877523013e-02 1.6469655952e-02 3.6445707828e-02 4.3828496292e-03 -1.9203176173e-02
1.8306218800e-03 8.8298495214e-03 -8.6738148521e-03 -1.5166060962e-02 1.5571102838e-02 1.2333629881e-02 3.4015957739e-02 -3.7314981146e-03 6.8588574502e-03 2.2019985793e-02 4.4465897547e-03 1.0330189515e-02 -7.8907007438e-04 9.7853234513e-03 2.1913373470e-02 -1.4178680850e-02 -2.0540839161e-02 -4.8301930270e-03 -1.1619222875e-02
-3.5149379893e-03 -6.6778217677e-04 -5.6728157929e-03 6.1205696444e-03 -8.0516051629e-03 1.1211378634e-02 1.5443837462e-02 4.2258477124e-03 -1.7379548314e-03 -5.8594033364e-03 -9.1319561183e-03 6.8251079738e-02 3.8921228435e-03 -2.4919259147e-02 1.7788858212e-04 -4.8860053819e-03 3.3683552029e-03 3.3395187935e-02 -4.8465216650e-03
-2.7927321350e-02 1.4180367141e-01 -6.9279660686e-03 -8.3614359541e-03 1.5039260447e-02 -9.6345797236e-02 7.1022580338e-02 -2.1543554171e-02 -2.4560153464e-02 1.3036727325e-01 1.5315648992e-01 9.0491647771e-02 -2.5136133259e-02 8.8284050394e-04 -1.4294922791e-01 -1.1020451185e-01 -8.4879207658e-02 1.4751369984e-01 1.3879905120e-01
