8.6134372534e-03 -1.7772854307e-02 6.2220590862e-03 -9.7488178081e-03 6.2124626857e-03 2.1842844811e-02 -1.1208770718e-02 -6.3672387533e-04 -3.8763370597e-03 -1.0002159290e-02 -4.0540485091e-02 -1.9061316805e-02 -6.0239752144e-03 8.6298876933e-03 3.3612722071e-03 -1.4420147210e-02 -1.1411513766e-02 1.6347462587e-02 2.5824253524e-03
2.0437079849e-02 3.3531818317e-02 1.1998420165e-01 1.1462028717e-01 -8.1144405695e-03 2.2980050576e-02 1.6943072666e-02 -3.4905892609e-03 5.2856311362e-03 1.0516500424e-01 1.1348839413e-01 1.2073834460e-01 1.2991374451e-01 -1.3579049742e-02 6.3868760828e-03 -5.7814176308e-02 -7.6993534204e-03 -4.0708732067e-02 1.4079260549e-02
-2.8923818451e-02 1.8491407496e-02 -4.9277839809e-03 -3.6201804352e-02 -1.4022156450e-02 1.3584443842e-02 4.9166074145e-03 9.4317022230e-03 -6.9872536847e-03 -9.7726267890e-03 2.3224713033e-02 -2.0081914818e-02 4.6985476453e-04 3.9532918195e-03 -1.3150766240e-02 -1.0866133133e-02 2.5096279742e-02 -3.5749027197e-03 4.0803582986e-03
-6.6295879342e-02 -7.7799438345e-02 1.4733814326e-01 1.4016045320e-01 -5.8988590191e-02 -6.2249914039e-02 -1.0521221587e-01 -5.7326543838e-03 -7.4381491194e-02 1.5108073293e-01 1.0192449571e-01 9.6596528995e-02 1.1386365833e-01 8.1181073455e-04 -6.4669323725e-02 -1.7017906294e-03 -1.3369097107e-02 -6.3076473544e-03 -6.9404276364e-02
1.0298184838e-01 9.7738413139e-02 -9.8587620283e-02 -4.1193520258e-02 1.4676062489e-01 9.3961409084e-02 1.1501764906e-01 -2.9608372036e-03 1.0671212899e-01 -1.0767218889e-01 -6.9716418330e-02 9.8898983412e-03 -6.0611510691e-02 6.0465684498e-03 1.1640186105e-01 -6.9508885062e-02 -1.5608739122e-02 -7.8752058222e-02 1.2410749500e-01
-4.4022059265e-02 -6.4418856101e-02 1.4021449621e-01 1.3897517319e-01 -4.5595670466e-02 -2.5356131624e-02 -5.0577964440e-02 -1.3059851537e-03 -4.7879646164e-02 1.3279108446e-01 1.2711682735e-01 1.1013120854e-01 1.1519231115e-01 1.5533228159e-03 -6.6484749335e-02 -3.2640940591e-02 -2.7818281524e-02 -5.2337255946e-02 -4.1537263047e-02
-8.7614714262e-04 -1.5217923119e-03 1.2943129225e-01 1.1373399429e-01 -2.9670353285e-02 1.9357241003e-02 1.0343568750e-02 5.6485900510e-03 -9.7885801099e-03 1.4637403014e-01 1.2548702085e-01 1.0503598712e-01 1.2127811743e-01 -1.6661598248e-02 -3.2711265698e-02 -2.3735230350e-02 -7.5536223261e-03 -8.9398431986e-02 -1.4237229269e-02
5.7269823359e-02 7.1784804811e-02 -7.3493672375e-02 -6.5061995497e-03 7.6365696330e-02 7.2001659635e-02 9.4206869324e-02 1.5132903241e-02 9.6269374610e-02 -8.8440658819e-02 -3.0837291820e-02 2.7422468428e-02 -3.0492868309e-02 -1.4761826478e-02 1.0826174186e-01 -5.0914441615e-02 -7.9218270856e-03 -5.8639671748e-02 7.3764706556e-02
-2.0646571173e-02 -1.3960440491e-02 -1.7948926117e-02 -7.9171363762e-03 -5.3659185819e-03 -3.2730832972e-03 -7.7934159675e-03 -1.1956779146e-02 1.7481107659e-02 -6.1191565700e-03 9.9718954518e-03 -1.6735903743e-02 -3.4711166311e-02 -2.1930154270e-02 -1.5396637170e-02 -5.9266856730e-03 -1.0270776117e-02 1.2858451824e-02 -1.7896248366e-04
2.1896716519e-02 2.7785398192e-03 -1.1416271479e-02 -8.0628367856e-03 -1.9957829989e-02 -2.7139242473e-02 1.7444431142e-02 1.5298406866e-02 2.7633228294e-02 5.3256316167e-03 1.6705021320e-02 -2.8163483033e-02 9.1960914192e-03 -2.1226050882e-02 3.2489508528e-04 -2.7207765010e-02 -6.8520372249e-03 7.3415058623e-03 -3.4777465739e-03
-5.8981867093e-02 -4.6307444076e-02 1.2339721916e-01 1.2841483111e-01 -2.7914389739e-02 -3.2555073104e-02 -5.7791803437e-02 -2.8760773749e-02 -4.5404631886e-02 1.4390336472e-01 1.1213145779e-01 1.3544356428e-01 1.1282672415e-01 -1.5781167938e-02 -4.2019491718e-02 -2.7008548486e-02 2.5727536161e-02 -2.3487343013e-02 -5.6582077910e-02
-5.1856549264e-02 -1.0712221834e-01 1.2848513221e-01 1.6708334953e-01 -6.5190882394e-02 -6.3566101941e-02 -1.4005541541e-01 1.6037096693e-04 -1.0757654790e-01 1.3525477381e-01 1.3602321643e-01 1.1757712454e-01 1.3286796685e-01 -8.3264472164e-03 -1.0179296622e-01 -1.4788765183e-02 1.5733443692e-02 -1.1640620820e-02 -7.7415919909e-02
1.4192301428e-02 -1.3627734221e-02 1.0158005326e-02 6.6215834600e-03 -1.7644060485e-02 5.9860360597e-03 7.0258130113e-03 -1.8833660705e-02 -1.8024309556e-02 2.7943298126e-03 2.6662271890e-02 1.2747081106e-02 6.4138574235e-03 -3.2902974297e-04 -2.1399956484e-02 2.2561764906e-02 -1.3991318536e-02 2.7550704657e-02 1.0160812944e-02
-6.4403570106e-02 -7.3968592704e-02 1.3684944523e-01 1.4277832995e-01 -6.1207065074e-02 -7.1912081957e-02 -1.3586834797e-01 -8.7981886922e-03 -8.4054207066e-02 1.2754718198e-01 1.1050192664e-01 1.1326088955e-01 1.2742030366e-01 1.9543490645e-02 -1.2163403227e-01 -3.8346267700e-03 -2.3282070245e-02 -1.2962072745e-02 -6.5182662265e-02
-6.7758143544e-02 -1.1551533420e-01 1.1487814343e-01 1.3235840773e-01 -6.8902205954e-02 -7.2854391283e-02 -1.1186014091e-01 2.0525070226e-02 -5.6267442099e-02 1.5140369715e-01 1.2835984161e-01 1.0465384724e-01 1.2748684258e-01 -1.4359642544e-02 -9.4061289988e-02 -7.6027123234e-03 -9.7290660817e-03 -2.4836797541e-02 -3.3089309789e-02
4.0908060251e-02 2.0306494216e-02 1.0947260207e-01 1.2249334595e-01 -4.8572846690e-03 1.9507004898e-02 4.2096751900e-02 -2.1728744112e-02 3.2779968561e-02 9.4130785401e-02 1.1483580745e-01 1.1310387892e-01 1.2001470969e-01 -1.6579238795e-02 3.9672782759e-02 -7.5171445897e-02 -1.4870056108e-02 -1.0090906752e-01 1.8591511494e-02
1.1091117139e-01 1.0409007509e-01 5.2386959289e-02 4.6447264369e-02 8.7318204103e-02 1.1521233484e-01 8.2663500137e-02 -5.6395166590e-05 1.0047261096e-01 -1.5979896411e-02 5.3530176524e-02 1.1083775400e-01 6.2982349485e-02 -2.2525116110e-02 9.6852245996e-02 -6.7559670538e-02 1.7452193842e-02 -8.5906611978e-02 1.1840851875e-01
-6.8270613248e-02 -6.9296563868e-02 1.2268897853e-01 1.3226484335e-01 -4.8333152958e-02 -2.0529350354e-02 -9.0525571028e-02 -3.3194120249e-02 -6.6255329110e-02 1.4158323866e-01 1.2836707323e-01 1.1068944626e-01 1.3353870280e-01 1.5657831680e-02 -1.1720107976e-01 -5.1712886040e-03 -2.3429170604e-02 6.7806324794e-03 -8.1517141926e-02
-5.6488567100e-02 -5.6873880261e-02 1.1398953820e-01 1.4607653411e-01 -4.5895270898e-02 -4.5381931692e-02 -9.4679942089e-02 4.3042359946e-03 -8.9424834308e-02 1.2132587593e-01 1.4242883290e-01 1.0096633607e-01 1.1016428870e-01 -1.8647048906e-03 -5.8234568353e-02 -4.6212803003e-03 1.2386711900e-02 -1.5692165158e-02 -5.6336803690e-02
