-4.9460018590e-02 -4.7132590597e-03 -9.1295303701e-03 -7.9064234415e-02 1.2766742759e-01 -1.5169331240e-02 8.8617730792e-02 -2.0922887836e-02 -1.8374530589e-02 -5.6335877300e-03 -7.0920016862e-02 1.2406973775e-01 1.0604081308e-01 -7.1326496963e-02 1.4745888836e-02 -1.3612037913e-02 -2.1519953435e-02 -2.1140359486e-02 9.3929969205e-02
-3.9787824096e-02 -1.8028561556e-02 -4.8147577042e-03 -3.3997522315e-02 7.9188443574e-02 -1.9394782820e-03 1.1908077180e-01 1.7890365507e-02 2.3366507534e-02 1.2175882209e-02 -5.9261957730e-02 1.1357027553e-01 1.0379270294e-01 -4.3425041392e-02 -1.1718267234e-03 -8.4049587791e-03 -2.1984975843e-02 -9.9365594795e-03 7.7076473579e-02
1.8675178018e-01 8.5720769168e-03 1.9515109996e-02 1.5695366031e-01 -1.5106464310e-01 3.3864005371e-03 -1.6709581639e-01 -9.7627848926e-03 1.9170126578e-01 8.3446345927e-03 1.6168213086e-01 -1.8024348136e-01 -1.8866891404e-01 1.7346194064e-01 2.2890201178e-02 -1.5556074550e-03 1.8310227688e-01 1.7069510507e-02 -1.9239172274e-01
-2.6437756726e-02 5.3459493898e-03 -6.7733970617e-04 -5.4927771406e-03 6.1781806155e-02 -1.3195130401e-02 5.1435255210e-02 -7.3779623658e-03 2.6245889979e-02 -9.1693150275e-03 -4.6024081722e-02 5.8112641649e-02 5.5447499387e-02 -2.2092522257e-02 5.5508809224e-03 -5.8355669010e-03 -2.8650930118e-02 2.6826037744e-02 6.6136623669e-02
-2.6965457900e-01 2.4835335491e-03 7.4412845264e-04 -3.0495638969e-01 3.4987305454e-01 1.8783734357e-02 3.6568151859e-01 9.9967965058e-03 -2.2166434902e-01 1.1528609903e-02 -2.7047528448e-01 3.8549840773e-01 3.3755804245e-01 -2.8181721429e-01 -6.5754311320e-03 1.1081046640e-02 -2.3845720961e-01 -1.8478763592e-02 3.2653629182e-01
-2.1664663480e-02 -1.7850162448e-02 -1.8720432955e-02 -2.8321750661e-02 6.4014282890e-02 7.8937653558e-03 6.3287475470e-02 -1.2164778451e-03 5.6420921515e-02 -8.5712326277e-03 -2.6201614857e-03 6.7672133644e-02 4.4063190214e-02 3.4611935781e-03 1.5732642761e-02 -3.3617875465e-03 -9.7261293400e-03 8.0451596135e-03 5.0656887604e-02
-9.0932771158e-03 -9.2052242108e-03 -4.0076769405e-03 -1.2742904045e-02 -1.6164847338e-03 -9.4383226632e-03 -1.6846075231e-03 3.1486436592e-03 3.4533053394e-03 1.6576727225e-02 1.2227229591e-03 9.7941580770e-03 3.0859142540e-03 8.6713822956e-03 -1.0951538170e-02 -1.5479167035e-02 -1.5289907051e-02 2.0408795321e-02 6.5004790882e-03
-7.0532475977e-03 -3.0700818028e-04 -2.2102278369e-02 -2.4954341744e-02 5.9143198512e-02 5.4915501240e-03 5.7115404981e-02 -4.0502303735e-03 1.8737819997e-02 -2.6495722888e-02 -1.2716378361e-02 6.9583286259e-02 3.5497066834e-02 -4.2956723795e-03 9.3325994354e-03 1.5009377062e-02 -6.1354809206e-03 -1.2620413924e-02 5.8130483164e-02
2.1281942998e-01 -2.5180242459e-02 5.9296609326e-03 1.9399658679e-01 -1.9574073468e-01 1.7812741663e-02 -2.1960115698e-01 -1.6901384199e-02 2.0834262488e-01 -2.5038710029e-02 1.8548657754e-01 -2.2157309889e-01 -2.4486449658e-01 1.9944288834e-01 1.4772470694e-02 6.8944895658e-03 2.5305452300e-01 -1.4491790809e-02 -2.3267867358e-01
4.9612425419e-04 2.6991294961e-02 -8.0944279480e-03 1.7861281187e-02 2.0841064791e-02 9.3791830132e-03 -1.5731603115e-02 3.3655266253e-02 2.2322324560e-02 -1.4672896038e-02 -1.2927762017e-02 1.9931441970e-02 9.3411158627e-03 -1.1126394475e-02 -8.3220604428e-03 1.0015980484e-02 -3.0180689590e-02 -1.2848930450e-03 4.3406988390e-03
-1.6822125074e-02 1.9273944440e-02 1.9298117075e-02 -2.2240372817e-02 -1.2497125327e-02 1.2326114417e-03 4.4217633581e-03 -3.0559394612e-03 1.6029498591e-02 -1.2043227076e-02 -1.8117177083e-04 -3.1028128619e-02 -7.7405572592e-03 1.3528186850e-02 -1.3051968219e-02 5.2960953862e-03 -1.5036259377e-03 -1.5900000245e-03 7.0294645818e-03
-3.4932293444e-02 1.9671273314e-02 1.7864494140e-02 -1.2492116335e-02 2.0282163602e-02 -3.6969402830e-02 -8.3150380293e-03 -4.9993881361e-03 -3.6508422934e-02 -3.2284159477e-03 -5.2251721888e-04 6.5627923194e-03 -6.3810624575e-03 8.3935657390e-03 -6.5037393285e-03 -6.1878134818e-03 1.7376852396e-02 -3.0046800637e-03 1.3008160832e-02
1.1930558030e-01 1.5267918074e-02 -8.2121749606e-03 1.2978335008e-01 -1.0368543012e-01 -3.8156975042e-03 -8.9119420883e-02 7.2918268111e-03 1.3922895109e-01 1.3374083729e-02 6.8748127617e-02 -8.7522334333e-02 -9.8866100419e-02 9.0361196187e-02 1.7990278554e-02 -1.4195237667e-02 1.0102593052e-01 -1.7021633201e-02 -9.7888888786e-02
7.1034902844e-03 -1.4668257155e-02 9.7695480965e-04 -9.1993028991e-04 -2.5656929438e-03 -2.2206630042e-02 2.9267423753e-03 3.0202681457e-02 -1.9628261059e-02 -1.3794582937e-02 -3.5281646825e-05 1.5253105027e-02 2.9728740495e-02 -3.0401469349e-02 -1.0367721300e-02 -1.1884962374e-02 1.9746815241e-02 3.8737225906e-03 8.5252912768e-03
6.7974657895e-02 -1.9473565641e-02 -2.1768668685e-02 7.8979036918e-02 -7.4884484174e-02 1.8486258139e-02 -6.7207265056e-02 -5.1734449622e-03 6.7160042930e-02 -2.3774246307e-04 8.5410659552e-02 -5.6103714766e-02 -7.3711673429e-02 6.6332112348e-02 3.3282026366e-03 -5.4759587958e-03 7.6194969824e-02 1.7375748999e-02 -6.9971844847e-02
-2.2229073376e-01 1.3597115562e-02 -8.5850066134e-03 -2.2901393159e-01 3.2038617509e-01 -9.2737583425e-03 2.8477717111e-01 2.1373827597e-02 -1.2622946757e-01 1.7763623567e-03 -1.7884000642e-01 2.7493403632e-01 2.7835526904e-01 -2.1411021405e-01 -5.4435431051e-03 1.7976157856e-02 -1.9261922827e-01 6.9232635460e-03 2.5050008830e-01
-3.1340745705e-03 -2.9736364950e-03 1.7847972981e-02 8.6082125288e-03 -2.4476497049e-02 2.3768463594e-02 -1.6137064811e-02 3.6566663180e-02 -2.0247124858e-03 -1.2195984407e-02 5.6784999208e-03 -1.3592821611e-02 -1.6237848617e-03 -2.3710854715e-02 3.1911953136e-03 -1.4574528904e-02 1.6002654132e-03 1.9878782066e-02 -3.0290142283e-03
8.4500031346e-03 -2.5438986372e-02 -1.3650540667e-02 1.2877055189e-02 -5.4659992709e-03 -1.2575231605e-02 -2.1265063970e-02 2.3145349354e-05 -1.4249312592e-02 -2.5121382419e-02 3.6893809321e-03 -5.9231319321e-04 9.9268038054e-04 1.4716844219e-03 -3.2942491902e-02 -1.1514285204e-02 -1.9478906159e-02 -4.2759484191e-03 1.6292450978e-03
1.4528839784e-02 1.5802311093e-03 2.3402675176e-02 2.5531568341e-02 -2.7767295672e-02 -2.9497573167e-02 -1.4506782493e-03 -2.3038038865e-02 -1.3483740844e-02 -8.9132492246e-03 -6.5582888194e-03 1.1799147247e-03 -2.5645453622e-03 -1.0065255953e-02 -1.5885100133e-02 1.3893048801e-02 2.1334135510e-03 -9.6004072056e-03 -3.8473609562e-03
