1.4970697249e-02 -2.2092737657e-02 -6.6435491573e-03 1.1475790144e-03 -3.0249049874e-02 1.9555146083e-02 1.1699167878e-02 7.3453950234e-03 -1.8352291442e-02 2.1332248681e-02 -6.4933982728e-03 -1.0848841492e-02 2.1741270981e-02 -1.6472467783e-02 -6.5771386440e-03 -8.5171092746e-04 1.6876179197e-02 -1.7473599916e-02 -1.1808082167e-02
2.7296376388e-01 2.7960688586e-01 -1.6392291586e-01 2.3235780582e-01 2.5039004506e-01 2.6078220534e-01 -8.2223164169e-03 2.4030102472e-01 -9.8864688057e-02 6.3926955476e-03 1.1606903369e-02 -1.1196153989e-02 -2.3324198247e-01 -1.1504218698e-02 -1.3035338412e-01 2.4817401526e-01 2.1213556495e-02 -4.4957579368e-03 1.8041516097e-03
2.3748990407e-01 2.8210391010e-01 -1.8872089084e-01 2.5096927027e-01 2.6011384006e-01 2.8942848376e-01 -8.2547015090e-05 2.2721500862e-01 -1.0920076758e-01 2.6194974047e-02 1.6207715363e-03 1.5963905240e-02 -2.2479188069e-01 1.4444428734e-02 -1.1247613219e-01 2.6954700982e-01 -5.1246062534e-03 8.3324928969e-03 7.4677116651e-04
-1.0434678832e-02 -6.3205626020e-03 1.3144764048e-02 4.4859205450e-03 4.9176357528e-03 -2.7539536158e-03 -9.8219667821e-03 1.1743476394e-02 -2.1286781246e-02 -1.4820631300e-02 -2.7944813795e-03 -1.6489948838e-02 2.8679436860e-02 3.4740249602e-03 -1.8131959192e-02 -1.0075241349e-02 -1.7397640929e-02 -3.4086743772e-03 -6.3407700839e-03
-1.7956278995e-01 -1.9567544963e-01 1.7159171064e-01 -1.7951503046e-01 -1.0302004597e-01 -1.7992706054e-01 -3.9036102560e-03 -2.0387912902e-01 1.9441427651e-01 9.0348947436e-03 2.1262671720e-02 1.0720936189e-02 1.5177896804e-01 -1.5545965125e-02 8.1697674784e-02 -1.4129300232e-01 -1.2747711888e-04 -1.4364586695e-03 6.0933924852e-03
-4.4673866549e-03 -4.4345213154e-03 1.1050481191e-02 1.3170135081e-02 4.9701432491e-03 2.1551115346e-02 5.1672013952e-03 4.7919006378e-03 -1.0382183467e-03 -2.1297913418e-03 2.3754230586e-03 -3.8757052572e-03 -1.4369018746e-02 -6.9860268432e-03 -1.0284096681e-02 -2.3671506262e-03 -2.1029248310e-02 1.1524327656e-02 7.1282608316e-03
1.1471217183e-02 7.2343913805e-04 -7.2270745600e-03 1.7850054443e-02 -3.2941281448e-02 7.0802365083e-04 9.2793917537e-03 1.2370027800e-02 -1.5648935242e-02 -1.0350855522e-02 -1.9565517925e-02 -1.4109512043e-02 3.6516717233e-02 -1.5386703210e-02 -3.3060826207e-02 -1.8806260936e-03 5.4856151763e-03 1.4596613631e-02 6.6814764347e-03
4.0550370547e-01 4.2307118928e-01 -3.5805612049e-01 3.9613156596e-01 4.1903536958e-01 4.2206138466e-01 -4.7637838517e-03 3.7695085043e-01 -2.6288390595e-01 6.7316727229e-03 -1.2898813538e-02 -1.5393243527e-02 -3.7750654297e-01 -1.1383252440e-02 -2.1218515911e-01 4.0492876801e-01 -7.8818605570e-03 -1.7981068793e-02 1.5854735878e-02
7.0994862586e-03 -2.2468662078e-02 1.9852095792e-03 -1.7836218920e-02 -4.9444404899e-03 -1.5121645899e-02 -2.6653186408e-03 -6.6560672003e-03 8.3392153558e-03 -6.1616369673e-03 1.7265999661e-03 1.5061315933e-03 9.0441469471e-03 -3.8747941550e-04 7.3866267439e-03 1.1089735544e-02 1.7149728724e-02 1.6639598820e-02 -5.2544933256e-03
-1.7368100891e-02 1.0197650752e-02 4.1041304701e-02 -1.5705507959e-02 1.2231894813e-02 4.9486307096e-03 -3.6107376856e-02 -2.2938315082e-02 -1.0604338365e-02 -5.1592435581e-03 -2.7425103810e-03 4.3932547897e-03 1.8199923920e-02 2.0437720616e-02 9.5778885587e-03 -2.9520123107e-02 -3.6713402105e-02 2.1258887972e-02 3.0075046146e-03
1.0080698593e-02 5.0131915162e-02 1.4245265072e-02 2.5392606696e-02 5.7698035183e-02 5.5485141452e-02 -3.2327066800e-03 1.9119261123e-02 5.4140437542e-02 -2.5085620892e-02 4.3398947136e-03 -1.8838085467e-02 -1.2719504857e-02 -8.9184775662e-03 -2.2882395613e-02 3.9781148929e-02 -1.7681801772e-02 -3.6648991442e-02 1.6964587105e-02
-3.1076161861e-02 -1.4429998999e-02 5.3565702697e-02 -4.4683103438e-02 7.7218744340e-03 -1.0410688924e-03 -1.4958154062e-02 -7.2179673593e-02 7.7551491591e-02 7.8340822092e-03 -1.5985507972e-04 7.8960334221e-03 6.5912548287e-02 7.3968657259e-03 3.2786781169e-02 -3.9678342429e-02 9.8852525747e-03 3.9299804987e-03 1.9386769364e-02
5.9395348904e-03 5.7685771997e-03 5.6004904161e-02 -3.6318415430e-02 2.6848153582e-02 2.5201597375e-02 -9.2081510599e-03 -4.4343973814e-02 8.0812894363e-02 -1.7084206195e-02 -2.5103515420e-03 -1.9422554549e-02 4.0681372864e-02 1.9847937442e-02 3.9191230133e-03 -8.1944103184e-03 -1.7391641839e-02 9.8309941863e-03 1.8505206261e-04
-1.9332123472e-01 -1.7769773591e-01 1.9383986094e-01 -1.8266344224e-01 -1.4858250164e-01 -2.0415382383e-01 -2.1615697456e-03 -2.0698230766e-01 1.9090772737e-01 1.2990306942e-02 -4.7693317856e-04 2.8467225163e-02 1.7835281184e-01 5.2516352645e-03 9.8828709862e-02 -1.8894827591e-01 -2.3603921413e-03 2.4309483714e-02 -1.1199790328e-03
4.7151842300e-02 5.8365757782e-02 2.1725177222e-02 2.2529607074e-02 6.6692140913e-02 6.3335940269e-02 2.4891838060e-02 2.0894885374e-02 5.2257148786e-02 -1.8969764648e-02 7.8552100561e-03 -3.3984889143e-02 -3.3863682931e-02 -3.7743373920e-03 -1.9029197770e-02 1.7049153792e-02 5.4588595428e-04 -4.8349335698e-03 -2.2088835114e-03
-2.3209335752e-02 2.2772776784e-02 -1.0393803296e-02 -1.2593306673e-02 -5.1693491977e-03 -2.6905421364e-03 -3.5038277491e-03 -2.4055025026e-02 -5.4769252771e-03 3.4995721994e-03 8.2528348588e-03 8.2219267380e-03 1.7028302293e-03 -2.7071349733e-02 -1.6166871301e-02 -1.0143827456e-02 -5.1083459689e-03 4.2168113328e-03 -5.6012621970e-03
1.0184201919e-02 -2.8453861982e-02 -2.4016626446e-02 1.2137542397e-02 4.7619897757e-04 1.2062205591e-02 -2.6612601915e-03 5.4292700324e-03 3.0660860858e-03 -4.2932047306e-03 -4.1775650953e-03 -1.5537107113e-02 -8.5128020394e-03 3.7057250619e-03 3.0333861556e-02 2.4275852315e-02 8.1801795777e-03 -1.2041304822e-03 1.3117393581e-03
7.3886484826e-03 -1.2169161632e-02 -1.4152794106e-02 -7.8680770913e-03 -1.5953425109e-02 5.2795880440e-03 5.8726946985e-03 -5.9287800977e-04 -3.5072382328e-03 1.8130119986e-03 3.5029613538e-03 -1.7120507153e-02 1.0499281799e-02 -1.9926317923e-03 1.7585187009e-02 3.7122076168e-03 -2.9618195215e-02 1.3033747640e-02 2.0407419698e-02
7.1460466670e-02 7.8839360251e-02 -3.7826435245e-02 6.9677966822e-02 9.8390381339e-02 1.2296830835e-01 -3.4590671183e-03 3.7137774986e-02 -3.0731851240e-03 -6.9678851596e-03 -1.2625047965e-03 -1.5488904830e-02 -4.9877302107e-02 -3.1586825410e-02 -2.3531868607e-02 6.5809112357e-02 -1.2309909749e-02 -2.0653073333e-02 -2.3104561233e-02
