-7.4350579922e-03 -2.1589277321e-02 1.8018692172e-02 -2.3939239079e-02 7.0175641899e-03 5.5166858042e-03 -1.1052075181e-02 1.3628154073e-02 1.0901859591e-02 1.8088994623e-02 6.3451870001e-03 1.5606990291e-02 -8.2880740461e-03 7.0527435908e-03 3.6255778722e-03 1.8609880190e-02 -2.1257335448e-02 5.5828009278e-03 -2.3193121987e-02
-2.9033189759e-03 -1.1565404078e-02 3.1648237446e-03 -3.2355101320e-04 1.5792981494e-03 -2.5373935579e-02 -1.7805381884e-03 8.4739412237e-03 -8.4684319490e-04 1.1759076935e-02 6.1152817273e-03 -1.1251596080e-02 6.8235603654e-03 1.5473224765e-02 1.3453039293e-02 -2.6269266017e-02 -1.9033540447e-02 -2.2865367750e-02 -3.3442837105e-02
-7.8356892735e-03 -8.9141824191e-02 -1.2356807171e-01 -3.0011713861e-02 5.2087986104e-03 1.2450070955e-01 3.1237875193e-02 -1.4181752546e-01 -1.1292676618e-01 -9.5633097633e-02 -4.2533563109e-02 -7.8927708807e-03 -1.3902618948e-01 -6.4006112347e-03 -1.7300212776e-01 -1.2679064729e-01 -1.4573247901e-01 9.9878635255e-03 9.0049447774e-03
-5.7663648579e-03 -9.6353910038e-03 -8.1676954767e-02 -8.7735246160e-03 -2.7864800823e-02 7.6024537938e-02 -2.3643554129e-03 -8.1108528755e-02 -4.5815035580e-02 -7.3341549062e-02 1.3206379047e-02 -7.1840607947e-03 -8.2827106137e-02 -2.1863175304e-02 -7.6055163243e-02 -5.3818008432e-02 -6.8301528803e-02 -2.0585451528e-02 -4.1526275456e-03
-2.6364459514e-02 5.7477133009e-03 9.3565960713e-03 1.7119427059e-02 -7.4162515937e-03 2.4265852088e-02 1.0765076364e-02 5.8383654330e-03 -8.9953926614e-04 5.1715089767e-03 1.5263763412e-02 1.6220998722e-02 6.1067189804e-03 9.1912544878e-03 -2.0816966664e-02 5.8009530129e-04 1.9939043271e-02 -1.1457099010e-02 -8.7341538935e-03
-8.6257405885e-04 2.3493485926e-02 2.6696373974e-02 -1.7276955792e-02 1.9196000906e-02 6.2489005893e-03 -1.0727962172e-02 -1.3422349843e-02 -6.2096454388e-03 4.8954325863e-03 -1.6511655817e-02 -1.5400548339e-02 1.5514220654e-02 -1.0889049535e-02 1.9288864412e-02 1.0390097942e-02 -1.1862285952e-02 -1.5931589444e-02 -7.8577713262e-03
2.8230637040e-04 -1.0782280220e-01 -1.6107568225e-01 1.1131156403e-02 1.6388365743e-02 1.3006404990e-01 -1.1075823808e-02 -1.5384320356e-01 -1.5853061353e-01 -8.2164214741e-02 -6.3024053792e-02 1.4870576553e-02 -1.4824505039e-01 1.4485922795e-03 -1.4442873260e-01 -1.4883342918e-01 -1.5862054687e-01 1.0640421231e-03 -3.8411213296e-03
1.9410146420e-03 2.6202954715e-01 2.6689847171e-01 3.4836439242e-03 1.0697601046e-02 -1.4550497707e-01 1.5257651769e-02 2.3658139966e-01 2.3482066346e-01 -6.5690799928e-02 2.6348126555e-01 -1.5269273135e-02 2.3488619027e-01 -5.7206162368e-04 2.1906692459e-01 2.1906727391e-01 2.5621627049e-01 2.5008655246e-02 2.0305141210e-02
-2.4848591256e-02 1.1514079327e-01 9.8264979458e-02 6.1023013837e-03 -1.0119902506e-02 -4.4854652117e-02 1.4794064027e-02 8.0764193692e-02 6.1975197571e-02 -1.2402589422e-01 1.4693351283e-01 -2.5597647891e-03 9.5424111992e-02 -2.4798057986e-02 8.6542877912e-02 8.5660528226e-02 9.1908609139e-02 -5.7035644022e-03 -7.6354982873e-03
-9.0325883411e-03 1.3398462130e-01 1.0249161796e-01 -1.3890021384e-02 9.6629188588e-04 -4.9414930593e-02 -1.6484880735e-03 1.3225699885e-01 1.2120245893e-01 -6.3855046947e-02 1.8089238723e-01 4.5648998221e-03 1.2260880956e-01 1.1536949207e-02 1.3494595692e-01 1.2153074626e-01 1.1576678428e-01 5.8729322159e-03 1.0044916951e-02
-1.6652604158e-02 1.4367964825e-02 2.2708895241e-02 3.5824695276e-03 -7.4039817680e-03 7.0914509337e-03 1.6881497729e-03 1.5243456301e-02 1.1638341634e-02 3.7903398563e-04 -6.7401277731e-03 -2.9255696828e-03 2.6670135814e-03 1.0402507449e-02 1.8456003836e-02 -5.6912980494e-03 3.4708259907e-03 1.2540228948e-02 -1.5277786172e-03
-1.7704280432e-02 -8.6829144702e-02 -1.2551766939e-01 2.1592681478e-02 -7.3281433438e-03 1.2709481672e-01 -2.6633937243e-02 -1.2559970608e-01 -1.2381687234e-01 -5.9012251091e-02 -6.0276399300e-02 -8.3144676832e-03 -1.1053171443e-01 -2.0700965745e-02 -1.1371411905e-01 -1.3495414535e-01 -1.1908497517e-01 2.7569173023e-03 -2.0859549911e-02
-1.2047615972e-02 1.3214796413e-01 6.4831738822e-02 -1.3292811911e-02 1.1524616848e-02 8.4199115270e-03 -2.7105929716e-02 1.0585891440e-01 8.5566105004e-02 -7.4419572989e-02 1.3424900947e-01 -1.8302162937e-02 7.6610438838e-02 -8.0720788258e-03 6.6374170471e-02 1.0208821263e-01 7.3196757488e-02 -9.2240044634e-03 -2.2585032379e-02
-2.4390226919e-03 6.1752519350e-02 5.1254290420e-02 -6.1177400394e-04 -9.7950987549e-03 4.4484641129e-02 -1.8050417791e-02 2.5615083676e-02 3.4034563323e-02 -7.9064312902e-02 9.8456031993e-02 -1.1625306414e-02 5.9023205515e-03 4.4888165534e-04 2.5858222484e-02 3.3907704471e-02 1.6702841104e-02 -1.5381421496e-03 -5.0511408553e-04
1.0114029178e-02 9.5570777498e-03 -1.1427590694e-02 -2.2118734226e-02 3.0832305641e-03 -7.2906807342e-03 1.5328062730e-02 -9.7867258355e-03 2.3337079259e-04 3.7341213595e-03 4.7245632328e-03 -1.5742209386e-02 -1.4540621137e-02 -6.7041727437e-03 -1.9942903112e-02 -1.5169140367e-02 7.8487320048e-03 2.9555044159e-03 -3.6795789924e-03
-8.7604167099e-04 -1.6598119370e-01 -2.2982075008e-01 -2.1417084443e-02 -1.4547012883e-02 2.4152088582e-01 4.6935483969e-03 -2.1983059373e-01 -2.3713312638e-01 -8.4062178839e-02 -1.4919323657e-01 1.1099725066e-02 -2.1178982877e-01 -2.1285596284e-02 -2.0805906803e-01 -2.2240984561e-01 -2.0783863806e-01 8.2048516962e-03 -1.0872232606e-02
2.3193844781e-02 5.8216324799e-04 2.4614679806e-02 3.7575916662e-04 1.0712356897e-02 1.2482481335e-02 -1.3516452113e-03 6.1182806309e-03 2.7328424489e-03 -6.3363427263e-05 1.1827352501e-02 -2.3642886480e-02 -3.1649032695e-03 -1.1357775054e-02 -7.3421648223e-03 1.2767279515e-02 -2.0854798097e-02 1.3631449525e-02 1.0112081115e-02
-2.3997805786e-02 -8.9537572952e-03 -1.3402883474e-02 4.7655876163e-03 -1.5773032591e-02 -9.2729749949e-03 4.3672565281e-03 -7.3507335028e-03 -7.3432336719e-03 -3.9400749201e-03 -1.5792347395e-02 1.2367927857e-02 4.7233405713e-03 5.9481643084e-03 -3.8077424234e-02 5.4567147232e-03 4.5548640562e-03 -2.2288299501e-02 -1.1225533171e-02
3.0957628817e-03 5.4166177939e-02 3.2583671424e-02 -1.8802620735e-04 6.0959118494e-03 1.2062133811e-02 4.5970101040e-03 5.9787580331e-02 3.6158847951e-02 -8.9134759355e-02 1.1318370828e-01 -3.0109496624e-02 5.3758979826e-02 -1.0059193310e-03 3.0893607458e-02 3.8858797089e-02 7.0263234187e-02 -3.9153160313e-03 -4.6760335636e-03
