-6.9095241068e-03 2.4847053856e-01 3.6857696619e-03 -2.2173326459e-01 2.2679395488e-01 -2.2314789207e-01 2.2740974545e-01 7.1247298809e-03 -2.3128836612e-01 -1.9385047943e-01 8.8000593658e-03 -2.5223236443e-03 1.7057959991e-02 -2.1396917907e-01 -2.0242709844e-01 -1.4488239408e-03 -2.7909756039e-01 -1.9862536413e-01 2.6035886792e-01
3.9646587786e-03 -1.1320775270e-02 -1.0086621532e-03 -9.0612799510e-03 1.0815514264e-02 -1.5200811383e-02 1.3627092232e-03 1.8475048695e-02 3.1246843361e-02 3.8756292585e-03 7.4167916608e-03 -1.9126970833e-03 1.3447605439e-03 1.0255368206e-02 -2.1980433951e-02 1.1287660618e-02 1.7853894099e-02 1.7208962603e-03 8.3467484875e-04
-1.6978247787e-02 1.3502579828e-01 -4.7680730552e-03 -9.5758843309e-02 5.8298183933e-02 -4.2037607311e-02 9.5719238039e-02 -9.3600920953e-03 -1.3831928158e-02 -7.8321301141e-02 -2.4521898528e-02 4.9353445309e-03 -1.9930105155e-02 -5.5208976572e-02 -9.0377214523e-02 6.4952798798e-03 -7.5568390819e-02 -6.2085015540e-02 8.0521724409e-02
-3.9512874049e-02 4.3483145212e-02 1.9525999851e-02 1.6525631350e-02 -3.3076005124e-02 6.7836712553e-03 -3.9226893742e-03 1.3398829343e-02 6.1724881582e-02 3.3323055609e-02 1.4799427080e-02 -6.5264392000e-03 4.5129097898e-03 -4.2519949098e-03 2.1245628818e-02 1.0540278758e-02 6.0682288607e-02 1.8209306456e-02 6.3468658928e-03
1.6451686141e-02 2.6938858632e-01 -5.7514106676e-03 -2.2813951830e-01 2.6472870818e-01 -2.1849598639e-01 2.3023107717e-01 4.4321167009e-04 -2.1853539195e-01 -2.4856945212e-01 -1.2097263053e-02 -6.2586658199e-03 1.0024119405e-02 -2.0825469166e-01 -2.1697164386e-01 1.6445931463e-03 -2.6332796859e-01 -2.3346240919e-01 2.4787261344e-01
1.1050134315e-02 -4.9675897957e-03 5.0630496458e-02 -3.7273595427e-03 1.0662525605e-02 -9.0182884194e-03 1.9351048292e-04 -8.4972575814e-03 1.5050679759e-02 -5.3160236435e-04 -9.5462954334e-03 6.3067719625e-04 -4.4049117758e-03 -2.8922881062e-02 -1.2879939948e-02 1.0976767141e-02 8.2925351043e-03 -2.9450193456e-02 -5.5323911144e-03
-2.6364074695e-02 -1.7498451058e-01 3.8782815835e-03 3.6624972867e-01 -2.2046613546e-01 4.7053154239e-01 -1.3340634466e-01 4.7748775152e-03 5.4276977757e-01 4.6440618863e-01 1.8540022402e-02 -1.7935930783e-02 -9.8792325611e-05 4.7017887208e-01 3.9466039030e-01 -4.1947680622e-03 4.0098522250e-01 4.8968663131e-01 -2.6708664278e-01
-3.3609060886e-02 1.6460625743e-01 2.1704461148e-03 -1.2509572019e-01 1.0832043948e-01 -9.4933715299e-02 1.1998078165e-01 -3.2410699795e-02 -4.6795735076e-02 -1.0651961690e-01 4.8832523122e-04 5.9906272842e-03 -2.1997084610e-02 -1.2781977736e-01 -1.2145589367e-01 -2.0033432243e-02 -6.9708376630e-02 -1.1217439661e-01 1.1130151554e-01
-9.1689079968e-03 -5.1774551443e-02 8.5088331929e-03 8.3740901485e-02 -1.1888019987e-01 8.9848873019e-02 -6.1325853455e-02 -2.4771009040e-03 1.6810040754e-01 1.1190954446e-01 7.8233862582e-03 6.8129040514e-03 -4.3177731183e-03 1.1258828421e-01 9.9153002027e-02 -1.1218462633e-02 1.2322372037e-01 1.0401846440e-01 -7.4513690961e-02
-3.6642848930e-02 2.1246534452e-03 -1.7464149925e-02 7.6080204093e-02 -8.8775556525e-02 7.6970549920e-03 -7.9295532405e-02 1.6213170609e-02 1.0816399414e-01 3.5581354599e-02 -1.3051762607e-02 4.0607714489e-03 1.0651550403e-02 4.5514752924e-02 5.9161297533e-02 -1.5501016710e-02 1.0534833669e-01 4.5720447635e-02 -5.0764099977e-02
-3.3538823169e-02 -1.4747146221e-01 -1.0235043212e-02 1.9792639126e-01 -1.9826511228e-01 1.9677803808e-01 -1.6612602099e-01 1.4067378773e-02 2.5700547693e-01 2.0410172906e-01 3.7603639626e-04 -2.0594095995e-02 2.5121985268e-03 1.7548336710e-01 1.8611723124e-01 -1.6043378181e-02 1.7982034734e-01 2.1079671227e-01 -2.0436041033e-01
-1.7298607692e-02 5.0918631889e-03 6.6480928825e-03 2.9039475210e-02 1.1561305003e-02 -1.5890899655e-02 -1.0956931153e-02 5.3547477296e-02 1.6417865366e-02 2.9893106885e-03 9.7348192445e-03 5.0757408270e-04 1.4399701874e-02 7.6343194242e-03 -2.1254224015e-02 1.2658507508e-02 -1.3020202779e-02 1.1875164471e-02 -1.4879880142e-03
-6.1716821799e-03 1.1834684441e-01 -1.0890969671e-02 -1.0004321793e-01 8.2344956886e-02 -8.8765059449e-02 5.7930283053e-02 -5.6870838573e-03 -3.0270382119e-02 -9.5181319625e-02 -5.5193235729e-03 -5.8464913839e-03 1.8044333831e-02 -7.7641268762e-02 -8.7894197749e-02 -9.9352692024e-03 -4.4148092893e-02 -8.0749995822e-02 1.1495071070e-01
-5.0560293464e-02 4.6716895867e-02 1.1697486317e-03 -5.5837848722e-03 -6.4084722431e-02 1.5042613006e-02 -3.8477357515e-02 6.5529832272e-03 8.6245752830e-02 -1.5656624004e-02 -6.6412623374e-03 1.2570950101e-02 5.9815488618e-03 4.4414330409e-02 1.7284506156e-02 2.0720147576e-02 6.1830890216e-02 2.3292411869e-02 3.5480238348e-03
-4.7447005767e-03 -1.7529219215e-01 -3.3033073651e-03 2.3307694414e-01 -2.2123086683e-01 2.6118541711e-01 -1.9227988859e-01 -9.4126775019e-03 2.8063976353e-01 2.4621442607e-01 -3.2534086689e-03 5.7963014648e-03 -3.5326337719e-02 2.6572446712e-01 2.3204557296e-01 -7.0980106651e-03 2.1773916796e-01 2.6761902611e-01 -1.9379164403e-01
-7.3417931424e-02 8.4438830035e-02 -1.8894842899e-02 -6.0237707900e-03 -3.0388776443e-02 3.6324267431e-03 7.6068834101e-03 -7.7457540206e-03 5.4912402820e-02 -5.4418228153e-03 -2.3204537664e-02 6.9622540310e-03 -1.4768154191e-02 3.5100228936e-03 -2.8333808094e-02 -2.1539421295e-02 5.6927572357e-02 3.6272773382e-03 2.4538833056e-02
3.1296094531e-03 -1.0228868310e-02 -2.1544869664e-03 1.3588154455e-02 -1.3358943431e-02 3.5584093982e-03 -8.4594474324e-03 -9.1563328211e-03 2.2330837119e-02 2.2520980582e-02 1.1507711900e-02 1.2711307484e-02 -1.4873631948e-02 1.3908837610e-02 -1.4566062471e-05 3.7997760204e-03 -2.5786157061e-04 7.5402487230e-03 -8.1826674864e-03
6.4592889293e-03 2.2426628587e-01 -1.2723189467e-02 -1.9404033330e-01 2.0249410529e-01 -2.1459315293e-01 2.1917540242e-01 1.2424201042e-02 -1.8002040326e-01 -2.1389981967e-01 8.9043737471e-04 -2.8560914599e-02 -1.7392999879e-03 -2.1442483128e-01 -2.3303544510e-01 -1.2670650280e-02 -2.0042787553e-01 -1.8251735560e-01 1.9491511820e-01
4.5356078431e-03 -3.2253535183e-01 -1.0423218095e-02 3.7770233871e-01 -3.1509746409e-01 4.0669886491e-01 -3.3833662525e-01 -2.1063818857e-03 4.1211448763e-01 3.8263543074e-01 5.9707584347e-03 -2.9312169813e-02 5.7942604667e-03 3.8027238762e-01 3.8007150150e-01 -2.5262065975e-02 3.2852005783e-01 3.7375664738e-01 -3.6879787658e-01
