3.5940793739e-03 1.0633435018e-02 -5.5381456140e-03 3.9147611884e-03 1.2845951487e-02 -1.7036337816e-03 5.7617379426e-03 -1.3589141774e-02 -1.3127740290e-02 1.7710149460e-02 4.0242174824e-03 -3.5270101472e-03 1.3970550927e-02 1.1122091450e-02 -1.4780241109e-02 7.3033352880e-03 3.0917809245e-03 1.2279645928e-02 -1.9818322492e-02
-3.5870841137e-02 1.6096799415e-01 -8.4492316581e-02 -1.9667100698e-03 -1.5273680093e-02 -8.9864931665e-02 1.9346920914e-02 1.3672859568e-01 -9.4138807145e-02 1.2864342687e-01 -7.1414946767e-02 -8.7153765652e-02 2.6282284907e-02 -7.3141520701e-02 -8.1361839166e-02 -4.5891082681e-02 -1.4555400215e-02 -5.9920121833e-02 1.2912176814e-01
-2.7242454223e-02 -1.2969849809e-02 4.8198188890e-02 -1.7505076725e-02 7.5023493868e-03 1.1587797557e-02 -1.7484384435e-02 4.9711857868e-03 8.1824796359e-03 8.6350622443e-03 -2.3978266450e-02 3.3912428987e-04 5.4721042520e-03 -1.3452086575e-02 1.0875429049e-02 -3.4382466544e-03 7.6040049334e-03 9.8962791823e-03 -1.4233537327e-02
1.1420406069e-01 1.4204310622e-01 8.4242083397e-02 -1.2705401169e-03 7.3790944273e-03 6.6238779649e-02 -5.7195814765e-03 8.5069312156e-02 9.4627350041e-02 9.6426208072e-02 6.8431822539e-02 6.3875820012e-02 1.0822849570e-02 4.9111556883e-02 7.3675765727e-02 7.0356370865e-02 1.1482922386e-02 6.4817547154e-02 1.3516615521e-01
-2.7936137357e-03 1.4989213904e-02 -1.5510251424e-03 -1.0021580183e-02 -9.9700783310e-03 -4.2451007558e-03 1.8045565767e-02 -4.6595610234e-03 -4.1138525195e-03 -1.6322666038e-04 -1.2485663273e-02 4.2624901560e-02 -1.8817659891e-02 -1.9040400167e-03 1.5132587517e-03 1.1940979862e-03 -6.7969967175e-03 -7.3555164877e-04 -7.0388595357e-03
-2.4291941361e-02 2.2142000998e-02 1.8364373877e-02 1.2995538507e-02 -8.0006190839e-03 -3.3409839526e-02 8.4296272215e-05 1.4923422667e-02 2.0604270571e-04 1.7016781459e-03 -2.9790179436e-02 1.3474109740e-02 -2.0596947077e-03 4.5545517097e-03 -1.7450518785e-02 -2.2283307482e-02 1.8187741557e-02 2.4935131623e-02 -2.2731474234e-02
-4.3443853243e-02 1.4082308713e-01 -8.7064860387e-02 1.0747734170e-02 -1.9395797546e-02 -7.9021678078e-02 -1.4815465389e-02 1.5903774010e-01 -7.3168303655e-02 1.2569574682e-01 -7.0444617750e-02 -6.1481242840e-02 5.0429801642e-05 -7.6639980204e-02 -9.9553261421e-02 -7.9866423581e-02 1.5572425254e-02 -8.0447021971e-02 1.3909334986e-01
9.7513073242e-02 4.3569010969e-02 9.9621542233e-02 -1.7493346967e-02 1.7728203499e-03 1.1250810489e-01 2.3108776588e-02 -7.3280951743e-02 1.3804053507e-01 -9.2654855978e-02 1.4574848591e-01 1.2925370322e-01 7.7724413426e-03 1.0312605572e-01 1.0996222687e-01 9.5940257505e-02 1.0178713318e-02 9.1978477163e-02 -1.4902572721e-02
-4.3332238224e-02 1.4398516393e-01 -5.1041403339e-02 -1.1237793550e-02 -2.0344241018e-02 -4.5371156794e-02 6.5879839785e-03 1.3316952141e-01 -6.6050569923e-02 1.5147546882e-01 -7.6738365130e-02 -7.0228530840e-02 5.0548379609e-03 -4.8261275372e-02 -6.8434432265e-02 -4.5951475232e-02 -1.1314768731e-02 -5.1440458990e-02 1.4995899400e-01
-1.1708670300e-03 1.3696388719e-01 -4.4450775841e-02 6.3189070928e-03 4.7287413456e-03 -3.0691448975e-02 -1.8889780636e-02 1.4476181649e-01 -2.3478329507e-02 1.3863758700e-01 -3.2310416578e-02 -3.8641030624e-02 -6.4940400512e-03 -2.8364887734e-02 -5.7192656224e-02 -4.0905940389e-02 1.5482717045e-02 -4.0587053704e-02 1.4681664199e-01
-6.1483803065e-02 1.2887758939e-01 -9.5263555189e-02 7.2685456536e-03 1.8506322694e-02 -8.8858253917e-02 3.4120610407e-03 1.6767653227e-01 -6.0751465840e-02 1.6641217980e-01 -5.3238798449e-02 -4.6370058691e-02 -1.3954397384e-02 -6.7496947546e-02 -8.1357675056e-02 -4.6232485006e-02 5.6156285472e-03 -7.2735631653e-02 1.3126834932e-01
-5.4231890988e-02 1.4427979022e-01 -1.0720887215e-01 -5.3580778010e-03 5.3963268398e-03 -6.7427053782e-02 3.1785199829e-03 1.3411153295e-01 -7.2497737138e-02 1.4493294378e-01 -4.8269062000e-02 -6.7112131125e-02 -3.9462419917e-03 -5.6787851835e-02 -7.9804430567e-02 -7.0343045979e-02 4.2492901821e-03 -7.8674565630e-02 1.2790585823e-01
1.5324989673e-02 9.8780699211e-03 1.2265480872e-02 -4.7226718357e-03 1.2285986792e-02 6.2980990659e-03 -3.9318746964e-03 1.4359742827e-02 1.9477405970e-02 1.5590465687e-02 -3.8912697674e-03 -1.0645742318e-02 4.0554855314e-03 9.3622650773e-03 -7.7425539385e-03 -9.1596093137e-03 4.6211270764e-03 -4.5022920602e-03 1.5026933925e-03
9.0404769246e-02 1.6682458635e-01 1.1288199421e-02 -3.9781429378e-03 -2.1850852288e-02 -4.1132221810e-03 5.9304838701e-04 1.3796533574e-01 7.4827925628e-02 1.4806928045e-01 -1.0035421058e-02 -2.0634021057e-02 -8.7070591712e-03 -7.6742403385e-03 -2.0037485405e-02 2.3683013496e-02 -1.9348256829e-02 -3.8074823516e-03 1.6259080092e-01
1.4113602183e-01 -8.6459236703e-03 1.1777007438e-01 -1.5949584599e-02 -1.1853286141e-02 1.3917612162e-01 6.5930157579e-03 -1.0652204155e-01 1.3616755436e-01 -1.1995836909e-01 1.6328802854e-01 1.2196068277e-01 6.4838690765e-03 1.2790937595e-01 1.4532133001e-01 1.2655822640e-01 2.9659650287e-03 1.0854013739e-01 -3.0225580150e-02
-1.0204448812e-02 2.3490817602e-02 -8.0149180708e-03 -1.6997553503e-02 -6.1699126783e-03 -1.6565026881e-02 1.9240565186e-02 -9.2014045162e-03 -4.5770862216e-03 -9.9683941555e-03 -1.2818975234e-02 1.6292204626e-02 -2.6139317678e-02 -2.0695689426e-02 -9.0741572309e-03 -2.1745342406e-02 -4.2703658043e-03 -9.3081176610e-04 -2.6620739675e-02
1.5160395171e-01 -1.0050177551e-02 1.4264219401e-01 -4.3806060653e-03 1.4316170942e-02 1.3199694542e-01 -3.5203374875e-03 -1.3171276247e-01 1.6964708464e-01 -1.4027214831e-01 1.3445995739e-01 1.3905889433e-01 -3.4716178992e-04 1.3939592034e-01 1.4853384911e-01 1.7363496303e-01 -1.3355434960e-02 1.4334266233e-01 -5.4819332473e-02
-2.4711183485e-02 2.3089133564e-02 -7.4672541266e-04 -6.4037773904e-03 8.9448530617e-03 2.9016149088e-02 -8.9671341712e-03 -2.1322042033e-02 1.8596602671e-02 1.5146117360e-02 -1.0638329365e-03 -1.1467307358e-02 -2.9720299473e-03 -2.2386804747e-02 7.1737758485e-03 -1.1246233501e-02 -2.5644028880e-02 -1.9524700131e-02 -2.3337408461e-02
-5.6068129958e-04 1.9144842347e-02 -2.7476541852e-02 -3.4447356153e-03 -1.2593745610e-02 -9.0483958887e-03 -7.4113690449e-03 -1.6912182044e-02 -1.6379216059e-02 -2.4876406037e-02 5.7932498713e-03 3.4382629240e-03 9.9240012130e-03 7.5477553764e-03 -6.1001140561e-03 2.4033030812e-02 1.7860454373e-02 -8.6867176869e-03 -8.7640380681e-03
