-1.4593928551e-03 -7.1589715445e-02 -3.7581634790e-03 -9.6006686852e-02 9.2938175856e-02 -1.2348959068e-01 -1.2628601109e-01 6.7255704737e-02 1.3900398881e-02 -1.0932377685e-02 -1.4744504581e-01 5.1025790122e-02 1.9371961249e-02 2.5838392385e-02 -1.7526818330e-02 -6.8108622251e-02 9.9350116880e-02 -1.1108152500e-01 -1.0769263655e-01
-1.0328070919e-02 1.2205370361e-01 8.4317877221e-03 1.1592299372e-01 -7.4016238260e-02 1.4649976673e-01 1.3521089646e-01 -9.4138190310e-02 3.0566611503e-03 3.7849199685e-03 1.2052668058e-01 1.2801058241e-01 -1.3981286922e-03 1.2886098644e-01 1.3332013414e-01 1.2493413546e-01 -3.9368406766e-02 1.5605174943e-01 1.1769937351e-01
2.3871666461e-02 9.4896880758e-02 -4.7981596382e-03 1.4735051746e-01 -1.1151558818e-01 1.2548964797e-01 1.1457399078e-01 -7.6990929233e-02 1.2825627648e-02 2.2305285236e-03 1.2963021993e-01 1.5154051039e-01 -6.5520090191e-03 1.5886681361e-01 1.4196459698e-01 1.4391346653e-01 -5.1322386019e-02 1.1543750370e-01 1.4756629742e-01
-1.7207545044e-02 2.0279994333e-02 -8.1040158479e-03 -1.2314472724e-02 -1.6846509204e-02 3.2127122687e-03 6.8073184904e-03 2.5565933577e-02 2.7665555113e-02 2.7488016573e-03 -9.6285997487e-03 -6.6871404450e-03 1.4818325638e-02 3.6874026918e-03 1.0871002815e-02 2.3221124369e-02 -2.1641972456e-02 -1.4102070885e-02 2.4319254353e-02
-2.4975098478e-02 1.1189082565e-01 3.9831844977e-06 1.0352848875e-01 6.1147813401e-03 1.4523212618e-01 1.3507235642e-01 -1.1787681773e-02 -1.8273260913e-02 -1.6580534993e-02 8.6722981281e-02 1.1130253830e-01 -4.9140899335e-02 1.1588819026e-01 1.2662730117e-01 1.3073850893e-01 4.2753623191e-02 1.0871394970e-01 9.5554630053e-02
-3.1176159497e-02 3.5022287193e-02 -2.2151248779e-02 3.6159296364e-02 -5.1261871620e-03 -5.3578439194e-03 -4.3286423219e-03 -1.6112491999e-02 7.8229123341e-03 1.0430755747e-02 1.3549115135e-02 -2.4134129352e-02 -1.1797861650e-02 1.2290553150e-02 4.2425184096e-03 9.9784826151e-03 8.7225954177e-03 -2.7232706460e-02 -7.1277513787e-03
1.0340094046e-02 -2.1791056830e-02 -5.3195491409e-03 -1.8901223296e-02 -1.4937536988e-02 4.1961328642e-03 -3.8023229058e-03 -1.4110332939e-02 -4.5079120766e-03 1.5359765925e-03 -6.4111554867e-03 4.8187056194e-03 1.4367010594e-02 -3.8063309091e-03 9.8995674559e-04 5.6428747480e-05 2.0880820794e-03 -2.4412288369e-03 -2.4710473584e-02
4.2129684300e-03 1.2109723850e-01 -6.0950187872e-03 1.2558064681e-01 -3.5825536406e-02 1.2006044919e-01 1.2412060765e-01 -1.8464662081e-02 -1.2089163455e-02 6.3224240238e-03 9.3548083845e-02 1.3429463554e-01 -1.4322273815e-02 1.0670150952e-01 1.1669751342e-01 1.2164374140e-01 1.4811668577e-02 8.9910205175e-02 9.7941851465e-02
-6.9247318598e-03 1.0902665462e-01 -1.6299817172e-02 9.4450344167e-02 -1.0089692542e-02 8.4447393476e-02 1.2742123841e-01 -6.8118115944e-03 -1.9486074515e-02 9.1952713705e-03 1.0522549995e-01 1.3947818915e-01 5.8504553902e-03 1.4649109719e-01 1.3175923035e-01 1.3226311827e-01 6.7256350677e-02 1.0813239282e-01 9.8438099718e-02
2.1961363009e-02 -8.3136917947e-03 1.4423978578e-02 -1.1765982256e-02 3.3867191707e-03 -2.3920516252e-02 8.3456347113e-04 -3.2939182167e-02 -1.8802559840e-02 4.4187663258e-03 1.4380880230e-04 3.4813206225e-03 -2.9462126246e-02 2.0853239426e-02 -1.3363494617e-02 1.1154215156e-02 -2.9632601466e-04 -1.2949250526e-02 1.1137543964e-02
-6.0737034036e-03 1.2492904262e-01 1.8011902310e-02 8.8273729744e-02 5.3447976474e-03 1.1403391183e-01 1.3122553075e-01 2.2747439019e-03 -1.7252933510e-02 2.2020717062e-02 8.2978607703e-02 1.2153263038e-01 -2.2303851581e-03 1.3087369817e-01 1.1617353003e-01 1.1431434223e-01 4.0242913261e-02 9.6265620614e-02 6.5465983594e-02
1.8651764807e-02 1.9892651197e-02 1.1342170531e-03 3.5644988159e-03 -1.4759037606e-02 -1.7129622616e-02 2.8857500995e-02 -2.6987904485e-02 5.9857422006e-03 1.0829462447e-02 1.0084809930e-02 1.5802771032e-02 1.3722440719e-02 -3.2650681553e-03 3.0447919460e-02 1.0687003507e-02 -3.9775211331e-03 -1.3837482961e-02 3.0769587649e-03
-5.2253047476e-03 -6.1556931172e-02 -3.4295657099e-03 -8.5557077577e-02 1.0538431404e-01 -1.3662235030e-01 -1.2036375493e-01 9.7053636885e-02 1.8035939403e-02 -1.2467014845e-02 -1.4636418299e-01 6.4759195120e-02 -4.1876742176e-03 3.3093607443e-02 8.1086367003e-03 -4.1681802799e-02 1.3637514915e-01 -6.5261508918e-02 -1.3010197674e-01
1.7829810737e-02 7.3673438617e-04 -3.3475056549e-03 1.2329003726e-02 -1.1585511272e-02 -1.0138866981e-02 1.1465811749e-02 -1.7745354452e-03 9.9057351346e-03 -4.0134453860e-03 5.7519515850e-03 -3.5807948232e-04 1.0419216668e-02 1.3684948457e-03 -3.3455922007e-03 -1.0682283179e-02 3.0464821440e-03 2.5711989690e-03 -9.5461142941e-03
-1.6265942291e-02 1.3616360559e-01 -1.7203221509e-02 8.4844597812e-02 -3.0404799275e-02 8.4319996739e-02 1.2577448396e-01 -1.5557411858e-02 7.8396732744e-03 9.9400929612e-04 1.2235143116e-01 1.3519709224e-01 9.6025935654e-03 1.3174885627e-01 1.4042960483e-01 1.1782767652e-01 3.8064290998e-02 1.0669135246e-01 7.7751688940e-02
2.1803659640e-02 1.6792782156e-04 -2.2217861402e-02 3.4942602901e-03 -1.7033802766e-02 -2.1200254606e-02 -6.1209421357e-03 -9.1860195983e-03 2.5413356466e-02 -3.1445740945e-03 -1.4946434934e-02 -5.2780841325e-03 1.8699904588e-02 2.1506731056e-02 -1.8894806543e-03 2.4976347038e-03 4.4787110345e-03 1.7395845262e-03 4.2531351653e-03
-4.1957549751e-03 1.4686062780e-02 1.0122259650e-05 1.2179060658e-02 8.7391907657e-03 3.5089989953e-02 8.2038157057e-03 -1.1746737728e-02 2.6028089652e-02 2.9065668462e-02 -1.1647288878e-02 -1.7653971381e-02 1.1187338710e-02 -1.5782755043e-03 2.9392102441e-02 -1.0147694832e-02 -7.4478866279e-03 2.6244297208e-02 8.4727292241e-03
2.6424054164e-03 9.8440558558e-02 1.6537335387e-03 6.7332596298e-02 1.5576297197e-04 9.0595664043e-02 1.2016589070e-01 2.1283397851e-02 -4.2158689345e-03 -1.6167933302e-02 8.4262851135e-02 1.5867612431e-01 -1.3390345917e-03 1.3566927734e-01 1.1448437259e-01 1.2320052367e-01 7.0552208330e-02 9.5074093577e-02 4.9058200256e-02
1.0016061454e-02 1.2820886539e-01 -1.3342157557e-02 9.1220894341e-02 -3.2808613675e-02 1.1230256396e-01 1.1272565882e-01 -3.2705201664e-02 1.0268228183e-02 -1.5422033131e-02 1.1665816021e-01 1.4197510735e-01 -2.0005064192e-03 1.3905969146e-01 1.0527594554e-01 1.3553917267e-01 1.3179897403e-02 1.4157028225e-01 8.1894251440e-02
