1.6491959487e-01 2.2826131413e-03 1.2180291281e-01 -1.0502142533e-01 2.1688906431e-01 -2.3613022691e-02 -1.3436732801e-01 1.1382340168e-01 -1.3983756762e-01 -9.9690729647e-02 -1.3828010748e-01 -5.6193209137e-03 1.4037820799e-01 -1.1183956918e-01 -2.8825051728e-02 9.9179106516e-02 3.4627267100e-03 -1.9999752059e-01 -8.4202472931e-02
1.7931884586e-01 -3.7739025317e-03 7.9327551910e-02 -1.1989711446e-01 1.8984955405e-01 1.0353933973e-02 -8.9245967091e-02 -1.5502382724e-01 -9.8448197394e-02 -8.8234029485e-02 -1.4662614914e-01 9.2500451967e-03 8.7445923211e-02 -9.4555368518e-02 -3.1219236132e-03 7.5169719861e-02 -1.9997062998e-02 5.3384234694e-02 -1.0612006561e-01
-1.6209814615e-02 -2.8857187213e-03 -9.1814120961e-02 6.3520645581e-02 1.3591694002e-01 -1.6761278257e-02 1.5043869694e-01 -1.0934380971e-01 6.2992743321e-02 6.4583663457e-02 2.5804955911e-02 -3.8550848224e-03 -7.3444119156e-02 5.3315454795e-02 4.5655386592e-02 6.1315317840e-02 -3.3600174159e-02 -1.4512987318e-01 -2.9965304657e-01
-2.7450143659e-02 -6.8975268261e-03 -1.8439602696e-02 6.2422073202e-02 7.9575944398e-02 5.3766970289e-03 3.6394453688e-02 -9.5196066342e-02 2.3492020676e-02 3.4331372148e-02 7.9231032250e-03 -1.1837141278e-02 -6.1975058774e-04 5.8400295291e-02 8.2559624110e-02 7.7232959655e-02 -1.0144525546e-02 -4.9179232405e-02 1.6129817617e-01
2.0066558020e-01 -1.4354023585e-02 2.1797014125e-01 -1.8651794841e-01 2.1593505718e-01 -1.9309424871e-03 -9.0549277548e-02 1.0566213655e-01 -2.1772741894e-01 -1.9759100645e-01 -3.4395719490e-01 7.1603084977e-03 1.9407798172e-01 -1.6841320211e-01 -6.8840186525e-02 1.2989473632e-01 -1.1558015960e-02 2.0089674260e-01 -6.8508420767e-02
-2.8886005346e-01 -1.8537455208e-02 -1.2322838424e-01 1.4149685477e-01 -4.4442273734e-01 -2.0015328659e-02 -4.1284467533e-02 -1.4548468895e-01 1.5596881115e-01 1.2823822428e-01 1.7375396540e-01 1.6499215230e-02 -1.4395741678e-01 1.2221832018e-01 2.5813006781e-01 -1.1229306150e-01 -2.8836790077e-03 -1.3884319668e-01 -1.5650368536e-02
-1.8611265321e-01 2.8478318283e-03 -9.9065188758e-03 4.2803483489e-02 -5.8309039570e-02 1.2288107240e-02 -6.8804079491e-02 -6.4130298226e-02 -5.6724426909e-03 2.8951772668e-02 2.5135004652e-02 3.3864898198e-02 -7.1147282764e-03 4.2333598546e-02 5.8021148614e-02 6.8066434576e-02 -2.8330174729e-03 6.9730988397e-02 1.8135661566e-01
-4.0252545228e-01 1.5697307622e-02 -1.4528121348e-01 8.2625166820e-02 -2.9510296478e-01 -8.7235751735e-03 -6.9805798196e-02 -3.1451364012e-02 9.7525866429e-02 7.9161516019e-02 6.7624814803e-02 -2.1619329446e-02 -8.7477151443e-02 7.5610474218e-02 1.2245061232e-02 -1.3099069170e-01 6.7096260165e-03 -9.2585240751e-02 8.9569015241e-02
3.7532439022e-02 -1.5415610051e-02 3.5832112780e-02 5.3574527837e-02 1.0674771856e-01 -1.1374628709e-02 6.1442657882e-02 -8.9971396318e-03 3.1442030438e-02 -1.9981783074e-02 -4.0647048249e-02 -5.8753315245e-03 3.6593503652e-02 -5.2732606108e-04 7.6488890223e-02 1.0751877339e-01 -1.7008582307e-02 -7.8056055113e-02 6.3489850365e-02
9.6918775094e-03 -6.4759690530e-03 -1.9641072764e-01 2.9468500738e-01 7.8006683358e-02 2.3866865848e-02 3.0085836097e-01 -2.2954553431e-01 2.6424458031e-01 2.6723209674e-01 2.3639247536e-01 2.9971425642e-04 -1.9942447362e-01 3.1390146934e-01 1.1900613467e-01 9.6929026625e-02 -1.2257685598e-03 -2.2584754776e-01 1.3697332473e-02
-1.7221391146e-01 -1.6790464952e-03 8.8259329367e-02 -9.0361593071e-02 -1.3812458776e-01 1.1590399673e-02 3.2615960589e-02 8.4284522252e-02 -6.9312924826e-02 -8.0192204543e-02 -1.3942197173e-01 -1.2406610675e-02 8.7370788514e-02 -6.7521495897e-02 1.6587618572e-01 7.1149871776e-02 -1.9488564515e-02 9.5855082712e-02 1.1103420524e-01
1.8068998099e-02 -6.2535399326e-03 1.4179390273e-02 -1.2981164967e-02 4.5104562735e-02 2.5763647379e-02 -1.6817485511e-01 7.0245852992e-03 1.5217995272e-02 1.1741025508e-02 2.9074084831e-02 -1.4570361908e-02 -1.3895892793e-03 1.5944342010e-02 -2.1994492347e-03 1.0522387386e-01 -1.5756374929e-02 -2.6719584668e-01 1.4881237140e-01
-1.3738026842e-01 -6.5706770006e-03 -1.0670402369e-01 2.0934087718e-01 -8.1115036551e-02 -5.2233623714e-03 7.9010473889e-02 -1.6395490284e-01 1.3479886421e-01 1.5671514866e-01 1.9900032543e-01 8.3261043255e-03 -8.9901691444e-02 2.2049731183e-01 1.2887880100e-01 1.1089744048e-01 1.8910987109e-02 -7.3829063994e-02 1.8312147025e-01
5.0318458572e-02 -2.0382202037e-02 -3.5831379170e-02 7.4219813536e-02 1.1029270080e-01 -3.1420470893e-02 1.5086749066e-01 -8.6808977101e-02 2.7811064603e-02 6.0057612546e-02 -8.5293231471e-03 -1.0317384629e-02 -2.7308739011e-02 7.6872506716e-02 1.2087784073e-01 1.0217458721e-01 5.4252664145e-03 -2.3636074619e-01 3.8619916172e-02
-1.6934943573e-02 -6.2865455886e-03 -1.9637940551e-02 3.8983342674e-02 4.6598130310e-02 4.7892955413e-03 -2.8085157196e-02 -1.4429192884e-01 2.3399774281e-02 4.4584205519e-02 4.5161617443e-02 5.1084256442e-03 -4.5900030056e-02 3.7376131844e-02 1.1510660657e-01 4.3751398374e-02 4.8722278540e-03 -6.6208635350e-02 1.6241536254e-01
-3.5430088598e-01 -1.1165186855e-02 -1.5566915857e-01 5.5769103000e-02 -2.1005931901e-01 -1.5115476084e-02 -5.7283055599e-02 -4.2398966038e-02 5.8538949656e-02 1.1233903103e-01 2.2382861403e-03 -1.8904531070e-02 -1.2470264999e-01 7.1007789915e-02 4.1239110000e-02 -1.4856093930e-01 1.0011227592e-02 -9.8251210664e-02 1.3804115570e-01
1.7417253583e-02 2.6229748665e-02 -1.9986301144e-02 2.3537892642e-02 1.2080187941e-01 1.3526739887e-02 4.3566858101e-02 -8.6449827898e-02 2.1948700883e-02 1.8853920092e-02 -2.1019845503e-02 -1.1644103500e-02 -6.1366673833e-03 6.2296566676e-02 7.7557750758e-02 1.1024172670e-01 2.3947404870e-02 -9.6375928704e-02 9.8058609570e-02
-7.6929351938e-02 -1.6578235682e-02 5.7395102678e-03 5.0769126036e-02 -1.1562295398e-03 -1.7997575257e-02 9.0302318226e-02 -6.2499513361e-02 2.9922572661e-02 2.6066096165e-02 1.9682416240e-02 2.1449397071e-03 -1.8756529006e-02 7.0247431029e-02 1.5259983271e-01 9.3854885103e-02 2.9701814912e-04 -1.0034815562e-03 1.2979419392e-01
1.3988387235e-02 -2.9390338685e-03 9.6519020727e-03 1.1560263438e-02 8.7781497857e-02 -9.2149636950e-03 -6.0763258907e-02 -1.1364442322e-04 -1.5308053088e-02 2.6589947608e-03 1.3707248115e-03 1.4261108394e-02 2.3419807460e-02 1.7910216145e-02 4.3638970356e-02 1.0952575173e-01 -9.7401253383e-03 -1.3897525347e-02 7.9338100123e-02
