1.9341682212e-02 -1.5389420437e-02 -8.5763835706e-03 -4.6924003562e-02 -8.7532111402e-03 1.2650406787e-01 1.3789901880e-01 -1.6584893658e-02 1.3010703561e-01 -2.0754481746e-02 1.0457812103e-01 -3.0768343901e-02 1.1534779565e-01 -2.7181218944e-02 -1.2816586653e-02 -1.5505001133e-02 1.2635405962e-02 1.0505759807e-01 1.2475277220e-01
-1.0959332214e-02 -1.1276094663e-02 -7.5429224397e-02 2.7621947780e-02 8.9616978352e-03 1.1262964603e-01 1.0355031761e-01 -2.5264530163e-02 1.4478947589e-01 -7.6493422096e-02 1.6611185520e-01 -9.2303423120e-02 1.4228442408e-01 -7.8639375300e-02 -8.9594673238e-03 -8.1212626196e-02 -4.2084752114e-03 1.6427363303e-01 1.3348508460e-01
-1.0162434741e-02 5.1392140920e-03 -1.0845533361e-01 2.2672122933e-02 9.4226068791e-03 1.4426887477e-01 1.3749097421e-01 -3.4791572317e-02 1.4851483309e-01 -7.5418443211e-02 1.5082958797e-01 -1.5515323231e-01 1.3490852865e-01 -7.3516843196e-02 -2.3745706714e-02 -1.3209117643e-01 2.8249207876e-02 1.3281122186e-01 1.4715829351e-01
-4.5133716693e-04 -9.0454379588e-03 -8.3615570356e-02 2.1560162501e-02 -2.0341347942e-02 1.5121563556e-01 1.1656286706e-01 -7.7987721647e-02 1.3422396722e-01 -1.2711026209e-01 1.3230789274e-01 -1.1567761547e-01 1.6631722249e-01 -1.1478130476e-01 -7.5582380480e-04 -1.0356286013e-01 -6.2688376222e-03 1.2194005011e-01 1.2269247542e-01
8.6294555728e-03 -1.9488535015e-02 -2.7745157678e-02 1.4053332094e-03 1.6752936359e-02 1.2641077409e-02 2.3581786326e-02 -1.2733728819e-02 8.8174991006e-03 3.9527426427e-03 -6.4806091165e-03 2.4746181757e-02 5.0335297586e-03 2.1369742505e-03 1.0588745102e-02 9.4264977738e-03 -2.4093988989e-03 -2.4800706817e-02 -9.7165460666e-03
1.3537381959e-02 2.8260923468e-02 1.9089746714e-02 -5.4164524494e-03 1.2064564044e-02 -5.2566518707e-03 2.4892386329e-02 -6.0267364894e-03 -4.0831401720e-04 -6.7567133386e-03 9.8480229856e-03 2.5301301597e-02 -1.4254956526e-02 -9.1157795045e-03 1.5441713350e-02 -2.2147997683e-02 -3.3645133975e-03 -7.3044443937e-03 1.6188587136e-02
6.0951443477e-03 6.8040483677e-03 -1.0883292016e-01 -1.1275838640e-02 2.0991169837e-03 1.3416108985e-01 1.4170833419e-01 -3.8082942145e-02 1.4135806740e-01 -8.5738812353e-02 1.3284057630e-01 -1.1729058151e-01 1.5983108422e-01 -9.4369314376e-02 -1.1294140711e-02 -1.0219356733e-01 -1.0740055522e-02 1.5441990418e-01 1.3123840781e-01
-6.5270820176e-03 -3.4204851387e-03 9.3200963643e-03 -2.5936858590e-02 9.1841570469e-03 8.5350365978e-02 1.0161080088e-01 2.1608458245e-02 9.6645237512e-02 5.3153878927e-02 9.2207269575e-02 3.6596375508e-02 1.0088635921e-01 2.8447088268e-02 7.7636961397e-03 2.4112960322e-02 -1.6649720837e-02 1.1806519475e-01 1.2344848500e-01
4.8991325552e-03 -3.2188789154e-02 -9.9982758350e-02 -4.4678045108e-03 6.1295204450e-03 1.3274824582e-01 1.2360314998e-01 -5.1829144235e-02 1.3017300873e-01 -6.1338099122e-02 1.3087520558e-01 -9.1720050357e-02 1.3276649855e-01 -8.2188352421e-02 1.6344493700e-02 -8.4848778638e-02 1.2572138360e-03 1.3380109034e-01 1.3254590735e-01
7.2352028270e-03 -4.3613513194e-03 6.3638399178e-02 -1.4351070003e-02 -2.9720965490e-03 -6.1980150553e-02 -4.3688113042e-02 7.9047488462e-02 -3.2503319250e-02 1.1591899248e-01 -8.0910632481e-02 8.6380007476e-02 -7.4103574142e-02 9.3730478520e-02 9.5130748747e-03 1.0866836110e-01 3.5426604497e-02 -7.2784642877e-02 -6.8483204929e-02
-9.9697249943e-03 -2.9356159715e-02 -6.2950684667e-02 -2.4053811505e-02 -1.1746162220e-02 1.2307897971e-01 1.1975047087e-01 -2.8101717006e-02 1.3095233353e-01 -2.7339077620e-02 9.8196964060e-02 -3.8365157350e-02 1.4463229066e-01 -3.4646429855e-02 2.2838206105e-02 -7.5968292696e-02 -1.3577720103e-02 1.4186294356e-01 1.3712687902e-01
-1.5815016527e-02 -3.5197116472e-02 7.8603932144e-03 1.7886356245e-03 -1.1863803884e-02 1.1409000389e-01 9.6412591954e-02 -8.2491508177e-03 6.8397624271e-02 2.5994927409e-02 1.0343677911e-01 4.4482986853e-02 1.0460353934e-01 -5.1715262990e-03 -1.4900760298e-02 3.1944674252e-03 2.2597520371e-02 1.0385936357e-01 1.0409690422e-01
-2.3682393297e-02 -1.3327271880e-03 -3.4180691310e-02 4.6092248869e-03 1.0291277136e-02 1.0923138134e-01 1.3488516001e-01 -3.0157598837e-02 1.0848509634e-01 -1.2460018596e-02 1.2092401444e-01 -7.8504316173e-03 1.1866053387e-01 -1.1876669369e-02 -3.6123750990e-03 -3.8902973509e-02 1.3395729533e-02 1.2602775934e-01 9.8097299193e-02
-7.3074407765e-03 -1.1212266782e-02 -1.0106936179e-01 -2.8473206531e-02 2.8975291711e-02 1.6554196368e-01 1.6620031697e-01 -5.6320281796e-02 1.3565826052e-01 -8.2071700750e-02 1.3173566029e-01 -1.4078876432e-01 1.6365982326e-01 -8.8138655401e-02 -1.3632372014e-02 -1.0094179611e-01 1.3145714515e-03 1.7669398550e-01 1.1915426381e-01
1.2604740603e-02 1.5895910582e-02 4.0363047806e-03 1.0541856647e-02 3.4134191404e-02 5.5823191150e-03 -1.4351760451e-02 -2.0036603969e-02 3.6387360647e-03 -2.4694094457e-02 2.7142348354e-02 9.2421772931e-04 8.7040389318e-04 1.2646462749e-03 8.7786117920e-03 -1.3785898116e-02 2.2453667611e-02 -7.9944076005e-03 -1.0760079051e-02
-5.9410849424e-03 1.1936991058e-02 -3.8031269351e-03 -4.8705206230e-03 5.4170967413e-04 1.2808456235e-01 1.3942452169e-01 -3.8068535044e-02 1.2084670412e-01 -2.6885708625e-03 9.3850384496e-02 4.6973550986e-03 1.1091903761e-01 9.8931423659e-03 -3.3596786645e-02 1.6500329636e-03 8.1474598926e-03 1.1146141364e-01 1.0424558117e-01
3.6247941746e-03 1.2239439931e-02 9.4408438185e-02 1.8000563165e-03 -7.3915703352e-03 -2.9397078650e-02 -3.5794357203e-02 4.7391037047e-02 -4.9876515746e-02 9.6987452203e-02 -7.3089730869e-02 8.9739639214e-02 -2.2618758122e-02 8.9160334390e-02 3.0489539637e-04 7.1661088875e-02 1.1725663383e-02 -5.9644850679e-02 -6.6577154707e-02
-6.7121479368e-03 -1.5856333105e-02 -1.1146930010e-01 1.0699471100e-02 -2.1038524014e-02 1.6090018267e-01 1.4055165639e-01 -5.8650518986e-02 1.2249427457e-01 -1.0405561240e-01 1.5306546927e-01 -1.0422137330e-01 1.2655716615e-01 -9.4143211139e-02 -4.7625806438e-03 -1.1528884065e-01 -3.7972599574e-02 1.1759211487e-01 1.6978486765e-01
-1.7297852080e-02 -1.8013546368e-03 -3.1311029528e-02 1.2888237423e-02 -1.4417284349e-02 -3.2656115703e-03 -4.6440115508e-03 9.9848821255e-03 1.6383268073e-02 1.2728815040e-02 -2.3380651850e-02 -1.2640351864e-02 -5.2879900035e-03 4.8029656593e-03 -1.0226148719e-02 -3.9217712289e-03 9.5434321826e-03 1.3619172643e-02 3.8700145191e-03
