7.9712714650e-02 -4.5975300759e-02 6.7408923434e-03 -2.7451340624e-02 5.8366202475e-02 6.8177164664e-02 -4.2612788217e-03 6.5455316466e-03 6.8828240137e-02 1.0888303571e-01 6.5316683615e-02 8.1022541699e-02 9.3119511128e-02 6.8275701789e-03 1.5796704970e-02 2.9839801691e-02 -1.3286891185e-02 6.8482573262e-02 1.8775448280e-02
5.6435879426e-04 5.7301428441e-03 1.7441072684e-02 1.8008357437e-03 1.5031985703e-02 -9.4425415046e-03 -2.6578817741e-03 -1.1009366175e-03 -1.4337861061e-02 8.7405560300e-03 6.7574864270e-03 -1.4761230904e-02 -1.4304489174e-02 -1.1636968650e-02 -1.7243619831e-02 1.7361217586e-04 1.4742328075e-02 -1.3481896462e-02 1.5371632044e-02
2.4235091848e-02 -4.1629175808e-02 -2.1572125910e-02 -1.7878724372e-02 2.5762212315e-03 -8.2809666989e-03 -1.7227714671e-02 1.2047992630e-02 1.0755473749e-02 4.5382245657e-03 -4.9509832364e-03 -1.0530688960e-02 -1.1925494024e-02 -7.0272612797e-03 2.3328250480e-02 -8.0175329143e-03 2.4197785698e-02 -1.0792237412e-02 2.6346233417e-03
9.8193815598e-02 -2.8653973802e-02 -4.3290659688e-03 -1.6813226782e-02 7.8038435421e-02 7.7350882137e-02 1.1730176225e-02 1.5071653389e-02 8.9958563169e-02 1.2978650082e-01 1.0378753796e-01 5.9882623121e-02 9.4725811190e-02 1.6351922413e-02 -1.1663469502e-02 -1.2022517211e-02 -7.3350003877e-03 8.5522130235e-02 -1.4329911009e-02
-9.6490396014e-03 2.2171709737e-04 -5.7784767107e-03 -8.4176987996e-03 1.2201121973e-02 -1.2304925980e-02 8.1275983234e-03 -1.1198201475e-03 2.8646171895e-02 -6.5298070838e-03 8.3294923552e-03 -1.1281629328e-02 -1.2607047035e-02 1.6115368527e-02 2.7404373074e-02 4.9732673802e-03 2.5685180250e-03 -1.9627272501e-02 -3.8853688622e-02
1.1921134139e-01 -5.7442353519e-02 -1.9087237070e-03 -3.8242691954e-02 8.4715567732e-02 8.2753781875e-02 -6.7068849261e-04 -7.6256981171e-03 1.1156235555e-01 1.2442066640e-01 1.0438345266e-01 1.4860929551e-01 1.0776386284e-01 4.9833484825e-04 -1.8871153035e-02 -1.2280394103e-02 -3.5955399861e-02 1.0145773478e-01 -8.9213996810e-03
-7.7989456917e-03 -6.2096546516e-03 -5.1285213423e-03 2.6746921252e-02 -7.7359112349e-03 -2.5228615093e-02 2.7951619727e-02 -9.8942633097e-03 1.8534535875e-02 -6.4522861902e-03 1.7765461699e-02 -8.8538105000e-04 -1.1064006643e-02 2.0693487397e-02 -7.1386374763e-04 9.7734311637e-03 2.3803761103e-03 1.9349292234e-02 -8.5686180269e-03
8.2313835451e-02 -3.5043153976e-02 1.7395183573e-02 -1.2555249573e-02 4.7719925743e-02 9.7711022540e-02 -1.6240458365e-02 -2.5167281028e-02 1.0452893891e-01 9.3722350385e-02 1.0145447816e-01 7.4278229124e-02 9.8147989270e-02 -2.1523306412e-02 -1.8595690328e-02 -1.7310317332e-02 -1.1273599016e-02 7.9336966149e-02 -6.1139269539e-03
-5.3452898630e-02 3.9119322366e-02 -1.0358920874e-02 3.9590445679e-03 -6.3119020689e-02 -7.8256465995e-02 5.5332851446e-03 7.9723488213e-03 -7.5977151648e-02 -1.5674061301e-02 -8.0058068452e-02 -7.4163226308e-02 -7.8512022248e-02 -4.8351133877e-03 6.0555171761e-02 5.9123895723e-03 7.1669429100e-02 -6.4463403276e-02 5.0159559963e-03
3.8498046370e-03 6.4409841728e-03 -3.2363758388e-02 -3.4163872245e-02 1.3778995021e-02 6.3354423596e-03 1.5857197613e-03 -1.7668973588e-02 2.5085755315e-02 1.6463547797e-02 -5.0773373735e-03 5.2312611773e-03 9.3594427220e-03 2.9112255246e-03 -1.1119604024e-02 1.6191297960e-02 -8.1764300626e-03 -9.0374089295e-03 4.4916748794e-03
-4.0914979607e-02 2.7736758222e-02 -2.4523226845e-02 -3.6885776116e-02 -4.6956218297e-02 -4.0134079495e-02 3.1834545696e-02 -2.8591937331e-03 -5.3679385135e-02 -3.3214585553e-03 -3.0386671034e-02 -2.2148234697e-02 -3.4811110224e-02 4.7057279678e-03 4.5976576453e-02 2.3955941937e-02 2.3015224724e-02 -1.9556629632e-02 -2.1284219853e-02
5.8708703804e-02 -1.5603545860e-02 -1.5870697604e-02 -1.5098488939e-02 6.2588069879e-02 8.6149221942e-02 9.8797751586e-03 -8.4708092892e-03 9.3672486226e-02 1.1272313946e-01 8.2790680817e-02 9.0136671164e-02 1.0454903575e-01 -1.0194082911e-02 -5.5341457010e-03 -9.1479170802e-03 6.8659671330e-04 9.0301812946e-02 -1.0373319167e-02
1.5157882499e-01 -7.8383199296e-02 -8.8710051605e-03 -2.1014244945e-03 1.1170519519e-01 1.4571443744e-01 6.7831605125e-03 2.5991671982e-03 9.4654834663e-02 1.5558230080e-01 8.6172559905e-02 1.5171164397e-01 1.1258012998e-01 -6.2308414359e-04 -4.0890613393e-02 -7.0366077782e-03 -4.1336130425e-02 1.3163814943e-01 -1.0590599640e-02
1.3228541911e-01 -8.2072762707e-02 -1.0843733749e-02 -6.6925824399e-03 1.6404264234e-01 1.5710024816e-01 1.0985433611e-02 -2.0700264800e-03 1.3196511394e-01 1.5051563792e-01 1.8146464184e-01 1.6294660278e-01 1.4679813248e-01 5.3632531031e-03 -5.2975547603e-02 2.0086625278e-02 -7.7989028928e-02 1.5698346635e-01 1.0964101225e-02
-9.2429942030e-02 7.3404594306e-02 -2.5723954659e-03 -2.6413538471e-02 -6.0842076605e-02 -7.7443093688e-02 -1.1741458741e-02 -1.9252542064e-02 -7.4686649202e-02 -7.2451992037e-02 -7.4604230572e-02 -7.4210892184e-02 -9.4295186269e-02 2.0380321608e-02 8.1114090941e-02 6.3649468733e-03 9.5466935090e-02 -8.5522173149e-02 1.4222375543e-02
7.8677564265e-02 -4.9884028711e-02 -2.6551399440e-03 -4.4672074966e-02 5.8378786408e-02 1.0428339293e-01 5.8303040867e-03 -8.1657828730e-03 1.1899022002e-01 6.8136668552e-02 1.0354323400e-01 7.9825599042e-02 7.6074697309e-02 -8.9977802772e-06 1.1286259521e-02 2.9776256516e-03 2.2874578744e-03 6.8116251142e-02 -1.3034858083e-02
-4.9968298763e-03 -4.2433925299e-03 -2.2517583839e-02 -4.3903342197e-04 -1.0274980931e-02 8.8724799387e-03 -3.1142517958e-03 1.5189925244e-02 -6.4662594290e-03 9.7339267661e-03 1.1162731116e-02 5.5976732836e-03 -3.9040598781e-03 -2.9063064459e-02 3.1980268724e-02 -7.2925605299e-03 7.2895028355e-03 -6.7205341442e-03 5.8104569158e-03
2.3751806151e-01 -1.7617414613e-01 2.1929791915e-02 -8.1600922549e-03 2.2436031071e-01 2.1612151768e-01 -1.2378164099e-02 9.4635952834e-04 2.3369756497e-01 2.5411112356e-01 2.5392527761e-01 2.8067979904e-01 2.3350580413e-01 -1.3030108826e-02 -1.2927618090e-01 4.9491100009e-03 -1.3243204362e-01 2.4245942483e-01 -1.0462359312e-02
-8.3798894320e-02 6.5424224514e-02 -9.8576412739e-03 -1.7641199196e-02 -7.1979442292e-02 -9.6291358737e-02 -1.0651479279e-02 2.1046796469e-03 -6.0863159759e-02 -3.9295887160e-02 -8.1955219890e-02 -5.3622434711e-02 -8.2138490541e-02 6.6743842718e-03 8.2400345856e-02 3.1249038260e-02 5.4904920444e-02 -5.6368553198e-02 1.8725083381e-02
