2.6158203987e-02 -3.1738759615e-01 1.1364273777e-01 -1.2653715216e-01 -2.5386634943e-01 1.8294005953e-02 -1.1028301655e-02 2.8388094814e-01 -8.4967531320e-02 1.5459518395e-01 1.8298232910e-02 -3.2047920246e-03 -2.2836214120e-03 -2.0151701858e-02 -1.2917127387e-01 2.1019705002e-01 -1.2514619251e-01 -1.0781962472e-01 -7.2344855298e-02
-5.8783591262e-02 -6.4270727754e-02 6.8057609676e-02 -5.7203990502e-02 -1.7272756982e-02 1.0265682283e-01 -3.2250073411e-02 -7.6416378897e-02 2.8517027163e-02 -1.7487038570e-01 8.5306280566e-02 -2.4031646131e-01 -9.0898712186e-04 7.0387845872e-02 -3.2965042778e-02 -1.1147134787e-02 -4.7656685379e-02 1.0500660458e-01 -2.0748444745e-01
4.2197396650e-02 2.6797628700e-02 6.0942608056e-02 -1.4744276406e-01 7.9183780530e-02 9.0055948680e-02 -8.3712902313e-02 9.0399316356e-02 -7.1445328978e-02 1.9223372302e-01 3.3726346885e-02 -7.2177374980e-02 -1.6226114037e-01 -2.2711985715e-02 -6.4154561896e-02 4.9015825623e-02 -8.1316939107e-02 -9.1798652615e-02 -3.6875481827e-03
2.3711276023e-02 2.4862661271e-02 -5.5897187509e-02 -2.0165346896e-02 2.2966264752e-02 -7.6016124749e-02 5.9678652111e-03 1.2108121509e-02 -2.2738875172e-02 2.6391506678e-01 1.2465827006e-01 -2.1190668436e-02 4.6046073036e-02 -3.2795856355e-02 -9.7742756773e-03 2.0658205434e-02 -3.1138796963e-02 1.0801414070e-02 1.7136482510e-02
-1.7689644603e-01 -5.6036064712e-02 -6.7830871362e-02 6.9311650076e-02 6.9138778824e-02 2.1845192129e-02 1.5363738351e-01 -3.4416697879e-02 -5.1854597257e-02 -5.1228635712e-02 4.0310653918e-01 -5.6422821440e-02 -2.7054283141e-02 -9.6774469851e-03 2.5453215007e-02 -1.8581405955e-02 -2.3075242940e-02 1.6162980684e-01 -8.8837873767e-02
2.9430969872e-01 -7.9747772960e-02 6.9788599461e-02 -1.8252537317e-01 -5.8567947916e-02 -2.1720382263e-01 -2.8891184123e-01 -5.2193094277e-02 2.3007151836e-01 -2.5489131359e-02 3.1469790105e-02 -4.6889679878e-02 -7.6790063423e-02 1.7416378559e-02 -2.7458220805e-01 -5.3027063526e-02 -5.7788890381e-03 -1.6858751319e-01 7.3249687704e-02
-1.1642562200e-01 4.4075387132e-02 -1.1877583490e-01 -7.8620544314e-02 1.1622649798e-01 -6.9361690749e-02 1.1513104824e-01 2.0191584787e-01 -2.1906430646e-01 1.6979829346e-01 1.6742898410e-01 -2.0471662131e-01 -3.1824652803e-02 -2.1909902243e-01 -6.7016070277e-02 1.4061442978e-01 -2.0346459045e-01 -9.1471690240e-02 -3.2404457651e-02
9.8722419550e-03 -1.4509423219e-01 -2.4234311631e-01 -5.9365941130e-02 2.8248972631e-03 8.0639138751e-02 1.2384210725e-01 -1.4661610500e-01 -7.2136296184e-02 -1.6669391485e-01 1.8682482814e-01 1.6938061868e-01 -7.7309837829e-02 -1.9114124413e-01 -2.3389849033e-02 -9.7800371655e-02 -1.2049198715e-01 -5.0691692592e-02 1.6729324269e-01
-1.5524911603e-01 4.6713551538e-02 -8.5010525624e-02 -9.8429078563e-02 1.4453427527e-01 -7.3773599181e-02 1.0225051033e-01 -1.8536075104e-01 -1.7958752904e-01 -1.8989788423e-01 -2.7166262351e-03 4.1200082784e-02 2.1319043230e-01 -1.5018702506e-01 -1.4134787219e-01 -1.8715411825e-01 -2.5940688602e-01 3.6386522149e-02 -1.0321531232e-01
6.9981561779e-02 7.8833867929e-02 -1.6857382464e-02 -2.6768335927e-02 2.5826428466e-02 -1.1675156282e-01 -7.9046318519e-02 1.1609781464e-01 7.6521719307e-03 1.4500596237e-01 -1.0792911435e-01 -4.5068724771e-02 -5.1555533991e-03 -3.3165012144e-02 -1.2425724598e-02 1.1504718042e-01 4.6472307208e-02 -1.5329322455e-01 3.8685898159e-02
