2.0106316232e-02 4.0564585038e-02 1.0896626839e-02 -5.8064333320e-03 -1.3971684652e-02 1.1719087076e-04 7.5743140842e-03 2.5530107649e-02 1.7699637673e-02 1.2559153834e-02 3.6458078982e-02 2.4306902870e-02 1.0160355457e-02 -8.1141885043e-03 -1.0499310396e-03 -1.6370510147e-02 -5.7771899594e-03 3.4475973613e-03 1.5470440317e-03
4.0794307566e-03 3.0239902575e-03 1.9058420241e-02 -2.0852451720e-02 5.5244913097e-03 2.9368889532e-02 -2.8711755657e-03 -7.5885159201e-03 1.0661404016e-02 1.6048631197e-02 8.7028192163e-03 2.7252569835e-02 -7.6421091635e-03 -8.9134244174e-03 1.2774460804e-02 -1.1926041869e-02 1.6919635812e-02 -1.4989071342e-02 8.4681132831e-03
1.0078009036e-01 -1.0842659555e-01 -8.9684026087e-02 -1.1222526287e-05 -1.4621315086e-01 1.0786321281e-02 -1.4592091375e-02 -1.0215612002e-01 -9.5435391491e-02 -1.3381918112e-02 -1.3167944116e-01 -2.5043625583e-02 1.4754705941e-01 -1.4754366269e-02 -1.1640866643e-01 3.4356023090e-02 -3.3104398465e-02 -8.2600246617e-02 -1.1150960167e-01
-2.8630685032e-02 1.2364597308e-02 2.7975073338e-03 1.8412643088e-02 1.1921080741e-02 -9.6130906897e-03 -3.0714355351e-03 8.3955368537e-03 4.4174998382e-03 -7.5215094713e-03 -1.8079696743e-02 1.4624047010e-02 1.1786526974e-02 3.0787570533e-03 2.4514095860e-02 2.4711208625e-02 -2.6554278536e-02 1.0877827410e-02 2.7264976635e-03
-1.5233623699e-02 2.7092292332e-02 1.0812951910e-02 3.2911254857e-02 2.3381983316e-03 -3.5168471061e-03 4.7175818270e-03 3.3463243725e-03 -2.3812110310e-03 -2.4277384978e-02 -3.1881525608e-02 2.1202295166e-03 -1.2277647454e-02 -1.3908759425e-02 6.3370671631e-03 -4.8777378825e-03 1.6466765963e-02 2.9368392090e-02 -1.9885267338e-02
-5.5932602070e-02 9.1005765580e-02 1.3238508968e-01 -2.2809094219e-02 1.0173648348e-01 -1.3118048272e-02 -2.5891293401e-02 1.3340352616e-01 1.1808885925e-01 2.0139164933e-03 1.1739699145e-01 -4.1361600174e-03 -6.9258736826e-02 -2.8884759339e-02 1.2942363687e-01 -1.7053912284e-04 -5.2545836413e-02 1.3873097865e-01 9.3599945821e-02
-5.7971682320e-02 1.2470457632e-01 1.2297805359e-01 2.9171046904e-03 1.1683482384e-01 -1.6166136260e-02 -1.3148521916e-02 1.2293880745e-01 1.2406081346e-01 -3.0670657712e-02 1.0784748482e-01 -1.5871777530e-02 -3.6114933654e-02 -1.9627523179e-02 1.2826472144e-01 -2.7509834601e-02 -3.5079380202e-02 1.2606553786e-01 1.2865267145e-01
9.2114420546e-02 -7.8814988714e-02 -4.9908574249e-02 -1.3320071318e-02 -8.2018243987e-02 -8.9428247953e-03 7.0971938786e-03 -1.0434957212e-01 -3.4855638496e-02 -2.4681027570e-03 -1.2463134991e-01 -1.8999318875e-02 1.2494930638e-01 1.2063396415e-03 -8.4131455538e-02 8.6462679062e-03 -3.3045400619e-02 -2.5158152693e-02 -1.3137268479e-01
-1.3498611123e-02 9.2435715449e-02 1.1433881661e-01 2.3123204470e-02 9.9891090189e-02 -2.4749056389e-02 -7.6188169167e-03 1.1284126651e-01 1.1097288452e-01 -9.9361912226e-03 1.2630685273e-01 5.2972191587e-03 3.0191112025e-02 -8.5173915053e-03 1.0192611933e-01 2.0817336046e-03 -6.3642024056e-02 1.0291317350e-01 9.2678904832e-02
9.9501083897e-02 -1.2296993047e-01 -7.1272328061e-02 -2.7719326240e-02 -1.1880988664e-01 -1.3455782741e-02 2.3155626658e-02 -1.3398258874e-01 -7.5762783497e-02 -9.1532286132e-03 -1.3346785203e-01 -1.1378519308e-02 1.4734958396e-01 -3.2393842403e-02 -8.8270445762e-02 6.6597736659e-03 -2.3151679000e-02 -5.5702313010e-02 -1.1230468382e-01
-1.6642476503e-02 1.1252447144e-01 1.0814122946e-01 5.0225364728e-03 1.1955570353e-01 -1.8437312828e-02 8.4627820158e-03 9.7320802261e-02 1.3292854839e-01 -1.2290391033e-02 9.8395441985e-02 7.6697777252e-03 -3.8938467065e-03 -1.1847758396e-02 1.1292139769e-01 1.2229033883e-03 -6.5214575740e-02 1.2476605440e-01 1.3884603352e-01
1.3270824111e-01 -1.1881227682e-01 -7.4200027155e-02 1.3003806376e-02 -1.5615458668e-01 1.7249288426e-02 3.3667589622e-02 -1.3981382220e-01 -9.4143626407e-02 1.8574701382e-02 -1.3942558956e-01 2.7865256630e-03 1.7313669620e-01 -9.3837037896e-03 -1.1759950645e-01 1.5241101993e-02 -4.3185393608e-02 -9.2040188166e-02 -1.5179134424e-01
-4.9340493320e-02 1.1767587585e-01 1.0622342328e-01 -5.2106476604e-03 1.2960629899e-01 1.8403106899e-03 -4.3210593871e-03 1.1309453446e-01 1.0459560608e-01 -1.4282151229e-02 1.3151156624e-01 -1.0858211305e-02 -5.4500722303e-02 -1.3674137046e-02 1.2175239853e-01 -1.1290754552e-02 -5.1289522094e-02 1.0966213354e-01 1.5699807782e-01
1.3683156735e-01 -1.0120583393e-01 -8.5758412142e-02 -2.3444264693e-02 -1.3626305670e-01 -2.1450896622e-02 -8.1997913203e-03 -1.4800234689e-01 -8.4602608691e-02 -1.7187344458e-02 -1.3188516110e-01 -6.4875928331e-03 1.4051333317e-01 -2.0145879502e-02 -1.1959345383e-01 4.3395560995e-03 -5.5842863251e-02 -7.8731447237e-02 -1.5444474502e-01
1.6536966916e-02 -1.1574282883e-02 -1.6002848326e-02 3.9813657365e-03 9.6679807577e-03 -4.1225216580e-03 -9.2538957257e-03 -1.0433845560e-02 7.1560403291e-03 -1.8366603065e-04 -5.2461571534e-03 -5.3447417024e-03 -3.2576779758e-03 -1.9104621398e-02 -2.0405636105e-02 -3.7222951415e-03 -3.5764251066e-03 -1.6471658249e-03 -7.5741393357e-04
1.2333191144e-01 -1.2977431114e-01 -8.5586817647e-02 -8.8380587637e-03 -1.1018583697e-01 1.5391878515e-02 -1.6316246377e-02 -1.4057899362e-01 -8.3940526700e-02 6.7251217633e-04 -1.4260247430e-01 -2.0617388044e-02 1.7904744313e-01 8.9216071407e-03 -9.7273375678e-02 5.4222414931e-03 -3.8989563257e-02 -5.8342151278e-02 -1.2848399249e-01
7.1860149828e-03 1.6065541018e-02 -6.9114658454e-03 -1.5675518071e-02 -1.0452576200e-02 1.4870882099e-02 3.5672158814e-03 -4.1950669864e-03 1.3138196072e-02 1.2426766243e-03 1.1041411898e-02 1.7075319196e-02 -2.0588275346e-02 1.2185682405e-02 -8.9041394822e-03 -1.4514497864e-02 -2.9959014419e-03 -1.3440115843e-02 -2.9066927964e-03
-5.8712428216e-02 1.2716951816e-01 1.1152316843e-01 -1.2555612834e-02 1.0689801951e-01 1.5085175298e-02 1.7793982576e-02 1.1775961723e-01 1.4164207642e-01 -1.8652896273e-02 1.2505210245e-01 8.2598268395e-03 -2.6753054329e-02 -2.4335940775e-02 1.1335986535e-01 6.4283496504e-03 -4.9326316568e-02 1.3497575503e-01 1.3177667297e-01
-2.5762005581e-02 1.2415068472e-01 1.0300232239e-01 -1.1783229920e-02 1.2517412580e-01 -2.7014720308e-02 1.5877567227e-03 8.6779137410e-02 1.1184210658e-01 -1.1006660669e-02 1.1105898461e-01 4.1684987771e-03 -1.4438161538e-02 -2.4809624142e-02 1.1031903169e-01 -3.7372389781e-03 -9.4945286472e-02 1.4497365102e-01 9.9329811672e-02
