9.4691330239e-02 1.1893795238e-01 1.5160370343e-01 1.0980928914e-01 1.1470577725e-04 -2.3429662356e-02 1.4055746134e-01 8.5508722173e-02 1.3066149833e-01 -1.6760503761e-02 1.1777442257e-01 1.1864075740e-01 1.0086945422e-01 1.2698772361e-01 4.3610323290e-03 1.0807215879e-01 -2.3366132950e-02 1.5665488412e-01 -1.1192790709e-02
-1.2205728943e-01 -1.0069569288e-01 -2.3496518356e-02 3.0861312011e-02 -1.6387064007e-03 -3.7646689533e-04 1.7160327764e-02 -1.3961978311e-01 -5.0763288556e-02 9.6845875727e-02 -1.0401905511e-01 -1.0253278539e-01 -1.0514497047e-01 -9.7775066663e-02 8.5338371181e-03 -1.0641566813e-01 5.9295247626e-02 -6.6934090877e-02 3.0444386444e-03
1.3636960238e-01 1.5124007828e-01 1.5488184345e-01 1.4707966665e-01 -1.3043900872e-02 -1.0401568161e-02 1.3290094477e-01 1.3828621442e-01 1.4085816716e-01 -1.0066462229e-01 1.5354379842e-01 1.4773370777e-01 1.4214645271e-01 1.1797905999e-01 -2.2933870457e-02 1.2992255110e-01 -6.3976809213e-02 1.5061037538e-01 -1.2995462445e-02
1.0884696239e-01 9.4008610577e-02 9.7289631659e-02 1.2411198551e-01 -2.5616776004e-03 -1.7644155786e-02 1.5049036990e-01 9.6226703111e-02 1.0778523457e-01 -1.5003864335e-02 8.1179453053e-02 8.7374090358e-02 9.8497894454e-02 1.1635534460e-01 -1.0021336107e-02 9.7102639434e-02 1.0408354143e-02 1.1318854706e-01 4.7168329194e-03
9.3648563128e-03 -1.6451433905e-02 -1.8678896473e-02 7.5054905794e-03 2.6579397990e-03 -1.6707178522e-02 -4.9440739145e-03 -7.8324876283e-03 3.8478530408e-03 2.4305585464e-02 -6.3907999099e-03 -1.2901314570e-03 4.9314291126e-03 -2.0632444177e-03 1.5726074903e-02 -1.0559790268e-02 1.5813913861e-02 -1.4228307786e-02 -1.0484619142e-02
1.3253607407e-01 9.9338559997e-02 1.3538759851e-01 1.3702148879e-01 -1.1377154946e-02 -1.0311042089e-02 1.5197705630e-01 1.5687744979e-01 1.2670772646e-01 -9.5440332723e-02 1.0602021764e-01 9.8314487780e-02 1.2651921812e-01 1.5027173514e-01 -1.1320419639e-02 1.3800574127e-01 -9.8268896136e-02 1.3413944505e-01 1.1073586668e-02
8.6948136497e-03 8.3710884820e-04 -1.8626825850e-02 1.5454460006e-02 7.0606740578e-03 1.6222818922e-03 -6.1811608433e-03 -2.9782493504e-02 1.6503354598e-02 -6.2054331820e-03 1.1557560984e-04 -1.3359508659e-02 2.1754642876e-04 -1.6901439840e-02 -1.9835112667e-02 -9.2900715934e-03 -1.5543313058e-02 -1.1046854850e-02 7.0429159834e-03
1.5144009272e-01 1.6392089243e-01 1.5393949483e-01 1.6015392202e-01 1.4767850209e-02 -2.6082008151e-02 1.7008105020e-01 1.4916427046e-01 1.3850030990e-01 -9.5200289061e-02 1.5131940780e-01 1.3441983150e-01 1.4458542905e-01 1.6524465698e-01 -1.0048389410e-02 1.3487653956e-01 -8.2752715942e-02 1.4965744033e-01 -4.0504722069e-04
4.5937471377e-03 -1.6671737418e-02 -7.2440854615e-03 -3.1522145330e-03 1.0074884523e-02 -6.3602737531e-03 -1.4638578313e-02 -7.4471270461e-03 -1.0786242115e-02 -9.4800510798e-03 -1.3445616642e-02 6.8629934937e-03 -1.2937156904e-03 -3.5946759080e-02 -6.0231384418e-03 -1.4953122460e-02 1.3671993373e-02 2.2018162853e-02 -4.5277404516e-03
7.0948494392e-02 8.5010815722e-02 1.2029811186e-01 1.3219865337e-01 -2.0954834440e-02 -3.6216994594e-03 1.1804734991e-01 8.5542177573e-02 1.0700094180e-01 7.3852817284e-03 7.8039390252e-02 7.6552512205e-02 9.9172091227e-02 8.3304937611e-02 -1.8884745591e-02 4.9857070652e-02 -6.2883836738e-03 9.9675980085e-02 -1.4838294560e-03
8.9391558299e-02 1.0732255234e-01 1.4620930725e-01 1.0482384250e-01 6.2486216775e-03 2.6858711528e-03 1.2224319416e-01 9.8837796613e-02 1.2069175782e-01 2.3687991155e-02 7.5167413412e-02 1.0195172068e-01 8.4031494989e-02 1.0208072956e-01 -1.8140181385e-02 8.5042637303e-02 -1.0219765275e-02 9.7829149687e-02 1.7191128087e-02
-1.1199570221e-01 -9.9542533567e-02 -2.2075109005e-02 1.3119037188e-02 -1.2572649159e-03 1.1680136444e-02 -1.6789068452e-02 -9.6990642437e-02 -6.4870676921e-02 8.6610674044e-02 -1.2521704828e-01 -1.1402991453e-01 -1.3232163956e-01 -9.2029836976e-02 -1.2714130632e-03 -1.2283533673e-01 6.4934987775e-02 -1.0163228958e-01 -6.1671108935e-03
8.7626768997e-02 1.0622204030e-01 9.9179245447e-02 9.6892219016e-02 -6.3996060322e-04 -9.5131688560e-03 1.2403710064e-01 1.0137008912e-01 8.1242371771e-02 7.9721794483e-04 8.8274515986e-02 8.6308311277e-02 5.9233849324e-02 1.0663305690e-01 -1.6210451833e-02 7.5635294106e-02 1.0093662449e-02 7.1098740597e-02 2.1134452509e-04
-6.8468523015e-03 -2.7381088026e-03 4.4286244842e-03 2.4152836788e-02 -3.0398052656e-02 -1.3951220843e-02 1.8565316039e-02 2.3232169880e-02 2.2598899763e-02 1.8494920302e-02 2.0880851012e-02 2.6041008859e-03 -1.0419989990e-02 3.7208838196e-03 -6.4270196607e-03 -6.1493471915e-03 8.1288562231e-03 -3.9741711651e-02 1.1865465403e-02
-1.1175780486e-01 -7.9279038883e-02 -4.6656179749e-02 -1.6595433734e-02 -5.6009840705e-03 6.4619404584e-03 1.7048728720e-03 -9.6681977722e-02 -6.7293564651e-02 7.9995296374e-02 -1.2191185985e-01 -1.2882076305e-01 -1.1618736370e-01 -9.6961297607e-02 1.0380469336e-02 -1.3447894791e-01 8.5358234293e-02 -1.0378945529e-01 1.3166127837e-02
1.1956534880e-01 1.0576178278e-01 1.1874407310e-01 1.2118103885e-01 -1.8096427676e-02 -1.3506990705e-02 1.3445563261e-01 9.2459079875e-02 1.2252230247e-01 1.3973846123e-03 9.1361672222e-02 1.0347373044e-01 7.4055821960e-02 1.0199930274e-01 8.0108469817e-03 1.0018883006e-01 -2.1305023265e-02 8.9268999792e-02 -4.9998426501e-04
-1.2200732477e-01 -8.3455653644e-02 -4.4904938665e-02 1.1139675121e-02 -1.5201792239e-02 -1.1873548246e-03 -1.3134468972e-02 -8.3487067171e-02 -5.3075066141e-02 1.0420611466e-01 -1.4949321616e-01 -1.1868532094e-01 -1.3041481740e-01 -7.7454628443e-02 -6.4280888314e-03 -1.1529225819e-01 7.5150167805e-02 -6.9826119644e-02 1.4439659504e-02
1.6384970154e-01 1.4290998805e-01 1.7060880024e-01 1.4544456479e-01 2.0090845779e-02 -1.7455960362e-02 1.4223139255e-01 1.5292303369e-01 1.2547478553e-01 -9.3576281651e-02 1.4246896567e-01 1.4196648162e-01 1.3410024089e-01 1.4978891105e-01 -2.4504369081e-02 1.2958881075e-01 -7.1276619604e-02 1.5151282508e-01 -5.3761115226e-03
1.9019102850e-02 -1.6659017606e-02 -2.3172224129e-02 6.6467987294e-03 -2.1041709208e-02 -1.1990231903e-03 2.0893910401e-02 3.7297092290e-02 4.6858772625e-04 1.5994578138e-02 1.1950948152e-02 1.0316902788e-02 6.3916878139e-03 -7.2055019212e-03 1.3863213602e-02 -1.5574698835e-03 1.7631511878e-02 1.8406711372e-02 2.1473073251e-02
