-1.1784090898e-02 -9.5403990225e-03 -9.7573070417e-02 -1.8428566969e-02 1.5500557130e-01 -1.1085613993e-02 -1.3933206758e-02 1.1664997591e-01 1.4417679886e-01 3.8171694869e-02 1.5439375488e-01 -2.8044334674e-02 -1.0846354199e-02 1.3233429500e-01 -4.5945816043e-02 -7.9756826562e-03 1.1073587293e-01 -7.6480240147e-04 1.1594942122e-01
-5.2581273221e-03 -3.8306770646e-02 8.1653360941e-02 1.1944874782e-02 -7.5706901288e-02 5.8780505526e-03 -7.5215009746e-02 -5.0967128701e-02 3.8685050928e-02 -1.5459217917e-02 -6.2948044482e-02 1.1014963508e-01 -1.9414745252e-02 -8.4880400764e-02 5.1025146061e-02 -1.4108108441e-02 -4.1375001692e-02 -1.4806407965e-02 -4.1608528962e-02
-5.3754396934e-03 -5.5551497162e-03 6.6857914513e-02 1.3005029030e-02 -6.3781538305e-02 2.4899473690e-02 -3.8051311147e-02 -7.5999201877e-02 3.5460588548e-02 -2.9517517465e-02 -8.8831148967e-02 7.2735992055e-02 1.3648587164e-02 -8.1627112040e-02 7.0103710297e-02 -1.7346166184e-02 -5.5862359114e-02 3.7042077746e-03 -5.0636667047e-02
3.3354768537e-02 -1.5650490639e-04 6.0964419020e-02 -4.7203820990e-03 -4.9024545645e-02 -2.3769460951e-02 -6.3854814989e-02 -6.7857438967e-02 9.1594991035e-03 1.9218152460e-02 -6.3938454240e-02 6.2093320562e-02 2.1045419299e-04 -6.3038901616e-02 7.9213990479e-02 3.3026690247e-03 -5.3025057048e-02 -1.7780537620e-02 -4.4783887841e-02
1.8307936696e-02 -3.8286798455e-02 5.5692164698e-02 1.0597272824e-02 -8.5935955804e-02 -5.4839930290e-03 -6.6764471448e-02 -7.6056979877e-02 -1.4090438268e-02 -2.3362277859e-03 -3.7363181774e-02 6.2822616018e-02 7.7910209772e-03 -7.5152862799e-02 7.1745576444e-02 -1.7818257750e-02 -6.0309698262e-02 -1.6735410808e-02 -4.5966197346e-02
8.5874551532e-03 3.7288543286e-03 -1.6016566768e-01 -7.5123625197e-03 1.9068756634e-01 4.3854055916e-03 2.0981357881e-02 1.8181440915e-01 1.7581418271e-01 1.4400047549e-02 1.6875400989e-01 -9.4598179687e-02 -1.5838167918e-02 1.8597180803e-01 -1.2231091973e-01 6.9928315860e-03 1.8024281112e-01 4.0550601144e-03 2.0997173252e-01
2.5490122152e-03 -2.7448712918e-03 -2.0565890352e-03 7.9798557514e-03 -5.3641308194e-03 4.0443080034e-03 -1.1061534963e-02 4.5558432587e-04 1.2577870187e-02 7.9545558486e-03 -2.8018588079e-03 -1.0015260516e-02 1.8628336683e-02 1.5504598842e-02 -1.1359607835e-02 5.2216972399e-03 -6.6891579238e-03 5.7014324685e-03 -3.4211505417e-02
-2.7787216442e-02 7.1192349839e-03 1.4357865558e-02 1.0706023305e-03 7.8716365332e-03 3.5892705655e-02 -1.9608896590e-02 -7.0456690910e-03 -8.8122601449e-03 -3.3650278849e-04 1.8739087139e-02 -1.0887383832e-02 -7.2722018586e-03 6.4718687845e-04 1.8120933939e-02 3.8373228601e-03 -5.4759065875e-03 -1.7649459584e-02 -8.7517639621e-03
1.2220970641e-02 -2.1623422361e-03 5.9349773428e-05 6.8276628500e-03 -2.3906200658e-02 2.8572055922e-03 1.5046604596e-03 -1.1247436608e-02 2.5002947377e-03 2.2820103710e-03 -9.4622013200e-03 -1.2232035449e-02 4.5372125512e-03 7.3428056553e-03 2.1749329109e-03 -1.1014473017e-02 1.6288768104e-02 -4.2941443393e-03 4.2710097687e-03
-2.4521027014e-02 -6.0858124306e-04 5.6254035838e-03 4.4212758116e-03 9.4060423966e-03 6.2586919510e-03 5.8561876250e-03 1.2669308719e-02 1.8196805868e-03 4.1377700387e-03 -1.2049748884e-02 -7.8826832568e-03 -3.2884907685e-03 3.0259484177e-02 -1.6343343829e-02 -2.3121598890e-02 -2.3720136937e-02 1.3141255297e-02 6.6995399323e-04
-1.0942606726e-02 -5.6750119785e-02 -8.4593769090e-03 -3.1037020798e-02 6.1112611713e-02 5.0455530502e-03 -4.0300600948e-02 8.1973116845e-02 1.1940846374e-01 -1.0340193832e-02 6.8758324839e-02 1.9438179117e-02 -1.4858664036e-02 7.0976219868e-02 -4.7248237571e-04 -4.1545476121e-02 8.3877849093e-02 8.9877680065e-03 5.3304706602e-02
-1.6517010808e-02 2.9384394711e-02 2.2880079987e-03 1.5564201201e-02 -1.9090417791e-03 -7.8662047584e-03 6.5353028640e-03 3.2800971932e-03 -4.1731175157e-03 -9.2383812109e-04 -7.3662146255e-03 9.1477630300e-03 -3.4219220592e-02 -4.6028707202e-03 -1.5099967396e-02 9.7836119169e-03 5.6770256627e-03 -6.5615335964e-03 1.2251401480e-03
3.6569181003e-03 -1.4947284684e-02 -1.5849197729e-01 6.2202988459e-03 1.8311653867e-01 2.4059660603e-03 -2.4891013380e-02 2.0427318812e-01 2.0151935687e-01 -1.0852362138e-02 1.9231011649e-01 -7.8328036589e-02 1.2303297699e-02 2.0360295275e-01 -1.4768292541e-01 4.4129259015e-03 1.8331997538e-01 1.2113114003e-03 1.9283208442e-01
-1.9640905709e-02 -1.9985406590e-02 -7.5511775778e-02 -5.7549042487e-03 1.1294693734e-01 -9.5025661401e-03 -3.8131408964e-02 1.3153852532e-01 1.1369796223e-01 -1.7663185993e-02 1.0242118277e-01 -1.1704767609e-02 -3.4863426061e-02 1.0845351773e-01 -2.8265125590e-02 -6.8989563749e-03 1.1209574250e-01 -2.3073190618e-02 1.1775400315e-01
2.6980532693e-03 -1.0142756369e-02 6.6142956739e-02 -1.1812657095e-02 -7.1976454659e-02 -3.3845349946e-03 -4.7487428690e-02 -6.2757786735e-02 3.8635027265e-03 2.2228776437e-03 -9.5465559472e-02 9.1419796457e-02 -1.7896666667e-02 -6.8228633352e-02 6.4692583027e-02 6.5507571277e-03 -5.3005535789e-02 -1.0241079343e-02 -6.7388744689e-02
-1.1358009028e-02 5.4056537443e-04 2.7072281893e-02 -1.5079099324e-02 -4.6740392926e-03 -1.6070426702e-02 -2.8644198411e-03 -1.4063366318e-02 -4.3826158941e-03 1.7791106160e-03 -2.4121237156e-02 4.2558267833e-03 -1.0949537038e-02 6.4135100166e-03 4.0254381937e-02 6.9887806837e-03 1.9883003952e-02 -7.5204243766e-03 6.5841329260e-03
2.7933086644e-04 -1.1205368826e-02 -6.1100175942e-02 2.8865197454e-03 9.3567150321e-02 -9.9344396833e-03 -3.1384805569e-02 8.1271556342e-02 1.0976829535e-01 -4.0843945668e-02 1.1484110095e-01 2.2190069409e-02 2.1093382793e-03 1.0509281715e-01 -3.0825683455e-02 -1.1756051204e-02 9.2302773836e-02 -2.1344158098e-02 1.2210169068e-01
8.7544997211e-03 -9.6445746050e-03 -1.2133286687e-01 -7.4103435732e-03 1.3012801584e-01 -6.8912785269e-03 -1.0883129834e-02 1.2887899032e-01 1.8321136048e-01 2.5577549497e-03 1.6152047923e-01 -1.2469989442e-02 -1.1711653091e-02 1.3545265547e-01 -8.4465324889e-02 1.2837285153e-02 1.6583511715e-01 -1.1394264487e-02 1.4267794874e-01
-5.3838214454e-03 4.3165378092e-03 -2.0070865911e-02 5.9255985378e-03 -2.0206763231e-02 -1.7006468534e-03 1.1461079856e-02 -1.4716133448e-02 1.5916808156e-02 -3.4718188299e-03 -7.0085223888e-03 1.9103042797e-02 1.6345300269e-02 -1.1406047437e-03 -1.8616115684e-02 3.0139937260e-02 2.1806672935e-02 9.1070950623e-03 -2.0548165648e-02
