5.6538847432e-03 -1.8454554787e-03 -3.9456108061e-02 7.6432519471e-02 1.1998279088e-02 -7.9751474913e-03 2.6132696125e-04 7.2467696388e-02 2.4984883869e-02 -8.7244092759e-03 1.2517609907e-02 1.5342606489e-02 -1.4735130533e-02 5.4336393695e-03 9.5340062737e-02 -3.5862246543e-02 -1.4476569320e-02 -3.6880011319e-03 6.1714941975e-02
-3.4655418086e-02 -4.2611259433e-03 -6.7119118440e-03 8.6342397282e-02 -1.0244102484e-02 -1.4303344487e-02 -1.2325597503e-02 4.7285484307e-02 1.9390901080e-02 1.3628560172e-02 -7.3169418159e-03 -1.9796669289e-02 -9.2486666131e-04 3.0205680424e-03 1.0624743631e-01 -1.7022800583e-03 -2.7056224581e-02 -8.4789692626e-03 8.7731207396e-02
-3.1404812705e-03 9.2027973175e-03 -2.0649322079e-02 1.8797353255e-02 -2.1551465140e-02 -1.8600152051e-02 -1.8577347643e-02 1.3101555665e-02 -6.4614626758e-03 -1.6975216195e-02 1.2830050813e-02 -1.7211437951e-03 -2.8075771601e-03 -4.0507506827e-03 2.6930773646e-04 -2.2351212156e-02 1.8238096715e-02 -2.1150990185e-02 -5.9971805851e-03
-3.2253945791e-03 -1.1438435771e-02 -1.1406218224e-02 2.6593780945e-02 -8.2376172593e-04 -1.6726287642e-02 -1.0194833728e-02 -7.8176172539e-03 2.1931963774e-02 -9.5938869970e-03 -1.2042481473e-02 -1.3864012973e-02 6.9255483704e-03 -3.1634423325e-02 1.7900964857e-02 2.2793557103e-02 -7.5356253541e-03 -1.1802720617e-02 -2.5646504154e-03
-5.4395988725e-02 1.6692569145e-02 -1.1386652744e-02 3.7917923568e-03 -1.8236739215e-02 8.7265773301e-02 5.2411761624e-03 -2.0106885108e-02 -4.2739450339e-02 -2.1478401034e-02 9.0754764086e-02 2.1897821608e-02 6.6137755369e-02 1.0982323593e-01 1.5261816933e-01 -3.8196460666e-03 9.1440664284e-02 7.2347933061e-02 1.1695346860e-01
1.3124993418e-01 -9.3974633542e-03 -8.5463178529e-03 2.7048184308e-01 3.7208716051e-03 -2.2964557355e-01 -7.3675087497e-03 2.3587335614e-01 2.7429004382e-01 2.2171898681e-03 -2.1243197155e-01 2.6712448834e-03 -2.2740852026e-01 -1.8463520676e-01 -9.0659429109e-02 -1.4236742424e-02 -2.0787672295e-01 -2.4693881390e-01 -1.5048270574e-01
1.2128603883e-02 -1.1922815628e-02 -9.2945214256e-03 1.5496010225e-02 3.3561977442e-03 1.4620027088e-03 -2.1222646270e-02 -9.5844344102e-03 2.2240664194e-02 1.3413515172e-02 1.6336472785e-02 6.8714054372e-03 4.5250645147e-03 1.6613935932e-02 -1.2313419678e-02 1.5383993125e-03 -3.4566107671e-03 1.9028648024e-02 -4.5478979354e-03
-2.7327082046e-02 1.0771744888e-02 7.0971682666e-03 1.0801786928e-01 -4.3402008593e-03 -1.2576419199e-02 -1.9178442774e-02 6.8304007625e-02 2.0691749693e-02 1.1691464904e-03 1.4928806873e-02 -2.1252835113e-02 1.5483814293e-02 2.0778009914e-02 9.3977727499e-02 2.3278309261e-02 1.8920960603e-03 -8.6900296008e-03 9.7571752674e-02
-7.3247121284e-03 -2.2408933969e-03 9.6378057202e-03 1.0131734208e-01 -2.6481069579e-02 -4.0713066206e-03 -5.7321391800e-03 5.8364417280e-02 3.8250881092e-02 -6.0514440921e-03 -7.7201809161e-03 -2.4955945464e-02 -1.0819727886e-02 7.9522334057e-03 8.6011387437e-02 -2.1949763743e-02 -6.5936895626e-03 2.8116941440e-03 7.9087994130e-02
-3.0032364071e-02 -5.1402516949e-03 1.2437836038e-03 -2.6759867488e-03 -3.3025698641e-03 1.0416235329e-01 1.3905936765e-03 -4.5718334123e-02 -6.1378677839e-02 -3.4289102222e-02 1.0036235882e-01 9.1901523392e-03 9.6822698584e-02 1.1033372311e-01 1.4046338145e-01 1.6317859550e-02 7.5935077218e-02 8.4983217440e-02 1.4996039349e-01
1.6749728012e-03 1.0434852743e-02 1.8076413195e-02 2.0507204739e-02 -1.4481959351e-02 -2.0682663618e-03 1.4582876692e-02 8.4871700147e-03 7.7149881002e-03 -4.0927781268e-03 1.1370788393e-02 -1.5430989699e-02 -9.1342223867e-03 -2.4666701619e-02 -1.3262882117e-02 -2.9374393847e-03 -1.4296915725e-02 1.5232187593e-02 2.2659207508e-04
-3.0296713433e-02 1.7226238680e-02 8.8209764333e-03 6.1302775563e-02 -1.0482236007e-02 4.8443435968e-02 -1.8591514237e-02 1.1032588811e-03 -6.5807770588e-03 7.0492028091e-03 6.4387375659e-02 2.9223422561e-03 4.4476905571e-02 5.3687766965e-02 1.2279181546e-01 -1.1970817903e-03 6.4100566068e-02 4.7820788394e-02 1.3822285558e-01
-7.5573013784e-02 -1.4992205502e-02 -7.5915060426e-03 1.7907044497e-02 -4.4907490095e-03 7.1219938031e-02 1.2261408574e-02 -4.2227133838e-03 -3.4802289920e-02 1.0493195600e-02 7.8622298511e-02 5.2821586929e-03 8.2491045642e-02 9.1888970513e-02 1.4338773971e-01 -4.1975387608e-03 9.0327330680e-02 7.8550518219e-02 1.7631575665e-01
-1.3437390612e-01 7.6019437734e-05 -9.9095189873e-03 -2.3718462850e-01 8.1581312766e-03 3.1856023326e-01 1.3627489288e-02 -2.4422930820e-01 -3.1036374082e-01 -1.3995199124e-02 3.3900540940e-01 8.9916155285e-03 3.1330954204e-01 3.4819850597e-01 3.2859117116e-01 -1.6369256026e-02 3.4432968378e-01 3.4273586969e-01 3.6500397756e-01
-1.8951069133e-02 1.7937613846e-04 1.2227451978e-02 1.6493799197e-02 7.0036786039e-03 1.6377750886e-02 2.4252165868e-04 1.8757489267e-03 8.4498026069e-03 -5.4682291526e-03 -9.2323168174e-03 -8.1634012049e-03 2.6730240840e-03 -3.8192077037e-02 3.4569209296e-04 1.0295667320e-02 1.5686657820e-02 -1.8372159654e-03 2.2209738603e-02
-4.4646034845e-02 1.4361357500e-02 -2.5899052370e-02 3.2268046863e-02 2.2919446155e-02 9.8204439223e-02 8.4839667904e-03 -1.6399765092e-02 -4.4057996316e-02 -1.5188358941e-02 1.1220432183e-01 -6.5212906256e-03 1.0605837068e-01 8.4961231496e-02 1.5155130063e-01 -2.0837294304e-02 9.3662285447e-02 8.4241128106e-02 1.4037196223e-01
6.7750760114e-03 -2.6982573955e-02 3.1049835315e-03 -1.4489445500e-02 -1.4494855517e-02 -1.7202934571e-02 -2.4703292094e-02 -1.0787480951e-02 9.4899373359e-03 1.3276638513e-03 1.3722669578e-02 2.8455275401e-02 -1.2944783026e-04 2.0920737074e-02 -8.9892384578e-03 1.1444424392e-02 -1.4570122434e-03 -6.3060517573e-03 -2.5436247924e-02
-5.0321413172e-02 1.5292190994e-02 4.4765644704e-03 -5.9498034745e-03 1.9470346473e-03 1.1871108187e-01 1.4120264502e-02 -4.0357250745e-02 -1.0097189834e-01 -1.2499919794e-02 1.0438041434e-01 -9.2090644535e-03 1.2125656218e-01 1.2325679757e-01 1.6467761880e-01 -1.1667068228e-02 1.2075084596e-01 9.6234613618e-02 2.0021995942e-01
-9.4948969563e-03 -2.3959533840e-03 1.1709394733e-02 3.8629687700e-02 -1.6445710982e-02 5.8951016376e-02 -8.2896360815e-03 -1.4552268984e-02 -5.5325874522e-02 -3.6228179132e-03 7.2960462132e-02 -2.3457659374e-02 6.6515390482e-02 7.1878775539e-02 1.5431737510e-01 -1.6267136936e-02 8.1171446500e-02 5.9516289661e-02 1.4426730371e-01
