2.2424037997e-02 1.6336114376e-02 -2.6443688540e-02 1.6200043353e-03 3.6945531045e-02 -6.2746910053e-03 -8.9342781415e-03 2.4843756193e-02 6.8468125200e-03 2.5131774639e-02 5.0461067689e-03 2.1167202564e-03 1.0893525182e-02 -2.4334440224e-02 -4.0026784241e-02 8.4807642421e-03 2.1154777349e-02 -3.9030358133e-02 7.7087682250e-04
-7.3915738800e-02 8.2842410358e-02 5.5274252468e-02 3.0621497540e-02 6.8408326216e-02 1.6366358028e-02 -1.1898449580e-02 -7.7866436732e-04 -2.7375797776e-02 -4.0513319872e-03 -4.4213990222e-02 1.1117450716e-03 8.3803520388e-02 -5.5624594129e-02 3.2705201128e-02 -5.6297424593e-03 -8.3234581398e-02 -5.5398115263e-02 -1.1500313363e-02
1.0863044069e-01 -3.7093418978e-02 -3.2053106643e-02 -2.5184606939e-02 -9.2192270729e-02 1.4527434640e-01 -6.1155820923e-03 -2.1400816509e-02 1.7920527252e-03 -1.1946073684e-02 1.4692785395e-01 -4.6754525497e-03 1.3740994042e-01 1.1593314206e-01 -8.0198321980e-02 1.0574481084e-02 1.2580343443e-01 1.2084222731e-01 1.0339133057e-02
1.8877275183e-01 -9.7150878385e-02 -1.0888197327e-01 -9.1050075119e-02 -1.4524098944e-01 1.7778889503e-01 -1.5170123858e-02 4.3413934820e-03 1.1649652091e-02 -4.6513163640e-03 1.6740652092e-01 -1.0641375639e-03 1.7977793634e-01 1.8696746583e-01 -1.0845783135e-01 -2.4787173044e-03 1.9961384135e-01 1.7891356484e-01 -5.6036952361e-03
-1.9676390169e-02 1.0546352463e-02 -7.5231020836e-03 1.9666482812e-02 3.2582728430e-03 1.8958583884e-03 -5.6975354598e-03 -1.3217965546e-02 -1.4979628546e-03 1.5638319730e-02 3.9093643413e-03 1.3733487110e-02 9.8721587011e-03 8.4552510594e-03 -1.6392132592e-03 2.4515322181e-03 -1.4212967865e-03 -3.3631943132e-03 6.0858062514e-03
1.6524320118e-01 -1.0849306696e-01 -6.8061842691e-02 -4.5375125593e-02 -1.4524567207e-01 1.5415297037e-01 -2.0700387195e-02 1.8580890690e-03 -2.5506488587e-03 4.3035403256e-04 1.7242793998e-01 -6.0932085648e-03 1.9691423038e-01 1.6459945373e-01 -8.1817851329e-02 -3.2128086963e-02 1.5599110460e-01 1.5925030526e-01 5.4036463076e-03
-4.2120272736e-02 5.5540670826e-02 4.5650207573e-02 2.6125643673e-02 1.8141397057e-02 2.4175870634e-02 -1.8985190576e-02 -4.3062983669e-03 -1.7502378945e-03 6.5153614070e-03 -1.6539840218e-02 -1.8948396958e-02 4.2891714186e-02 -4.2462754674e-02 4.1385699964e-02 2.9550348524e-03 -3.4623789306e-02 -2.8690940608e-02 2.1224711101e-02
-1.7712803258e-03 -1.8010250219e-02 1.4904740744e-02 -4.1853613006e-03 1.0805907758e-02 2.6147818352e-02 8.3606879202e-03 -1.3858025537e-02 -1.4897036049e-02 -1.8354145872e-02 6.1744893908e-04 -6.9438493809e-03 1.0134466771e-02 -8.6077874383e-03 2.5169250246e-03 1.3137045855e-02 4.2545642216e-03 8.4878612064e-03 -4.7056107250e-03
-5.1409432201e-03 8.9327221922e-03 -1.3698850746e-04 2.1852607548e-02 2.7612918293e-02 -8.9993069193e-03 -1.0606833044e-02 -2.3976721127e-02 3.3235142884e-03 -1.3980716661e-02 1.2481282412e-02 6.8087176346e-03 4.0962814509e-02 9.3758669538e-03 7.2276155835e-03 -2.2289156325e-02 5.9765576323e-04 2.4908968976e-03 -1.9382555372e-02
8.2468152870e-02 -3.8501209915e-02 -2.9798969618e-02 -2.5574325486e-02 -5.7895826323e-02 9.9798925069e-02 -3.1929188677e-02 -9.4537247315e-04 8.6791359467e-03 6.4970635886e-03 8.9078161843e-02 -2.0928033516e-02 1.3944780299e-01 8.9957008744e-02 -1.3826225733e-02 9.7680561752e-03 6.9151155622e-02 8.1219132872e-02 1.2702425705e-02
6.1618085948e-02 2.9233054499e-02 -2.2480130855e-02 -1.3192378872e-02 -5.7968973161e-02 9.6776621534e-02 -3.9317185117e-02 -6.5302421743e-03 1.5539638223e-02 1.4813313486e-02 5.9205197836e-02 2.8309468292e-03 1.2527114409e-01 6.9077146870e-02 -3.6696795086e-02 -1.9065142839e-02 4.2216018425e-02 8.9224190032e-02 -6.3437176518e-03
6.8812005751e-03 -9.0161243124e-03 -1.0955162235e-02 -1.7869362368e-02 -1.1651550208e-04 -1.6552134701e-02 5.4177057861e-03 -9.3250749299e-03 -3.3826646801e-02 -7.1297939922e-03 -9.7756458214e-03 -1.3365456270e-02 4.4871306590e-03 1.0252786561e-02 6.3137501429e-03 -2.0879907237e-03 1.7935919911e-03 -3.2384706418e-03 2.2344820717e-02
1.5217707212e-01 -4.5684837858e-02 -8.3161735712e-02 -5.4106808441e-02 -1.1481940013e-01 1.6960250743e-01 -2.2308313445e-02 -1.2413445969e-02 -8.9463642038e-03 2.2396363123e-02 1.2983006449e-01 -5.6186662867e-03 1.6183865021e-01 1.5268190067e-01 -9.0297085135e-02 -1.2663898787e-02 1.5199129046e-01 1.5678598554e-01 -1.1274467444e-03
1.1411901270e-01 2.5109558383e-02 -2.2100596718e-02 -2.7682722534e-02 -5.1691967404e-02 9.8579477308e-02 -3.3309195038e-02 -6.4984733402e-03 -1.6201673674e-02 8.5151879449e-04 1.0081294283e-01 1.1808594478e-02 1.6474695086e-01 1.0657523356e-01 -2.3294483811e-02 -4.5648407410e-02 5.3766216907e-02 1.0608578990e-01 -9.8770127012e-04
6.4382150703e-02 5.9966697573e-03 -1.0774039098e-02 -1.5555847633e-02 -4.1087462323e-02 9.2222483819e-02 -6.5706963275e-02 -9.1044069684e-03 4.6332464897e-03 4.5898519325e-03 4.5372097012e-02 -5.2617677713e-03 1.2675893891e-01 4.8888540879e-02 -1.1759403477e-02 -2.0451137615e-02 7.2296183476e-02 9.0426425390e-02 -1.9114899557e-02
1.7945119380e-01 -9.5186448493e-02 -1.1170968991e-01 -1.1273329052e-01 -1.4030943405e-01 1.7725820711e-01 3.3620416993e-02 6.6815264746e-04 -2.9417571805e-02 -1.5381431669e-03 1.2729891062e-01 -1.4664153642e-02 2.0779299173e-01 1.8523236486e-01 -1.0257349906e-01 -1.4134042848e-02 1.4833980794e-01 2.0335098962e-01 -3.1115429912e-02
-1.4368220424e-03 2.2709619041e-03 1.2217395674e-03 9.7389123781e-04 -3.2856825917e-02 4.1345641722e-02 2.7534910537e-03 -7.1204627104e-03 -2.0897374251e-02 1.9699883563e-02 -1.6187038542e-03 -7.2859751072e-04 -1.8474651736e-02 7.8703529251e-03 -1.3725013348e-02 -4.8322173104e-03 3.0714370070e-02 2.3314800169e-02 2.4377336235e-02
1.5485543482e-01 -8.4341031818e-02 -6.6117137857e-02 -6.6163015758e-02 -1.4099470890e-01 1.8824707166e-01 8.6055393614e-05 -1.7893316968e-02 5.8067424020e-03 3.9511207135e-03 1.5859842768e-01 5.0186007003e-02 1.9419405973e-01 1.6621958290e-01 -8.8744494215e-02 8.2543289302e-03 1.7925013125e-01 1.8500208752e-01 -2.1395639264e-02
1.0846826048e-01 -3.0636569177e-02 -5.3026420951e-02 -1.7481495410e-02 -6.8190941185e-02 1.2968593098e-01 -3.9187265866e-02 -6.2428043318e-03 9.8505877544e-04 -1.8423888861e-02 9.2315241277e-02 -1.6224683028e-03 1.6207029732e-01 1.0219846563e-01 -4.2831828337e-02 2.1042887791e-02 1.0618442972e-01 1.2169980440e-01 5.8211835790e-03
