-7.1661852397e-02 5.9296673775e-01 2.0765570342e-01 -2.8423579547e-01 -1.8496685480e-01 3.7238293196e-01 -3.4164120077e-02 5.0603125372e-01 1.3046071287e-01 -2.1583274274e-01
-4.4272244494e-01 -3.5366702759e-01 9.0823185852e-02 1.3031086347e-01 5.2628162632e-01 2.7682461622e-01 6.0073289873e-01 -4.4089508375e-01 1.0908982847e-01 -9.9465156097e-02
3.1250769576e-01 3.3245659254e-01 2.2711453569e-01 8.2847192008e-02 2.0157145415e-01 -3.9044678020e-01 -2.6655470863e-01 -1.0277135435e-01 6.7168052347e-01 1.3818255603e-01
-2.8350291273e-01 2.9982861333e-01 -4.4088770303e-01 7.7488281079e-02 3.9966958603e-02 1.0636495214e+00 3.5398361595e-01 -3.9693024665e-01 -3.9178069217e-01 -2.6875496187e-01
-4.3227794769e-01 -3.7118242968e-02 2.3802836203e-01 9.9169729281e-01 -5.3914243449e-01 2.0394179254e-01 2.5321532421e-01 -5.3351938601e-01 -2.4453723013e-01 -2.8128942674e-01
-2.5856923352e-02 6.7995235400e-02 4.1388125676e-01 -4.3579901491e-02 2.4884149638e-01 6.0818389221e-01 4.9664621982e-02 -1.4482128553e-01 2.1689902044e-01 -4.8473263074e-01
-1.7042745945e-01 2.9992692909e-01 -7.9076421173e-01 9.0094845267e-01 -2.1750341672e-01 -1.0160280960e-01 4.0073837551e-01 -4.3021461559e-01 -2.2561630493e-01 1.6739706049e-01
-1.0955384117e-02 1.9506976671e-01 7.6410575634e-01 -5.8261235889e-02 3.2693705871e-01 -4.0373254290e-02 1.7746660278e-01 -2.1628877000e-01 -4.3395558976e-01 1.1624716257e-01
-5.9373854017e-01 4.5002461406e-01 4.4550531480e-01 1.1270936023e+00 -5.1315340695e-01 1.1138305658e-01 -1.3595597361e-02 1.1647635765e-01 -1.9822301316e-01 1.2773688667e-01
4.7997689351e-02 3.0551277479e-01 2.7657259288e-01 1.7570871462e-01 1.7793321027e-02 2.3076242969e-01 1.8767595015e-01 7.4950836334e-01 -5.8762338490e-01 -7.0335375030e-01
