-4.1935482613e-02 1.3953148413e-01 -3.1879403143e-01 -2.8481925449e-01 -4.2603051442e-02 1.4939105110e-01 2.3744063907e-01 3.2117908328e-01 1.8050258478e-01 -4.6391075343e-01
-4.3368812886e-01 -9.8707921436e-04 1.8526302371e-01 -5.1936390932e-01 4.8146615935e-02 2.1442401014e-01 -8.1666336419e-02 -5.9772886711e-01 -1.2014353140e-01 -3.3647572484e-01
8.0402801793e-01 2.7911427502e-01 -9.6579821707e-02 2.1968288594e-01 -4.0179480090e-01 -2.7115212323e-01 -1.0628561141e-01 -8.6429715478e-01 5.6790524689e-01 -3.9377113851e-01
-1.1958818567e-01 8.2455798466e-01 -2.4695083512e-01 9.9249725073e-01 1.9983523958e-01 9.8064736837e-02 4.2767016555e-01 1.4445161937e-01 3.6842949800e-01 -2.7786803316e-01
1.0130149386e-01 -5.1756041589e-01 1.0524859280e-01 -4.9507436082e-01 -1.8260895775e-01 -6.0265177225e-01 -8.3279513536e-02 9.0640772962e-01 4.8257405584e-01 5.8664160676e-01
2.8267764918e-01 -1.5736608163e-01 4.2243499127e-01 -1.6531898876e-01 -1.2058776692e-01 5.2228409065e-02 -1.4627849455e-01 4.1732440729e-01 3.8527185260e-01 -3.1319963242e-01
-1.4530026762e-01 1.6328592662e-01 -4.1337558558e-01 -1.6708474070e-01 5.3629049628e-01 3.8659609202e-01 -4.9642604071e-02 -8.4870728590e-02 8.6870556267e-01 -1.6323149932e-01
-1.3095583350e-01 1.4957692095e-01 -1.0466377689e-01 -5.0626596255e-01 8.3239868244e-02 -5.9631272698e-01 3.3653304972e-02 1.2399790147e-01 -3.8242022293e-01 -1.5781245992e-01
-5.5104757055e-01 -1.6344644580e-02 7.5571339618e-02 -4.2909540370e-01 4.6641403617e-03 -5.2672556338e-02 -3.7405495568e-03 -8.2426419443e-01 4.8031459536e-01 -2.4599135141e-01
1.6610315366e-01 -3.8440337875e-01 -6.8107391137e-02 5.4584233213e-01 -4.6057801715e-01 -4.2632202291e-01 -1.9861468457e-01 -5.1678477897e-01 -4.7072857938e-01 1.3788625650e-01
