-6.0937494798e-02 -2.1841335353e-01 -5.0445910671e-02 -2.5804206337e-01 2.1458244956e-01 2.8178783421e-01 6.9410812429e-01 -5.3394425330e-01 6.6033645979e-04 -8.3722037133e-03
4.7529620697e-01 -3.5558219768e-01 -3.1455336236e-02 -9.1011372622e-02 2.1983530063e-01 -8.0271199446e-01 9.2921387516e-01 -1.3567466688e-01 2.0597092078e-01 -8.3030070553e-01
2.3858732382e-01 4.0357887815e-01 -2.7304220715e-01 4.3681987988e-01 1.2893176793e-01 -7.7505780088e-01 4.8232272330e-01 7.9119571867e-01 3.0266759938e-01 -3.7854270133e-01
-8.5640003587e-02 1.6831359217e-01 -3.7787444647e-01 -5.9322823952e-01 2.3387798707e-02 -1.5203524730e-01 -3.5752833977e-01 1.8150263218e-01 3.0495312708e-01 -3.8581483215e-01
1.1013823533e-01 8.1873251139e-01 -7.5087253907e-01 4.1601964728e-01 -6.5407412281e-01 2.0370715876e-02 2.3551757315e-01 9.4633139482e-01 -2.0419412140e-02 -3.9431335718e-01
6.9444364944e-02 4.3281863444e-01 -5.7425957254e-01 5.3121968006e-01 1.2547149187e-01 -2.6073119860e-01 -3.7400348063e-01 1.9813268866e-01 1.9228921796e-01 -4.4615364424e-01
1.9562844699e-01 2.1404654271e-01 -1.0960768842e-01 4.2627495117e-01 -8.8015208161e-02 -9.8405892655e-02 -2.1887672435e-01 -1.7552345851e-01 2.1227614330e-01 1.4028164870e-01
2.2692881816e-01 8.3910116581e-01 -6.7678569173e-01 -3.6835525760e-01 -5.4715477173e-01 4.6918811145e-01 -3.1064468644e-01 -6.5401034506e-02 -6.1518852223e-01 -2.2859638572e-01
4.6738681073e-01 -2.8896988132e-01 -4.9595309790e-02 3.9740815757e-01 -2.5277125399e-01 -5.4246746239e-01 -1.8472126670e-01 1.5157913751e-01 2.3438958273e-01 1.2718067835e-01
-1.4494656359e-01 -6.0062354566e-01 1.5345728788e-01 3.2848869552e-01 1.0169645108e-01 3.6671025439e-03 -2.7810814346e-01 -2.7299726105e-02 1.3813527727e-02 2.3859257776e-01
