3.3421598655e-01 6.4153756059e-02 -3.3814171660e-01 2.3888204932e-01 1.1419820507e-01 -4.8681665270e-01 2.0862438394e-01 -4.3960053187e-02 -6.8783590701e-02 2.6161443666e-01
5.3928144321e-01 2.2326207427e-01 -1.6851647874e-01 2.8182716035e-01 -9.6548544108e-02 2.9486076794e-02 -1.5990122129e-01 4.6320769594e-01 -5.0712868575e-02 6.1498745736e-03
-8.9800977524e-02 3.6343411095e-01 1.1007175048e-01 -4.5564853983e-01 4.0585436382e-02 1.0159621858e-01 -7.0056880855e-02 3.2690127131e-01 1.3957600694e+00 2.2321179701e-01
-2.6419344623e-01 -2.6525078558e-02 4.3050929128e-01 -1.5903648770e-01 2.7770124291e-02 4.6302879949e-01 1.4970492749e-01 -3.3496534318e-01 -2.9981392677e-01 -7.1550995192e-02
4.3035037862e-01 -4.6870961846e-01 8.2453660956e-02 -6.6042458341e-01 -8.9394412939e-02 -4.4166164426e-01 1.8074157061e-01 8.0157535716e-02 3.2445856924e-01 3.3224436795e-01
-6.7710612492e-01 -5.2962906484e-01 2.8439372136e-01 4.6948084588e-01 6.4115241012e-01 1.2549276401e-01 -3.8952451915e-02 3.1614193087e-01 1.8710283665e-01 -3.8479730064e-01
3.5852417015e-01 -5.2795861168e-01 -1.8005294147e-01 -1.6095181350e-01 -9.5179725475e-01 -1.6331846636e-02 1.3165088268e-01 3.4841157172e-01 1.5745330908e-01 -4.7573228384e-01
5.2202224853e-02 -3.9375929937e-01 -3.7056013199e-01 -1.6647720832e-01 -5.2067272782e-01 -2.8896805920e-01 7.3682530253e-01 5.5252286562e-02 4.3369444617e-01 5.0860916230e-01
-2.8502831426e-01 -2.0126129006e-01 -2.0982400866e-02 4.1251702429e-01 -4.7835831397e-01 -6.5893078754e-01 1.0527253999e-01 1.7922614260e-01 -1.9103646219e-01 4.7890604832e-01
-1.1647213743e-01 2.2582767462e-01 -3.9060842544e-01 -8.2506208777e-02 -2.1458983854e-04 -5.6392525251e-01 -1.5569934369e-01 7.9504148450e-01 -3.3314811295e-01 3.0633933060e-01
