3.4922841286e-01 4.9069903968e-01 -2.9310147335e-01 -3.6098895136e-01 2.1260222602e-01 4.4354762274e-01 4.9502086588e-01 3.3326614366e-01 -8.2198447527e-01 2.6600606878e-01
4.6867906818e-01 2.1234360443e-01 1.1476261659e-01 5.9186687565e-02 2.6885556189e-01 -4.7860566964e-02 -4.3145341087e-01 2.5664528426e-01 8.7602265606e-01 -2.8759361568e-01
-7.0451181894e-02 -1.9039052215e-02 -1.9248072670e-01 4.2617483012e-01 1.1016631884e-02 -6.8849064573e-01 8.6158968132e-02 1.2755763709e-02 5.5189498665e-01 2.2654545850e-01
5.7247848472e-02 1.3701073503e-01 -3.1017628074e-01 -4.7027336824e-01 -2.2004879756e-01 2.3233695744e-01 1.2593808788e-01 1.0679034320e+00 3.9099406982e-01 2.3981122043e-01
-5.3523325502e-01 1.3455330306e-01 -2.1327442771e-01 -1.3516031056e-01 -6.5769805461e-01 2.4448595789e-01 5.0507872587e-01 2.2277096556e-02 4.1423972698e-01 -3.3733948758e-01
-5.4588642226e-01 -3.7353326929e-01 2.9104325181e-01 1.5569805598e+00 1.7025370850e-02 -5.6958485367e-01 -5.1635583651e-01 2.8638073424e-01 -2.2852476617e-01 -1.4027283025e-01
-3.6821508487e-01 1.6314186134e-01 6.4312974305e-02 6.8509989438e-01 1.9504064344e-01 -7.2596548969e-01 1.5164957049e-01 -3.8747123889e-01 5.4843816276e-01 -1.7858468157e-01
-1.9668352756e-01 -6.3872112877e-01 -4.2901155821e-01 -2.9862280296e-01 5.0732655337e-02 -2.1297963024e-01 1.3636730111e-02 -1.5894221424e-01 -2.6249337233e-01 8.0755117622e-01
-5.4216288925e-02 -2.0802441899e-01 1.9843870497e-02 3.7471995579e-01 -5.7113518151e-02 -6.8233771385e-01 2.0161323409e-01 3.5399996442e-01 4.8784463781e-01 2.5879312072e-01
-1.7108836571e-02 -4.2892790142e-01 -3.9273512326e-01 9.4916758794e-01 1.3309139377e-01 2.7134276390e-01 1.2417881347e-01 2.0698331333e-01 -2.0631945747e-01 7.5050701557e-01
