-9.1780864103e-01 2.4695776784e-01 -4.8498436559e-01 -5.3697830847e-02 6.0840347706e-01 -6.0578230309e-02 -4.6207014147e-01 2.5130680158e-01 -5.6858792083e-01 -8.7680923179e-02
5.2663230739e-02 2.5597128410e-02 1.6453871799e-01 3.9304325184e-01 5.8811835435e-02 1.5376029563e-01 8.8827657260e-01 9.4833090609e-02 2.6779240032e-01 -2.8073390667e-01
2.1698384478e-02 4.0568568936e-01 2.1801327881e-01 -7.1593230128e-01 -3.2836013336e-01 1.0550289092e-02 -1.7327593741e-01 2.4614990333e-01 -9.2611868094e-01 4.6921851705e-01
-1.0877958110e-01 3.5265350791e-01 5.9552651252e-02 2.6873322646e-01 -1.5289700929e-01 2.5547679543e-01 -5.4611620448e-01 -4.0842145718e-01 2.5636402700e-01 -1.0375836173e-01
1.1132921742e-01 -2.5465271531e-01 -2.3232161982e-01 -1.6850533311e-01 5.4446941408e-01 -8.0446100688e-02 -7.9950571498e-01 -5.9415166749e-01 4.0490762493e-01 -3.5555938528e-01
-1.5480411243e-01 -2.9981096280e-02 2.4096819343e-01 -1.9533599000e-02 2.5774030488e-01 -1.4118717840e-01 6.5854505112e-01 -2.9960664324e-01 2.1641282672e-01 3.0565695835e-02
-1.6017713703e-01 -1.2599243759e-01 -2.0383253259e-01 8.3106603699e-02 -3.1280494356e-01 8.2683303952e-01 1.7888478422e-01 -1.9663047901e-01 -5.6294352394e-01 9.8928668318e-02
-3.4407805697e-02 6.2478042095e-03 -3.2604565861e-01 -1.2480129087e-01 1.0992454233e-01 -2.5717900946e-01 -2.3874701475e-01 5.1273937316e-01 -1.5094970321e-01 3.5551425476e-01
1.6679765257e-01 -1.8477468304e-01 -2.1864853203e-01 -2.3254909157e-01 7.9918774963e-02 -9.5594570463e-02 1.8295856636e-02 7.2288004867e-01 -4.2086498166e-02 -7.0399942774e-02
-9.3071368982e-02 -1.4061813289e-01 -2.1765078480e-01 -4.2123503967e-01 -2.8015824156e-01 2.6799343217e-01 -1.0285501659e-01 2.1444116550e-03 6.0234924600e-02 -3.9322400219e-02
