6.6405872568e-01 -4.5765060863e-02 -5.6491571554e-01 4.1123583295e-01 -3.8538270382e-02 6.8417816697e-01 3.0781759136e-01 -6.2620665434e-01 -7.5959469901e-01 -1.3496246694e-01
7.1609236783e-02 -2.8071704555e-01 1.1975600655e-02 4.0082716080e-01 1.0650700683e+00 3.8574083972e-02 4.4316624923e-01 -5.0505836064e-01 -2.7363573830e-01 -2.5039975276e-01
-3.8776176979e-01 1.6811526817e-01 1.7710238669e-01 6.0067361211e-02 -5.6183041961e-01 6.8627390106e-01 2.5734442356e-01 -3.2688955349e-01 1.1786649029e-01 3.8476113195e-01
3.3045707020e-01 9.9046521829e-02 -3.5452010611e-01 -1.2196065929e-02 1.1618012875e+00 -5.2953586129e-01 -1.0022998612e+00 9.1154690589e-02 -5.2329269035e-01 -7.2081052760e-01
5.2143847776e-01 4.5652802601e-02 -6.6532116588e-01 6.8653565619e-01 -1.0513542832e-01 -6.8412479742e-01 3.6409180864e-02 -5.4732419667e-01 -9.4825724861e-01 -4.9988837799e-01
7.0930967977e-02 6.7848828002e-01 1.1317488026e+00 -5.0781178704e-01 -6.8634575658e-02 2.6394675830e-01 2.1741886707e-01 4.9686057456e-01 1.7167024750e-01 1.5256185869e-01
9.9546188023e-03 4.4361962544e-01 1.2883318271e-01 4.1152334514e-01 -1.1175043194e-01 7.5454922805e-01 8.3719986657e-02 -1.9703908993e-02 -4.1907748046e-01 7.0912912843e-01
3.3679278357e-01 -5.9141831999e-01 -2.7884508318e-01 4.8540285475e-01 3.9693498451e-01 9.6052887446e-03 -4.5865278240e-01 -2.1361414920e-01 -3.1132816093e-01 -2.3001485618e-01
-2.2316987301e-01 5.2319792177e-01 8.0244597842e-02 -1.7994246660e-01 3.1462427846e-02 2.9908156962e-01 4.0145228709e-01 -1.3302681175e-01 5.7298080559e-01 -1.4128510126e-01
-3.5681524099e-01 4.5948257043e-01 1.0345121396e+00 -6.8808604325e-01 1.9800991579e-01 -3.0114021621e-01 1.7056780541e-01 3.5349687324e-01 4.7961873697e-01 -1.0872589786e-02
