7.0813365139e-03 -9.7527968665e-02 5.8530419709e-01 -1.4152758290e-01 -5.9269043334e-02 4.3998105414e-02 -4.2689965381e-02 4.5414814013e-01 2.7351750005e-01 1.2544779185e-01
-4.2805581998e-02 2.7002261943e-01 -4.5358283752e-01 1.9022426951e-01 -2.0151110292e-01 2.5037660649e-01 -6.4610753335e-01 -3.6584741481e-01 -4.4590180846e-02 -2.3629703163e-02
5.8348853130e-01 3.2411916583e-01 4.3962901150e-01 8.9432943075e-02 2.8263812897e-01 -2.5182817539e-02 2.0326248211e-01 -4.1976838093e-01 -2.8726805647e-01 3.7348896924e-01
-1.0272727157e-01 2.6991930409e-01 2.5738350869e-01 -1.9782609631e-01 -4.1140874888e-02 -4.4294657768e-01 1.6407818844e-01 3.5796468821e-02 9.3530330757e-01 2.7660143742e-01
4.3949435731e-01 4.2654858140e-01 -2.7796553044e-02 -5.6753231513e-01 -5.6118611021e-01 3.0022703501e-01 -3.2569555301e-01 -9.4831511156e-02 4.8347273524e-01 -2.0757158031e-01
8.3322969742e-02 3.4402926048e-01 -8.2069392480e-02 -1.0099130168e-01 -3.2062940378e-02 -2.3566377346e-01 -4.2054691779e-02 7.7892967035e-02 -2.0686386098e-01 -3.0373994830e-01
2.2497624650e-01 2.1838433085e-01 6.8031056803e-02 1.0363456734e-01 -4.0509076774e-01 -3.3758322518e-01 -2.8129923155e-01 -7.5357150612e-01 -6.5733552555e-01 -5.6266958727e-01
-3.4996867906e-01 2.1063453205e-01 -4.2591756558e-01 5.8606491823e-02 9.5970511244e-01 2.0202297050e-01 -1.8913924325e-01 -6.0617349418e-01 -3.1221078565e-01 4.3459931969e-01
-2.7363918324e-01 -2.0044917780e-01 1.2078218016e-01 1.5853668761e-01 -1.4974798898e-02 4.0995858427e-02 -3.1842059557e-01 -3.7910115342e-01 4.7344676700e-01 3.4338106257e-01
4.1812844821e-01 -3.1405640429e-01 2.6501480233e-01 6.5079667114e-02 3.9308240802e-01 -1.3406118400e-01 -8.9020439870e-01 -2.8990841268e-01 1.6008755506e-01 4.6103658795e-01
