2.5062272743e-01 5.2559536072e-02 -8.9945472181e-02 -1.0832519263e-01 2.6052135088e-01 -3.8887137572e-01 3.0693422549e-01 3.1525445375e-01 2.1069091626e-02 -1.0542988730e-01
4.3307568989e-01 -2.8091101796e-01 2.4332042147e-01 2.3603267693e-04 8.7190420470e-02 -7.2314433074e-02 -3.7597172539e-02 4.1805066540e-02 8.4808396550e-02 1.6439215670e-01
-3.9805018293e-01 -3.0475974264e-01 1.4268546623e-01 9.1852796283e-02 -2.3921945295e-01 -9.0132487428e-02 -7.4538289710e-02 -4.6950974282e-02 -3.9958324293e-01 -6.0998500794e-02
-5.8651258094e-01 6.6127256817e-01 -7.1438061993e-02 -2.9093274579e-01 -6.5062828005e-01 -1.2113632731e-01 -7.0261381259e-01 2.8952000432e-01 9.3558210746e-02 5.7497752332e-01
1.8268757448e-01 -1.1751328814e-01 -1.8872803257e-01 -7.7481354681e-02 9.8841637680e-01 -4.9699825291e-02 5.5983456968e-01 -2.3358218117e-01 -1.5967752907e-01 -1.0220861478e-01
-2.7897617228e-01 -3.4217268345e-02 7.7116693591e-01 -2.9873375486e-01 -1.0385556040e-01 -1.1232858727e-01 -1.4435751924e-01 2.5987907653e-01 3.0375452959e-01 -5.2371264661e-01
1.7484376975e-01 -2.6469563845e-01 -4.8061999774e-01 5.1629556962e-01 2.6200371926e-01 6.2843945555e-01 9.4825735732e-02 -3.6005250374e-01 1.4522490549e-01 -3.1923700119e-01
1.4186727952e-01 -5.4178851059e-01 -2.3565997607e-01 7.8070829288e-03 -8.7968425126e-01 1.3138188948e-01 7.6250954903e-02 -6.5847620654e-01 -2.1958676669e-01 3.7265538188e-01
5.1425085586e-01 -2.3901726329e-01 1.7236521316e-01 1.9912537083e-01 -1.3498068352e-01 -6.3515003653e-01 3.0999109665e-01 -2.6873560140e-01 9.2437728226e-01 4.3437188607e-01
-1.8723479577e-01 1.5825422034e-01 -4.3644960237e-01 9.8694066518e-05 -7.0308703074e-03 -1.0853857887e-02 -1.0864259968e-01 -1.9677670226e-01 1.6207928892e-02 -4.0421382122e-01
