-1.4475363987e-01 -2.4977080904e-01 5.9174579187e-01 -6.1007196048e-03 4.4505724045e-01 -2.3258684897e-01 2.6491041418e-01 -1.7702461961e-01 3.3392313692e-02 -6.2353897008e-01 -1.4701357203e-03 -8.5221331158e-02 -3.4192924863e-01 2.5752815586e-01 -4.6738480744e-01 -8.6940295535e-03 6.7172243241e-02 -7.8191455711e-02 1.2060527420e-01 -1.6581322659e-01 5.9592243072e-02
-3.8587848791e-01 1.7643008427e-01 -1.0085662175e+00 8.3993953391e-01 1.4512971326e-01 1.4057979310e-01 2.8809833798e-01 -8.6275264433e-02 4.6320734262e-02 -3.0709976752e-01 2.0434717489e-01 5.1031706983e-01 2.3352657530e-01 -9.0593077098e-02 1.2980480032e-01 1.9711108879e-01 3.0254490976e-01 2.1687952191e-01 4.9483498791e-01 8.3655567358e-01 2.3677576848e-01
-2.3933794193e-01 1.9663816278e-02 1.5534609587e-01 -2.3239660191e-01 -7.6583071252e-02 1.9350612308e-01 6.5359298382e-02 6.2123540453e-02 -6.0260427560e-01 5.4487425732e-03 -6.5765740451e-03 -5.5395704742e-03 -1.3202611373e-02 -8.6773374970e-01 -1.6693444916e-01 -2.8879776238e-01 -5.1858046016e-02 -2.8549101032e-01 -5.3787329296e-01 -6.7474750803e-01 -2.1146680979e-01
2.3034779332e-01 -1.4338900753e-01 2.3530445057e-01 2.9250127487e-01 -2.7409061484e-01 1.4161400481e-02 -5.1458290029e-02 -1.6095486970e-01 1.1526419491e-03 2.9860322899e-02 2.2174301308e-01 6.4140195462e-01 -5.6467249806e-01 4.5432844048e-01 4.1076234388e-01 -2.9927216949e-01 -4.6054643017e-01 4.1067879570e-01 4.9202964599e-01 1.0589119057e-01 5.1087567974e-01
-2.3384703623e-01 1.5134994176e-01 -3.8373632460e-01 -4.9853591815e-01 2.6946584154e-01 1.5711137006e-02 1.9437789659e-01 -3.0941342559e-02 -8.7137263736e-01 -4.2073742077e-01 1.4956464659e-02 2.9713629763e-02 3.3785999919e-02 -7.4726425788e-01 -3.4147044754e-01 -4.8665277201e-01 2.7074495316e-01 -5.4724813196e-01 -4.4042890087e-01 -7.0893816984e-01 -6.3859203720e-01
-3.7751782666e-01 -4.4779251576e-01 4.7058865501e-01 -7.0200888367e-01 5.9439962070e-01 1.4334686605e-01 4.2804239708e-01 7.8285672999e-02 5.4681684971e-02 -2.4646427435e-01 2.4092935021e-01 4.3879083290e-01 -9.6274666697e-01 1.4434416874e-03 8.0074867222e-02 -4.9979195250e-01 -4.0603659298e-02 -6.6624134929e-02 8.4019336245e-03 -2.1778638644e-02 7.3567412643e-01
6.4245130856e-01 -1.9074733829e-01 4.2761027169e-01 2.7361383796e-01 3.9001283767e-01 4.4117712295e-01 3.1041862475e-01 -1.5587825165e-01 2.9089507272e-02 1.9565996049e-01 -1.0687521896e-01 5.4275166495e-01 -4.8879117217e-01 3.6275510700e-02 4.2879229028e-01 -2.8365847601e-01 -2.5405324848e-01 1.5296494310e-01 -2.5418484304e-01 -4.8971698811e-02 -5.1356185259e-02
4.2174664027e-01 -8.9712347332e-01 1.0463078017e-01 -4.7683430265e-01 8.4105091599e-01 -5.4314041447e-01 1.6486219041e+00 -2.3093527990e-01 -1.9236996259e-01 -1.9174590537e-01 1.9349156306e-01 4.4681519269e-01 -7.4539214012e-01 -1.4570130969e-01 6.4625847623e-03 -4.0264283189e-01 1.9059460556e-01 -7.7289627647e-02 -4.9392399561e-01 -2.1958685683e-02 -7.3542411771e-01
-6.2952196974e-01 9.4435579983e-01 4.1617717758e-01 -2.6460772418e-01 -2.5713411431e-01 3.2922842520e-01 -2.4286385186e-01 1.1178675704e-01 1.2340335638e-02 2.7794632279e-03 -6.5890728142e-01 -2.0759144606e-01 5.4068946118e-01 7.8334213384e-01 6.8350962700e-02 3.5669412155e-01 4.2563630950e-01 1.1428166628e-02 3.1337123704e-01 5.8668279575e-01 3.1312408365e-01
2.4915571280e-01 1.6620034348e-01 -2.4759220353e-01 -6.9047583570e-01 -5.0756307975e-01 1.4337084168e-01 1.4119615996e-01 -2.0727851949e-01 1.6729610119e-01 -2.3000392480e-01 3.9148270315e-01 -3.8813258329e-01 2.6505977368e-01 -5.7156465332e-01 5.1660587798e-02 -5.0056337408e-01 2.9372334462e-01 -3.6493516634e-01 -1.5928027931e-01 -3.4541556619e-01 -8.9062331341e-01
-3.4154398309e-01 -7.1488580058e-01 2.4687246692e-01 7.5914122282e-03 9.2237781809e-02 -7.3936343483e-02 2.5959669205e-01 1.4351971130e-01 6.2433810954e-02 1.0145914120e-02 -2.2753910737e-01 3.5308850943e-01 1.0214425688e-01 1.3073971185e-01 -1.0052047565e-01 7.8060266929e-01 8.1327553853e-02 1.3995763334e-01 -1.7416548576e-02 -1.2139466320e-01 -9.8557240736e-02
3.4774281804e-01 -7.8534649692e-01 -9.7728436220e-02 4.9556105033e-01 2.8764673631e-01 4.7322751940e-01 7.3917069501e-01 9.1864514750e-02 4.5368153750e-01 -3.9372658775e-01 1.1217278142e+00 3.5226420579e-01 -1.1067829826e+00 7.8545025489e-01 2.6693034420e-01 -5.4886432567e-01 -4.4750619640e-01 1.8683176937e-01 8.1979125495e-01 6.5019979728e-01 5.4597491546e-01
3.8329787689e-02 -6.7071106798e-02 -5.1508540332e-02 -2.1321561612e-01 -1.5314953830e-01 -5.5024038684e-01 5.4459938786e-01 4.8861246094e-01 -2.5089473884e-01 -6.2086894716e-01 -5.7192293879e-02 -8.8867379497e-01 -3.1932858755e-01 6.1369262754e-01 -2.4473134000e-01 4.5236067721e-01 -9.9418784108e-02 1.7979334258e-01 4.8428370967e-01 2.4353173009e-01 1.5718820964e-01
-6.5155753415e-02 -3.0031667843e-01 -2.4753414734e-01 9.4592632521e-02 2.0152926706e-02 1.4592873167e-02 4.5445125589e-01 1.8094916593e-02 -5.5507302267e-02 9.4741914103e-02 -1.0149012616e-01 -4.1536105759e-02 4.1202265348e-02 -6.1705289154e-01 -5.6189432334e-01 5.5697972908e-01 3.5102755736e-01 -3.5362471726e-01 -1.9855387409e-01 -4.7422336234e-01 -5.5645795383e-01
-5.0100067705e-02 -4.1736293554e-01 -7.2767366212e-01 6.1178031062e-01 5.2078131794e-02 -2.4010183231e-01 5.7305806589e-02 2.9442164863e-01 2.7311367182e-01 -2.1323774328e-01 -3.6037003403e-02 5.4300558614e-01 2.7129934670e-02 -4.8897556859e-01 -2.6548253889e-01 -3.0893029399e-01 5.0036484255e-01 4.0341955937e-02 -1.3689681379e-01 3.2289617361e-01 3.9459965447e-01
2.8072808104e-02 -2.8970859594e-01 -2.9261935498e-01 7.0868682173e-02 7.4921503408e-02 -1.5954090310e-01 -4.0226791609e-01 -7.9382943686e-01 9.3148990552e-02 7.5336015129e-02 1.1584420929e-01 -5.1170558315e-01 3.2893988807e-03 -1.1327059541e+00 -8.3494295068e-02 -3.7540320619e-01 -2.5368050041e-01 1.9973791587e-01 -4.1982253218e-01 2.0593084499e-01 3.5699248409e-01
-2.2882776280e-01 4.6650880815e-01 -5.5116935843e-02 6.4071634277e-01 -5.7366710012e-01 2.4171915910e-01 -6.9492380134e-01 4.2742436621e-01 -1.8367878677e-01 -2.5980915410e-01 -3.7233342213e-01 -1.2438819472e-01 6.7642516826e-01 8.3115088839e-02 1.9305728894e-01 -8.5446068702e-02 -6.8329892631e-01 4.5603469060e-01 -1.5931688451e-01 6.9038101425e-02 5.5146690654e-01
-1.3698721868e-01 1.2348935447e-01 -2.1527641220e-01 -7.0516888320e-01 -1.7684701784e-02 2.7431722674e-01 1.5728785002e-01 -4.3826602443e-01 3.4685427098e-01 -3.1281131356e-01 -3.6278886489e-01 -1.5850777536e-01 -5.8667043074e-02 -1.6192931327e-01 -1.5147172248e-01 3.7974138328e-01 -1.6186963289e-01 -2.6096775819e-01 9.3081038817e-02 -3.1323044360e-01 -3.3106378342e-01
1.9349152006e-01 -6.3873770501e-01 2.9004472810e-01 1.0267305153e-01 2.0434871897e-01 -7.8141827491e-02 5.1784620875e-01 1.1027456200e-01 6.2927295556e-02 1.1147667329e-01 -1.9103782666e-01 2.9435352667e-01 -2.8410569311e-01 3.6610688527e-01 1.0633554066e-01 1.3310459845e-01 -3.2647953597e-01 1.6681889759e-01 3.3988398076e-01 -1.5621112913e-01 2.8638989525e-02
5.6683424274e-02 3.3723751688e-01 -5.4867232305e-02 -4.4071177721e-01 -2.1133135793e-01 3.1607646646e-01 -2.4510266357e-01 -1.0059686747e-01 -4.2561139965e-01 4.5182010542e-01 4.5677338794e-01 -3.7790053984e-02 1.4600149603e-01 -6.8876951383e-02 -5.5240268795e-02 -4.2814296257e-01 1.6532961123e-01 -1.1744456804e-01 -1.6801401356e-01 -1.2469375227e-01 -2.3239577580e-01
-4.0636303907e-01 -3.9634368029e-01 1.5334818202e-01 3.6008227067e-01 3.1938486907e-01 -4.9123770022e-01 -2.6223609568e-01 -3.5963165824e-02 -1.6273286534e-01 1.3725080055e-01 -4.9274854764e-02 1.1999688824e-01 7.6984061265e-02 1.3754785137e-01 2.4048759501e-01 -3.2403723921e-02 3.0196096192e-01 4.0575909624e-01 -2.2522945445e-01 2.5187372403e-01 4.3485836956e-01
