2.3030066556e-01 -9.7490961959e-01 -9.3893308887e-01 4.5528789233e-01 -5.5397189735e-01 5.6852603082e-02 -7.2700427949e-02 4.1081745545e-01 -3.4829345690e-01 -1.4772442179e-01 4.2381980617e-01 3.8476977115e-02 3.7699275028e-01 1.3249711074e-01 4.8912268973e-01 -1.3667433461e-01 -3.4662030095e-03 -6.8346468261e-01 -3.7638156694e-01 7.0227320045e-01 -5.7033245148e-01
2.2869531921e-01 2.1705546828e-01 -4.6536483348e-01 -1.8970077668e-01 1.5803785359e-01 5.3788207827e-01 4.6261203648e-01 1.9639944397e-01 8.2413936159e-01 2.4919517620e-02 2.1512259306e-02 -5.0985250453e-02 4.2549207692e-01 -3.3150190070e-01 -2.5444855302e-01 -2.9144162835e-01 -7.7516028691e-02 -2.2561281206e-01 -5.6218076064e-02 -1.2603873214e-01 4.0024046979e-02
-7.5843088025e-02 -3.6106836669e-02 6.4967503678e-02 -1.7341512065e-01 -4.7667521840e-01 -1.1114879092e+00 -1.1040555266e-01 -2.4672665857e-01 -7.7499638763e-02 4.0820698770e-01 8.7119732413e-02 -4.7297496377e-01 -6.8587083777e-01 -1.4224389061e-01 3.6823925679e-01 8.4985059186e-02 -4.7740950329e-01 7.2735003551e-01 7.8166686804e-01 3.8542873267e-01 7.7012883566e-02
5.4140214138e-01 3.4629729333e-01 2.0800076422e-01 2.3152839483e-01 3.6898436739e-01 2.7289521215e-01 -6.0354683114e-01 -4.4371221096e-01 1.4615771258e-01 -3.9140101957e-02 1.3605024319e-01 -1.9804907126e-01 9.6548464803e-01 -9.2634776884e-02 4.9074056576e-01 -7.8254134764e-01 1.1529268672e-01 2.2320441240e-01 2.1977058913e-01 1.0125287306e-01 4.6239918402e-01
-7.3011721379e-01 -3.2462336183e-01 1.7564662016e-01 8.0611029024e-01 4.9799954352e-01 -8.9839337453e-02 -5.4035096087e-01 -1.6350914893e-01 3.3874023478e-01 -4.3944503768e-01 3.7274331399e-01 -2.5381398325e-01 -3.9773674656e-01 -6.6504299797e-02 1.6798970994e-02 1.3834767035e-02 1.6139127265e-02 -1.1861225966e-01 -4.2078895906e-01 -3.1717932322e-01 1.9949898885e-01
-7.3185166473e-01 2.3493439189e-01 3.7965034047e-01 3.8892304199e-02 -6.1059946974e-02 -8.1439062494e-02 -1.3874880596e-01 -1.4922922909e-01 -2.0736133885e-01 -4.2748446052e-01 -4.8771691493e-01 -4.9750435070e-02 -3.0358040285e-01 3.9949445713e-02 1.4738061201e-01 2.5595602090e-01 -2.8183356285e-02 -5.4396101130e-02 -2.4570426286e-01 -7.1507779055e-02 -1.1953083972e-01
-4.3983778121e-01 1.2616798787e-01 -7.8498696288e-02 1.5395419593e-01 -2.2040797757e-01 -1.9375589946e-01 -2.8343524610e-02 -2.6298263223e-01 -1.2865035562e-02 -4.3515531025e-01 -2.7018859775e-02 3.0050966855e-01 -1.1331486540e-01 1.5265940805e-01 -5.7636797782e-01 -2.4216808249e-02 1.1508533972e-01 9.1760800050e-02 -1.7392167702e-01 -3.8485063920e-01 -1.6202366572e-03
-7.3591405423e-02 -8.1157075176e-01 3.2111775500e-01 -1.0122630076e-01 3.0728770198e-01 5.1222274742e-02 3.3164970770e-03 1.2982816231e-01 -1.2390479960e-01 2.1755799083e-01 -2.1212893135e-01 -8.0714501204e-02 1.0592843783e-01 -6.3295002185e-01 1.5011699588e-01 -2.9391618791e-01 1.3773111707e-02 -1.7146291661e-01 3.4299814794e-01 -5.2587208709e-01 -5.4823921740e-01
6.4555239316e-01 -3.9261106630e-01 -4.2007883948e-01 1.4055348646e-01 -1.8367537067e-01 -2.5938742987e-01 -8.0639503303e-01 4.4554477818e-01 -6.1742646930e-02 -1.4235123098e-01 3.4271262107e-02 1.1718023281e-01 3.6338197797e-01 5.7507982218e-01 1.4589324117e-01 -1.7757688580e-01 -1.7529922403e-01 5.1103239383e-01 -6.1547155235e-01 2.4953107698e-01 -3.4778026675e-01
-5.5855099928e-01 6.4681512443e-01 -5.9180637750e-02 2.0944363356e-01 4.6440559611e-02 7.8314197186e-01 3.8185571591e-01 -4.2550741102e-01 9.9736153874e-02 -2.1162768152e-02 3.9747105450e-02 2.4390893985e-01 -5.7091478725e-01 -3.5935577240e-01 -5.3039006413e-01 2.0184282770e-01 -4.4318556936e-01 -7.0874465534e-01 3.1655033349e-01 -3.7984504363e-01 9.2971949261e-02
-2.2626616802e-02 5.4219672498e-01 -2.2167788850e-01 1.4901626556e-01 2.6119256344e-01 1.2956131624e+00 2.0243747513e-01 1.8342791733e-01 -4.3665444567e-01 1.2724882427e-01 1.0537820877e-01 2.0849969472e-01 -5.4159435541e-01 -1.9969579438e-01 -4.2012952001e-01 4.7481837019e-01 2.2672162534e-01 -1.2898982823e-01 7.7658699993e-02 -4.6624256999e-01 3.4942206141e-01
-1.3164726249e-01 -3.9187545958e-01 -1.8160603157e-01 4.0892407062e-01 5.2300558525e-02 1.5339853524e-01 -4.1097592408e-01 -2.5371583851e-02 -1.2276183843e-02 -1.9546209984e-01 -2.7711507022e-01 -1.0935029690e-01 -1.2197951070e-01 1.8521425376e-01 -3.1746785093e-02 -2.1365404589e-01 -7.2442031286e-02 2.6803612980e-01 2.6121798538e-01 -2.3920060471e-01 -1.1589017023e-01
-5.4334740247e-01 2.1637909993e-01 4.8118755164e-01 -5.4633224199e-01 -6.1006074807e-02 -4.3108747993e-02 3.2796493734e-01 -2.3123089470e-01 1.1593234859e-01 2.6963134550e-01 -3.9109306030e-01 -4.5692671225e-01 3.6041494449e-01 5.6207600247e-01 -4.4348652899e-01 1.0258045666e-01 -5.8615488557e-01 1.8528147030e-01 6.4096134625e-01 -5.2444137167e-02 9.5334581627e-02
3.8681289372e-01 -1.4817106338e-01 -2.0039342082e-01 4.8001241324e-01 2.1158319857e-01 2.0061037357e-01 -6.0376333385e-01 -2.2804912206e-01 5.3079728566e-01 -7.2938971720e-01 -3.8526155172e-01 1.1796523894e-01 -1.7962800974e-01 -1.3195867498e-01 2.4340404269e-02 -4.0744891245e-01 7.9109706330e-01 2.0565725598e-01 2.3429133226e-01 -1.3895820840e-01 4.2463544483e-02
-5.4581378286e-01 -1.0750110180e-01 -9.9388274694e-02 2.5869111121e-01 -2.4214424762e-01 -2.6126574742e-01 -3.4494084271e-01 -1.5716906940e-02 6.2077727112e-02 -2.1754432203e-01 1.2986660082e-02 -1.7145204027e-01 5.8432751169e-01 5.7341893442e-01 7.6300004424e-02 -2.7997002037e-01 3.1739392471e-01 9.2519440217e-02 -2.7487471659e-01 2.6633764970e-01 4.2109408120e-03
-8.4486544522e-02 -4.4434711969e-01 3.4417053928e-01 8.5139769017e-02 9.9057088274e-02 3.0151528182e-01 4.0970326314e-01 3.8928633788e-01 2.1648521019e-01 -2.9572526940e-01 -3.5679594348e-01 -6.1268739420e-01 -4.1831145973e-01 3.0286969384e-01 3.9646738968e-01 2.4063403405e-01 2.1322966810e-01 8.6849093721e-02 2.6584174056e-01 -4.7471356718e-02 2.1130814257e-01
-7.0035963294e-01 3.5147676586e-01 3.8689541939e-01 -3.2799065571e-01 -4.7482957242e-02 -1.7952528780e-01 -2.3736815409e-01 -5.6326454719e-01 5.0053418752e-01 1.5879664741e-01 4.4934034678e-01 5.6648895016e-01 5.5955567186e-01 -8.9519245231e-02 1.0346937305e-01 -1.4425486276e-01 -3.9650325912e-01 1.5401030077e-01 -9.1159283794e-02 -2.6578198046e-02 1.8253058816e-01
2.0351768834e-01 -3.6294169797e-01 -1.6197141485e-01 1.2281495509e-01 3.0138513787e-01 -4.5268571599e-01 6.1021748353e-01 6.7879036070e-01 -1.3652777969e-01 2.1835642132e-01 9.9074328830e-02 -2.9782575050e-02 -2.1818252620e-01 -1.9988126709e-01 1.6018598942e-01 2.2312089361e-01 -2.3260151288e-01 -6.1885962376e-02 -1.6253644359e-01 4.8047256550e-02 -6.5844486861e-01
-6.6563766251e-02 5.8040989136e-02 2.0190126692e-01 -3.4109472877e-02 2.7453642077e-01 4.8944014255e-01 -8.9035107976e-02 -1.1169142902e-01 -1.4635086955e-01 2.1157704684e-01 2.4472141896e-01 4.7369021637e-01 2.5908448770e-01 -5.8029688990e-01 -5.7969555475e-01 -4.9495934363e-01 1.4557682441e-01 -2.6729081185e-01 -1.7128327251e-01 -2.0216829136e-01 -2.3952153986e-01
3.2079240322e-01 2.2921564506e-01 1.3035613432e-01 -4.6621475922e-01 -3.1523588688e-02 -3.3722707589e-01 5.5049957864e-02 -4.7903247545e-02 2.0841893735e-01 -6.8853420514e-02 3.2832296249e-02 -2.0094403245e-01 -2.8751921863e-01 -2.1401984986e-02 2.6324053343e-01 6.4834776741e-02 -3.6784239442e-01 3.6650719091e-01 -1.8923542005e-02 2.4261341514e-01 2.7251846893e-01
8.1980405826e-01 -6.1638089091e-01 -5.5937474883e-01 2.2758051951e-01 1.4222986817e-01 -3.5012262307e-01 3.8059944489e-01 2.5373565640e-01 -1.7007626261e-01 6.8745994460e-02 -3.5244829038e-02 2.2475506272e-01 -2.1978321729e-01 -4.6431352568e-01 1.7800126918e-01 1.6464781471e-01 -3.1200428237e-01 1.9140865903e-01 2.2543355811e-01 -4.5545845057e-02 -3.3075621404e-01
