-1.1353222246e-02
1.2520660317e-02
-1.1666104486e-01
-1.3245128648e-01
2.9677717352e-02
5.6073076821e-02
-5.7419207262e-02
2.5281704608e-02
-8.4393842233e-02
-9.8791525650e-02
-4.4771544084e-02
-3.3031773089e-02
-8.7144934865e-02
8.3389465461e-02
-4.4450795219e-02
-5.3584923846e-02
6.8702348317e-02
5.4402133806e-02
8.1098477674e-02
-7.1032964194e-02
4.4991259904e-03
2.7037372985e-02
1.6854244771e-01
1.0163477651e-01
6.8340096402e-02
-1.2128568110e-02
8.9962445083e-02
5.9182610219e-02
4.4940005524e-02
6.5624900680e-02
-5.0866559837e-02
2.8861031458e-02
-5.0229817932e-02
-2.5236921164e-02
1.3040483619e-01
1.7845432214e-01
5.8359285104e-02
-2.4152484668e-03
-1.0834802359e-01
6.2412043739e-02
-6.3358970928e-02
-1.6689318714e-01
-1.8283984226e-01
-7.6469208015e-02
-1.1705803405e-01
1.2377966902e-01
2.1784207208e-02
-4.6041477587e-02
1.7705423081e-01
5.0409422405e-02
1.6145222250e-02
-1.9045949695e-02
-3.8009495338e-02
-3.9831223174e-02
9.5100320123e-02
2.9804460527e-02
-6.1687192218e-02
-8.9368717857e-03
9.1533284369e-02
5.4690489402e-02
-3.0270373840e-02
2.8814290834e-03
1.2713474255e-01
-6.3109039431e-02
-4.8549782047e-02
5.0661861571e-02
-6.7243963239e-02
-1.3131450580e-01
-5.2053399558e-02
1.2300683430e-01
-7.8555685878e-02
8.7022662905e-02
1.2798401780e-01
1.1258364190e-01
-1.0205906609e-01
4.9147114753e-02
2.1549292688e-02
-8.9764815829e-02
2.5078427938e-02
-1.3732363696e-02
8.0610188365e-02
-3.3755118600e-03
-2.7188492065e-01
7.9491027466e-02
5.8835116470e-02
-3.9802851097e-02
-3.7044470463e-02
-5.0030116373e-02
3.7738525265e-02
1.9039542230e-02
-2.6425906454e-03
7.0330868851e-02
-1.9828004612e-03
1.5842483636e-03
-9.0452961640e-02
1.0353579094e-01
2.5608042629e-02
1.0753050458e-01
7.3569878819e-02
-2.8206101181e-02
1.5460705444e-01
6.1987186366e-02
1.2785203427e-02
-6.3917313717e-02
9.8539624883e-02
-8.8261738644e-02
-1.0726925806e-01
-1.0657900975e-01
-6.3419936163e-02
-3.6085412798e-02
-1.5069254012e-01
4.7679944014e-02
-2.9474238042e-03
-9.4737870591e-02
9.6633673783e-02
1.9867744353e-01
-7.2272886876e-02
5.4181059512e-02
-7.4087852278e-03
-3.3032404241e-02
-3.3536157837e-03
5.0011803724e-02
2.4862805170e-02
5.4381108394e-02
5.3721002594e-02
3.8610515083e-02
-4.5260181890e-02
8.1148401043e-02
1.0027572301e-02
1.8876624357e-02
1.4600857151e-01
3.9616350778e-02
-4.2334332492e-02
-5.9134421534e-02
-4.6269757230e-03
2.6171253468e-02
-1.0186470808e-01
2.1034128463e-01
-2.4376937864e-02
-7.8788332886e-02
1.9513794630e-02
3.1807643264e-02
-9.5632226930e-02
-8.9797485849e-02
-6.9723213818e-02
1.7827465193e-02
-1.7942504932e-02
4.7177080385e-03
-1.0404431751e-02
1.1310465139e-01
