5.4591258074e-02
5.5425352493e-02
7.3839080212e-02
-5.0232050241e-02
-1.1726711282e-02
5.6110210282e-02
-1.3235675350e-01
7.8530832606e-02
-5.3503949548e-02
8.6881118930e-02
5.3348096589e-02
7.1985053740e-03
-1.1065532829e-02
7.8506659498e-02
-5.1136421968e-02
4.9028828272e-02
-2.0115622340e-01
4.4401159056e-02
-6.4101772650e-02
-3.3907117741e-02
-3.9921711144e-02
9.1243509487e-02
-8.2775401333e-02
-1.0456401475e-01
1.0042712794e-01
-1.1738484187e-01
-1.5804633148e-01
4.1624335269e-02
6.6393322321e-02
-1.7645957355e-02
6.3606067831e-02
-1.3047731281e-01
7.0027485800e-02
1.7674582247e-01
-1.2298699285e-01
-8.3444847294e-02
-6.1934376759e-02
6.3721126942e-02
6.1274525172e-02
1.6963544206e-01
-2.0158494983e-01
1.5463006833e-01
3.5545239532e-02
4.2109038346e-02
1.4533850089e-01
-7.3625465835e-02
1.1082459854e-01
-1.3154086458e-01
-1.0081827948e-01
3.4678264029e-02
-1.9374640323e-01
3.4942311404e-02
7.0583396341e-03
-1.4193458660e-01
3.7433734632e-02
-1.3861266419e-01
3.6682055161e-02
4.4389639586e-02
-3.6982355924e-02
-1.2455163113e-01
-5.3985629919e-02
6.6660958739e-02
-1.7104691138e-01
-1.2728549037e-01
8.6847258891e-02
-3.8611454289e-02
-1.5169958067e-01
1.6115987194e-01
-7.9354142792e-02
1.4893147342e-02
-1.2149769829e-01
-4.0157415561e-02
6.7759362316e-02
-1.8266183035e-02
1.5798002850e-01
2.9246638252e-02
-1.3761377265e-01
-7.7899193344e-02
5.4827680214e-02
6.8450714046e-03
1.3552699791e-02
-2.9042090862e-02
-1.8384910899e-01
2.7312078751e-02
-4.9539448338e-02
-5.6646943616e-02
6.2426013647e-02
5.5018745478e-02
-9.5305129713e-02
7.3979304678e-02
-3.3614691374e-02
7.6466452018e-02
3.9562249662e-02
1.4173802161e-01
-1.7961858439e-01
-8.4798425950e-02
1.6732040642e-01
-3.8876260059e-02
6.2951659438e-02
-3.2033856543e-02
6.0621596515e-02
9.6442558178e-02
-3.2943577517e-02
3.5197850132e-02
1.2934514711e-01
1.1113620944e-01
-4.9506560001e-02
-5.9986126477e-02
-5.3944683766e-02
4.4630208421e-02
2.6307536069e-02
5.5878007789e-02
1.2225590893e-01
6.4958871973e-02
-1.6295404340e-02
7.3471389711e-02
1.6379218700e-01
6.1467819343e-02
2.5588449475e-02
8.4050088941e-02
5.7659759247e-02
6.6869710703e-02
8.3117311634e-02
-6.4481590246e-02
1.6522795412e-01
-1.3583606318e-01
3.6520250536e-02
6.2806689005e-02
7.7425611928e-02
-6.8977659839e-02
1.4174869709e-01
-2.7415527315e-01
-8.1723714333e-02
3.5953490196e-02
1.4148028882e-01
-5.8142757721e-02
-5.6048321812e-02
-5.6316143670e-02
-2.2435207299e-02
-2.0723659040e-02
-3.6763729697e-02
1.0422069047e-01
-1.5821845315e-01
-8.5799903218e-02
