1.6462370579e+00
2.5407864765e-01
-8.4687470406e-01
-1.2767154249e+00
1.9200629806e+00
-6.1929349499e-01
-1.8461799934e-01
-1.0039161145e+00
4.5816346198e-01
7.1519840250e-01
9.7077193466e-01
-5.7810679700e-01
-1.5951986304e-01
2.9159209553e-01
4.8284892030e-01
8.7043851720e-01
-9.7735644147e-01
-1.1645690342e+00
-6.0749614480e-01
-5.2878833621e-01
1.4427326812e+00
1.4327285514e+00
-9.0393887341e-01
-9.7439602484e-01
-1.7574684298e+00
3.3608487887e-01
-6.6822523424e-01
-1.6050857382e+00
2.2148009937e-01
8.0228183058e-01
-6.6516151115e-01
-2.3461491018e+00
1.4648995271e-01
4.1736072702e-01
1.0473797199e+00
2.0093049079e-01
-1.0158032572e+00
-8.0666076914e-01
-6.7258202255e-01
-1.3008873403e+00
5.6387910532e-01
-2.3564309679e-01
-8.3830272124e-01
-6.2059369714e-02
-1.1297331157e+00
-4.9975694841e-01
1.9526043121e+00
-1.7877979085e-02
1.1766644442e+00
-5.1406546357e-01
-4.8856794996e-01
1.1319144401e+00
-1.5512318954e-01
-1.4147010090e+00
-4.7730657778e-01
7.7346821529e-01
-8.5165944084e-01
3.1816417248e-01
1.0444087126e+00
-7.3693183738e-01
2.2286963269e-01
7.1419094701e-01
5.5936125378e-01
6.2918486560e-01
4.5859708446e-01
6.1748252045e-01
-8.5369672419e-01
-4.8163262216e-01
1.3022661587e+00
1.5552647039e+00
1.8779051707e+00
2.6394825823e-01
-3.4069563612e-01
-5.2513508749e-01
-6.7938978902e-01
1.1858500075e+00
-7.7822444445e-01
-1.2571398537e+00
2.6146706064e-02
-4.1628753781e-01
-1.2678128224e+00
1.8328466775e+00
-2.2747009044e-01
4.2765203355e-01
-2.6012698942e-01
-5.6557268301e-01
-1.0063333365e+00
3.0442056286e-01
3.3931559159e-01
1.1085444911e+00
8.2149980881e-01
-8.2396200163e-01
1.1536145116e+00
1.5491517028e+00
1.0744345101e+00
7.2375601320e-01
1.2287173149e+00
2.4357100792e-02
1.6619432837e-01
-8.7758265129e-01
4.1449508865e-01
-4.0810360366e-01
-3.8474746479e-01
5.0014108827e-01
-2.0788099904e+00
-2.0044108230e+00
-1.9921075922e+00
6.2148331137e-02
-3.4417976071e-01
-7.2439195477e-01
-8.4777656079e-01
-2.0143469396e-01
9.9069990895e-01
8.8796516848e-01
5.9808626163e-01
1.8563408796e+00
1.0610459604e+00
-2.5151546873e-01
1.7085360526e+00
-6.4245688483e-01
-3.2682707686e-01
1.3723682952e-01
1.1274272220e-01
-1.9380601662e-01
-4.2303165231e-01
1.0502942459e+00
-9.3420524797e-01
9.1175103285e-01
6.2784704386e-01
-3.6138303073e-01
-8.9352928359e-01
-9.2069360215e-02
-1.7519559490e+00
7.5440919356e-01
1.1924096318e+00
6.5908326951e-01
1.5496192502e+00
-2.1650922783e+00
4.0217701596e-02
-3.9113186068e-01
9.4840734740e-01
1.2826079899e-01
3.2731805153e-01
1.9305190867e-01
