-5.9495345554e-01
-2.2954553534e-01
-1.1373107222e+00
-7.5565729098e-01
1.4551736458e+00
-1.5875983384e+00
1.1456706994e-01
4.6919829355e-01
9.6244469938e-03
-2.5182874248e-02
-1.1639581367e+00
1.6314211863e+00
-4.2657324131e-01
-1.3770480776e+00
1.4762150248e+00
-9.3919827618e-01
-4.9177542835e-02
6.0601619307e-02
1.2639191953e+00
-2.4973647963e-01
1.7797112954e-01
1.7611776156e-01
8.1950290818e-02
8.3910262769e-01
7.5136206319e-01
-1.8547089718e+00
1.0323501483e+00
2.0925198471e-01
-3.6086692604e-01
1.1530848522e-01
-3.6413617124e-01
-5.6112989650e-01
1.0274398121e+00
1.3800580485e+00
-6.4862293510e-01
8.0622691805e-01
-4.0626478555e-01
-1.4091272340e+00
1.3752753580e-01
-2.1010462675e+00
1.6633979014e-01
1.8165052087e+00
-1.5164291491e-01
-2.2658852168e-01
-4.0369600911e-01
2.8589653773e+00
-3.2259970299e-01
7.1168016445e-01
1.8156790758e-01
2.0185091985e-01
5.0332256594e-01
8.8407654061e-02
3.8011801476e-01
-4.7787770281e-01
7.0514308489e-01
-2.6257086747e-01
-5.8717845431e-01
-5.6560606243e-01
-2.4686685327e-01
-1.9353865117e+00
-4.1396433894e-01
1.9056079659e+00
-2.5952989783e+00
-1.2019570833e+00
4.2571634757e-01
-3.8814608055e-01
2.4208362972e-01
-5.9498080179e-01
-4.2822930505e-01
-4.7136403440e-01
6.8077804701e-01
-2.9646103710e-02
1.8625097031e-01
-1.9299936183e+00
-9.1811862102e-03
4.1419279761e-01
4.3742730922e-02
-9.2123463320e-01
-2.1181838382e+00
1.9652374352e-01
2.0108813452e+00
-1.0838847226e-01
1.5762520249e-01
-6.4999397918e-01
-1.5494669828e+00
-2.4178059476e-01
-5.1091614176e-01
-1.6958125854e+00
-6.6789605294e-01
-1.6118663330e+00
-6.4019814322e-01
1.4318513459e+00
6.8670942177e-01
3.8762112623e-01
-1.2864659263e+00
1.7078204329e-01
-2.9824350590e-01
1.0154022615e+00
4.4269396759e-02
-1.1498275039e-01
9.7665791381e-01
6.7593118377e-01
3.4060445337e-01
1.0171298875e+00
6.9837039483e-01
-1.1067459568e+00
-4.8343771648e-01
9.5341976697e-01
2.7607679797e-01
-2.5316132497e-01
-1.4905303719e+00
-1.2519003892e+00
-1.1428782677e+00
-9.5325924120e-01
-7.7263929540e-01
-1.3426501098e+00
-3.6346960431e-01
3.8723156548e-02
-4.2179642866e-01
1.8297060609e+00
-4.7896405449e-01
-1.5977363338e+00
1.5513170231e+00
3.1967909870e-01
8.9941116585e-01
3.0176282797e-01
1.9119122034e-01
-1.3647878018e+00
-5.0263491388e-01
-1.1180602353e+00
5.1715166912e-01
5.8138616809e-01
8.2388147700e-01
1.5845409585e+00
1.3299322114e+00
9.1954667614e-01
-1.0109363662e+00
-7.8279468775e-02
2.7243958723e-01
7.1050144615e-01
1.1019563691e-01
-1.1337367353e+00
-2.2028997714e+00
1.9574223858e-01
