1.1219737692e-02 -4.8332256125e-02 2.2163351415e-03 -5.6106681285e-02 7.9243461592e-02 1.1448906731e-02 -6.6144036540e-04 1.0716818614e-02 8.8905678190e-02 -5.4645867459e-02 -4.5746497104e-02 4.0608723122e-02 3.8780246495e-02 -1.7902796606e-02 1.0068996508e-02 -3.5329302695e-02 2.5837445752e-03 -8.7241360904e-02
-1.6195493220e-01 -1.9471934713e-02 3.6933850461e-02 4.0619282572e-02 2.2198374639e-02 2.7863046651e-02 -6.9453276230e-02 -7.4018426553e-02 -6.3449418727e-03 -2.6100455307e-02 -2.5936765704e-02 -4.5105236207e-02 6.1541364015e-04 -2.3082885030e-02 1.1236118767e-01 1.1291191590e-02 6.9937720204e-02 -4.4295228624e-02
-5.3233610766e-02 -4.6286737507e-03 -9.1005889583e-02 -3.9165303840e-02 -1.4299381090e-01 6.1041428459e-02 -1.6297433544e-02 4.1001947420e-03 -1.5637615768e-02 1.0573097478e-01 7.1661042817e-02 -3.0590537052e-02 -2.3758863791e-03 3.5593211405e-02 -2.9792386978e-02 9.1641863990e-02 3.0841099287e-02 5.6328174561e-02
-2.6179351914e-02 3.5221165848e-02 -3.4125528629e-02 -1.9231908458e-03 -1.7350854709e-02 -1.2660008186e-01 1.2324055945e-01 -9.8913158002e-02 -7.1263855872e-02 5.6309775320e-02 6.5303703072e-02 1.9913362075e-01 1.1094949066e-01 3.8894324276e-02 1.4954519029e-01 -9.2350051687e-02 7.5281720516e-02 2.3619740549e-02
-1.5962713474e-01 1.5349383377e-02 1.5669201131e-02 3.2901995953e-01 -2.7557121291e-01 -1.7788478202e-01 3.1621463008e-01 1.0805878042e-01 8.8215333316e-02 -2.0066078810e-01 -1.3514299888e-01 3.4863714951e-01 -1.6273448673e-01 -2.0388566626e-01 3.7466961868e-01 1.2940146863e-02 2.8198142128e-01 2.1538560112e-01
-9.2538103658e-02 8.1380393453e-03 -4.6297269348e-03 -1.8665093605e-02 -6.3689108907e-02 5.4634291323e-02 -5.7454675789e-02 8.1609201223e-02 9.6152116837e-02 2.6210838334e-03 -4.3093568451e-02 8.7321869330e-02 -7.0507939037e-02 1.0177601978e-01 -5.3729627784e-02 2.2092400449e-02 -4.5084052790e-02 4.5729449096e-02
6.4904708285e-02 -5.4125170309e-02 -6.3400610833e-03 -1.4262835863e-01 -9.1850364697e-02 6.8362224766e-02 -1.5773444799e-01 1.4310217830e-01 1.4286914496e-01 1.2265899628e-01 7.0157117484e-02 -1.7576472630e-01 7.4945744104e-02 6.7102129997e-02 -8.4230724348e-02 9.1252129611e-03 -1.3504550877e-01 -1.0972763005e-01
9.5864209395e-02 -3.0480312496e-03 -1.9678165881e-02 -7.0514873986e-02 4.9347679046e-03 4.2763175543e-02 1.9101710311e-02 1.4969412195e-01 1.1555962701e-01 7.6094570715e-02 1.8260250675e-02 9.4708815524e-03 8.9123047414e-02 1.2771773097e-01 1.4152733616e-02 1.6720643610e-03 8.4169184216e-02 5.5528763029e-02
-4.3544702390e-02 1.0187178172e-01 -2.6516224338e-02 -9.4373958682e-03 5.8091302165e-02 8.7611880766e-03 -3.1769905096e-02 -2.0604967577e-02 3.2885106618e-02 8.8126034387e-02 1.0491340232e-01 -2.3399470505e-01 6.9906865808e-02 6.5194245873e-03 -5.8918332865e-02 -6.9112778986e-02 -1.4568870349e-01 -1.0949597622e-01
-7.8516540883e-02 -7.0769077115e-02 7.9072059917e-02 -3.7138140294e-02 6.0798327052e-02 -3.1477698928e-02 1.1191883603e-01 2.3544695155e-02 -9.1895001156e-02 -1.8967893002e-01 -7.3459457170e-02 3.5343907670e-02 -2.9516758363e-02 -9.7622532129e-02 -5.4214835795e-02 8.0831808529e-02 -1.3091542682e-02 2.5975173396e-02
3.9544902946e-02 -7.5621359503e-02 -1.0203604576e-02 -9.3060238276e-02 3.1593652345e-02 -6.1625740386e-03 -2.8163262019e-02 -1.9448189904e-02 -4.6193449132e-02 3.6419141753e-02 1.7176348303e-01 -6.6835385901e-02 -4.7615556297e-03 1.0710189696e-01 6.6361653250e-02 1.5794626025e-02 -5.3412091067e-02 -4.6858655394e-02
1.2491166962e-01 1.9319159091e-02 1.3901187006e-02 4.5329954291e-02 9.2734980820e-02 -1.4855341998e-01 1.1534851656e-02 -7.4808376545e-03 9.2917530794e-02 8.9973991663e-02 1.3797464011e-01 2.1190725479e-02 2.7414582139e-02 7.8791885969e-02 1.7769581839e-02 -4.9858354950e-02 -7.4193129292e-02 -1.2566445204e-01
2.5716336685e-02 -8.8313005524e-02 -1.9357861882e-04 6.3488727577e-02 -1.0559288207e-01 -3.5391084094e-02 1.5085204655e-01 -3.6482464451e-02 -1.7649059566e-02 -7.7964549675e-02 -1.5308896558e-02 1.5423509788e-01 -7.4096762650e-02 9.8518872387e-02 1.6353331596e-01 3.1932731063e-02 1.9071711836e-02 5.8546590458e-02
-1.6105161925e-01 -7.4438744764e-02 -8.5949261231e-02 2.5815269130e-01 -2.2417031939e-01 -1.6566531410e-01 1.6513303570e-01 3.5268868625e-02 -8.4598473821e-02 -1.5621111583e-01 3.9292753604e-02 1.6850762865e-01 -8.1460435761e-02 -1.7164398702e-01 1.6546984951e-01 3.1351641832e-02 1.0191083153e-01 2.0911853180e-01
-6.3356524607e-03 2.0677076783e-02 3.4158405540e-02 9.3899521125e-02 1.5515128502e-02 -9.9628764621e-02 9.2418539869e-02 1.1646438782e-01 1.4183247535e-03 -8.4088343810e-02 4.4412408968e-02 1.4633528458e-01 -5.5218170585e-02 2.7387531788e-02 1.7339959321e-01 1.3491316871e-01 9.9392465371e-02 8.7031077088e-02
1.1611963809e-01 -7.4199402514e-03 -1.1368505117e-01 1.7097877650e-01 -9.3096887537e-02 -9.8097520130e-02 3.3969924632e-01 7.3149756656e-02 -7.2418145086e-02 4.0655507414e-02 4.5288827923e-02 1.0693804131e-01 -4.8688009807e-02 -8.6376454685e-02 1.1776929333e-01 -3.9577514594e-02 1.1225124283e-01 1.0775484708e-01
2.7865390303e-02 -4.3326024642e-02 6.8766638897e-02 4.6901254088e-02 -6.6598682989e-03 -3.2817459872e-02 -1.0650411475e-01 2.4189955361e-02 -3.2982154778e-02 2.6034796920e-02 1.9667154710e-01 4.8240308084e-02 1.0935669030e-01 9.9126195575e-02 -5.0261607197e-02 5.4286660549e-02 1.6955072289e-02 2.0974837444e-02
-8.3910490821e-02 -4.7836571426e-02 8.9265038932e-02 1.8340042223e-01 -6.8579231075e-02 6.5660459081e-02 9.2695248864e-02 -8.3734034956e-02 1.7948321990e-02 5.1286185232e-02 -2.9629543388e-02 2.1410880639e-01 5.0726722874e-02 3.0166974894e-02 6.3620617409e-02 -7.0159778795e-02 5.3746480311e-02 3.4057316836e-02
