1.5987911100e-02 -6.1136248719e-02 1.0118156762e-01 8.3486427662e-02 -9.3247618686e-02 1.3375953481e-02 2.0608530309e-02 -5.7223933802e-02 5.2176668675e-02 -1.3168837011e-01 4.2494175725e-02 -6.4685030842e-02 2.9589601562e-02 -1.6321702426e-02 -5.0618711758e-02 9.4209317138e-02 -1.0132228649e-02 -9.0824845784e-02
-3.3544902762e-02 5.0311145397e-02 2.2803970748e-02 1.4405291512e-02 -1.6735265020e-02 -1.2232195691e-01 -7.8524569668e-02 5.6605738710e-02 6.4642636708e-02 6.9799781913e-02 6.7367457336e-02 -8.8122488955e-02 -5.1054002798e-02 -1.9690187016e-02 6.8976538796e-02 2.2203534077e-02 -1.2122370416e-02 2.4921203852e-02
7.7702110763e-02 -8.9220652024e-02 -3.0334603500e-02 -2.3609991876e-02 -3.9280980140e-02 -4.2271283735e-02 -5.5630644008e-02 1.5614780536e-01 -1.1063157856e-01 -8.3314057008e-02 1.2930414543e-02 -8.5690095903e-02 -3.6885031681e-02 5.1123744477e-02 5.9052192821e-02 8.1191678461e-02 -8.1616837028e-02 3.0616550753e-03
1.3073787956e-01 3.1320406477e-02 -9.6456157294e-03 -1.0513884438e-01 1.1030809782e-01 -1.2505904926e-02 4.8023626958e-02 1.5407583929e-01 -3.8730369317e-02 1.5822974828e-02 -1.1655927830e-01 -2.4368281327e-03 1.0169249932e-01 -3.3761667916e-02 2.4988178238e-02 -1.7650756530e-01 -8.0020528045e-02 1.9855259579e-02
1.3829338929e-01 5.7756041574e-03 1.4892284157e-01 6.7194714941e-02 5.8173030560e-02 -1.4113038106e-01 -5.0027480016e-02 1.9530232966e-01 -3.7632547883e-02 -9.5275439773e-02 -4.7322781625e-02 -3.5596964968e-02 1.5665364439e-01 -1.0725173290e-01 -5.7376953304e-02 -1.8091833282e-01 -9.4699268333e-03 -3.6226466714e-02
-4.8553295701e-02 -5.6387878691e-02 -9.9274136666e-02 -1.7638854928e-02 1.4163813692e-01 -3.2647694704e-02 -8.3412447845e-03 -2.9639047432e-02 8.1035578896e-02 1.1169320001e-01 -2.1631236457e-02 -2.5031404727e-02 1.2034833889e-02 2.6833182423e-03 1.0487068479e-01 5.1356875714e-02 8.1452732359e-02 9.8241957854e-02
1.2590945689e-01 3.3051577946e-02 -3.7873229886e-02 1.1376374940e-01 1.6248187720e-01 1.2629342918e-01 -2.8132404715e-02 9.6227998643e-02 1.5295942416e-02 -1.0924349754e-01 -2.8077016178e-02 -8.4060132948e-02 1.5451031525e-01 -6.7965891481e-02 6.5511665818e-02 -1.2193639286e-01 2.7883834521e-02 -1.4551530396e-02
2.3068495476e-02 -3.3371344957e-02 9.9782684356e-02 3.7096625515e-02 2.9872419517e-02 3.2884085250e-02 6.6892132621e-02 1.3921680564e-01 -9.0344527251e-03 5.4742763089e-02 2.8320361254e-02 -7.5678624831e-03 1.3556826011e-01 -4.1659321283e-02 2.0114319403e-02 4.3569031630e-02 -2.3465610190e-02 -6.7257421543e-02
8.1737246181e-02 5.7981436420e-02 -7.4657404436e-02 -5.0471105296e-03 -3.5773492849e-02 -8.6587641976e-02 3.1261756161e-02 3.3386323828e-02 -9.7651594605e-02 -3.9243448809e-02 -6.5158988170e-02 -8.1780087691e-02 -2.7269769658e-02 9.0018553103e-02 -2.0434384832e-03 -2.2115804163e-02 -3.9485758340e-02 1.6436774974e-02
3.0920032347e-01 -8.8353368979e-02 1.3455918071e-02 -1.2236735174e-02 1.4268448895e-01 -4.3666884505e-02 -5.3168857915e-02 2.6056629539e-01 -7.8991417911e-03 6.5819540902e-02 -7.4651240564e-02 -7.7582757276e-02 1.3798943057e-01 -3.3196463770e-02 1.0680021372e-02 -8.6008844445e-02 4.3735832724e-02 -4.8562468744e-02
5.6605326271e-03 -9.1612718747e-02 1.5406902414e-01 -9.9985713337e-02 2.0789696037e-02 1.0105266088e-01 -3.3201018135e-02 4.1656372366e-02 1.7010187676e-02 -7.7668153528e-02 1.6039225805e-01 7.6095998070e-02 -1.9140665071e-02 -1.7400051144e-02 -1.7136716887e-01 2.0583753427e-02 -3.2519610756e-02 -2.5284145443e-02
1.2909905766e-01 -2.8275825726e-02 -5.3465227846e-02 1.6090250608e-02 8.6711342122e-02 -3.6960194250e-02 1.2047272387e-02 -6.7580044819e-04 -3.4689180146e-03 6.2124449370e-03 -5.3785843754e-02 2.2179150915e-03 -1.9214289980e-02 -1.4577030883e-02 -7.3271153566e-02 -1.3503495250e-01 9.1947382844e-02 4.0228324446e-02
-5.9304226798e-02 1.0118495942e-01 4.0865557331e-03 5.3339706930e-02 -7.7777710098e-02 5.5277926632e-02 4.4804418503e-02 -5.8396043650e-02 1.1764166626e-02 -7.4742028492e-02 2.0354990647e-01 -2.8767707546e-03 -1.4396867367e-01 5.2581893368e-02 -7.1445503023e-02 2.0845954817e-02 -5.2454233038e-02 3.0061921396e-03
1.5953237580e-01 -7.7386336339e-02 -2.0195142606e-02 4.1651040088e-04 2.4049736258e-02 2.9604671843e-02 2.5145987497e-02 -2.9030860013e-02 -7.0000116712e-02 -9.5084751427e-02 -2.6275834705e-02 -8.1328011848e-02 1.0294906391e-01 1.5631358086e-03 3.2664913120e-02 -2.5988635757e-02 2.1860748325e-02 -4.4134328690e-02
-5.5287713424e-02 -4.5753442233e-02 -1.4959345035e-02 3.3416405514e-02 -1.5430276264e-01 1.6518468826e-02 8.9353165345e-02 4.7577862721e-02 9.4198600230e-02 2.8764154525e-02 9.4843590404e-02 2.0165647870e-02 5.9340409813e-02 1.3629362775e-02 -6.2363972094e-02 2.2583353174e-02 8.2608513948e-03 -5.4248760936e-02
-4.3200032717e-02 4.0098641843e-02 -3.8532447081e-02 2.7595383965e-02 -9.6181892750e-02 4.5662253914e-02 -1.7779503145e-02 -9.1761846356e-02 2.7861078598e-03 -5.4213797719e-02 2.4289172499e-01 1.4174445531e-01 -1.9219984556e-01 6.6292335180e-03 1.1193548131e-02 9.2512625546e-02 -1.0018146446e-01 2.5439186523e-02
-7.7902772281e-02 7.0999523769e-02 1.3935499193e-01 -1.2771444915e-01 -2.0056059222e-01 3.2360653190e-03 -8.9063163190e-02 -1.5488269737e-01 -5.3122937884e-02 6.1788395298e-04 1.1472720838e-01 9.0755946894e-02 -2.2445378746e-01 -1.0414188583e-01 -5.9982780564e-02 1.6940455454e-01 8.6730062169e-02 -1.8132146636e-01
-5.1582509977e-02 -1.7564115615e-02 3.0110017601e-02 -5.5121732822e-02 4.5405577008e-02 -2.8021888362e-03 4.8066152721e-02 1.3653975237e-02 -1.5057439213e-02 3.4666346625e-02 -9.8028523992e-03 3.6650822992e-02 6.0336075257e-02 -3.0545424041e-02 1.2411703320e-03 1.0137217891e-01 4.0583776592e-02 1.6746249303e-02
