2.3814768253e-01 -4.1373192368e-01 -7.1875428536e-02 -2.6705315890e-01 -2.9323887424e-01 -1.6740128386e-01 -3.2390771712e-01 1.2154839127e-02 3.2551053764e-01 2.1211001793e-01 -2.9242181764e-01 1.5248346123e-01 3.3052170992e-01 1.6162133630e-01 1.1378914021e-01 -5.5905266738e-01 -5.0943572305e-01 1.4244290366e-01 1.3158673738e-01
4.0843642705e-01 -2.3594466550e-01 -2.4417007471e-01 2.0292109018e-01 1.2306801857e-01 -1.8804977484e-01 -3.1959792818e-04 1.6265149774e-01 -2.2287420061e-01 -1.9261409267e-01 1.4000682266e-01 1.9731950876e-01 -2.5112846744e-02 1.5745790351e-01 2.6252555946e-01 2.6484510386e-01 -7.8932158440e-02 1.6465014035e-02 1.3285156269e-01
-1.6906541340e-01 -1.9927861774e-02 4.4271286249e-02 -3.0177562199e-01 8.6087022486e-02 -1.7160357533e-02 -1.1522722231e-01 3.5144854825e-01 4.4735470956e-02 3.3322343098e-01 -7.5772318227e-02 -4.4267983432e-01 -1.2454527276e-01 -7.1801396496e-01 3.5631713847e-02 -5.1643170053e-01 5.9168457186e-02 -2.0974316146e-01 4.8861936544e-01
1.7171477404e-01 -7.0594385300e-02 -1.3202560398e-01 -4.7765049688e-01 -1.5139168028e-01 -2.3407507873e-01 -1.0819943948e-01 -3.2806792665e-01 -1.2287880123e-01 -3.6104261680e-01 -6.2828576749e-02 -2.9410720916e-01 1.4837287500e-01 1.9039750486e-01 -2.3068717211e-02 2.7240485607e-02 2.7600773147e-01 2.6048434885e-01 9.1498818154e-02
-4.0785575724e-01 -1.8384466620e-01 -2.1439258447e-01 1.1818799453e-01 -1.6301693170e-02 7.9610623661e-02 -4.8076095778e-01 3.9651012000e-02 -2.4328037040e-01 4.7329755581e-01 1.0396190763e-01 -1.5385060582e-02 7.0676525425e-02 8.2237672620e-03 1.7733733236e-01 2.6883861383e-01 4.3583147671e-01 1.0303485927e-01 3.7155644295e-02
7.7802700505e-01 2.9543825330e-01 4.6039015951e-01 5.4823748486e-01 -1.9762610250e-01 -3.9296272094e-01 9.7928211164e-02 4.1426455790e-01 1.1164270547e-01 -6.4234118752e-02 -2.8358120957e-01 1.3859754815e-01 1.6651247367e-01 3.1815643099e-01 6.4566511228e-02 -2.9080073063e-01 3.2352610684e-01 -1.8504175450e-01 1.4088374543e-01
-1.5010323694e-01 -2.8592342647e-01 -3.7383997161e-01 1.3212502139e-01 -9.8889230648e-02 -2.7153383086e-01 -7.2975366526e-02 8.2786923385e-02 6.7968102294e-02 3.4076847231e-01 1.4681889814e-02 7.4863259383e-02 -2.7491220073e-02 -2.2672415836e-01 -2.8607412385e-01 -1.3008281833e-01 -6.3126686770e-02 -3.0324572024e-02 -1.0916608455e-01
-2.2548824550e-02 2.0805871164e-01 1.6593147962e-01 -9.6800077948e-02 -5.6502255685e-02 3.0975004609e-03 -1.8756534521e-01 -7.1422679674e-02 -1.8621990496e-01 7.9506976727e-02 3.5112465792e-02 6.4876815107e-01 -1.2021642497e-01 1.3123661867e-01 -1.6060687709e-01 2.7912999249e-01 3.7577156814e-01 -2.2542585678e-01 2.0718725488e-01
1.9577672814e-01 -1.8482463788e-01 -5.2408800061e-01 -3.8494684564e-01 2.5929652001e-01 -2.0040809363e-01 -1.7952863083e-02 -1.4584735736e-01 -1.3935619158e-01 -2.1313251213e-02 -1.7212260020e-01 5.7966395143e-02 -1.1071073429e-02 -2.0319311490e-02 3.4933947353e-02 -2.8673680575e-01 -3.3230002113e-02 -1.0252432332e-02 9.1194808756e-02
1.2926832977e-01 -1.7998760495e-01 3.7927772419e-02 2.5313947337e-03 1.2202315137e-01 -6.1094205318e-02 -4.3196941154e-01 -1.6473963312e-01 1.7211285809e-01 -5.2661230580e-02 -9.6435338840e-02 1.9981798671e-01 1.8883215616e-01 -1.2081799724e-01 -1.0616022436e-03 1.9776639707e-01 1.4318919402e-01 3.2692545949e-01 -2.1799300187e-01
-7.8661490652e-02 1.6648193076e-01 -3.7604187897e-01 -1.3829958470e-01 3.8634832621e-01 2.4468051442e-02 -2.8999928947e-01 -2.7614468725e-01 7.3804209470e-02 2.6849939633e-01 -2.3923310018e-01 -2.4422143490e-01 1.0103529049e-01 -3.7470152351e-01 -1.2894972835e-01 -1.1130570021e-01 1.2405033424e-01 -3.5574210779e-01 1.0713457242e-01
1.4576909229e-01 -1.3572694858e-01 2.1723362024e-01 -9.9609162149e-02 5.1632984351e-01 -3.0969201857e-01 1.6343644559e-01 -3.5406982655e-01 1.1755612264e-01 5.1977638370e-02 2.4986823585e-01 -3.1038210169e-01 2.0831093385e-01 -3.0406851866e-01 2.1373039383e-01 6.0870373743e-02 -7.4361322863e-02 -4.4604045407e-01 2.9716433217e-01
-2.6644091289e-01 -8.8430649952e-02 -2.6602886300e-02 -7.4328299339e-02 7.6755397960e-03 -2.2852977545e-01 6.9760994582e-02 1.0727726892e-01 -1.2023665136e-01 -1.4759285110e-02 -1.2237894339e-01 1.6369226412e-01 9.8682430024e-02 -6.5678111455e-02 -6.4405930497e-01 6.0222749512e-01 5.6074964804e-02 -9.9975311564e-02 -1.6569262601e-01
-4.9948810548e-02 1.0809998459e-01 6.0534044628e-03 -1.4500763511e-01 1.5627644850e-01 -1.9038076689e-01 2.4324661454e-02 2.5610036317e-01 6.3014445611e-02 1.4513395886e-01 1.4379178508e-02 -5.8680883671e-01 5.7455004554e-02 -5.6012583268e-02 -3.9883629451e-01 -1.3244174926e-01 2.5764402356e-01 5.3605277331e-03 -3.5348549337e-01
1.1498300874e-01 -4.2217258479e-02 3.3355548771e-01 1.6452523111e-01 -3.8281453586e-02 -1.8720579139e-01 -2.2743272261e-01 1.2304859466e-01 -1.1232002385e-01 -2.5960448470e-01 3.7712112493e-02 5.0635130033e-02 4.8112197814e-02 -3.5966111366e-01 2.5365451740e-01 -1.8002926716e-01 2.4600563917e-01 -7.4622984338e-02 -1.3718256779e-01
-1.3026979792e-01 -3.0244173022e-01 2.3911851496e-01 4.1154429469e-01 -8.7906288308e-02 -1.0751231113e-01 -2.8440202245e-01 -3.8180698984e-01 -2.2485550605e-01 1.2889421150e-01 2.1999359318e-01 -1.1728830697e-01 4.8571624914e-02 2.3350301085e-01 1.8489161912e-01 4.7118113545e-02 9.5513200376e-02 -3.8455664005e-01 -5.2319372683e-02
-2.0168223316e-02 -4.6804186953e-02 -9.3923877902e-02 -3.2134032967e-01 2.4597250761e-01 2.2473730178e-01 -2.4549246111e-01 -1.1976637300e-01 1.7126143479e-01 -3.3754302528e-01 1.8680396714e-01 -1.0515639116e-01 4.9856625808e-02 2.6012289731e-01 1.2712785688e-01 2.3343774335e-01 -2.0077454194e-01 1.8584051506e-01 -1.0083411062e-01
-1.6126193141e-01 7.7614886502e-02 1.9791704178e-01 3.5965171293e-01 -1.1011856186e-01 -7.2888195255e-02 4.0407866723e-02 2.0778335982e-01 -2.1485760487e-01 -1.9204381405e-01 -5.1637430639e-01 1.2999282255e-01 -2.8845820208e-01 1.1482347733e-01 -4.1471220534e-01 -7.9756628394e-02 1.4539516992e-01 -2.3229072786e-01 2.2467559254e-01
-2.9200626322e-01 -1.4525179817e-01 -3.7692642593e-01 -2.0740756021e-01 3.2485004044e-01 8.7245551439e-03 3.7112262912e-01 -1.1600975007e-01 2.9771069639e-03 1.8149153242e-01 -9.7352441993e-02 -2.7757029985e-01 -7.5268450189e-02 1.1642008453e-01 -2.6779532584e-01 -1.7282552935e-01 -5.3788168945e-01 -4.2255963046e-02 3.3962056842e-01
