-2.6874218080e-01 3.2012272110e-01 -3.7084157481e-02 -1.8427471218e-01 1.4800749798e-01 1.8601979587e-01 -5.2150337981e-02 -5.4080312438e-01 -3.4982764567e-01 -6.4773775469e-02 2.6686737799e-01 -2.6870671739e-01 -2.3920347978e-01 -1.6667074779e-01 1.9322051985e-01 -1.1453868982e-01 -4.4098357062e-01 -4.1292584177e-01
-1.6659318510e-01 -2.0962598949e-01 2.7829667020e-01 -5.9120848525e-01 -1.7181154587e-01 -1.3738206185e-01 -4.8466306833e-01 3.2587393616e-01 -4.7326887391e-01 1.9605652666e-01 2.0141933126e-01 1.4702183384e-01 -1.0196576461e-01 1.9365178960e-01 -5.2328396467e-02 3.0887684058e-01 -2.3705123814e-01 -3.2679827296e-01
1.8862032898e-01 2.9161732379e-01 -3.5090201911e-01 2.8231391193e-01 8.4004286554e-02 2.0005970963e-01 -7.9590045823e-02 2.0660610393e-01 -1.9313942228e-01 1.9863883612e-01 -1.3209494749e-01 2.8533918176e-01 -1.9829634097e-01 -1.2917069465e-01 -4.8356486479e-02 1.2718234981e-01 6.5474199834e-01 -4.5808421752e-01
6.3912355669e-02 -3.3591357491e-01 -1.8395490604e-01 -2.2419689502e-01 2.2634721312e-01 4.0401564585e-02 -7.8934226799e-02 1.3163171336e-01 4.4131182045e-02 -7.1360361781e-02 5.8536124965e-02 2.8410568525e-01 6.1975651845e-02 -2.4522293191e-02 -1.9807004812e-01 -2.6489654928e-01 7.1319600196e-01 -2.6807508337e-01
1.8296145080e-02 1.2109338422e-01 -7.9095299605e-02 -4.3526436113e-02 -2.2322407632e-01 4.1182909207e-01 3.4885734220e-01 8.2713041690e-02 1.1122726294e-01 -9.2144771810e-02 -8.9255146733e-02 2.2622205071e-01 3.5363650782e-01 -4.3151024274e-01 2.5510690253e-01 -4.0923076064e-01 1.0525759545e-01 -5.8509796123e-02
4.9795665272e-02 -1.6349825767e-02 -4.3357721739e-02 -4.2146659867e-01 -9.0562726986e-02 -8.7829494509e-02 -4.4456473176e-01 2.5559927831e-01 1.5419632518e-01 2.5071801298e-01 -1.3847075365e-01 3.1657399342e-01 -1.4602193196e-01 1.6687712288e-01 1.4140275307e-01 -4.6154172101e-02 2.4163894568e-01 -4.1530801402e-01
3.0390148456e-01 3.4068234066e-01 2.8197211411e-02 3.5488719030e-01 -1.4996378056e-01 -8.2394402324e-02 -4.6956917748e-02 1.9484585553e-01 -3.9941397150e-01 -1.6738323283e-03 -4.9876318532e-01 1.2380100856e-01 -4.3465267740e-03 -1.6740857015e-01 -7.7811117340e-02 -1.5633411469e-01 1.0885208016e-01 -4.6745011260e-03
-8.2781193106e-02 3.6481409778e-01 -1.5022512072e-02 -3.7410113217e-01 -4.1752264248e-01 -1.0964701771e-01 1.3439473097e-01 1.5556430174e-01 -1.9838768857e-01 5.4834733542e-01 -2.3731359847e-01 -2.1459346577e-01 -1.5732313642e-01 1.7275443711e-01 1.1134654497e-01 3.1784077321e-01 4.0131931359e-02 -3.8273751872e-01
-3.9974901789e-01 1.6071782811e-01 -1.0537094555e-01 4.2458790361e-01 5.7600730186e-01 1.5830005723e-01 -1.4052110757e-01 -7.4548078046e-02 -1.7995697430e-01 6.4042592404e-01 -4.8534165108e-01 -1.1070226375e-01 -4.9867383746e-01 -3.1798642866e-02 5.2697120874e-02 -4.9509094297e-01 -6.3987886819e-03 2.7377261557e-02
4.6798475764e-01 -1.8888816957e-01 2.0380520080e-01 1.3991596799e-02 3.5217391097e-02 1.0219152828e-01 2.0140754126e-01 -5.6345365444e-01 -3.2538701991e-01 3.9354591913e-01 2.9990450259e-02 8.0915698281e-02 -2.9332614952e-01 3.8580038759e-02 4.3878321667e-01 1.1343448548e-01 -4.5429440292e-02 1.3692371705e-01
2.9435995814e-02 1.5951206280e-01 3.7404432638e-02 -6.0026846868e-02 2.0591450345e-01 8.2987393483e-02 -3.0779513590e-01 -2.9204876750e-01 2.5425422675e-01 2.5464405965e-01 -8.1446083861e-03 2.3840260937e-01 -2.6634576283e-02 2.9183605826e-01 1.0364862957e-01 2.2871305984e-01 -2.2618994125e-01 2.5333516706e-01
-1.0868118403e-01 -4.4198314288e-01 3.7333219343e-02 -3.9208365841e-01 -5.5566522522e-01 2.3205911786e-01 2.8737595952e-01 -6.5104653794e-02 8.8219574146e-02 -1.9865060004e-01 -3.7942674545e-01 -5.4827648749e-01 -3.1612812895e-02 5.3216393008e-01 -1.7625394571e-01 -3.7769656550e-01 -2.5789266712e-02 9.9431234455e-02
1.2415693730e-02 -1.7565142890e-01 -3.1666971958e-01 -1.9711003135e-01 -3.1306540016e-01 -4.1797316471e-01 1.0891108549e-01 4.7095628414e-02 1.1262684771e-01 1.5387105660e-01 -5.3032292279e-01 -3.1035667365e-01 9.5466460549e-02 2.1840775321e-01 -1.3126197656e-01 1.6661212789e-01 -4.1886259050e-01 -3.7428065116e-01
5.9426692423e-01 2.6143918285e-01 1.3225442104e-01 6.6077759163e-01 -2.5972169677e-01 5.7695823528e-01 -2.6602193811e-01 3.5885538499e-01 -1.5181864904e-02 -9.9860168111e-02 -3.8831344073e-01 1.9888190723e-01 -6.5946755873e-02 2.6004707765e-01 5.2120873144e-01 2.7950043509e-02 3.5508857876e-01 -4.1882693447e-01
-5.8649314224e-02 -2.4544669191e-01 -3.2970151254e-01 -1.1882311752e-01 4.4120631199e-01 -3.5277071329e-02 2.3064950159e-01 -4.5518402053e-01 5.1631251467e-01 1.8315679306e-01 -5.7306087036e-02 -3.3116512120e-01 -2.6842258598e-01 2.8815385637e-01 -2.2780934027e-01 3.9932429274e-01 -1.0445285306e-01 -1.7352292821e-01
8.2602196706e-02 -1.9539513294e-01 4.7289260038e-01 -1.7804195986e-02 2.8193231688e-01 -2.2298328664e-01 -1.9824758965e-01 -2.5462241754e-01 3.2698158919e-01 -3.3038283027e-01 1.9933013501e-01 -3.2269742756e-02 -6.0255405964e-02 1.8912442094e-02 -2.9544532699e-01 3.5575308742e-01 1.6417801883e-02 3.0133283473e-01
2.9635449082e-01 -6.1180818790e-02 3.7619860264e-02 8.8600439274e-03 1.4435890869e-01 9.1736824589e-02 1.1957651238e-01 -8.4501046223e-02 -2.3601001370e-01 -1.7357135534e-01 -2.5157438994e-01 1.7569756917e-01 1.7336523954e-01 -2.2193504530e-01 -7.5186207073e-02 1.6023696237e-01 2.2726443248e-02 1.8487604367e-01
1.4193857025e-01 -1.0079226160e-01 4.4939002170e-01 -4.1764335954e-03 -2.6729070096e-01 -2.6431280609e-03 -6.0824586505e-01 1.2069161016e-01 7.8314840006e-02 -1.4139616897e-01 4.1777899171e-01 2.8631040670e-01 8.7426993601e-03 1.3273557774e-01 9.5783427906e-02 2.2117878746e-01 3.2093055876e-01 -2.1501589405e-01
