5.3259220007e-02 1.4031735255e-01 -4.3379926448e-02 1.5681601725e-01 -1.8677588929e-01 1.4977933249e-03 1.3927107569e-01 1.0321654894e-01 1.0299254659e-01 1.7669816432e-02 1.0184843907e-01 -1.2360749691e-01 -2.1153183972e-03 7.4842924713e-03 -1.5849976391e-01 1.8286915296e-01 -1.8936670866e-01 -1.6028775425e-01 1.8516622014e-01
1.5735697550e-01 1.6608019233e-01 9.2526714146e-02 9.8614549331e-02 -1.0455559180e-01 7.3501127045e-03 2.1205588642e-02 1.0684671520e-01 5.1497390807e-02 6.0918655970e-02 -2.1280812516e-02 6.8156372153e-02 -8.3932901376e-02 -4.4131403164e-02 -6.9694090716e-02 1.2883809653e-01 9.6592838027e-03 -7.7247451140e-02 8.4600062608e-02
6.0237767721e-02 7.3630437707e-03 -2.3426006961e-02 7.6391282249e-02 5.5520841446e-02 -6.8797416435e-03 -5.2843966273e-02 9.7628025907e-02 5.4999731764e-02 -1.4350463353e-01 -5.3565978502e-02 -3.8927494245e-02 1.6665392639e-02 -1.6634738481e-02 7.0252577130e-02 3.0830763542e-02 -2.6471382851e-02 9.0454761847e-02 8.9598895009e-02
1.8468705109e-01 7.2753470605e-02 3.1178821613e-03 1.5936656880e-01 -3.3053615442e-02 -4.8270835778e-02 6.3562454971e-02 9.2017302501e-03 1.3923931443e-01 6.4608373203e-02 5.7577179343e-02 2.8151784379e-03 4.5954559660e-02 1.6662356305e-01 -7.9863725478e-02 1.8792562206e-01 -9.1702888876e-02 -8.2473411975e-02 1.0156258993e-01
-1.2907588538e-02 8.4444950618e-02 -8.6120166108e-02 5.1653517286e-02 -8.9594473600e-03 -4.3358557068e-02 2.5631347208e-02 -5.4939073807e-02 1.1169521602e-01 4.4275311410e-02 -3.8057147436e-02 6.9140572935e-02 2.7690915525e-02 -9.2246713397e-02 -4.1164044556e-02 4.2847620327e-02 -8.9261276033e-02 -1.7959632742e-02 -6.9059676481e-02
9.3012096355e-02 2.6889537320e-01 1.0072169939e-01 1.9991242596e-01 -1.5963423798e-01 1.5846525335e-02 -7.6758124165e-02 -1.5836674580e-01 2.1348567746e-01 -3.8165479890e-02 -3.6327496453e-02 4.9088260773e-02 -3.8601337110e-04 -1.5529902070e-01 -7.8600553640e-02 1.2334431605e-01 -1.4209594071e-02 -1.1415407640e-01 2.1783764519e-01
1.3106754732e-02 -1.2265329689e-01 -3.1203138148e-02 1.0308903114e-02 1.5205170417e-01 -1.1946885776e-02 -4.2341679457e-02 -2.9854084190e-03 -2.4635787223e-02 -5.0515828318e-02 1.8983108188e-02 1.1029224987e-02 -9.3497230151e-02 4.3901648066e-02 2.3281904833e-02 -6.1435326534e-02 2.3559256777e-02 8.6316153177e-02 -7.7372686589e-03
3.4975620539e-01 3.0391699498e-01 -7.8541523686e-02 2.6172455233e-01 -2.2887257509e-01 -3.6577834480e-02 2.0606111350e-02 -5.7445638013e-02 3.3108866915e-01 -7.8329158957e-02 -6.6076944747e-02 7.2381304366e-02 -6.9848325022e-02 1.0956461693e-01 -1.7770994790e-01 2.1943266386e-01 -1.4931994538e-01 -2.1790622842e-01 2.1527913921e-01
1.7383055795e-01 2.5802058370e-01 -1.9229842302e-02 2.0578257158e-01 -1.0994293124e-01 -1.0952458825e-01 5.2848427422e-02 -4.2318342155e-02 2.5969436691e-01 -1.1170371920e-01 -6.8509147178e-02 1.0497034216e-01 3.0940488322e-02 -1.1734830766e-02 -2.1143466524e-01 2.2987537929e-01 -1.5570926550e-01 -2.7207424813e-01 3.4085393440e-01
-4.5586746661e-02 8.6050896508e-02 -8.0657311407e-02 6.6417025015e-02 -5.4048298954e-02 -2.4512646050e-02 6.4993592635e-02 -3.8278213843e-02 5.2218838192e-02 4.0350034616e-03 -3.9085275078e-02 2.8880816977e-02 4.1480110887e-02 6.0934859730e-02 1.2011270155e-01 -7.8153599430e-02 1.0420471091e-01 3.7334148653e-02 -3.7617899646e-02
3.7753246081e-02 1.5259011368e-02 -2.5742032511e-02 5.7360438176e-02 -1.7168102126e-02 -5.5220146604e-02 -1.9807172300e-01 -6.0729886094e-02 -6.7485994232e-02 -1.0127809177e-02 -9.6843182027e-02 -4.1628167159e-02 2.3564239057e-02 -4.3141655307e-02 -1.4768170489e-01 1.3826848766e-01 7.9354164797e-02 1.4731606430e-01 -7.9795783388e-03
8.4655570729e-02 1.1734818198e-01 -3.4599799864e-02 1.9749706472e-01 -1.6346939888e-01 -1.2356404542e-02 5.7470173630e-02 -1.0544477930e-02 3.3483976748e-01 -4.4856902438e-02 3.6756457453e-02 6.5622629118e-02 3.9847299408e-02 3.5918849097e-02 -4.8162404283e-02 2.5736279405e-01 -5.8742488553e-02 -5.1563911209e-02 4.2591440714e-02
-1.5956579693e-02 2.5348526060e-02 -4.8146069887e-03 3.5063800493e-03 3.8843311726e-02 1.1734441772e-01 -2.5526688274e-02 -1.0256037819e-01 3.7949853959e-02 -3.6903724433e-02 2.6161384722e-02 -8.0739098430e-03 -1.2439715804e-02 -8.4385143149e-03 5.4556829398e-02 8.1266656446e-03 1.4443154898e-01 2.5717533976e-02 7.0089924828e-02
1.0138414999e-01 1.3199726675e-01 -1.0327507886e-02 1.1288679297e-01 -3.6904465134e-02 -7.4776061978e-02 -6.1678107445e-02 7.6626830880e-02 1.0246895929e-01 -1.2521853845e-01 1.5127417726e-02 4.4726666812e-02 8.3081114847e-02 -9.3893710972e-02 -6.4939813877e-02 8.8872421015e-02 3.6203868606e-03 4.4945505849e-02 5.2650867004e-02
9.0543457095e-02 6.1001213960e-02 1.1738201691e-01 -3.3343864168e-03 -1.0214883018e-01 6.2143180614e-02 -7.0403769719e-02 2.8987662750e-02 1.6579196243e-01 9.1731295666e-02 6.3623127536e-02 1.2662745007e-03 2.5879043207e-02 -1.2734678904e-01 -8.4119173965e-02 1.0215680071e-01 -6.4742929460e-02 -2.2960249238e-02 1.7621239495e-01
1.2530423180e-01 -3.9204493986e-02 9.8912213709e-04 1.7654170750e-01 -1.8929636150e-02 -1.0398133208e-01 -8.1932016750e-03 -3.5253373294e-02 9.6717050609e-02 -3.9475587036e-02 -4.4490142861e-02 -5.2854325125e-02 -2.3394488600e-03 -4.9727521998e-03 -7.2434963281e-02 1.5346547463e-01 -2.0504519447e-02 -1.4358291359e-02 6.5422989633e-02
1.1841712344e-01 1.8355810162e-01 -1.1920472238e-02 1.6659802867e-01 -3.6774726948e-02 5.4519728707e-03 -4.7338156471e-03 -5.4485682551e-02 1.8539531116e-01 -4.6912154423e-02 -1.3281179124e-01 -2.7710279039e-02 -2.5960915017e-02 4.4638234042e-02 -1.4493230458e-01 2.4225399871e-01 -1.2416639124e-02 -1.0177503711e-01 1.9048368438e-01
7.1174897251e-02 -7.4278313432e-03 -4.5467405849e-02 3.2885440408e-02 -5.0648266518e-02 6.9532386325e-02 1.7415591309e-02 1.8361396200e-02 1.8657170731e-02 1.0616705702e-02 3.1475013018e-02 -1.6898283247e-01 -1.8102329209e-02 4.1728885030e-02 1.1316412067e-02 -9.8290159563e-02 5.4040476136e-02 -6.4581939298e-02 9.4404403525e-04
2.2928238594e-03 6.4505354581e-03 -5.4922910784e-02 -2.7319059484e-02 6.3534051770e-03 -4.2540950187e-02 7.0428718410e-02 -5.2332575294e-02 6.7356626346e-02 9.2342201931e-02 -4.9299712704e-03 9.0525764526e-02 -5.5454762397e-02 -7.9473028969e-02 -2.7570993175e-02 4.3171864025e-02 9.6764290283e-02 1.3148803290e-02 3.2415473451e-02
