4.0629785326e-01 7.6626564771e-01 -5.6213748985e-02 -8.1274356574e-02 2.4605802268e-01 -4.3120901914e-01 1.0832328291e-02 -1.7982120564e-01 -5.1838808894e-01 1.7990405478e-01 -1.1612271860e-01 3.0145197254e-01 8.2562819478e-03 -2.2200707362e-01 -8.2917087262e-03 9.1185704890e-02 -7.2081179776e-02 -1.0809374101e-01 9.3408094042e-02
-1.6312743762e-01 -4.6387284447e-01 3.0354414681e-01 -4.4661475193e-02 2.1330780364e-01 -1.3738348447e-02 -2.0648196310e-01 -1.1472266847e-01 -1.4337849210e-01 -8.5433406493e-02 -1.3813070726e-01 -1.1432881437e-01 3.8441833241e-02 4.3968567454e-01 1.2645856040e-01 4.3813761193e-04 -4.8032808240e-02 -3.7120524028e-02 -3.7756844438e-01
4.6589815100e-01 6.0074953677e-01 -1.3032111810e-01 -2.6385597233e-01 3.2066274098e-01 -2.5124984092e-01 -2.5348155528e-01 -6.6416559538e-02 -6.7617982439e-02 -4.2245622488e-02 1.8882325995e-01 2.0255695504e-01 3.9686523407e-01 -3.4224884080e-02 1.8921326712e-01 -3.8236232082e-02 -2.3831679415e-01 -2.5076639082e-01 2.1404388587e-01
5.2152215303e-01 -1.7327547569e-01 -4.4297124276e-02 5.2081383124e-01 -3.0376596646e-01 5.2420904825e-03 -2.6579061047e-01 -1.2106337165e-02 1.1490478122e-02 -2.9510118758e-01 -3.6672315454e-02 -3.1491133465e-01 -1.1684536516e-01 -1.1214846407e-01 -7.2368228181e-02 -1.7912329603e-01 -1.1611559129e-02 -1.7241331579e-01 -3.5834058030e-01
1.7467864615e-01 -3.9283273744e-01 -7.7529437547e-02 5.5093129405e-01 3.8203299530e-02 5.0450314517e-01 -4.2127523352e-01 2.0147866180e-01 -3.5252841593e-01 8.7171994662e-02 -3.0158642149e-01 -2.0242181181e-01 -3.2490241338e-01 -1.7511866533e-02 -1.4671117914e-01 -2.0556906526e-01 7.9459913433e-02 9.1978408804e-02 -6.0799107398e-02
-3.0494631492e-01 1.6076278682e-01 -2.3897221758e-02 -5.4531942042e-01 4.4320722182e-01 2.5671123961e-01 1.8026959654e-01 -3.2055668668e-01 -9.8512441972e-02 -1.1055334087e-02 -8.8225721255e-02 3.3938708378e-01 -2.9254596397e-01 -1.4402493033e-01 1.3627931402e-01 -4.1708850504e-03 1.2372975347e-01 5.5029086693e-03 -1.7767555466e-01
6.0892724971e-01 -4.2990898139e-01 -3.5327076221e-02 2.4357314998e-01 6.0514838242e-02 -5.3084010047e-02 -1.6240329442e-01 3.7720640124e-01 1.2791287514e-01 3.5841796766e-01 -6.5771530075e-02 -1.2675698829e-01 2.6815075755e-01 -1.3412157262e-01 -3.3240597343e-01 2.5433038448e-01 3.8610459381e-01 -3.9899760204e-01 -4.6533770922e-01
8.4333474150e-02 -3.6307933591e-01 -7.1983119088e-02 -7.5864043412e-02 -1.9641050287e-01 4.7780091456e-02 -1.2193171556e-01 -2.3020916396e-01 -3.8620629441e-01 6.4165302193e-01 -1.2733063159e-03 6.5606596632e-02 9.1118589980e-01 2.6363199106e-01 1.6348114423e-02 -3.0585391310e-01 1.5575181572e-02 -4.1190919223e-02 2.9442791170e-01
-2.5594657542e-01 -1.4749144677e-01 2.8218926234e-02 3.5689433777e-01 -1.3549669311e-02 -2.1472897383e-01 -5.1684841512e-02 -1.1453628982e-01 -1.9239018739e-01 -2.7061410163e-01 4.4100689863e-01 2.1085168484e-01 1.8576069818e-01 7.4753589635e-03 8.7000764471e-02 -5.0386976468e-02 -4.1006088665e-01 2.0335918929e-01 -2.4380527710e-01
1.6216218242e+00 5.7518970115e-01 -2.1245403808e-01 -1.6507854115e+00 4.4806816807e-01 -5.1264871242e-01 2.3006594484e-01 3.5185039473e-02 -4.8277597639e-02 -5.1445254995e-01 2.7857670119e+00 1.4486765300e+00 -4.2491802743e-01 -2.6743598076e-02 -6.6230862896e-01 2.7068650990e-01 -2.0325994514e-02 1.4970600904e+00 8.5598230578e-01
-1.6904967057e-01 3.8407279986e-02 -1.2782575976e-01 -1.3678871502e-01 8.9356843192e-02 -1.1062411670e-01 -9.0622801428e-02 -4.1906951039e-01 2.3747552989e-01 -7.8992812155e-02 4.0124709134e-01 -1.5664883047e-01 3.2403419943e-01 4.1528485025e-03 1.2717810717e-01 -2.5695705269e-01 1.4831162837e-01 2.5962600516e-01 -3.2628644657e-01
-7.3084439417e-02 1.9276062165e-01 7.3284168637e-02 9.8225245387e-02 1.1602607803e-01 -5.5656773335e-03 -2.2331660250e-01 -2.4068779061e-01 3.8335022977e-01 3.4456747476e-03 1.4396827083e-01 3.5569997956e-01 9.3072427306e-02 2.1105021817e-01 -1.7775653131e-01 -4.4309593688e-01 3.4261882281e-01 1.1305783294e-01 -1.8176260674e-01
2.4825225913e-01 1.4418292618e-03 -2.6079340290e-02 -8.1069226756e-02 4.9819221910e-02 -4.6529818395e-02 -1.6246970796e-01 -1.5136535210e-01 6.0589570358e-03 -1.0077346158e-01 2.2200394252e-01 -2.2261837161e-01 -1.1446337179e-01 -2.8202639188e-02 1.2135544144e-01 2.8716251031e-01 4.2121156157e-01 -2.7752287778e-02 2.4132489921e-01
6.8221118195e-03 1.7873491517e-01 1.6975945375e-01 2.9707970932e-01 -2.8166712021e-01 2.1874781339e-01 -1.6056264199e-01 4.4132907422e-01 2.8721202331e-01 -2.5126507599e-01 -1.6310261135e-01 -8.0773087694e-02 2.3894890368e-02 -1.7229204776e-01 2.0948140630e-01 -3.1164607919e-01 -4.9340563573e-02 -2.5347915106e-01 -8.9110273978e-02
2.8362133950e-01 -4.1540353386e-02 -5.2247878286e-01 3.7450747084e-02 -8.1963364876e-02 4.4291897062e-01 6.0577304933e-02 -2.6860949636e-01 1.0071508668e-01 1.6305561642e-01 -5.3070799470e-01 2.0478592673e-01 -2.3429877422e-01 3.4498876431e-01 1.9273759663e-01 3.5032896525e-01 1.4379583097e-01 -4.0080761482e-01 3.7549301809e-01
2.9252214419e-01 -4.1767828793e-01 -6.8119252132e-02 3.6660126294e-01 -2.1662038961e-01 2.5183489025e-01 4.4922523314e-01 8.1639280821e-02 3.0333383433e-01 3.5278869171e-01 7.5469647400e-02 -1.5120162949e-01 -5.0300496716e-01 2.7915550809e-01 9.0763172569e-03 9.0638681450e-01 1.1020308846e-01 5.4178507542e-01 -4.6739529324e-01
-8.0708786306e-02 -2.4217734022e-01 -3.9805998850e-02 2.9544183516e-01 -2.0030954800e-01 1.4914386541e-01 -1.6139709709e-01 -2.8745587145e-01 4.4142866330e-01 2.4435726213e-01 -8.5952395920e-02 -1.5429433859e-01 1.1825102710e-01 -1.4097960273e-01 7.9601629406e-02 1.5714998776e-01 7.1229680321e-02 1.7239712978e-01 -1.0815014504e-01
-4.1667085910e-01 1.2510904459e-01 1.6058207880e-02 -3.3633094828e-01 9.1665884607e-02 -1.0534555789e-01 -2.6376941420e-02 -3.7894350561e-01 -1.6146427221e-01 1.4064871646e-01 5.6240438071e-03 -1.8148024517e-01 1.8324416949e-01 4.3216970736e-01 3.5172784367e-01 -5.1329918974e-02 1.6906517761e-01 -3.1007854145e-02 3.3175500405e-01
-8.9937588055e-02 2.7743114956e-02 -1.2491929048e-01 -1.9226229648e-01 -2.2976877362e-01 3.4571112524e-01 2.0531260534e-01 6.4762555644e-01 7.8133634328e-01 2.2024296609e-01 -5.8107533544e-01 8.7898866908e-02 -6.4839843468e-01 -1.6994430123e-01 -3.1858628331e-02 -3.1478246185e-01 -5.0555492761e-02 -2.0096614265e-01 -2.1199815938e-02
