-7.5224010842e-02 8.0669982692e-02 6.6543759416e-01 -1.6001765885e-01 -8.9258405936e-02 1.5650687038e-01 2.5965573985e-01 7.0655968026e-02 -1.6786652956e-01 -1.5401450763e-01 -7.2878410124e-02 -6.8579402302e-02 7.0535820767e-02 -2.0548342607e-01 1.5464906114e-01 -1.5571446468e-03 1.3044039592e-02 2.0729640877e-01
-1.8657029942e-02 -3.8389674974e-04 4.3028277331e-03 -5.6394954919e-03 -1.1908345905e-02 2.0841573744e-02 -9.1109581932e-02 2.8149094048e-02 -8.3294065616e-02 5.4145006266e-02 7.2462212010e-02 4.4623483544e-03 -9.3247312115e-02 6.9143798402e-02 -3.7418531179e-02 5.2698382475e-02 8.5232307159e-02 -7.9472002312e-04
-7.1572761199e-02 -9.6335258499e-02 -6.2613078415e-02 -1.0019077342e-01 5.1660022025e-02 6.5726755287e-02 7.8529174860e-03 1.1811085734e-03 6.4577558924e-02 1.4501746289e-01 -4.1800671604e-02 9.9391765506e-02 2.0789364350e-02 -2.8957749474e-02 4.8998263460e-02 -7.3932315027e-02 -5.3048818404e-02 -2.0766610622e-02
8.3124687994e-02 1.9192612067e-01 9.0283155009e-02 3.1571273367e-02 1.5927437156e-01 1.7488574983e-02 -6.4734897551e-02 -6.8009819046e-03 2.2101685068e-02 1.2145456443e-01 1.4974754474e-01 1.3363852820e-01 1.7971930024e-01 1.0201528174e-01 -8.3813672075e-03 1.5289190317e-01 7.0494779516e-04 -4.9129798509e-02
-4.6893314074e-02 1.7433539614e-02 2.8252681489e-01 -1.5710767995e-01 -9.4636514768e-02 -1.1994427777e-01 1.7923312137e-01 1.0815773242e-01 1.1350937248e-02 7.7377096893e-02 1.5560909124e-02 -3.9400225343e-02 2.1376571646e-02 -7.4453571517e-02 1.3993592257e-01 -5.4757097314e-03 -9.2191777159e-02 1.3881479089e-01
-3.4301045532e-02 -1.4244266574e-01 6.8838704719e-02 7.8347778654e-03 -1.1863380061e-01 -5.4439952406e-02 1.5587168366e-01 8.0170295241e-02 -3.8619655886e-02 7.3741281713e-02 -1.9319508793e-02 -1.0384918007e-02 -2.9713925087e-02 4.8221407025e-02 7.6489740003e-03 -8.8538254719e-03 -7.9703732646e-02 8.9172313363e-02
-1.5044754348e-02 6.3507471206e-02 4.7947791890e-01 -1.0387972611e-01 -1.5453573040e-01 -4.6219112235e-03 2.1208944612e-01 -1.3479027950e-02 -7.1647098457e-02 3.2475688611e-03 2.0999114884e-02 -7.3471915461e-02 6.8606080530e-02 -9.2543340443e-02 1.2274437094e-01 -1.3813378389e-01 -4.7761446483e-02 1.9229327355e-01
7.2353697113e-02 2.1674479858e-01 2.4850996838e-02 1.2289186370e-01 1.8199702058e-01 1.3203540494e-01 -3.8067637064e-02 -6.0249601659e-03 1.7990822333e-01 1.3688413468e-01 2.1647256808e-01 1.9877431099e-01 1.9238351075e-01 2.8331814367e-01 -8.2585650067e-02 2.1960617671e-01 -9.0078074603e-02 -4.9105716094e-02
2.0850101233e-01 2.5629621779e-01 6.8204004084e-02 1.3308755307e-01 2.1121387712e-01 -1.4149895309e-01 -1.4488803043e-01 3.5280503943e-02 1.7573071443e-01 1.4132525288e-02 1.1524998402e-01 1.9449885216e-01 1.2537072594e-01 1.4650932872e-01 -7.2194729970e-02 2.3415787083e-01 -2.4439594279e-02 -2.0102376513e-01
2.0608154424e-01 8.7636011106e-02 -1.8855112874e-02 7.3289665985e-02 2.2448725572e-01 1.7125900976e-02 -1.9383354398e-03 -3.0282747041e-02 9.4681193091e-02 1.5433516557e-01 -8.5715469374e-03 1.3829524231e-01 1.9200298710e-01 2.0726850771e-01 -1.3222204596e-01 1.6252087202e-01 -9.9420928514e-02 3.2753026848e-02
2.4668343770e-02 7.9275038793e-02 2.0992081899e-01 -3.4729881988e-02 4.9310503754e-02 -7.9272333943e-02 6.8804066275e-02 -6.0128389251e-02 -6.5797165231e-02 -4.2386680645e-02 -2.5856558817e-02 9.7620439613e-02 -6.9965537058e-02 6.9823764120e-02 -4.2413595716e-03 -6.7510264683e-03 -3.7293984062e-02 1.2167165714e-01
1.0400533217e-01 1.0042976001e-01 1.8176461792e-01 2.8822255505e-02 6.8205353768e-02 -1.5677974267e-02 -1.1060511270e-01 -1.1481461341e-01 4.4636319190e-02 -1.3313214119e-02 7.2902514022e-02 1.9938708584e-01 3.8455768616e-02 1.1737508008e-01 -3.7496035192e-02 4.4368257296e-02 5.8018176644e-02 -3.8849551619e-02
3.1674727900e-02 3.9633544741e-02 -4.9839724639e-02 -7.8571973582e-02 -4.6745679869e-02 1.9172877170e-02 -7.3222233014e-03 -2.0882897740e-02 1.1743147635e-02 -1.1985339041e-01 9.2113791783e-02 -1.0224835770e-01 1.7763098373e-01 2.2189514261e-02 -1.0820490111e-01 6.9315497635e-02 -3.9110953056e-02 6.5531740943e-02
-6.0541950300e-02 -5.6404047770e-02 2.0967226301e-02 4.2409880715e-02 -6.3253587414e-02 -3.5500934012e-02 -2.8021206890e-02 2.2813207193e-02 3.3122235502e-03 -1.6352827148e-02 -6.6441417531e-02 -4.7554507128e-03 -9.7672813566e-03 -1.1689029716e-01 -1.0248808167e-02 -4.2018551087e-03 -2.5402523120e-02 1.3684835674e-03
3.8586398902e-02 1.2817247946e-01 1.9894798781e-01 -1.2429163770e-01 1.0754744998e-02 -6.6735411510e-02 1.0438786877e-01 -9.6297958560e-02 -1.7018964424e-02 1.1647097286e-01 6.2294019868e-02 1.1206638108e-01 2.5772327969e-01 1.7327395633e-01 5.9041857105e-02 -9.6460842823e-02 -4.2144313356e-02 1.4653453620e-01
-5.2463388452e-03 -3.7408121381e-02 5.7425087692e-02 -5.6362987610e-02 -4.6061977112e-02 3.6435538861e-02 4.7628246337e-02 -2.2113385031e-02 -3.7193980688e-02 8.2570641057e-02 5.2418374374e-02 1.0646257582e-02 -8.3052924943e-02 -6.2100344291e-02 9.9291082449e-02 6.3901002897e-02 -4.1443589183e-02 -7.4970009789e-02
-1.1292836134e-01 -8.6900021107e-02 9.6006463710e-03 4.0782567382e-02 -8.9226915036e-02 -2.4835416525e-02 7.4575799966e-02 9.6694230719e-02 -1.8369018412e-02 -2.3654983874e-02 -1.7900057718e-02 -8.0656740283e-02 -1.1510621177e-01 -4.4972135855e-03 -2.1573832493e-03 -1.9236850822e-02 3.2471447916e-02 1.5393153300e-02
-6.1419178337e-02 1.4702619725e-02 3.7310097321e-01 2.3600063430e-03 -1.0603534851e-01 -3.0474512380e-02 4.1805610762e-02 7.0141538525e-02 2.2983857692e-02 -4.4377041127e-03 -1.0033128098e-01 -3.0632473783e-02 -9.5781557482e-02 -2.0703023242e-03 1.3946698047e-01 -9.2528748770e-02 2.9712678502e-02 3.2732670022e-02
