-7.0707644771e-02 1.0032856638e-02 5.3698761489e-02 -4.8156223873e-02 1.0066049040e-02 -6.5685839398e-02 4.4726054476e-02 9.2693177626e-03 2.2772963821e-02 -4.1056447944e-02 6.6532251850e-02 -3.0364329818e-02 -5.2633909147e-02 -6.5050243713e-02 7.4647803652e-02 -7.0187674223e-02 -5.4399414106e-02 -6.1566449545e-03
-4.8735814965e-02 -2.3995834255e-02 7.4306911960e-02 -9.1149888307e-02 -1.0757560946e-01 2.6614927905e-02 -2.0352033406e-02 -5.0856282670e-02 -3.0616693924e-02 -6.5921152788e-02 1.5530683891e-02 -8.1018028655e-02 -3.0862105589e-02 6.1346171319e-02 9.5098672299e-02 1.1846853685e-02 -7.0470144819e-02 4.5755504201e-02
2.5001539980e-01 8.8853123672e-02 2.8291354729e-01 1.7600788385e-01 -5.5843099226e-02 1.3301079246e-01 2.0110123487e-01 -9.4757130056e-02 -3.6821556650e-02 -6.6718669968e-02 -1.4736483666e-02 2.7262826460e-01 -4.5823709317e-02 3.6272591007e-03 -4.9731624554e-02 -1.6361216894e-01 1.3624788080e-01 1.8345743131e-01
-7.5738366368e-02 -3.2537959722e-02 1.1731434067e-01 -1.2518846648e-01 3.4756144835e-02 -1.4843431709e-02 -2.2671797626e-02 -3.7498931566e-02 -1.7788099078e-01 2.7834609914e-02 -1.2307409432e-02 1.0342414066e-01 -2.8273387945e-02 2.3985759889e-02 -8.4542160280e-02 -1.2635221020e-01 -1.4047886699e-02 8.8060227248e-02
2.6625216384e-01 1.7430763870e-01 -2.0878200936e-01 1.6608334019e-02 -1.2720928402e-02 -2.2798552530e-01 -7.9050588341e-02 -9.6584559183e-02 6.7550246782e-02 7.7258137470e-02 2.8705074290e-01 -5.9342920005e-02 -7.0839636685e-02 9.9766181630e-03 9.0010797908e-02 -2.0282054547e-01 -3.0159871473e-01 -2.5707148911e-01
-1.2834029893e-01 -1.3334911494e-01 -2.9124363954e-02 -8.8876075453e-02 -2.1435376347e-02 7.6501095109e-03 -1.1317431798e-01 1.8348700259e-01 5.5084453696e-02 -8.9232163221e-02 4.0795467280e-02 -1.1823168843e-01 2.7048729505e-02 1.8303388865e-02 -6.3256551770e-02 1.5598937109e-01 -2.3048786000e-01 2.5211433236e-02
1.0980333848e-01 1.3864219298e-01 1.6073071349e-01 1.3732310694e-01 2.7574912742e-02 1.0130479519e-01 7.6279838466e-02 -4.7120240457e-02 8.0487416599e-03 7.6234238892e-02 -2.7801362359e-01 1.0469111907e-01 -9.5359211660e-02 2.2511520322e-03 -2.6654066463e-02 -1.2748684882e-01 1.4401346509e-01 9.4049811758e-02
-5.4690656661e-02 6.4800458408e-02 6.5633817904e-02 -5.2469333461e-02 -8.9597947884e-02 -3.0600425073e-02 5.1342923722e-03 4.9286707791e-03 -9.8904910799e-03 2.6436205448e-02 7.9466221143e-02 1.1272973773e-01 3.4231193243e-02 5.2817269534e-02 2.5108650831e-02 -9.1412509858e-03 -1.0946853843e-01 -7.3545130963e-03
1.9550097601e-01 1.6173202716e-01 1.8502965492e-01 2.6619782060e-01 5.6331259117e-02 2.8632912594e-01 2.5679418342e-01 2.4312962003e-02 4.6063212131e-02 -1.4896009812e-01 -3.7640940647e-01 6.8281303259e-02 4.9493306824e-02 -2.0338072595e-02 -1.7748590617e-02 -5.1494334468e-02 1.7249355602e-01 1.8969081658e-01
-2.5127332396e-02 2.0109629638e-02 7.3312015249e-02 6.8928110548e-02 -2.5158499302e-02 -1.0113739731e-01 -1.4883675832e-02 4.4507269355e-03 -1.4251994004e-02 -1.0870865403e-01 -2.2603118401e-03 -6.8210069815e-02 -6.0476211147e-03 -1.1601741525e-01 -9.3942275137e-02 -1.0990766127e-01 1.3290762281e-01 4.1557862703e-02
1.5359433105e-01 1.6679093735e-01 2.0087864368e-01 1.1303997758e-01 -8.4641339708e-03 1.3377064782e-01 7.7481795956e-02 2.9444357366e-03 -1.2707152697e-01 -1.3096849620e-02 -1.2789915752e-01 1.2005370500e-01 7.1376941727e-02 1.3404551891e-02 -6.1396676763e-02 -5.9026384587e-02 8.0892527196e-02 1.6619917113e-01
7.7295027423e-02 6.6801046142e-02 1.0724567065e-01 1.5026561041e-01 2.9068884420e-02 1.4418488115e-01 1.3769984547e-01 7.1034857738e-02 -3.4052268434e-02 -7.3882404729e-02 -6.7384587990e-04 2.4540099431e-01 -4.2935676834e-03 -2.8614508097e-02 -3.4998895498e-02 2.4610266661e-02 1.6179759769e-01 1.5962665445e-01
-1.2771731602e-01 -2.0469556723e-01 -6.4234884975e-02 -2.1869216534e-01 -4.9745459906e-02 6.6134006032e-02 -3.1205577477e-02 1.9959641013e-01 1.3672406048e-01 3.9143465912e-02 -1.2003929999e-02 -4.7455666978e-02 7.2644839818e-02 6.2610336430e-02 -5.9709546070e-03 2.2110462120e-01 -1.5131366561e-01 7.7286045527e-02
-1.1928174576e-02 3.5832026777e-02 2.1454951572e-02 -2.3376959957e-02 5.5687995684e-02 7.6654389064e-02 9.7067560202e-03 -4.1027468819e-03 6.4322433143e-02 8.0141608790e-02 -2.0791037082e-03 5.2237524179e-02 -5.7437800093e-02 -4.9694891334e-02 -9.6419817099e-03 -7.1513996898e-02 5.2516461131e-02 -1.2878915605e-01
2.5766984821e-02 7.9786644220e-02 5.0329277043e-03 -2.5216939583e-02 -3.0194138499e-02 1.5959376256e-03 6.9788164621e-02 -2.7426093207e-02 3.7115733241e-02 2.6518939073e-02 -6.4195705704e-02 -6.6848344591e-02 -4.1975723961e-03 -1.0865856192e-01 7.9024960056e-02 -1.6208735698e-02 7.5010237779e-02 1.6604796087e-03
9.0819635954e-02 -3.5069053311e-02 -3.7393620162e-02 -1.4180804021e-02 8.7508956201e-02 6.1411288821e-02 -8.7748310063e-03 3.2293514114e-02 -6.6274323779e-02 -1.8603196768e-02 -1.2714539622e-01 -2.1764425574e-02 -6.7063679070e-02 2.9278080031e-02 3.4187832211e-02 -3.7638715444e-02 -3.8993070292e-02 -7.4228147780e-02
9.3560339701e-02 1.4430623002e-01 1.0824161975e-01 5.4339387083e-02 -3.1904407198e-02 3.1275809110e-01 2.1834706029e-01 7.4385017106e-02 -7.6132005765e-02 -2.5327252816e-03 -7.1451696899e-02 1.6102828493e-01 -4.6579554185e-02 4.4730929345e-02 -8.7373765629e-04 -6.9958025426e-02 5.4619230686e-02 2.1342855778e-01
-1.4264174312e-01 -2.7036464914e-01 1.2718687114e-02 -1.5029868339e-01 -5.6707522116e-02 -1.1363928004e-01 -1.8441410307e-01 2.7823383801e-01 -6.6853974849e-02 2.1644471158e-02 6.2026794939e-02 -8.7035556444e-02 -9.1392116686e-02 -3.6473629161e-02 -5.3329803245e-02 2.1502850541e-01 -1.9882194140e-01 4.7205052322e-02
