1.8470170613e-01 -1.3158348317e-01 -3.9031792017e-01 1.5215954733e-01 -9.1573551096e-02 -2.9218935794e-02 -4.9708645452e-01 1.4195260881e-02 -2.8378835734e-03 -6.7232242541e-02 1.5860465021e-01 -9.2622302500e-02 2.6002822465e-01 -3.5221750657e-01 -1.0992462858e-01 -1.0883083614e-01 4.1487177727e-02 2.3862783209e-01
-6.7132169647e-02 -8.0443764143e-03 8.1196676155e-02 5.8005123600e-02 8.5381923002e-04 -3.9261798316e-02 9.1598532689e-02 2.0698939662e-01 3.7594121378e-02 -1.2351480827e-01 -1.6668761511e-02 -2.3270469187e-03 -1.3474755101e-01 1.8328562056e-01 -1.5993696407e-03 -8.4842729309e-03 -5.2094503106e-02 4.7500035488e-02
-1.7193469367e-01 2.7052890650e-01 8.1442661830e-02 -2.5185125188e-01 4.0103704117e-02 1.4232861276e-02 9.6971694330e-02 3.4898140606e-01 -8.3032541031e-02 -6.6175179868e-02 -7.0119027120e-03 -2.3608012213e-02 -2.5750352295e-01 -4.0952624337e-02 -2.9063045518e-02 1.2973643626e-02 -5.5206626734e-02 -2.3435149629e-02
-1.3973995369e-01 7.5867533525e-02 -5.5472522642e-02 4.8110903054e-02 -7.1601930230e-02 5.4740031216e-02 3.2956666772e-02 -4.5951809429e-02 -9.9483530415e-02 3.4065204903e-02 5.2232105635e-02 8.2489630722e-04 -1.8945750268e-01 -5.0981669547e-03 1.3277932549e-02 2.6657998378e-03 -2.5192712234e-02 1.5008734337e-01
2.1220673591e-01 2.4651496740e-03 -1.1974468480e-01 6.5048110597e-02 -1.1943644980e-02 -3.8733464840e-02 -1.8389012938e-01 -1.6253041841e-02 -4.5373869839e-02 3.2692013655e-03 -8.2641931239e-02 8.4193961991e-02 9.0847775655e-02 -3.9687824660e-02 4.4627335151e-02 -2.1669219366e-02 -1.2033010177e-01 1.6812686467e-01
-5.7510074895e-02 3.0570132424e-01 -4.1421186975e-02 -2.0543002106e-01 1.1311071466e-01 8.6032920682e-02 -7.3226283392e-04 2.1402389616e-01 -4.6902180903e-02 -9.5758906480e-02 -3.1204874186e-02 -9.6880803033e-02 -1.9118099178e-01 1.4100448492e-02 -2.1138848345e-02 4.4185334817e-02 4.2795641274e-02 9.8107882160e-02
2.3359057469e-01 1.0315344541e-01 -1.3161897299e-01 1.9993580382e-01 -3.8716058081e-02 -2.3194793703e-02 -6.3443202493e-02 3.0347529687e-02 -6.8539628060e-02 -9.8003590323e-02 -5.0973373162e-02 -5.2903124324e-02 1.8239093050e-01 -2.8137038201e-02 -3.1390293971e-02 -1.1405760846e-02 7.1606916235e-03 9.3608599781e-02
-1.2419412808e-01 1.8806545897e-01 9.2185486863e-02 -9.0836305759e-02 1.2290677213e-02 -1.2560240968e-02 7.4584984752e-02 1.2591543335e-01 -1.1249967294e-01 -3.6257424837e-02 1.8624026156e-02 -1.0602268664e-02 -2.4971524504e-01 1.9086023377e-01 2.9318799455e-02 -4.6567594352e-02 -3.4035991067e-02 1.0777478857e-01
-9.8894223208e-02 2.9077218268e-01 2.2463124411e-02 -1.2157941010e-01 6.2857999830e-02 4.0798960302e-02 5.9032306915e-04 2.3860217099e-01 1.5165640656e-02 -1.2565507080e-01 -7.4901190727e-02 -3.7220950498e-03 -3.4304867212e-01 2.2994556997e-02 7.9777054680e-02 -9.4676530260e-02 -6.1141421861e-02 -1.1402947067e-02
1.7324845238e-01 -1.7981869701e-01 -7.9613238958e-01 1.3534556402e-01 -1.1046168898e-02 -1.5214801419e-02 -7.2510962387e-01 -1.7573814497e-01 7.6145768730e-03 8.6120346057e-02 -4.2819896092e-02 4.3089014502e-02 2.6855210058e-01 -7.7881373175e-01 -8.7963552129e-02 7.0350552949e-02 -4.7831626625e-02 2.3160782416e-01
-3.6647490770e-02 1.7416235059e-02 1.9871891009e-02 -5.0554861393e-02 -1.4222689735e-02 -8.7228829279e-03 1.1950869658e-01 -6.1732574972e-02 -1.3967606137e-01 2.5793769260e-02 -3.3178812997e-02 1.8709844819e-02 -7.6013078489e-02 -7.9172967630e-02 8.7588219306e-02 -4.7390786505e-02 9.8126985764e-03 1.0391680499e-02
-3.1857023430e-03 -6.0094730329e-02 9.0898795777e-02 -5.5231610759e-03 -6.6803386152e-02 -5.0906120005e-02 5.7966545078e-02 -4.5526557563e-02 1.4821190637e-02 -1.4232726406e-01 1.1921062145e-02 1.9616039330e-02 5.3789176524e-02 6.0351198214e-02 9.8252224013e-03 8.6198496739e-02 2.0766247568e-02 -1.9697547994e-02
9.5589502828e-03 1.9897312631e-02 5.0956077912e-02 8.6802527941e-02 -2.8613480597e-03 -1.0802699295e-01 3.8090675772e-02 -8.8111151424e-02 1.0650853625e-01 5.4732282659e-03 4.6349699947e-02 7.6192489762e-03 5.3206433798e-02 9.8605812224e-02 1.0221689574e-01 -2.4415822518e-02 -5.5973519133e-02 -1.8187788928e-02
3.2491185481e-02 -4.6957192041e-02 4.0070479167e-02 -7.4895238819e-02 4.4914640837e-02 2.2261301798e-02 6.1526781081e-03 -1.2165763961e-01 -6.4369942081e-02 4.7239726003e-02 -3.8224184816e-02 -9.1389663328e-02 1.2004754753e-01 3.1964955823e-02 -7.6185033897e-02 -2.0155314623e-02 3.6855389342e-02 -1.3452840603e-02
-1.5552702946e-01 2.7455259795e-01 6.2271428181e-02 -2.2998274362e-01 -1.5674138645e-02 -1.9188016070e-02 5.2722866465e-02 2.4237194142e-01 -5.6644698774e-02 -3.4045566100e-02 -2.8202336153e-02 4.7278829618e-02 -2.1986656649e-01 1.1045544983e-01 2.1377483866e-02 -9.0678873219e-03 9.7203383981e-03 -1.0822817307e-02
1.5636331052e-01 -7.5759791331e-02 -3.6883920451e-02 2.1611021853e-01 3.8357483971e-02 -5.6368688399e-02 -4.6692240582e-02 -4.1014534002e-03 1.2521432067e-02 -3.9071726214e-02 -5.5786985660e-02 -5.6526793069e-03 5.4844895721e-02 1.1527474119e-02 -4.7249377945e-02 -1.4562153521e-01 -8.3392513752e-02 1.0647005554e-01
-3.1770933667e-01 -1.0437917719e-01 3.4605019904e-01 -1.9696434829e-01 -3.1715166252e-03 1.2968199452e-02 3.1033227263e-01 4.2381852614e-02 -1.0863361788e-01 1.5270971433e-01 -1.6491580443e-01 -5.7740705311e-02 -2.4947763679e-01 2.8237462956e-01 -3.0150521499e-02 -6.1705709364e-02 -3.3028390893e-02 -2.6804677680e-01
-2.8217981840e-01 2.1491228698e-01 1.0488938318e-01 -2.0715325029e-01 9.3610232727e-02 8.2077994365e-02 8.7128782530e-02 2.2057404646e-01 -4.7402030181e-02 -3.0319176128e-02 3.2974260854e-02 6.5187535893e-02 -2.0085990778e-01 3.9586079784e-02 1.2057830321e-01 -2.6894799791e-02 -3.4222811877e-02 5.2784423342e-02
