-6.4648243202e-02 -1.9470496300e-01 2.3986332646e-03 -3.2547136517e-01 -1.5954055366e-01 -3.3555197861e-01 2.4585229261e-01 -1.3096502630e-01 -4.3788962594e-03 1.1792367684e-01 1.7527953820e-01 3.7196407515e-02 -1.3361878714e-01 -5.9766884566e-02 1.4156838551e-01 -6.9126062071e-02 7.3404964336e-01 9.2106891157e-02
2.0130466140e-01 7.6239557754e-03 2.7012010068e-01 2.1152409865e-01 2.6385446837e-01 -1.7189666113e-01 1.3578493619e-02 -1.6428315540e-01 5.5035481136e-02 -1.7795572836e-01 1.7353981002e-02 -2.2883172344e-01 1.6743032310e-01 5.8463877757e-02 5.4666884576e-01 2.6098560801e-01 -2.4645381256e-01 -4.5113917092e-01
3.3964357870e-01 -2.0979058561e-01 4.3919596549e-02 -3.3070065637e-01 -4.4789077610e-01 3.6071688440e-01 -5.8430076652e-02 -2.7700699832e-02 -3.3989940314e-02 6.5789548522e-01 -1.6856389875e-01 -4.5634787194e-01 2.1109712554e-01 -3.1565119060e-01 -2.2680295625e-03 -2.2367114270e-01 5.1498116584e-01 5.2911006226e-01
-1.5946680455e-03 2.6346915428e-02 -2.8791770132e-02 9.8029411621e-02 -1.7394443041e-01 8.5534413817e-02 -5.8176098402e-02 -6.0702655102e-01 -2.9262732872e-01 -3.2732509316e-01 1.1259782375e-01 -3.3697519044e-01 -2.8283271595e-02 -1.1407442864e-01 8.5703615298e-02 1.9579846723e-01 1.7008892277e-01 -2.3440530241e-01
5.7275616941e-01 -1.9809713136e-01 -5.5750293108e-01 -2.2980467348e-01 1.2541204757e-01 -2.8272737974e-02 -5.5666835637e-02 9.2622169217e-02 -1.6931415865e-02 7.6640044755e-02 -1.5040227044e-01 4.7907211585e-02 2.7612676083e-01 1.1178478208e-02 2.3939369292e-01 -3.9115364276e-02 -2.7796962719e-01 -3.1750741376e-02
-1.0632194369e-01 2.3663337158e-01 1.7895334111e-01 5.2083950177e-02 -1.9747697031e-01 2.4709913558e-01 1.3179824692e-01 7.8751069706e-02 9.4571103134e-02 5.5381608644e-01 4.5622161392e-01 5.5630924960e-01 3.5252056562e-01 -3.5238734450e-02 -2.4476711765e-01 1.4756259715e-01 -1.6361098064e-01 -2.0785745655e-01
-6.5741457923e-01 5.2249159281e-02 2.9948776339e-01 5.3879261564e-01 5.3670798448e-01 9.7502417338e-02 1.9701544524e-01 -2.0468920001e-01 -3.4142068061e-01 1.3056911989e-01 3.2082714489e-01 5.5900706943e-03 -3.3014583005e-01 -5.6261482243e-01 5.7067948736e-01 -5.8232704637e-04 1.7995267217e-02 -2.0780144560e-01
-3.1884614525e-01 4.0405870620e-01 -1.2992989955e-01 -9.1464063542e-02 -5.6778696934e-01 1.9266694949e-02 1.6243146876e-01 -1.4704768503e-01 9.0268889455e-02 -1.0480890678e-01 2.9867931998e-01 -2.1720899199e-02 2.6419999544e-01 -3.4587650370e-01 8.2140978006e-02 2.2059242955e-01 9.1011704238e-02 -5.4617305453e-01
-2.1485110302e-01 -1.9318333555e-01 1.0510725794e-01 2.5209783639e-01 -8.2262774661e-02 -1.5115658176e-01 -1.6172939210e-01 8.4565545235e-02 -5.5728694615e-02 -1.1196907441e-02 3.7011960992e-01 -2.0759005550e-01 -1.7480355407e-01 -9.7678139564e-02 2.0018909868e-01 8.7655368819e-02 -2.3180484971e-01 -4.0117975078e-02
-1.4023136195e-01 -2.1205811712e-02 -1.5811014997e-02 -1.0178745712e-02 1.8300349835e-01 -1.3477013028e-01 -1.6967450731e-01 -1.8162463572e-01 -3.1790411821e-01 -1.2409017091e-02 -4.3809792003e-02 -3.1767611909e-02 1.7788208905e-01 3.5983736029e-02 3.1597835218e-01 -3.2969113118e-02 1.2438768270e-01 2.2948372512e-01
-3.3713230055e-02 -1.1348514591e-01 -8.2111819402e-01 -5.6281305920e-02 -1.1116017275e-01 -5.7927969443e-02 2.6127341043e-01 -2.4816386548e-01 3.2419448483e-02 1.0915868063e-01 4.0107692527e-01 -1.1328101163e-01 -8.4314621938e-02 2.1583468288e-01 -4.6750422334e-01 1.4444440224e-01 4.6982361791e-01 -1.9448864419e-01
-4.1917834893e-01 -5.2849288632e-02 -3.0911304373e-01 -3.6999252005e-01 -3.4313099645e-01 -6.2769310697e-02 -1.5819569865e-01 2.2912785631e-01 4.7963821140e-01 -1.5872335316e-01 -1.3708942444e-01 4.4917759582e-01 4.4196927527e-01 4.0434532616e-01 1.6683197806e-01 -2.4665537840e-01 3.0419320253e-01 1.6897349993e-01
-2.3914311776e-01 4.2776282000e-01 1.4875157952e-01 3.8812873770e-01 1.1650050229e-01 1.9262761460e-01 8.0159393868e-02 2.0184421056e-01 -1.1706619389e-01 -1.3997413017e-01 3.3257959457e-01 1.0467467774e-01 6.5498656458e-02 -3.3670770252e-01 2.4337515107e-01 -3.0311839366e-01 1.3863664610e-02 1.3388094331e-01
1.1879468730e-02 -1.7721481235e-01 -9.1442738817e-03 -2.8780068413e-02 7.0534597475e-02 -1.9468758684e-01 -1.0103121136e-01 1.5448031947e-02 -1.6383430933e-03 -1.0462575029e-01 -1.3351800483e-02 -7.9450486380e-01 1.8565465149e-01 2.3003338215e-01 -8.3503211383e-02 9.2187586683e-02 -1.7796003392e-01 2.5327643435e-01
-2.6970940410e-01 5.1332840853e-01 2.6536627868e-01 5.8549762496e-01 -2.9239710669e-01 -1.9477762639e-01 2.9626181385e-01 -2.3959011403e-01 -6.9415816390e-01 3.2671845866e-01 -4.3536510801e-02 -2.8833317564e-01 6.0528123639e-02 1.0598558576e-01 -2.6775466480e-02 1.7241180806e-01 -4.3235217818e-01 -5.7143068774e-01
4.4912008203e-01 -4.6662022777e-01 -2.5459422538e-01 5.6746427398e-02 -1.9063529343e-01 1.0486053690e-01 2.1680690208e-01 4.7654035722e-01 2.3959268237e-01 -3.1395329423e-02 -5.6171138182e-01 -3.0947338560e-01 1.3816285812e-01 2.1265251694e-01 2.6255296037e-01 3.8190619847e-02 5.6024263690e-01 2.7422105983e-01
4.7230410377e-01 -2.4909401626e-01 -6.6778057058e-02 6.0129384593e-03 5.4244826283e-02 4.8877279377e-02 5.2032569566e-01 4.4693701075e-02 -7.4419495763e-02 1.6223590002e-01 1.0929405334e-02 1.3443161374e-01 1.7682737041e-01 -1.6920854665e-02 1.7100500194e-01 1.8653520687e-01 -2.5879756309e-01 5.0871378578e-02
-3.4748051814e-01 -1.7562955509e-01 5.0562957484e-01 1.9740708911e-01 -1.9695527162e-01 -3.7007398091e-02 2.4948803526e-01 5.9672010416e-02 -3.1528932867e-01 -1.2355403602e-01 -2.0458882428e-01 -4.5575885832e-01 -4.1624689970e-02 8.3243879403e-02 2.1199134666e-01 1.7999887325e-01 -1.4787402019e-02 1.8749592621e-01
