-1.2625504835e-01 -2.2290139193e-01 2.2850898079e-01 1.3391950557e-01 1.6828538256e-01 1.0560820936e-03 -6.3959195784e-02 -3.3439243371e-02 6.4732739718e-02 2.2564826422e-01 1.7274807195e-01 2.6558061421e-02 1.0394169615e-01 -7.3311632720e-03 -7.6315672488e-02 -1.8731511618e-01 1.0071911504e-01 1.3969827320e-01
-8.1200635480e-02 -1.2138399745e-01 1.8339392536e-01 1.5836445373e-01 1.9459308742e-01 7.8709378836e-03 -1.4586868548e-01 -4.3938309538e-02 9.0605413938e-02 9.3039806630e-02 2.1825811065e-01 7.9531368514e-03 -5.2453464231e-02 8.3839416160e-03 4.0309199307e-02 -1.9916134221e-02 -2.3338947749e-02 2.5839435856e-01
3.9339443897e-02 1.3049638834e-01 -1.9873019166e-01 -2.2655101884e-01 -1.1860972611e-01 -7.4244782122e-03 5.1559360613e-02 1.2263499222e-02 -9.9575770428e-02 -2.7751731552e-01 -1.1431645856e-01 7.3478403719e-02 7.2290737184e-02 5.6737251921e-02 -6.2570693255e-02 1.4257246369e-01 3.6692078223e-02 -8.8852227810e-02
2.5950638820e-02 -9.8411163068e-02 -6.9579135063e-02 -2.1785121653e-03 -7.1793796910e-02 -6.7897630365e-03 -2.6710743167e-02 1.4231947480e-01 4.1671325444e-03 -6.6302874413e-02 -9.7303702459e-03 3.3647281387e-02 -7.7969723263e-02 -1.1422624491e-01 -1.0204290428e-01 2.1505939545e-02 -6.1297339480e-02 -3.5236240108e-02
-6.9474044815e-02 1.9535943034e-02 1.3174000508e-01 2.0416539104e-01 1.0895299108e-01 1.0310340253e-01 -7.2497245294e-02 -2.9485862233e-02 1.6878002590e-01 2.1573385393e-01 7.7070633973e-02 -7.4683477545e-02 5.1879166138e-02 -9.2381674057e-03 -2.1577889300e-02 -1.6826139625e-01 -1.1286490437e-02 2.0567593657e-01
2.1308050841e-01 2.3385320914e-01 -1.0652638669e-01 -1.3670810548e-01 -5.0539997324e-02 5.0688863600e-02 2.2662034219e-02 -1.7909893593e-02 -2.3738988838e-01 -2.3960457771e-01 -7.3140952260e-02 6.2651870228e-02 -1.1644510083e-03 3.5442878469e-02 8.2577008179e-02 1.8852276503e-01 2.4842082169e-02 -2.2109198207e-01
-5.2637409320e-02 -1.4147201997e-02 -8.3159306447e-02 -1.0351645735e-01 -4.2104612083e-02 -1.6763083442e-02 8.9434571491e-03 -2.6827871733e-02 1.0574238478e-02 -2.3214220855e-02 -2.4648429372e-02 -5.9803781655e-02 3.5862563968e-02 1.4500230015e-02 -1.0055683996e-01 4.8590247857e-03 1.2519084036e-02 -3.9151751089e-02
1.7910922792e-01 2.0633743953e-01 -1.5586990556e-01 -1.6412293635e-01 -1.3954527565e-01 -1.0116119288e-02 -7.4923249090e-02 -1.1572760517e-02 -2.6477716542e-01 -9.6789995130e-02 -9.7743475390e-02 -4.9736651100e-02 2.5420076645e-02 1.1009921861e-01 -1.8520535707e-02 1.6443886708e-01 -4.4957891783e-03 -2.0806122653e-01
6.0759548203e-02 5.6983022338e-02 -1.0202589091e-01 8.9895397808e-02 2.6143810947e-02 -1.4037912777e-03 2.4989660354e-02 4.6326106233e-02 -9.0143785248e-02 -6.1981370648e-02 6.3493521017e-02 -5.1841151027e-02 -1.5829762395e-02 6.8487285596e-02 -9.7481987325e-02 8.4115454645e-02 -5.3623294800e-02 -2.2628774202e-03
1.7132387288e-01 1.6592504829e-02 5.4303960006e-02 5.3759489761e-02 2.9971579759e-02 -2.7058134869e-02 7.3580137110e-02 -6.1184548588e-02 -2.8085134303e-02 1.2691314098e-02 -6.9626897999e-03 -4.3260225192e-02 1.8745580612e-02 -7.9246713550e-02 6.4262668841e-02 4.5932643381e-02 1.3730179332e-02 1.0676008936e-03
7.8748970309e-02 2.3275231521e-01 -1.0527660898e-01 -1.2080625079e-01 -2.3279155856e-01 -3.5346932102e-02 5.6729079358e-02 4.1662895862e-02 -6.6004539114e-02 -2.8257104575e-02 6.7657472591e-03 -3.9453298020e-02 -5.6650969463e-02 1.2435458502e-02 8.8158233404e-02 7.7774937807e-02 1.1500882784e-01 -4.6062543327e-02
-6.1678523936e-02 4.1514452037e-03 1.3948283905e-01 1.6404256323e-01 1.1412427769e-01 1.0349670437e-03 -6.5353144648e-02 4.6551689968e-02 1.8015046233e-01 2.2462796349e-01 1.2650349232e-01 -5.3736601934e-02 3.3736122355e-02 -3.2102280309e-02 -5.7787793572e-02 -1.2959034978e-01 -8.5398651899e-02 1.6722612117e-01
-9.9241250044e-02 -8.5391491166e-02 8.0479749740e-02 1.4321692440e-01 1.0625549781e-01 -2.3242860106e-02 1.0712612531e-01 -1.4155872604e-01 1.1539137115e-01 2.8910372304e-02 1.5387964227e-01 -1.7838050691e-03 -3.5371584275e-02 -2.7296109835e-02 -3.9595140051e-02 -2.6240487464e-02 -1.1250577620e-01 1.4064908327e-01
9.5715379147e-02 2.9740276320e-03 2.4319012129e-02 -6.5393436910e-02 -1.5770296714e-01 -6.3872922578e-02 -6.1678382302e-02 -8.0091607652e-02 -1.3585365519e-01 -1.1623823636e-02 -9.3188678236e-02 3.6925223311e-02 1.0524245160e-02 -7.7633768404e-02 -4.9951549365e-03 1.6094511471e-01 -4.5507311396e-02 2.2736967743e-02
1.8763207308e-01 1.9319466682e-01 1.2599422810e-02 -6.0020774038e-02 -1.5781561323e-01 3.0797694530e-02 -4.9088768241e-02 1.6681876998e-03 -9.5895141366e-02 5.1568560120e-05 -2.6806464096e-02 2.0345164788e-02 3.5356517214e-02 -7.8404194038e-02 6.2810629102e-03 7.5882172830e-02 -1.4188832589e-01 -2.0116450820e-02
1.0521943556e-01 -4.5299112012e-02 -8.8487506659e-02 -1.7949605416e-01 -8.5121885087e-02 -4.2938319913e-02 1.8996181254e-02 -5.5430146477e-02 -1.1530328462e-01 -1.4277075792e-01 1.1204563289e-02 9.5127236481e-02 2.2086371608e-02 -6.5205446330e-02 7.7689675285e-03 1.5392779822e-01 4.0250590381e-02 -6.5222602891e-02
1.1166255634e-01 1.8279224694e-01 -1.2620014632e-01 -1.3678551885e-01 -1.1127552699e-01 -2.5001391510e-03 -8.1515892873e-03 -1.0665799406e-01 -6.7231316990e-02 -2.6051442632e-02 -4.4313283423e-02 3.8184434175e-02 -5.8265725055e-02 6.9574135482e-02 4.5219129000e-02 1.6807807605e-01 3.6642209523e-02 -5.2142249124e-02
1.4652208554e-02 1.6958140832e-02 8.3683089300e-02 1.1514376418e-02 7.9595092546e-02 -1.5824689891e-02 1.4640751764e-02 2.7390942945e-02 -4.0410629171e-02 3.6583630093e-02 -5.8876714854e-03 -5.1542122301e-02 6.9871263423e-03 -5.8760795918e-02 2.7703572065e-02 -4.7885406518e-02 -4.1115707727e-02 6.8436753194e-02
