1.7295503372e-01 2.1137166975e-01 1.3672061957e-01 -1.8681642610e-01 -8.4803613976e-02 -1.4992231410e-01 -7.8246652266e-02 1.4628453991e-01 1.4850682336e-01 -1.0165318805e-01 -1.6112719327e-01 1.6942691938e-01 -1.2470923054e-01 1.5161684025e-01 -1.7457708479e-02 7.4759447625e-02 9.0326520983e-02 1.8827553161e-01 2.0373547008e-02
-1.4028768725e-01 -2.3016610176e-01 -5.0242973084e-02 -1.5870782119e-02 6.8476908151e-03 1.3659218975e-01 6.2775438609e-02 -3.7486111732e-02 1.0446266558e-01 2.2778229992e-03 1.9623231720e-01 -1.4204816279e-01 1.7545804433e-01 -1.5671914788e-01 2.7288612539e-02 2.6475604322e-01 5.0222466072e-02 -8.2584625442e-02 8.3781278136e-02
2.1530771070e-02 5.0438716152e-02 -2.0882500569e-01 -6.5461484044e-02 -1.0787417598e-01 4.3733705042e-03 -2.9205014498e-01 1.1328264018e-01 -2.6435028737e-01 -1.9832552835e-01 -1.2626381885e-01 -2.0200404101e-01 -1.8543218490e-01 7.8878524515e-02 -1.6734076993e-03 -3.7112735828e-01 -1.8629867573e-01 1.5060851381e-01 2.6732752793e-03
-5.4333412515e-02 2.7272169917e-02 -3.3355641227e-02 1.5998358070e-01 -1.0349902536e-02 -1.7815219056e-02 1.3134287752e-01 5.2036977274e-02 -3.0934909671e-02 -6.8215540803e-02 1.0153162753e-01 6.0218992225e-02 -5.4914031069e-02 2.3190583045e-02 -6.4694926543e-02 3.1633650346e-02 5.4740259920e-02 3.7822396171e-02 2.7543185768e-02
-4.5199128862e-02 2.0009277394e-02 -1.2800787249e-01 -1.4345669689e-02 2.1466118621e-03 -1.8866383302e-02 -1.0318097649e-01 6.3029533713e-02 -7.9399671769e-02 -2.6520864467e-02 -6.0842206202e-02 -2.3455772007e-02 5.3532392127e-03 6.1033246266e-02 5.8914459569e-03 -2.7451611259e-02 1.4732681052e-01 6.5616274341e-02 -3.0872045871e-02
-5.3314410369e-02 7.1257794732e-02 7.7841800007e-02 7.1828906962e-03 -1.5397086149e-02 -4.3912653893e-02 -3.4770285529e-02 -9.2347842617e-02 2.4707489244e-01 -3.4750340340e-02 9.2493120483e-02 9.5759786096e-02 1.8623235472e-01 -2.4312160575e-02 -1.3367646366e-02 2.1192173207e-01 1.0498194327e-01 -5.0185215797e-03 -2.0916014001e-02
-2.0819979859e-02 -1.3347362298e-01 -3.1597845397e-02 -2.6322886298e-02 -7.6581081923e-02 4.5786733870e-02 1.1436381017e-01 -4.0498052254e-01 1.5211519369e-01 3.0587628226e-01 1.8188693715e-01 -1.9858424971e-02 2.6274794465e-01 -1.4161870993e-01 5.2488740574e-02 1.2498620569e-01 1.2219559513e-01 -9.3853021579e-02 1.2237721083e-04
-3.8587169728e-02 2.6091079825e-01 1.5164595351e-01 -1.3644221276e-01 -2.1619700933e-02 -6.8656033284e-02 -9.0139035447e-02 9.0213988503e-02 8.1921690176e-02 6.5372551940e-02 -7.5406316843e-02 1.7562013447e-01 -1.8962263997e-01 1.3494438788e-01 9.2018895695e-02 3.8659518500e-02 -6.8627245099e-02 2.3655967544e-01 -6.1582855746e-02
9.1273211441e-02 7.5299520138e-02 -8.9926512234e-03 1.3425520676e-03 -2.2911838962e-02 -4.9521762456e-02 1.2432689049e-01 1.6952599101e-02 1.9885098740e-01 6.1640988097e-02 3.2119703516e-01 -1.3605765096e-02 2.1118658559e-01 1.7169951062e-02 -2.3694808660e-02 2.6229428546e-01 1.1747804642e-01 5.7534215604e-02 -2.2689966558e-02
1.1922196212e-02 3.8153135524e-02 -3.0011582675e-02 -3.2436521666e-02 -5.1840950274e-02 -1.3809703664e-01 2.9521636364e-02 3.4323095925e-02 -2.2294615861e-02 -2.2690453226e-03 -3.2823075203e-02 3.1165627147e-02 1.9737198523e-03 -2.1240085145e-02 -7.4899207210e-02 1.2671546766e-01 -7.7905978886e-02 1.7761754765e-02 -6.2494702179e-02
-1.5584263458e-02 -2.3424966186e-01 -1.6324074016e-01 -1.2266301024e-02 -2.9720740093e-02 3.0553165505e-02 1.5503117989e-01 -1.0484364663e-02 2.3927960094e-01 4.0309749322e-02 1.0761528105e-01 -1.1466837010e-01 1.9303793100e-01 -4.8703652593e-02 -3.5279297863e-02 1.4804913994e-01 1.5499694048e-01 -1.2905519322e-01 -1.2321462375e-01
7.0970849019e-03 7.7867966544e-02 1.4839358910e-01 1.3050160539e-02 -1.4236289448e-02 1.0666037901e-01 1.3266938200e-01 1.8115319504e-01 8.5847277584e-02 4.3492446536e-02 2.9619383254e-02 4.3600330289e-02 1.0507678235e-01 -5.3757303837e-02 9.8468847058e-02 8.8509806668e-02 2.9911651770e-02 5.8445336492e-02 2.3065218608e-02
-5.3821469155e-02 1.9415164045e-02 7.5356477987e-02 1.9307929059e-02 -9.6874865131e-03 -4.8955074714e-02 1.5616467990e-01 7.9054622594e-02 1.8205148411e-01 8.5940729469e-02 2.4951102459e-01 1.0971465405e-01 6.5384816002e-02 2.5479801268e-02 3.4657180741e-02 1.6888983517e-01 5.5384275187e-02 2.3476221778e-04 -1.5809139552e-01
4.5160049841e-02 -3.1529206903e-02 -1.1431944401e-02 2.1700842225e-02 4.9494554642e-02 -1.6996716891e-02 -3.5263592365e-03 1.3634346264e-01 6.9680901938e-03 3.2466859881e-02 4.1705000268e-02 -1.8690111899e-02 -4.8382576407e-03 -2.2335091672e-02 -1.8033617930e-02 4.1933042117e-02 -3.3248294355e-02 -1.2123300892e-02 -3.7394056286e-02
2.4544272173e-02 -7.0590288907e-03 1.6561294347e-02 -2.1027657363e-03 2.2480253603e-03 -9.2347374112e-02 5.0025111431e-02 -1.0204949481e-01 2.7086678234e-01 1.5096655562e-01 9.3489491986e-02 -2.1961338705e-04 1.3682032802e-01 1.9979526138e-02 -6.7123362058e-02 2.4701120019e-01 2.3009398813e-01 2.6650158385e-03 2.7964197802e-02
4.3757277671e-03 -1.0592271278e-01 4.8336453119e-02 3.9037277179e-02 -8.5699743328e-02 -1.3605723359e-01 7.1968228222e-02 -7.4402132293e-02 1.9071435251e-01 5.4352756019e-02 1.2724217561e-01 5.2525451761e-02 3.1683101784e-02 9.4571106753e-02 -2.5323709875e-02 2.7266951506e-01 2.2620712939e-01 -1.8837844922e-02 4.4607400947e-02
-3.4942982895e-02 -6.2281024001e-02 -1.7305117928e-02 1.4621449566e-01 1.1461500132e-01 2.7173163992e-02 -7.9664392907e-02 -3.6266461717e-02 -4.4669592515e-03 -9.8209276781e-02 1.0450205692e-02 -3.5625998422e-02 1.5315410763e-02 -2.0236896604e-02 -1.1140281362e-02 1.0692357866e-02 4.7845537748e-04 3.6716399605e-03 2.8222705719e-02
-2.9178148637e-02 6.4186455733e-02 6.9410209990e-02 4.7877980606e-02 -1.2835988265e-01 8.5949694075e-02 8.7227856125e-02 -5.1734176786e-02 1.7025127072e-01 1.1390899913e-01 8.1710115764e-02 -2.7496342740e-02 7.4146839078e-02 -1.1350408998e-01 -2.8947572310e-02 1.6430291442e-01 1.0652238511e-01 -1.0590176128e-01 -3.2663022958e-02
-5.3392777885e-02 -5.7745745783e-02 -4.5369376710e-02 -1.0376211063e-01 -9.3041663034e-02 -5.8657799759e-02 2.5838016306e-01 -3.5696144913e-01 1.8189880516e-01 1.2147497425e-01 1.8632943894e-01 -2.5172164696e-02 2.1387254035e-01 -4.1493202401e-02 -2.3158622075e-02 2.4254984869e-01 1.8980754063e-01 -2.3497389777e-02 -9.3962729642e-02
