2.0670976358e-02 1.0713499885e-01 1.4328356876e-02 -1.1107041369e-01 -1.0169740665e-01 -2.2540814830e-01 -3.8849638036e-02 2.9382173025e-01 -6.5326139677e-03 5.5946687162e-03 -3.8389134292e-02 9.5531905216e-02 2.7841495961e-02 -3.1759123014e-02 3.0762066522e-03 1.6294384773e-01 1.0673305230e-01 1.9236817231e-01
-1.8140690083e-02 -2.7230490086e-02 4.9559038863e-02 -3.1427345511e-02 8.5889730286e-02 5.5547330904e-02 -7.5949308974e-02 -4.5414631264e-03 3.1503625043e-02 -2.7421173185e-02 5.9621897196e-02 -4.3799985898e-02 -2.5305386493e-02 -4.1753569947e-02 -3.4270815814e-02 3.7057537501e-02 -1.3368341971e-02 2.2560397376e-02
4.8683351651e-02 -6.3569584342e-02 -9.3722116339e-02 -2.2354626678e-02 -7.5601269561e-02 -2.8761062696e-02 4.8671396677e-02 9.0486832319e-02 4.4244184228e-02 -3.3962744312e-02 8.0799970740e-02 -1.2904896511e-02 -1.1677630642e-01 5.1343139065e-02 -2.0216981271e-02 -2.8426390147e-02 -1.3024067166e-02 -2.6662743582e-02
-6.3268506324e-02 7.4849685938e-03 -4.1294206694e-02 8.9879529886e-02 1.7062952643e-02 8.0621262596e-02 4.5200281341e-02 2.1662859500e-01 -2.2580725332e-02 -8.0726554190e-02 -1.0140186401e-01 1.5999297133e-01 3.0175009326e-02 -3.8397479260e-02 1.4619604881e-01 3.4763893708e-02 -2.0803740021e-02 1.3125383685e-02
4.6365744330e-02 6.9651352379e-02 -3.5925633023e-02 -1.3691389164e-01 -3.5750365439e-02 -1.0493204756e-01 3.4536927845e-02 1.8075594470e-01 -5.4504054701e-02 -5.9410774672e-02 -1.3446617867e-03 1.7599305258e-01 2.0015857493e-01 -1.3004222031e-01 1.1893894794e-01 2.3434073598e-01 2.3471378844e-01 2.0386015213e-01
1.0541461706e-01 -9.5171878352e-02 -6.4643507932e-02 1.3093926697e-01 -9.3466763725e-02 1.6514666552e-01 -1.0479101312e-01 2.3239268633e-01 1.8956376521e-01 4.1240243525e-02 2.8609545294e-02 -1.5870957704e-02 -1.1279308968e-01 1.6345207078e-02 1.7864354151e-01 -1.6584295556e-01 2.1083824789e-03 -6.6548400539e-03
-2.3160268914e-02 -8.5836465751e-02 -7.6284475939e-02 -9.2918655747e-02 -2.5760838638e-02 1.4239778081e-02 7.7785544414e-02 9.0884728625e-02 -2.7754538572e-02 2.2476762438e-02 -2.3261186140e-02 -9.3049040082e-02 -7.9811635269e-02 5.7817234765e-02 4.9459314157e-02 -5.0116319145e-02 1.9191631779e-02 -3.0643165724e-02
-2.9528918354e-02 -6.3854499771e-02 -3.6016292644e-02 9.4490921546e-02 -2.7171530362e-02 8.3639224510e-02 -2.6610379344e-02 1.2325756381e-01 -7.6086828809e-02 -9.0298825481e-02 2.8641717395e-02 7.6832945794e-02 7.9092455623e-02 9.9618938032e-03 8.9253583728e-02 1.5629980584e-02 4.3491666452e-02 1.2896023846e-01
7.8242916335e-02 -4.1929584261e-02 -4.7563138484e-03 -7.7057606572e-03 2.1199354173e-02 -7.9651930760e-02 -2.6136486648e-02 -9.0894355381e-02 1.0581719137e-02 -1.0684194908e-03 1.7979890372e-02 1.1737609305e-03 1.6435657788e-02 1.6783541269e-02 3.1794401192e-02 1.8043419247e-02 -7.8063955057e-02 7.6461954663e-02
-4.0853086027e-03 6.5058243114e-02 -1.7353821490e-01 3.1827565178e-03 5.9409629060e-02 -9.1236762050e-02 -2.8639785410e-03 2.1902149497e-01 -1.0310057261e-01 1.2141571664e-01 -2.6277631994e-02 2.5672501266e-01 3.1258919506e-01 8.8566216444e-02 1.0655715844e-01 1.5706971372e-01 1.3832171435e-01 2.3734097492e-01
-1.2525122725e-01 -8.8128307535e-02 4.0714475872e-03 -1.3033853577e-01 -3.9712292159e-02 1.1392821959e-01 3.6079449528e-02 -7.1640834869e-03 -2.7679162923e-02 2.0900951125e-02 4.0452624355e-02 -8.0642275695e-02 1.3615154944e-01 -2.6054188663e-02 2.0384307245e-02 -4.0189150835e-02 3.9706785795e-02 2.9438355775e-02
5.8802787908e-02 6.8458656009e-02 9.8635918393e-02 1.3133543404e-01 4.9708376819e-02 5.1015579085e-02 -3.4290228513e-02 2.3430565866e-01 1.5321281312e-01 2.2090923075e-02 2.0709408122e-02 6.4757477826e-02 -3.7323823821e-02 9.2958192853e-02 1.9745970720e-01 2.8720407403e-02 5.2720052648e-02 1.1217596165e-01
1.9324559807e-02 3.6231400110e-02 1.0614350308e-01 1.6790482458e-01 -5.3037568804e-02 2.2152487010e-01 -3.3468594826e-02 1.3031682224e-01 1.2200736115e-01 1.0001527147e-01 3.9591544367e-02 -1.1081196917e-01 -2.1522396063e-01 4.7468134108e-03 1.7595111898e-01 -1.0597283321e-01 -1.4812837246e-01 -2.1844233016e-01
-5.7400180581e-02 -7.5617346320e-03 -4.2483546163e-02 -7.7378524846e-02 2.1985479819e-02 -2.3222236502e-02 5.9263543284e-02 2.9886725239e-01 -1.9066394285e-02 -1.3961278388e-01 -1.0878464625e-01 1.5326321095e-01 1.7854776806e-01 -2.0705105192e-02 4.6638437998e-02 6.1867261422e-02 1.4090488353e-01 1.7574653494e-01
-7.2770822640e-02 5.1862436910e-03 2.6449634319e-02 1.7352951996e-01 3.4348900981e-02 1.5144674357e-01 -1.0528499457e-01 9.8438249555e-02 1.5026438020e-01 2.4306478458e-03 6.8882579158e-02 2.4001907636e-02 -1.1133030910e-01 -8.2235693973e-02 2.3254551583e-01 -9.1697222171e-02 -1.3362417344e-01 -8.5580263150e-02
5.1080838014e-03 -4.3971715796e-02 -7.6301680184e-02 -1.3575242154e-01 -1.8427440567e-01 -1.5897897140e-03 5.7946222858e-02 1.8473782948e-01 -1.3977236806e-01 5.9244057653e-02 -6.4906016997e-02 2.4552422484e-01 7.1319599326e-02 -1.2398084566e-02 -3.7206059238e-02 1.3674300598e-01 1.5036260659e-01 2.4329683464e-01
-5.5494814483e-02 -3.2948546994e-02 -9.8548451873e-02 -2.3767602875e-01 -5.3566480584e-03 -1.6144622758e-01 9.5978261728e-05 2.1849959467e-01 -1.0720474740e-01 2.4481312000e-02 -8.4243284417e-02 2.1447966944e-01 2.2317448727e-01 1.3147917691e-02 -1.0589768908e-01 2.3125375318e-01 2.3727632144e-01 2.0842219719e-01
-3.6705781800e-02 5.3794854438e-02 -6.0278486057e-02 1.6149858981e-01 2.3536530700e-02 8.6727739256e-02 2.4092058560e-03 2.9532539716e-01 8.3744219791e-02 9.6074281760e-04 -2.2155426248e-02 7.7082088212e-02 1.9568624027e-02 -1.1505801913e-01 1.7356854505e-01 9.0583772843e-02 -5.1480340646e-02 -7.0433477371e-02
