-8.5474273471e-02 -1.4314715761e-02 7.6951591461e-04 -1.0164275229e-02 1.2940383390e-01 1.1038280056e-01 1.5137764125e-02 -1.5158563093e-02 -1.0703976099e-03 1.3835128031e-01 -3.6107366448e-02 -7.2024840518e-03 4.4388574001e-02 -3.4387248886e-02 2.7717381299e-02 -6.3521247750e-02 7.2679882949e-02 1.1437512075e-02
8.3451931792e-02 -2.5796421294e-03 -3.9076978872e-03 2.5993472794e-01 1.3162092073e-01 8.5153926822e-02 1.1656357223e-01 1.2207420468e-01 -1.0049232019e-01 1.3783395210e-01 8.0856951447e-03 7.6848362991e-02 -4.4333978955e-02 2.2111047473e-01 -2.7705995334e-02 1.9269416450e-01 2.7105681306e-01 1.5296918383e-01
-1.2960993582e-01 -3.7537136850e-02 2.2622444096e-02 2.4944258531e-01 -1.5217149026e-02 1.0811652131e-01 -8.4050227682e-04 -1.8442090838e-01 5.4071261511e-02 -1.1059196146e-01 5.4492360948e-02 8.3956076908e-02 1.2000322233e-01 -2.2089479866e-01 2.3065204077e-01 -2.7459695544e-01 -1.8591438420e-01 1.4885330569e-01
-4.2561225246e-02 -1.3289968258e-02 -3.0822354058e-06 1.0979607747e-01 2.6575481083e-02 -3.5201728194e-02 1.0557265303e-01 -1.3373443351e-01 3.5953704685e-02 -8.5279610200e-03 -2.2422388902e-02 -1.0249849257e-02 6.1280616418e-02 -2.4670902313e-02 -5.4621258363e-03 5.2089768074e-02 -2.3609485813e-02 5.3861540536e-02
-5.6279596637e-02 4.4771227947e-03 2.9058510397e-02 1.6537167208e-01 -7.1746458910e-02 1.8668762887e-01 5.4027689501e-03 1.1971626234e-01 -6.2621772697e-02 -1.5897255358e-01 -6.8727127905e-02 8.0157588021e-02 9.1181055012e-02 -6.6444646948e-02 1.9857578047e-01 -6.7401237237e-02 -1.0790569884e-01 1.9251449188e-01
-2.0950098182e-02 -8.0399091175e-02 -5.0972179759e-02 2.9895447876e-01 5.6928515652e-02 1.1291133085e-01 -1.0712148714e-01 8.9050706157e-02 -2.5756107878e-03 3.6154928173e-02 2.6119541396e-02 1.7824316185e-01 1.1250841717e-01 2.5101549005e-02 2.7605536798e-02 4.1276326155e-02 1.4464219814e-01 5.6943538883e-02
6.8913009104e-02 -8.9076270440e-02 7.5753894824e-02 -6.7081838083e-02 2.8826674714e-03 -4.3763668598e-02 1.8389302647e-02 4.6456629546e-02 -1.1824702370e-02 -1.3520496633e-01 -5.9947722006e-02 9.1842271411e-02 1.4831929793e-02 -4.4578388860e-02 -5.3400661597e-02 7.4006082977e-02 -2.0880581531e-02 -2.7106004734e-02
1.3964689023e-01 -6.8572297544e-03 -3.7964103553e-02 -3.4024479371e-02 -5.1411525398e-02 4.5754119068e-02 3.4377787546e-02 3.9387841342e-02 2.5821980906e-02 -2.3193336189e-05 6.0723661044e-02 9.4046815243e-03 1.8860070462e-02 -4.2065546354e-02 1.7860119225e-02 1.6957838928e-03 -6.5592770723e-02 2.7639698303e-02
2.0401346268e-01 -3.9133169567e-02 2.1214120221e-02 4.0780792885e-01 3.0475127684e-01 -2.1375775612e-01 1.1829678320e-02 2.5082572648e-01 1.2119075125e-02 3.2692765714e-01 -9.0088348297e-02 1.5092315087e-01 -1.7345628936e-01 1.5464364786e-01 -1.5258043528e-01 1.9647523979e-01 3.7746138466e-01 -8.9894399298e-02
-5.0352086329e-02 -3.3355649446e-02 5.6103590694e-02 3.0519123169e-01 -9.7016967690e-02 1.7290026823e-01 -7.3407450376e-02 -2.8234993374e-03 -8.5477061855e-02 -1.0606415470e-01 -1.5747893848e-02 3.1240950382e-01 6.4642736867e-02 -9.1785268440e-02 2.6455044295e-01 -5.4286559447e-02 -4.5042095373e-02 2.1394803544e-01
-3.4262398896e-02 3.6171174627e-02 2.1918969600e-02 6.5413307111e-02 8.2818657481e-02 -2.5518920461e-02 5.3687761433e-02 -5.4321076075e-02 4.8988349950e-02 1.5327280379e-01 -5.2692408826e-02 -1.0304049494e-01 1.0182794407e-02 5.0717322022e-02 -1.4297118174e-02 -6.7516651576e-02 1.0559598981e-01 -1.1332214927e-02
4.0180540363e-02 6.2056546946e-03 -3.9419075501e-02 1.8813276932e-02 2.2545515486e-02 -8.4402297238e-02 -7.0175100257e-03 9.3004364762e-02 -5.5428528262e-02 8.8547673551e-03 -9.6202575653e-02 2.7055001479e-02 -2.8847728820e-02 4.3882823602e-03 3.7180287711e-02 -3.6135349160e-02 3.2298762464e-02 1.0467355652e-01
-7.6531853455e-02 -1.5255565448e-02 -3.4155211836e-02 6.9124345405e-02 -5.5641572147e-02 2.3540815949e-01 -6.3842140749e-02 -7.9093778274e-02 -3.4684322269e-02 -1.4089171365e-01 -5.6930668961e-02 1.1077484419e-01 1.9329891864e-01 -1.4009097463e-01 1.4352888902e-01 -1.0022061071e-01 -1.4158027196e-01 2.2338855859e-01
-1.2971097077e-01 9.2355431225e-02 -4.9340411021e-02 8.6052685558e-02 -1.2580933260e-01 1.8094921269e-01 8.4780534031e-02 -3.0371635588e-02 1.0366271782e-01 -1.3483574527e-01 -2.2509634520e-02 7.1615964038e-02 2.2849626776e-01 -1.5892908603e-01 1.6868661260e-01 -7.8635938447e-02 -1.5399736759e-01 2.3159745825e-01
-4.0204621238e-02 8.8364818971e-03 7.4434561444e-02 5.4051969879e-02 -1.8412380618e-02 -4.8194283437e-02 3.8448450510e-02 -9.5808212718e-02 -1.1365389435e-01 -3.0112666505e-02 3.1106876687e-02 -1.0123392142e-01 -2.1012443732e-03 2.0716306950e-02 -3.5399892620e-02 1.4271086985e-01 -4.5148092302e-02 -4.1224538078e-02
1.4352282258e-01 5.7848851173e-02 2.5012543340e-02 2.8251291372e-01 6.4295241774e-02 -8.9764280777e-03 3.0839648279e-02 2.4700517499e-01 -7.6132990279e-02 1.9892272048e-01 2.6821769290e-02 1.6628624620e-01 -8.9616198595e-02 1.9059827059e-01 -5.2347027468e-02 1.4569440223e-01 2.5277003977e-01 1.3037496890e-01
4.2374488860e-02 4.3003608265e-02 2.1519096660e-02 1.0679486719e-01 4.3084597241e-03 2.3810869605e-01 5.5720067081e-03 9.1054292790e-03 -1.8984079559e-01 3.6947866544e-02 -2.9827886871e-02 1.1633772424e-01 9.7598486403e-02 2.0545587833e-03 1.2614186235e-01 7.9550994051e-03 1.6330615135e-02 1.6507584112e-01
1.2498631473e-01 -7.2203980989e-02 6.8729659181e-02 1.9797169568e-01 1.6845513770e-01 -6.3298176559e-02 -7.2830533067e-02 1.6092271243e-01 6.5950930293e-02 1.1661931446e-01 4.6155395759e-02 1.6039854481e-01 -1.4117732577e-01 1.0970747936e-01 1.0151050465e-03 1.8776684826e-01 1.7551765116e-01 1.6171889393e-01
