2.8029711568e-01 1.3954017184e-01 1.6972574991e-01 -4.2957601057e-02 -6.1992685754e-02 9.1959058002e-02 1.1491651237e-02 2.1411348485e-01 8.2736554935e-02 1.5617927700e-01 4.9407604261e-02 1.6688910225e-01 -1.1530726322e-01 1.8909975488e-01 8.2729012780e-02 -1.4713312763e-01 -1.4338419427e-01 -1.2360826535e-01
6.9618842639e-02 2.6954810343e-01 1.0337914166e-01 -9.4969468354e-03 7.4928230172e-02 6.4625494459e-02 2.9767733578e-02 -9.9767273282e-02 4.3201554047e-02 -2.3735097206e-02 5.6024282161e-02 -2.5846069677e-02 -1.1473016278e-04 2.8547389247e-03 1.2471111138e-01 2.8718928725e-03 1.3391495497e-01 8.6878154534e-02
-4.6460528104e-02 3.2456447502e-01 3.9126214978e-02 1.3596858636e-01 -1.1117882594e-01 -8.4700218969e-02 -5.4002437767e-02 -5.1564485301e-02 -7.4446816229e-02 -1.3995395454e-01 4.0804408242e-02 -2.8541385099e-01 -3.4916257886e-02 -1.9833139315e-01 -5.0032193748e-03 1.6642284328e-01 1.8890790130e-01 1.0570363303e-01
-1.1417054882e-02 4.4718471186e-02 -2.1204268510e-02 -3.7698762712e-02 7.1232478657e-02 1.6443421330e-02 -4.9852326966e-02 -4.5189879597e-03 1.9033068152e-02 -4.8853903619e-02 -5.6691696436e-02 7.9971305564e-02 2.2895803115e-02 -4.8934457218e-02 4.9164599672e-02 -4.0706268523e-02 8.4621653596e-05 -3.0542753976e-02
-1.2232192502e-01 2.0078267099e-01 -4.4891092412e-02 -2.9651523950e-02 2.5716923916e-02 4.6957929462e-02 -7.2212421705e-02 -8.1102602609e-02 1.2525303694e-02 -1.7416307108e-01 4.3725947341e-03 -1.4946169542e-01 -9.6202753604e-03 -1.9273667032e-01 2.1298863371e-02 2.0041839679e-01 1.6581919884e-01 2.8887263748e-01
-4.0771535361e-02 1.5672522273e-01 3.2641800447e-02 1.1223913726e-02 1.0561513999e-01 4.9545984627e-03 -6.1644150991e-02 7.0873417492e-03 8.6399359479e-02 -4.2440681609e-02 -1.3964171537e-03 -1.6840936632e-02 -4.7674703152e-02 -2.8267944677e-03 8.1461569843e-03 1.2306025881e-01 1.4706633703e-01 1.1784627628e-01
-5.7295591383e-02 3.6649258825e-02 -1.7120752655e-01 2.1084006924e-02 2.6708648679e-03 1.8527193169e-02 -6.3208579077e-02 2.5155283255e-02 1.7882762404e-02 1.1015623740e-01 2.8462565122e-02 2.4212411846e-02 3.9533740385e-02 -6.0105301385e-02 1.6201347324e-02 -2.0607069858e-02 -6.2330747247e-02 -4.1855777403e-02
-1.0973743948e-01 9.4624471226e-03 1.8821004903e-01 1.6996864977e-02 9.1805803871e-03 8.1331535372e-02 7.7563755471e-02 -6.3901103512e-03 3.4328179850e-03 2.2724211749e-02 9.5454715685e-03 9.3343823230e-02 -9.2834916064e-02 -1.1191458546e-02 1.0275791054e-01 7.4210909665e-03 1.8263661749e-02 -5.0775121482e-02
3.2307987402e-01 2.4573536264e-01 2.8674930746e-01 2.3991721215e-02 -4.3808373942e-02 -3.1196827789e-02 1.5783436690e-02 3.9207889462e-01 7.9014014197e-02 5.2520206626e-01 2.1011453364e-01 4.0703024899e-01 -3.2568261748e-02 4.1349411319e-01 -2.4745179833e-03 -2.7832567829e-01 -4.8870267329e-01 -3.8560560724e-01
1.6535497339e-01 1.4093097727e-01 1.5156669463e-01 -2.0127455125e-02 1.2039294152e-01 -2.5487287325e-02 -5.4019217349e-03 2.0967904470e-01 5.8675386605e-02 1.6410103988e-01 1.7560286437e-01 1.4163399404e-01 5.6751162567e-02 1.0936365091e-01 7.8562009983e-03 -2.2371216408e-01 5.0548527884e-02 -8.7306059521e-02
-1.3438354708e-01 -3.4094696962e-02 -1.9409779773e-02 1.6666820401e-02 4.0567632128e-02 -5.1606429085e-02 -4.1537065699e-02 7.6069931804e-02 -8.9068362386e-03 5.5510308880e-02 2.9437828564e-02 -1.5710877538e-02 2.5174011423e-02 -1.1105753671e-02 9.2405268351e-02 8.0830887378e-02 2.0067614994e-02 4.2266199731e-03
1.4707154112e-02 2.6411573241e-02 1.3913518871e-02 -6.8182929788e-02 -5.0081949901e-03 -5.2725204985e-02 -2.9318393900e-02 2.4928196563e-02 -2.2883498772e-02 8.9114599977e-02 6.2309032871e-02 -1.0729566263e-01 -6.0222008586e-02 9.9671918560e-03 5.4274769466e-02 2.6187715008e-02 5.9131645398e-02 4.6424577980e-02
7.2319507227e-02 4.5644828675e-02 -1.7161419296e-02 -3.6180186774e-02 7.8634889246e-02 -1.7612439104e-02 6.6737313372e-03 -3.8944729033e-02 -5.8915686236e-02 3.3615917401e-02 -1.1910379694e-02 4.8550220263e-02 9.8054003440e-03 -4.6404644298e-02 -8.4336216872e-02 3.6329966461e-02 -1.0435583249e-02 1.4814796687e-02
9.9272798989e-02 1.5222920292e-01 2.8887049833e-02 4.5048724078e-02 -1.0355995153e-01 -4.9559977605e-02 -5.6304795438e-02 1.1129487358e-02 -2.2990879866e-02 1.2966685024e-01 1.0441976072e-01 -1.3841214184e-02 4.9720938066e-02 1.0297512017e-02 -5.9797658053e-02 5.0286007654e-02 -7.0116789948e-02 1.0747088246e-01
-2.9606733284e-02 7.9809997716e-02 -2.9755914726e-02 -3.2686968544e-02 -2.8076603899e-02 -2.1286597298e-03 -1.5463341759e-01 -3.5603463199e-02 3.3875033332e-02 -1.0453139998e-01 7.7580907124e-02 -1.2249867899e-01 -4.9501566735e-02 2.4958241106e-02 8.9259750976e-03 -4.7713767238e-02 -3.3733950465e-02 4.4054467258e-02
-6.8125099236e-03 -3.5215478677e-02 -6.0286587636e-02 2.7752857415e-02 1.0745205861e-01 6.8056527558e-02 -3.7393205978e-03 3.6601071130e-02 -1.7834978606e-04 -6.2881410373e-02 5.5286255043e-02 -9.1626920962e-02 -1.8681497394e-03 -4.5224360638e-02 3.8812232969e-02 -4.7091208565e-02 6.1708813348e-02 -4.5552919456e-02
7.8656302279e-02 2.7828925166e-01 -6.7166448351e-02 2.9102098073e-02 -1.8574904494e-02 -6.3426795154e-03 -5.0928685968e-02 4.1194763944e-02 6.3168407201e-02 -8.5384584137e-02 4.4552790895e-02 -6.3854288355e-02 -1.3157425135e-02 -5.1411677619e-02 -1.0842592457e-01 3.3889921799e-02 3.9391923661e-02 1.5586324730e-01
1.7784230119e-01 2.2590871650e-01 5.5004147199e-02 4.2472751563e-02 7.5947302959e-02 -7.1733897723e-03 -4.1088265608e-02 3.0514361695e-02 1.8839836939e-02 1.5016021394e-01 9.1289658640e-03 6.6936640618e-02 4.6621546578e-02 2.1099899779e-01 -6.4087515392e-02 2.7370578609e-02 -9.7368784979e-02 3.9241010939e-02
