-1.6653603163e-02 1.6450497879e-02 -2.9212346083e-02 -1.1674168676e-01 -5.6648754527e-02 -2.1096321593e-02 3.1498072332e-02 5.4928098163e-02 4.9813230574e-03 -8.8751772341e-02 -5.8834992590e-02 6.1534114598e-02 -2.6183374544e-02 7.3240186903e-02 -2.5958798203e-02 -9.3759084645e-02 1.1438953975e-01 2.3758062996e-02
1.7174313537e-01 4.5744727836e-03 -9.1291674375e-02 8.6207324444e-02 6.4122725391e-02 3.2388944118e-02 5.7994486843e-02 -5.1577185478e-02 1.5737259860e-01 1.2663861611e-01 -5.2862541008e-02 3.0285368042e-01 7.2682607363e-02 1.9256381852e-01 1.9164225358e-01 -4.3174409917e-02 1.7389855066e-01 -5.3439803299e-02
-8.3618802061e-02 -1.8721839099e-01 2.8554674520e-02 -1.1150922794e-01 4.6152116592e-02 -5.6726327343e-02 -1.6278472982e-02 7.9181099124e-03 2.0028428884e-03 9.3815033627e-03 2.0908691466e-02 6.1146303639e-02 -1.8610163536e-02 1.0457787400e-02 -8.6095869981e-02 6.4218300576e-03 -1.8031961573e-02 -6.7675856741e-02
-3.7532905488e-02 -8.6257678227e-02 -2.0239072693e-02 7.0897813381e-02 -4.6331395821e-02 1.8221416832e-02 7.6231145291e-02 -2.1094978253e-03 1.4972597495e-02 4.8031100951e-02 -3.9100864029e-02 4.2008027846e-02 -3.4534083472e-02 -1.1303869171e-01 1.5710890078e-02 -1.7413599459e-02 -4.5380763336e-02 1.8451688184e-02
3.4676191864e-03 -6.4590399602e-02 1.7359755411e-02 -5.0756072830e-02 -1.2385398705e-02 3.6710670752e-02 1.0278669905e-01 -4.3237698417e-02 -4.9085625575e-02 -1.0387652070e-01 1.0059501396e-01 -3.1677125711e-02 5.4195848428e-02 -1.7643560821e-02 -7.5017792317e-02 -2.9594605709e-02 6.3242521382e-03 -2.1562291703e-03
-2.2418864429e-02 -3.4084877285e-02 -3.6657214218e-02 -7.7772198652e-02 -4.9436825263e-03 1.1024576661e-02 -4.7174717660e-02 1.3948803112e-03 2.2607733619e-02 6.1269694668e-02 -1.1403287680e-02 4.9414320563e-02 6.2595523922e-02 -4.6437692426e-02 -6.7675371061e-02 -6.2619079726e-02 -1.4400028775e-02 1.0473170459e-01
2.0800296647e-01 -8.9497137246e-03 2.8725369456e-02 -9.8421026049e-02 5.0122025422e-02 -4.4556434309e-02 1.0594175781e-02 2.5404345129e-01 -3.7298756835e-01 -2.3002765222e-01 3.4863725739e-02 1.5710214150e-02 -2.4414740640e-01 -1.5712209622e-01 -4.5829217933e-02 -4.2111474007e-02 -4.5306134475e-02 -8.0886316937e-02
1.9483380630e-01 -3.8313750088e-02 6.4087543759e-02 2.4735423688e-01 2.4746876693e-01 -8.5753146521e-02 3.7037828111e-02 -7.4047884776e-02 1.1692596386e-01 1.5717081476e-01 7.3864676084e-02 4.9801441406e-02 2.2228595555e-01 3.2795699738e-02 1.3653143643e-01 -8.2091462534e-02 1.4924997716e-01 -1.2493813550e-01
2.5883496479e-01 6.1367804487e-02 3.8324405733e-02 9.7735034528e-02 2.7765477216e-01 1.0475937127e-01 1.3716144352e-02 -2.5629063264e-02 1.2161189100e-01 2.3186577264e-01 -3.7255328125e-02 1.6024998308e-01 1.1810197921e-01 2.1021648529e-01 1.4667921985e-01 -1.2623829395e-01 1.0369593478e-01 -4.5293048220e-02
9.2444258404e-03 -7.5479316062e-02 2.8918374221e-03 -1.9949718289e-02 6.1793830321e-02 5.0776622359e-02 -5.3705001402e-02 3.9913696979e-02 -8.7890341980e-02 -4.9047637940e-02 -9.4823770836e-02 -8.5842960813e-02 4.7138919431e-02 -2.1572673583e-02 1.0276808672e-02 5.0417118247e-02 6.2218189148e-02 4.5831827181e-02
6.3074455706e-02 1.3310206909e-01 8.5088501402e-03 3.0734477429e-04 -1.4199274594e-01 3.0012893704e-02 -3.7081471125e-02 1.9087933323e-03 -5.7345343498e-03 -6.2080451149e-02 -1.9139225893e-02 -9.8821513322e-04 -9.4799032943e-03 -3.6431568616e-02 -6.0709931071e-02 2.5122116409e-02 -9.0455091105e-02 -7.2444050429e-02
-3.8169571508e-01 4.7232580362e-02 9.8220087876e-02 2.8060053717e-02 2.8617075864e-02 -1.6210481552e-03 2.0858672787e-02 -3.8789706677e-01 -4.7928434053e-01 -9.3009087985e-02 6.0414128285e-02 -2.9910345953e-01 5.1097474708e-02 -1.0514285436e-02 1.6676895479e-02 -5.3619399603e-03 3.6460709342e-02 7.2915068748e-02
2.4360063720e-01 -3.5848799027e-02 -1.3591621774e-02 9.6073922499e-02 1.5789470155e-01 -4.8593719063e-02 -4.0289838597e-02 5.1061579290e-02 2.2502348774e-02 1.5706364379e-01 3.9656069360e-03 2.4013990841e-01 1.5412993972e-01 6.8587128293e-02 1.5562693741e-01 -2.0137425245e-02 1.8280807748e-01 -1.3674587133e-01
-1.6094546193e-03 1.5950488429e-02 5.4661675289e-02 2.3443100086e-02 2.2547328272e-03 -2.5094219358e-02 -3.9123108989e-02 -2.1359552339e-02 1.1287272044e-01 -6.0877552199e-03 6.8269920248e-02 -1.0998182413e-02 9.0949995983e-02 9.5730752450e-02 6.6958776942e-02 -9.6887578037e-02 9.4033142429e-03 -9.7532043468e-02
1.0540934954e-01 -9.9742380638e-02 -1.4184575579e-03 4.6480857231e-02 1.2755354068e-01 -1.1556097809e-01 -1.0829257611e-01 5.4067661309e-02 5.1017397087e-02 8.2437241666e-02 -5.7528010596e-02 2.4355389281e-01 6.5532421292e-02 2.0942582471e-02 1.8112239955e-01 -2.6874890883e-02 3.6500043034e-02 -1.0470587233e-01
-2.0895170711e-02 1.1820954161e-01 4.5048753335e-02 5.6612463753e-02 6.8735286877e-02 -4.2819362504e-02 -8.4299137068e-02 3.5201457971e-02 -3.5945526170e-02 2.8884424597e-02 7.3957917636e-03 -1.0012831315e-01 -1.3649730680e-01 -2.5248049299e-02 1.3856217806e-02 1.6106719687e-02 5.8679574440e-02 -1.0504375256e-01
-2.2184027215e-02 1.5893204214e-01 3.7411714998e-02 3.3229124950e-02 -1.4842145876e-01 -1.6416345216e-02 3.3706804003e-02 -2.9349171863e-02 1.7442365552e-02 -4.2349834200e-02 3.3856047433e-02 -6.1175519083e-03 1.0779207517e-01 3.2522240888e-02 -1.8877143042e-02 1.6871842468e-02 -8.2419736834e-02 3.8355420684e-02
7.4812773643e-02 2.2796121194e-02 -3.9961752318e-02 3.8713968820e-03 6.5298137727e-02 -1.0145172335e-01 -8.1814541754e-02 2.8461062252e-01 -3.2327824099e-01 2.2181678038e-02 -1.3334757602e-02 1.9747613149e-01 -1.6589484036e-01 -2.2734676397e-02 9.5050558675e-03 -4.2907078917e-02 -1.3134130685e-01 -7.0075407960e-03
