-4.7352559673e-02 1.5365192760e-01 1.9410794748e-02 6.6837594945e-02 -5.4338248159e-02 6.9774305220e-02 3.0215527526e-01 8.3425563137e-02 -4.5107380310e-03 1.2652693779e-01 -3.2044580426e-02 -9.9464067407e-02 1.3726860155e-01 -1.7915946997e-02 4.6916626726e-03 -9.0097378995e-02 1.3102554705e-01 1.5351228589e-01 -1.3141774127e-01
-8.5263151541e-02 -9.9196133984e-02 1.4640939988e-02 9.8067570333e-02 4.6595881455e-02 1.6788845823e-01 4.6092349615e-02 9.1013561581e-03 7.8483031462e-03 1.7692575107e-01 1.5859970356e-01 -5.2048007311e-03 2.5621645650e-02 -4.9834227590e-02 3.9063009562e-03 -1.3485038486e-02 1.0988177538e-02 1.5574078706e-01 -9.9926233287e-03
7.9363736293e-02 8.7341664984e-02 2.3941960805e-02 7.3920267306e-02 -1.5520381467e-01 1.8830763654e-01 2.1661420877e-01 2.1153384833e-03 2.3031035953e-01 8.1637766589e-02 9.1196218931e-02 -4.5010601373e-02 8.3743402267e-02 -9.0574520339e-02 -1.5225620582e-02 -1.9858261350e-02 1.8653254072e-01 -2.7940852537e-03 -1.0161347395e-01
-8.2163678563e-02 3.2751216099e-02 4.9547140875e-02 -1.4599272286e-02 6.3977473380e-02 -4.9592854489e-03 -1.5259407379e-01 -1.7198783561e-02 1.9818522687e-02 4.2571668815e-02 9.3087157258e-02 -5.9358910659e-02 -7.6365134346e-02 -1.8448988077e-02 7.0407360022e-02 7.2338663110e-02 -5.6026037071e-03 -5.1281273702e-02 -7.5486015737e-02
3.1505521871e-02 2.2196485567e-01 7.8158517351e-02 1.6232220140e-01 -1.0188723355e-01 9.6596556188e-02 2.1756276172e-01 1.0262317438e-01 1.0638843981e-01 1.6540855647e-01 -1.5175960001e-02 6.0075287398e-02 2.1271542929e-02 -1.8066890398e-02 -8.1902076038e-02 -1.6760981420e-02 1.9584604897e-01 1.9701199501e-02 -4.6429475965e-02
-3.1010460269e-02 1.0464187397e-02 6.8375290700e-02 1.8163039374e-01 -4.0954042457e-02 -1.0077088479e-02 -3.6769023857e-02 -6.1906430120e-03 -9.0038155200e-03 1.8717358985e-01 8.1769154021e-02 3.9458943868e-02 6.5630309628e-02 -1.2642391684e-02 -6.9326701215e-02 5.6434353693e-02 2.1437547783e-02 6.9694615898e-02 -2.4536378106e-02
-9.1215533396e-02 -4.1610318491e-02 -1.7032170447e-02 -3.8442262771e-02 1.0292519071e-01 8.1108506687e-02 -3.4245563320e-02 -2.6843203402e-02 -7.7749219571e-02 3.3997322845e-02 -4.4962086185e-02 1.3068843068e-01 -8.3676931846e-02 3.7857048934e-02 4.8116888167e-02 -1.1255937618e-02 -5.4589222073e-02 9.7363233622e-02 -2.0531109650e-02
-5.5730322091e-02 1.9911616583e-01 -5.1251525958e-02 -2.9357333615e-02 -1.7322981381e-01 2.1173928007e-01 2.0829812031e-01 1.3992260890e-02 1.3963817721e-01 1.4778420148e-01 8.9183827210e-02 -1.8942187474e-03 1.4822071198e-01 -3.8727132716e-02 3.5832740079e-02 -5.4354476602e-02 1.3608609999e-01 1.7100315456e-01 5.7272258815e-02
-2.8038203762e-03 -1.6545402033e-02 3.5735149485e-02 -1.4145802528e-02 -7.9447955605e-03 -2.0543942691e-02 4.1354244024e-02 -7.2767791519e-02 4.2632327071e-03 -3.3417583967e-03 -4.5718552499e-03 8.9533510221e-02 1.2376333340e-01 -9.0173885026e-02 1.7375932799e-02 -1.7468840767e-01 1.0358052182e-01 -6.9316968430e-02 -1.8966504466e-02
-7.5590306079e-03 3.9494621084e-02 -1.5983766025e-02 8.0046873239e-02 -4.0391465820e-02 -3.3021571634e-02 -4.7632311856e-02 -1.1106571923e-01 8.7660207444e-02 -1.3879463420e-02 -4.7807382228e-03 -1.7500640509e-02 6.5393752027e-02 -1.5143578363e-03 -1.1380715815e-01 -1.1750950873e-02 -3.5198281054e-02 9.6671617467e-02 5.5662401736e-02
2.7513273252e-02 2.4912016431e-01 2.5101375292e-02 2.1495347661e-01 7.6721794116e-02 1.8349677412e-01 1.5499045259e-01 -6.8134823777e-02 1.3509768996e-01 2.6376496468e-01 1.7659303272e-02 -1.6480863718e-02 1.1561367449e-01 4.9788355354e-02 -1.6489564690e-02 -3.6815703579e-02 1.4002124710e-01 1.9138210133e-01 -1.9721448304e-02
-1.2300889943e-01 1.4812444503e-01 -6.6399035444e-02 1.6944511806e-01 1.0604874662e-01 1.6348139369e-01 1.4377641468e-01 -6.9695454469e-02 9.8937440701e-02 2.2196606591e-01 7.4500392301e-02 -1.4826869084e-02 7.8189785325e-02 1.1340841096e-01 1.7527636580e-02 -9.2726830214e-03 1.8131070271e-03 2.5877409066e-01 -8.9825469008e-02
-1.0203766337e-01 1.5095437993e-01 -1.0958614516e-01 1.4613217312e-01 5.9685609706e-03 9.4837109402e-02 7.0355597357e-02 5.3924412838e-02 6.9889656076e-02 2.0322797890e-01 1.3988687085e-01 5.5309409852e-02 2.3722967021e-01 -9.8978292116e-02 -8.9495239847e-02 4.8425301199e-02 7.2393728611e-02 2.5334723985e-01 -8.0917560936e-02
-1.3102218106e-02 1.3964566233e-01 -3.5467566288e-02 2.0608384318e-01 -7.7404618682e-02 1.2361773149e-01 1.3075104256e-01 -1.0947089248e-01 1.1194951211e-01 1.7043217032e-01 1.1573018409e-01 7.6251568414e-03 1.0532635177e-01 5.7384983689e-02 -3.0813482936e-02 8.9156930825e-03 3.9715480654e-02 2.0201589714e-01 -5.3426122865e-02
-7.9177188257e-02 2.7602599468e-02 8.4247483577e-03 -2.0133346248e-02 2.4080890553e-03 1.0959038959e-01 5.8817804800e-02 -6.7288441024e-02 2.2437231913e-02 -4.8623233440e-02 -3.0453675293e-02 -1.1750217765e-02 -2.0807408662e-02 -1.0325128613e-02 1.6306909107e-02 -6.1975903245e-02 8.4943039142e-03 2.2498500076e-02 -2.3475751764e-02
7.9919198619e-02 3.8844381158e-02 -8.4438332815e-02 -2.8722932240e-02 -7.6731731216e-02 -5.2898107512e-02 4.3076501924e-02 -2.6746245581e-02 2.0714357666e-02 -1.0659865901e-02 5.3126753579e-03 -1.1589443800e-02 -3.3577863804e-02 -6.6040856327e-02 -5.5860290166e-02 -1.0782304301e-02 -6.0112334171e-02 3.7815881279e-02 -4.7164804768e-03
6.9775198256e-02 -7.7581376973e-02 -1.1156633707e-02 -1.8620093483e-02 3.0559890527e-02 1.0441318324e-02 9.2008419950e-03 -1.1349322880e-02 7.0368429313e-02 -3.8064124783e-02 -1.0070955005e-01 -1.0976041562e-02 -3.3903590786e-02 -3.9049198828e-02 -3.1725772897e-02 -1.0136058463e-01 -6.3802002621e-02 7.0579760746e-02 -4.2821014135e-02
-1.9303191193e-02 2.9630380090e-01 -1.2501653430e-03 5.5892928596e-02 -1.2385528014e-01 1.5365985885e-01 1.4802224101e-01 -1.7951378461e-01 1.0987998329e-01 1.6859499777e-01 7.6587771531e-02 4.3626286520e-02 1.1501911939e-01 5.5035393887e-03 1.0145514009e-03 5.5680065517e-02 1.5672701213e-01 2.9385054416e-03 6.1719642672e-03
8.3826099851e-02 -8.1351556886e-02 7.3899400119e-02 1.0293296632e-01 1.4396412455e-01 1.0524463904e-01 -5.3517538735e-02 -5.3503979342e-02 7.7499093264e-02 1.2794650978e-01 1.3125145377e-01 -4.7321621010e-02 -2.4108656404e-02 -7.6368110135e-02 -2.0055464423e-04 -1.0318710807e-01 -4.5698288510e-02 1.4718466758e-01 4.5954648150e-02
