-4.7131571815e-02 9.2380743768e-02 1.8621569966e-01 -1.4092737820e-01 4.3058885566e-02 -1.3631252401e-02 2.8466505693e-02 -2.6127787269e-02 1.0792534661e-01 6.4081466183e-02 5.7990213761e-03 6.4070071616e-02 1.5665030486e-01 -1.5371962878e-01 4.9042424609e-02 -1.9309401942e-01 2.1009451899e-01 2.8264162863e-02
1.9160306711e-02 2.3279837081e-02 4.3802369513e-02 -6.0799484732e-02 -1.2646454974e-02 2.0396782280e-02 -9.8689968591e-02 9.0218689780e-03 4.4386372627e-02 -1.4869055803e-01 -2.1914781822e-02 4.1086093978e-03 7.7092070630e-03 6.3342120554e-02 -1.1707416637e-01 9.8000148507e-02 1.0001704559e-01 -4.0747783106e-02
7.2926684295e-03 5.0431640706e-02 3.0579592316e-03 2.0805099139e-02 3.6383961621e-02 7.1604810187e-02 5.8930396283e-02 -7.0047549547e-02 5.5427266090e-02 -1.3421676713e-02 5.3208748516e-02 1.1225828605e-02 8.1305225887e-02 -7.3542566712e-02 2.0912218708e-02 -1.0013714512e-02 2.2304803853e-02 4.9079304525e-02
-1.7145338374e-02 -5.2930792769e-02 8.8194400530e-02 -9.4691516434e-02 1.0056517217e-01 8.3350552600e-02 -2.2087719653e-02 5.3980834893e-02 1.9904684924e-01 4.5248684504e-03 -3.4595786085e-02 6.5477566176e-02 5.0664971198e-02 -1.0891881397e-01 7.1265449414e-02 -1.1443477880e-01 1.0379866478e-01 -7.5659484048e-02
5.6751300197e-04 -4.8555855404e-02 5.7152864738e-02 1.0647411130e-02 1.3483663368e-01 2.8344247129e-03 -5.2098037519e-02 -2.1027767624e-02 7.3932232897e-02 1.0954943391e-02 2.3715758920e-02 1.1600855708e-01 -8.1235134867e-02 -7.4090406544e-02 -3.7694321637e-02 2.1575904024e-02 8.2437236602e-03 -8.3437431525e-02
-1.3672798415e-01 -9.3141449697e-02 2.8474014975e-01 -1.6478745218e-01 6.8510531598e-02 4.9568374320e-02 2.8607514925e-02 -2.6903365041e-02 6.6350135916e-02 4.2253651286e-03 -3.4553688478e-02 1.1479280475e-01 1.2734778566e-01 -6.5270486037e-02 1.1885477183e-01 -2.0449147978e-01 1.4465206398e-01 9.2388830890e-02
1.4186735138e-01 9.0104713578e-02 5.1002418737e-02 -4.0828947374e-03 -1.1181619887e-01 -1.3641313703e-02 -2.1629073466e-02 9.4905381366e-02 9.4542834229e-02 6.3777058635e-02 -3.9467808895e-02 3.0192749064e-02 -1.2826785037e-01 6.8830397823e-02 8.1607000981e-02 2.7293166292e-02 -1.2178374860e-01 -1.9931784976e-02
-1.2703170228e-02 -5.7728687061e-03 8.5715730791e-03 1.7209655577e-03 -3.1735561498e-03 -1.1763707396e-02 -3.4867763088e-02 -7.0264261487e-02 8.5301176009e-02 2.0465406557e-02 -1.0233127531e-01 1.2260515479e-02 5.1678667304e-02 -3.1916559068e-02 2.3429026563e-02 8.6645085260e-04 9.4001852995e-03 9.7896038492e-02
2.4974789672e-02 -8.5184694979e-04 -2.3986078918e-02 1.3930331862e-02 -1.6621530089e-01 -1.5683358189e-02 -1.6952049446e-02 4.7470845492e-02 -4.2049419821e-02 -3.7314777845e-02 2.6358079692e-02 -3.3606496355e-02 2.1790971067e-02 3.6371207971e-03 3.3146013915e-02 8.0118732464e-02 6.4737545918e-02 8.2110827661e-02
3.9221221840e-01 1.7934921661e-01 -3.3427722750e-01 2.0058284017e-01 -3.6701204535e-01 -2.8391752079e-01 8.5589307078e-02 -9.6139330776e-02 -3.1050951218e-01 -1.1854851948e-02 2.5312526300e-01 -1.4181730568e-01 -3.3816363457e-01 3.0440993472e-01 -3.5655684052e-01 -3.6482046595e-02 -2.3963833608e-01 -1.2857344044e-03
6.6292647209e-02 -5.5718527766e-02 -4.4244032779e-02 -2.9039760974e-02 7.0921673006e-02 -2.2868933427e-02 -4.0224721618e-02 1.3304032183e-01 1.4090884328e-02 -1.2541912771e-01 -5.2645460682e-02 -5.8485468535e-02 9.1023504597e-02 1.3450122295e-02 -9.7241540386e-02 3.0068465443e-03 4.8664045622e-02 7.9489796249e-02
3.4790820382e-02 -5.2126965751e-02 1.0744604729e-01 -4.4124395492e-02 6.7735678363e-02 1.8644447167e-01 5.6777813446e-02 -1.8735117986e-01 6.2897532160e-02 -3.3463207821e-02 5.2585386082e-02 1.1327431260e-01 1.2618746570e-01 -1.3817340667e-01 6.3136191745e-02 2.0226513370e-02 1.3903841073e-01 1.1150750985e-02
3.2591362993e-01 -5.1870443896e-02 -1.6024927958e-01 3.1020637717e-01 -2.3065229131e-01 -1.7993571387e-01 1.7200946343e-02 -3.6944746797e-02 -2.4087284169e-01 2.2137337626e-02 1.8319427268e-01 -1.6754588499e-01 -2.6846408944e-01 2.8071595977e-01 -3.3400717488e-01 3.6080421633e-01 -3.8192982705e-01 6.0045552732e-02
5.3832350106e-02 -1.0013687922e-01 7.0727945565e-02 7.7872453669e-02 -1.0091775267e-01 1.1944581160e-03 -3.1646144324e-02 -2.2647693460e-02 5.9537604391e-02 1.2596932825e-02 1.9079042381e-01 3.6452967357e-02 4.8656487063e-03 6.2936956464e-02 7.9801379287e-02 -4.6598011123e-04 -4.8667734109e-02 -4.5787983725e-02
7.6552569793e-03 -8.1385199682e-02 -8.1479674873e-02 -1.2603400146e-01 -1.3939701284e-01 -3.3798231496e-02 -4.7903821028e-02 -1.6904858144e-01 4.8452661561e-02 -7.1545645688e-02 1.6650527651e-01 4.3122306965e-02 6.4820627539e-02 2.0356960832e-02 6.6863962956e-02 6.2837074368e-02 1.1000227493e-03 -4.1005242465e-02
-7.4382385012e-02 8.2068578931e-03 2.2240742766e-01 -7.1044944697e-02 8.6602491866e-02 1.4162640745e-01 -5.2091502532e-02 6.5747820017e-02 1.3917596819e-01 3.8646491896e-03 7.9529618763e-03 1.8185369142e-01 1.2601538513e-01 -8.4320528949e-02 1.1378577990e-01 -7.0037809977e-02 6.9985674310e-02 -1.4636511096e-02
-1.0665709188e-04 -4.8867029130e-03 -4.8324189147e-02 7.0181745158e-02 3.2480568743e-02 -6.4194684307e-02 1.5231931456e-02 6.9154390285e-02 1.3841011851e-02 1.0476861184e-01 -8.1795475666e-02 1.1605471514e-01 6.9982462741e-03 8.3179353988e-02 6.4480897996e-02 -3.2803603291e-02 -4.6991601123e-02 2.3662772368e-02
-6.7896902623e-02 -1.9270882604e-01 7.7572107550e-02 9.3605977193e-02 8.7734573790e-02 7.5938661186e-02 -7.1424594969e-02 5.2985856882e-02 8.3723700588e-02 -2.8817646891e-02 3.0959723673e-02 -7.9515992702e-03 6.8782099620e-02 -3.6436656342e-02 2.4017045249e-02 -6.8400391314e-02 3.3418969543e-02 -5.4576695504e-02
