-1.7846552545e-01 2.2656958559e-01 3.7229655155e-01 1.3934423931e-01 -1.3238876736e-01 -3.0680875517e-01 -1.2344123484e-01 -4.4357844562e-02 2.0259095183e-01 5.6382217448e-02 3.3197460845e-01 -1.2437055955e-01 -2.9633865140e-01 1.1116940269e-01 -2.3646283941e-03 2.6273995988e-01 -3.0137594548e-01 1.1820304764e-01
-1.4030026855e-01 -3.8208922424e-02 -1.3087634423e-02 5.1305499369e-01 -1.1481307216e-01 1.9899001187e-01 3.1032424887e-01 -1.8926104486e-01 1.5719194636e-02 1.6174165192e-01 -1.8239544596e-01 -8.9434202429e-02 1.3284389805e-01 -2.1764197146e-01 2.6920836220e-01 -6.9854973565e-02 -6.2399087066e-02 -2.5299067527e-01
-1.0983099877e-01 1.7078800293e-01 -7.7976974517e-02 2.5374764724e-01 1.6310489757e-01 3.5231049788e-01 -1.4654326339e-01 -1.0462554295e-01 -2.5067124022e-01 2.3296394241e-02 2.8317067393e-01 -7.9202041189e-02 -7.8187562738e-02 9.0744460334e-02 2.1508502427e-01 -5.1131848321e-02 -9.9315509877e-02 3.9598545316e-02
-2.2638396810e-01 3.1519400232e-02 4.3330759318e-01 3.6623338072e-01 -1.3443474631e-01 -3.5507454888e-02 1.0711895102e-01 1.0107735668e-02 8.5500777177e-02 -6.2573949710e-02 -6.8477426621e-01 1.0535246060e-01 4.5275874593e-01 1.0157576873e-01 1.7729292563e-01 1.5619871654e-01 4.4534609028e-01 -7.9884497590e-02
-3.0686277094e-01 2.3053143923e-01 -1.7846171667e-01 -2.2973082305e-02 -1.0195783530e-01 4.8304155010e-02 -3.6297592034e-01 2.1478951073e-01 -2.1676699942e-02 1.1845407207e-02 2.7183548864e-02 4.4572245052e-01 -3.6576037605e-01 1.5378067292e-02 -1.7994256009e-02 -1.5555460327e-01 1.5605513505e-01 -2.2019710001e-01
-2.0171164234e-01 5.6076073077e-02 2.6682451569e-01 -1.0730817621e-02 -2.5615200087e-01 1.7068767675e-01 -1.3847884716e-02 1.6329849409e-01 -2.2219550379e-01 -5.0283887629e-01 -1.8032011277e-01 2.0577571639e-01 1.9989740249e-01 -2.0748039601e-01 -3.1602105186e-02 2.2111127674e-01 -1.6167665043e-01 9.3446224856e-03
2.0972883076e-01 1.1925245370e-01 -3.4161531649e-01 -1.3459933614e-01 3.0974859156e-01 1.9518145156e-01 1.2763548277e-01 -3.2015205531e-01 -4.6671716967e-01 6.9779776318e-02 2.3348823294e-01 2.7535807646e-01 4.7786391998e-02 -1.6978068292e-01 1.5466026200e-01 -1.6985658325e-01 4.2584876537e-01 -4.3338853885e-02
5.3688859173e-01 4.1593142851e-01 3.6632730238e-01 -1.1122070480e-01 3.1775498928e-01 3.0444004857e-01 -1.2435087014e-01 -3.0116558705e-01 4.6711300474e-01 -5.6244506823e-02 2.1920566976e-01 8.1457410958e-02 -1.4024706457e-01 -3.1256083993e-01 6.8260782855e-02 7.8494058729e-04 -1.1554739497e-01 -4.2298238839e-01
7.0455158497e-01 3.1477254156e-01 5.7298758879e-01 -1.6393537070e-01 1.2033710728e-01 1.3053566913e-01 -4.7124143289e-01 -5.1790580951e-02 2.7758165649e-01 6.9427027663e-01 3.0009792122e-01 -1.7969116083e-01 -2.0796941956e-01 -2.1022588750e-03 -1.5066494120e-01 -2.9202790682e-01 -3.4091779151e-03 2.2382650497e-01
-2.0481226466e-01 6.2236772847e-01 -4.8427175464e-01 -3.1490417294e-01 -1.4982083849e-01 -2.5258574671e-02 2.1457107476e-02 -1.5787025915e-01 1.9055975848e-01 1.3605699960e-01 3.0423815991e-01 2.7562480027e-01 -1.2704147069e-01 3.4315192588e-01 -1.3663564391e-01 -1.6094009174e-01 4.2107723211e-02 -1.5018106844e-01
-2.9808721272e-01 1.9932233562e-02 8.1077381186e-02 1.8583399163e-01 -5.2332432125e-02 9.8947882137e-02 -1.6296106948e-01 3.5745000123e-01 -1.2995908388e-01 -4.9107289867e-01 -1.7641566671e-01 2.3876764316e-02 2.2877943830e-01 1.0931758710e-01 1.0694501819e-01 1.9847828572e-01 -2.5321254270e-01 1.0849218375e-01
-5.2220038080e-01 3.7864594317e-01 -4.9348473011e-02 -4.5662504632e-01 -3.2877030303e-01 1.7629495498e-02 -3.1220749192e-01 5.8480445955e-02 4.0907227371e-01 -1.5581968009e-02 1.0461722924e-01 -3.1701389045e-01 3.5002853215e-01 2.9431344869e-01 1.7767647053e-01 2.1893175163e-01 -1.2942582723e-01 3.2098265793e-01
-5.1387869445e-01 -2.0244280043e-01 -2.4334463541e-02 2.0169789008e-01 1.0335791524e-01 1.0732846621e-02 1.9496239532e-01 -9.6208007714e-02 -4.2971181972e-01 -1.1339965916e-01 -2.1533175893e-01 -2.0335525879e-01 -9.9084368415e-02 -3.7260953956e-01 -4.3004418684e-01 1.6075977969e-01 -1.4224743474e-01 -2.8380634944e-01
1.6121410495e-01 9.1773430554e-02 -1.1682657523e-01 1.1263133700e-01 -3.1661685965e-01 2.2498425301e-01 4.8701959387e-01 2.1358558234e-01 1.9133966940e-01 -7.4558039879e-02 3.5904971487e-01 6.4907367842e-02 -2.0870822776e-01 -5.3017621923e-01 -6.9554749656e-01 4.3579741651e-01 -1.5082049007e-02 -2.1326686375e-01
-4.1966956910e-01 -1.9373492109e-01 -3.4110292643e-01 2.3356047517e-01 1.5764059526e-01 1.6820085009e-01 1.4792557156e-01 2.1773814397e-02 -2.0091964077e-02 1.0873670625e-01 5.2153077148e-02 -5.5261573437e-02 1.7683054614e-01 -1.5787494591e-01 -3.5398812089e-01 1.3577212561e-01 -2.0747342372e-02 1.1439035462e-01
-3.2534513307e-01 -6.9565520068e-02 -4.6430625682e-01 1.2502374492e-02 1.6302694592e-01 -3.8959790717e-01 1.5136235626e-02 -1.9967667508e-01 -8.0837510059e-02 2.3704229298e-01 2.3827392592e-02 1.9169986940e-01 -5.9231910001e-02 -1.9203150522e-01 -1.6729170029e-01 1.2673036332e-02 -1.9358951003e-01 -3.6332828391e-01
-1.8648997718e-01 -1.0719910923e-01 -2.8701853094e-02 3.0848573381e-01 -1.7398712127e-01 1.9850964644e-01 9.4566984529e-02 -2.2906880566e-01 -2.6948441764e-01 -1.0587831477e-01 -1.4722437275e-01 -4.3560338208e-01 -2.7564802234e-01 3.8227669196e-01 4.1644302131e-02 -1.0525751106e-02 -5.7384638878e-02 -1.9659088940e-01
8.2665286985e-02 -3.7018157977e-02 1.4594784144e-01 -1.0283508033e-01 1.9393352712e-01 -9.6971162907e-02 -1.6334371424e-01 1.1388409353e-01 -2.0503827370e-01 -2.8149082309e-01 -8.4628821488e-02 1.1623686413e-01 -4.7596435423e-02 1.2197993085e-01 -2.6229068377e-01 -8.6090272607e-02 1.2079843238e-01 -9.4357570389e-02
