-1.1942311897e-01 2.0385229811e-02 3.8324200408e-02 -4.6399765019e-02 1.2386292871e-02 -5.7496048568e-03 2.4232623544e-02 6.1531999850e-02 7.0287785076e-02 1.5259651082e-01 -1.5278951704e-02 -5.8069315282e-02 -1.0070966035e-01 1.3253158666e-01 4.4762795512e-02 1.1771470554e-01 -9.0802774962e-02 -2.7877484428e-02
-4.6845817898e-02 -3.6393932277e-02 5.4529051067e-02 5.3404011409e-02 7.0135615536e-02 -8.6153374479e-02 6.0114618263e-03 -4.2709057065e-02 1.4860899010e-02 -7.1965531489e-02 -1.3693893250e-01 -3.3595674032e-03 -6.0661779672e-02 4.5244670234e-02 3.1088307954e-02 5.3962034583e-02 -7.9226483733e-02 1.1559358303e-01
1.6439423084e-02 -1.0389776404e-02 3.1373719399e-02 -7.3124062656e-02 -1.0181470577e-01 -2.4370623108e-02 -8.9203779150e-02 6.1208880828e-02 4.2927144711e-02 1.7627019267e-02 -4.9155555625e-03 8.0532894375e-02 2.0198067359e-02 -2.0703884550e-02 -8.3328748107e-02 2.4565042759e-02 -2.2821903562e-02 6.0220775717e-02
1.8374050589e-01 1.6871548998e-01 -1.9519274134e-01 1.5321658735e-01 6.5874150502e-02 -8.1387215281e-02 -2.6625531741e-02 2.2095650694e-01 3.5037884463e-03 1.6018381198e-01 3.3022603920e-02 -9.4220364695e-02 1.8877133847e-01 -6.1666755548e-02 2.9805680774e-01 6.0003303563e-02 -3.9151096179e-02 1.9751018546e-01
9.8850457391e-02 2.2947628481e-01 -5.6057639214e-02 1.5355033583e-01 7.2510187213e-02 -1.2376843470e-01 2.9013885396e-02 1.2032850033e-01 -1.0965774658e-01 2.1362401855e-01 3.3814432844e-02 -8.9990128315e-02 1.1257160380e-01 -1.5050592111e-02 2.0893591651e-01 -7.4043218281e-02 -7.5053422278e-02 6.2128171799e-02
8.6960331810e-02 1.7139871701e-01 1.1412019202e-01 4.4446519681e-02 1.0157666909e-01 -1.8098869522e-02 -1.5715062315e-01 -5.3555943772e-02 -8.7692793087e-02 3.0257432343e-02 -6.9638813946e-02 8.6629825111e-02 2.8803871350e-02 -1.2469355032e-03 4.9576488119e-02 -7.3505923329e-02 9.6830575674e-03 -2.8263288340e-02
1.6006815752e-01 2.2414373152e-01 -1.2767625942e-01 7.6560126195e-02 9.8505498660e-02 5.3521256930e-04 -1.1143860085e-01 1.5473675217e-01 -1.0060418175e-01 1.1421165602e-01 -3.8236179067e-02 -7.3149100736e-02 1.1852507952e-01 3.4522150629e-02 1.7550897792e-01 6.3928264284e-02 -9.0921613389e-02 1.3036899482e-01
1.5526877026e-01 1.1385397184e-01 7.2965860006e-02 1.2913152603e-01 1.9403373210e-01 2.0477502798e-02 1.4502979739e-03 1.8351987106e-01 -9.6080235927e-02 1.3172817495e-01 9.5455990025e-03 -4.1837450345e-03 2.0543798692e-01 -1.1078089998e-01 9.7939890916e-02 3.1244974549e-02 -4.7594202602e-02 6.9548675495e-02
1.6466837429e-01 1.6866599852e-01 -1.0789195431e-02 1.5790185892e-01 1.6258724239e-01 -1.4666494520e-01 -7.2600620645e-02 8.7556461452e-02 -5.7772813672e-02 1.5949636102e-01 -1.2083583990e-02 -6.7383399911e-02 1.5833757675e-01 -4.0933690077e-02 4.0776253776e-02 5.2636172310e-03 1.4912408633e-02 1.2423724792e-01
2.2292991655e-01 2.1918562386e-01 -1.8659231097e-01 1.7066333819e-01 2.0443817405e-01 -2.6584654542e-01 -4.4451920360e-03 2.7983354075e-01 -6.9621874711e-02 2.2976605911e-01 -3.8875224296e-02 -1.8565083680e-01 1.7820401164e-01 -8.7567515169e-02 2.3319240956e-01 6.6131724553e-03 -6.0338058886e-02 1.9003334556e-01
-7.3565758972e-02 4.9178746487e-02 -2.6337525354e-02 3.4191768811e-02 2.3519932845e-02 -8.6737504984e-02 -2.2136789154e-02 -5.7968718824e-02 1.4538078147e-01 -3.4780081349e-02 -1.6698457125e-02 7.5859129459e-02 4.4792990951e-02 -6.8780028856e-02 3.5263092828e-02 3.5968489988e-02 -5.5491605349e-02 6.7162160519e-02
-2.5816417382e-02 6.6802612501e-02 1.4059451103e-02 -4.4348839314e-02 -4.0376453751e-02 -9.9392134749e-02 -1.5776443745e-01 -1.1298964906e-02 8.1464790659e-02 -1.6425984682e-02 7.9435678321e-03 -3.9972755695e-02 -4.6997955874e-02 -1.5888425162e-02 3.6165663585e-03 -2.0601572316e-02 -2.7222172888e-02 -1.9057581255e-02
2.0814722975e-01 1.3919793776e-01 -2.6851659726e-01 1.4453964877e-01 8.8674448755e-02 -1.7107729938e-01 1.1749026651e-01 2.3305560421e-01 -2.9477778618e-02 1.0674203783e-01 -9.6762272018e-03 -4.2261440309e-02 1.8925822159e-01 -8.8303821755e-03 3.0393877095e-01 3.2345995944e-02 1.7157439358e-01 1.1644305515e-01
2.3612349062e-02 4.1107996888e-02 1.2924062865e-01 -1.4580459498e-01 6.8788640655e-02 6.4570699153e-02 -4.8122164121e-02 5.5633713167e-02 7.7652331932e-03 -1.6655898945e-01 2.8409736530e-02 1.1548494083e-01 -1.3725900168e-01 -2.7629094459e-02 -3.3692296969e-03 4.0043229106e-02 2.0498782245e-02 -6.8776627972e-02
6.7146155497e-02 1.4682353341e-01 1.5257656826e-02 1.4159380010e-01 1.8012405983e-01 5.1017168152e-02 4.9858590660e-02 2.4902978064e-02 -1.3872267207e-02 1.9500265507e-02 -3.2573018983e-02 -4.8267378869e-03 6.6488300325e-02 2.8688653869e-02 -2.0897171447e-02 -1.0053489416e-01 -7.6986992073e-02 1.7530442272e-01
-2.3809031105e-02 -3.1050146103e-02 2.3329507694e-02 -1.0484642562e-01 1.0587682016e-01 1.9233654785e-01 -6.7980512372e-03 -5.3529925700e-02 -3.2307257446e-03 -1.1079520004e-01 -1.9048929331e-05 1.6253391227e-01 -6.5051205129e-02 4.6110342748e-02 -1.9047701160e-01 1.7862286876e-02 6.2587658480e-02 -1.7223811304e-01
-1.3292515960e-02 1.8686586242e-02 1.3091535611e-01 -1.2523834597e-01 6.4223617344e-02 8.3076571229e-02 -1.0950080879e-01 -3.3996916293e-02 3.0621403069e-02 -1.6890070067e-01 9.8163957820e-03 1.2252439791e-01 -4.9153666035e-02 -1.7013459627e-02 -1.2654446723e-01 -7.8208534212e-02 -1.5956550662e-02 -2.9657514418e-02
1.4660125833e-01 1.7472683516e-01 -3.7397337842e-02 1.3109207391e-01 -2.1535429092e-02 7.3881762393e-02 3.0488054694e-02 1.2401236301e-01 -5.2452052158e-02 1.0546431516e-01 1.1571455396e-01 1.7992118696e-03 1.6834724804e-01 1.3563916332e-01 2.5748508154e-02 -5.0346563308e-02 -3.5754707231e-02 2.9036393483e-01
