1.2438127534e-02 3.0107710078e-01 5.5625103720e-02 1.2838429068e-01 2.5641699191e-01 -2.4635728020e-02 1.8399261956e-01 -1.3767954183e-01 -1.2209155904e-01 -7.6762128457e-02 2.8902684960e-01 1.9592891106e-02 -2.1116461834e-02 -1.0641943106e-01 -1.1388360614e-03 1.4919376977e-02 2.0520448419e-01 -8.4491011507e-02
-4.3476947749e-02 1.0808112459e-01 2.8782916277e-01 9.1627503774e-02 1.2605112052e-01 -1.0411161422e-02 1.9969352819e-02 1.1435519378e-01 1.7039473463e-01 -1.1304213392e-01 1.3950352652e-01 1.2207612143e-01 3.9055439543e-02 1.1843917660e-01 -8.5909553595e-02 1.5666855966e-02 4.2832543998e-03 1.2185148107e-01
-2.3898125273e-02 -6.9545347199e-02 1.2452246969e-01 -7.6514557315e-02 3.7853818976e-02 3.1266203167e-02 -6.4907045502e-02 2.5962621154e-01 2.4191904967e-01 1.1044149279e-01 -4.7021829116e-02 2.6926789606e-01 2.5873747168e-01 2.1465282407e-01 -1.0296538245e-01 -6.2533940279e-02 -1.0674739888e-01 3.2271070344e-01
-2.3063604246e-02 -7.1409025034e-02 -1.6041875766e-01 -8.1728797949e-02 5.1848117018e-02 -1.8676095902e-02 6.2957197765e-03 3.9680551250e-02 8.7681007819e-02 6.9666854929e-02 -2.3090576746e-02 -7.2544386046e-02 5.4187876325e-02 4.7581695667e-02 -5.6068657367e-03 -1.1118721497e-01 3.6061753657e-02 -5.4667819743e-02
2.4952757796e-02 6.4023285967e-02 -6.9407731271e-02 3.0594875743e-02 1.2677182845e-02 -4.4118118646e-02 -6.8683715149e-03 2.7728424491e-02 3.8630952187e-02 -5.7289722496e-02 -4.5190530391e-02 -5.7900996776e-03 6.3985807584e-02 -1.4136551414e-03 -1.9806418796e-02 2.7021271615e-02 1.1925082186e-01 4.9178323595e-02
-1.0505870048e-01 6.8006074792e-02 2.8344991442e-01 -5.7403671388e-02 -8.9128923712e-02 -8.3508545160e-02 -1.0288556510e-01 2.9204867438e-01 1.2010582552e-01 -1.5735413617e-01 -1.0717927271e-01 2.3433009981e-01 2.6588302623e-01 2.8940763597e-01 -3.1489767097e-02 3.0833868610e-02 -8.2795118030e-02 1.9506323339e-01
-1.2413794661e-01 1.0914788220e-01 -9.6779653161e-02 2.4461214198e-01 1.6656047424e-01 -2.6505057715e-02 2.0341022424e-01 -1.0665121301e-01 -1.2029260511e-01 -8.9039622411e-03 2.1766819516e-01 -1.5667881254e-01 -1.4643237830e-01 -1.1669361614e-01 -6.0672431157e-02 -5.9071495661e-02 1.7056489740e-01 -2.0282472442e-01
-7.5604693339e-02 1.9467894377e-01 1.9995285348e-02 2.4205531150e-01 2.1198666271e-01 -6.9473989391e-02 1.5539746246e-01 -1.7719871359e-01 -6.5663683962e-02 -3.8916209944e-02 1.4306803541e-01 -1.4616366615e-01 -1.0374857244e-01 -1.4613172452e-02 -4.9510701353e-02 4.7298426548e-03 2.8670359772e-01 -9.7665901245e-02
-4.2154782427e-03 -8.9345427098e-02 3.9065006342e-01 -1.7823828765e-01 -1.1798805442e-01 -3.6860720762e-02 -1.6319698716e-01 8.8001082767e-02 1.9881941796e-01 -2.0351101645e-02 -1.9157640491e-01 7.4946700616e-02 1.9482701228e-01 1.2726954706e-01 -1.9029374362e-02 2.5311812143e-02 -1.5901484042e-01 1.7499240287e-01
1.7886075105e-02 9.5850439669e-02 -2.2437202752e-02 -5.4565585267e-03 3.6934251365e-02 -1.2881412072e-01 -6.6004212035e-02 -8.0870202120e-02 -2.9952924605e-02 1.9983867489e-02 5.6157997584e-02 6.7716752925e-02 1.2244816072e-02 -3.9023493368e-02 -1.4802288247e-02 -1.0576997941e-01 -2.7541219833e-02 -5.9654840128e-02
-5.8098108983e-02 2.2158422569e-01 -1.3716474892e-01 2.7894710573e-01 1.6837133221e-01 1.3239878447e-02 1.8073307933e-01 -1.0114555306e-01 -2.9630467407e-02 -1.8821089782e-02 2.2315364667e-01 -4.2535756567e-02 5.8254168148e-04 -2.3542456637e-01 -4.7565611967e-02 -9.1848171645e-02 2.1939713779e-01 -1.6920323015e-02
6.5909336796e-02 1.5309914869e-01 7.1741426627e-02 1.1480746692e-01 9.3479303974e-02 -4.3418532249e-02 1.6956691748e-01 -3.8167679869e-02 -9.5194607311e-02 -8.5629887403e-02 2.8164851310e-01 -1.3787831627e-01 -1.4074173381e-01 -2.4545305127e-02 -3.4788163850e-02 -4.9458884621e-02 1.9544624156e-01 -2.1816140033e-01
-8.7529580356e-02 3.6889335161e-02 1.1778351115e-01 -7.8265848347e-03 -3.9771550333e-02 -3.0932735681e-02 -8.1426822085e-04 -1.0860360197e-01 -1.7476348035e-02 -4.5387028676e-02 7.7369807833e-02 -7.2412396713e-02 3.7468330688e-02 -5.8004255823e-02 -8.4595586990e-02 6.7516510640e-02 6.1522634608e-03 -8.8576747847e-02
-6.9789904444e-02 2.4525766018e-01 -1.4734262894e-01 2.7516996427e-01 2.7920947095e-01 4.0120483697e-02 2.8788455052e-01 -1.9818880320e-01 -1.7462419486e-01 4.4378433532e-03 2.8260350157e-01 8.1120899458e-02 -2.3976218282e-02 -1.1883769375e-01 -7.9803857300e-02 -6.2964236220e-02 2.6121716702e-01 -1.8120731778e-01
-4.5744950903e-02 -1.5110742145e-01 2.7613977657e-01 -2.6705126675e-02 -6.6219859238e-02 4.6983305406e-02 -5.9476540073e-02 1.9403676564e-01 1.2375137129e-01 1.8190331622e-02 -2.1743758208e-02 2.6301792571e-01 1.8398982894e-01 2.8465156194e-01 5.3305657580e-02 -8.3268142951e-02 -5.2242931883e-02 2.5927216130e-01
-8.4055254944e-03 -6.0947527757e-03 -9.5008944040e-03 -2.9300068621e-02 7.6243859102e-02 -1.3312030532e-01 2.5052602065e-02 2.6480379350e-02 -1.1381466978e-02 6.0949150064e-02 8.0976919622e-03 2.3039572273e-02 -8.7818483590e-03 -1.0984572228e-01 -1.3958496823e-02 -4.7982275166e-02 3.9739592028e-02 4.1676003553e-02
-2.9088164282e-02 7.2656052438e-02 -2.3525855707e-02 1.4870251548e-01 1.6190972364e-01 1.5575327919e-01 2.2621028259e-01 -1.4843209926e-01 -9.4389886964e-02 6.1257428410e-02 2.4033076172e-01 -1.0823403074e-01 -1.2017234973e-01 -1.2043932287e-01 1.2473082672e-02 -1.0296911643e-02 1.6825253917e-01 -5.4146072303e-02
5.8988450503e-02 1.2788101963e-01 6.5227979323e-02 1.1673620103e-01 -4.3646862572e-02 4.6411230850e-02 -1.2377173801e-01 8.3445561811e-02 -5.6947478110e-02 -7.8056600332e-02 -4.4004309792e-02 -5.5079196694e-02 -2.6709447758e-02 -1.8477867612e-02 -1.1173234199e-01 6.1614954280e-02 -3.2867291650e-02 -4.0483782178e-02
