2.5397654723e-01 -7.6743419551e-02 -4.2756176049e-03 -1.3568935943e-01 -1.9831500052e-01 -1.5159505070e-01 4.2816814692e-01 1.4902166914e-01 -2.2365493657e-02 -8.9347325458e-03 1.0910783461e-01 5.2984826422e-01 -7.4971938874e-02 -9.4861166649e-02 1.8117697614e-01 -9.9875679367e-02 8.7542764367e-02 3.0708834643e-01 -2.1353283783e-01
-5.1606128706e-02 2.8956562564e-01 -5.1134146361e-01 -2.4191861767e-01 -4.2198517823e-01 2.6850457407e-01 -2.4175364871e-01 1.5255389953e-01 -2.0108713203e-01 -2.5420045678e-01 1.8888091042e-01 -6.5497517840e-02 1.7440852141e-01 -1.3868581943e-01 7.6821163866e-02 -1.6993900588e-01 -5.9437098041e-02 -7.2649332764e-02 -3.8280599622e-01
4.8586066678e-01 -2.3808566636e-01 -3.1475935990e-01 2.1478575587e-01 1.7162007295e-01 -1.4141366323e-01 1.1944895654e-01 -2.1096418234e-01 3.6336017464e-02 5.3387020724e-02 2.3584516846e-01 1.4844102233e-02 -5.9777835598e-01 2.3907376709e-01 -4.3188786304e-01 -1.2762730076e-01 -2.3148253376e-02 -9.2898500599e-02 2.6006924160e-01
-2.3288993490e-01 -2.0305470679e-01 -7.1789541448e-02 3.9993090127e-01 3.4955189113e-01 -1.5710782172e-01 -1.5762192994e-01 -2.8012697167e-01 2.2951634700e-03 -1.7199203239e-01 5.0021372286e-01 2.9326039774e-01 2.7438581700e-02 3.3583403319e-02 2.5308508838e-04 1.1136886288e-01 -2.1141447250e-01 -1.2948422303e-01 9.5295665285e-02
3.6254074501e-02 -6.0446749426e-02 -1.9917133590e-01 3.3369493054e-02 -5.3669039214e-01 -2.7404596383e-01 1.9602668464e-01 -2.5037884191e-01 -5.4223449161e-02 -2.5921540226e-01 3.2142518009e-01 -2.5068032878e-01 -1.1483685979e-01 4.1310775126e-01 1.7086459994e-01 9.9336442485e-02 1.0791277043e-01 8.4630884456e-02 2.7266752239e-01
3.4770870808e-02 2.4609197584e-01 1.0074697415e-02 5.0430422170e-01 -2.5900889829e-01 -3.2109982033e-02 2.9427551783e-01 3.7999222505e-02 4.4091250395e-01 -4.3377279770e-01 -4.9452940121e-02 1.8081080034e-01 -1.3735105328e-01 1.5433886042e-01 4.1639704067e-01 4.8141319028e-01 -4.1142254446e-01 -1.0920511213e-01 6.0325475776e-01
1.5004317460e-02 -2.1952625365e-01 3.6864210654e-01 -4.6459002422e-01 8.9216149173e-02 -2.5348078305e-01 -2.1429922992e-01 1.3401641347e-02 -2.6699167926e-02 -1.5375648998e-01 7.2886630014e-02 -3.6315687999e-01 -1.0070564657e-01 2.8453560241e-01 -6.4526811731e-02 1.4920124159e-01 -1.8179508273e-01 -1.7624497187e-01 1.9671433303e-01
6.2292894975e-03 -4.1783412396e-01 -4.2067320971e-02 3.5315029113e-02 -5.3992800753e-01 9.2086691300e-02 -5.7486571537e-02 -5.2438245082e-01 -2.9832816399e-03 -8.4655138437e-02 -1.7179753251e-01 1.7609134426e-02 -1.4915625997e-01 -2.6119860471e-03 1.0309507206e-01 4.2320628070e-02 -2.9702374820e-01 -1.4725259765e-01 9.1177371499e-02
7.8591181861e-02 -2.4245841202e-01 -5.0458848507e-02 2.9576836460e-01 -2.2809956136e-01 -1.0740734441e-01 2.2704667535e-01 1.3988471380e-01 8.7672608063e-02 1.4703045279e-01 4.6287040819e-02 -5.2927985711e-03 -2.7677415119e-01 -1.5296295829e-01 2.3114791878e-01 2.7097516456e-01 -4.2933359596e-02 6.4104184665e-02 3.2597293311e-01
-1.0193290653e-01 5.5635455303e-02 -5.0888604482e-01 1.5183798681e-01 -2.1369432459e-02 5.6210942619e-02 5.1097478551e-02 -4.8208583996e-02 -3.4577791901e-01 -3.7502720018e-01 3.2997060774e-02 -1.2209288089e-01 -2.6781380777e-01 -1.1227680738e-01 5.5889701006e-02 2.5752966658e-01 1.1838977920e-01 -1.1773016479e-01 5.5906477832e-01
3.7456240844e-01 -1.1305526017e-01 1.1736629207e-01 2.8405440968e-01 -5.3100876314e-01 -2.3903997419e-01 -4.6823368719e-01 -6.9310627798e-02 1.5822946165e-01 -3.5750162945e-01 3.2183679331e-01 -8.1247498150e-03 1.7792892468e-01 1.9317620228e-01 1.5256969802e-01 3.5398612340e-01 9.7854041836e-02 1.0815429548e-01 -1.3823734932e-01
-2.6857901997e-01 -2.3585547747e-01 -1.9843482726e-01 -8.8465241310e-02 -2.0353826642e-01 -8.7572183467e-02 1.4784040095e-01 -1.7842439378e-01 -2.1495310573e-01 -2.0012194927e-01 4.0745764202e-01 -3.3861567052e-02 8.2737037632e-03 -2.4510997369e-01 6.6236483413e-02 -1.8281792048e-01 2.7819083202e-02 -5.5129114225e-02 -6.7926046377e-02
-1.5693683584e-01 6.0811475221e-02 2.0187528116e-01 -3.6260111849e-01 -9.7562040046e-02 2.4929401116e-01 2.7289147455e-01 -3.7492446733e-02 -4.2970724913e-02 1.0609361232e-01 -4.6271235454e-02 1.3435950613e-02 1.4170396987e-01 1.6746716443e-01 -3.6028171924e-01 -3.9384395818e-02 -9.1205544545e-02 -1.3920581664e-01 -1.7993421018e-01
1.0286939914e-01 2.0910848063e-01 -1.5100387921e-01 -1.7605533980e-01 1.2090340105e-01 1.2988622021e-01 1.7870912209e-01 -4.9695812754e-02 2.3888760833e-01 -2.8728766775e-02 6.3535733181e-02 -1.7025972972e-01 5.6752050775e-01 4.3119782542e-01 -5.5080573254e-02 -1.6684454786e-01 -1.5359716983e-01 1.3330576437e-01 -1.0893770231e-01
-3.1644469941e-01 -6.7730404144e-02 -1.0827473735e-01 4.1367481026e-02 -1.3160909226e-01 -3.9725548746e-01 6.2982477090e-01 -1.7234544741e-02 9.3198490970e-02 1.2425329804e-02 5.7572343240e-01 8.3729779076e-02 -5.1943007506e-02 -1.8943726479e-02 -1.5836654321e-01 1.6563709289e-01 -3.4225440387e-01 -2.7255331827e-01 2.4934898660e-01
6.6264267370e-02 3.4033112773e-01 1.4783065707e-01 3.0550984060e-01 -1.4182890760e-01 -1.1787678002e-01 -2.9449862382e-02 -6.8830836288e-02 -8.4393341368e-02 -1.4885673929e-01 4.4050145376e-02 1.6541501596e-01 1.9224472455e-01 2.3357534897e-01 -6.9862185161e-01 -3.9285862359e-01 -2.2621499995e-01 -2.0405043462e-01 -3.7793848854e-01
4.9272417546e-01 -1.2204305704e-01 1.7882528689e-01 2.6368421501e-01 1.3430704521e-01 -1.5590640459e-01 9.1048680010e-02 -2.4542327904e-01 -2.0970406422e-01 9.6805635997e-02 4.4042205930e-01 4.0836187105e-01 -2.6288420805e-01 2.0099897145e-01 1.4487478008e-01 -1.4759036902e-01 3.1998281837e-04 3.0645301637e-01 4.8732260510e-01
2.6798529277e-01 4.4351978522e-01 2.1692971069e-01 -1.4207743243e-01 4.0066742163e-01 -8.6681882446e-02 1.0347890030e-01 -9.0130799777e-02 1.2318704457e-01 -3.7673848326e-01 -6.6250608849e-02 6.0398021463e-02 -1.6682483542e-01 2.6435434379e-01 -3.1956205120e-01 -8.0847403418e-02 -3.8337428100e-01 -3.2946423433e-01 -5.2997812387e-01
2.4009125400e-01 7.0372567945e-02 9.8395353773e-02 -5.2798781653e-01 3.1929994554e-01 -2.1334472342e-01 4.3178876237e-02 -2.2158374506e-01 -1.4695423148e-01 2.5303008389e-01 1.3025021819e-01 2.5109907744e-01 -4.3127905514e-02 3.7739210213e-01 -1.6180220508e-01 -2.9325487759e-01 2.2989035420e-01 -1.9533436573e-01 7.6409004461e-02
