-3.1173965218e-01 2.3668227486e-01 5.8701609465e-01 -1.8853107131e-02 -2.1881821910e-01 -2.4815000769e-01 1.7692023851e-01 1.8776524406e-01 -3.2672205262e-01 2.9483738074e-01 -2.0676480587e-01 -5.3339015837e-01 -1.5933335802e-01 1.3266940915e-01 5.0071177069e-01 1.3970995319e-02 -8.4330111879e-02 -2.5088725304e-01
-2.9352018793e-01 1.7772759256e-01 -2.4914412018e-01 3.7982600222e-01 -1.2873435391e-01 -4.0830445000e-01 2.4929280441e-01 -4.2648193748e-02 5.8324631622e-03 -3.5811611957e-01 -4.0597793828e-01 -3.0476897385e-01 1.8179425818e-01 -1.7481012893e-01 -4.4237419906e-02 -5.9092280294e-02 -2.5403922627e-02 -1.8439748952e-01
-7.9793183404e-01 4.2995046365e-02 1.8719869461e-02 -1.0476803800e-01 -6.9116080268e-02 -7.6850206774e-02 2.0596155991e-02 -3.4243617218e-01 4.1112330223e-02 5.7057834753e-02 -7.5444083999e-02 -5.6219770100e-02 -2.7028992119e-01 3.9133818728e-01 -2.4770388222e-01 1.4381769984e-01 2.3885348169e-01 -1.4125905644e-02
1.0749683804e-01 3.3629316808e-01 -9.0178305586e-02 -8.2963078769e-02 6.6325825848e-02 1.4236076874e-01 -2.5014960632e-01 -3.6312121052e-01 -1.2224397303e-01 -2.4372736937e-01 2.9704580176e-01 -1.1011261837e-01 7.1086980581e-02 -5.8760927221e-02 1.0590616321e-01 -3.4568872880e-01 -1.1759734305e-01 -9.8736532382e-02
-2.5127087383e-01 5.9089011723e-01 2.6312406389e-01 7.2100869013e-02 2.0789050085e-02 -7.0533467961e-02 3.4493413504e-01 4.3153378974e-02 -2.5400579125e-02 3.1981579221e-01 8.8953584724e-02 -4.0031685319e-02 -4.1792572355e-01 3.1844594777e-01 -5.5679896017e-02 3.0219034936e-01 1.0165587084e-01 -1.4459304486e-01
-2.4138109188e-01 -9.8245480291e-02 3.8721257715e-01 1.7056418301e-02 4.3359264498e-03 -2.8981522890e-01 -3.7944449537e-01 1.4147545509e-01 -3.1425197808e-01 9.3874576845e-02 4.7592208191e-01 4.5432519401e-01 1.8699211335e-01 -1.7597428716e-02 -2.2565072628e-01 1.2024022381e-01 -1.3751647754e-02 6.0037838542e-02
7.7618787383e-02 4.4376917084e-02 -1.8706780764e-01 -2.5125174260e-01 2.2991529262e-01 1.6235368151e-01 3.2995580668e-02 2.9645810731e-01 2.1886426585e-01 2.1353376171e-01 4.7566719681e-01 -2.3644995525e-01 2.1894046561e-01 -4.0302381101e-01 1.6745052219e-01 -4.3432986957e-01 -2.2149553791e-01 -1.0648139656e-01
5.2183733077e-01 -1.6044551466e-01 3.2131445101e-01 2.2364094032e-01 -2.9815094906e-01 3.0325299454e-01 8.0689383120e-02 5.1269433731e-01 1.2687084948e-01 -2.8032885094e-02 -2.5703704352e-02 1.9399941042e-01 -1.2768090579e-01 -3.9279938903e-01 6.0661776590e-02 -1.9062989364e-01 1.1653179148e-01 8.1408381065e-02
-2.3851251728e-03 6.8316355097e-02 -7.8789439069e-02 -2.2790579959e-01 -5.0481373306e-01 -4.0384222219e-01 -3.5941938344e-01 5.9496883728e-02 -2.0756270995e-01 9.3457376651e-02 -8.2425548101e-02 -4.0309190120e-04 7.5449658680e-03 1.5362679724e-01 3.6346189611e-01 -5.7538355315e-02 -2.3969196312e-01 -3.0988386717e-01
-2.2485610613e-01 2.2616744779e-01 -4.0891124326e-02 -7.5113001202e-02 -2.7317003828e-01 -3.9769914386e-02 -1.1649934859e-01 -2.1364591306e-01 -2.9612148749e-01 -2.0839887609e-01 -1.3933295765e-02 -3.3212223608e-01 2.0810663665e-01 3.0977188583e-01 -5.6043245400e-02 -2.0421032351e-02 3.7924248036e-01 -3.2051243723e-01
-1.1593294333e-01 1.2356738088e-01 -3.7600964077e-01 1.5755448190e-01 -4.0109318585e-01 1.5351173787e-01 -9.3929751600e-02 -2.3577792724e-01 -2.7441589192e-01 2.5100342068e-01 -2.6663383362e-01 2.5920300953e-01 -2.1706522563e-01 1.2100776939e-01 4.7304102475e-02 -2.6332187372e-01 3.0562566595e-01 -1.8499976415e-01
2.7804235494e-01 -7.5922231680e-02 -3.7671422005e-01 -9.1881752458e-02 -3.4939575646e-01 2.9458612408e-01 1.7888437523e-01 -3.0827607569e-01 -2.1907520006e-02 -1.9617163215e-02 9.8803207185e-02 -3.4088712482e-01 6.8046503470e-02 3.5348398657e-01 3.8001662452e-01 4.6636069926e-01 3.9143630580e-01 -2.4137610940e-02
-1.8194213935e-01 -4.0985732152e-02 1.1364293797e-01 1.5497634322e-01 -2.7868695583e-01 4.4420500031e-02 -6.9575029165e-02 -1.9870395723e-01 -1.6587268158e-01 -4.6267960812e-02 -3.5266242905e-01 4.5976038390e-01 6.8102295908e-01 1.9705610565e-01 -2.3152210231e-01 1.2056006363e-01 1.2878379759e-02 1.0533273171e-01
-1.2489527950e-01 1.8870822867e-01 4.9315063394e-02 -7.6578208720e-03 4.7424015888e-02 -3.7247900379e-01 -3.2618267675e-02 1.1211835032e-01 -1.1372377050e-01 5.3543839565e-02 -5.4570402458e-01 1.2442434946e-01 -2.1920641397e-01 -2.4917334051e-01 -1.7008026151e-01 -1.0666559767e-01 1.2031687971e-01 1.6185414043e-01
-2.2052741348e-01 -2.6191879210e-01 3.7380064242e-02 -1.7276305409e-01 2.9217166987e-01 -5.1585384910e-01 2.7134777742e-01 -1.4314848206e-01 1.5800381851e-01 2.8228017220e-01 -1.0920980721e+00 -3.1910620599e-01 -2.3315677437e-02 -5.0302243400e-02 -1.0929277585e-01 -4.5827478544e-01 -3.8137399887e-01 -1.4129845870e-01
-1.3266547100e-01 -4.1465544683e-01 1.0527394740e-01 -2.2223383893e-01 1.4826398828e-01 9.4596071644e-02 2.2569715674e-01 3.6975812640e-01 -2.0603932318e-01 -4.6598938073e-01 -3.8165949788e-01 1.0813156034e-01 4.0261713223e-01 1.2373575211e-01 -1.1476981827e-01 -3.1437909923e-01 -1.1766054916e-01 2.3642335107e-01
-1.5228314798e-01 -3.5499734172e-01 2.1749345269e-02 1.8377301903e-01 2.1583348647e-01 2.6688433339e-01 2.7053171716e-01 -5.6297120690e-02 1.3639826975e-02 2.2306061136e-02 -4.0373269852e-01 4.3526529394e-01 -1.5453011323e-02 4.2581545212e-01 2.1238103379e-01 -9.1405412902e-02 -3.9504161373e-02 -6.7229842738e-02
-1.3447219714e-01 2.1964320852e-01 -4.7321542508e-02 -4.3486975581e-01 -1.6199175894e-01 -5.8432716424e-02 -9.7230285843e-02 -1.9834564691e-01 6.1975182036e-01 9.6978913208e-02 -3.7896222377e-01 -1.9435246912e-01 2.7347502301e-01 -2.6565668297e-02 1.1029239357e-01 4.9025112374e-01 -1.0442485940e-02 4.0101638602e-02
