3.0463651568e-02 1.9162726212e-01 1.4158196102e-01 2.0374407894e-01 3.7915331593e-02 7.3609654506e-02 1.4922190743e-01 8.4226452382e-02 -1.7536773515e-02 4.4620481140e-02 6.6390057047e-02 1.1842929665e-01 -7.5228866470e-02 7.6373954960e-02 1.5565878386e-01 9.1557214400e-02 1.4419384103e-01 7.1286973712e-02 7.9317845688e-02
7.2293946062e-02 8.4360603885e-02 2.1303801175e-02 7.4164076997e-02 -6.5083135255e-03 -2.1656156193e-02 9.4691919777e-02 -1.6369676118e-03 -1.1830001097e-02 -8.7345706978e-02 6.6888030671e-02 -1.7957810167e-02 2.2680942221e-02 2.1251728132e-03 -3.9592229271e-02 -3.4393238325e-02 -4.9016056626e-02 -3.3962110606e-02 -3.1569180043e-02
1.7138940394e-01 1.2436533558e-01 2.0452231000e-01 2.2432384911e-01 -1.5023660665e-01 1.1012571329e-01 -1.2505317406e-02 3.4730819874e-01 1.7175748391e-04 -8.4940288560e-02 7.5463627184e-02 2.1714163817e-01 3.4939654050e-05 -2.7959254026e-02 -5.9815575685e-02 -7.4266915428e-02 -1.2606491351e-01 2.2948543697e-02 1.6980375690e-01
-1.5353088870e-01 4.2550321702e-01 8.7710503118e-02 -2.5356446052e-01 -9.3262791112e-02 -1.8552158063e-01 2.4251830959e-01 -2.6332435192e-01 8.4638601631e-02 1.9429925346e-01 -1.3653827188e-01 -2.8314757280e-05 5.8248852823e-02 2.6648195036e-02 2.0977274705e-01 3.2502187358e-01 3.8304420733e-01 3.3214242493e-02 -2.8963448890e-01
1.0898376862e-01 1.9164100952e-01 9.3299621635e-02 1.0638108147e-01 -5.1913351034e-02 4.5116523096e-02 2.6347676789e-02 5.5412318208e-02 4.3462939103e-02 -1.4798022335e-01 1.5005202833e-01 1.1595025229e-01 -4.5941948648e-03 4.7332442337e-02 -1.0476319746e-01 -9.1351379767e-02 -1.7643135752e-01 -6.9512237951e-03 8.6718362179e-02
-2.4388985083e-01 2.2491179564e-01 1.5652202406e-01 -5.6006213973e-02 1.4038323061e-03 -1.4671887938e-01 1.1294957029e-01 -1.9489857292e-01 -6.2934014399e-02 4.3895748088e-02 -1.1954021407e-01 3.9484591186e-02 -3.4234221537e-02 -1.2727089842e-01 2.3850538254e-01 2.5690554272e-01 2.4857097035e-01 -1.1674847730e-01 -4.0635923268e-02
1.4590601020e-01 1.5960719224e-01 1.1424725545e-01 5.6358877406e-02 6.2853330736e-02 4.3557166541e-02 1.0957138617e-01 4.9779267975e-02 5.1520794517e-02 1.9012763556e-01 8.9284411659e-02 7.3856706797e-02 -4.3752764670e-02 -1.0308661361e-01 1.0473446300e-01 1.7714750672e-01 7.0387755692e-02 -3.4945044782e-02 7.2463493341e-02
1.6985315951e-01 6.8376995386e-02 8.5437110342e-02 1.4237865445e-01 -5.3058083238e-02 1.4035333004e-01 -7.8963340573e-02 1.3937428421e-01 -2.6361276813e-02 -1.9297127248e-01 1.4416173575e-01 1.7453561497e-01 8.0142919651e-03 9.7746842804e-02 -9.5897445981e-02 -7.6962196665e-02 -9.7899250473e-03 -8.5035918454e-02 1.4713947738e-01
-7.4779457915e-02 1.4145639726e-02 7.1748141136e-02 8.4912366156e-02 6.5525399981e-02 -8.0797959662e-02 -2.4179076470e-02 4.9093046612e-02 -1.6090174259e-01 1.0586046228e-01 1.9677434442e-02 -5.2110379633e-02 4.9097528114e-02 -8.0418438910e-02 3.1455751933e-02 1.8787233763e-02 -5.5590018196e-02 -4.6576734193e-02 -9.5967197063e-02
1.3287439914e-01 8.1283197162e-02 6.6969098782e-02 2.3098313355e-01 7.0475118925e-03 1.8482163616e-01 -3.7897185363e-02 1.8979017515e-01 -5.1649337313e-02 -1.7750638067e-01 2.4530156748e-01 1.2762423662e-01 -1.1340041866e-01 -7.6677737848e-02 -1.8328814398e-01 1.9380246182e-02 -1.4551573937e-01 2.6894611894e-02 1.9956634774e-01
4.3958794653e-02 -1.1013392200e-01 -4.9886737112e-03 4.9752531733e-02 5.0579279542e-02 -6.7435232577e-02 -4.1874977620e-02 2.9235950327e-02 9.1028003060e-02 2.5547476511e-02 -1.4524472962e-02 2.0940860450e-02 -6.4770205213e-02 -1.0231358440e-01 -4.4991463263e-02 -2.6781488690e-02 1.3473669910e-01 -7.9999917176e-02 -6.2486004092e-02
1.0510052949e-01 5.3681032361e-02 5.6846666320e-02 2.9728866495e-02 5.6430888440e-02 7.9692985231e-03 -1.2276395661e-01 6.9603648756e-02 2.3251126161e-02 1.1446004567e-02 -6.1876923161e-02 -9.6855161057e-03 -1.5952440838e-02 2.6412329481e-02 -4.3509780113e-02 1.0153044901e-01 -2.3434142699e-02 6.0625687931e-02 -6.1393039957e-02
1.0181379851e-01 1.1522841596e-01 1.0404985116e-01 1.4486090229e-01 1.0106335993e-01 2.1905608435e-01 -9.1103988740e-02 6.5594700789e-02 -8.8327033978e-02 -5.3000540182e-02 1.7126429261e-01 2.6937863889e-01 7.3140401088e-02 -1.5995339826e-01 -1.1717298677e-01 -1.0290189523e-01 -1.9025569876e-01 -2.7100201881e-02 1.4660606025e-01
-5.4656535934e-02 2.7871372281e-01 2.1011097159e-01 4.2295848661e-02 1.0769057369e-02 -2.3406246157e-01 3.3032830703e-01 -1.2871171558e-01 -1.3748877580e-02 2.6336208295e-01 -2.2326136592e-01 1.1038005087e-01 3.2889061757e-02 1.4029056701e-01 3.6631009207e-01 3.2057185276e-01 2.7005433195e-01 2.1994771885e-02 3.6007850409e-02
4.8971570119e-02 -3.4126944884e-02 4.1525408360e-02 -2.5134385418e-02 1.4726209399e-02 -2.5190619452e-02 -4.8206169332e-02 -7.9426505060e-02 -1.7445052916e-02 -7.2481343218e-02 -6.9544720689e-02 -2.8473096108e-02 -6.1728096900e-02 3.2606450313e-02 -4.2296042736e-02 -4.4314729068e-02 -6.8779786633e-02 -3.9074671371e-02 -3.2882420863e-02
1.6950305606e-01 1.7559275438e-01 1.1802935176e-01 7.6748549983e-02 -1.1962756814e-02 1.1900927371e-01 2.9434471363e-02 1.3606970809e-01 -2.6368460016e-03 -8.3588146940e-02 8.4195982351e-02 1.1458102040e-01 -7.2735720711e-02 -2.9010553341e-02 -1.2636160115e-01 -2.3178839633e-01 -1.2416613744e-01 -1.3389917043e-01 6.1690693841e-02
2.8045633897e-01 1.1460706034e-01 2.4313378252e-01 1.8768732118e-01 3.7913650975e-02 9.0428504406e-02 1.9959542406e-01 2.0369280671e-01 6.9612908474e-02 -9.8865771847e-02 2.3943286821e-01 1.7247734300e-01 1.2842051687e-01 -5.3501280725e-02 -2.5565962152e-01 -1.0438799804e-01 -6.1387584409e-02 1.9144120051e-02 1.1549884829e-01
1.2583901478e-01 1.0706546735e-01 1.8432183039e-01 8.0371418463e-02 4.6737991242e-02 9.7029268628e-03 -8.2113704644e-02 1.9366407494e-01 -1.1222171801e-03 -8.6441141789e-02 5.6191229145e-02 4.5840925994e-02 -3.2349160073e-02 4.9090043876e-02 3.9534105714e-02 1.4581777109e-02 3.9866436933e-03 1.9478405230e-03 1.1303978043e-01
-4.2228867451e-02 1.9451078053e-01 1.9538866901e-01 -1.0898598625e-01 3.7441928839e-02 -1.0987685914e-01 1.4760116510e-01 -3.2212201903e-02 -4.2514281612e-02 1.5627128231e-01 -7.1415794414e-02 1.6017147965e-03 -4.5041685069e-02 1.2760307188e-01 1.5725526573e-01 1.1108837196e-01 1.0582074789e-01 -8.7525309833e-02 -5.2787532002e-02
