2.5837995123e-03 -1.5879287920e-01 2.5125226509e-01 1.5945493036e-01 2.7003402613e-02 -5.2760844682e-02 1.5552041144e-01 -1.3326002618e-02 -3.8805431443e-03 -1.6258683760e-01 4.2539067866e-02 6.2374942779e-02 3.7037842288e-02 6.0568286588e-03 9.4527627683e-02 2.6239690520e-01 1.0731690097e-01 1.9818582014e-02
3.0232652428e-03 9.9686373664e-02 4.7332755195e-02 -9.8436125802e-02 -4.9504674270e-02 -1.7283585660e-01 6.1063901214e-02 -6.0886011546e-03 -1.0794265581e-01 1.2523263733e-01 -8.7168892412e-02 1.5333567424e-01 1.9116620456e-02 -2.7355453919e-02 -2.9167489996e-02 1.0173406948e-01 -3.6822852989e-02 -1.3379606294e-02
3.5396054956e-02 -7.4701705492e-02 1.2962651971e-01 2.0936097227e-01 1.5948297011e-01 1.4274067761e-02 1.4361609561e-01 -8.4049270615e-02 1.3381562538e-01 -9.4202583946e-02 -1.0153646147e-01 6.5576518059e-02 9.3214165466e-02 -8.2854914306e-02 1.3674521909e-01 1.0318391649e-01 6.7541192640e-02 1.0181954808e-01
-3.9055698511e-02 2.5183226217e-01 -1.2711903478e-01 -1.3267976366e-01 -4.4367181611e-02 -1.1109672648e-01 -1.4883317337e-01 -3.1052045689e-02 3.3149405106e-02 1.4216219091e-01 4.9781824910e-02 2.2188956300e-01 1.2042442547e-02 4.7746689088e-02 -1.0088674591e-01 -1.8771325730e-01 -1.5774156618e-02 -2.4792402274e-01
1.5767863593e-02 -7.4576052017e-02 1.6755026791e-01 1.4532152099e-01 -4.3804962594e-02 -8.4778733221e-02 2.1785042690e-01 -1.8748149783e-02 -7.0486087206e-02 4.5752540533e-02 5.3441779377e-03 3.9905534438e-04 -4.9967752880e-02 -1.7878037519e-02 1.2676498368e-01 1.5056432706e-01 -5.6452951713e-03 1.1895761465e-01
-1.1250154414e-02 1.4020388999e-01 -4.2014410964e-02 -2.0142165897e-02 -2.7664538102e-02 5.9479608774e-02 -3.2739238603e-02 -1.3987749800e-02 2.4697235399e-02 1.2457135485e-01 9.5305007377e-02 2.0659708759e-01 -5.2726608265e-02 4.2535833310e-02 -1.1787401110e-01 -1.2527211360e-02 -3.1540195696e-02 -2.3674870590e-02
2.9002794467e-02 4.6482441335e-02 -1.6265248361e-01 3.7021834297e-02 -9.6980167746e-03 -4.9059591670e-02 5.9619743537e-02 -5.4752736535e-02 5.0695020912e-02 2.0517714742e-02 -9.0621355922e-02 -7.9221410119e-03 -2.7209709767e-02 4.3271652845e-02 3.0529612001e-02 -4.6081301773e-02 -6.2043972204e-02 2.6598964193e-03
-3.5479713762e-02 -6.5684666152e-02 1.3501159446e-01 -2.1244693585e-02 -2.0677237963e-02 4.9208635868e-02 -6.3694135708e-02 -8.2283302566e-03 -3.7498121026e-02 -2.0254659268e-01 -5.9266260012e-02 -9.4873006935e-03 1.4114686881e-01 -5.3916605873e-03 6.6665211842e-02 1.1341936412e-01 2.4496378140e-02 1.3778649089e-01
-2.3849762895e-02 -1.2087603838e-01 9.0949690210e-02 6.2467454171e-02 4.1379109480e-03 5.3904591022e-02 2.7839082542e-02 -4.9448118893e-02 -5.3957025532e-02 -7.2783247154e-02 -5.0995454361e-02 -3.8854049560e-02 -4.7530501710e-02 1.5601285522e-02 5.0717009592e-02 -3.5589333182e-03 -3.1445498625e-02 -9.5353442642e-02
4.8223701193e-02 -9.5611495958e-02 1.4232614325e-01 2.3202324107e-02 -7.7454696082e-03 2.7099608047e-02 1.0589093399e-01 4.8919558753e-02 1.3417872569e-01 -1.1960025714e-01 2.6437694922e-02 3.9522795980e-02 5.3560918751e-02 -5.7629771090e-02 6.6678720052e-03 1.2658128021e-01 -1.2127137504e-02 8.6396758813e-02
-1.2247090462e-02 7.5756934656e-02 4.1710928001e-03 -2.8694493098e-02 -8.3588070109e-02 9.0088695116e-02 -1.3833206876e-02 -7.8030350707e-02 -2.8236758318e-02 1.0481260647e-01 -5.5004455304e-02 8.3398469852e-02 -1.4282522792e-02 -7.7742549473e-02 -8.9027545809e-02 -4.7330401916e-03 -5.4082873866e-02 -9.2746633712e-02
3.6339803204e-03 -1.1914299846e-01 1.8820027204e-01 1.0579943313e-01 1.4227635831e-02 6.6776381937e-02 1.3492187112e-01 -3.9550171735e-02 1.5688273576e-02 -2.6282337786e-01 -8.6321815238e-03 2.7579952962e-02 9.3560932447e-03 2.9396132738e-02 1.4925925105e-01 6.5670472537e-02 -9.6698017932e-02 1.1803903325e-01
-1.3151460360e-01 -6.6731675161e-02 8.6289099462e-02 1.0795233888e-01 -4.6146728313e-02 -6.6108968013e-02 1.8563381732e-01 -4.3562775161e-02 4.1273464803e-02 -4.1742280775e-02 2.2292636925e-02 1.2805723069e-02 -1.1070453599e-01 -1.3429499808e-02 1.1442597308e-01 1.4157444645e-01 9.6259181486e-02 1.2148451873e-01
2.4209432843e-02 -8.8326336839e-02 1.3286288701e-01 -2.1722501624e-02 -3.8894423602e-02 6.8821711843e-02 -8.3826697332e-02 1.4040496389e-02 5.2080145740e-02 5.4686378237e-03 -8.0599376218e-02 1.5883348783e-02 9.2163240146e-03 -2.5818252812e-02 3.5034063137e-02 1.3813332106e-02 1.8756409973e-02 1.9834604826e-02
-1.2389652127e-01 1.2768221361e-02 1.0543816812e-01 -1.1444104475e-01 -5.1080622699e-02 -1.2009008904e-01 -6.0009483306e-02 -8.2189933256e-02 1.5520624219e-02 2.4309403935e-02 9.3705212708e-02 3.0982470422e-02 -3.9705807868e-03 -6.6929076973e-03 -1.2815071191e-01 2.0962039874e-01 6.8037460317e-02 -1.0671527719e-01
-8.1298623939e-02 1.8161122783e-01 1.0476108397e-01 -1.6653303122e-02 2.5163886942e-02 7.4144129809e-03 9.1540922533e-02 1.6859364573e-02 -5.1764841674e-02 6.1195494093e-02 -9.3504218986e-03 1.7573608405e-01 -1.4626368972e-01 -5.7667374217e-04 1.1249145950e-01 -4.0097924579e-02 -1.6143805551e-02 5.6601284232e-02
-6.7098192565e-02 1.4651764167e-01 -8.0282614111e-04 2.9717667619e-02 -4.6831781772e-02 6.9299104776e-02 -6.0522220068e-02 -3.1946427368e-02 -7.6209924867e-02 2.0788245819e-01 -7.7017102030e-02 7.4751880514e-02 -6.1815927609e-02 -1.4307947447e-01 1.0821218338e-02 -1.2208666248e-02 4.6779765878e-02 -1.8669823752e-02
-1.0384232208e-01 1.1219028033e-01 1.0900275173e-01 -1.2320969341e-01 -6.6116075749e-02 2.4165903187e-04 -5.8451166599e-02 3.0986244139e-02 -5.2467335293e-02 1.7551659752e-01 -2.8176465672e-02 1.0233725803e-01 -6.6511983624e-02 3.9989403634e-02 -1.0261858753e-01 4.4363651417e-02 -3.6867123870e-02 -6.1315547885e-02
