9.2543772143e-02 -5.7215630111e-02 -7.4368891737e-02 -1.5843722585e-01 3.7281878552e-02 -1.5335715610e-01 4.3922327043e-02 1.4133477691e-01 -1.3483885488e-01 2.2591991571e-02 3.6323843979e-02 3.1328839131e-02 1.3256332220e-01 -4.1887085672e-02 -2.0707762404e-01 1.3646738963e-01 -1.8428920528e-02 -6.7605235663e-02
-3.9188678063e-02 -5.3539971910e-03 1.2961698241e-01 2.2744407593e-02 1.3350041058e-01 2.6651836933e-02 -3.6637684061e-03 -1.4883165162e-01 4.5637216257e-03 5.4873527487e-02 -8.1956627376e-02 1.3190253142e-01 2.2553218748e-02 -6.0792386834e-02 8.4907281190e-02 -1.8652001939e-01 1.4400237739e-01 1.0021863298e-01
2.7722025881e-02 3.7748483296e-02 3.1573495958e-02 -6.8003573081e-02 -5.2289416215e-02 -6.4409542255e-02 2.3598596861e-05 -5.8284025624e-02 -8.7749577342e-02 -4.4725163327e-02 6.3914843221e-02 -4.0911142102e-03 7.4080731862e-03 1.2830110057e-01 -2.7103276217e-02 6.5954179094e-02 -9.6436966108e-02 -9.4905781298e-02
-1.6612764528e-01 -4.4292908267e-02 2.9312229657e-01 -2.1508853097e-02 2.3969318129e-01 3.8516719505e-01 -4.2079879892e-02 -1.5664930251e-01 -1.3012359417e-02 2.6800551364e-01 1.5078894192e-02 3.8190788584e-01 -3.1339755625e-01 1.8215075714e-02 1.9515027115e-01 -1.7199432744e-01 -2.6386997872e-02 1.4469757260e-01
2.7413642526e-02 6.4006670486e-02 8.8589138592e-03 9.8038533165e-02 -4.2789954848e-03 -1.8538841432e-02 -3.7127663249e-02 -7.0797347825e-02 -7.7153601581e-03 7.9674048000e-03 -2.2847162277e-02 -7.2165036700e-02 -1.3413259637e-01 -6.0186174157e-02 4.0612694023e-02 -5.8406376809e-02 8.5702873215e-02 -1.0016678057e-02
1.5736116747e-01 -1.7346289995e-02 -2.7332989504e-02 4.7368410431e-02 1.4267739274e-01 3.7110684547e-02 -1.4169675826e-01 2.1242295880e-02 3.9899012281e-02 -3.7781199593e-02 4.1655982322e-02 2.3480890010e-02 -3.6166193926e-02 -1.4874743728e-01 8.0348519752e-02 3.9078548667e-02 -1.6879668418e-02 2.0279159701e-01
8.0858222498e-02 2.6328333740e-03 -1.9623818185e-02 -3.7928810780e-02 4.6122382552e-02 -1.2514412625e-01 -2.7435490375e-02 3.5458116834e-03 -5.3696777878e-03 7.5335716652e-02 2.7771279954e-02 7.8623024541e-02 -4.0473079884e-02 5.6201775720e-02 1.9479089950e-01 1.7424772700e-02 2.5979108938e-02 1.2780090909e-01
7.1036773742e-02 7.1016077126e-03 -7.1069458390e-02 -9.2369991380e-03 2.5593313402e-02 -3.2632096726e-02 -1.7386484301e-03 1.0358720436e-01 -1.9947782975e-02 1.0700418245e-01 3.2500851538e-02 1.7942519382e-01 -2.8207124195e-02 6.6346402939e-02 -3.8512591350e-03 2.0650159795e-03 -3.7345434192e-02 -5.0931020888e-02
-1.8813903051e-01 6.0437728719e-02 4.8475281273e-02 9.5453434282e-03 8.1361845830e-02 2.3435106137e-01 1.7376672374e-02 -2.3616973920e-02 -3.1580820804e-02 2.1216833098e-01 -1.0812588361e-01 2.4466909717e-01 -2.4129059562e-01 -5.5134792411e-02 1.9995193968e-01 -1.0142331883e-01 -4.4636357538e-02 2.8124380184e-01
1.5332299096e-01 7.1653170347e-03 -1.1024923679e-01 1.1933982862e-01 5.5375221695e-02 -3.9482583425e-02 -3.4890136002e-02 1.4769995727e-01 -5.2000918507e-02 -1.7080986785e-01 -7.2413864669e-03 -7.8798078118e-02 1.0483784950e-02 5.3347059422e-02 -1.1121425928e-01 1.1058157559e-01 -8.6877784758e-02 7.8317978159e-02
5.0265720230e-02 7.1657011915e-03 7.2831304857e-02 4.8204117008e-02 1.2991665351e-01 9.6618579536e-02 -4.5323313231e-02 -1.5736297298e-01 -5.9808972664e-02 7.3713133957e-02 1.0126002148e-01 1.1636405412e-01 -2.1644792114e-02 -6.7667080477e-02 1.3018097125e-01 -3.3888917585e-03 -1.0811652043e-01 2.0955167008e-01
-3.2255312481e-02 -2.1174492735e-02 4.3166841188e-02 3.5522443695e-02 -9.0296524742e-02 1.9367088202e-02 2.5471765368e-02 3.2016584453e-02 1.5316960546e-02 -2.1554257283e-02 -6.9625721151e-02 3.0145462031e-02 -3.5555723115e-02 -1.5388832643e-02 -7.2430236667e-03 1.3780461628e-02 2.3401613367e-02 -2.9461755615e-02
-1.4446123245e-01 -6.6458745756e-02 2.0141200934e-01 -8.5747693329e-03 2.2207456609e-01 2.0204701426e-01 -3.0937620443e-02 -1.1379038105e-01 -1.0343401417e-02 1.2063845531e-01 5.5219822739e-02 9.7855691363e-02 -1.0455086711e-01 4.7285262815e-02 2.3205115696e-01 -1.2716911105e-01 -7.1678286975e-02 1.6161816402e-01
6.4246195290e-02 4.3106294494e-02 2.8785425620e-02 1.1623241730e-01 1.2723989945e-01 -5.0765670817e-02 -1.2543557266e-02 1.7210970519e-01 9.0941001634e-03 -8.0541536575e-02 -5.6572015082e-02 4.8724442693e-02 7.8710337580e-02 6.7968442697e-02 -5.5313114793e-02 1.0792571050e-01 3.4274554366e-02 7.7960306915e-02
-2.8354674725e-02 -9.2735986274e-02 2.3615053113e-01 2.4295976097e-02 2.7335190421e-01 1.9849454067e-01 -4.1640369520e-02 -1.8547782654e-01 -1.2865651193e-02 2.5492023875e-01 -1.7687317617e-02 1.9934997514e-01 -2.8566452713e-01 9.4784758524e-02 2.6931024282e-01 -7.1324324927e-02 -5.6435005387e-02 2.6035494234e-01
-1.9882449129e-02 -7.1698400751e-02 8.0457614302e-02 -9.4606328476e-02 1.7081352819e-01 -2.5449364898e-02 -3.0153138006e-03 3.0034281875e-02 -6.1605058348e-02 -6.6167890167e-03 -4.3360389400e-02 2.0109769023e-01 4.0640030841e-02 -9.5302971421e-02 9.0365112610e-02 1.3594324210e-01 -4.4335341734e-02 6.5095126970e-02
-2.2479761360e-01 -8.8487954039e-03 2.0035543683e-01 1.5512150418e-01 2.1779290870e-01 1.7388002379e-01 -3.2558639729e-02 -2.1122451551e-01 9.9809628261e-02 2.1566650816e-01 -5.2429930129e-02 1.4902510585e-01 -2.0258585994e-01 -1.2017493331e-01 2.2225571397e-01 -4.6167912340e-02 9.1188633743e-02 5.1687587433e-02
1.7256807765e-01 -6.1773449030e-02 -1.6169986743e-01 9.9800559220e-04 -4.5686486140e-02 -3.9869430624e-02 -2.6098682039e-02 1.4766191688e-01 1.5479131223e-02 -1.7320098148e-01 9.9658211282e-02 -3.1492339331e-02 6.1446545548e-02 -5.0004197980e-02 -1.8041821757e-01 4.3728362952e-02 -4.8684749725e-02 2.8981205856e-02
