-1.4020944655e-01 1.5471944015e-02 3.5654239068e-02 -4.8529282361e-03 -9.6605259142e-02 8.7248917768e-02 -5.5610890845e-02 1.1415065853e-01 1.7715118186e-02 1.6570921260e-01 -3.6333308235e-02 3.0870700732e-02 6.6944191110e-02 1.3761008733e-01 -2.1206089153e-01 -3.5363105975e-01 2.0337644066e-01 -2.1506933561e-01
8.4230912817e-03 6.0672449041e-02 8.2294296444e-02 1.5168976679e-01 1.2123456315e-01 1.6969244781e-02 1.1101653464e-01 -3.1796710345e-02 -2.7405443742e-02 1.3855176972e-01 -2.7754855546e-03 2.5861066612e-01 -6.1908418809e-02 6.6325842309e-02 -4.0519997250e-03 -1.2112698697e-01 9.1002516559e-02 2.9096401697e-03
3.2559966938e-02 5.1126283464e-02 1.0261244656e-01 9.9743061011e-03 2.6604756882e-02 6.8189493483e-02 1.1368459147e-02 -1.3942293205e-02 -1.0681436093e-01 9.5207174511e-02 -1.2543454847e-01 3.4911251620e-01 -1.6523585944e-01 -1.9574251392e-02 3.0090600307e-02 2.4790967371e-02 1.7105972622e-01 3.2870665252e-02
2.2059075399e-01 -1.0085407160e-01 1.0106444146e-01 -9.6045344231e-03 -8.9200223950e-02 4.0054797660e-02 1.7332810347e-01 4.6533707658e-02 3.5737128152e-02 1.0097378478e-01 -1.0517462028e-02 3.0885011670e-01 -8.0101006842e-02 -2.9161149913e-01 8.1730487687e-02 5.8327846832e-02 1.2040003948e-01 8.3939330411e-02
-1.3170396257e-01 -8.5201261521e-02 1.0004194159e-01 -4.2943797570e-02 7.2773373861e-02 4.2430894566e-03 6.6117326395e-02 -5.0824490678e-03 4.1189723384e-02 -4.8838847398e-02 5.2797622099e-02 9.5703204915e-03 -1.1427872316e-01 1.0020815540e-01 2.2487231740e-02 7.2940333917e-04 -2.1591396156e-03 -3.4611287196e-02
4.4029293638e-02 1.0424855005e-01 2.9745189840e-02 -8.6438388389e-02 8.8906744220e-02 -8.9514421470e-02 1.1090549184e-01 6.2780893130e-02 2.9252126141e-02 -1.2254773830e-01 2.5130057009e-02 2.2849403801e-01 -3.7224178700e-02 1.8404266286e-02 -2.1609424842e-01 3.9545354829e-02 4.0433535359e-02 8.0895500456e-02
7.4372294570e-03 5.3231815594e-03 4.4049770092e-02 6.5056139370e-02 5.2994394494e-02 -7.0710197187e-02 -1.5866871970e-03 9.4378907323e-02 1.4103388250e-02 -2.0226502331e-02 1.7537460290e-02 8.6933803173e-02 8.0777162882e-02 -1.9095033550e-02 -8.9171742399e-02 2.4873523793e-02 -4.1441147584e-03 -1.5821250243e-01
-5.4784353667e-02 2.0587866579e-01 4.2690856212e-02 5.4659981789e-02 -1.9093185847e-01 6.9450299775e-02 -5.2509061847e-01 1.8527031619e-02 8.8718644402e-02 1.4510299513e-01 -7.3175146646e-02 3.9396862846e-02 -3.2804905423e-02 1.7584839871e-01 -4.6818534455e-03 -4.7629503586e-01 4.5870151774e-02 -2.0770016938e-01
6.0602904192e-02 3.8717081018e-02 1.0528345686e-02 1.9805916617e-02 -1.9328195810e-02 -1.5963562075e-03 7.4639596183e-02 -5.0681482789e-02 1.1497640697e-02 3.4481749755e-02 5.4644208194e-02 1.2012465914e-01 -2.4790150882e-02 1.7513534123e-01 -7.2260478179e-02 -5.1870070256e-02 9.7267577566e-02 8.6096121933e-02
-1.7469874873e-01 -3.7719111233e-02 -1.4472146810e-01 2.4716393889e-02 2.8986754296e-02 -4.2728595985e-02 -1.9542610863e-01 2.4971980260e-02 -1.5130174099e-02 -4.5368661529e-02 -9.6314130905e-02 -8.8335315338e-02 3.5117719712e-02 2.1141873943e-01 1.4015374255e-01 -2.8603823937e-01 -5.7873513426e-02 -6.9192691836e-02
6.2858762648e-02 -1.1712069258e-01 -1.0733697442e-01 -2.0738544974e-01 2.0359623302e-01 -4.8268315993e-04 2.2124701237e-01 5.8836814743e-03 1.1270949593e-01 -5.4572012648e-02 8.4117642148e-02 8.5456185748e-02 6.4023396758e-02 5.1914948273e-02 1.4069301450e-01 2.0995596650e-01 -1.2993963283e-01 1.9647843621e-01
-9.9917529533e-02 4.1039721481e-02 6.1766976049e-02 3.9759486099e-02 7.4481408050e-02 -2.4811067731e-02 8.7484577286e-02 5.2542623204e-03 -1.2813169654e-01 5.6923529427e-02 -3.1379644212e-02 1.6079155489e-01 -9.1689875654e-02 3.2377962017e-02 2.2606368988e-02 9.2130663072e-02 7.5435795133e-02 7.0291460177e-02
-1.2272344778e-01 4.5938801466e-02 -1.2409608714e-01 -1.3870246490e-02 -1.0478210105e-02 -1.2856728300e-01 -5.9851795686e-02 -6.3269038703e-02 -7.0098778642e-02 6.6154175896e-03 5.3604166999e-02 -2.5440951823e-02 3.8109006577e-02 2.2890193086e-02 5.1879013652e-02 -1.8258745103e-02 5.6961755810e-02 -5.3465235894e-03
1.5379332843e-01 9.4195617402e-02 2.6553099091e-01 6.4744881410e-02 -1.1700736953e-02 -4.4375061253e-02 1.7673950812e-01 -3.0105298528e-02 -1.7250250957e-01 3.7847918373e-02 -4.6248740572e-03 3.4009420203e-01 -4.6017245780e-02 -3.3841003962e-01 -5.6801750096e-03 3.8953661599e-02 5.7649848551e-02 1.2035596062e-01
2.8349704160e-01 -1.3934009079e-01 -1.7079492366e-01 -2.9739281568e-01 3.1264970045e-01 -2.9803084782e-02 1.4246604554e-01 1.3445067183e-01 -3.4416266404e-02 -2.3587386735e-01 1.6369676893e-03 1.5500744692e-01 8.5013590361e-02 3.0383850717e-02 2.9582148915e-01 2.6156028176e-01 -2.9526597234e-01 1.5724621228e-01
1.1342160200e-01 7.9187188252e-02 2.0488646268e-01 1.2878204171e-01 4.2803350251e-03 -1.1692819628e-01 7.7580178428e-02 1.9221571603e-02 -4.0264877978e-02 1.3912382290e-01 1.4841391635e-02 2.6014097265e-01 -7.9813809744e-02 -3.0142228816e-02 -9.3907126090e-02 -4.5006069243e-03 6.3371916489e-02 3.1419493161e-02
2.3263750086e-02 3.7253682029e-02 4.3234527093e-02 6.0169901374e-02 5.2601404144e-02 -6.7838435001e-02 1.7680194375e-02 -1.1389459737e-01 -1.3379358034e-01 -1.5425628328e-02 -1.4409115950e-01 -3.9259563528e-02 -8.0140567906e-02 3.3846758028e-02 -7.8844234076e-05 1.2965446318e-02 4.2627871555e-02 -2.9957721661e-02
-2.6040152774e-02 7.8431696205e-02 -5.4142633225e-02 -9.6318252377e-03 -4.7698429611e-03 -5.2681334128e-02 -4.4104882986e-02 6.2404464040e-02 -3.1797733884e-02 5.1005496249e-04 -8.7701585996e-02 -1.3035781646e-01 -1.1145431091e-02 4.3121790057e-02 1.3509048986e-01 -5.5404220459e-02 -3.2760104799e-02 3.0962625875e-02
