1.3693955514e-01 1.6412827930e-01 -2.1848899019e-02 2.1032490705e-02 2.5843772759e-01 -3.6736324210e-02 -1.5826264679e-02 3.2908257424e-01 -1.1191243315e-01 1.7792594336e-02 1.3419426906e-01 1.1055028268e-01 2.4893559080e-02 4.6695759414e-02 -2.5148882239e-02 -9.0771991446e-02 2.8208883983e-02 -6.3780067105e-03 1.3331908412e-01
-7.7334092703e-02 -2.4663892239e-01 8.3405341497e-03 -2.4542352944e-01 4.4751505733e-01 -1.2456600393e-01 -2.2234582285e-01 1.3635101053e-01 -2.4459645902e-02 -1.5059718209e-01 -4.8919668917e-01 -4.3971503292e-02 -2.6555413119e-02 -5.1963451692e-02 4.2478850364e-02 -4.1483089205e-02 3.1464131184e-02 5.9791471060e-01 -7.3136625953e-01
7.0043240001e-02 1.1824277311e-01 -7.8892195990e-03 -1.1165297799e-01 2.5819324764e-02 -1.1574124156e-01 -2.2266152315e-01 6.2105554803e-02 -1.6936714200e-01 -2.4384251907e-02 1.5780295830e-01 1.3655603211e-02 1.2524368594e-01 -8.3999393705e-02 -2.2974310809e-01 -1.3640076459e-01 -1.6239647439e-01 -2.1370138509e-01 -1.3049105262e-02
-5.0256336885e-02 -9.6718257966e-03 5.1891690296e-02 -1.9219807363e-02 2.5409544646e-02 8.0263000971e-02 -8.1234497726e-02 -3.1419746819e-03 7.4063917140e-02 -5.5949054297e-02 4.1488822283e-02 -1.0494717806e-01 3.2513298767e-02 -6.2265831835e-02 -3.7228179312e-03 -4.9621798049e-02 -1.4833052464e-02 1.3100963882e-01 4.4177778434e-05
9.4849361434e-03 1.3727299979e-01 1.2365407927e-01 8.2229062216e-02 1.3822815598e-01 -9.8846487469e-02 -2.2662359847e-01 2.3639712012e-01 -6.7239148323e-02 3.7319982654e-02 1.8948819771e-01 6.8549004329e-02 2.1913609087e-02 -7.5838362207e-02 -2.3556197434e-01 -1.7940835091e-01 -1.9412620820e-01 1.5075108618e-01 1.1659434131e-01
1.0591838480e-01 -1.1945498203e-01 1.0540052879e-01 -1.6674646926e-01 1.1710797649e-01 7.4398604573e-02 -1.2031563516e-01 1.2952815610e-01 3.1556615335e-02 -3.3895580591e-02 -6.2071288773e-02 5.0956595953e-02 3.1445991041e-02 7.9403243901e-02 -9.4604261836e-02 -6.3789158829e-02 -1.1505736970e-01 7.4477220141e-02 -1.9807873957e-01
-1.1717700583e-01 -6.5519256184e-02 -6.6546086162e-02 -5.0324504627e-01 1.6885916253e-01 3.6197524338e-02 1.2827784956e-02 1.4325773887e-01 -1.3955292923e-02 -3.5578304061e-02 6.4074698776e-03 -3.4739203296e-02 4.9533832722e-02 1.8540369268e-01 4.3150282250e-02 2.7666543419e-02 9.8677288318e-02 9.9943594031e-02 -3.1666434846e-01
2.7683747265e-02 1.1740939316e-01 1.9974765655e-01 1.2967549398e-01 1.1197908616e-01 9.4828411504e-02 -1.1121526419e-01 2.6702259120e-01 -3.1488285161e-02 6.0872584221e-02 2.5312945917e-02 7.7859884960e-02 5.8023904918e-02 1.1820060306e-01 3.2222752971e-02 -1.2992034842e-02 6.4444106500e-02 3.2681852051e-02 -8.5865497325e-02
2.3138838928e-02 -2.5867849238e-02 -1.8455638803e-01 -3.0885195303e-01 -9.5578598384e-02 9.4153985185e-02 1.2213601328e-01 1.0312563082e-01 -1.0489382172e-02 -4.6252179100e-02 -7.5138360258e-02 6.6396024867e-02 2.8910827202e-02 -2.3931937427e-01 4.4991394912e-02 -2.5840126625e-02 -4.1313859842e-02 -7.3769686046e-03 -3.9466981760e-01
1.6697794108e-01 -3.9345191817e-02 -3.5879728093e-02 -1.9586965363e-01 3.4165259248e-01 1.2825404243e-01 -1.2505855498e-01 -5.6665261321e-02 4.4959003470e-02 -8.5005175338e-05 -2.5358013853e-02 1.9277602323e-02 -3.5793717625e-02 7.0014889380e-02 1.3203487711e-01 4.1243881424e-02 5.1862417055e-02 1.2530579030e-01 -1.1127037783e-01
-4.1898394688e-02 4.7291276315e-02 1.3869470192e-02 2.6835348036e-02 2.7629195555e-02 3.1472017527e-02 4.1874366861e-02 1.4490291029e-02 -2.8241616921e-02 -1.0496243848e-01 -2.5508840067e-02 6.8995929139e-02 -9.2576802563e-02 3.5627183163e-02 8.8739503296e-02 4.8997926202e-02 -3.9762332425e-03 -5.3355088706e-02 -2.9510143474e-02
1.4445627318e-01 -5.5972981505e-02 2.2783681246e-02 1.4798591560e-01 2.0572967951e-01 7.5021540294e-02 -1.9856073771e-01 1.0193328603e-02 5.6657343341e-02 5.3435808197e-02 6.2446844966e-02 -2.3351610391e-02 3.5600587121e-02 6.3516167506e-02 5.9047473541e-02 1.0936497540e-01 2.2447811732e-02 4.4296942915e-02 7.1413914252e-02
1.7668982966e-02 -1.4598843454e-01 3.0802551385e-02 1.1274214427e-02 1.7192213659e-01 1.0537436633e-01 6.6269568687e-02 4.0037766748e-02 1.0535101132e-01 9.8494507512e-03 -1.3389655228e-01 1.3093917737e-02 -2.1445479543e-02 5.4179150853e-02 1.6737217479e-01 7.5860972233e-02 7.1126224784e-02 9.9588582649e-02 -3.9844209174e-02
1.1396243115e-01 4.6758825310e-02 1.8013473872e-01 2.2317907610e-01 1.6796668932e-01 -3.0131518888e-01 -1.8819784909e-01 -4.1878303819e-02 -2.7214049681e-01 -1.0668139742e-01 2.1572724656e-01 3.0398117256e-02 2.3802140565e-01 9.4267396181e-02 -2.0066114856e-01 -2.0485110658e-01 -1.4927490170e-01 3.8525402234e-02 1.6764945511e-01
-1.5248611961e-01 1.7637097733e-01 1.3199591998e-01 1.4878248044e-01 2.6642028847e-02 -1.0910812882e-01 2.1761055843e-02 1.8387093618e-01 -2.7554898182e-02 -4.4643367713e-02 8.4209535170e-02 3.4709698427e-02 6.4904676274e-04 -3.6280399299e-02 7.3154263048e-03 -6.3500143220e-02 8.0586566023e-02 -1.1937406177e-01 -7.2531912004e-03
-7.0106578700e-02 -1.5059815292e-01 -6.5867311800e-02 -2.1391337232e-01 1.3921140583e-01 1.1715823870e-01 1.6196243598e-01 -1.3367668191e-01 1.1097906448e-01 6.0817516734e-02 -2.2205154427e-01 -3.2987196417e-02 -1.0210388886e-01 2.7662227679e-01 1.7540745742e-01 1.1928740180e-01 1.1497705197e-01 1.9402945384e-01 -4.2064358177e-01
6.7247716597e-02 8.4201969633e-02 5.1404621296e-02 1.6802867495e-01 3.7384806927e-01 -6.3968922137e-02 -1.2892347514e-01 3.3656392573e-01 -1.4958117864e-01 6.9892541525e-03 1.1935174170e-01 1.4921588665e-02 7.1105022903e-02 2.4640200216e-01 -2.3238141530e-01 -1.7012312923e-01 -8.9272122819e-02 2.7359354360e-02 2.1263260332e-01
-1.3159882512e-01 6.3705398935e-02 3.3843039952e-02 -2.2200279304e-01 1.5745502168e-01 4.3190476094e-02 6.0229992421e-03 1.0050106787e-01 -1.2498364702e-02 4.5980699955e-02 -3.9621211620e-02 -1.8707489664e-02 -1.3863188017e-01 1.3097246201e-01 1.2320514012e-01 -8.0905293501e-03 1.2390131106e-01 4.4785598697e-03 -4.4974654455e-02
-8.6285291089e-02 -6.2484890225e-02 1.5848958783e-01 -7.8577193285e-02 1.3045136808e-01 2.9329957398e-01 1.2320658178e-01 -3.7500084694e-02 2.9448086736e-01 -2.0521596412e-02 -1.3663484413e-01 6.4842327529e-03 -3.4420634961e-01 9.1979015172e-05 3.0099656485e-01 1.6357039781e-01 2.7993587599e-01 9.3972780711e-02 -1.0629511598e-01
