-5.2355554646e-03 -3.2512273509e-02 3.6245599614e-02 -9.1751675245e-02 -6.3846827123e-02 -9.9206362597e-03 4.8275254172e-02 3.4802859745e-03 -2.6552771125e-02 1.1120312385e-01 -9.6875269635e-02 3.8975187188e-02 -2.9039146519e-03 -1.5748782364e-01 -2.0703582072e-02 -7.5096231123e-02 2.6313582400e-02 -8.0507573032e-02
-5.2418494996e-02 2.4379487249e-01 -2.9033037434e-02 1.3014113008e-01 1.4203967166e-01 4.1436189609e-02 -5.0039754862e-02 8.1894764867e-02 1.3003485619e-01 1.1257115089e-01 -1.4734006964e-02 -3.2414546225e-02 3.5131828767e-02 4.3908422112e-02 1.5093325092e-02 1.3386550725e-01 -4.2909098768e-02 4.3712392115e-02
-2.3694331378e-01 2.7190053327e-02 -3.8802666010e-02 1.1702503917e-01 -2.7453139838e-03 2.2031766636e-01 1.2654677443e-01 1.0207279626e-01 -7.0530819198e-02 1.6151069847e-01 1.2046769062e-02 -1.2433658866e-01 4.1544135418e-02 2.2549682065e-01 1.7893979390e-02 -3.6786865842e-02 -2.4821033361e-02 -1.9724559507e-01
7.1588131217e-02 -2.3312282099e-02 -4.9922789077e-02 -1.0392873741e-02 -2.2076507012e-02 -5.8532830193e-02 3.9627483596e-03 -4.5540816180e-02 -8.4018614426e-03 -3.8569333853e-02 2.2239505207e-02 -1.1531861649e-01 -1.9550178544e-02 5.1235738623e-02 -4.5263736334e-02 4.7252671738e-02 5.5945771169e-02 4.4155010549e-02
4.6537067886e-02 1.9053845376e-01 -7.8566706063e-02 2.0077523901e-02 1.2374480314e-02 6.3286786613e-02 -2.0219360273e-02 2.3594732665e-01 2.6051832853e-01 8.1911901373e-02 5.3458129092e-02 6.1840631873e-02 1.7120426242e-01 6.0526846339e-02 4.9106594787e-02 2.1081538783e-01 -3.1918119543e-02 7.6823817572e-02
7.8703544294e-02 1.4418333696e-01 -7.4957380711e-02 1.0467461115e-01 -1.1639202945e-01 7.8448220050e-02 -3.0499683866e-02 1.2263515034e-01 1.6547988317e-01 2.2856053660e-01 -2.6601873405e-02 4.8762554681e-02 6.3786306250e-02 9.8697541308e-02 4.1842035038e-02 4.9033814271e-02 -2.5706668907e-02 4.7546186072e-02
-3.0467423061e-01 -4.7023264695e-02 -1.0449215934e-01 2.3405211955e-01 4.7237406658e-02 2.0633961239e-01 -4.8859771546e-02 1.8610783390e-01 1.5761751528e-02 1.7283127170e-01 5.2334941887e-02 -1.4863615981e-01 2.6106232302e-01 6.8369944238e-02 -6.5034999848e-03 -9.3646982987e-02 -1.4361991086e-02 -1.6761942690e-01
-5.5589669091e-02 7.2486350023e-02 5.6375637773e-02 -3.7258110083e-02 1.4706294688e-01 -1.6253360012e-02 -1.8621666957e-02 5.4057672458e-03 -3.8366086878e-02 -2.6566711447e-02 2.1327590640e-02 -3.8650690213e-02 6.5522858984e-02 1.6299828087e-02 8.7222515852e-03 1.5168813135e-02 1.7113826181e-01 4.8592198838e-02
-1.0403232571e-01 1.4234376581e-01 -9.8261542821e-03 1.4455859322e-01 -1.2410513093e-02 1.2629997835e-01 -4.3596508830e-02 1.9188332467e-01 6.0207372336e-03 1.7137431454e-01 -9.9629779168e-02 -1.4973935635e-03 1.2293523688e-01 1.5055030669e-01 6.9083062659e-02 1.9752329387e-01 -2.8013337865e-03 -9.0057941925e-02
1.0123961913e-01 5.6436154521e-02 6.7191165595e-02 -4.0715591026e-02 3.4256051580e-02 2.9711984646e-02 -3.5343733972e-02 -2.9447834578e-02 1.2485564975e-01 -2.2434726470e-02 6.7004172593e-02 4.1671727379e-03 -3.8051308970e-02 -9.3203800335e-02 -1.0867646346e-02 -8.7688869423e-02 -2.1067782164e-02 -1.6378328666e-01
-1.7128989873e-02 9.6335638866e-02 5.2906094364e-02 7.5803527273e-02 -2.9499327304e-02 1.3391870837e-01 -4.9143705761e-03 1.1892168150e-01 5.5957414165e-02 1.4911526455e-01 -1.8611742365e-01 -5.7291426457e-02 1.3051800475e-01 1.2625115048e-01 -9.3935323424e-02 7.3792255877e-02 5.3594516407e-02 9.4820311587e-02
2.5743498639e-02 2.3882797985e-01 -3.1145917428e-02 1.2406663978e-01 -5.4617194444e-02 -4.2830601213e-02 -3.7864242293e-02 4.9910961644e-02 4.8350229486e-02 1.1927239028e-01 -1.3599932785e-02 1.0145812176e-01 8.6780955983e-02 7.2753035152e-02 -4.4445199820e-02 1.3398038588e-01 -6.8927102715e-02 5.8210636186e-02
1.0096539268e-01 3.7678092554e-02 5.4824302504e-02 -9.2871868299e-02 4.1588494924e-02 -3.6459500459e-02 -5.0827071106e-02 -1.1826067173e-01 6.6461061385e-02 6.8740134014e-02 1.8299278718e-01 -4.2868484927e-02 -1.6884702248e-02 -6.2266161712e-02 5.2275358319e-02 4.4752012636e-03 -9.7063979104e-02 3.2506244524e-02
2.7636408654e-01 1.7486357151e-01 -2.2854739970e-02 -2.4614170704e-01 2.3619060063e-02 -2.7178914233e-01 -1.0485165214e-01 -1.8996490805e-01 1.6184785557e-01 -1.8488234830e-01 -3.4838559724e-02 3.3163663014e-01 -3.6973419888e-01 -1.5277418374e-01 -6.1182197574e-02 1.4917441932e-01 6.7317124120e-02 1.8665986890e-01
3.2284899095e-01 8.0995619750e-02 -1.9863596109e-02 -2.3834231089e-01 -2.2331730156e-02 -2.5934464005e-01 -2.1529181700e-02 -1.8381859846e-01 1.7633476068e-01 -1.9007180827e-01 8.1176606853e-02 2.8551907120e-01 -1.8527347295e-01 -1.8614042754e-01 3.3962536199e-03 2.5414409101e-01 -3.0481873019e-03 1.9211760594e-01
1.6257987846e-02 1.8845283130e-02 -5.6775108420e-02 -7.2147319169e-02 -1.4986659639e-02 -7.7563301585e-03 -2.0847154658e-02 -2.4750731633e-02 -6.8019177442e-02 -1.6880993468e-02 9.2683478034e-02 2.6352543490e-02 -1.5297462303e-02 -6.2389999653e-02 1.1188935827e-02 -3.6293270119e-02 9.8994579205e-03 -1.8373101324e-02
-3.8540077818e-02 9.9824403080e-02 4.8115941389e-02 6.7013059217e-02 4.9708433745e-02 -7.0440138906e-02 3.4911423826e-02 1.0744759818e-01 -1.1209797973e-02 -7.3351467999e-02 3.8983244406e-02 -2.8794527278e-02 5.8610568092e-03 -6.2666361134e-02 -8.7034584086e-02 9.2408974387e-02 -7.8181734091e-03 3.8170676507e-02
-1.1303425539e-01 1.6416629059e-03 2.8691056098e-03 2.0846111269e-01 8.0343398454e-02 1.0410272540e-01 -1.5817683317e-02 1.1412146570e-01 -1.1755820107e-01 1.0800875821e-01 2.6419912870e-02 -2.1317446690e-01 1.9830858527e-01 3.7698670225e-02 2.8411067603e-02 -1.9170695735e-02 -9.0016724790e-02 -1.1518887813e-01
