3.4819202247e-02 2.4105461930e-01 2.3012276603e-01 -4.1822112811e-03 9.8179300731e-02 4.9630991755e-04 -2.1770321842e-01 4.7208540518e-02 -1.2890979600e-01 2.0317067977e-01 3.2614517491e-02 -1.5747328437e-01 -9.0444157317e-03 -3.8796486575e-02 -2.4804439374e-01 -1.0395683661e-01 2.0262739655e-01 -1.2619648736e-02 -1.3945381351e-02
-9.5915464796e-02 1.4525887168e-01 2.0114901405e-01 -1.1736491560e-01 2.4996287592e-01 3.6059021810e-02 -1.5986279162e-01 -8.5165836133e-02 -1.0926522070e-01 1.7690772096e-01 1.4685090468e-01 -2.1664335057e-01 1.0427384367e-01 -2.1960444074e-02 -3.8650806427e-02 2.0427688049e-01 2.5585677557e-01 1.6966378602e-02 -2.2126500250e-02
-9.7019570526e-03 1.2892446002e-01 1.4175915373e-01 -8.6000944328e-02 3.0919177410e-01 -5.6331493142e-02 7.5260896118e-02 9.4597237898e-02 4.1701684246e-02 1.6869259698e-01 5.4653416168e-02 6.2046698354e-02 9.3854934564e-02 3.3193961577e-02 2.4366549940e-01 6.7530802769e-02 5.4024406783e-02 -5.8976888837e-02 4.9963659490e-03
-6.7512163008e-02 1.6034861830e-01 1.1216595989e-01 -5.0535163348e-02 1.1190953622e-01 -3.3325244413e-02 -1.6602290700e-02 1.1416940907e-01 1.1786547931e-03 -1.2911258003e-02 1.2603520043e-01 1.6157262497e-01 -2.5455286849e-02 -7.5127157411e-02 1.5530031425e-01 1.0738114631e-01 7.5214167029e-02 4.1836042170e-02 -9.1062623391e-02
5.2135184874e-02 -1.4209253053e-01 2.4660724470e-01 8.2446044478e-02 1.5812703500e-01 -5.0269715592e-02 1.6477429562e-01 1.8684905820e-01 8.0934454565e-02 -1.3694537526e-01 2.4516856048e-01 1.5821996514e-01 -8.5581375352e-02 5.8690900245e-02 2.4380288841e-01 2.2217148206e-01 -3.6350691185e-03 -1.6810900196e-01 -3.5137869516e-02
-1.7974844760e-03 -1.5676004923e-01 -6.0859306909e-02 4.3602511936e-02 1.4988766572e-01 1.9897286534e-02 1.0412306330e-01 4.8434716535e-02 1.1550438301e-01 -1.0612221032e-01 1.3154353370e-01 1.8368910667e-01 -1.5615524098e-01 1.0773957405e-01 6.9026874978e-02 1.7515570931e-01 1.8628267453e-02 -3.2006836415e-02 -4.1017145660e-02
-7.5168826778e-02 -6.2845532049e-02 2.5496351622e-01 1.1981276597e-01 1.5524964267e-01 -9.3365532801e-02 1.9302446983e-01 3.0509291552e-01 1.0979976949e-01 -1.1435657754e-01 3.1841507833e-01 2.1043127088e-01 4.7152553909e-02 1.6512478404e-02 2.2100273191e-01 1.7700294967e-01 -6.9510816439e-02 -2.7236015421e-02 -6.8890114532e-02
5.2233535193e-02 -1.0453914504e-01 2.1275817787e-01 -4.0549767032e-02 1.3424385907e-01 4.1351731601e-02 1.5001117916e-01 1.2604708971e-01 -4.0417223141e-02 -2.7570079997e-02 9.9700483445e-02 1.4833532739e-01 4.3347966215e-02 -1.4358005519e-01 3.9587696150e-02 7.4134775620e-02 -1.1678059046e-02 2.5031819907e-04 -2.6749713117e-02
-4.4115852841e-02 1.8261389623e-01 2.2601708230e-01 -3.2356726302e-02 1.7725612458e-01 -8.6000913176e-02 -1.9148865622e-01 -7.6448182564e-02 -1.3072763350e-01 1.6722693613e-01 9.7638381283e-03 -4.5590817554e-02 -9.5607741606e-02 -2.9843044337e-02 -1.0413740449e-02 -9.5396478400e-03 1.9835975083e-01 3.7695734728e-02 7.5528749541e-02
-1.2061200174e-02 2.1608514733e-01 2.6850105227e-01 -5.8188748364e-02 2.5177167682e-01 4.6343326289e-03 -1.4241149984e-01 -1.3151558833e-01 -1.3045623385e-01 1.4110751412e-01 3.8569763959e-02 -1.8598886123e-01 4.5386224435e-02 -8.9863835381e-02 -7.8016729889e-03 1.1065391580e-01 2.5784594560e-01 3.5562188099e-03 -5.8567543561e-02
-8.0088033562e-02 -3.8528116081e-02 4.0882272791e-02 6.8977907600e-02 9.4977992590e-02 5.5638582278e-02 1.6809728565e-01 1.0427720835e-01 4.4664731600e-02 -1.1562275130e-01 5.9992108481e-02 1.8017327306e-01 -2.7650726099e-02 -9.8179565744e-02 1.5317521886e-01 1.2462892285e-01 -1.1068835742e-01 -6.0218062498e-02 9.8874682235e-02
-1.5556741063e-02 6.3352022361e-02 2.6715345412e-02 3.3865337721e-02 9.0955282848e-02 5.1206609260e-02 -3.6742630960e-02 5.6696628819e-02 1.5418349758e-01 4.0519550188e-03 -6.3062418331e-04 4.1217560705e-02 -8.1765731928e-02 -8.4152400663e-03 9.5950984169e-03 1.5377607409e-01 -8.8932044252e-02 -2.9980788932e-02 3.3424588820e-02
-4.2921907057e-02 6.1990140124e-03 1.7379781514e-01 -1.0637583961e-01 1.3678334559e-01 -9.4305941823e-02 1.0576084276e-01 1.8118222190e-01 -1.8643900942e-02 4.7832836604e-02 2.6328072044e-01 5.7478216601e-02 -4.0935766487e-02 -9.9911305666e-02 2.1635228716e-01 6.6985503369e-02 1.4315063649e-01 -2.9276014603e-02 -1.8636772926e-03
3.7796658781e-02 -1.5390046694e-01 1.0047490945e-01 7.0560159251e-02 1.7858270158e-01 -1.2785742444e-01 2.4352987931e-01 8.5189864232e-02 -6.9572432646e-03 -1.5281894870e-01 1.5825899995e-01 2.1980899695e-01 -2.4459227192e-02 -7.0526481485e-02 1.6475254657e-01 1.2315580466e-01 -1.2483728831e-01 1.1530794641e-01 3.9423290121e-02
-7.2551346782e-02 1.9962097117e-01 2.3607240487e-01 -7.3161897199e-02 2.3483256173e-01 7.9112982808e-02 2.3307150154e-02 1.4328945635e-02 4.2026177683e-02 2.7957263050e-01 1.4373769800e-01 1.4011183667e-02 -9.7743940291e-02 -4.2972376259e-02 2.5204981025e-02 1.6484814962e-01 2.2814567739e-01 -1.3521832308e-01 -6.2931163964e-02
-1.2474557638e-03 -4.1314683796e-02 -3.5210061593e-02 9.8150998144e-02 -2.6956409292e-02 8.7396605879e-02 -4.0394553954e-02 -3.6034472333e-02 5.3082932303e-02 -4.5530974535e-02 -9.2403660913e-02 7.4300744574e-02 -4.9619053992e-02 1.4459823460e-02 3.7934060813e-02 9.4185162832e-03 -1.9660855552e-03 1.0262390597e-01 -2.5046839582e-02
1.6356102399e-02 5.9991400513e-02 2.3604953076e-01 -4.0725354420e-02 1.9780322359e-01 -5.3747551906e-02 1.7969706657e-01 1.5219801511e-01 7.8902257112e-02 3.5497307634e-02 9.4566892752e-02 1.2342093694e-01 -4.9792961092e-02 5.1785183533e-02 1.3136864187e-01 8.1015227198e-02 9.5160149533e-02 -6.2729789904e-02 3.0517429996e-04
1.0600349171e-02 -7.7452361363e-02 8.4477939605e-03 -5.0567115033e-02 -6.5637213671e-02 -4.6953444129e-02 1.0235286590e-02 5.5657448996e-02 9.3390821888e-02 -7.3383720446e-02 1.1762957535e-01 -7.6122294169e-02 -3.1071165053e-02 6.0376522780e-02 2.9206963480e-02 -5.7199765741e-02 -1.2537401383e-01 -8.2623348219e-02 -4.1794009943e-02
-2.8832560521e-02 2.5312942789e-02 8.2531856231e-02 2.5346671586e-02 -1.1562870853e-01 1.1672701916e-01 1.1138388036e-01 1.8332063761e-02 -3.4188109553e-03 -8.1495235189e-02 -5.8636634484e-02 -6.0427206288e-03 -3.5240081507e-02 -5.3177527001e-02 2.1144158345e-02 -7.9704758699e-02 -4.7304746838e-03 -3.7230523362e-02 1.8850859730e-02
