8.0175725767e-03 1.9668560392e-02 6.5494225167e-02 1.6882571062e-01 2.4852285561e-01 2.2689807413e-01 -1.2898000205e-01 -3.1343625944e-02 1.1242994413e-01 1.0235497260e-01 6.5660702551e-02 -2.7816478783e-02 1.8538766679e-01 8.8442111702e-03 5.2304868878e-02 -1.3150714405e-01 1.1499290428e-01 9.5296045097e-02
2.7457006048e-02 -8.3070833628e-02 -2.6392895799e-01 3.0819129066e-02 -8.5179039021e-02 -6.2147309833e-02 -2.0626142039e-02 5.5849168484e-02 1.2119236298e-01 1.2462818309e-01 8.2793180165e-02 -4.2277129843e-02 -6.8878961725e-02 -1.1663295855e-01 1.7940596602e-01 -3.7314525466e-02 9.3562431967e-02 1.4483470323e-01
-7.1916886531e-02 -7.4710404613e-02 -1.4347819475e-01 2.0351025806e-01 6.3735561740e-02 -1.9522217648e-02 4.0387923512e-02 1.1427704571e-01 2.5470176866e-01 2.1891228868e-01 1.3585697282e-01 3.2645899556e-03 1.7825866728e-01 -6.5871449735e-03 1.0371376465e-01 -6.8370488600e-03 2.1433057903e-01 1.6248718659e-01
-7.0912966360e-02 -2.2627520971e-01 -1.4409073776e-01 -2.3236583471e-01 -1.3667283539e-01 -2.4181333700e-01 -3.9325477827e-02 1.1758119904e-01 -6.5666354516e-02 -1.0048511790e-02 5.3062013452e-02 -1.1385890407e-01 -1.8305290177e-01 -2.0588069160e-01 1.8035247201e-01 4.4930454883e-02 -3.6404034482e-02 -4.5493550435e-02
1.1158093513e-01 -1.7835250007e-01 -2.2441374351e-01 1.4727506691e-01 -7.4658050419e-02 -9.0725855197e-02 -3.9680654351e-02 2.2598846946e-01 7.3985481174e-02 1.3321649747e-01 1.0827214127e-01 -8.0156324074e-02 -7.5022973476e-02 3.5480067140e-02 2.5546949394e-01 -5.9807299917e-02 1.9629536004e-01 1.7632176527e-01
-1.0419529568e-02 -8.4677490962e-02 6.3197889299e-02 6.0766208596e-02 -2.2342201529e-02 -2.7689804340e-02 -3.1512967645e-02 -5.7910564131e-02 -1.9619426016e-01 -4.7986863596e-02 -5.4631784417e-02 8.9967076491e-02 5.4622300102e-02 -9.7514720887e-03 -1.2047017561e-01 -3.1873359598e-02 -1.5822174767e-02 -1.1562351132e-01
2.9882458662e-02 -1.2587075561e-01 -1.4713622244e-01 3.8874406986e-02 -1.2292206197e-01 -5.0969388102e-02 -1.4169211237e-02 8.3406249778e-02 9.5331348794e-02 1.5515488485e-02 5.8177670576e-02 -8.2987693015e-02 6.8431135588e-02 -1.5568998214e-01 9.0826723847e-02 1.8742039975e-03 1.4230400372e-01 6.3426483556e-02
8.4286237787e-02 2.5557497016e-01 3.7496966854e-01 2.6619636189e-01 1.7384975693e-01 2.4758568969e-01 -3.6952991041e-02 -1.1287869383e-01 -1.4233359087e-01 -1.1288584813e-01 -7.0925628841e-02 -8.3707909795e-02 1.7875005095e-01 1.9506552780e-01 -1.1952628783e-01 -3.3520874872e-02 -5.7901233739e-02 8.6187317285e-02
-3.5817391739e-02 7.1361479311e-02 5.3164020323e-02 1.4149950040e-01 1.8964267891e-01 -1.8203682864e-02 -4.2048015552e-02 5.7355936223e-02 8.9004801758e-02 1.7207994036e-01 2.5227067162e-01 -6.8366404646e-02 1.7096842975e-01 5.3697488140e-02 5.6807427484e-02 -6.6870453051e-02 1.2440535295e-01 2.4948938237e-01
3.2081561502e-02 2.8566716052e-01 1.9808049460e-01 2.2573055816e-01 2.5125426438e-01 2.4266472941e-01 8.9424997571e-04 -2.3401577006e-01 -2.2368825265e-01 -5.3558876746e-02 -5.4005245775e-02 -9.4145628334e-02 2.0042472814e-01 2.1899218352e-01 -2.0348127774e-01 -1.1735395329e-01 -6.5736864737e-04 9.1449937646e-02
-2.5282879708e-03 -1.5770501459e-02 -2.8354042548e-02 -4.3746783589e-02 7.0281099040e-02 -4.1845501913e-02 5.4693885783e-02 -1.8641194213e-02 -1.0178880087e-01 1.0252753553e-02 5.9084409305e-02 6.2570033135e-02 3.2688747170e-02 -9.5729617751e-03 -4.6487811552e-02 -3.5314778535e-02 -1.4455669873e-03 9.5613860399e-02
-1.4375563323e-02 6.9239355484e-02 -3.2102084979e-03 3.5167976429e-02 3.6997630911e-02 -7.5166831385e-02 -2.1098504230e-02 4.8855493171e-03 -1.6233025243e-02 2.5471880978e-02 -4.5625267295e-02 -7.4851730920e-02 -8.6102389101e-02 1.1241309935e-01 3.0748406492e-02 -7.8889726380e-02 -2.6613277777e-02 -5.2594280882e-02
1.8943111778e-02 -1.0955597831e-01 6.1216583180e-02 -2.3352051933e-02 7.6189961424e-02 -5.2571838259e-02 -8.6414942747e-02 -4.7823165170e-02 -1.0366906307e-01 -4.5566854618e-02 1.7284189167e-02 4.0128224136e-02 -5.4904116288e-02 5.1145450695e-02 6.4318673727e-02 -1.0101382080e-02 -6.8562601146e-02 3.7949570678e-02
-1.1116984092e-01 1.6946622000e-01 2.4968166512e-01 2.3597531471e-01 2.6361088198e-01 2.2008861578e-01 -2.2280432488e-02 -1.0547208156e-01 -2.0887259220e-01 2.9871561008e-02 -5.7053079711e-02 -1.3630113712e-03 2.1166138166e-01 1.4083607246e-01 -1.7560845673e-01 1.2934827104e-02 -5.6089178115e-02 1.0366877246e-01
9.2718431449e-02 -5.4945747271e-02 -1.0216027586e-01 -6.6561395404e-02 6.1882259340e-03 -7.7224513497e-02 1.4482587491e-01 -7.4427979253e-02 7.0998866815e-02 1.1899447398e-02 2.9256066908e-02 8.8274311852e-02 -2.4560366001e-02 -3.4948883119e-02 4.0734499307e-02 2.1940454100e-02 -5.2264056452e-02 2.7062223558e-02
7.9154672448e-05 -4.0086375618e-03 8.3385505197e-02 2.8935504944e-01 1.7308624119e-01 2.6285457375e-02 -3.3655627092e-02 7.2807470300e-02 1.1878471451e-01 9.9878444982e-02 2.5588665584e-02 -1.7830457681e-01 2.6950220222e-01 1.6458570926e-01 -3.6291638446e-03 1.0247947519e-02 2.0422687404e-01 1.3069760573e-01
-1.5236721860e-02 2.2648614112e-01 1.3512391617e-01 1.3552586146e-01 7.3179816010e-02 1.4112427363e-01 6.5756278845e-02 -2.0734558307e-01 -3.4146958253e-01 -1.3633405055e-01 -9.0998788905e-03 -9.8303345890e-02 4.7695586147e-02 1.8277118081e-01 -9.1080118276e-02 1.9499835513e-02 -2.3725727784e-02 8.1072825048e-02
1.1632475819e-02 -2.6477445544e-02 -1.9347154461e-02 1.1211621532e-01 -6.6807588143e-02 7.4987537437e-02 -2.4278293696e-02 6.4810780124e-02 -3.0487675139e-02 2.9483851048e-02 -1.2413781343e-03 -7.6876679219e-02 1.6790793031e-02 -3.4575744944e-03 -5.3870669593e-02 -1.5326753374e-01 5.9088793627e-02 -3.1639484458e-03
