8.0537220952e-02 -2.1198393738e-01 3.1817204271e-02 -2.2551009999e-01 2.2144060523e-01 -1.7380789594e-01 -1.0146216219e-01 2.1347465324e-01 -3.6178041174e-02 -3.6710913866e-01 -3.9092630004e-01 5.3242624161e-02 -2.6736989204e-01 -2.9873924000e-01 -2.8958379633e-01 2.0741688585e-02 -1.6784815497e-01 -4.0593596312e-01
-4.6745385992e-02 1.9472651906e-02 1.2725131573e-01 -2.7597996832e-01 -2.3795459301e-01 2.2608142708e-02 7.8068569894e-02 -9.6400358083e-02 -2.0112310949e-01 -3.2550864245e-01 1.0824559798e-01 1.4362312428e-01 3.0061958186e-01 2.0123670469e-01 -5.4614240441e-02 -1.3911756571e-01 -3.3350330938e-01 -1.4352185333e-01
-6.9233505318e-02 1.0566276765e-01 4.1079592062e-02 1.4157494105e-01 -3.7295191053e-02 -1.2922676322e-01 -2.9444293459e-01 2.3463135257e-01 -2.9715747686e-01 1.3262509136e-01 3.3455207166e-01 -2.2192840419e-01 -2.1809802092e-01 2.0844708445e-02 -3.5707701944e-01 1.7444649040e-01 -6.6632779676e-02 5.8398960615e-02
-1.3031786766e-01 2.4741310804e-02 8.4292177354e-02 1.1445962149e-01 -3.7489592831e-01 -2.0933859212e-01 -9.5500975108e-02 2.2433593067e-01 5.6469225004e-01 -4.1237964906e-01 2.3211346031e-01 -1.7364478389e-01 5.3144070911e-03 4.1942276340e-01 4.4135050636e-01 5.0951537225e-02 -7.1240233800e-02 -1.2856388263e-01
-2.9907558148e-01 2.2636057707e-01 -1.6836219007e-01 1.6533596937e-01 2.2403431274e-01 -2.7542954744e-02 2.4174677789e-01 4.7333903120e-01 1.4876400546e-01 1.8760640651e-01 -2.5099892856e-01 -1.4606785188e-01 -1.5575644175e-02 -6.4717295009e-02 9.7378898388e-02 6.7315658949e-02 6.9126587620e-02 -9.0052996559e-02
3.3431950729e-01 -2.1154593020e-01 4.1003861305e-01 2.7805410921e-02 1.9323587216e-01 -3.5233692351e-01 8.1469273833e-02 5.0003236498e-01 3.0200391092e-01 1.2137909915e-01 1.8943476797e-01 3.4526321918e-01 3.8215792613e-01 3.6475614382e-01 6.3742201703e-02 1.5157499533e-01 3.4696597388e-01 6.5343720165e-02
1.1395597427e-01 -1.1061075689e-01 -2.6149921141e-01 2.0972031940e-01 9.5362086017e-02 1.7138611673e-01 -6.3555770994e-02 3.1587661956e-01 -2.9505197961e-01 2.3645266703e-01 -6.1444907510e-01 -2.9704554321e-01 5.3220866490e-02 1.3023787933e-01 3.0649979750e-02 -2.6515404801e-01 -2.8653324285e-01 4.6343337655e-02
-1.2189583811e-01 -4.5712427638e-01 -9.0639462540e-02 -3.5487341403e-02 -2.5926367618e-01 3.8637837528e-01 5.8073537897e-02 -4.7413816043e-02 9.8733238424e-03 7.7512718960e-02 5.5172956569e-03 3.0613157228e-01 4.5935692548e-01 -6.3134185452e-02 -8.5103590494e-02 1.0006220727e-01 4.8923556916e-02 -3.5401279635e-01
-3.4747172743e-01 -3.8689109944e-01 1.4868924890e-01 1.9309713862e-01 -2.8968181362e-02 -2.4011114965e-01 -3.5680901493e-01 1.1050296107e-01 2.7219622752e-01 1.5685265515e-01 2.0454501675e-01 -1.2934083761e-01 1.7862596323e-01 -2.0004734411e-01 -3.9192078289e-01 -3.4192993454e-02 -2.6247659521e-02 1.9391942869e-01
-1.8644500746e-01 -2.0752521627e-01 -2.5280793557e-04 -1.0948139956e-01 -2.3916935163e-01 1.9071947736e-01 4.3758303491e-01 -4.8855851779e-02 -1.5706475692e-02 3.2381259329e-01 2.6162728455e-02 1.2264252443e-01 -2.0287767607e-01 1.3584595625e-01 1.6019524101e-01 1.3414499967e-01 -1.5950646333e-01 -1.0137920737e-01
3.0076110516e-01 1.6210386521e-01 1.5302786351e-02 -4.2527922557e-01 -2.8748924149e-01 -2.1078961819e-01 2.7830959785e-01 4.1495211642e-01 8.3309977718e-01 1.6481216358e-02 -7.0777888043e-01 -3.6192593869e-02 4.5494949040e-02 -3.0891267816e-01 1.9402299143e-01 7.3592473931e-01 -1.1768266257e-01 1.7311344048e-01
-7.0265571211e-02 -7.0976344185e-02 9.6905894094e-02 -4.6530045890e-01 1.5632942214e-01 -1.1010268478e-01 -1.2633460284e-01 -1.2239564716e-01 -2.6136699125e-01 6.2028589624e-03 3.9145243503e-02 2.8323188831e-01 -4.7869660842e-01 5.0756286179e-01 -2.2896621683e-01 -4.3297907328e-02 6.6026214411e-01 -1.0054211890e-01
7.3179714993e-02 1.3219114999e-01 -4.9949535888e-01 1.8638209844e-01 2.5089713686e-02 2.1821782314e-01 2.7071282757e-01 1.7612185347e-01 6.3451821443e-01 -3.2046531255e-01 -3.1330242627e-01 1.3900128550e-01 5.5327102818e-01 2.9766998080e-01 -1.5904167335e-02 -1.3452104126e-01 3.9209533479e-01 1.7486189214e-01
-2.6249073097e-01 1.3850828219e-01 -6.2324594348e-01 -3.3461962930e-02 2.0064239925e-01 1.9108717218e-01 -4.9787836929e-01 2.6571482765e-01 1.8298324829e-01 -4.8907990427e-03 9.2849667939e-02 -1.9567901989e-01 -7.7407654231e-02 7.4186403092e-02 -4.9789365460e-01 9.6612552833e-02 -2.0533157229e-02 3.5625984352e-01
-1.0503714427e-01 2.2358957415e-01 -2.4768474832e-01 2.1374446801e-01 -9.0931388354e-02 -6.8845573645e-02 -2.8843490392e-01 -2.0680054355e-01 1.9940658870e-01 -2.1344721747e-01 9.8307905519e-02 6.6583245071e-02 2.2608037655e-01 5.5457520759e-03 5.3307203483e-01 3.6747955259e-01 9.1213147704e-02 -2.9622371988e-01
-4.9928723333e-01 -8.3150028169e-01 3.4856298112e-01 -2.2812979330e-01 5.3750954018e-01 -6.2354975597e-01 1.7895306433e-01 -3.4770466657e-02 5.6726306843e-04 4.1782942638e-01 5.6860498477e-01 5.4984526855e-01 3.4004541209e-01 7.1729405063e-03 -4.0561629250e-02 1.9936062410e-01 -8.3253565504e-03 -8.8809418206e-02
3.9022579297e-02 -2.5575806258e-01 3.3121159434e-01 3.2038129302e-01 3.2598517728e-01 1.2959076485e-01 -4.7994488143e-01 7.3469400086e-01 -2.6335085231e-01 7.6498972420e-01 4.8269349250e-01 2.2141359696e-01 -2.4948949632e-01 9.7398531831e-02 6.0612448732e-02 -4.6507172636e-02 6.6890961901e-01 2.3596189144e-01
-2.5853292189e-01 1.4280735897e-01 1.1413764787e-01 1.6842014370e-01 -8.9866356396e-02 -4.9174962074e-03 2.1019995289e-01 1.1236191274e-01 -2.2722321193e-02 -2.0060646559e-01 -9.2303987125e-02 1.0471614070e-01 4.1024657033e-01 2.5987743181e-01 2.5726579964e-01 1.8961397145e-01 -2.5983769945e-01 -4.7176211381e-01
