2.2955562833e-02 -5.0377372182e-02 1.0544584980e-01 -1.0061698663e-01 9.2345369343e-03 1.6575991746e-01 -7.0826126010e-02 -1.4851716516e-03 6.9567066068e-02 -3.3089303310e-02 6.5937367070e-02 -8.5000595028e-02 2.0079517734e-01 -2.7156009100e-02 -4.0385924968e-02 -1.9603553994e-01 2.2378591876e-01 -1.9971452842e-02 1.9261786830e-01
6.8312484266e-02 -3.9027106478e-01 1.5369177242e-01 -1.4081658250e-01 -7.9439592983e-02 5.0063562758e-02 7.6616534901e-03 -2.7777586167e-02 2.1959875144e-01 -1.0480778890e-01 2.8670774509e-01 -6.0183556417e-02 1.2284277579e-01 -1.2020371984e-01 -8.7888466812e-02 -8.0603418463e-02 1.4430221255e-01 -1.4566538438e-01 7.4838978000e-02
-7.4408758275e-03 -7.5687901085e-02 -4.3773102333e-02 -1.1086823222e-01 5.0685426776e-02 -7.4205115175e-03 6.3967335566e-03 -7.4624154435e-03 -9.8687887917e-02 5.9657233309e-02 -3.8477086247e-02 -1.4093856388e-02 1.4190645999e-02 -5.0134806050e-02 3.0110962116e-02 -5.2923150908e-02 1.0806540936e-03 1.4678061887e-02 1.1621174699e-02
4.5459905886e-02 -2.0559510218e-01 1.8878055708e-01 1.1933329975e-03 -1.9715141358e-01 1.9689296852e-01 -2.8818816478e-02 4.1829972520e-03 1.4586734006e-01 -9.3206061815e-02 2.6743225781e-01 -5.9455067985e-02 9.1099340173e-02 -7.3026041750e-03 -1.6147084785e-01 -1.3269651880e-01 9.2096268412e-02 -1.5528813213e-01 2.4218342821e-01
6.2195774074e-02 -1.0356858884e-02 6.8721875262e-02 -5.7104858048e-02 -6.0774713931e-02 3.6215988990e-02 2.7044410620e-02 3.0730197529e-03 -1.0992562258e-02 7.5256065975e-02 -4.5096936228e-02 -1.2475732111e-02 -1.0048946438e-01 -1.2751061372e-02 3.4906974553e-02 -2.3270572771e-02 -4.3749783016e-02 -1.2528459815e-03 1.8299088663e-02
-3.6874383702e-02 -9.3429015225e-02 -3.9242628366e-02 6.2565733447e-02 1.2939343582e-01 -1.8787321426e-02 6.0670619837e-02 -1.1202598192e-01 1.6834479249e-01 3.7092244318e-02 2.5931846264e-02 -2.9769331676e-02 2.0490631311e-03 3.2852441355e-02 3.8693484992e-02 -6.7056864227e-03 7.8572847529e-02 4.9377877709e-02 1.6878281734e-02
1.2147850915e-02 4.3518379073e-02 -1.9121273523e-01 1.7721141322e-02 1.8896556903e-01 -4.2571256118e-02 -1.0898489020e-02 -6.2771906724e-02 -2.4533794112e-01 2.8671418963e-01 -1.8002685928e-01 -5.8849089457e-03 -1.4593461189e-01 2.0286897293e-01 2.7105716113e-01 7.1639795729e-02 2.4200729998e-03 1.5653082031e-01 9.5039357896e-03
-3.2694331238e-02 -1.4616693396e-01 5.9320464008e-02 -6.8139028938e-02 -7.1494799484e-02 1.7210009215e-01 1.1015823391e-01 6.9977067947e-02 1.3647861605e-01 -4.8917519615e-02 1.2912084596e-01 -4.7460454946e-02 7.2277599207e-03 -4.7142606651e-02 -1.2392586916e-01 -3.2484052439e-02 1.3676294738e-01 -9.9145937732e-03 5.0547213224e-02
7.7954288570e-03 7.9340964149e-02 -8.6785305812e-02 5.0142604504e-02 7.6704759961e-02 1.5889691039e-02 -5.2808266253e-04 9.7182963335e-04 -2.1054181224e-02 1.2314178245e-02 3.2979149518e-02 4.8377430490e-02 -1.5285295220e-01 -1.0657725221e-02 5.4144957714e-02 2.0171336722e-02 -1.9167588378e-02 -3.7390968850e-02 2.2535212828e-02
2.1439482282e-02 8.3576337955e-03 1.3850043378e-02 -7.1509789459e-02 -5.6699369826e-02 -3.0271535287e-02 -4.3608606248e-03 -7.5377528947e-02 -1.1863514626e-02 -7.0015103561e-02 -1.1601267116e-01 -6.7723008256e-02 2.9428955100e-02 -7.9994392533e-02 4.9540579398e-02 -3.6670480054e-02 -8.9780853597e-02 8.7314980030e-02 -1.0415254203e-03
-5.1855651012e-02 9.1682632701e-02 1.0821285874e-02 1.5473251189e-02 2.0118508239e-01 -1.8017594568e-02 -9.1840549656e-02 8.2759866013e-02 6.7761803803e-02 9.7121673004e-03 2.5162776783e-02 -7.0075753065e-02 -1.2609106757e-02 -4.3603685778e-02 3.4967800792e-02 -7.5099931572e-03 -4.3278392283e-03 -8.6589183386e-02 1.8096518580e-02
-6.3024047414e-02 5.0147980093e-02 1.4933250446e-01 5.7349850388e-02 -7.1453884319e-02 4.6513899998e-02 2.2648910755e-02 4.5756727143e-02 1.2620832086e-01 -1.3404087090e-01 9.9234865344e-02 -5.1880992403e-02 1.1376725522e-01 4.7835249333e-02 -7.2821729723e-02 2.5645572273e-02 2.5599529998e-01 2.3141008696e-02 1.3156924746e-01
-4.1442708704e-02 -6.9293390336e-02 -4.4024367027e-02 6.4702908542e-02 8.0262627129e-02 8.9823204673e-02 -2.7418144293e-02 1.3055326350e-02 4.3419963563e-02 1.6621800920e-01 -2.1538500016e-02 -3.4414302928e-02 -1.9901444815e-03 1.8296021628e-02 1.5011876469e-01 -9.6553194703e-02 1.5874299279e-01 2.4200384801e-02 1.1343351484e-01
-2.4469103689e-02 -6.0921939430e-03 -4.9894658941e-02 -1.6435860581e-01 -3.3370727887e-02 -8.4142196542e-02 -7.6714456657e-02 -2.0274587794e-02 -1.1944786396e-02 4.9444566545e-02 3.4160954346e-02 -5.0010614199e-02 -2.1054140937e-02 7.9334923582e-02 8.0215831426e-02 -6.1555526663e-02 1.1412726779e-03 3.3358840443e-02 1.0452482742e-01
-7.5923448447e-02 -1.4564725638e+00 1.3491054540e-01 3.3942814585e-02 -1.8413502780e-01 2.2841391732e-01 -7.5972959067e-03 3.0098424958e-02 1.5172013764e-01 -7.4037422546e-02 1.9369097717e-01 -7.4808653461e-02 1.3892862054e-01 -1.1987169551e-01 5.4002187580e-02 -2.0669938723e-01 1.9471494307e-01 -9.5813414955e-02 1.8909627189e-01
-3.1967976918e-02 -6.0067350935e-01 1.9981457404e-01 -1.0381567290e-01 -1.8227547285e-01 1.7080078806e-01 -9.8442183614e-02 -1.8442375967e-02 2.0926173048e-01 1.1425465813e-02 2.2299010447e-01 -3.2867073909e-02 6.2535257793e-02 -8.1389588831e-02 -7.0074242813e-02 -1.1404507082e-01 2.0815749973e-01 -7.3382228043e-02 9.3723352332e-02
-6.2233609467e-02 -5.1846768806e-02 1.1460817948e-01 7.2916318738e-02 -1.0000645290e-01 9.1202401693e-02 -1.0081500808e-01 -4.5690898478e-02 -6.7766215950e-02 -7.5909263181e-02 -2.0340705152e-02 8.2603341262e-02 -5.7080820981e-02 1.6093003219e-03 -3.7841822396e-03 9.9013839399e-02 -4.3634410932e-02 -4.1672078829e-02 3.8066075179e-02
-7.1397820406e-02 3.5487105982e-02 -1.1369513585e-01 -7.9698594337e-02 -1.4439336104e-02 -9.8938588320e-02 1.4421455684e-02 -4.9499154247e-02 -5.8487485899e-02 4.0816139648e-02 5.7396392560e-02 -9.8361643024e-02 -4.6264300483e-02 -1.6515892224e-02 8.5444470535e-02 1.2634872912e-02 -1.9223675238e-02 -7.4030944102e-02 -1.9625980182e-01
1.0932199579e-02 1.7867335934e-03 7.2335624952e-02 -2.2649448138e-02 -1.4399865443e-02 3.9904319656e-02 -8.9095768330e-02 -6.1057395556e-02 -5.6662987991e-02 -7.5490731695e-02 -4.2191265810e-02 1.1619946668e-01 -9.7531240129e-03 2.4349675405e-02 -1.9485592453e-02 -3.1038385628e-02 -1.4059906525e-02 3.1340735352e-02 -8.1988846279e-02
