1.8863943728e-01 9.2602192806e-02 1.2186213813e-02 -1.6733170952e-01 -1.8351042652e-01 -1.3418962555e-01 2.4695488043e-01 -9.7078823135e-02 2.7214448927e-01 -2.5673700835e-01 2.3225609786e-01 2.7221025341e-02 2.9285006804e-01 4.8090754646e-02 2.9817024456e-01 3.7354371577e-01 2.0287394555e-01 7.5246286081e-02
1.3142606902e-01 -7.1915992745e-02 2.7431872571e-01 1.7483102261e-01 -2.9516231754e-01 4.5541426151e-02 2.0897628675e-01 9.8793524838e-02 1.0170721012e-01 -1.6061275886e-01 -1.8191249841e-01 -1.0779917054e-01 2.7451063319e-01 -2.1509425097e-01 -2.2953607794e-01 -5.0865663165e-01 -2.2094503701e-01 1.3224808148e-01
-2.5635745578e-01 3.9278202033e-01 -9.7462070980e-02 3.5080410807e-02 -3.3729093066e-01 5.6619996030e-02 -6.8243793785e-02 9.5276454487e-02 -4.9620575074e-03 -2.0433401835e-01 1.8150678174e-01 -4.7639161241e-02 2.6548465383e-01 -2.5953544716e-02 2.2426359099e-01 -2.0346206972e-01 -7.7604333418e-02 6.3061277210e-02
-1.4782768773e-01 1.0850895057e-02 3.4502850490e-02 5.9781065891e-02 -3.7669726495e-02 -2.8190361699e-01 -2.5297305554e-01 -3.1142012311e-01 -7.3173277200e-02 -1.6227408473e-01 1.3274859281e-01 1.3195918217e-01 8.6199070562e-02 2.8356122715e-01 3.1555237203e-01 1.6115775184e-01 -3.0355050230e-01 3.0001089139e-02
1.1946599360e-01 -2.1703604442e-01 1.0226011115e-01 -3.5621177871e-01 -5.3794751963e-01 -1.4464927770e-01 -4.1441029537e-01 7.6822389295e-02 2.4179757126e-01 6.6532520182e-01 -3.4939207004e-01 3.3969322676e-01 -1.6281808046e-01 3.3031767456e-01 -2.7982639571e-01 3.8151415686e-01 -3.4249065616e-02 2.2991785672e-01
-6.9420347938e-02 -1.1951884605e-01 -2.6657695921e-01 1.8352437175e-01 1.6652641115e-02 -1.0122871668e-01 -8.5937867131e-02 -1.4883574696e-01 -5.4658263428e-02 -3.1645772108e-02 -1.1530215156e-02 7.2530210034e-02 -1.7120238880e-01 -1.6189185280e-01 1.9828882857e-02 -2.5978221030e-01 1.0467774830e-01 -2.4597908733e-01
3.3654279887e-01 5.0967970356e-02 -2.0478641752e-01 -1.3034495809e-01 5.2423345070e-02 -6.4206933635e-02 -1.3226074746e-01 -2.4895940306e-01 3.4901781234e-01 3.6064663156e-01 -3.0430405715e-01 6.4373489110e-02 2.6374506102e-01 -2.9261750646e-02 9.1039815107e-02 -2.8672801194e-01 -2.7929969575e-02 1.4174165055e-03
2.7793966802e-01 4.8355675025e-02 9.6682593669e-02 -1.4747078798e-01 2.5327392285e-01 -5.8484542695e-02 -1.3048335636e-02 -1.7994633984e-01 8.0578227446e-02 1.8487838299e-03 -3.2263407847e-01 3.2197261199e-01 1.9050763577e-01 1.5783524671e-01 -4.6350158669e-01 4.4376514092e-01 -2.5037185859e-01 7.3063462537e-03
-9.8329179913e-02 -8.7941324242e-02 -7.8389959850e-02 -3.2700948999e-01 9.9904134651e-03 -2.8027320175e-02 -1.0702119803e-01 2.9610230939e-01 2.8793851122e-02 -1.7947579194e-01 -3.3393816038e-01 6.8902098594e-03 -5.6717489071e-02 -1.6097467891e-01 3.1543372205e-01 -2.1117337501e-02 1.2117996012e-01 -1.4218854776e-01
5.4093352871e-01 4.6558367511e-02 -1.1706980793e-01 -3.1426473299e-02 -1.2752922136e-01 4.0075035089e-01 6.6167595874e-02 1.9255003386e-02 -2.0789804317e-01 8.3025462820e-02 1.4915400014e-01 1.7362280404e-01 -2.9145914485e-01 1.0843379791e-01 -5.7212496152e-01 -1.9725166912e-02 2.7566028059e-01 4.6255084140e-01
-1.1115516593e-01 3.5701847347e-01 -4.6428543008e-02 1.6331769059e-01 -7.2872742709e-03 -1.2673635933e-01 2.4795399444e-01 8.1189760932e-02 -8.7657171851e-02 -2.0697173017e-01 3.8442994605e-01 -3.3831385669e-01 2.8570775872e-01 -3.3818917582e-01 -4.0105189363e-01 -1.1211983788e-01 2.6998518379e-01 4.4663026132e-01
-2.5136982741e-01 -5.1789890845e-01 -8.8551784756e-02 -5.6940202894e-02 -4.7298108336e-01 -2.5950185570e-01 -2.5319337953e-01 1.8024162978e-01 2.6896444822e-01 3.9882527007e-02 3.8192137881e-01 6.0974543778e-02 -9.2938941494e-03 -3.7922966545e-01 1.2211051890e-01 2.8433745710e-01 -1.1291707196e-02 -1.3507536835e-01
4.8921876110e-02 5.0035392105e-01 -3.0430819674e-02 -7.9178397059e-02 4.0878351655e-01 -2.6684856650e-01 -2.2409383541e-01 -5.3591368534e-02 -2.2721578234e-01 3.7817823346e-01 2.8042229593e-02 -5.6151933238e-01 -4.2099776141e-02 4.1998558284e-02 -5.3030507639e-01 -9.0123748879e-02 1.4423766899e-01 3.5258913256e-02
1.9639006346e-01 -3.2595281271e-03 -7.7225643799e-02 1.0083333977e-01 -2.2310229099e-03 8.7590588691e-03 -1.7631945878e-01 1.0018460410e-01 -3.2110165326e-01 3.7235318010e-02 7.4858042935e-02 1.7080628401e-02 -1.9279607255e-01 -5.7775035459e-02 3.9814044986e-02 1.1742998683e-01 -7.8203140839e-02 3.0213326704e-02
4.3756337274e-01 4.1882055555e-01 1.4021066391e-01 2.3695504017e-02 -2.7090454809e-01 2.2422157880e-01 -2.1430175767e-02 4.3502278565e-02 -3.7498973832e-01 -2.6473708011e-01 -1.0897943087e-01 2.6815390862e-01 1.2773013050e-01 2.0684709849e-01 -2.1876780324e-01 -3.3728168504e-02 1.0062600194e-01 -2.3689176935e-02
-5.9747307065e-03 -7.1674789424e-01 3.6592254008e-01 -9.1365739587e-02 2.1566223147e-01 -2.0009948149e-01 4.0348851060e-01 9.9754525565e-02 1.3747474777e-01 -2.9671369198e-01 -5.4986634375e-01 -2.8430103580e-02 3.7880231243e-02 -6.4646940049e-02 1.9814815285e-01 -2.4883639538e-01 -9.8486300572e-02 2.3063309846e-01
-1.6203586509e-02 1.0459801274e-01 1.2712726565e-01 -3.1804858666e-01 -2.3982364298e-01 9.5358383932e-02 -4.8524610367e-01 -2.2835903453e-02 -1.5591494390e-01 3.6146145520e-03 -1.9424563683e-01 6.9460630927e-02 -5.0370035732e-01 5.0368593014e-02 -2.2032653384e-01 -9.3976476535e-02 1.8585447767e-01 -2.5577035639e-01
2.5116285530e-01 -1.0508576627e-01 -2.0570442922e-01 -1.0587348860e-01 5.3624760478e-02 7.1798062752e-02 -4.5111893260e-01 -1.6435497937e-01 2.1918031322e-01 7.3049161260e-02 4.9716359014e-02 -2.1377573790e-01 -1.6263763635e-01 -2.1273531944e-01 5.5705674832e-02 7.5803599210e-02 -1.6654392304e-01 1.6784335359e-01
