-5.4172423545e-03 2.3572758843e-02 3.2374353365e-02 -2.5235307475e-03 3.2901727725e-02 -3.0970273276e-02 8.3378471255e-02 -6.3282915102e-03 4.9517467776e-03 3.0292099168e-03 -8.0311688325e-02 6.4824235450e-02 5.6526785513e-02 1.6043271413e-02 -2.2305027383e-03 2.1877776422e-02 2.1031775562e-03 1.4163915494e-01
1.5705110629e-02 3.7615515408e-03 8.0275099533e-02 1.1190436390e-01 -4.4402835462e-02 -7.5379855999e-03 1.0286414083e-01 7.1585261611e-02 1.4400675298e-01 5.7734633742e-02 2.8766937875e-02 5.1764907064e-02 -1.1699721285e-01 -3.3331767212e-02 -1.1379144034e-01 4.9399324674e-02 -1.3585688242e-01 -1.2823640964e-01
-7.5209578013e-02 -5.2801963044e-03 1.2164908010e-02 1.1260188452e-01 1.2026497158e-01 1.5829378206e-01 4.6742871258e-02 5.6876126258e-02 8.3043272491e-03 -8.8704050467e-02 1.4321620587e-01 3.7854820276e-02 6.8877914248e-02 2.3773105020e-02 -2.9101687567e-02 -5.9260528108e-02 -8.7424421926e-02 -1.0893644728e-01
5.3539728085e-03 4.7810182833e-02 6.9253409323e-02 7.5092303512e-02 -5.6764665368e-02 2.5223771947e-02 7.2193182789e-02 -5.2854576613e-02 -2.7412536654e-02 3.3939013061e-02 1.4866559914e-01 6.1094833033e-02 -6.6853614330e-02 1.6475247084e-03 -1.1518132839e-01 -1.1875778341e-02 -7.6447000765e-02 -5.8485445388e-02
-8.8157204473e-03 -1.0084850582e-01 2.8376247457e-01 2.1662453796e-01 -2.1586834714e-02 2.3208647701e-01 2.0473011685e-01 1.4877236728e-01 -1.8585090552e-01 3.2278784735e-02 2.2338945603e-01 -1.9703732113e-01 -8.5705178512e-02 2.7793566983e-01 -1.6304218017e-02 1.3671496155e-01 -8.5576919638e-02 -2.7285775571e-02
-1.1070447698e-01 -7.5607902931e-02 1.2224822540e-01 2.3574036669e-01 -8.5581427990e-02 4.5101572848e-02 4.9794988810e-02 1.2536117803e-01 -5.7581052288e-04 -1.4843680121e-01 2.0652423852e-01 3.5507677545e-03 -2.7732011242e-02 -4.5225285027e-02 -5.3468043657e-02 5.5895843570e-03 -2.1043648357e-02 -1.2909602675e-02
-3.6763519078e-02 -9.6581921688e-02 1.0288768935e-01 -1.3787213257e-01 -4.2769099660e-02 2.1315746842e-02 6.0437597107e-02 1.0124837132e-02 6.9664860561e-02 9.3323864715e-02 -1.0629254474e-01 5.8614699403e-02 9.1926903508e-02 -5.0174264108e-02 2.3750233505e-02 -2.0679689894e-02 -1.6616462431e-02 4.6567214260e-02
-1.7180878251e-02 -8.5000925660e-02 1.2841976382e-01 1.5641130550e-01 -1.7109721469e-03 1.4466743735e-01 1.4557855283e-01 1.4024410411e-01 -4.6205693810e-03 -2.8780555935e-02 8.2419315538e-02 -5.7377895315e-02 -1.4473516588e-01 1.0268599820e-01 -5.0545718290e-02 -1.3105268526e-01 -7.8599308951e-02 -2.4516924310e-02
-8.4684197120e-02 1.4496028493e-02 7.5641292787e-02 1.0540453711e-01 -3.0511794325e-02 2.0608017520e-02 2.7585855717e-02 1.2236025524e-01 -4.9021343969e-02 2.3584264512e-02 1.2734224182e-01 9.3528010092e-02 -1.2308397479e-01 -6.3597237800e-03 -1.1544972317e-03 1.1437997579e-01 -2.5986480875e-01 -2.2432434494e-02
2.6438788446e-02 6.1499720902e-02 -4.0998492335e-02 1.0102094952e-01 -1.6129339673e-02 -6.9827152105e-02 7.9028340676e-02 -5.4117116792e-02 1.0720628763e-01 8.3985230251e-03 5.1599749875e-02 -1.2250622709e-01 6.2258673824e-02 6.3293108408e-02 4.5811120656e-03 1.0951874193e-01 -5.8510454038e-03 1.0340789696e-02
-1.0404076974e-02 1.0550081873e-02 8.6246838219e-02 4.1708667507e-02 -3.2786327755e-02 -3.6141536029e-02 -1.5770569032e-01 -2.3746618149e-02 -1.8443392954e-02 5.8558349341e-02 -3.2113419525e-03 1.1803609051e-01 3.8158051379e-02 3.0728421809e-02 -2.5340737459e-02 3.2846069528e-02 -6.7245243336e-02 6.8609469586e-02
-3.0510736597e-02 -7.2046372660e-02 1.0387578262e-01 1.9289359593e-01 4.4300486644e-02 1.6392918639e-01 1.5595180660e-01 1.4097445766e-01 -8.8200045967e-02 -7.5892688194e-03 1.9890181321e-01 1.2393723159e-01 -2.0630519414e-02 -4.9318075755e-03 -9.0209977774e-02 1.8621558279e-01 -8.8358161722e-02 -6.7678625207e-03
-5.9180052341e-02 -1.5332062681e-01 1.3484427154e-01 1.8890111275e-01 5.2945446603e-03 2.6279940650e-02 1.5905990213e-02 5.5789275752e-02 -8.9032885484e-02 7.8087514648e-02 1.7098119174e-01 7.6727295578e-02 1.2397584605e-02 -4.1095569686e-02 1.1713534821e-01 4.5694781245e-02 -4.1379256866e-02 4.3031297418e-02
1.8696875954e-03 9.1388062262e-03 -7.9495606609e-02 -4.0634323680e-02 -9.3206800855e-02 2.6432790989e-02 -2.9819173614e-03 -1.2665617400e-03 1.2784268012e-01 -8.4305377939e-02 -6.4237446512e-03 -5.6356766693e-02 -8.1148287295e-02 -7.4868848096e-02 2.0626997832e-02 6.4098761729e-04 -1.3623480216e-01 -3.3400224377e-02
-1.0829115392e-01 -7.7307506429e-03 1.2420791453e-01 5.6282017708e-02 3.7268717270e-02 9.6270260149e-02 4.9498562844e-02 -3.3984611150e-02 2.1003262950e-02 2.9713546344e-02 7.5889851148e-02 -2.1313050391e-02 -8.0887269529e-04 5.3824772599e-02 -1.3719632011e-01 -9.5749762222e-02 -1.8540533019e-02 -6.4427478314e-03
-1.1970940463e-02 -1.5571562948e-01 5.2000092501e-02 1.1102020963e-01 -3.0817465481e-02 1.7515439159e-01 9.8307610922e-02 2.2138874757e-01 -7.8552151195e-02 -3.2218341854e-02 1.6629493298e-01 1.7223114527e-02 -5.9010884474e-02 3.2837042750e-02 2.0558105563e-02 1.4682150629e-01 1.2965781383e-02 3.0607827046e-02
7.1898761941e-02 -1.6852947236e-01 1.8312863162e-01 1.4254118207e-01 4.9179337583e-02 1.7717878707e-01 2.3028318873e-01 2.8703279647e-03 -8.5930057107e-02 -4.0824070613e-02 1.9265286548e-01 -9.6275344351e-02 -2.5868846150e-02 1.9351983025e-01 -5.7315316159e-02 1.3904403301e-01 -1.8084906159e-01 8.4335415274e-02
-5.1000911059e-02 1.3223159852e-01 -1.3840666643e-01 5.3299033860e-04 2.0650741130e-03 -1.8011813969e-01 -3.5657903347e-02 -7.6311337119e-02 1.9415757882e-01 1.4976051885e-02 -3.0065899205e-02 2.4600794375e-01 6.7435144398e-03 -2.3409825727e-01 -4.9142095270e-04 -2.2227773991e-01 3.2619239099e-02 4.1670873154e-02
