1.3015813693e-02 -7.2156309715e-02 1.3291008555e-01 -2.1672998314e-02 -3.1911346912e-03 4.1906108237e-02 -3.6865831646e-02 -4.7011418238e-02 -7.9426111909e-02 1.5216921843e-02 3.6047986075e-02 -3.9448851378e-02 -8.1712920849e-02 -1.4590559597e-01 3.4216306391e-02 3.3222666559e-02 3.7588794828e-02 3.1330978287e-02 2.5850254302e-02
1.6810889404e-01 4.5014005768e-02 7.7296601752e-02 -2.7606572258e-01 -8.1015043516e-02 8.9306962269e-02 -3.4508534237e-02 -2.8920909679e-03 1.4769766974e-01 8.5835001469e-02 1.7756782011e-02 -3.9915158090e-02 -2.0263416821e-02 5.5960337354e-02 7.3262263742e-02 -4.9974905573e-02 9.2351333214e-02 -4.4300156828e-03 -1.3332605731e-01
6.1194495785e-02 -2.8751316348e-02 1.0604251591e-01 2.6145550527e-02 -1.1382913350e-02 9.9847155007e-02 -2.1132541638e-02 -1.1746276178e-01 1.3394646222e-01 1.1795280136e-01 1.2557482557e-01 -5.3412010251e-02 -7.4950780228e-02 1.2630947249e-01 -4.6392792517e-02 -5.3043896404e-02 9.2429629536e-02 5.7554537886e-02 -6.2889912962e-03
4.6499356463e-02 1.2442614993e-02 1.1435787198e-01 -1.0858484745e-02 -4.0581800412e-02 2.4771236886e-01 -5.6463289909e-02 -4.0355056112e-02 1.4473215577e-01 1.3023690463e-01 1.3043332259e-01 1.6768132615e-02 3.3121234233e-02 1.3193008205e-01 -6.3269336989e-02 2.6228259612e-02 1.7831837403e-01 -9.3044411695e-02 -8.6580178897e-02
5.9548351081e-03 -8.3601567477e-04 5.7143645369e-02 3.8422250782e-02 -3.0498824866e-02 1.1646213793e-03 4.8311674816e-03 5.9577230500e-02 -3.8960610235e-02 4.0722508421e-02 -1.0936210475e-01 -8.3059032072e-03 1.8542003570e-02 -6.6675680619e-02 -1.0161724039e-01 5.7339947640e-02 -5.2748797827e-02 -6.1308734191e-03 1.0700814223e-02
2.2542897558e-02 -5.4563316688e-02 1.3326405850e-01 2.2731989379e-02 -7.3191118089e-03 6.0668957262e-02 -1.6359829768e-02 2.9804639479e-02 1.5930686667e-01 3.4326266564e-02 4.4206230340e-02 -2.2064434719e-02 4.0406668126e-02 1.9576575607e-01 -4.2297734103e-02 -1.6036423267e-01 7.6408444656e-02 4.0081202832e-02 8.8821049508e-02
1.8959059438e-02 1.4159633061e-02 5.4285842951e-02 -1.5847923346e-02 -5.3394103525e-02 1.2061359656e-01 7.8472602669e-03 2.2626243917e-02 1.6992537776e-01 1.0920352012e-01 1.4806396619e-01 2.9618997794e-02 5.9539231628e-02 1.1570751554e-01 6.6106464122e-03 -4.5835583974e-02 1.3697267267e-01 -1.8826916501e-02 3.9924177614e-02
-8.6676208175e-03 7.9840083974e-02 6.7834239127e-02 2.5326233581e-02 -7.0818984800e-02 9.4762612890e-02 7.1819904620e-02 3.6263260627e-02 8.4391264624e-02 1.6802582187e-01 1.1664938201e-01 4.2855010138e-03 -2.8863041383e-02 9.2680146508e-02 -6.9481197186e-03 -6.8271281416e-02 1.1617535976e-01 3.4297633426e-02 3.5759703169e-02
-3.2014258189e-01 6.5989281861e-02 -4.9610211441e-02 5.8036812334e-02 -3.4909286726e-02 -7.3142060243e-02 -4.5664266492e-02 -3.1368989338e-02 3.4308274075e-02 3.4761956266e-02 -7.9214677491e-03 6.3718516287e-02 -6.8492095348e-02 -6.3908590291e-02 2.1529320189e-02 -1.2833722707e-02 -5.4244664118e-02 -9.7644608187e-02 -6.4308787334e-02
1.7171879098e-02 9.4694917720e-02 1.9128533853e-01 -1.9942722215e-01 -9.6037232669e-02 1.4074470354e-01 9.0433100534e-03 4.3635108920e-02 2.1352533576e-01 1.8707783290e-01 1.7225970914e-01 -1.3451471072e-02 -6.7162244121e-02 1.9441582256e-01 1.5790348356e-02 5.9062644236e-02 1.2474449499e-01 2.3512721084e-02 -1.0889517705e-01
-2.4124678703e-01 -4.9840117950e-02 -7.9836560438e-02 2.1417023443e-01 -1.5322842039e-02 -3.7477241356e-02 -4.5127207928e-02 1.6608125406e-02 -6.4648484775e-02 -4.4102673708e-02 -2.2836371375e-02 5.7555330114e-02 -8.8562487997e-02 -1.6731828702e-01 -8.5760877004e-02 9.0569509723e-03 -5.8040152150e-02 -3.5247803774e-02 5.1530021514e-03
7.2494778062e-03 -8.2998926251e-03 1.6992283748e-01 -1.3055071812e-02 -9.3530578639e-02 8.1713471409e-02 3.3758063505e-02 3.5317675836e-02 6.7533409248e-02 1.2203287430e-01 3.5178172989e-02 1.2257728908e-02 7.2358283184e-03 5.2896218807e-02 -1.0209020821e-02 -8.4602478042e-03 8.1447792127e-02 -7.6040484677e-02 2.5340276858e-02
4.4775686796e-04 3.9144736020e-02 -1.6575103467e-03 1.6033219939e-01 -2.2197534907e-02 1.6175454200e-02 1.0458832053e-01 -3.7144719990e-02 8.5139738286e-02 1.4946544417e-02 -1.2543296703e-01 3.3760409048e-02 -1.1604461610e-02 -7.7437159708e-02 7.1172764520e-02 8.8721909596e-03 -1.5196146947e-02 2.3459183958e-03 -6.0308836075e-02
-6.1883617561e-02 -1.0870504557e-01 -6.8723608038e-02 5.3169103940e-02 -8.5037436931e-02 -4.1386129500e-02 -7.9678970498e-02 -7.6916046016e-02 1.0088288992e-01 -1.5404038065e-02 -5.8196544411e-02 -4.7428057252e-02 1.2488708012e-02 1.5946378671e-02 3.9918973030e-02 1.2838122544e-02 5.3848114747e-03 -7.5920825751e-02 1.1610768361e-01
6.9752069717e-02 9.5037141347e-02 5.6547358193e-02 -1.4527938248e-03 1.0789904500e-02 6.7576959130e-02 4.5933347315e-02 1.4542528205e-01 2.4285231892e-02 -5.3931449938e-02 -7.8432759718e-03 9.8814413139e-03 -7.8553622423e-03 2.9184643413e-02 1.3828069792e-02 -4.8350640107e-02 -8.5023187550e-02 -2.8397004450e-02 1.0256726281e-01
2.5445657632e-02 -8.0661476401e-04 8.3568516173e-02 2.6278711153e-02 7.3545021694e-03 1.8985433334e-01 7.3233418512e-02 -6.9711499629e-02 1.0441992452e-01 8.0057665315e-02 9.7643152379e-02 5.7876426586e-02 -1.0511355701e-01 9.4478869568e-02 -4.0549140470e-02 -6.9534662101e-03 1.1980074508e-02 -3.8445357357e-02 -1.1935798882e-01
-2.8443464712e-02 -1.9698735027e-02 7.5192349836e-03 2.9191998021e-02 3.5289827803e-02 -1.2829128970e-01 8.6044692503e-02 -3.8644646271e-02 8.9149475647e-02 3.0486498784e-02 3.7055124171e-02 1.0535646074e-01 2.7293922756e-02 -2.0721130459e-02 -4.6571157693e-02 5.6955973748e-03 -6.2376273198e-02 1.3714531778e-02 -3.5283246113e-02
-2.1542321245e-01 -4.9073980435e-02 -8.9145759265e-02 1.0078427323e-01 2.4759365308e-02 -1.1801800220e-01 3.6541389143e-02 1.0856479925e-02 4.1907372026e-04 8.1759170551e-03 -5.9488222013e-02 5.3045306423e-02 1.4095383880e-01 -1.7258914248e-01 2.0142912099e-02 2.2814588269e-02 -4.6765316383e-02 2.2031319980e-02 -1.3520528193e-02
1.4181648340e-01 -6.4561075564e-02 1.4164987527e-01 -3.1826520373e-02 1.9282687022e-02 1.3014319142e-01 -3.8609904542e-02 -9.3097294546e-03 1.6062851717e-01 1.5603525820e-01 1.5835918935e-01 -1.2309373273e-01 9.5614122913e-03 1.5538426257e-01 -3.2676211425e-03 -3.0656754238e-02 1.6798967842e-01 -1.1490035969e-02 -5.1791209142e-02
