6.2206084415e-02 1.0309707477e-01 -1.4033054745e-02 1.8611072436e-02 -7.3393247585e-02 -1.0190737206e-01 1.0858670341e-01 3.9556631511e-02 1.1269750609e-01 6.5171666880e-02 3.0519981967e-02 -3.8838889655e-02 2.1961112355e-02 4.4624982152e-02 1.9544612843e-01 4.7696714619e-02 2.2159464846e-01 2.6568932266e-02
2.2298865283e-02 -3.6855514758e-01 3.7769509579e-01 3.7071748766e-01 -2.4507318599e-01 -2.4913519627e-01 -2.5605335701e-01 2.9852385859e-01 5.1560936210e-01 -2.5365890929e-01 3.0322123326e-01 2.8616951274e-01 4.2774048181e-02 -2.6466811585e-02 3.4215278458e-01 -2.6290844548e-01 -3.3826013219e-01 2.6451071327e-01
4.5324610192e-02 1.0713061941e-02 8.8028241099e-02 1.2360278914e-01 -6.1602052650e-02 2.5096953426e-02 -7.9274696449e-03 1.8047922089e-01 1.1901405398e-01 -2.5973279993e-02 4.0132679423e-03 -3.5887828994e-02 -7.2431874104e-02 -1.3347893379e-01 2.0266957343e-01 -1.3013948807e-01 3.5919870374e-02 -6.1538010149e-02
-1.1958708293e-02 8.1925785857e-02 6.6525044302e-02 1.3977414373e-01 -9.6396512471e-02 -7.0672723592e-02 -6.4971646094e-02 1.3056132197e-01 5.0040804003e-02 4.0064856292e-02 1.9789819031e-01 -3.1908668056e-03 3.7928367672e-02 -6.3657733390e-02 3.4086302144e-02 -5.8493347651e-02 -3.0049529216e-02 1.4135462053e-01
-1.0249525373e-01 4.9392858043e-02 1.5172091220e-03 9.4662161084e-02 1.0048556122e-02 3.0213974292e-02 1.3804268507e-01 2.0236614904e-02 -6.0025919068e-03 1.0985198437e-01 2.7983559540e-02 2.5632859878e-02 5.3305785024e-02 -6.2593765927e-02 6.5149226309e-02 -1.8148500508e-02 1.2201692536e-01 -7.5946900461e-02
9.0069845439e-03 -5.6822666027e-02 1.6876253225e-01 7.5222164087e-03 2.5664241184e-02 -8.9573337994e-02 -3.7157674422e-02 5.9892925926e-02 3.3090542887e-02 1.2315223654e-02 -3.7796884105e-02 3.8553155899e-03 -6.3799379997e-03 -4.2805573992e-02 8.0153400975e-02 5.3405200818e-02 -8.1440213348e-02 -8.2145069818e-02
-5.5634265299e-02 2.6075153854e-01 -1.1612000275e-01 -1.8931262618e-01 3.2599986799e-02 4.2515335956e-02 2.1959188862e-01 6.0253975391e-02 1.5107466176e-01 1.2981315004e-01 -1.7395866444e-01 -2.3406593365e-01 1.2708640494e-01 -1.0621537352e-01 -1.0479762528e-01 1.0779245662e-01 1.4583721722e-01 -1.3414147693e-01
-6.8875912924e-02 -8.7200969029e-03 4.5644467684e-02 6.4063191327e-03 -7.7255837948e-02 -6.1074926446e-03 1.2783165154e-02 4.6647666786e-02 -9.0194509890e-04 1.1905323288e-01 -3.3264783928e-03 -4.7998357039e-02 4.4408001415e-02 -2.4969251567e-02 3.6929547472e-02 -3.2818817176e-02 1.0232937983e-01 1.5352658879e-03
-1.1499800651e-01 1.4749051167e-01 6.3145881475e-02 6.9381342060e-02 5.2748878161e-02 7.9650888087e-02 6.7974135180e-03 -8.6760868516e-02 -3.5301682723e-02 6.2237644834e-02 -4.6639746356e-02 -2.7544982796e-02 9.2007847481e-03 1.1857895646e-02 -8.1503010132e-02 1.8102844732e-01 -9.3472364625e-02 -1.9475308362e-02
-1.5250241299e-01 8.4190712314e-02 7.7342847492e-02 1.3567341486e-01 -3.1376884921e-02 -1.8044754295e-01 -6.3992024086e-02 6.1102385996e-02 1.5530136894e-01 1.2940963341e-01 8.0727194481e-03 -8.3843768306e-03 -7.6278952076e-02 -8.1671465074e-03 1.1132007007e-01 8.1560992120e-03 -6.9704206450e-02 1.2983387493e-01
1.0892841204e-01 5.4626688413e-02 8.1564823947e-02 -3.6636336554e-02 -3.5402122174e-03 -1.5595719661e-02 -3.6620885338e-02 -1.7824013295e-02 -5.2026006115e-02 6.8984938994e-03 -1.5666309256e-02 3.9959903324e-02 5.8983948267e-03 3.5259246025e-02 1.6548653766e-02 -7.6563755449e-02 7.6404172551e-02 -1.1666006125e-01
9.0591292209e-02 1.2599967296e-01 1.8377557283e-01 7.0645255501e-02 2.1934487039e-02 -1.7499173408e-02 1.2552565613e-01 2.2686048720e-01 1.5243293134e-01 7.6145758839e-02 6.7072103519e-02 -4.0710272133e-03 -3.8527540485e-02 4.2539718152e-02 1.7128404147e-01 -2.7488728663e-02 1.3586590763e-01 1.3566143854e-01
-2.0768486301e-02 5.4270753181e-02 1.1729779145e-02 -3.1327158903e-02 1.5122255803e-02 -1.2352954520e-02 -6.3461761907e-03 5.5877672521e-02 -5.2161315634e-02 -1.0961324732e-02 -8.3044581929e-02 -3.9456650004e-02 2.5914894842e-03 -1.4254831833e-02 -2.5606369871e-02 4.8920556744e-02 1.2494363101e-01 1.1794825343e-01
2.8925946254e-02 8.9684853917e-02 -2.2811379272e-02 -3.7428084615e-02 1.1136551459e-01 -6.6255783304e-02 1.4179273652e-01 -1.6947033404e-01 4.4879077663e-01 2.5006774023e-01 -1.5825848901e-01 -4.4487273761e-01 5.6664296814e-02 2.5637781011e-02 -1.2532664618e-01 2.9825695764e-01 -7.0886916360e-02 -1.4564521322e-01
-5.3640456818e-02 2.9325585767e-01 -7.3446891268e-02 -7.1756214683e-02 2.2149771615e-01 1.2691755930e-01 2.9684237595e-01 -8.8549095980e-02 -1.5988326866e-01 2.1797547996e-01 -2.6974031823e-01 -1.3715465243e-01 5.0412352596e-02 3.9733283676e-03 -1.9617559536e-01 2.1097960109e-01 8.0044553555e-02 -1.8284056804e-01
6.3342336714e-02 1.7410729506e-01 -1.1757203736e-01 -4.7740752153e-02 2.4043110664e-02 -7.3236908346e-03 2.1370471134e-01 6.0223635165e-02 6.6616451079e-02 1.3823631967e-01 -8.8299113395e-02 -3.1989474612e-02 -9.3969334131e-02 -4.4309654558e-02 -2.9337692113e-02 1.2732657455e-01 1.5663223737e-01 -5.1462749033e-02
7.7353982708e-02 -1.0504971304e-01 1.7098970180e-01 5.2952927545e-02 -9.8370632965e-02 -2.6019792545e-01 2.1581130356e-02 6.7482215067e-02 1.6078967800e-01 -2.8265964209e-02 1.7630634554e-01 -5.0042021912e-03 -3.0908694278e-02 -1.0086598073e-01 1.8392483153e-01 -7.1530973683e-02 -1.1893930778e-03 2.6289580754e-02
-8.4489648209e-02 2.9675241061e-01 -2.0350102075e-01 -2.5672615770e-01 1.7361983695e-01 1.9135865673e-01 3.5943683643e-01 -1.8310759257e-01 -1.9086848969e-02 3.2059032380e-01 -2.0014135889e-01 -1.2012495772e-01 1.7730651012e-03 -3.0881495607e-03 -2.9012805363e-01 2.5088262559e-01 1.7939127444e-01 -3.1049568633e-01
