-5.0408180778e-02 -6.1263826929e-02 -9.3620055521e-02 6.0370870178e-02 3.7786662740e-02 4.0311337022e-02 -1.9747010140e-01 2.3527675235e-02 4.3462377854e-03 2.5893171197e-01 2.6843757231e-01 1.0920630684e-01 1.2047525790e-01 -4.0016039612e-02 1.2025846407e-01 -9.0192413466e-02 8.7748847241e-02 -1.3887521928e-02
7.5802204772e-04 -6.0802244067e-02 2.8234076322e-02 -1.7090378651e-02 1.1275607512e-01 1.1856621438e-01 -7.2332991026e-02 -2.8928260818e-02 -7.8984246084e-02 5.6234276833e-02 1.4387163505e-01 5.8534392475e-02 5.8681986904e-02 -5.4632435630e-02 3.3467080309e-02 9.3946424825e-02 1.0916653338e-02 2.1167758351e-02
8.4053571110e-02 6.5169016381e-02 -1.7131123742e-01 -1.1434626855e-01 1.7420890296e-01 -1.3520203603e-03 -2.4074361080e-02 -2.8287052681e-02 8.9842290933e-02 2.4886199077e-01 2.8975246793e-02 -5.9732816548e-03 1.5624425372e-01 -1.0847253944e-01 8.6453890091e-02 -6.5891697779e-04 1.1475399043e-01 -9.3480065291e-02
8.0376865042e-02 4.7868835015e-03 -1.2397144826e-01 1.0901791366e-01 2.9895056494e-02 5.2239817803e-02 2.5855189976e-02 2.0210081363e-02 -3.1993073018e-02 1.0510988624e-01 3.7522100459e-02 9.4765682793e-02 1.1612300304e-01 -1.7217264698e-02 1.2586709327e-01 9.9385864927e-03 1.4102721365e-01 4.4990363286e-02
-1.8884498773e-02 4.7370316390e-02 1.2397338621e-01 -5.5011702587e-02 -3.9504535294e-02 -7.7817532253e-02 2.3478090256e-04 -6.2835940134e-02 5.4528006475e-02 3.3233750308e-02 6.5016008498e-02 -4.0884372374e-02 1.0643326825e-01 -1.3803148036e-02 -1.8133250370e-02 -4.8348049969e-02 -4.0488822460e-02 -1.1825112544e-01
1.9113540285e-02 -7.4082895074e-02 3.7500323749e-02 -4.9752233457e-02 9.0849215467e-02 8.4578490200e-02 -2.0338445030e-02 -3.9748685361e-02 -7.4342645595e-04 -1.3694106147e-01 1.2279977284e-01 1.8771196264e-02 6.9401238892e-02 1.6507444776e-02 5.2766759416e-02 -1.3312130902e-02 -7.4829596376e-03 -2.7487615814e-02
-6.2064808588e-03 -1.0380862725e-02 -9.7917746990e-02 9.1000331067e-02 -3.0239110898e-02 4.1039987829e-02 1.1148398031e-01 -1.2413650767e-01 1.2148927864e-02 2.9022016515e-02 -7.1920002978e-03 -8.9225465575e-02 -6.2888842646e-02 -2.7141493004e-02 -2.2025204978e-03 -5.6814433131e-02 -4.8712670126e-02 6.0592185919e-02
2.0969161466e-02 -3.2462367536e-02 3.5705785235e-02 5.5676994550e-02 -1.1273508868e-01 -6.4719864516e-05 2.3230719388e-02 -6.4336799267e-03 5.4707519573e-02 -8.5248877889e-02 1.0817519940e-01 -1.3943142624e-02 3.7378406045e-02 3.6385140164e-02 -9.6607472092e-02 8.7134145305e-02 -6.7054716461e-02 -7.9861505767e-02
3.9162342015e-02 -8.5611860907e-02 -4.9807200864e-02 -9.3166761874e-04 2.1046212444e-02 -1.4080290459e-02 1.9339762225e-01 3.7339316510e-03 9.4259434250e-02 -4.6909871425e-02 2.0931394608e-03 2.1301221275e-02 -1.6041185213e-02 8.2365026638e-02 5.2497905316e-02 5.7003593526e-02 -2.9769858885e-02 -1.7651144751e-02
1.2613777701e-01 -9.5181644865e-02 3.1454565570e-01 1.0040104494e-01 -1.9449585242e-01 5.0478554813e-02 1.6900495160e-01 5.4175211802e-02 1.9013475731e-01 -2.6023953108e-01 -1.2490091942e-01 -8.3866601260e-04 -1.3331347762e-01 1.8115961491e-01 -1.5315765694e-01 -6.5549400752e-02 -1.8820254286e-01 7.4444345338e-02
1.0618817636e-01 6.5104213353e-02 -1.4637234931e-02 -1.2583070214e-01 -5.3900639631e-02 7.9380888445e-02 -8.5115564498e-02 5.5135441061e-03 3.3662543518e-02 5.2389027481e-03 2.5325805622e-02 -8.4156804658e-02 -7.9850530628e-02 -4.1757392486e-02 -7.7715175798e-04 4.9907059699e-02 -4.0348720180e-02 -1.3191655743e-01
3.9637037404e-02 -2.8675754499e-02 -5.1260141408e-02 -1.0375245325e-02 1.2868566158e-01 -4.0359112669e-02 3.3071791426e-02 2.8686873455e-02 3.8413731475e-02 2.1878877557e-01 8.4219448843e-02 -4.5982243357e-02 9.9528051168e-03 6.7236393198e-02 8.0291864807e-02 2.5527300039e-02 1.4368036939e-01 1.0211003058e-02
-8.7835745913e-02 5.5898741134e-02 -1.0726220749e-01 1.0148494560e-01 8.6476396398e-02 3.8664540048e-02 -3.3774532417e-02 3.7100821044e-02 -4.8270109703e-02 1.4110438011e-01 2.1624912202e-01 -1.1094173333e-01 1.8966048876e-01 -2.6793655694e-01 9.4762238925e-02 3.3238724511e-02 1.2603453024e-01 2.3257555037e-02
-4.0594844933e-02 3.5759909726e-02 -1.8055250183e-02 -1.0306022399e-01 -3.7682369694e-02 1.5234172843e-01 1.1857375823e-01 -4.8531230156e-02 5.3898055084e-02 2.9667225840e-02 3.3567714371e-02 -4.7990479682e-02 -2.6635687595e-02 -1.0084551760e-01 -2.4946754607e-03 -2.3470201458e-02 -2.6210713634e-02 -9.5663834063e-03
7.8997275887e-02 -5.1735352067e-02 4.9269426203e-02 2.5941296321e-02 -1.9205328896e-02 -3.2102905192e-03 -1.1598697831e-02 6.0561691527e-02 1.4944141838e-01 -2.6739276527e-02 -9.8715744474e-02 2.4014319401e-02 5.4551798781e-03 -6.4916404350e-02 1.5907962247e-02 -2.0442758168e-03 -5.3749562379e-02 -7.3677955534e-02
-8.0733121196e-02 2.2017846825e-02 8.1140399895e-02 2.8041531247e-02 2.9973155194e-02 4.1920517741e-03 1.0959107741e-01 -3.2366708703e-02 2.1378013865e-01 -4.9523515288e-02 -8.6961747786e-02 -8.1040851174e-02 -6.7072719998e-02 7.5549670672e-02 -2.2617647539e-02 4.9186523945e-02 -5.6990634728e-02 -1.0437012551e-01
3.4547452730e-02 1.7993566358e-02 1.3606231093e-01 3.5481659295e-02 -1.2551052248e-01 5.9234783218e-02 1.1541566692e-01 6.7774306854e-02 8.4475851408e-02 -3.3981683008e-02 -1.7278262198e-02 3.5092410402e-02 -9.8070948613e-02 1.2319998593e-02 -5.7832739670e-02 2.6724274098e-02 -1.5924725250e-02 7.9577890207e-02
-6.8319138106e-02 -1.6362557560e-01 -1.3978433370e-01 -1.6513819125e-03 5.3140146755e-02 -1.2592003442e-01 -8.6020611017e-04 6.6717877847e-03 -1.4668240584e-02 8.1208214139e-02 3.3989585113e-02 -6.3245048473e-02 2.0310810499e-01 -5.9120439335e-02 1.0508225708e-01 -1.3650345029e-02 9.4054157921e-02 3.7003401054e-02
