-1.1296349952e-02 3.2341633502e-02 -3.3403668161e-02 -3.3451875536e-03 -6.0601943645e-02 -1.3480298928e-01 3.5576845722e-02 -5.4524532201e-03 -3.9071038526e-04 -6.7016696905e-03 4.0675764053e-03 -7.7653659935e-03 -6.3683111412e-02 -9.7348699845e-02 4.8152790515e-02 -5.3156131089e-02 4.0237377173e-02 1.9097988235e-02 -7.0728432851e-02
-5.6139472023e-04 1.4497747424e-01 2.0845327215e-03 1.6984124593e-01 -4.2352244801e-02 2.1919131938e-01 2.4674440821e-01 7.3322461869e-02 2.5102618841e-01 -1.2002116656e-02 -4.7177896633e-02 -3.1802012672e-02 1.9026229497e-01 2.0254219401e-01 -8.1874832539e-02 -3.8047621256e-02 1.7102987163e-01 -4.0801835039e-02 2.1706944477e-01
5.7296118418e-02 -1.5436950318e-01 -1.0906415154e-01 1.8778912156e-02 -8.2490553003e-02 6.3990852344e-02 1.9485021642e-02 3.1736996515e-02 1.4623240222e-02 -1.0026255230e-01 -9.7369740844e-02 -4.8735761656e-02 3.1346893898e-02 8.6318736155e-02 -1.6860215517e-01 -1.2971174627e-01 -1.2560368734e-01 -3.3558124732e-02 2.3840692508e-02
2.6532358723e-01 1.0895297570e-01 1.0292453015e-01 1.5362529031e-01 1.4885484054e-01 -3.7745152399e-02 7.6415548669e-02 5.2328311877e-02 -2.3209409922e-02 3.6681271621e-02 -4.5390010223e-02 1.0048670699e-01 1.4780725025e-01 -1.3592627681e-02 2.2088195076e-01 -2.8776715763e-02 1.0181588197e-01 -1.0552572616e-01 -7.1318148485e-02
1.3989788884e-01 -3.2717197072e-01 1.4352477148e-01 -2.5699373977e-01 1.9705025122e-01 -1.3256737696e-01 -1.4892916829e-01 4.6560637466e-02 -1.9371599046e-01 -1.1686761632e-01 -1.0798517392e-02 2.1541391238e-01 -2.4589460521e-01 -1.8656689397e-01 2.4590786710e-01 8.0260654313e-03 -2.5979950203e-01 5.3997433786e-03 -3.4502163673e-01
5.2464788872e-02 8.6633119209e-02 1.1996659379e-01 6.2964821653e-02 1.1506698068e-01 7.3785587412e-02 -2.3836584343e-02 -8.8493453226e-02 2.1781517212e-02 8.4397106796e-02 -7.0960522622e-02 1.2784842257e-01 1.2179420382e-01 2.2549843978e-01 5.7888457171e-02 -1.9870414696e-01 7.7047161507e-02 2.0593083092e-04 7.5784323753e-02
1.3110354504e-01 1.3575583569e-01 -4.9950522831e-02 8.3216025291e-02 1.0495010818e-01 1.2365391345e-01 1.8627493123e-01 -7.2621187744e-02 1.1011826085e-01 1.0921119421e-02 -7.2911058618e-03 3.4065556559e-02 1.5294320994e-01 2.2404614790e-02 9.3499402203e-02 -9.6705236031e-02 1.5558349217e-01 5.7534032273e-02 3.0974838936e-03
1.3647613443e-01 -1.0873147965e-01 -4.4146944272e-03 -2.7563048520e-02 -7.7716550710e-03 4.2415424491e-02 5.2046415539e-02 -2.9963286738e-02 -6.5296795897e-02 -8.2531692893e-02 8.1929279828e-02 -8.3758412131e-02 2.5322262117e-02 1.1184736074e-01 1.8086686660e-04 5.2588208995e-02 -1.4673444139e-02 -1.7009842130e-02 -2.1568796300e-02
9.6686979309e-02 1.2737052795e-01 1.4648381529e-01 1.6979333867e-01 8.9051497313e-02 2.8735565773e-02 7.2370491285e-02 -6.0290809807e-02 -4.8716455608e-03 -1.7048436402e-02 7.9890401984e-03 8.2677593156e-03 2.4628966246e-01 1.0526734000e-01 7.1399805944e-02 -1.3592173070e-02 2.6083739496e-01 2.9278140542e-02 1.4008027865e-01
1.2436258322e-01 1.0711522242e-01 1.3088259128e-01 7.6793628882e-02 1.1290441920e-01 1.1711842102e-01 -1.2140169032e-02 -3.6044857643e-03 7.4273017567e-02 -1.3725599789e-01 8.5010687399e-03 1.4189977791e-01 -2.3045715815e-05 7.5546385508e-02 3.0509230925e-01 -5.2544862361e-02 1.3708137030e-01 -1.3915594897e-01 8.4983512467e-02
1.6725089587e-01 4.0511575589e-02 8.0073246961e-02 -1.4611241014e-02 1.4600791534e-01 -3.4815004396e-02 -1.8717057466e-02 -1.4174844222e-01 -2.4072625926e-02 -5.5204442371e-02 -6.1763469140e-02 5.8257804843e-02 9.2549951968e-02 8.1741555321e-02 9.0721342334e-02 1.4378123982e-01 4.0171124385e-02 -2.2701385212e-02 1.0221441848e-01
3.1196741706e-02 -3.7558650866e-02 1.5271678555e-02 -9.0391284247e-02 -1.0865630484e-01 4.8630155529e-02 -8.5791296880e-02 4.6549813262e-02 2.3711734817e-02 -4.5931945187e-04 -2.2965650556e-02 9.2688098172e-04 4.6813040037e-02 -7.0034106173e-02 -3.1366856459e-02 5.1627357454e-03 -3.2793392110e-02 -9.6100676231e-02 5.5038102637e-02
-1.4438051139e-01 1.0617354985e-01 -1.9898319447e-01 -4.7925879304e-03 -3.0321036702e-02 1.4225683174e-01 2.1800458657e-01 -1.0860926892e-02 1.3702356103e-01 -1.0903104283e-01 -7.6565042408e-04 1.0004387195e-01 1.8616980175e-01 1.4778377910e-01 -3.1263428467e-03 -6.7635823718e-03 2.2154434365e-01 4.4405359901e-02 2.0850759130e-01
1.6679207461e-02 1.7808009683e-02 -2.7514798440e-02 -1.2950210587e-02 8.8599208162e-02 -6.6428725875e-03 3.8652624096e-02 3.7689877414e-02 -1.4571627804e-02 -8.3363741291e-02 -3.4857215775e-03 2.2549245210e-02 -8.3120400538e-03 5.7644242122e-02 -1.1295035418e-01 3.3138001744e-02 -1.3105435889e-01 -9.0844285733e-02 -3.2300050512e-03
-3.0728174533e-02 -9.9037573273e-03 -5.4469314385e-02 6.6408154250e-02 2.1460638170e-02 -5.2814401436e-02 -5.7282673706e-02 -1.0619193590e-02 -9.2588369803e-02 -6.4981184107e-02 -1.7941868642e-02 3.9329559318e-02 1.5755151184e-02 -6.2523923886e-02 -2.8005243344e-02 5.4962490636e-02 -4.0290383905e-02 -1.2203263728e-01 -1.2834074848e-01
1.4724781997e-02 1.0803247711e-02 -3.2767210298e-02 5.4836697390e-02 2.0458465277e-02 1.0595937767e-01 8.8326923479e-02 -9.1567198663e-02 -5.0830578767e-03 1.1083786201e-01 -6.9312387882e-04 5.1465849769e-02 -6.2981412402e-02 5.0570089508e-02 7.2299241130e-02 2.3247690515e-04 -1.4261567401e-02 8.2901382983e-02 -1.7870742252e-02
5.3360387375e-02 1.7337964603e-01 -5.5437359003e-02 1.3026937647e-01 -4.0419501331e-02 6.5676254887e-02 1.4761947779e-01 -9.6819197355e-02 1.3378050886e-01 1.2617741118e-01 -1.2379416671e-01 -3.2953038120e-02 1.5121010300e-01 1.8470475921e-01 -7.8195300603e-02 2.3594441989e-02 1.1900962192e-01 2.7242017053e-02 1.4529252116e-01
3.1636673349e-01 3.0343996694e-02 1.4502997928e-01 7.2586249350e-02 1.8453091098e-01 1.7673273055e-02 7.6881022696e-02 -6.4801985265e-02 7.6805634480e-02 -2.6348090740e-02 8.3688126074e-02 1.3386453368e-01 9.2929036367e-02 1.3561478106e-01 8.3879967325e-02 8.4367397566e-02 4.8163257143e-02 -4.6638606738e-02 -8.0711900450e-04
-6.0087595138e-03 3.6421827395e-02 -1.5524226379e-02 6.3715245012e-02 2.0129210187e-02 3.8603408257e-02 -2.1993817849e-01 4.5898099564e-02 -2.2290843067e-02 -3.4523573693e-02 3.0088847496e-02 -6.7259242921e-02 8.5488879402e-02 -2.6196827626e-02 -2.7025255006e-02 4.6965289803e-02 -1.8718132014e-02 -3.4593713159e-02 1.6483443607e-01
