3.4666821367e-02 3.9772661519e-01 -1.3832596294e-02 8.5257532638e-02 4.4290900322e-02 3.0166366820e-01 4.5493786570e-02 -1.2563314867e-01 -1.5822056698e-01 1.4640072272e-01 1.5903213839e-01 -4.0841461416e-01 9.8176821910e-02 4.5834501138e-02 -4.5356370141e-01 -3.5966218599e-01 -1.7843105356e-01 -6.3386770347e-02
3.8630508104e-02 3.1407132006e-01 -7.2135507129e-02 6.1005772162e-01 1.5871792638e-01 2.5214554496e-01 2.5235022653e-01 3.7221298682e-01 3.3467924773e-01 1.0320783534e-01 -3.3129955969e-01 -2.2778174612e-01 -4.0579326319e-02 -9.6526820064e-02 -4.3672924688e-02 -8.1597504196e-02 -3.5541899094e-02 2.1020905035e-01
-3.5478362559e-01 -1.2548313635e-01 -2.0021545526e-01 2.7242196066e-02 -9.4792215056e-02 1.3777821743e-01 2.0496275242e-01 6.0737871081e-01 1.5059910416e-01 -2.8399402293e-01 -5.9990002497e-01 4.0286371930e-01 2.2761800084e-02 1.1425990589e-01 -1.8087045992e-01 2.0952927773e-01 -1.4255202434e-01 2.5307693498e-01
-3.1706181630e-02 1.6608616695e-01 2.5553164801e-01 8.2020919709e-02 -1.9203635158e-01 2.4707791364e-01 1.5771589778e-01 -2.4354517840e-01 -2.2198138067e-01 -2.0463956255e-01 -2.6851664172e-01 2.3966466095e-01 5.8614915509e-01 -8.2668229994e-02 -1.8291543393e-01 -4.6159529697e-01 3.3237274678e-01 1.4995800423e-01
4.3970692777e-01 -5.5226429113e-02 -1.4329275356e-01 -4.7271311572e-01 -2.1748313090e-01 3.0099140757e-02 -1.2749375726e-02 2.2351566705e-01 1.6844359353e-01 1.6035604800e-01 -8.7966449245e-02 -5.3570361262e-02 1.6914915418e-01 1.7715194417e-01 2.2507524425e-01 -2.4084693071e-02 -2.6477311450e-01 7.3989148445e-03
-2.8778682700e-01 -1.3154668517e-01 -1.5971466622e-01 -6.0552981293e-02 4.5439207118e-01 1.8634718657e-01 1.4576007126e-01 -1.1918826805e-02 -9.9337083070e-03 2.2525644379e-01 5.9877313658e-02 -8.2009075055e-02 1.3497352342e-01 -1.7978675010e-01 -3.7528131262e-02 2.2905038554e-01 -4.1576983442e-01 -2.2349443245e-01
3.8805215427e-01 1.7207788092e-01 -2.8372468021e-01 -3.1312786863e-01 2.8335924777e-01 -3.2222534216e-02 3.1445329112e-01 3.1497452030e-01 -1.8214174908e-01 1.8708088556e-01 -1.1427605363e-01 -1.2615692812e-01 -2.7131195420e-01 -4.3251561038e-01 2.3262248346e-01 1.2500028541e-02 -4.0589359835e-01 2.4699612859e-01
5.7804531997e-01 6.3334116856e-03 -3.9629359974e-01 -1.1841621845e-01 2.9376255393e-01 -6.1800230677e-02 3.5843766459e-01 2.2156629651e-02 5.6582587156e-02 3.9624642630e-01 4.9304330143e-01 -3.8688404694e-01 -2.2368092488e-01 -1.9069600285e-01 1.4397430649e-01 -3.7850211123e-01 2.0189053120e-01 -3.6964972646e-01
-3.4276533053e-01 1.0054597600e-01 3.4937728445e-01 4.0398207661e-01 1.0830865125e-01 -1.3210090260e-01 4.6423059628e-01 5.3314302932e-02 -2.0671608011e-01 1.9619570657e-01 -4.2340817974e-03 -7.4170760832e-02 2.2055186324e-01 -4.3532573102e-01 1.0661971746e-01 -1.0764414501e-01 1.8685986839e-02 2.3614609684e-04
2.4766006782e-01 -3.5749502377e-01 1.4342323812e-01 -2.6967479715e-01 2.1398639266e-01 1.5834468400e-01 1.6269539029e-03 1.8942712775e-01 -3.4243161172e-02 -3.3834613815e-01 -9.1463571886e-02 8.7859961195e-02 3.3818732741e-02 6.9603486730e-02 8.1899598193e-02 1.7895491114e-01 -1.3213046740e-01 2.4872910838e-01
1.4142934394e-01 -2.6335894411e-02 8.2957266371e-01 -1.0370438567e-01 4.5271743966e-01 1.1415690788e-01 -8.8257577069e-02 -6.2880162745e-02 -1.7404616936e-01 -1.7271644505e-01 9.8567770866e-02 4.1126653493e-01 3.2711794133e-02 1.6192787486e-01 -9.5600376107e-02 -2.0533126376e-01 -3.7697953939e-02 5.1133658670e-01
-2.9539945824e-01 1.5128949761e-01 1.1796504480e-01 4.6303634061e-02 4.4940814189e-03 -7.2938503631e-01 4.7436205110e-03 1.3998967654e-01 -6.7103205876e-02 -6.3562054323e-02 1.5429954950e-01 1.5690357197e-01 -2.1760444420e-01 -8.5777822974e-02 -3.8479652261e-01 2.8054007375e-02 7.4165999576e-02 -4.8878308947e-01
-5.2427912880e-03 -1.7271848744e-01 2.0526157162e-01 9.0399628029e-02 7.5581891293e-02 7.8232772501e-02 -2.2769441729e-01 2.8134185710e-01 1.2694277976e-01 1.2306546125e-01 1.8045636994e-02 -1.6079838970e-01 -5.4096336898e-02 1.3326381070e-01 1.2731443636e-01 -3.2608405524e-01 -9.1251983574e-02 1.6628246055e-01
-3.9528526703e-01 -9.5878468453e-02 1.6285909222e-01 5.0975515776e-02 4.9951850240e-02 -9.9842052138e-02 -2.0140987242e-01 -7.9466449913e-02 2.2348595021e-01 -2.3022290019e-01 2.2430432941e-01 1.8059065891e-02 5.0336072345e-01 -1.2729703970e-01 1.4450848004e-02 2.5409548028e-02 -1.4177012778e-01 -3.5858404640e-01
-3.7454771744e-01 1.4919949838e-01 1.2194040294e-02 1.2108660801e-01 1.1452830466e-01 -2.0920856730e-01 -7.3604438844e-03 -3.0725423419e-02 1.8203011386e-01 -5.2772129190e-01 3.0522159374e-01 1.1241962479e-01 -2.9855666840e-01 -5.5327709537e-01 1.7653727932e-01 5.2974422000e-02 1.8852071522e-01 -2.1921096513e-01
-4.2925216352e-02 -2.3163414657e-01 -9.7608542483e-03 -6.0042881766e-01 1.4233495082e-01 2.1875017258e-01 -1.7010847467e-01 -1.3830139878e-01 1.0427209511e-01 -2.2633571469e-01 1.9509556109e-01 -1.2847540772e-01 2.7612432637e-01 -2.1918786698e-01 1.1719589620e-01 -2.9102407288e-01 -2.7132377191e-01 -7.3724424678e-02
-4.4382477421e-02 -3.1947868964e-01 6.2580327698e-03 4.9329023337e-01 2.2000272552e-01 3.4493605133e-01 -2.0004744719e-01 -2.4607893611e-01 -3.5884498872e-01 1.1608343816e-01 3.8575037391e-01 2.1974831190e-01 1.0111261570e-01 -1.1062019502e-01 -2.7319390000e-01 -1.0608715569e-01 -2.9967990599e-01 1.4793840554e-01
-2.6793885824e-01 -4.7286938524e-01 -7.2813033157e-02 -3.4081196050e-03 7.9530168758e-01 4.0056031659e-01 1.5507719524e-01 1.0841486525e-01 -3.1054315357e-01 -3.8200687450e-01 1.0569350308e-02 -4.0448029981e-01 -2.4116765280e-02 -2.3223708982e-01 4.2634568723e-01 -2.0376008462e-01 3.7424681338e-01 4.1387107019e-03
