3.0209252541e-01 2.5687831415e-01 3.4175646875e-02 -4.2832804661e-01 3.9018246192e-02 4.5710306684e-02 1.3666734491e-01 -3.3830784187e-01 -2.3662389957e-01 6.3976113622e-02 -1.0585704718e-03 3.5956945470e-01 -4.9178548515e-02 1.7606160523e-01 2.8229178259e-01 -9.3914061556e-02 1.0183863535e-01 1.5755514034e-01
2.9316718359e-01 3.2279380572e-01 1.0433288629e-01 -1.1531111860e-01 -1.1828293070e-02 -5.9318987005e-02 2.4075299688e-01 2.7570645910e-01 7.4653139239e-01 2.7742849536e-01 4.2423605307e-01 -2.2115241250e-01 2.5205945090e-01 4.1411504204e-01 1.3458985773e-01 6.4519367959e-01 2.2524928831e-01 -4.0814683066e-01
2.9835379196e-02 1.1386348903e-01 3.2032526678e-01 -4.7548823341e-01 -7.4263059309e-03 7.6745522435e-02 4.0660856768e-01 7.9041044020e-02 1.1449441205e-01 5.9921189818e-01 -2.1596710542e-01 -1.8970903146e-01 -4.2920226388e-02 1.0609953170e-01 2.0695936268e-02 3.1745852826e-01 3.6994098106e-01 2.8524393814e-01
4.4345157012e-01 -1.8160773405e-01 -1.6506934303e-01 -5.6414783089e-01 -4.4092769895e-01 7.8727734588e-02 1.9669119293e-01 2.6264192650e-01 5.4046774522e-01 5.2851010160e-02 -4.4562352875e-02 3.6455734923e-02 3.4761059675e-01 -4.2496077666e-02 2.3653665333e-01 -2.0353673283e-01 1.8934899574e-01 -1.0659555832e-01
4.3953426692e-02 -1.7947303403e-01 -4.5510421147e-02 -3.5833589760e-01 -4.5889378033e-02 7.6579730875e-02 1.3301020503e-01 -3.0434099680e-01 4.5349863041e-01 -2.8490443135e-01 -9.5708432090e-02 -3.6426543466e-01 -1.6663731983e-01 -6.0491079545e-03 -4.6249430992e-01 3.3177944109e-01 1.2424246756e-01 -3.0519412308e-02
-4.0407154181e-02 -2.7294172272e-01 1.2769548193e-01 -1.5191598379e-01 1.4301830423e-01 6.3734276931e-02 -1.3849183084e-01 -5.6269090759e-02 -3.7439620079e-01 -1.6921695533e-01 -2.2526062204e-01 2.8269821638e-01 1.2419164057e-01 2.2517139488e-01 4.0831223516e-01 2.5980637432e-01 1.5519006291e-01 2.6564012743e-01
-2.0540836388e-01 -2.9729398818e-01 -9.5979521209e-02 6.6832581516e-02 3.1513908984e-01 3.9984266785e-02 2.2895684969e-01 -7.3983755219e-02 -4.0531145241e-01 3.6081179795e-01 -1.2721490393e-01 -4.8728576995e-02 2.4270329027e-01 4.5509076986e-02 4.8512780253e-02 -2.6450228890e-01 3.9543418624e-01 9.1745474081e-04
4.0872388916e-01 6.0246957015e-02 2.4289235452e-01 2.9184016519e-01 -2.7743766201e-01 4.9542697462e-01 4.8229948629e-02 2.6104182958e-02 3.9074066869e-01 2.2105366388e-01 1.4529481756e-01 5.3956371328e-01 -3.2615642722e-01 1.6914504296e-01 8.7603237292e-02 5.5060717757e-02 2.1971327585e-01 1.1033153095e-01
-1.2465727482e-01 -1.5579909002e-01 3.0090119686e-01 -1.8832155389e-01 -3.3932883778e-01 1.7145217611e-01 -1.6926456197e-01 2.2910869516e-01 1.2169822874e-01 -5.6629658824e-01 2.8533891292e-01 -1.5064448853e-01 1.5399053591e-01 -1.9538775938e-01 6.0380548606e-03 -4.5807415909e-02 5.2768197772e-02 -8.5304406493e-02
1.7495511169e-02 -1.3659662348e-01 1.5359223883e-01 1.0251101305e-01 -1.6242130392e-02 2.0930718171e-02 -3.2378819925e-01 -3.5296758454e-02 3.3015723917e-01 -4.9352776425e-02 -3.6372561412e-01 5.7069611759e-01 -1.8225229672e-01 -1.6781141500e-01 -9.5963863786e-02 -1.9639307724e-01 -2.3828532090e-01 1.1699861168e-02
-4.5579110553e-02 -3.1960906296e-01 -2.7829599327e-01 2.7257102473e-01 -5.8883621305e-01 -2.1790925062e-01 5.3236881555e-01 -1.0634441281e-01 6.3515410801e-02 -9.7825804090e-02 1.2375371553e-02 -2.0141823881e-01 7.8843552034e-02 1.5046287737e-01 2.1748134073e-01 3.0039595223e-01 -1.7777870596e-01 1.1257802262e-01
-2.1984088032e-02 6.5292289207e-01 -1.6216094803e-01 -1.6810367917e-01 1.6400489106e-01 1.5608998185e-01 2.8397991455e-01 1.9557401499e-01 6.2569078922e-02 -6.6181836231e-01 8.3980994442e-02 -1.9185478984e-01 9.3033529942e-03 2.8300503749e-01 -5.0328406340e-01 1.6256780849e-01 3.3490325583e-01 -4.8572403411e-01
3.4892147179e-01 3.8323549480e-01 3.3221967382e-02 -1.9726868991e-02 -1.6387058511e-01 -5.3210571522e-01 -1.1580070260e-01 9.7003737837e-02 -2.7798295961e-01 -9.5997628809e-02 3.2474310239e-01 -2.1704755472e-01 -4.6937533586e-01 3.9961477079e-01 -2.6013955322e-01 -3.5774473867e-01 2.4983325027e-01 4.0281117741e-01
9.9592231106e-02 -7.4156411406e-02 9.4615216834e-02 -3.0181632237e-02 -2.9232279919e-02 -1.6459784081e-01 -9.2938142097e-02 -2.5801396045e-01 1.4203456307e-01 3.0669152017e-01 6.5157822735e-02 3.6249710715e-01 7.9580576270e-02 5.3764743093e-02 -1.9621172519e-01 -2.3293678080e-01 -1.4802612821e-01 3.1967836009e-01
3.6246223757e-02 -2.4980298118e-01 3.7351454802e-01 -3.8088315775e-01 -2.9546573653e-01 -1.0243034387e-01 2.3495701231e-01 -1.2572977619e-01 1.8683332362e-01 -2.7100491702e-01 -8.7037331289e-02 3.8823245566e-01 -8.8191075384e-02 -1.5080935858e-01 3.5031141010e-01 5.9309648802e-02 2.9306813480e-01 3.4080976886e-01
-1.9553014513e-01 -1.6650645210e-01 6.7441522146e-02 1.4951031241e-01 -6.2509733303e-02 6.2442991668e-01 3.4625177047e-02 -5.8692275312e-01 3.0412688288e-04 5.8232013943e-01 -4.3757419089e-01 4.6903869675e-01 4.6947198822e-01 -3.1134582511e-01 5.2414885862e-03 2.8408757800e-01 -4.0993143755e-01 5.8420228110e-01
-5.6596807380e-01 1.9627385968e-01 -6.7990596990e-02 1.1888543982e-01 -2.6363715670e-01 -4.4179091131e-01 -1.8757971479e-01 -5.1494981813e-01 1.3953244249e-02 -3.9854436319e-01 5.7303948004e-02 9.4391133897e-02 -4.4613847939e-01 2.1901387977e-01 -2.4801922821e-01 -4.7898899103e-01 4.4255301771e-04 -8.7300702957e-02
3.1240838575e-01 4.5804561920e-01 -4.7601957121e-01 -1.4392971223e-01 -3.1536900889e-01 -1.8317393816e-01 -7.3935284368e-02 1.4792806281e-01 3.3309779685e-02 -9.1894727605e-02 2.2016557439e-01 -1.1258182025e-01 4.8246003706e-01 -1.0876261943e-01 2.0154380104e-01 3.4509336356e-01 4.1137806073e-02 -5.3317039448e-01
