3.2413897780e-01 2.4164971410e-01 -1.8625301677e-01 1.0006900823e-01 -7.5740965096e-03 6.4689854661e-02 -2.4068165822e-02 3.3934643311e-02 -2.1978782856e-01 6.6638187112e-02 3.5332815509e-01 1.3054623492e-01 -6.4583001651e-02 -1.6377777120e-01 1.7291159135e-01 9.1030675371e-03 2.0056092827e-01 3.3753600706e-01 9.8017030258e-02
1.3883731757e-02 -2.2571049518e-01 6.8957726028e-02 -4.0422222763e-02 -1.8529682203e-03 1.2516391373e-01 -1.9789129095e-01 1.2084292802e-01 -3.0240100459e-01 1.6550776725e-02 -7.3550189687e-02 -5.7083809246e-02 -9.1593704403e-02 -4.3289374573e-03 1.5427428692e-01 3.2968534100e-03 -1.1004854420e-01 -9.7677324833e-03 1.6065484489e-01
4.2761160629e-02 -5.5649059269e-02 1.9466290636e-01 -1.3371653633e-01 3.6032388664e-02 6.2863671480e-02 1.4965893022e-01 -3.6024692984e-01 2.7263980330e-02 -5.1844791648e-02 -1.5307977315e-01 1.1928257896e-01 -7.1913212178e-02 4.5599715105e-02 2.4900662207e-01 -1.1895052940e-02 -2.0783208854e-01 5.0856406897e-02 1.0746247189e-01
4.3405630774e-02 -6.2204588211e-02 1.7906604116e-01 -4.3795561356e-02 -1.8675171897e-01 1.1013357165e-01 1.2911859893e-01 2.6905650506e-02 1.3167665854e-01 -3.2850194942e-02 2.8101695296e-02 1.0027130405e-01 1.9785319956e-01 1.0101413607e-01 -1.1786259148e-01 1.0813509903e-02 2.5825812764e-01 3.6948138205e-02 -6.7800964805e-02
1.0784206346e-01 1.3580841285e-02 -9.7036173987e-02 -2.9498135512e-02 1.3629467098e-01 2.0335553673e-01 -2.0262137473e-01 3.3827164781e-01 -1.1305598856e-01 -7.4358947576e-02 6.5686882164e-03 1.6228710249e-01 -2.7427015160e-03 7.7065290953e-02 -8.8989953340e-02 -2.9331666628e-01 -2.9141638008e-01 3.0338846536e-02 1.4068729450e-01
1.5345308567e-01 -1.1530550371e-01 -4.4343144559e-01 2.5852011591e-01 6.2587792684e-02 3.1589636314e-01 -9.4242937938e-02 5.0118093709e-02 -4.3771633078e-02 2.2114308940e-01 -8.3914175083e-02 -6.3537902202e-02 6.8382436610e-02 6.6948427186e-03 -8.3169364187e-03 8.4448107285e-02 1.5972012581e-01 -6.1410069539e-04 -1.2931081945e-01
6.5267903595e-02 9.3392918634e-02 2.7966453693e-01 -9.3496217058e-02 -1.2507010467e-02 -2.9181619837e-01 -2.1854393055e-02 -8.1949024028e-02 1.4177380624e-01 -1.7703128605e-01 -2.6763810930e-02 3.4943445905e-01 1.2819666785e-01 2.8980314886e-01 -7.1746530205e-02 -9.2032219931e-02 -1.1441088519e-01 2.6086347531e-01 -1.2878990026e-01
2.0548950456e-01 -1.0499604163e-01 -1.7274682135e-01 3.2758743302e-01 -1.4723282446e-01 9.9809659209e-02 -9.7315258535e-02 2.7222849521e-01 -1.0373852052e-01 1.4767512803e-01 -3.7150347604e-02 3.8819939496e-02 -8.8764438627e-02 -1.1991117763e-02 6.0464588560e-02 1.6802378922e-01 5.3279024445e-02 -4.7242916181e-02 -6.9930103731e-02
-4.1412010562e-02 1.3034112000e-01 -1.1609072640e-01 -2.9370699261e-01 -8.1809412408e-03 -1.6933572206e-01 -1.5829122234e-01 1.1151651221e-03 1.6622039509e-02 -6.2626957536e-02 5.3918052766e-02 6.6028058710e-02 1.6801189134e-01 9.4479456317e-03 -4.3050567762e-03 5.5410989750e-02 -8.6976260906e-02 -9.2920263461e-02 -6.7709549966e-02
-1.6494423536e-01 1.2252177773e-01 1.2708896359e-01 -5.3487582713e-02 -1.8252328355e-02 -3.8302640346e-04 1.1695759561e-01 -1.2603968028e-01 3.1111407528e-01 -1.4998984833e-03 -2.7937208155e-02 -1.7411344517e-01 1.7900087575e-01 -1.0770253354e-03 -6.0275523322e-03 -4.9053435022e-02 2.5783036678e-01 3.1696319442e-02 -8.6166109471e-02
