-3.4707229214e-02 1.4088823538e-01 9.5161750799e-02 1.7698888428e-02 -3.7469004701e-02 -2.6741597380e-02 -1.3091625379e-02 3.1952475454e-02 8.9381260901e-02 8.4795603660e-02 8.8073953659e-02 3.7423300760e-02 1.0066526099e-01 2.0604084276e-02 9.9424488725e-02 6.9720080344e-02 7.0378958503e-02 7.1913490677e-02
9.3213216296e-02 2.1805732638e-01 -1.8442906580e-01 -8.6859498387e-04 -6.0455519061e-02 -9.3908195289e-02 1.8031376280e-02 2.8963823618e-01 9.3543230291e-02 1.2455493660e-01 8.5125659356e-03 6.1112644198e-02 1.6206031118e-01 2.9973244379e-01 -1.1928142836e-01 -2.4448594105e-01 2.1487338960e-01 8.4879661825e-02
-9.4658681497e-02 -3.0798869152e-02 1.2033894595e-01 -6.6177821738e-02 3.7483696409e-03 -3.8526226100e-02 -2.0557017171e-02 6.4843646581e-02 -1.7519327237e-02 -8.1350424215e-02 -1.2085060265e-01 -2.5914689066e-02 1.8148457072e-01 4.3437541725e-02 1.1746349014e-01 2.7845198304e-02 5.1526815952e-02 -8.2702023298e-02
-5.7485654627e-02 -7.4887143208e-02 6.8675410491e-04 5.0133801722e-03 -9.9694422946e-02 -2.7861028485e-02 3.4387533690e-02 -1.2986726289e-02 7.1521348478e-02 -1.8105598997e-02 1.6733925490e-01 -2.4554715089e-02 -4.7389602958e-03 4.3018872837e-02 -2.4213004526e-02 1.9166211091e-02 -1.8913883735e-02 -2.4124542639e-02
-8.6059042745e-01 -4.7914130962e-02 5.4006354323e-01 6.3864087957e-01 3.2994005017e-02 2.0081219289e-02 -1.4368184769e-01 -3.8483088407e-01 -5.2023406027e-01 -2.0287639214e-01 -9.3599533082e-02 -1.9782730954e-02 1.0827798012e-01 -3.6435827573e-01 5.6057515773e-01 3.9499615971e-01 -1.7624837575e-01 -3.7714009076e-01
4.5382914744e-02 1.1195437634e-01 3.8657559149e-02 1.5013138941e-01 -1.1853761403e-01 7.4301221245e-02 -7.3226191390e-02 1.2071376311e-01 5.0531112704e-02 5.4231276514e-02 4.6686912770e-02 -3.4884937091e-02 1.1135620830e-01 1.0671904245e-01 2.2834645665e-02 -1.1026107681e-02 1.0753991564e-01 1.4532584937e-01
-1.0812923287e-01 1.4113373164e-01 4.3789817116e-02 1.3314429656e-02 -6.5166802349e-02 -1.1199788674e-01 1.5783852678e-01 3.4811564139e-02 7.3311118234e-02 5.9417095656e-02 -4.6491046259e-02 1.7465120325e-02 1.3438330857e-01 2.7950416926e-02 -8.8441091203e-02 -5.6346366417e-02 1.1962033927e-01 -3.1044454597e-02
-3.9651427976e-02 8.1655085605e-02 1.9921431127e-01 1.3509906439e-01 3.0352091038e-02 -5.3926382302e-02 7.5857741247e-02 1.3521618226e-01 -6.0227379960e-02 4.0704655477e-03 -7.5904620688e-02 -4.7388755038e-02 9.2163840159e-02 -3.5847584892e-02 1.0193126271e-02 3.2454909780e-02 7.2140193446e-02 -1.5057050978e-01
2.8132148503e-02 1.0726518081e-01 6.2098791094e-03 9.4980246547e-02 1.4393417373e-02 -5.4220377971e-02 -1.2970260010e-02 6.4530212227e-02 1.1350924935e-01 5.8595313340e-02 -4.2674680808e-02 -6.6699243730e-02 1.2312625110e-01 -2.5905363037e-03 -2.1780980433e-01 -1.4042457197e-02 1.9118851560e-02 1.1943092443e-01
-1.2375535102e-01 1.3119117809e-01 -7.5050567899e-02 4.7025931130e-02 -7.2357895905e-02 1.0321060790e-01 4.5544939278e-02 1.0849281163e-01 1.2250284959e-01 3.0647958032e-03 -1.7172918524e-02 8.1263084362e-02 9.0010247437e-02 3.6996794162e-02 -5.6859285274e-02 -5.6332156462e-02 1.1956884965e-01 3.5457967124e-02
-2.4649139192e-01 1.6169329120e-01 -2.6969304496e-01 -2.1646051316e-01 -3.7172457031e-02 4.8600296032e-02 -1.9537207326e-02 1.7874524884e-01 6.1629721027e-02 -3.7344275046e-02 -4.1082203175e-02 -1.0931330453e-01 2.9717501242e-01 2.2887566119e-01 -3.4382477770e-01 -3.5817422858e-01 1.9350002713e-01 2.3554876932e-01
8.1693831074e-02 6.7830223986e-02 9.8093815662e-02 1.4894386317e-02 -8.3247119535e-02 1.5834395406e-02 1.5921475455e-02 1.6152190388e-02 1.0163876470e-02 1.0436924159e-01 1.5391242491e-02 2.6403766446e-03 2.3413238969e-01 1.4566010809e-01 1.4450800087e-02 -6.0431049937e-02 1.1660179058e-01 5.2120186594e-02
-6.6871265056e-02 -5.5520061662e-02 -1.1101818338e-01 1.0975783303e-01 1.0750661777e-01 4.3077860777e-02 -3.3842291348e-02 3.2671214877e-02 -1.3921341537e-01 5.1985521054e-02 -3.6375538034e-02 2.6291679689e-02 -1.3773129524e-01 4.9541581039e-02 -1.2810398201e-02 -8.7982945934e-03 2.0912396277e-02 -8.1366558421e-02
2.3968928686e-02 -2.8224981368e-02 -2.6828708624e-02 -1.1047858950e-01 -3.4270370379e-03 3.7311003101e-02 2.9562221024e-02 3.3644059812e-02 -8.5997289055e-02 -2.4538446901e-02 -3.4704113814e-02 7.1522050498e-02 1.7089598087e-02 -1.2801088847e-01 1.8590376764e-02 3.4665162553e-02 5.2670613197e-02 -1.0442247473e-01
1.1493054499e-01 5.1346180179e-02 1.2427889793e-01 1.0538515092e-02 -5.4853399505e-03 8.3012000039e-03 5.8375206595e-02 -2.9051418985e-02 -1.3408572799e-03 6.3331360886e-02 -8.2394195478e-02 8.0113264565e-02 -3.9276913937e-03 2.5921074128e-02 -2.9456514126e-02 5.3543347217e-03 6.1466586051e-02 -1.3776211336e-01
-2.1730070423e-01 8.8554824589e-02 -1.2718083297e-01 -2.1832933198e-01 -7.2706377097e-02 -3.3902873602e-02 3.9284207565e-03 2.3427202515e-01 5.7249579193e-03 -3.1073913290e-02 -1.3380977032e-02 5.8838126946e-03 9.2696908861e-02 1.9949333405e-02 -1.5647981383e-01 -1.2402662578e-01 1.3817975612e-01 4.4816026356e-02
2.7405475705e-01 2.1782034830e-01 -1.2123398180e-01 2.6639942176e-01 1.0718324552e-01 8.5840646715e-03 -3.7427400699e-02 9.7040143755e-02 2.0903180181e-01 2.6512788234e-01 7.7978872609e-02 8.9103952164e-02 1.8523414360e-01 1.9217982023e-01 3.9262218512e-03 -1.2985943712e-01 1.3614508102e-01 1.2946660125e-01
1.7426344553e-01 2.2473006507e-01 -6.6257971986e-02 1.2840639102e-01 -3.9762833738e-02 3.8412618389e-02 3.9778485489e-02 3.4117081986e-01 4.2419391591e-02 2.5351044968e-01 1.1553955749e-01 -1.6189781354e-02 2.8901019534e-01 2.1143071902e-01 -9.1482621240e-02 -1.1477040149e-01 2.9716865631e-01 2.0107028825e-01
