1.4041025690e-01 2.7090928856e-02 5.8857384802e-02 -1.0324055432e-01 2.4995241502e-01 1.2944012693e-02 -1.9431484082e-02 -2.2210139724e-02 2.2991621374e-01 1.3899659128e-01 2.6187020197e-01 1.7345746133e-01 -4.8003361465e-02 -1.0318760407e-01 1.6381937054e-01 -6.7867726040e-03 -7.8974862590e-02 2.8325787126e-01 -1.2578600011e-02
-5.7870334532e-03 3.4510849583e-02 -1.0025917417e-01 -5.6376863110e-03 -1.6366871706e-02 1.2794223312e-01 7.0140951057e-02 -2.1372498425e-02 -1.2548486982e-01 -7.6563974887e-02 -2.0243930018e-02 -1.8313655366e-02 8.0284622308e-02 1.1093631455e-01 -3.2010395469e-02 7.0086345335e-02 6.4255639145e-02 2.4373083593e-02 5.6855342946e-02
1.0475456759e-01 -8.5167458571e-03 -7.3690416235e-02 1.1263552622e-01 4.9729491131e-02 8.6667106550e-02 8.2415524805e-02 -1.2694709367e-01 1.2070174724e-01 4.1874038314e-02 5.1572265283e-02 1.1069988947e-01 4.9182041282e-02 7.3090801084e-02 3.5937829404e-02 1.7794117318e-01 1.1573775626e-01 1.2408695262e-01 -5.7800490624e-02
-2.2295468937e-01 7.5674402414e-02 -3.5380620963e-02 -5.9578157340e-02 -1.7162841412e-01 -5.9015673251e-02 4.8348720421e-02 1.1611751154e-01 -2.0632239004e-01 -9.9747423020e-02 -1.7612030389e-01 -1.6603889821e-01 -6.8488595521e-02 3.7441425876e-02 -2.9100668918e-01 6.5938421499e-02 7.1681581345e-02 -2.0298800662e-01 -3.8676609494e-02
1.3536834935e-02 1.0062692636e-02 4.6409604772e-02 -1.9794011182e-02 -4.0917788188e-02 -2.5178309188e-02 2.6767701114e-02 5.2358461915e-02 8.5622235490e-02 4.3707660064e-02 2.0957913715e-02 -5.2636651331e-02 7.0768555121e-02 -1.7892106879e-02 -9.5170940165e-02 1.5534595930e-01 8.4434355928e-02 5.7229104069e-02 -2.4108809356e-03
1.4823713821e-01 -1.5244846349e-01 -7.9372063016e-02 -4.9369851022e-02 4.4321459810e-02 6.7723441986e-02 -7.8584248733e-03 -1.6828001426e-02 1.2154077412e-01 1.8524251149e-01 1.9081954553e-01 1.1356154743e-01 -8.1042365476e-02 4.7438191829e-02 3.3823388577e-02 4.5429981149e-03 -5.0079766936e-03 2.1023382996e-03 -2.7440286490e-02
-6.6416774610e-02 -2.5926027023e-03 -3.7833924888e-03 1.0390853714e-01 -1.8175322754e-02 1.7229177958e-01 5.4899583337e-02 1.6368478912e-01 -3.6123457663e-02 -1.4733782977e-01 -7.7439953401e-02 -1.0941750769e-01 1.7620540461e-02 2.2016052122e-02 -1.6980467505e-01 6.1214211392e-02 7.2475984990e-02 -2.0211936041e-01 1.3023787759e-02
1.2436159363e-01 1.3322014549e-01 -4.1611850748e-02 6.7102618109e-02 1.0702588573e-01 9.6131796082e-02 -8.2034052747e-02 -6.0419942715e-02 4.6310130084e-02 2.4584288132e-02 1.5327424500e-01 1.3433980985e-01 2.5830032548e-03 7.5954855932e-02 1.2329453511e-01 2.0005070901e-02 1.4146771681e-01 1.3753567119e-02 3.8173503102e-02
1.4453874255e-01 -1.5396042326e-01 1.5013482264e-03 1.5151946890e-02 1.7641753054e-02 7.1063164828e-02 -1.9636466011e-02 -8.7360661840e-02 4.2433686439e-02 1.0759336813e-01 -2.0382881734e-02 1.8275497805e-01 -6.4748602335e-02 -1.0329585230e-02 1.4198881176e-01 1.7293483863e-01 -5.3221000844e-02 3.5429427292e-02 -4.2015445511e-02
9.8496026078e-03 -3.5057755055e-02 8.8153856060e-03 -7.1703267307e-02 8.3901317845e-02 6.6266673699e-02 -1.2759099960e-01 1.1399822944e-01 -3.4305242605e-02 -5.7657453744e-02 8.0922315454e-03 -5.6425742422e-02 -1.0553464185e-02 1.1175822429e-01 4.7999779646e-03 7.5138027094e-03 -2.4680488856e-02 1.4211258203e-02 -7.6647921014e-04
2.5700928741e-01 -1.0409829566e-02 -5.5662163959e-02 -2.6759518384e-01 4.4450340970e-01 -1.4477290009e-01 7.3240259484e-02 -1.3431694011e-01 2.2660751601e-01 2.8166527218e-01 4.1648847966e-01 2.5026014821e-01 -2.8284566075e-02 -3.1847468994e-01 3.5633987607e-01 -4.2251018861e-01 -3.1545246282e-01 2.2269988623e-01 -3.5575163498e-02
-1.2496954361e-01 5.4258608821e-02 6.9676738349e-03 2.5965505448e-01 -8.6020419403e-02 2.5397960054e-01 3.2809374474e-02 1.3682146482e-01 -1.1647515033e-01 -1.9974661514e-01 -1.0605720003e-01 -2.1985739268e-01 -4.9334978200e-03 2.2690038941e-01 -2.2524556574e-01 -5.5362951193e-02 1.7635329608e-01 -3.0189635717e-01 -3.7910161235e-02
-1.5003627286e-01 -1.3452486078e-02 6.9278489281e-02 2.0044031475e-01 -1.3865170421e-01 2.0498092022e-01 -9.7822444673e-03 5.3389201964e-02 -2.1592208215e-01 -2.3401153187e-01 -2.0540516220e-01 -3.3101430851e-01 -1.5435536837e-01 3.0242713003e-01 -1.7989266356e-01 1.4623759283e-01 2.4404547522e-01 -3.0622496386e-01 -1.1054324172e-01
2.6170447504e-02 1.5557343605e-02 5.1510801072e-02 9.0970215285e-02 -4.5393145792e-02 1.9844530168e-02 1.5941036571e-02 -7.0363327176e-02 -8.5917269598e-03 -3.3661985239e-02 1.5743249264e-02 -1.4059576540e-02 6.4448160762e-02 -1.2749817374e-01 5.9672464617e-03 -1.2198282411e-01 -5.0599828237e-03 -7.1650812086e-02 5.5497546220e-03
6.3382092058e-01 1.1587125371e-01 6.0070621441e-03 -5.4546090845e-02 8.2247960048e-01 2.8656716075e-01 4.1786201868e-02 -1.1437905883e-02 4.8533849530e-01 5.2990374461e-01 7.2575013330e-01 6.4868144575e-01 7.7912500486e-02 -5.6331727414e-02 3.2190410039e-01 -3.0763236260e-01 -2.9426462491e-01 4.6099727757e-01 6.4983241090e-02
4.6713465025e-02 -7.8818080450e-02 4.0835369893e-03 2.7571276784e-02 1.8082445265e-01 4.6507547895e-02 -6.5580267489e-02 -1.4704773435e-01 1.1416088503e-01 9.9802457973e-02 1.1662776852e-01 2.4387436006e-01 8.2356373943e-02 -6.9041193485e-02 7.1166306080e-02 3.9497499199e-02 -7.8242868737e-02 9.1496660456e-02 -5.8640029168e-02
-7.9371723152e-02 2.0733446936e-02 9.6392878869e-02 -2.8877870754e-02 2.8487097396e-02 5.6032896516e-02 2.6500621371e-03 -8.9697698391e-03 2.1939301118e-02 -5.4955790655e-02 -3.4985181190e-02 4.3645070381e-02 6.1847788172e-03 1.5280782791e-01 5.7439622210e-02 1.0975302674e-05 7.2372001945e-02 -8.5411323675e-03 9.9151113447e-02
1.4954348878e-01 1.1942605918e-02 5.8253558321e-02 -2.3849783716e-02 1.9582776223e-01 4.4348940958e-02 1.9892448204e-02 9.9838334879e-03 6.9542971677e-02 2.5514248064e-01 1.3449869642e-01 1.0218854627e-01 5.2137731463e-02 -1.5182423844e-01 8.7927327706e-02 3.0384123692e-02 -6.2473537512e-02 1.0704069215e-01 -1.2134780682e-01
4.2894470308e-01 9.1033603022e-02 9.6622889881e-02 -3.0944998064e-01 5.2718470447e-01 -1.1598569443e-03 3.9237702196e-02 -3.6757050814e-02 3.6305178191e-01 5.5191466965e-01 5.7230072475e-01 4.7306840127e-01 9.5681440034e-02 -1.6226770884e-01 4.4162874214e-01 -2.8048359614e-01 -3.6525804794e-01 4.6491236714e-01 3.5030129975e-02
