-2.3952283496e-02 -1.1295305865e-01 -1.2700350077e-01 9.2523138657e-02 2.1966839320e-02 -9.4496704405e-02 -1.9210297993e-01 -4.3539969561e-01 6.7776473700e-03 -1.2129569285e-01 -3.0501662347e-01 -1.1651452412e-01 -5.8383397541e-02 -1.0717508201e-01 3.8648092263e-01 1.8141993667e-01 1.1568029631e-01 -6.7308543707e-02
1.1487772365e-01 -7.8382025637e-02 -1.8409819533e-01 -1.4949010270e-02 -4.9411458376e-02 4.4640096927e-03 -2.8488424941e-01 -4.1658443377e-02 2.7529058491e-01 5.8785607730e-02 -1.2876916522e-01 -7.5959472756e-03 -1.6706681974e-01 -3.0565681429e-02 -1.3518421016e-01 -1.2066567222e-01 -1.0888150055e-01 9.0005926961e-02
1.0647755717e-01 -6.0935331821e-03 -1.1244884884e-01 -1.7030752112e-01 1.3332157119e-01 -4.8864420710e-02 -1.1546884365e-01 1.0697875871e-01 -2.6700732221e-01 -3.7076515774e-02 3.3662500923e-02 -8.3110922483e-02 -1.2776753123e-01 1.9146152688e-02 3.3501416503e-02 -3.6453994476e-02 2.6760916910e-01 -1.5605550860e-01
-1.7298549566e-01 -1.6064226312e-02 -2.0459884818e-01 1.6295197882e-01 -5.4093274570e-02 4.1626458072e-02 2.5079057988e-02 3.2492566677e-02 -1.2403123284e-02 -5.3065029511e-02 1.3191797884e-01 -1.0099580487e-01 3.9586830950e-02 -7.3249662116e-02 4.3959788450e-02 1.5788715214e-01 -2.2316084247e-01 1.6989501543e-01
2.3389757143e-02 -1.4464483189e-01 -9.7266988946e-02 1.3461957183e-01 -2.1179915162e-01 1.0142161143e-02 7.6094762612e-03 1.4156281434e-01 1.1297232057e-01 2.3970819194e-01 -1.6479078659e-01 -2.1537369181e-01 1.7641075059e-01 -1.3555542604e-01 -2.2536179762e-01 -9.1658600923e-02 -1.0021900402e-01 2.3636441628e-01
-3.1664734425e-02 -9.6127780409e-02 -3.8903432607e-01 -1.9025769650e-02 2.1527957844e-01 1.3304121088e-02 -3.4207078226e-02 -5.8688685443e-02 1.9012137527e-01 -1.8106868888e-01 5.4528566222e-02 1.9844338497e-01 5.9709057755e-02 1.2229245866e-01 -4.0978897973e-01 -6.8940482127e-02 2.7321418224e-01 -4.1840671709e-03
-1.0673072413e-01 -2.4499349003e-02 -2.3740709877e-01 -7.1495323204e-02 -1.7507471057e-01 -4.5838111108e-02 -1.2124336657e-01 1.3875231853e-01 -2.4331650226e-01 -1.1532860058e-01 -1.3314103270e-01 -1.3664309281e-01 -2.1142775066e-01 -2.2590407813e-01 -6.5911149554e-03 -3.6134029951e-02 -3.7627460629e-02 -2.6988210807e-01
-2.9798443910e-01 -2.1940424228e-01 1.9445241861e-01 1.3064086508e-01 4.1809906073e-02 -7.1210336420e-02 -6.9363841860e-02 2.9601795547e-02 -2.5601445456e-01 1.6841128325e-01 -3.3180539438e-02 -7.9659860210e-02 2.7077319857e-03 -1.5014541526e-01 2.8546001611e-02 -1.8533845492e-01 1.0342080608e-01 3.0379167720e-01
-2.3617625132e-01 3.3559617587e-02 3.0813177045e-01 -8.6117992023e-02 1.7361282324e-03 1.5791255058e-02 9.2914328910e-02 1.3944921369e-01 1.7721240938e-01 -2.0597994637e-01 -6.9193715667e-02 -1.8364684860e-01 -3.8765238848e-02 6.3028730389e-02 2.1745329052e-01 3.1184086514e-03 -1.0991747125e-02 3.1127311825e-02
4.9849919102e-02 -2.9276832558e-02 -5.1094362503e-02 -2.0444854215e-03 5.5429525289e-02 2.6255552879e-02 6.3710601604e-02 4.2257054570e-02 -6.9632760406e-02 -7.0288664191e-02 1.5049437403e-01 -1.5428508161e-02 -1.3007018942e-01 1.5525029383e-01 4.6570002241e-02 6.3176477588e-02 -1.5787235608e-01 -1.4937427017e-01
