6.1338326857e-02 -1.1282217539e-02 2.2203738429e-02 -1.5184375628e-02 -2.2918423309e-02 2.7214836644e-02 1.2346228385e-02 6.9290004020e-03 -8.4113515450e-02 -1.1575350441e-02 1.4638588208e-02 6.0594252271e-02 5.9317246311e-02 -7.3495602130e-02 -9.0025220992e-02 -3.2806581782e-02 -1.3790851067e-02 -2.6218187760e-02
7.6695871507e-02 2.2133627607e-01 4.2325183706e-02 -6.0688965956e-02 7.9065776981e-02 1.7129604580e-01 -8.5880409729e-02 1.5658878428e-01 -5.7893983130e-02 8.4250580727e-02 1.4392595489e-02 -8.5432419986e-02 -4.8404083142e-02 2.1014260373e-01 1.0127935641e-01 1.2154321963e-01 9.8129858393e-02 1.2376013193e-01
-3.0070693345e-02 2.7872595657e-03 -6.2629500410e-02 6.6109498738e-02 1.2048500283e-01 -1.6529434409e-02 -5.2798521868e-02 -5.2230393037e-02 -1.1105977760e-01 2.5595175982e-02 -5.5659339788e-02 -1.1033011140e-01 -2.4031364211e-02 3.6193197093e-02 -8.2432126491e-02 -1.0899854178e-02 -1.0363678250e-01 1.0368825350e-02
1.7490642227e-01 2.9088286680e-01 -3.7332799182e-02 -6.1249650585e-02 2.7098510113e-01 3.1448957656e-01 -2.9867214158e-02 3.5472361204e-01 -5.8123965252e-02 3.4717529772e-01 1.8988311710e-02 -1.7140886847e-02 2.7591840964e-02 1.5444211627e-01 2.2570366059e-01 1.7498328414e-01 3.6899253297e-01 -2.5650685683e-01
-3.1331365673e-01 -1.9717101660e-01 7.4415132907e-02 -1.3436937511e-02 -1.9838223563e-01 -1.8397831775e-01 -1.9009653186e-02 -2.1761052994e-01 8.2480243361e-03 -2.9485166774e-01 3.4636741799e-02 -4.5959103245e-02 2.5701079155e-02 -8.1834930584e-02 -2.5717203461e-01 -8.4661651591e-02 -1.9564072655e-01 8.5769644111e-02
-3.5408786534e-02 -3.4071215932e-01 8.2200565381e-02 1.1134211131e-01 -1.8914585520e-01 -2.3815142743e-01 4.6598228573e-02 -2.8281030765e-01 -5.1442363754e-02 -2.4264435748e-01 5.1609356723e-02 -7.4000446151e-02 -3.3450407736e-02 5.1981212235e-02 -3.1052295095e-01 -1.7199725608e-01 -2.4633045755e-01 2.2524929655e-01
4.8449488489e-02 3.0824580548e-01 -3.1005525805e-02 2.5800533408e-02 2.1027328420e-01 3.2183633119e-01 -1.9394757349e-02 2.5680779749e-01 1.3542409621e-02 2.8918414277e-01 -5.7448433884e-02 1.2726778098e-01 -6.4975534226e-03 1.3506313287e-01 2.1998498872e-01 3.4376565953e-01 3.4924287498e-01 -1.0025674242e-01
1.0787419101e-01 2.3595332483e-01 3.2670243708e-02 -2.2109373533e-02 2.4431205578e-01 3.5944953266e-01 2.3817396508e-02 3.2199217185e-01 -3.8882444136e-02 2.7385552943e-01 -6.6395740697e-03 6.5828981164e-02 -5.4322903700e-02 6.4675956190e-02 2.2037539433e-01 2.6078483615e-01 3.1750795722e-01 -8.6169397582e-03
7.4579840735e-02 1.3249072747e-02 6.0309283429e-03 9.5618678924e-02 -2.4479955773e-02 7.4659509013e-02 8.2964908019e-03 4.2932046360e-03 -7.0333557184e-02 -2.5337237137e-02 -1.7239003133e-05 -8.0839751176e-02 -8.1137277679e-02 -2.8168642241e-02 9.3823755116e-02 -8.5175589111e-02 3.5628240540e-02 -1.9410202281e-02
-1.1266484587e-01 4.7321148309e-03 -3.5640897019e-02 -1.0178239659e-01 2.5877055280e-02 -1.1470511999e-01 -4.9326676712e-02 -6.4471216072e-03 1.0002517086e-02 -4.6639717926e-02 8.5694430342e-02 -8.5851636080e-02 -7.6064035968e-02 -1.0237051946e-01 2.2025412672e-02 3.2807654938e-02 4.7469856996e-03 5.8942651493e-02
3.8638647901e-02 7.9384345536e-03 -8.6821706937e-02 1.3360053487e-01 -3.1346247976e-03 -5.2270682751e-02 5.2583870964e-02 -7.5442486774e-02 -2.4502750868e-02 -2.5489678606e-03 2.8551149413e-03 4.1980768894e-02 1.3687106583e-02 -7.1043437692e-02 5.6574669519e-02 2.5155476417e-02 2.0313445050e-02 -4.8365123930e-02
1.0297216533e-01 9.3029824147e-02 1.0525858555e-02 4.9048349626e-02 -4.5835102033e-02 -5.9334452934e-02 -6.0602166401e-02 -2.9519484331e-02 9.0781756953e-02 6.1628762458e-02 3.4518163133e-02 1.4238311394e-02 -1.2208167907e-02 9.5426159855e-03 -7.8679395321e-02 -1.7519194764e-03 -1.0470074751e-02 2.3886812138e-03
4.1786497644e-02 2.8403961824e-02 3.8804583964e-02 -7.4540046381e-02 7.4778812595e-02 1.2128900297e-02 -6.2062229529e-02 3.5506006630e-02 1.1471922442e-01 5.4110442280e-02 1.8538906617e-02 3.5824869432e-02 -4.4897960098e-03 -1.4837211865e-02 9.0344646963e-02 2.7858299776e-02 6.7288185439e-02 9.2455594722e-02
-1.1160522619e-01 7.7568723176e-02 -5.7674735065e-03 4.6898221588e-02 1.5087776542e-01 2.7661757851e-01 -6.4790788938e-02 1.8032933149e-01 -8.4594120594e-02 9.0862869596e-02 -2.9652861524e-02 7.6109792016e-03 3.4135435461e-02 1.4817635392e-01 1.5601098072e-01 1.5522769661e-01 1.2131649686e-01 -5.5244620890e-02
-1.9393675602e-01 -2.6758265734e-01 -9.5611187783e-02 -3.6503581525e-02 -1.9208974834e-01 -2.2255970995e-01 -2.1667281846e-02 -9.5076522010e-02 -1.6397129416e-01 -2.9897838804e-01 -2.6390720095e-02 -4.4802714702e-02 -9.3655918431e-02 -2.7937076869e-02 -1.3731275126e-01 -1.9847425786e-01 -2.1084910676e-01 1.5115756854e-01
7.3441861928e-01 7.8553233575e-01 -6.5472628253e-02 -4.4117677271e-02 7.7553591465e-01 6.1876968301e-01 -5.9695459159e-03 6.6380577550e-01 3.3390639710e-02 6.9830791606e-01 3.2581223407e-02 1.6354886889e-02 -3.4519203457e-02 7.4715928323e-01 7.9670112657e-01 7.1646922059e-01 7.2997259300e-01 -1.6120849693e-01
1.6055664650e-01 1.0301584815e-01 1.1038849912e-01 -1.0412526120e-01 1.4340617318e-01 5.3576711924e-02 2.5463608544e-02 1.5940006637e-01 2.3359699758e-02 4.1361110152e-02 2.3687235211e-02 -1.6018522887e-01 3.5379746391e-02 1.6141448424e-01 1.4566191037e-01 1.3106306064e-01 1.8588541806e-01 -1.1566058478e-01
1.0166265744e-02 1.0280170481e-01 -2.2287549420e-02 -6.7259351071e-02 1.8789172450e-01 9.3975159126e-02 5.5789840422e-03 9.4440499270e-02 -1.9171068807e-01 1.5402151685e-02 -4.0535873909e-03 -1.0444207008e-01 -1.5299661419e-02 1.2999165693e-01 1.0575974689e-01 6.8089060768e-02 6.5443140893e-02 -2.0756463693e-03
