-1.1303014913e-02 -7.2986980916e-02 9.8396607990e-02 -2.9104035004e-02 9.0391269927e-02 -5.8980397280e-02 -1.5404026134e-01 -3.7573886335e-02 -3.8022338953e-02 -1.5804718434e-02 1.1114424435e-02 3.0360810562e-02 2.0360028861e-01 3.8010426906e-02 -2.7875730404e-02 2.5548881963e-02 -4.5587315273e-03 2.1157712042e-02
2.5960150533e-02 -8.0608968089e-02 1.6317392454e-01 2.4904379525e-01 8.3868539333e-02 -5.9282565006e-02 -2.8840465151e-02 -3.2898388645e-03 -7.2388596247e-02 -1.4465197854e-01 2.3490615322e-01 2.3214057958e-01 -1.5787743199e-01 1.1679348425e-01 -7.4549197983e-02 1.4381418684e-01 3.4878294988e-02 -2.0752910979e-02
-4.6113321344e-02 1.7325750624e-02 -6.8774570864e-02 -5.6537029655e-02 8.3077383319e-02 -1.0590880330e-01 -2.2896811500e-02 -6.3788742855e-02 -1.3194962550e-01 -1.3115188712e-01 4.7538359572e-02 -5.5182281979e-03 4.1268203526e-02 -1.7425659099e-01 -1.9850952975e-02 -1.1172164196e-02 -6.3111303790e-02 2.5720128711e-02
-4.9059306615e-02 -4.2910198396e-03 2.8493611176e-02 -2.5032070313e-02 -9.0047197235e-02 2.8665829889e-02 -1.0448171313e-01 -4.1796879637e-03 -3.1020211997e-02 1.1270404965e-02 7.3617570580e-02 5.3300109854e-02 5.9060580574e-02 6.6336388951e-02 -1.0247946598e-01 -2.4019085447e-02 4.6127692984e-02 3.1063072951e-02
-3.8683192136e-02 3.5315126460e-03 1.3413929908e-01 1.2256848257e-01 -1.2830696475e-01 -1.5123649535e-01 3.0288898066e-03 -1.6529662979e-02 -7.6607941740e-02 -4.9241394587e-02 1.2605629880e-01 1.8061599453e-01 1.3699500117e-02 2.3306865302e-01 -2.4459381290e-02 1.3787832118e-01 2.0827115132e-01 -3.4664587184e-02
1.3441115952e-01 1.4694298717e-01 3.5236874969e-02 1.1816254321e-01 -5.5052383947e-02 1.4779519077e-01 -5.3003004786e-02 -7.8006099006e-02 3.2321855499e-02 -8.7372735176e-02 -9.1141419154e-02 -2.1263716690e-01 1.8234539045e-01 2.9964225033e-03 2.4710679415e-01 1.4215321580e-01 -2.3369411807e-02 -4.7504966340e-02
-9.1740123076e-02 8.3792657555e-02 1.5028813687e-01 1.1214922526e-01 6.1808189005e-02 -5.6030343763e-02 -1.3451784198e-01 -6.2861091987e-02 -2.7550735519e-02 -1.1491203982e-01 1.5467070514e-01 1.5919681905e-01 -6.2693055803e-02 1.2353006267e-01 1.1764890993e-01 1.8139236448e-01 3.3130172009e-01 2.4341045781e-02
-7.3486885171e-02 -1.6832840528e-02 3.0687029598e-02 1.2344622256e-04 7.3277334115e-02 6.4735601913e-02 -2.3476389058e-02 4.8851798103e-02 8.7946807582e-02 2.0340544180e-02 4.7107744037e-02 -4.2943347475e-02 -2.8663955824e-02 -6.4941695642e-02 -7.1175594734e-02 5.4947173294e-02 4.8496688727e-02 5.9205676264e-03
-2.9320903976e-03 3.2168923049e-02 -6.4135740368e-02 6.3328938367e-02 -3.4520185772e-02 2.8063083461e-02 -3.5757291096e-02 4.6977481333e-02 9.4632890302e-03 -1.9358107051e-02 -1.4072536441e-02 -8.8420495033e-02 -6.1462063734e-03 8.2057435310e-03 5.4631555460e-02 -4.1649962352e-03 -3.3261053194e-02 5.3748818868e-02
-6.3638454445e-02 1.5049502403e-02 2.8039987213e-02 7.9807087138e-02 1.2633729350e-01 6.4782009592e-03 -1.3100615306e-01 -9.1437504810e-02 2.9964170881e-02 -3.8075778557e-02 1.9971526254e-01 1.1313342727e-01 4.5864366205e-02 7.5721266568e-02 -3.1081051673e-04 1.6542997546e-01 1.7892080616e-01 1.2541762931e-02
-1.2792615745e-01 6.3277917831e-02 -1.1734862448e-01 4.7791715056e-02 1.9084166609e-01 1.3498216394e-02 -5.1246929662e-02 7.3752539509e-02 7.6726009784e-02 -1.2311356942e-02 -2.8162359320e-02 1.8449958244e-01 -1.8513513954e-02 9.8334915596e-02 4.9098969771e-02 3.8573471641e-02 6.2339147020e-02 -1.5971571502e-02
7.4714409587e-02 1.7981379848e-02 4.0740670702e-02 3.1245835775e-03 -6.8380208931e-02 1.5272912482e-02 -8.8716279847e-02 4.7949632878e-02 4.3251439225e-02 -2.0547208819e-02 -4.1480790180e-02 4.6347249296e-02 6.5510605144e-02 9.9568872617e-02 -1.0426250796e-01 1.0616238787e-01 1.0981529230e-02 -8.3378118629e-02
-9.9268355723e-02 7.4669712979e-02 2.0138551620e-01 1.8239413759e-01 -2.8601079796e-02 9.4352965995e-02 -1.2387014193e-01 1.0566630624e-02 1.3348069899e-03 6.3576287040e-02 1.0989319241e-01 2.0259760280e-01 -3.3607932023e-03 1.2313280520e-01 3.9427002174e-02 1.5562129561e-01 8.6636673166e-02 5.6046640330e-02
1.1080449686e-01 1.5838689702e-01 -2.0556242971e-03 1.6715024755e-01 -6.7131830558e-02 -2.6015029661e-02 -3.6804121094e-02 -3.3956526064e-03 -3.1777648849e-02 -6.5803274294e-02 1.8581367577e-01 -9.9769413069e-02 9.5399500540e-02 4.3878747233e-02 1.1516712694e-01 1.2423074039e-01 6.9163913748e-02 1.2009032442e-02
1.3572480657e-01 1.4371079989e-01 -5.6939808872e-03 1.4766367065e-01 4.7278228221e-02 1.7356327257e-01 -9.3811227385e-02 1.7583018745e-02 6.2458549152e-03 -2.1750865720e-02 1.5132799291e-02 -1.1909775985e-01 1.4507708056e-01 -9.0437746000e-02 7.2035015917e-02 1.9149073128e-01 3.6525094640e-02 6.1233702076e-02
-2.0954348268e-02 6.9303754084e-02 -4.3295415794e-02 -7.7285307958e-02 3.6260685708e-02 7.4446011940e-02 -8.7816553444e-02 4.3107224744e-02 -2.8539373666e-03 5.5557402548e-02 7.4540767904e-02 -5.9597069700e-03 -8.6446546139e-02 1.5272684283e-02 3.0593640836e-02 -3.1163734044e-02 -9.3882160974e-02 -4.2057718644e-02
6.2854882628e-02 1.3164850898e-01 -6.4915276062e-02 3.8498264903e-02 -4.1106229228e-02 1.3144521407e-01 -2.3636038794e-02 1.2353643507e-01 -8.5028123365e-03 -3.5122872785e-02 1.5959826746e-02 1.3349494512e-01 3.5774152624e-02 -1.2139924430e-02 -4.0592749404e-02 3.2865857943e-02 -5.5642776159e-02 -4.4798684878e-02
9.6828117395e-02 2.2292339774e-01 -1.4111163652e-01 1.4333593148e-01 -7.1460942645e-02 1.2475494912e-01 -1.2007597466e-01 -2.8902067553e-04 1.6774140952e-01 1.0918611724e-01 3.3292460913e-02 -1.7902935935e-01 1.5965208557e-01 -1.3350139664e-01 1.2749758101e-01 1.5248085592e-01 1.1516513050e-01 -4.0951716252e-02
