-9.0211246441e-01
9.9434840889e-01
1.4116510526e-01
-3.3984135122e-01
6.1460736589e-01
3.4200011832e+00
-1.6882380420e+00
5.6296938847e-01
1.1531677461e+00
1.3590881154e-01
-1.1189381140e+00
8.2586174307e-01
1.0646739226e+00
1.0889281211e+00
1.2652273052e+00
2.5236055672e+00
1.8080136316e+00
-6.1873275129e-02
-4.5925469155e-01
-2.9233642753e-01
-1.2929447828e-01
8.1526869874e-01
-1.0255427199e+00
-7.3513537323e-02
8.6071611317e-01
2.2154240581e+00
-5.3714104083e-01
-1.2655835085e+00
-4.1477103829e-01
7.9162272606e-01
-1.6860001843e+00
8.6354230128e-02
2.5132272807e-01
3.0091651085e-02
1.3628656378e+00
-6.7727406218e-01
2.2675919054e+00
7.7627384021e-01
-9.2603185183e-01
-2.0037322201e+00
-1.1384804943e+00
-1.4900412854e+00
9.3553636665e-01
8.0062801062e-01
-1.5779416759e-01
-6.1754043671e-01
-2.1663631328e+00
-2.8071029755e-01
1.0545114874e+00
1.3143556662e-02
-5.7834769916e-01
-3.5842951001e-01
-1.2727259090e+00
7.6033624510e-01
2.3299141635e-01
4.5947190260e-01
-2.0936409131e+00
1.9270820402e-01
1.7931380234e-01
1.5797438661e-01
1.5278938229e-01
-4.1740127692e-01
6.3008931276e-01
5.2965559584e-02
1.4794239183e+00
-1.4602513698e+00
-7.6168759339e-01
1.3559240058e+00
-7.3710028168e-01
5.8147198746e-01
-1.0115469756e+00
-1.0919701950e+00
-4.4151551575e-01
8.8086457425e-01
1.4047639238e+00
1.1405448097e+00
-9.6147283826e-01
7.8751100209e-02
-2.0865482422e-01
1.5158076549e+00
-7.4946291945e-01
-7.7938995289e-01
-2.4207986109e+00
-1.0896525058e+00
-1.3038674742e+00
1.9029136874e-01
1.2757927417e-01
1.8547955362e+00
1.2949618697e-01
1.0338692615e+00
-6.7475459051e-02
1.1432763992e+00
2.8308353090e-01
1.7488676931e+00
1.3770987621e+00
-7.8463258465e-01
1.2514764181e+00
1.1627853004e-01
1.4026000875e+00
3.2862173323e-01
-5.9006693746e-01
9.7133183092e-01
7.1750628070e-01
1.1566784630e+00
3.7519770907e-03
-8.3303553632e-01
-1.5077894457e-01
-5.8418225160e-01
-1.2016052577e+00
3.1591843462e-01
-8.0531054603e-02
9.1863922947e-01
-8.5619443347e-01
-1.8667369222e+00
2.4033025021e+00
2.5884207219e+00
2.1525324201e-02
-2.7233865034e-01
-4.5257397076e-01
1.5078070422e-01
-9.1231469901e-01
-7.5305924401e-01
1.2196130136e+00
-2.2638154733e-01
-7.3146539461e-01
1.0629592946e+00
8.8494915947e-01
3.4899298171e-01
6.9880664711e-01
-5.4663662229e-02
4.9417618220e-01
-7.8809356369e-01
2.4545645403e-01
1.1497530792e-01
-2.4709837176e+00
2.1294036134e-01
-5.0633266187e-01
-1.5250816676e+00
4.8909286913e-01
-5.5663914571e-01
-1.4715820101e-03
2.6304346883e-01
2.4166170107e-01
1.0384413486e+00
