-6.2355815032e-02
-8.7915508382e-02
-1.2202066212e-01
-7.5793249248e-02
-7.6790148672e-03
-7.1302020901e-02
-4.9899912528e-02
-3.1793404936e-03
-2.6656095976e-02
4.1708574335e-02
-1.3598527731e-01
-2.5286890124e-02
7.9431523047e-02
4.7080786195e-02
7.2690262489e-02
-1.2720418154e-02
9.1499603427e-02
-2.0126182810e-02
-1.5303247742e-01
-1.1150899213e-02
-2.6925610012e-02
-1.2319124729e-01
-2.4275523527e-02
8.4211538156e-02
8.2995822682e-02
6.4476466273e-02
-3.4540165167e-02
-7.9931722502e-02
6.9894612339e-02
2.3375790594e-01
1.7197841424e-01
1.6871519985e-02
-2.3997650527e-02
9.4234681512e-02
-2.9403793319e-03
1.5251781502e-01
1.5519426131e-01
1.0803185429e-01
-2.1783330736e-01
-7.9249632518e-02
1.4290236691e-01
-3.1242524751e-02
8.3176520419e-02
-1.7731994339e-02
-7.0371949417e-02
-7.1865283793e-03
-1.2746596680e-01
5.1543620481e-02
-4.1837328343e-03
-2.0424065585e-01
1.1900597195e-01
-1.0768582456e-02
-1.2527770540e-01
-1.1933612772e-01
-6.2389494323e-02
1.4295519368e-01
-3.0945250201e-03
-8.7450722576e-02
-1.3634360583e-02
-1.0400042385e-01
1.0094078270e-02
3.9722686724e-02
4.7023329029e-03
8.6905488712e-02
1.1911745213e-01
3.4007256685e-02
1.0491180732e-01
-1.2976852630e-01
8.7397642092e-02
4.4497602175e-02
-1.0609863911e-01
9.3925244510e-02
9.1558843271e-03
-1.2394959936e-01
-4.4294597124e-02
-2.4781250694e-02
1.0899854986e-01
3.5273966612e-02
7.8841908273e-02
-1.1879902424e-01
-3.6464830210e-02
-8.2069454621e-02
-1.8054941750e-02
-9.7757122036e-02
-7.4798241280e-02
5.8433074984e-02
4.4462241962e-02
-2.1921319949e-02
1.6059434272e-02
-2.9781717992e-02
-5.6255176118e-02
2.4825291077e-02
-3.4874159328e-02
1.0893051885e-02
-8.5852098302e-02
-2.1943312489e-02
-5.3938768430e-02
2.6445453424e-02
-5.0390553557e-02
-9.2033048840e-02
-6.4023250066e-02
-3.3867459443e-03
-2.5600254684e-02
-1.9954880097e-01
1.4714514038e-02
-1.3855460542e-01
8.2501446187e-03
1.0996363816e-02
-5.9919021286e-03
2.4409886341e-02
9.9249845186e-02
5.2937816616e-02
-4.6670713689e-02
-6.5671097906e-02
1.3016340914e-02
3.7228357108e-01
-1.3296236469e-01
1.9063542849e-01
3.2493615632e-02
1.4153202996e-01
1.7760723930e-02
-2.7981085169e-02
-1.7117290822e-03
-8.2236752779e-02
-1.8059039330e-02
-1.2061446927e-01
-1.6320104585e-02
4.3533009721e-02
-3.8538809127e-02
1.5423259772e-01
-6.2794703266e-02
-5.5964073629e-02
-1.0883806355e-01
1.2921469335e-03
2.6580427614e-02
5.7598417132e-03
-1.2319491738e-02
-8.0958162565e-02
1.5786119622e-01
2.0978778891e-02
-6.9215143662e-02
7.0451816011e-03
-1.6619750372e-03
-5.3726342747e-02
-5.9927542040e-02
-1.0332225956e-01
4.7543926458e-03
2.1518686177e-02
6.1705003376e-02
2.3224944422e-03
-7.8364711758e-02
-2.7434077309e-01
-6.9529158440e-02
-8.9640428743e-02
1.6029960154e-01
6.4057095340e-03
1.1812075893e-01
1.1225660862e-01
1.0333537895e-01
-5.8247611127e-03
-6.7216067465e-02
1.2506275933e-03
-3.4733707208e-02
-2.0651345058e-01
5.4700401741e-02
9.4267917900e-02
8.4412742876e-02
