-6.8833623995e-02
-5.8629419925e-01
1.8150873026e-01
8.7862866002e-01
2.0116754407e+00
1.0099019864e-01
-1.2937323889e-01
-3.5477749591e-01
1.2054742546e+00
1.8890795614e+00
-3.2414172023e-01
6.4159385209e-01
9.3250264330e-03
3.6441242779e-01
7.3384915324e-01
7.0138780502e-01
-1.5677413766e-01
1.9197800249e-01
-1.4328604667e+00
-5.1219921149e-01
1.7624760756e+00
1.1729718913e+00
1.5006716234e-01
5.6785890131e-01
-7.0001455708e-01
4.1709359134e-02
1.2600201015e+00
4.2053998654e-01
-9.1941141580e-02
1.5394925593e-01
3.4722144322e-01
1.2223007905e-01
-5.3693181621e-01
-1.6361756634e+00
3.0217786462e-01
-1.3318452865e+00
-3.3477567155e-01
7.8237999365e-01
-1.3105355776e-01
-9.9313196710e-01
1.2215376207e-01
1.2805423143e-01
-2.2686726750e-01
-3.9609705291e-01
2.2089031369e-01
-2.7091251847e-01
1.8142067678e+00
-1.2430271848e+00
8.1414936315e-01
1.4255809275e-02
1.1399986519e+00
-6.6326159867e-01
6.3573525092e-01
4.6497809147e-01
8.9075922121e-01
-8.6711165071e-01
-2.5859493992e-01
1.0862160088e-01
-1.2316736789e+00
-1.0136627797e+00
-2.0969135341e-01
8.9029644865e-02
2.9332811985e-01
1.3476650792e+00
-1.4280099123e+00
1.5948180536e+00
5.4892905273e-01
-3.7118407980e-01
-5.1117447626e-01
-1.1644462078e-01
-4.8700418905e-01
1.4367634373e+00
1.5990850913e+00
4.5587429457e-01
-4.4903415879e-01
1.8146958330e+00
4.9550060874e-01
1.9980140446e-01
1.6423000970e+00
4.2884608235e-01
7.3801592536e-01
-1.3142516009e-01
6.8915640415e-01
-2.0747670265e+00
8.9062746860e-01
2.1439206927e+00
-5.0038360896e-02
4.9179579780e-01
-7.8633725025e-01
1.0700181694e+00
2.1272620097e+00
1.0783608402e+00
7.3530233709e-01
1.7374879977e-01
-5.0202522727e-01
-1.7723246688e-01
9.3639483856e-01
-4.2339664377e-01
-3.4066809623e-01
1.1315960371e+00
-5.5431937749e-02
-8.2105751255e-01
9.2210959331e-01
6.8602608083e-01
2.3061628482e+00
-2.4970625446e-01
-6.2485397816e-02
1.7839308687e+00
-1.8106587159e+00
1.4571074077e+00
2.9376458833e-01
8.0697847144e-01
-9.0489257105e-01
-2.2449219597e-01
8.0371500178e-01
5.4430536749e-01
6.2616060446e-02
2.1706958258e-01
-9.1247990987e-02
-2.1984044252e+00
1.4319291582e+00
-1.4078401698e+00
5.9899332848e-01
3.8660799747e-03
-5.8177891694e-02
6.3443652879e-01
-6.9328897610e-01
-3.0687826245e-01
1.0547738986e+00
3.6320988927e-01
2.2175324122e-01
-5.7807024995e-02
4.2027080275e-01
1.1237075532e-01
3.3666244761e-01
1.2313266289e+00
-2.4470565978e+00
-2.3792046734e-01
-2.3188070315e-01
4.3028464894e-01
4.2438863455e-01
2.8730061297e-01
-4.5225642553e-01
-2.3591314120e+00
-6.6047580925e-02
1.3937522630e+00
-2.6870681902e-01
6.8796584560e-01
-2.2224988560e-01
1.8212720157e-01
-3.0550094738e-01
1.1320039302e+00
8.7193821014e-01
-1.3605169061e+00
-1.3373592964e-01
3.7901616570e-01
-5.2192741778e-01
9.2614668419e-01
-2.6699885777e-01
-1.0205614218e+00
-5.6600815596e-01
2.9567445907e-01
3.9019421552e-01
9.5815440449e-01
-2.7653833766e-02
-3.1577485599e-02
4.9269080673e-01
