1.0393021660e+00
3.0110052589e-01
9.3954988655e-01
3.6266714345e-01
-1.3088025590e+00
-8.0975441267e-01
-6.1131330505e-01
-7.6689744871e-02
-3.3484753044e-01
-1.1436571233e+00
7.3695223472e-02
-1.1180983784e+00
-1.1487568875e+00
-7.6450227462e-01
7.5102023082e-01
-2.0317097275e-01
4.6078971466e-01
-2.4123327066e+00
-1.0436114790e+00
9.8352100267e-01
-1.2038209354e-01
-3.0811142146e-02
4.9377190517e-01
-1.6480805025e+00
4.6806283508e-01
1.7806214236e+00
-5.4846046584e-01
-1.7955649299e+00
1.1480821078e+00
-1.0901270200e-01
1.2700741928e+00
1.0071135030e-01
1.6122199473e+00
1.3964276556e+00
4.5427232884e-01
1.4916361471e-01
-9.8103838811e-01
-8.7088533822e-01
-2.8567106586e-01
8.6049526557e-01
-2.3204297559e-01
2.0840790627e+00
-1.7263433105e+00
1.2735391036e-01
1.4035042479e+00
5.2195117252e-01
5.9742010628e-01
-1.1140050707e+00
3.6499816679e-01
-3.3495083974e-01
2.3736769160e-01
-7.5786448789e-01
-7.1423306271e-01
6.0494665804e-01
9.6602127579e-01
-2.0385643163e+00
1.8271776610e-01
-1.3760579387e+00
1.7369373707e+00
-1.2556504856e+00
1.1017002019e-01
-4.1808833372e-02
-2.7302866591e-01
-5.2771322615e-01
6.8041420964e-01
1.0433284662e+00
-1.8200792122e-01
-7.2136996662e-01
5.7784788381e-01
-1.7428101733e+00
-3.0369821476e-01
3.1527322395e-01
-1.8360392105e+00
-1.1928833799e+00
-7.0531422614e-01
-1.8639904733e+00
1.0674319060e+00
5.5697744497e-01
7.8392491988e-01
-5.0187126982e-01
7.8010338201e-01
-9.0791188772e-01
-7.4660612597e-01
-1.9810633437e-01
-4.2141010045e-01
-1.8055749590e+00
3.6838706276e-02
4.1740968318e-01
7.2039660825e-01
-1.0258373235e+00
-1.2863707721e-01
-8.1062145456e-02
9.5697455559e-01
-3.3873122305e-01
-2.9061057373e+00
7.3291202397e-01
-1.6079273216e+00
-1.8614669587e+00
-1.1808965995e+00
-1.3840099760e+00
1.1131453397e+00
-1.7930373848e+00
-7.8283580979e-01
-1.2349193213e-01
7.7176956451e-01
-2.6879270522e-01
2.5396680632e-01
-9.5634126932e-01
1.2638866575e+00
-2.2725484626e+00
1.5615199950e+00
-4.5701950344e-02
-2.3820869603e-01
4.9643834606e-01
8.9550010772e-01
6.8769082502e-01
3.1151035345e-01
2.4077712858e+00
-1.9494091265e+00
1.7255579654e-01
7.5091352748e-01
-3.6513422080e-01
2.4813112738e-01
-7.7185349244e-01
1.3019192122e+00
5.9526730963e-01
-6.8356360923e-01
1.2927334590e+00
-2.2663575848e-01
-1.6363017614e+00
-5.3039553997e-01
-1.2509636462e-01
-7.1420996463e-01
-1.7311085023e+00
2.7210430646e-01
-3.1468995447e-01
8.1602155589e-01
1.5802561198e+00
8.6981139551e-01
7.7726646832e-01
-6.8183338580e-02
-9.3747624893e-01
5.2732517301e-01
1.2223063224e+00
2.3545584065e+00
7.4266782406e-01
-9.5048897034e-01
-1.1425946151e+00
-7.3073997929e-01
-1.4659126270e+00
8.0134814873e-01
-1.0103191256e+00
-7.5449570632e-01
6.4410679076e-02
-8.8441623952e-02
8.0831464588e-01
3.4943825316e-01
-1.9097005874e-01
-4.0546681715e-01
-2.7557892855e+00
-2.6690169963e-01
-8.2248004292e-01
-4.6521533971e-02
-1.7824112813e+00
-4.0587939982e-01
1.4787010486e+00
-2.6208415977e-01
6.6278994337e-01
1.3293112869e+00
-8.4329535702e-01
-2.0840280692e+00
-1.1470297721e+00
-2.2845875157e+00
-2.0576376997e+00
-6.1962184729e-01
-6.1731562418e-01
3.9179920420e-01
