4.5318441146e-01 -1.2519741409e+00 2.3936162998e-01 -7.5477118750e-01 -1.1984212760e+00 -7.9795695612e-01 6.9426514968e-01 5.4147124233e-01 -1.0026579937e+00 -7.9643493524e-01
-1.9963694854e-01 1.3008398158e-01 6.1851489194e-02 -8.1322613901e-02 7.3293585926e-02 -3.1125323448e-01 -1.0203126598e+00 -6.0331701764e-01 -4.7563933952e-01 -2.5562550239e-01
-4.5793546161e-01 4.2565507300e-01 1.3524183238e-01 4.1726266652e-01 -3.1181087833e-01 -7.1303877971e-01 -3.3093865031e-02 -2.4951888275e-02 7.2848677550e-01 7.0951969851e-01
4.5789280975e-01 3.5214413440e-01 2.1934053768e-01 -4.7910852990e-01 -2.6963794215e-01 1.7279890326e-01 4.9408156847e-01 -3.1387717759e-02 -9.6780347937e-02 -1.0563429129e-01
2.0862780139e-01 5.1561900806e-02 -6.6357924746e-02 6.3156664294e-01 -9.3362410327e-02 2.0062725004e-01 -2.0361595603e-01 2.2962251496e-01 4.1825177528e-01 -8.4071274775e-02
6.0460293276e-03 -9.4854170642e-01 -9.3996226838e-02 -3.6783379684e-01 6.4190136583e-01 -3.8254053775e-02 1.3710404988e-01 2.6629879326e-01 7.6845908142e-01 4.7742329899e-01
1.4239881817e+00 -6.5861476839e-02 2.1041005418e-01 1.7637400487e-01 1.2940018350e-02 -5.1380427460e-01 3.2719392348e-02 -9.1005738917e-02 -9.7029122431e-01 -8.8227796268e-01
2.1260240723e-01 1.9010880122e-01 -1.3892170959e-01 -4.5799198108e-01 -7.8560309097e-01 -6.2165787322e-01 -2.1458838388e-01 4.4220555820e-01 -6.0925985057e-01 -5.2861464296e-01
6.2680439122e-01 8.3770829173e-01 6.4373814683e-01 -9.4094882182e-01 -3.6965803233e-01 3.6856820674e-01 5.3124664881e-01 -3.3219842618e-01 -5.2484797668e-02 -1.2633286728e-01
1.9657873906e-01 7.9331191981e-01 5.0050755821e-01 2.5826672625e-01 3.5788723626e-02 -2.7392520533e-01 -2.4783548401e-01 -2.9015848213e-01 -7.5692898475e-01 -4.7875879752e-01
