2.3864479966e-01 -6.6279369351e-01 7.5916921387e-02 2.6986437923e-01 1.7537633909e-01 7.4202597986e-01 -3.9172984029e-01 3.0754038575e-02 3.3937993046e-01 -5.7784708156e-02
-6.0816624663e-01 2.8726877053e-01 -1.4646272352e-01 -3.4498218313e-01 9.3261674341e-01 9.9344142057e-02 7.7476782971e-01 -7.7658348898e-01 -2.1211194350e-01 4.8427040218e-01
3.0274561236e-01 3.1857831500e-02 4.2430841364e-01 4.5541338412e-03 7.6496306241e-01 3.5258980855e-01 6.2700659372e-01 4.1393868869e-01 4.5281816561e-01 -1.9360629188e-01
2.9953004691e-01 3.7352343458e-01 4.8591211215e-01 1.2946416364e-01 1.5920511135e-01 1.0432975022e-01 -2.6550281883e-01 1.0928838892e+00 8.9425209502e-02 -2.6695893023e-02
6.9810053694e-01 -8.9146018854e-01 3.5053563742e-01 1.8546597712e-02 -2.6833433547e-01 1.3585887481e-02 -6.2806527983e-01 -5.4085917736e-01 4.4277192146e-01 2.6287681110e-01
-2.4975956127e-01 7.0482375552e-01 -1.5156746319e-01 4.4216193367e-01 -8.3568314869e-01 -1.8136989336e-01 -2.2683026687e-01 1.0541355179e+00 1.8972285608e-01 -3.8912669859e-01
3.0836601471e-01 1.5399692614e-01 -2.9103680309e-01 2.6038155502e-01 -1.4296528918e-01 -2.0375033656e-01 1.0354775436e-01 2.6790681073e-01 1.5969282780e-01 -3.9533294808e-01
1.2676031241e-01 5.2631637642e-01 2.7384942560e-01 -1.1391566344e-01 4.2875341967e-01 6.3357882528e-01 4.8217734947e-01 1.1429804480e-01 5.5750852893e-01 -6.0211739889e-02
1.1724685681e-01 -3.0346560635e-02 2.6718282538e-01 6.7674427207e-01 2.6668164843e-01 2.7091726534e-01 -2.6247956362e-01 1.8257117344e-01 8.0342937561e-02 -1.5853605094e-01
2.7652580206e-02 -1.6142901159e-01 -3.4986092501e-01 7.1916943644e-01 -1.1440455714e+00 -2.3150361715e-01 2.0782137865e-01 1.8478115016e-02 -5.1119013998e-01 -2.6524609753e-01
