-1.7836812646e-01
3.5816692640e-01
3.1903029751e-01
-3.1183174710e-01
-2.5167308217e-01
-1.7351440339e-01
2.2671695840e-01
-1.5965419441e-01
-9.9120435336e-02
2.1502364552e-01
2.4909561880e-01
1.0464499354e-01
9.4552184859e-02
4.4716439465e-02
-8.5577515553e-02
-8.9594154412e-02
-7.0763289651e-02
3.4279802063e-02
2.8856622142e-01
-1.6714351358e-01
1.8604375925e-01
-1.0232505569e-01
2.1026740510e-01
-7.4421686083e-02
6.2690412128e-02
6.5550006936e-02
2.5667501796e-01
-5.4834010874e-02
3.2584159119e-01
-2.2380157811e-01
-1.6465704659e-01
1.9453641943e-01
-2.1557968745e-01
-8.8484923658e-02
1.1369649680e-01
2.1426941287e-01
-3.5428233216e-02
-6.3148952670e-04
1.8604175481e-01
-2.0609288359e-01
2.3410110149e-01
2.7306842535e-01
-1.4557211714e-01
3.0952517492e-01
-2.0080478479e-01
-1.3368522599e-01
-1.5715947316e-02
-8.2336165020e-02
-1.4998012269e-01
-2.5375696416e-01
-3.2796098453e-01
1.0823713836e-02
-1.9105704033e-01
1.6973778746e-01
2.2601133628e-01
-2.7378959546e-01
1.0481687209e-01
-3.7282300603e-01
1.6822218881e-01
3.4488059516e-01
2.4338492160e-01
-2.5548904376e-01
-6.3429042518e-02
-2.0889840148e-01
3.0160748720e-01
-1.5198235537e-01
1.3049675572e-01
1.4453281934e-02
-2.3494672685e-01
-2.0503452681e-01
-2.7568603023e-01
1.0706126593e-01
-2.8665601052e-01
-3.2349172683e-03
1.8207924298e-02
6.0385210530e-02
-2.1757471100e-01
1.0147248207e-01
6.0929205895e-02
-2.0431228757e-01
-1.0939105462e-01
-2.4566898966e-01
6.3670014611e-02
2.5416043317e-02
6.9239283679e-02
2.1889925515e-01
2.2218574749e-01
9.8925099550e-02
3.0782066949e-01
-8.0023982218e-03
1.5895052992e-01
1.8459976749e-01
2.9851254163e-01
-2.9629393430e-01
-3.0710462974e-01
1.8560013829e-01
-1.6447954668e-01
-1.6233736328e-01
3.1652371610e-01
4.4788531496e-02
3.1734130634e-02
-2.8356777570e-01
-1.7403426564e-01
1.8453515608e-01
-2.4260538021e-01
3.7788626821e-02
1.6738733866e-01
-6.7460402087e-02
-3.3322849467e-01
2.1915943058e-01
1.6069828444e-01
2.1428418868e-01
-2.5820416178e-02
-2.8973547279e-01
2.8684750131e-01
1.4789228489e-02
1.5486616721e-01
2.0541229512e-02
5.1568825089e-02
-1.1119342620e-01
1.8210495983e-01
-6.8835830879e-02
1.3929328640e-02
1.5307001117e-02
2.3402474718e-01
2.8218159163e-02
1.9894009468e-01
2.7101655446e-01
2.0964463467e-01
1.8636745580e-01
2.5611144565e-01
1.2928743684e-01
2.8090195083e-01
-2.8504513615e-01
-5.6942329304e-02
1.2341939764e-01
7.7383813340e-02
-2.1953727682e-01
-1.0282805711e-01
2.1094449766e-01
-1.0843810332e-01
-2.6270680935e-01
3.2446410610e-01
-2.1026787910e-01
-2.8049860290e-01
2.1604929118e-01
-9.4388620574e-02
-1.2824338672e-01
4.8616294552e-02
2.5346762600e-01
-2.2593356200e-01
-2.1247815564e-01
1.3253434526e-02
-7.2157891721e-02
-3.2500599218e-01
-2.2097373802e-01
-5.4514642819e-02
1.5141363879e-01
-2.8327686263e-01
5.7781416862e-03
1.9962334045e-02
-7.9055479447e-02
-1.4655038359e-01
