-2.5490145903e-01
-3.5129272497e-01
-1.3458005001e+00
1.2079100719e-01
1.4758406815e+00
5.5876375393e-01
2.4569406593e-01
-5.8939037250e-02
1.3398046717e+00
-8.0197835520e-02
-9.5273645191e-01
5.1055807640e-01
-9.1177833088e-01
7.9452789203e-01
-9.4009953938e-01
-9.5512097323e-01
1.8060813138e+00
-1.1360176770e+00
-3.0311386393e-01
1.7126935193e+00
5.1666534948e-01
1.2532712709e+00
-2.3408421661e-01
9.1793479543e-01
1.2937885542e+00
5.4056238516e-01
8.1536715102e-01
-6.9076695042e-01
-2.3933522652e+00
-5.8831888089e-01
7.1671570075e-01
4.7172032334e-01
1.6750977341e+00
-4.6948329738e-02
3.6010177909e-01
-9.5122910278e-01
3.4872492863e-01
1.0202916553e+00
-7.3943898222e-01
-2.2990678125e-01
1.3589191714e+00
1.3960526122e-01
-2.6609950613e-02
4.0519465211e-01
1.3231520412e+00
1.4141542304e-02
-1.2638422237e+00
2.2241402870e+00
-3.6184967440e-01
-2.1748078264e+00
1.5790153737e-01
1.8480676586e+00
-3.8496209890e-01
-8.3258710206e-02
6.8588861664e-01
-6.4943317492e-01
4.1692079195e-01
-2.6249258953e-01
-1.7075365871e+00
-1.4861035162e+00
-6.3943671106e-02
5.4397704589e-01
6.2626936774e-01
8.2743326201e-01
-1.4095614396e+00
-1.7413648416e+00
-9.7865675730e-01
-2.0279271678e+00
1.3704652233e+00
2.3390253829e-02
6.1121926850e-01
2.3910268131e-01
-4.3079371826e-02
1.0039505348e+00
-8.9634672993e-01
1.6775062650e+00
5.3280525898e-01
-2.0000104890e+00
-2.6737337672e-01
-4.3430857855e-01
7.1302441096e-01
1.8840231827e+00
-1.4291882684e+00
8.0729629824e-01
6.4470133795e-01
1.9175112229e+00
-3.6302357308e-01
1.6673820942e+00
3.3874585706e-01
-1.8052484459e+00
-1.8737226847e+00
5.7069899252e-02
9.4884621981e-01
-9.0587202044e-01
1.8512927129e+00
3.8255621741e-01
-1.2677739994e-01
8.5498323624e-01
-5.8431115784e-01
-1.4069421162e-01
2.1586749790e-01
9.8194717865e-01
4.8449023495e-01
-1.9979695727e+00
-1.4480715171e+00
-1.2884653655e-01
6.4774439452e-01
-2.5677733066e-02
-9.4056445654e-01
-9.0232568370e-01
-7.3177262537e-01
2.5559911397e-01
-1.7446708728e+00
1.4944520961e+00
2.8339743065e-01
-3.4994039632e-01
1.5110205433e+00
4.4813051448e-01
