-1.0078605540e-03
1.1762466946e-03
-4.5529968241e-03
-4.4106726674e-04
1.1389016023e-04
6.1896423364e-02
-3.7210021435e-01
-6.0483379955e-04
2.5281708979e-01
-1.9685430138e-02
-9.3662664220e-04
2.3980970217e-03
-3.7103358327e-03
-1.1194053432e-03
1.1705959038e-03
7.3589182018e-04
1.3461259667e-02
1.1110648291e-01
-4.0424943933e-01
-1.1170184327e-01
3.0227930841e-04
-1.2517955117e-02
-6.5893759569e-03
6.9122292031e-03
-2.8373055208e-03
-5.4176973074e-03
-1.2098373512e-03
-2.1999869663e-02
-2.9110859865e-03
-6.1407806963e-02
-4.0694746682e-03
2.3674323534e-03
-2.1450439738e-03
-1.8693046154e-03
1.4835935355e-03
1.8000933437e-03
-2.0892447035e-02
-3.9036145293e-03
-1.9324080079e-03
-5.2395422951e-02
-2.3970807684e-04
-6.7815298249e-04
-7.4720564004e-03
1.3371115473e-03
1.3202242998e-03
-4.5841042137e-03
-1.1171988871e-03
-2.6033437111e-03
1.0383345550e-03
1.2981645602e-04
-1.8164873244e-03
-3.0605589404e-03
1.5330359869e-03
1.3350651341e-02
-2.1436342199e-03
-2.4483152909e-02
-2.5052632970e-03
2.1056028455e-04
-2.1984063294e-03
5.8651469221e-02
1.9239916970e-02
-5.6911235732e-04
-2.1712814544e-03
-4.3586995629e-03
-3.3681929457e-03
-1.8441498426e-03
1.6708716467e-03
-1.6209578678e-03
-3.4191578928e-03
-1.5001246929e-03
-9.4800740901e-04
-1.6433799408e-03
-3.7446487726e-03
1.3081458875e-02
1.5757479022e-03
-2.5470676396e-03
9.2613278110e-04
-1.0044233041e-03
3.8709854613e-01
-1.5052427466e-03
4.1573763999e-03
-5.0455411857e-03
-2.2170080097e-03
-3.8403875376e-04
-1.4982704750e-03
-8.8745915326e-02
-1.2601218465e-03
3.0804573565e-04
-1.9089854936e-03
-1.6029593189e-03
1.2558184643e-04
-2.8174206155e-03
-2.5831650843e-03
-8.5290828707e-04
1.1463506582e-02
-8.8593102778e-04
-9.7966257015e-04
-1.7332750837e-03
1.7202583067e-03
-7.2701740250e-04
-2.8413712702e-03
-2.3666548594e-04
-1.9454732002e-02
-6.0312597273e-03
-6.1922790198e-03
-2.8995939399e-02
-2.9044510980e-03
-6.6686514356e-03
3.9325927322e-04
1.4660162884e-03
-5.2648621294e-04
2.2550195385e-03
-1.0702852655e-03
-3.9566389149e-03
-1.9695125262e-03
-1.8745778597e-01
-1.0813126290e-03
-2.7212873963e-03
1.7156253443e-02
-5.8830584927e-04
-1.1535204465e-01
-1.7490394974e-03
-1.6496229640e-01
1.9282672161e-01
-3.5854602203e-03
1.0593401672e-03
-1.2031959276e-02
-2.4688117052e-03
6.9494318342e-04
-3.5972716512e-03
-1.5653113780e-03
-2.7626082655e-03
2.6311767711e-01
-3.7337214838e-04
-2.7049158728e-02
-1.7367879738e-03
-6.0106250106e-04
-1.9829031699e-01
-4.5330021967e-02
-1.5806356110e-03
-3.0451978779e-03
3.3256624341e-04
-1.0682086503e-03
-1.6935826841e-03
-2.3145213855e-04
1.5958817398e-02
-7.3170857426e-03
8.2699236968e-04
-5.8845627307e-03
-3.8523613849e-04
-1.8801802967e-02
2.3107727361e-03
-1.6883051646e-03
-1.8123279206e-03
-7.6944853519e-05
-1.4691261766e-03
-1.1443642069e-03
2.8658816086e-02
3.0887787011e-02
-1.5565842859e-03
-6.7747942511e-03
-9.8304846346e-04
1.2126931681e-02
1.9560431673e-01
-1.2077811354e-03
-4.3871986117e-03
-4.0189858552e-02
-1.0910632905e-03
-6.2046387364e-04
-3.2091122847e-02
-3.4486476107e-03
-2.3851753711e-03
-2.9034352933e-03
-1.1768114959e-03
-6.5590462521e-03
6.7389794279e-04
3.6885823458e-03
2.6386256267e-03
-6.8195641689e-04
4.7532008283e-01
-6.9999936532e-04
-6.8453889954e-03
5.5608680968e-03
1.1361913066e-02
-3.4503759103e-03
-8.1264146481e-03
-5.6390084800e-03
-3.6956820589e-02
-1.0360704884e-01
