-2.6127277806e-02 1.8695087179e-01 3.9836169648e-01 -1.7881321671e-01 -2.0124596509e-01 1.8404305826e-02 -1.0550291140e-02 -5.6080837657e-01 3.4218830669e-01 2.8484782291e-01 3.2660185956e-01
-2.5187211196e-02 4.8204472692e-01 1.4365274167e-01 -2.1961028504e-01 -2.4409351103e-01 -1.3528254042e-01 -3.1001781994e-01 3.9097898782e-02 1.7115221420e-02 2.8187355311e-01 -3.1468443436e-01
-8.0228440392e-02 3.8772793379e-01 6.0581702576e-01 -3.2024723588e-02 4.7304866326e-02 -1.3111970627e-01 -3.2839605161e-01 -2.3329748505e-01 5.5546687006e-02 7.7801269416e-02 3.2700747874e-01
2.8389115962e-01 -2.6208633081e-02 -3.7512588186e-02 -4.8402351227e-01 -2.9690412468e-01 -2.1911220293e-01 3.8741978200e-01 -2.0175218719e-01 3.3947081784e-01 2.6689468601e-01 3.5278257025e-01
5.7048881259e-02 1.0722847813e-01 -9.6522075222e-02 4.9646360104e-02 4.4506256730e-02 -5.7386597782e-02 1.7601371255e-01 -3.2505063574e-01 -4.9383053934e-02 -3.4943542573e-01 1.9180110258e-02
-2.1505973682e-01 4.0043983445e-01 3.1257597216e-01 -4.7879471492e-01 -4.5838674213e-02 -3.8743793934e-01 -4.2766633352e-02 5.1284107149e-02 2.1226879788e-01 -1.6168724229e-01 3.8589680864e-01
-1.5829350195e-02 6.3504870871e-02 7.2389182271e-02 -2.7977267534e-01 1.2696517906e-01 -1.8025791541e-01 1.2005973767e-01 -1.2655474261e-01 1.2486587850e-01 2.5952470165e-01 2.7108311010e-01
-3.3698689108e-01 -9.5366349364e-02 -7.3360521143e-02 4.1643074825e-01 3.4006518999e-01 4.4332913262e-01 1.9720706005e-01 4.9802573210e-01 -6.5954840014e-01 -2.9777549550e-02 -3.5972257904e-01
3.1775553118e-01 -2.2688424767e-02 -1.2259722320e-01 -4.7161807395e-01 -5.4566884398e-01 1.4839565648e-01 1.9872597597e-01 -5.7360308425e-01 -2.1429395596e-01 -4.3297390862e-01 -2.6955427261e-01
4.1007292257e-01 -2.1510658360e-01 -1.5082293950e-01 9.5540552958e-02 -4.9408755560e-02 -4.6010453542e-02 2.5413862260e-01 4.5928634906e-01 3.0445430356e-01 -2.6073194021e-01 -2.5355708578e-01
1.6107073483e-02 1.4834503117e-01 -4.6255973756e-01 -2.2282192954e-02 -1.6915190702e-01 -5.6557220423e-01 -2.6417597824e-01 -2.3060541032e-01 3.5138650107e-01 2.7484401635e-01 3.1335937872e-01
