4.3809386994e-01 -8.0976981907e-02 -3.1111997108e-01 7.1465052706e-02 2.4298353731e-01 1.7567743998e-01 -8.0698451974e-02 -3.2331342900e-01 4.3140428940e-01 -1.3771528747e-01 -6.1845410658e-02
6.2130091199e-01 4.5511993736e-01 1.4787512036e-01 4.2619456444e-02 -6.7056062409e-01 2.8196236322e-01 8.3874501346e-02 -1.6552521828e-01 3.3273947209e-01 3.9167344020e-01 -1.4208530410e-01
1.4359022849e-01 -1.5570775757e-01 4.9371958697e-01 6.7354805694e-02 3.2187238093e-01 -9.6234183441e-02 1.9189985416e-01 -1.3402755150e-01 1.6608710529e-01 5.4143491317e-01 -1.1086859927e-01
6.2761346914e-02 -2.8306815664e-01 -8.9576663718e-02 -5.3902590383e-02 3.4697916686e-01 2.6666506934e-02 -4.3655001750e-01 1.2188476113e-02 6.0341454013e-01 -2.0385392738e-01 -2.0780137057e-01
4.9699629246e-01 -3.5883680773e-01 1.2068289031e-01 -1.9696851793e-01 -9.3168353314e-02 -5.4988099649e-02 -3.0939018130e-01 3.2644210776e-02 -4.9141936753e-01 2.2025332542e-01 -1.0851119173e-01
-3.3345465312e-02 8.4909159699e-02 -4.8635354165e-02 -6.0350961536e-01 -5.6139398148e-01 -2.0381364747e-01 -4.1335911211e-01 2.4728800835e-01 -9.9186633700e-01 -2.1098699982e-01 -8.5776041505e-02
4.2548519934e-01 8.4439442117e-02 5.4612102470e-01 1.5831789099e-01 1.3678901159e-01 1.7612297422e-01 2.4957434922e-01 -7.5541569828e-02 4.8128030599e-01 1.1242013473e-01 5.8542932037e-03
3.8928613824e-01 1.0918226594e-01 6.3298395743e-01 -3.1383468715e-01 2.5910294908e-01 -3.4785008372e-01 1.1888395635e-02 8.9751764389e-02 2.4442656238e-01 -2.9844280082e-02 -3.2492878291e-01
-5.5199698032e-02 2.3809986335e-02 6.4295440193e-02 -3.4499631428e-02 8.0801738154e-01 2.6742929878e-01 -3.7194120297e-01 3.8216397571e-01 1.8075576359e-01 -3.3010484156e-01 2.1687291658e-01
-6.8959344785e-01 5.8894048681e-01 -3.0915713195e-01 5.2655584250e-01 3.1287013482e-01 -1.4463525856e-01 1.8056925758e-01 -2.2355086198e-01 2.1931126720e-01 -7.6866510693e-02 1.2199089845e-01
-3.5834339611e-01 3.1402965260e-01 -4.2783742399e-01 2.9259733801e-01 4.0308279564e-01 -2.1710278723e-01 3.1118941879e-01 -6.5489350784e-02 -8.5707394700e-01 -1.8332764371e-01 2.2683723400e-01
