-3.0193616142e-01 7.1554603084e-02 -1.2344893401e-02 -3.0370420556e-02 3.5111135665e-01 -3.0019961056e-01 -2.3948944410e-01 3.3542505267e-01 3.9815098534e-01 2.7633897548e-01 2.1101330294e-01
3.8434584157e-01 -1.6443860284e-01 1.8379979336e-01 -3.6691665198e-01 -1.0629379176e-01 2.7764752238e-01 -3.8295223868e-02 1.4187217596e-01 1.6821727238e-01 -1.7185521210e-01 2.7611395605e-02
2.9701526272e-01 -6.9314142467e-02 1.3133847847e-01 2.5950341942e-01 4.2280100202e-02 1.0929830897e-01 3.2590751125e-01 -2.6012561781e-01 3.5782722068e-01 5.2549371221e-01 -4.0522634501e-03
1.0154560224e-01 -2.0566910090e-02 2.3449621861e-01 -1.8676680608e-01 -1.9965377264e-02 -4.7620514796e-01 -7.1518965668e-02 8.1493328383e-02 1.9514316569e-02 2.9174322595e-01 2.8622205199e-02
6.4728751466e-01 1.0093397516e-01 8.7850629823e-02 2.8995304490e-01 9.1930180731e-02 1.1662595355e-01 1.0024517847e-01 -1.4871182685e-01 -1.6968945283e-01 4.4602339445e-01 -3.9243388551e-02
1.8330534135e-01 -1.3256212455e-01 -2.3446914878e-01 -9.9293429799e-02 -2.5436032408e-01 -2.4034828151e-01 -6.7284815698e-03 -1.3333751688e-01 5.9147399815e-01 3.1153711185e-01 4.5284919783e-02
2.2937843158e-01 2.0820351147e-01 3.5765678553e-01 1.4956246783e-01 -1.3260704132e-01 5.4307386153e-01 1.9841656043e-01 -1.5565306906e-01 1.2994134113e-01 -2.5972192504e-01 3.9515330671e-01
-1.9431398229e-01 -3.3670645060e-01 -5.6794362470e-01 3.6271731586e-01 -5.2169634385e-02 -1.6419286462e-01 6.3212545587e-03 5.5619753461e-01 2.3872024899e-01 2.1950093384e-01 -6.2012537284e-02
-5.2751422252e-01 2.4620107555e-01 -5.3583719991e-01 2.3834057932e-02 3.0137753857e-02 -5.3252360748e-01 -4.6554625071e-01 1.2001593529e-01 4.7390809926e-01 -8.3974098136e-04 1.5776318306e-01
3.0363225767e-01 3.2965539269e-01 4.2587474381e-01 -1.7046868982e-01 3.6716388700e-02 3.5657544569e-01 6.0086308852e-01 -1.9068477334e-01 -3.4679685260e-01 -2.2057831916e-01 4.7920689888e-01
-4.7166036423e-01 8.0157529756e-02 -1.7246638555e-01 -5.1027927693e-01 -1.5590345004e-02 -8.0933104969e-02 1.4747534044e-01 1.0600055452e+00 -3.9610167597e-01 5.3105362981e-01 -2.1968340645e-01
