-1.4119963762e-01 -9.6301749975e-02 2.3607422737e-01 1.4792382629e-01 1.3652348685e-02 1.2194920243e-01 3.4721726140e-01 1.3155988986e-01 7.9730667076e-02 -1.7108715970e-01 -4.6626303196e-01
2.4401423119e-01 -3.3442636876e-01 -2.1305588616e-02 -2.0776954134e-02 8.7677055764e-01 2.9353178330e-01 -2.2961176346e-01 3.2834090296e-02 1.8101402135e-02 1.5323797498e-01 -4.6854314210e-01
5.5208695447e-02 -3.9219263245e-01 3.7146665871e-01 -1.6783853952e-02 6.8439591460e-01 6.2369839223e-02 -1.6708824056e-01 1.3500233402e-01 -8.1335020898e-02 -7.6287542514e-02 2.9507423727e-02
-1.4389114893e-01 2.4189858124e-01 1.8760690075e-01 5.4823731640e-02 -2.3866049460e-01 8.4424095940e-02 -1.0255102105e-01 -2.4316151577e-01 -1.5865946208e-01 -2.7522253742e-01 -9.2308239811e-02
3.1037070259e-01 -7.2045065622e-02 -3.3861350351e-01 -2.2763975536e-01 3.8960092799e-02 -2.4688177034e-01 4.2838871872e-02 -3.6130678870e-01 -3.0448918974e-01 -3.4467431187e-01 -9.2324567863e-04
4.8348796470e-01 -4.3765612992e-01 -5.7676352006e-01 -2.7957887925e-01 4.8497711886e-01 4.8453387544e-02 -6.4747132110e-02 2.3137651699e-01 1.6661128145e-01 -6.8788635195e-02 3.0465844656e-01
2.3338944256e-01 7.2184895020e-01 -1.3062064991e-01 4.8620779683e-02 -1.2031695449e-01 -3.3144089069e-02 6.1378230647e-01 -2.2762653970e-01 3.1192502004e-01 -7.3770847358e-02 -4.4364480548e-01
2.4174792573e-01 1.6727283271e-01 -2.1608724584e-01 2.1354935255e-01 -4.7834767603e-01 -1.0313081283e-01 1.7567274083e-01 -4.6969311597e-01 1.7097685910e-01 2.4159418194e-01 2.4478969381e-01
-1.1839776011e-01 -1.4909151977e-01 1.6768830289e-01 8.0043262329e-02 2.2884850411e-02 3.2771638567e-01 -2.6910157422e-01 4.0469085845e-01 3.8082529646e-01 2.0267809073e-01 1.3567449103e-01
2.3135470312e-02 6.6254775407e-02 1.2196146972e-01 -1.0560169358e-01 -2.7859783785e-01 -3.6208878136e-01 7.2514801281e-02 1.7546109183e-01 -8.5830053016e-02 4.4142164513e-02 1.5430522922e-01
1.4367971550e-01 4.9961729012e-01 3.0075128728e-01 7.5133128841e-02 9.8656004220e-02 -4.6119786579e-02 -1.3692762986e-02 2.2998221098e-01 2.0446857899e-01 1.9176784589e-01 -4.1334122332e-01
