1.8036319829e-01 -7.9064476418e-01 -3.5861964849e-01 3.8862019607e-01 4.0807866418e-01 1.2743648180e-01 3.9981888216e-01 8.6739289278e-02 2.1423634328e-02 1.6104135480e-01 2.1996839174e-01
1.0994812589e-01 6.7554979565e-01 -1.2182733214e-01 2.5051324443e-01 -1.9710650921e-01 -7.5258490176e-03 1.7667939143e-01 2.3014691501e-01 -8.5991010150e-02 2.9934666527e-01 1.3985572502e-01
-1.9810418496e-01 6.7547856102e-01 1.8831629706e-01 -1.4878118917e-01 -9.4126273769e-02 -1.3971037683e-01 -3.5452238609e-01 -3.1475588414e-02 2.2657187790e-02 -5.3326866393e-01 -2.9150146450e-01
-2.8822690836e-01 3.4301362324e-03 3.4779156985e-01 -7.6483523569e-02 -1.7085616442e-01 2.2596847035e-01 -8.5891132409e-01 -2.3703544427e-01 5.3703049547e-01 2.5874080884e-01 -4.9933119098e-01
1.5956491309e-01 -5.8395042246e-01 -3.6907933280e-01 1.5489260631e-01 -9.6170541268e-02 -1.1119564539e-02 1.4508147263e-01 9.0933000332e-03 1.0782492323e-01 1.3863951464e-01 -3.8512798412e-02
3.1814533194e-03 3.1801503427e-01 -7.3329685622e-01 -2.4723573818e-01 5.2874628544e-01 2.0582026785e-01 1.3982435081e-01 5.0473795947e-01 -6.2774961860e-02 -1.1380451384e-01 6.7774200835e-02
1.5884715886e-01 1.1287918116e-01 -1.7636038213e-01 3.6609631767e-01 -9.3955313369e-02 4.3867109139e-01 7.6905623552e-01 6.3223983091e-01 -1.9468305127e-01 2.9325084109e-01 9.6639623970e-02
3.8154260346e-01 2.1327194540e-01 3.0889368657e-01 -4.7644586938e-01 -2.2891575982e-01 6.5448782435e-01 -2.1618164551e-01 9.0409362793e-02 8.2746053185e-02 -2.8406054335e-01 -2.5940289624e-01
4.5400030109e-02 1.3528995872e-01 -4.7341029249e-02 2.1823332903e-01 -4.8408798878e-01 -4.8286911663e-01 -2.0316347185e-01 -5.4296055485e-01 1.7194002127e-01 -1.1686698893e-01 -4.0807653069e-01
3.0944817726e-01 2.9497341469e-01 2.9966542774e-01 -6.5128432964e-02 1.1073411288e-01 2.4729131839e-01 -4.3140212804e-01 -2.5984351099e-01 2.2627622815e-01 -6.9447802407e-01 -7.1541664769e-02
1.8323094308e-01 1.5950597806e-01 -2.6573076995e-02 3.3360412090e-01 -7.0301620189e-01 -8.1056438893e-01 -4.1287202508e-01 -3.9528694778e-01 -1.1556886169e-01 1.9008323131e-01 3.1755140287e-02
