-3.6355795061e-02 -2.5421784421e-01 -5.7013813243e-02 -2.1893361225e-01 -8.5359367587e-02 2.5689002045e-01 -6.4837603224e-01 8.7753460927e-02 1.2476345897e-01 2.5420182144e-02 5.8909666536e-01
-1.1958440971e-01 6.5810780093e-01 4.6308632175e-02 -1.9060880992e-01 4.4537435562e-01 2.9504289270e-01 9.1994622317e-02 2.5928579087e-01 -5.8506724106e-01 -7.0456525847e-01 -1.5040980338e-01
-1.7864160381e-02 7.7519269313e-02 2.9786245672e-01 -2.2665181678e-01 1.3727695878e-01 8.5735940841e-03 9.7200444659e-02 2.4736274486e-01 -2.4385729155e-01 2.4989476738e-01 1.0935889025e-01
4.9286440305e-01 5.9484210189e-01 6.9281902292e-02 2.0958480210e-01 6.7831476286e-02 -2.5481146436e-01 4.3240724276e-02 2.8665840306e-01 2.0769012197e-01 2.0861912820e-01 -2.5274753205e-01
3.6905263456e-02 -9.2238264171e-02 2.3430028533e-01 4.2711742794e-01 -1.1513257532e-01 -7.4963807342e-01 2.8207541956e-01 -1.9341456917e-01 6.0452062764e-01 3.8801814821e-01 3.0897575513e-01
-2.1956595515e-01 -4.5458293973e-03 -1.4346123470e-01 -4.9483711276e-02 -5.4898405641e-01 1.8315171486e-01 -3.7040361296e-01 -5.7265351310e-02 -4.3408893608e-01 7.7248483554e-02 5.0456183736e-02
3.2723171544e-01 6.1845808546e-02 4.6557573934e-02 5.6061112304e-03 -2.4892647941e-01 4.1760423388e-01 6.1096844946e-02 5.0600119273e-02 7.0450973971e-01 3.9770762836e-01 1.5612712871e-01
-1.1158691847e-02 2.4747236880e-03 -1.8881977532e-01 -1.7957723919e-01 3.7077248731e-02 1.0895437523e-01 3.1789935029e-01 -1.0845953947e-01 -8.0784088804e-02 1.6338710346e-01 2.1722949743e-01
8.4664191182e-02 2.5761345403e-01 1.0925367230e-01 3.0689004333e-01 -1.2765070818e-01 -2.2065801862e-01 1.1018635836e-01 1.2705774170e-01 5.8815663187e-01 -2.4827367591e-02 1.9077507059e-01
6.6207527105e-02 4.5550028070e-01 -2.6908449464e-01 1.8311925726e-02 1.1532514272e-01 -1.9595682131e-02 -1.1502181657e-01 1.5778751360e-01 -1.0867839727e-01 2.7347263711e-01 3.2766540521e-02
-4.5839621678e-01 -1.3559278055e-01 -2.7342829905e-01 -2.0494689499e-01 -1.6766954337e-01 -4.1978739074e-02 -3.7391223395e-01 -4.9838547909e-01 -9.7355138142e-02 -1.1207403445e-01 2.0282748911e-01
