3.5769104376e-01 -5.3887441355e-01 -1.2582820251e-01 -3.1285842122e-03 -4.6730741279e-01 9.7024595666e-02 -2.8841336633e-01 3.3141601826e-01 -4.8352844812e-03 -6.5941926827e-01 5.4903498725e-01
5.0221465014e-02 -3.3080518833e-02 5.2311905615e-03 -4.9035532461e-02 -2.7344311932e-01 -1.8355605841e-01 -2.2075067867e-01 -2.6181021566e-01 -1.3765089477e-01 -2.6596408651e-02 7.0811147399e-02
2.5481922866e-01 -5.0957094051e-02 9.1346603050e-02 1.8598226140e-01 -3.0310926289e-01 4.3451707107e-01 -3.7610022774e-01 2.6180909642e-01 -1.0109244174e-02 -5.5051004749e-01 5.8121852704e-01
-1.7633703725e-03 -2.5809723217e-01 -5.0815551859e-02 1.2563081967e-03 4.5902955213e-01 -2.0962437802e-01 6.2358929811e-01 -9.1567199153e-02 -4.8096050342e-01 -9.1776180487e-02 -4.4241498546e-01
-1.6942784973e-01 3.8065926272e-02 9.6608226875e-02 6.4557661704e-01 -3.3125137898e-01 -6.7492081513e-01 -2.5673115484e-01 5.1641762042e-02 -6.0847832962e-02 3.9173686796e-02 4.6291689770e-01
1.4179163406e-01 2.0941964186e-01 -2.7067964246e-01 2.9524761942e-01 2.7618282830e-01 2.9092259073e-02 -1.8206699654e-01 2.0973423070e-01 1.9349459629e-01 -3.3031034593e-01 1.5524102779e-01
3.6598755101e-01 -4.2772716787e-01 -6.9157622405e-04 -2.8504368238e-01 -2.9347396771e-01 3.3398969994e-01 -3.5269064458e-01 6.8844120943e-01 4.9758836298e-01 -4.8610269849e-01 1.6532276321e-01
-3.1472696985e-01 6.9302947484e-02 1.0010052871e-01 1.9724345300e-01 1.0754113520e-01 -9.8313742920e-02 4.4441590991e-01 1.8249096929e-01 6.0288738780e-02 -1.2018799377e-01 -4.2367120605e-01
-5.3875149663e-02 2.9778486819e-01 -1.0717220000e-01 9.8145280387e-02 1.1650806308e-01 1.0792831553e-01 -4.7512593967e-01 -7.8673795310e-03 3.9756066107e-02 -2.5914198246e-01 2.2672452923e-01
-2.1267578894e-01 1.3781289456e-01 4.8558279465e-02 -3.3624823831e-01 2.0491973718e-01 -2.8182178478e-01 -9.9125802580e-02 -5.2867894803e-02 -3.0594210576e-01 1.1597710335e-01 -5.7144514084e-01
1.2530773260e-01 5.5635848573e-01 -3.7093647324e-01 -3.8468932439e-01 8.8311093472e-01 1.5951782687e-01 7.6032602591e-01 -8.2609086519e-02 -3.4651855725e-01 1.5229395816e-01 -3.6399520238e-01
