2.8246121734e-02 -2.5083802870e-01 -8.2719462775e-02 -1.6393139982e-01 5.8378340230e-02 -3.0864250779e-02 -3.7407183392e-01 -2.3031576751e-01 2.2782135661e-01 -1.4823400923e-01 -9.7600437103e-02
-6.7506221156e-01 -6.6722384164e-02 1.4967674430e-01 6.6234450323e-01 -3.0225768094e-01 -1.1455354453e-01 -6.9181611321e-01 -2.6019427961e-01 2.0083616932e-01 2.7739699920e-01 -6.5110678815e-01
2.1691913354e-01 2.8738704647e-01 2.8088374772e-01 2.1217409548e-01 -8.4961724241e-02 5.2808815374e-01 6.0323076772e-01 9.0965675183e-02 7.3838232543e-02 -1.4913518475e-01 7.6281975952e-02
-3.6192811258e-01 1.5501157107e+00 -8.3334137501e-02 2.4752710491e-01 2.9215988014e-01 -5.9136351365e-03 -6.9731735129e-02 -9.7339640276e-02 3.4734527477e-01 -3.7151086594e-01 -8.4672664970e-01
1.8503707323e-01 -4.1820637368e-01 4.8615498010e-01 -2.7956173804e-01 -6.7888154356e-01 4.0673353232e-01 -1.6718614412e-01 4.5986383685e-01 -6.8909101416e-01 1.0631874546e-01 1.6313306354e-01
1.2959068276e-01 2.1734918952e-01 -1.5221645525e-01 1.2694833222e-01 2.3829267174e-01 -1.4895560913e-01 7.1095048656e-01 -1.9577290823e-01 5.5588398038e-01 2.0135657261e-01 5.0193673580e-01
1.5441698710e-01 2.5977499058e-01 -2.1182866276e-01 7.1238788406e-01 5.9379197730e-01 -4.3718409400e-01 4.4296853851e-02 -7.4510239206e-02 2.1811394653e-01 -2.0586339097e-01 -3.4563582797e-01
5.6609567406e-01 -1.2950973744e+00 -3.2361282775e-02 -1.1654582241e+00 1.8555367878e-01 1.8934404197e-01 3.3170602402e-01 4.2741908200e-01 -1.9673517410e-01 2.2737184622e-01 7.7258825512e-01
3.9617352442e-01 3.6094608126e-01 2.3882975215e-01 -9.4390911395e-01 -2.9368564632e-01 1.3212647507e-01 -2.5882385090e-01 -1.4443180475e-01 -1.6809832322e-01 -5.3213709378e-02 4.1322018643e-01
2.7423964390e-01 1.8971047542e+00 1.0560690515e-01 -1.1768767287e+00 -1.0058897566e+00 2.1555684527e-01 1.3080154084e-01 1.3739687715e-01 -4.3631045333e-01 2.9867693520e-01 5.1044044870e-02
-6.6847163769e-01 5.7465078277e-01 8.3372961185e-02 1.5134289945e+00 3.7912779312e-02 -3.2069585601e-01 -3.9100806061e-01 -1.0382445731e-01 -7.0789844931e-03 1.7411547662e-01 -1.2646419498e+00
