-1.4704782061e-01 -7.2350637140e-02 3.3936008491e-01 1.6813480921e-01 5.4958236059e-02 4.6863753259e-01 -2.0303414894e-01 6.0081982150e-03 -9.9591007025e-02 6.0736476604e-01 1.5368115815e-01
-6.5454647443e-01 3.9062763125e-01 4.2973124589e-01 2.2731987339e-01 -4.7889127712e-01 1.2574992662e-01 5.9806747335e-01 -1.0244938776e-01 -3.4320280964e-01 -4.2721491762e-01 5.1651702815e-01
-6.5292924744e-01 -2.7692145183e-01 -2.0525695003e-01 4.0832554132e-01 5.3497266926e-02 6.2192223891e-02 2.3235433742e-01 2.5339926751e-01 -6.9110557853e-02 -4.2366215004e-01 -9.7458464691e-02
2.6451330132e-01 -1.4770165133e-01 -3.9643299199e-01 2.2105177145e-01 3.1623527205e-01 2.8531016301e-01 3.0676457387e-01 2.9579623018e-01 -9.7128091944e-01 -1.6670257355e-01 -1.0234618665e-01
1.1848294809e-01 -2.2088333692e-01 2.5492369230e-01 4.0910553590e-01 7.2347317534e-02 -7.7443544619e-01 -2.2820578021e-01 4.6480738565e-01 5.3437839155e-01 7.2455481691e-01 6.5047903529e-03
-2.7604025696e-01 1.3694712175e-01 1.9624155470e-01 -4.3476403463e-02 4.0567385175e-01 -2.1995046568e-02 -4.0318476030e-01 1.5054843451e-01 2.9164205243e-01 2.8251621483e-01 -4.0053436509e-01
-1.1595805537e-01 7.7577686213e-02 -2.2264068230e-01 1.7462946462e-01 2.1894221424e-01 4.9993648053e-01 1.7333054197e-02 -6.3538582426e-01 2.4794246700e-01 -2.3240018671e-01 1.5650055037e-01
-5.1118805616e-01 -3.0307986429e-01 -1.3085102097e-01 -1.3594598677e-01 -8.9918579368e-02 -5.1284456654e-02 1.8325599186e-01 4.2086326510e-01 1.0560151554e-02 -7.9331024537e-02 -7.8233889854e-02
-1.0152739584e-01 6.2424453909e-02 -2.2555248097e-01 4.3485135729e-01 -2.4417218648e-02 6.7265758479e-02 -3.7659404362e-01 8.2754171677e-02 -1.1646604767e-01 1.4499152731e-01 -1.0703844395e-01
-1.0828571370e-01 1.3258301084e-01 -9.3410960228e-02 -4.5711356664e-01 1.0763576024e-01 3.8446519091e-01 -9.0078620508e-02 2.3183383316e-01 3.2413817436e-01 1.7246972284e-01 2.4265204521e-01
-3.8525695494e-02 1.1473442310e-01 9.2037490451e-02 -3.1252425620e-01 -1.3158502290e-01 7.7014497098e-02 -8.8912369471e-02 4.3299647291e-01 2.3115577858e-01 3.9452519860e-02 -2.1338991826e-01
