-1.9425706282e-02 7.5223851640e-02 2.1801026188e-01 1.4272905953e-01 3.0958494780e-02 4.1924785296e-02 1.6484872012e-01 -1.2721480782e-01 -4.6160180241e-01 -1.6082489511e-01 8.6195926562e-02 -5.4186079603e-02 -1.5019518384e-01 1.0645935568e-01 3.9746206924e-02 1.1468087170e-01 -1.3239605237e-01 -3.5797403993e-01 -1.7976606976e-01 1.7057114184e-01
-8.8085073269e-02 1.6987365276e-01 6.1897663564e-02 -2.2146995122e-01 -1.5674096683e-01 1.8537345940e-01 -1.7686626485e-01 -7.1883798482e-02 -1.1655291017e-01 2.7275438692e-01 8.3987166345e-02 -2.6538670717e-01 1.0611255000e-01 1.0908561059e-01 4.0975067685e-02 -1.1918183943e-01 2.9013589166e-02 -2.9226696863e-01 -6.8514750595e-02 7.0968242053e-02
-2.4034829453e-01 -5.8629915278e-02 3.0003383697e-02 2.6159424546e-01 3.3956922941e-01 2.3599101470e-01 -5.5488917847e-02 -4.4533793094e-02 -3.8857635671e-01 7.6196611802e-02 -5.2476223139e-01 -8.6890206295e-02 -2.0176752212e-01 -1.1766321758e-02 6.1633596262e-02 -1.8977418393e-01 5.2450839571e-02 2.2792070093e-01 1.4402346908e-02 2.2834147995e-01
2.9440984765e-01 3.6756485071e-01 -3.9060710084e-02 -8.7039035270e-02 3.1804591737e-01 -4.1297550517e-01 -1.7968928755e-01 -3.3980657183e-01 -1.8806338955e-01 -3.3726983260e-01 -2.6843975060e-01 4.5204402053e-01 -1.1790956378e-01 -3.0799993133e-01 1.5294611887e-01 1.4682519989e-01 -2.0293615523e-01 2.5031423566e-02 3.4002245018e-01 4.3209268402e-01
3.5186930616e-02 4.8658261970e-01 -7.3342865268e-02 1.1958976482e-01 4.1206886269e-02 -1.4093235728e-01 1.1356884536e-01 -1.7753989911e-01 -1.7057949956e-01 -1.1765103265e-01 -2.3821905124e-02 -2.0254322447e-01 -3.0812974328e-01 1.2576332401e-01 -2.5165582090e-01 4.6648713911e-01 -1.3455070210e-01 -1.3216748721e-01 -6.4415718311e-01 -2.2267391000e-01
2.4304263305e-01 1.0672458454e-02 3.4899953395e-01 -3.1252948014e-01 2.9798135144e-01 -2.8400260695e-01 2.4143486767e-01 -2.3264567182e-01 -3.8918380661e-02 -2.0369994069e-01 -2.3186533535e-01 3.2409932584e-01 -1.3596035729e-01 -1.1127555213e-01 4.7295430473e-02 -1.1749885891e-01 9.2848968396e-02 -3.0738044550e-02 -1.9950199560e-01 5.7605778747e-02
-9.1112860754e-02 1.8632117359e-01 1.3058945416e-02 1.4222065475e-01 1.2920428252e-01 4.0135225924e-01 -3.0826593420e-02 1.4831938133e-01 2.4320911802e-01 -3.7898065187e-02 6.7596008635e-02 -5.0724119267e-01 -6.5634487822e-02 3.2986547069e-01 1.9141353382e-01 1.7417890056e-01 -2.2373874549e-01 -1.9174139703e-01 -3.2703988317e-01 -6.2655402154e-02
1.7831707731e-01 1.8288335254e-01 5.0362360110e-01 5.0341613416e-02 2.5262979965e-01 -2.7117942230e-02 -1.4571748627e-01 2.5108461434e-01 -6.4328524416e-02 -2.2125966542e-01 1.0910965957e-01 1.6307281684e-01 -6.1514554922e-02 -4.5893258977e-01 2.4226439361e-01 -4.2525239206e-01 9.3721818140e-02 -3.2967550923e-01 -1.2221161346e-01 -1.3113273143e-01
-1.2655087736e-01 -3.9733683783e-01 -1.4016282212e-01 5.4403018303e-02 -1.8460565985e-01 -8.6112962743e-02 2.9096883263e-01 -5.4389478818e-02 -7.0705819937e-02 3.4694762646e-02 -1.4594229710e-01 -3.5997075128e-02 -2.6416595695e-01 -1.7053777729e-01 2.3901320697e-02 3.0430001193e-01 2.5201557363e-02 9.2292714683e-02 -1.1684479649e-01 -5.5544405168e-01
1.0519356863e-01 -3.4485497886e-01 -1.5850423281e-01 3.2324803145e-03 2.3846911340e-01 1.5234068143e-01 1.7138266281e-02 1.1699618590e-01 -1.4061897866e-01 2.8302031654e-01 1.9679052410e-01 -5.0742614562e-02 -3.6147252896e-01 1.1274767214e-01 9.9174817829e-02 3.4060482316e-02 -4.5144327970e-01 -6.2323451982e-01 1.4519523012e-01 1.9666244633e-01
-2.2981464412e-01 -1.9492603803e-01 -1.6070939778e-01 -1.3248631000e-01 2.7306572863e-01 1.2268666791e-01 -1.4644751495e-01 3.2028113286e-01 1.1370753316e-02 -6.1196405373e-02 -2.5419281663e-01 -1.0283544553e-01 3.0200325474e-02 3.1404103476e-01 -1.8524195030e-01 -3.0870472196e-01 5.6870639196e-02 4.7593787603e-01 1.6059722333e-01 -1.1916440576e-02
6.6854767739e-02 1.5210579630e-01 2.7032679864e-02 4.4121159999e-01 -6.6725015225e-02 8.7738192589e-02 -1.3784358249e-01 -6.1718971431e-01 -1.2049099936e-01 1.8045430823e-01 6.9593377583e-01 -2.2345396077e-01 1.2037521471e-01 3.1657611043e-01 -5.7992293030e-02 6.1886784252e-02 4.9683031670e-01 4.4912133343e-01 -2.6526612817e-01 9.3124333873e-02
-8.3198505243e-02 -1.0393873240e-01 2.6761832886e-01 4.4667891384e-02 -1.6270043421e-01 -9.8125978700e-02 -3.9245050847e-02 -2.6831785110e-01 3.9373429152e-01 -1.5317434569e-01 2.5939035405e-01 -1.7622014407e-01 -1.1017427135e-01 -1.6748008042e-01 1.1144682369e-01 5.0025823628e-02 -1.4257141064e-01 -1.6170264950e-01 -1.1743922882e-01 -7.8891825292e-02
1.5881351259e-01 -3.2082930586e-01 3.1582755857e-01 -2.5889675382e-01 7.5549787287e-02 -1.1247621686e-01 -3.1989829767e-01 3.0714391387e-01 -1.0982124918e-01 1.9903962778e-01 3.1390677779e-01 6.3713467388e-02 -2.9145558709e-01 1.0286581855e-01 1.3661056299e-02 -4.4609239298e-02 -1.3496911689e-01 -3.8539616631e-01 3.6807075645e-01 -2.0365829180e-01
2.1143089968e-01 1.0295126262e-01 -1.9764939836e-01 -2.2340774936e-01 -6.3125560622e-03 2.6306280840e-01 -1.8990286952e-01 3.6445294346e-01 -3.3419715472e-02 -3.0875934594e-01 3.3219303357e-02 9.0023071413e-02 3.2196072520e-01 1.2196485858e-01 3.4019938511e-01 2.3304664296e-02 -6.3392038760e-02 -9.2272542068e-02 -4.8111469571e-02 5.7880265540e-01
-2.1982058281e-01 -2.2549640608e-01 -8.9711240748e-02 -2.4970973949e-01 1.8713713034e-01 1.2939814162e-01 2.5645793923e-01 1.4658887857e-01 -2.5133788472e-01 -1.4738963150e-01 2.1370937857e-01 -1.1127772228e-02 5.3665013871e-02 -3.4614309202e-01 -1.1689427038e-01 2.0384912302e-01 1.0145841836e-01 8.7274147822e-02 -2.3176346427e-01 1.3184540402e-01
1.8557083830e-01 3.4784118683e-01 -3.3743970106e-01 -2.4511034679e-01 -6.8373683243e-02 5.6835868615e-02 -3.4163296479e-02 -3.2285425892e-01 -2.5842645290e-01 5.9902265213e-02 2.7373277973e-02 1.3942899962e-01 1.8188748164e-01 -1.1227465259e-01 -1.1169819932e-01 1.3316221661e-02 -1.1903584000e-01 2.7660630582e-01 -1.7031395106e-01 -2.6590742748e-01
1.6999573594e-01 2.2698697849e-01 2.1236657440e-01 4.7209587296e-01 4.2609254178e-01 4.3885429626e-03 2.6098406007e-01 5.1678563493e-02 8.8568411575e-02 2.3081495955e-01 3.2570981499e-01 1.8024303504e-01 2.3618033934e-02 4.7091603812e-02 -1.1416016996e-01 8.6334600264e-02 4.8019257416e-01 1.3829232906e-01 1.1128442224e-01 1.5576129398e-01
4.4622217237e-01 -3.7846584091e-01 6.5109842375e-02 2.0579975461e-01 -4.0679120870e-02 -6.1184582880e-02 1.4968102939e-01 1.7627524306e-01 -5.4658837096e-01 -1.2710736476e-01 -9.1857754647e-03 4.7979679641e-01 -1.0613616951e-02 1.3723468125e-01 -1.4729388271e-02 -2.9140840754e-01 -2.4283833731e-01 -3.0841480783e-01 -3.1183088583e-02 1.2028747440e-02
-2.0967435302e-01 -3.0419781421e-01 -2.8883666838e-01 4.6606997908e-01 3.0486609939e-02 -1.1985225343e-01 3.1791203493e-01 8.9950412253e-02 -4.7334297093e-01 -9.9497675261e-02 9.5749257812e-02 -1.0878363722e-01 -9.7712822743e-02 -1.2805986907e-01 3.7713296724e-01 3.2264551146e-01 -8.2825698632e-02 3.7212469958e-01 1.6238359277e-01 -2.0799678109e-01
