-6.6410538844e-02 1.8001389346e-01 1.3341567631e-01 1.6635980761e-01 6.2064101089e-02 9.0829987654e-02 4.6160630510e-01 3.9277122101e-01 1.7129586264e-01 4.6314502807e-01 -2.6470019097e-01 -1.8682931574e-01 -2.2359723090e-01 1.3358313391e-01 -2.1569009731e-01 5.2060188812e-01 9.4769429701e-02 5.9702541006e-01 2.8263117456e-02 -2.1097194945e-01
-4.7215588537e-02 -1.9764410184e-01 4.5032164138e-03 -7.3262449341e-02 -3.1521006370e-02 1.6112285284e-01 -1.2928670718e-01 -9.0613845873e-03 1.8533278395e-01 -1.6101698022e-01 3.5787441427e-01 -2.5259061814e-02 -5.4797092667e-02 -3.1216654227e-01 -2.7454664343e-01 5.8238267823e-02 -2.6110924030e-01 -2.5568411620e-01 1.1749590440e-01 1.5166869162e-02
-4.8520778035e-02 2.2950699653e-01 2.4393164366e-01 3.9934422798e-01 5.4636471179e-01 -3.6274036735e-02 5.3845541036e-01 -5.9416652791e-01 3.3462894504e-01 3.6082172352e-01 1.8246274927e-03 2.8888671936e-01 -1.7751339863e-01 4.0995670348e-01 -3.5669151322e-01 1.2472134229e-02 -1.3991972660e-01 -9.9709540040e-02 -1.1016520521e-01 2.1772679875e-01
3.5424655438e-01 3.1146911086e-01 -4.4949282925e-02 3.1775393300e-01 6.3707836547e-02 -2.6242355485e-01 1.9537419867e-01 -2.1569237170e-02 1.0014060692e+00 1.9639398082e-01 2.3675164258e-01 5.8474844809e-01 1.2989867745e-01 3.2627396947e-01 4.5545284701e-01 1.9226114990e-01 -3.7984033144e-01 2.7328736066e-01 -3.0900394771e-01 -3.1406568312e-01
-3.0518837660e-01 -9.0127598642e-02 9.3886547015e-03 -1.1563702153e-01 8.3338181555e-02 -8.0953581431e-02 -1.4520149203e-01 -1.8280036643e-01 -1.7333372305e-01 -3.4712877759e-01 1.1718537074e-01 1.9099097864e-01 6.2561589431e-01 -1.9162240089e-01 -5.5923311612e-02 4.1469214688e-03 -1.5873189552e-01 3.9206224110e-02 2.2037007410e-01 -1.0208644320e-01
2.3541519806e-01 3.5425972950e-01 3.5110642195e-02 -8.7960783138e-02 3.4748256107e-01 2.2924051899e-01 2.0732266938e-01 8.2075049719e-02 3.0409965323e-01 -8.9487784576e-02 -5.8049128545e-01 -7.1763046259e-02 -2.4193554528e-02 2.2691157121e-01 1.1493145363e-01 -2.3166894681e-01 -2.6120853148e-01 1.5921250439e-02 1.4562949993e-01 5.2835840632e-01
2.2311411099e-02 -1.9854892991e-02 -5.5415288502e-02 1.4521296480e-02 -2.0959339641e-01 -3.9609978083e-01 1.2783097080e-01 1.3314000133e-01 2.8568713089e-01 -2.4791287183e-01 5.3027968969e-01 3.4116125428e-02 8.2292451076e-02 2.7851258312e-01 -5.2672980837e-01 -4.5558020521e-01 -1.3552469523e-01 -4.8463952480e-01 2.3435740334e-01 2.9007311746e-02
5.7100469473e-02 1.4356169375e-01 1.7071801198e-01 2.2082785123e-01 1.4697285477e-01 3.1624316418e-01 -2.4778917505e-01 -4.4924706131e-02 -1.3644200982e-01 1.0081226147e-01 2.0802867970e-01 -3.5933409023e-01 2.5895071139e-01 1.2668399652e-01 1.7853290151e-02 -4.0521049063e-01 3.6158907337e-01 1.5895218468e-01 2.0348374020e-01 -1.6967194134e-01
1.5375528685e-01 8.7619958563e-03 1.5203553355e-01 3.5134739432e-01 2.6409050285e-01 2.7612682447e-01 -1.9951431444e-01 3.9802459720e-01 5.0977983812e-01 -5.8926276971e-02 9.0942335524e-03 -1.1261628331e-01 6.0131772602e-02 1.4261769000e-01 -1.8356023213e-01 2.6699519397e-01 -1.0436315691e-01 -1.7027427972e-01 1.6921472651e-02 -3.7585219570e-01
-1.6009368286e-01 -3.4926368668e-02 -3.5906871375e-02 2.8452799993e-02 1.1327566549e-01 2.6586963994e-01 -1.0432298736e-02 3.7796483739e-01 1.7052627325e-01 1.6618256186e-01 2.3686038829e-01 -1.8624832333e-01 -1.1693578838e-01 3.2250542858e-01 3.3775972415e-01 5.5409516615e-01 3.4724648048e-01 4.8434740328e-03 5.0727709312e-01 -2.7195897433e-01
3.2536314996e-01 1.7059336474e-01 -7.5837015816e-02 -6.1114757954e-02 -3.2353348624e-01 1.9109122939e-01 3.9323972855e-01 -5.5902157604e-02 5.4149616982e-01 -6.7157194405e-01 -3.4028003295e-01 1.1213714363e-01 -2.1365628333e-01 1.6951525398e-01 2.2967631991e-01 -1.4943493419e-01 -1.0757800083e-01 -2.1074281803e-02 2.3981966377e-01 1.0008863032e-01
-2.3041416823e-01 -2.5260735396e-02 2.8115300933e-01 1.9717421521e-01 -1.3974564852e-01 4.0222550566e-01 -7.2054899122e-02 -9.0223095461e-02 1.7169493637e-01 -3.4544007726e-01 -3.6867035460e-02 -1.8016991073e-01 -3.0726360877e-01 -3.0734602189e-01 3.0567053605e-02 2.8340430657e-02 2.0540476788e-01 -3.2926261519e-02 2.0651905276e-01 -2.1110709274e-01
-1.6085479751e-01 -4.2141356009e-01 2.7505715503e-02 -1.4146114156e-01 -2.9889712680e-01 1.9489868568e-01 -3.3283592549e-01 3.5121892943e-02 -7.1288895230e-02 -1.7892301828e-01 -1.3113341387e-01 -1.4142458538e-01 7.4762462491e-02 -3.2516187974e-01 1.1970600180e-01 3.4566459285e-01 2.7682368568e-01 4.0037323229e-03 -3.9246048218e-01 4.6295871092e-01
2.2490840874e-01 -3.5933803431e-01 -2.5959621517e-01 2.7248795994e-01 3.0392835895e-01 8.7377275662e-02 1.4357557204e-02 2.1762233350e-01 3.4109332106e-01 3.4300118432e-01 -2.3755956257e-02 2.4699841913e-01 -9.9432853188e-02 4.2998566132e-01 3.7856096300e-02 3.4504153392e-01 1.5515196191e-01 2.7948711367e-02 5.9895587732e-01 -3.0242865363e-01
-8.3917362352e-02 1.9423812246e-02 9.8618723737e-02 -2.6282221432e-01 -3.4658079537e-01 3.5817639863e-01 1.4970840923e-01 -1.0092369803e-01 1.4143844185e-01 2.3821968099e-01 4.0698026315e-01 -2.5410994045e-01 -1.2485684450e-01 7.3273320131e-02 2.3539356513e-01 -3.4894771955e-01 9.0944529446e-02 -1.5727809032e-01 9.2313350459e-02 2.2538349053e-02
-1.7109019765e-01 7.7619035698e-02 -1.6764735031e-01 -2.0897953186e-01 -3.2746375186e-03 -4.1313121119e-01 -1.7089362883e-01 -1.6950614579e-01 -3.0485446937e-01 2.6043167162e-01 -1.3714945925e-01 -3.0629573080e-01 2.0260964554e-01 -4.0118940019e-02 6.5199887918e-02 1.8841468116e-01 -1.7658849650e-01 1.5158117583e-01 -3.9441350689e-02 3.4063283496e-01
-9.8138510204e-02 -6.6157077340e-01 1.4606586965e-01 8.2438703783e-02 -4.1417235311e-02 -2.5465432981e-02 1.8717298020e-01 1.9729008280e-01 -2.1552336669e-01 6.0971362425e-02 -4.5693784998e-01 -1.6053062929e-01 -8.6011919762e-02 -5.3225432703e-02 -1.0854926732e-01 -1.2983167244e-01 -2.5777302581e-01 -2.9013438570e-01 -4.2576802164e-02 -4.2386179585e-01
-1.7817692849e-02 1.3308824157e-01 2.2066187632e-01 3.7581984048e-01 5.7589652145e-02 7.4115778651e-02 -2.5211321330e-02 -1.5244303309e-01 1.1402371643e-01 2.9387514228e-01 3.8111611337e-01 1.0235407949e-01 -3.5398995573e-02 -7.7568060421e-02 1.3365695863e-01 1.1262306850e-01 -2.8010732567e-01 1.8930836105e-02 1.2139544074e-01 -1.0952397747e-01
8.1792221707e-01 -7.3350040674e-02 -1.2221970382e-01 3.1245467471e-01 1.4251160941e-01 -3.1615856029e-01 1.6159346092e-01 1.6408802406e-01 2.3898625882e-01 4.7189353189e-02 -9.3661324041e-02 1.6544337829e-01 -4.2345917563e-02 1.4583352308e-01 -2.0256726347e-01 7.5437862907e-02 4.6211457215e-01 -4.1530991859e-01 -1.9297618957e-01 -3.5527379720e-01
-2.3619394203e-01 -8.3558629242e-02 -9.6191869835e-02 2.6116417566e-02 -1.9943875977e-01 3.2089711850e-01 -6.3333129477e-02 2.1468899523e-01 -3.2253468383e-01 -4.3161538396e-03 1.1468044632e-01 -5.0629076256e-03 -1.3415080205e-01 3.9076160978e-01 -1.0385742900e-01 7.0521745814e-02 -2.7084726058e-02 -1.7821315017e-02 -9.7406008512e-03 9.8482071963e-02
