3.9517537739e-01 -1.0236659986e-01 4.1937841189e-02 -2.5990262675e-01 1.3264522844e-02 -7.9563943374e-02 -3.8971813349e-01 6.2701753668e-02 -2.6217108280e-01 5.1212610370e-03 -6.8272519107e-02 1.6419407360e-02 3.2562594258e-01 8.8008509591e-02 2.2190894857e-01 1.6030229801e-01 2.0323745998e-01 4.5740531057e-01 1.5932872398e-02 -1.0297904687e-01
2.6021860785e-01 -3.2420112919e-02 -7.5756845724e-02 1.1555541668e-01 -4.1988633948e-01 1.0253484056e-01 -6.4540632699e-01 3.1166194325e-01 3.3115074766e-01 -1.4444733283e-01 4.0809567428e-02 9.2233555369e-02 -2.6008647778e-02 -1.6124368473e-01 3.4432003099e-01 -7.0843962655e-02 -6.9938367159e-03 -2.8245128143e-02 4.2773013186e-01 -6.4465171359e-01
-5.2764177854e-01 -1.7818388138e-01 2.1573936478e-01 -6.6795876002e-02 -5.0008273317e-01 -2.4340266561e-01 -3.1832154959e-01 3.3121938070e-01 -1.1632709816e-01 -6.1338896570e-02 -1.0406705340e-01 -8.8912979044e-02 -4.2357576738e-02 9.6014728732e-02 -3.6781519738e-01 4.8001264165e-02 1.5866895388e-01 2.6826746144e-01 1.0764044278e-01 1.2715789609e-01
1.5137204689e-01 -1.2037343624e-01 -5.5225192861e-02 -2.0195228531e-01 -1.0639309115e-02 -7.0903459445e-02 5.2875186739e-01 2.0836764114e-02 -2.9472534633e-01 1.7310844244e-02 4.6837414764e-01 -3.1070654245e-01 1.4843847617e-02 -1.6648804856e-02 -1.1539098467e-01 -1.1517145678e-01 2.3075679749e-02 -2.1752236710e-01 2.2030566684e-01 -3.3705564914e-02
4.3001029600e-01 3.9167711055e-01 4.4437806596e-04 -4.3470296241e-02 1.9146540776e-01 -6.5414289877e-02 -4.2910767361e-02 3.0409560959e-01 -1.2274812436e-01 -1.4040951602e-01 -1.1682047516e-01 -6.6256125669e-02 2.6842274469e-01 -8.1618110452e-02 -5.6456858976e-02 1.5878475952e-01 1.2029308248e-01 2.9396935027e-01 -2.3369903092e-01 -4.8482017349e-01
-1.3171774000e-01 1.1099596411e-01 1.2177853533e-01 3.9461591187e-01 -1.2826754154e-01 -2.3130135147e-01 1.2938868207e-01 2.4812109097e-02 4.7443354662e-01 -6.6307483418e-02 -2.8382908810e-01 -2.2370254895e-01 3.2147012855e-01 3.7231232188e-01 -9.7860023751e-02 -2.1008925500e-01 -1.8742597643e-01 1.9449278389e-01 -1.9142559038e-02 2.6321625119e-01
-1.8255523415e-01 -3.3289390867e-02 -1.3100690468e-01 6.1512544357e-02 2.7930558007e-03 -4.4098179215e-01 -1.8318050462e-01 2.9132816816e-01 4.1679655252e-02 1.8521562727e-01 5.0969285238e-01 -2.3556613089e-01 6.6391515298e-02 -2.5165775219e-01 1.4776691698e-01 -1.7182424033e-01 -3.4999322971e-01 1.0032407573e-01 6.8776457311e-01 -1.0259547664e-01
1.7052964339e-01 -2.1525762951e-02 1.0315763174e-01 4.4069349212e-01 -1.0473320490e-01 -2.0736514566e-01 -1.5187937695e-01 6.2553147064e-03 -1.2443061430e-01 7.2802280645e-02 2.9915548775e-01 -7.1726076892e-01 3.7668956687e-01 -4.1611907091e-01 2.8127742661e-02 -6.4061615239e-02 -1.2204346270e-01 2.9637303979e-01 -3.1782942571e-01 -1.3309601504e-01
-3.6837052558e-02 2.3576655819e-01 -1.7680442083e-01 -4.3258274780e-01 -1.9368205933e-01 -2.4902261598e-01 -2.9269984608e-01 6.4925044715e-01 -1.0512573439e-01 -4.5786772023e-02 1.0567794147e-01 -7.5274510768e-02 -1.0672219005e-01 1.3496695437e-01 -1.4159647279e-01 4.3818897868e-01 -1.4368931317e-01 -4.4748539145e-01 1.2217829730e-01 -1.0353377248e-01
-2.0074967474e-01 4.1114277072e-01 -1.2337857773e-01 -3.0125225328e-01 1.6663335297e-01 -1.3508922772e-02 1.2187484969e-01 -4.6498175214e-01 1.7537793807e-01 -8.1654090017e-02 -9.6205496417e-02 7.1396525704e-03 -2.2777114455e-02 -3.2752961707e-01 2.5144274688e-01 5.4466302350e-01 -5.5349490008e-02 -1.9779754906e-01 -3.3198731138e-02 1.3356660460e-01
2.4122360130e-01 9.0121308306e-02 -1.4637631644e-01 1.5163569943e-01 -3.9713563504e-02 -1.1992985308e-01 -2.3253222792e-01 2.1567680776e-01 -5.2733232107e-02 -4.1649356926e-02 8.9950362771e-02 4.6455881674e-01 -1.4893980670e-01 8.0225076741e-03 -1.9734826873e-01 -1.3352696873e-01 5.9160373104e-02 -2.4480627334e-01 2.5076646714e-01 5.1019252050e-02
-2.8201730393e-01 2.3951228011e-01 3.3807608220e-01 8.9182576490e-02 -3.2806617443e-03 6.8560301470e-02 -1.2339235652e-01 -3.0091315371e-02 3.9323257176e-01 -4.7232977508e-02 4.3819057805e-01 -2.3638205479e-01 7.1977359039e-02 -1.2367899123e-01 1.4311383231e-01 -7.7381865434e-03 -4.5113202643e-01 6.4577540640e-02 2.9005672957e-01 -6.2126584398e-01
-1.9098174181e-02 2.2126678300e-02 5.4666331820e-02 1.7580450198e-01 -8.9838782251e-02 6.6737600169e-02 8.1717427354e-03 -8.2853192599e-03 -1.5146625841e-01 1.0651942980e-01 1.8422043264e-01 6.2902717448e-03 -2.8628960532e-01 2.3329681866e-01 1.1896850367e-01 -1.3971281187e-01 -2.5787361682e-01 -2.8821902800e-01 1.6036787668e-01 3.4601170822e-01
6.2738166657e-02 2.9935187931e-02 -1.1371864822e-01 -3.3075605299e-01 4.8831611161e-02 -3.2216574559e-01 4.4943016237e-02 -1.5050249935e-01 1.1021163793e-01 -2.1460219654e-01 -1.4422049395e-01 -1.5594913335e-01 6.9495566698e-02 1.9292242251e-02 1.5541210765e-01 -2.4102070856e-01 -4.7701308875e-01 -1.4105007463e-01 8.2763403885e-02 -2.4933876975e-01
1.0577922033e-01 9.1309741027e-02 -3.2044772207e-01 -1.2144872170e-02 2.9741287271e-01 3.0549253108e-01 3.4364343604e-01 3.4207739971e-01 -1.2216767570e-01 5.5779766895e-01 3.4263400159e-03 -5.2307885016e-02 -3.5199201560e-01 3.2110996299e-01 6.4507204175e-02 -7.8373824015e-02 -3.6123067562e-03 -2.6833574794e-01 9.1159718567e-02 4.9535958415e-01
-3.0315397781e-01 -3.7788151486e-01 1.7101620903e-01 -1.0026147013e-01 -2.2510473002e-01 -2.3976342895e-01 2.5595257447e-01 -4.1982938446e-01 -1.0299275096e-01 -1.4481509352e-01 -1.7390328215e-01 2.0582581707e-01 -1.2682101433e-01 9.7273103694e-02 6.2429672839e-02 -3.9524742158e-01 -3.9502982819e-01 -1.9603817369e-02 -1.5054637102e-01 -3.1882860350e-01
3.6027278983e-01 -2.1851655998e-01 1.2755127418e-01 2.5590964325e-01 -1.5761376634e-01 2.3387042961e-01 -6.0337765236e-02 -1.4012262918e-01 3.2833906073e-01 -1.8392383708e-01 -7.4572610595e-03 3.8840821357e-01 -6.2221252244e-02 1.4983094597e-01 1.2685963087e-01 -6.1364134692e-06 1.1897996763e-01 -3.4614980718e-01 -4.5898593408e-01 3.2916614479e-01
5.8325193513e-02 1.3566699493e-01 -6.9631007466e-02 1.3820648710e-02 -1.8231527496e-01 5.6890429835e-02 -2.7384671743e-02 -6.0652873115e-02 2.9133710032e-01 4.7238611522e-02 -7.7487255656e-02 3.4987690133e-01 -3.9917293421e-01 2.3336279786e-01 9.1009709340e-02 -1.3933719838e-01 4.3743840787e-01 -8.9795080277e-02 4.7372462295e-02 6.5655221954e-02
1.5451033141e-01 1.6075576091e-01 -1.3008426195e-02 9.4472825257e-02 2.2683987541e-01 -1.8559478896e-01 -5.0221365614e-03 6.7175453228e-02 1.5428544226e-01 -2.5831550592e-01 -6.2458216026e-02 -1.0936520884e-01 2.1139654056e-01 -2.4185206453e-02 -1.5382294884e-01 1.8081853331e-01 -1.7134279372e-01 -1.3535247316e-02 -2.8046636260e-01 -7.7767539979e-02
1.1227674860e-01 7.4700113306e-02 -1.2807276620e-01 -1.3466200489e-02 -2.3358437525e-01 5.3069926255e-02 2.7854890683e-01 -1.7942966767e-01 4.7806087916e-01 2.1756398752e-01 -4.2030432265e-02 -4.1019242826e-01 -1.9013594134e-01 -1.1962344255e-02 -1.8062037072e-01 -1.0029968719e-01 8.4252176756e-02 -5.0139187820e-02 2.4900652104e-01 2.0405032340e-01
