1.3181098585e-01 -2.4728566159e-01 1.0063017455e-01 3.6070324604e-01 2.2558320467e-01 -1.5850869292e-01 2.4038228310e-01 1.2544287036e-02 -1.2084507896e-01 1.8464187299e-01 -5.9465856829e-02 -1.3066879775e-01 -3.2491225063e-01 2.6673908376e-02 -7.6690816652e-02 3.2052402629e-01 3.5905301110e-01 1.0128577795e-01 1.7490183064e-01 2.3320699168e-02
-3.5253484756e-02 -1.1696059579e-01 2.3814945506e-01 5.9834946700e-01 1.5730475098e-01 1.9715167304e-01 2.4759790064e-01 -3.0505029932e-01 1.6848071782e-01 -1.9892940872e-01 -4.3247020571e-01 -3.6184127478e-01 -1.3902466122e-02 8.1885374053e-02 4.1916520596e-02 3.9933724905e-02 1.2609346148e-01 -2.4246988764e-01 -8.3512208298e-02 -1.8335663666e-01
8.0616581399e-02 -1.3066459595e-01 1.4112239352e-01 2.8471880916e-02 -3.0974532911e-01 -4.5562776179e-01 -3.4970237976e-01 2.1459903866e-01 -2.2192002676e-01 -2.3366411498e-01 -1.2479759695e-01 -1.3323965510e-01 -6.6119160414e-02 -3.4608893727e-01 -3.5950349036e-01 2.9575158016e-02 -1.8198325156e-01 4.2922591649e-02 2.2265165194e-01 -1.7105896741e-01
-2.1265626503e-01 9.3712611487e-02 -3.7908676734e-01 -4.0448954585e-02 -3.5476385751e-01 -3.4229777546e-01 2.2704963447e-01 7.1499051966e-02 -1.7463346565e-01 3.6499536352e-02 1.5665567284e-01 3.0359794726e-01 -1.0708973785e-01 -2.6282766464e-01 1.0624106195e-02 6.0218329488e-02 1.6638579492e-01 -4.0487018108e-01 -9.1748717292e-02 -3.6331128335e-01
-1.2429187172e-02 -2.4258106360e-01 2.8630688561e-02 1.3005956816e-01 -1.1623219024e-01 -1.3310487515e-01 1.0818442026e-01 -1.5006935735e-01 3.8806475021e-01 -7.5798846159e-02 -1.9841189301e-01 -1.7632758377e-01 1.8338931155e-02 6.1828472363e-02 -3.5861010024e-01 -1.2122166202e-01 -1.2983839531e-01 -2.1716052700e-01 -1.2555257121e-01 1.6691650829e-01
-4.6035346745e-01 -4.1170732159e-01 8.3746288514e-02 9.1564567890e-02 -2.1679658054e-01 -3.7243461019e-02 -1.8083346999e-01 -8.3465006619e-02 -1.2988171913e-01 3.0091625614e-01 -3.8692296708e-01 -2.0575664374e-01 -2.1980220744e-01 -1.8175951186e-01 3.2377283352e-02 1.2922743516e-01 -3.4071339799e-01 -3.5563326794e-01 1.2725938668e-01 7.0177731373e-02
-2.6919870975e-01 -1.5273069871e-01 -4.1110372458e-02 -4.8638084752e-02 -1.7436254430e-01 2.0353521621e-02 2.3405508359e-02 1.7185534903e-01 -1.5441815335e-01 2.7018770069e-02 -2.9273300326e-01 1.9944546951e-01 -2.4178917735e-01 1.8845211985e-01 7.4125439981e-02 3.5161668763e-01 -1.0397878835e-01 3.2561676043e-01 2.0048168084e-02 -1.4842347866e-01
1.2861789767e-01 -1.0442390859e-01 1.4361905103e-01 -1.4731597663e-01 3.6784348705e-01 -5.9385588309e-03 -1.8185721737e-01 -2.9330778129e-01 1.8127858225e-01 4.8218755929e-02 1.3409755847e-01 1.4985482732e-01 -9.6862986748e-02 1.6161297596e-01 -1.3185531363e-01 6.8322175239e-02 -1.3684344781e-01 -7.5646472654e-02 -5.3042371832e-02 -1.2043700419e-01
-2.1483947439e-01 -1.4273424030e-01 5.7004440084e-01 1.8823097690e-01 1.1441607362e-01 -1.3797815227e-01 -6.4469973224e-02 -3.9939074875e-01 4.8467621247e-02 6.8897937553e-02 -1.0834927385e-01 1.0701284583e-01 -3.1003316722e-01 1.3712821743e-02 -2.9579861046e-02 1.4646458498e-02 -1.0400576085e-01 1.2367542341e-02 4.7922273017e-02 -3.1568605855e-01
-1.0205538885e-01 2.3304168941e-01 4.3694955107e-01 4.9270286150e-02 1.5759985648e-01 6.7391457848e-02 -2.2395681652e-01 -2.8525415307e-01 2.6988877068e-01 1.0646536386e-01 1.7398136116e-01 -3.3490553904e-01 -3.0225001807e-01 5.8481794097e-02 -8.3382852380e-02 1.2763532527e-01 -1.6213264656e-01 1.4751239920e-01 -2.5256409462e-01 5.3024682590e-02
1.4637507613e-01 1.1700005908e-01 -5.2967744392e-02 -7.3873996392e-02 -2.7887693374e-01 -1.9720745227e-01 -2.9790993148e-02 -2.1300510730e-01 2.3689602055e-01 5.7342206320e-01 8.9282694530e-02 -2.5076069315e-01 -3.2055874998e-02 -5.6861228680e-04 2.2883255120e-01 -1.7208164523e-01 -5.5219192296e-01 -2.0917784008e-01 -7.3372536156e-01 1.1835640682e-02
2.0836221060e-01 -2.9229580806e-01 1.7422958674e-01 6.2264289228e-02 -1.1472031563e-01 -2.7291154659e-04 1.3764197991e-01 3.9667006278e-02 2.4648661190e-01 -2.3518929430e-01 4.9077986764e-01 2.3690782400e-01 2.1441481188e-01 -7.0487901947e-02 1.8793999413e-01 -6.4258135125e-02 4.9070180292e-02 4.1361273328e-02 -2.0248955118e-01 3.5064528086e-01
2.9054930643e-01 -2.2343884280e-02 1.2269901277e-01 -9.3541700481e-02 -1.7646619970e-01 -3.1930357665e-01 4.2610483105e-01 -2.1012775990e-01 2.8567170974e-01 -2.6638349300e-01 -2.2218230762e-01 -3.3236818708e-01 2.5476072157e-02 -8.4087588962e-02 6.2830280421e-02 3.9737309771e-01 2.0126363115e-01 5.5409414952e-01 -5.8581503985e-02 -2.2809549505e-02
6.5487895238e-01 1.4326622757e-02 9.3703344311e-02 1.0880837289e-01 4.4996787763e-01 -1.1034347239e-01 1.2261242335e-01 -3.9084852997e-01 1.6883377536e-02 1.2072955321e-01 1.4786331816e-01 5.9699292196e-02 1.4518572468e-02 6.6997734193e-02 2.8506990370e-01 -6.7837728614e-02 -1.7389290257e-01 -4.4913156522e-02 2.6150418599e-01 2.8331275942e-01
-3.2783557081e-01 -7.0890933832e-02 -3.8688694477e-01 5.7482209038e-01 -3.8948257684e-01 1.0925575437e-01 1.9568065463e-01 -1.7087251846e-01 -1.2438308540e-01 -2.5448049330e-01 -6.0532760703e-01 2.2489857803e-01 -1.5442653357e-01 1.5581461503e-02 -4.1600370392e-01 -1.0989820097e-01 -1.2084723432e-01 -2.0778228606e-01 8.8978237998e-02 2.0304352244e-01
2.4006826115e-01 4.3299429733e-02 -3.0708584959e-01 7.9466024342e-02 2.1844647349e-01 6.1406472690e-01 7.4187981669e-03 -9.3892021247e-03 -1.2251958835e-01 -2.5287967298e-01 3.2060700422e-01 -4.2142586549e-02 2.7548077954e-01 -2.6821393558e-01 -1.6898026815e-01 2.1022908565e-01 -4.8874829431e-02 2.7872339243e-01 -4.2898950684e-01 -1.6508341140e-02
3.4382572293e-01 -1.1977986694e-01 1.9086534626e-01 1.3149173923e-01 -1.5963989179e-01 -2.3712772896e-01 -1.1599886781e-01 -2.9846197580e-01 1.7866147101e-01 2.7394950958e-01 1.0279315001e-01 4.3285055012e-02 -4.3042233884e-02 -3.3458776349e-01 -2.3600033352e-01 2.2517707480e-01 -3.7144332589e-01 2.1949087584e-01 -2.2873174393e-01 3.9751048771e-02
-1.1934487942e-01 -9.0164000482e-02 -2.3454166700e-01 8.3736718944e-02 6.0428056399e-01 1.2312783247e-01 -9.7143449025e-02 3.7486940591e-02 3.7093622283e-01 2.4556594213e-01 2.4063839486e-02 -1.3392848786e-03 2.6636003872e-01 1.0632562487e-01 8.5259720877e-02 -2.9384247912e-01 1.8478401951e-01 -2.0185873656e-01 -5.6497428448e-01 3.8952338987e-01
-1.2062513863e-01 2.6855435234e-02 2.0863760433e-01 -2.5143013164e-01 2.6952129102e-01 -2.6629391271e-01 -1.3641692027e-01 1.4829930021e-02 1.2532172180e-01 2.2483306243e-01 -6.0033587931e-01 5.3553336816e-01 2.6325041876e-01 -3.5569265803e-01 -1.2464058474e-02 -6.3956637986e-01 -1.4712928251e-01 1.0036599299e-01 4.5647672874e-02 -2.3046617045e-01
1.4464815403e-01 1.9502086504e-01 1.2791386341e-02 2.9967148512e-03 2.3321319869e-01 -8.0894076847e-02 1.8637983421e-01 2.8278933551e-01 2.1104043947e-01 1.9064949654e-01 -5.2698639465e-02 -2.0379918035e-01 1.8986294453e-02 -3.5736932672e-02 -3.7688197817e-02 -3.6441356631e-02 -3.8324476837e-03 8.7021958608e-02 3.4149507801e-01 5.6481699788e-03
