5.0472182834e-02 -1.0179200211e-01 3.8620000153e-01 -3.9488385899e-02 -2.3497469748e-01 3.1910719440e-01 -2.3365982960e-01 7.6024088980e-02 -1.6757054882e-01 1.5638222966e-01 -1.2031280071e-02 -6.9792672018e-01 -2.8021004207e-01 7.0766817336e-01 1.4395722524e-01 -8.3776455025e-02 -2.6226178089e-01 2.5341731453e-01 -1.9617251868e-01 5.8893065864e-02
2.8145806275e-01 -1.4594670052e-01 -1.7516274512e-01 9.1420868076e-02 -3.4844485771e-01 2.5762582676e-01 -3.4537904393e-02 -5.5096305168e-02 1.9506259308e-01 1.6987907597e-01 -5.1678183945e-01 3.6346251809e-01 2.7849657762e-01 -1.2429930472e-01 -1.9545078785e-01 -3.8483698539e-01 3.3699930130e-01 3.2935262579e-01 -1.4730390500e-02 2.5304337354e-01
-9.4122715709e-02 -1.1908756719e-01 -4.0509303992e-01 -2.0945911530e-01 1.9340220843e-01 -8.2080430890e-02 1.4046248548e-01 1.7913166382e-01 1.6322729253e-01 -5.9162594902e-02 5.5750262283e-02 -1.4140153603e-01 5.9399623823e-02 2.7902183582e-02 -3.0671359495e-01 9.1076114239e-02 2.5994094380e-01 2.2422783451e-02 3.0312847755e-02 1.4885028239e-02
1.2156581867e-01 -1.5336446911e-01 -3.7676038958e-01 -9.3330805267e-02 8.2175764718e-03 -2.0053507204e-01 1.6782753984e-01 -4.2402460754e-03 1.5047235108e-01 -5.2762727794e-01 1.9548343949e-01 -2.1847423602e-01 2.7223409713e-01 1.4964541562e-01 -1.6467150123e-01 -1.1865690994e-01 -6.8125501859e-02 6.9603199696e-01 1.9565127043e-01 -4.3108129262e-01
-8.9820491219e-02 3.0176569064e-01 -2.8568932734e-01 9.0894438844e-02 3.5587317621e-01 3.7688724541e-01 1.5790463747e-01 1.8534495327e-01 6.4317953478e-02 -2.2312978069e-01 -3.0120802887e-01 7.1135527124e-02 -6.2295162498e-02 -1.8034298219e-01 4.0091748815e-01 -2.4564229293e-01 4.5971698390e-01 2.2196066983e-01 -3.0191682365e-01 -1.2536807354e-01
5.0218142723e-01 4.4307974709e-01 2.6888124390e-01 1.4226639648e-02 -2.3473879591e-01 1.0100809624e-01 -7.7940659931e-02 1.1644192996e+00 -1.1181963876e-01 -1.8328135202e-01 8.8977780413e-02 1.6378954573e-01 -6.5220230529e-01 2.9093098975e-01 -4.2541734235e-01 1.3862183031e-01 6.0052658059e-03 2.1093252538e-01 -7.9563167109e-01 1.1623867371e-01
1.4764316815e-01 -2.7824397337e-01 2.7757462012e-01 -7.2311959958e-03 1.0056695436e-01 -3.9803072176e-01 -1.4797910599e-01 2.6005207915e-01 1.1226000394e-01 -2.8703997923e-03 -8.1306895377e-02 5.7951391135e-02 -6.2889177341e-02 1.8040398544e-01 -4.7474755489e-01 -9.3629024455e-02 4.6329018175e-01 -2.0349914855e-01 3.5740420993e-01 -3.0446338423e-01
2.2429331605e-01 2.4366125199e-01 -3.4769545389e-03 1.3809684782e-01 -3.9979607089e-01 4.8103521097e-01 -4.7065081961e-02 -1.5792898586e-01 1.5475099081e-01 3.2682714264e-02 1.5350274163e-01 -3.6602766799e-01 3.7244611568e-01 1.7809676029e-01 -4.4107276822e-02 2.2898926904e-01 -7.0313577383e-01 1.3191078440e-01 -7.5245955416e-02 1.4535685938e-01
1.7104816044e-01 1.9381627361e-02 -6.2676752915e-02 -3.6222886708e-01 1.2971449736e-02 3.7959220598e-02 -3.5061630386e-01 -2.9506612690e-01 3.7734024751e-02 -2.5820692146e-02 -5.4199323503e-02 -8.9704817367e-02 5.1429689210e-01 3.2214910923e-01 -3.9132655755e-02 -1.0328303791e-01 -3.9354145153e-02 2.2089845389e-02 -6.1600581082e-02 2.7937523079e-01
-2.5132276247e-01 -2.6057361830e-01 4.5995286581e-02 -1.8206206839e-01 -1.2490891874e-01 -5.8530515371e-02 2.1346544172e-01 -1.2489270748e-01 -2.2074221087e-01 -3.5498418522e-01 -3.3745916498e-01 4.2004162699e-02 5.7055220370e-01 6.3370859524e-02 -5.0491755332e-01 -2.8244764107e-01 1.3817913804e-02 -2.0293465050e-01 5.9361456139e-02 3.2883393643e-02
1.3757757074e-01 2.2918362420e-01 -3.7655240246e-02 -3.2273125387e-01 2.6395903483e-01 7.4969009723e-02 3.0152846602e-01 1.6140807816e-01 2.0280246810e-01 -2.3112808268e-02 -1.7137048707e-02 2.2270539551e-01 1.3400021832e-01 -5.4913407694e-02 1.6612328110e-02 -2.5754284237e-01 6.3928453894e-01 4.4357189142e-01 -1.9083385602e-01 -3.9206484639e-01
8.5440914820e-02 1.9104284498e-01 1.5869159254e-01 4.9266178752e-01 -2.6861560088e-01 -6.9667037042e-01 2.4505129770e-01 -1.0278894165e-01 2.6519972653e-01 2.4481146066e-01 1.1917247043e-01 -3.0952256859e-02 6.6139788276e-01 7.8876256073e-02 -5.2152273157e-01 -6.5817624355e-02 8.1556413763e-02 8.1939158759e-02 -1.4502763011e-02 1.6897871194e-02
4.4574756860e-01 1.5579301648e-01 1.3742396075e-01 1.4559667407e-01 -4.3779686424e-01 1.7655090208e-01 -5.4622116419e-01 2.8358801351e-02 1.3125755575e-01 -1.0997280434e-01 -4.7073554011e-01 1.4011473961e-01 -1.6884322871e-01 1.8297196953e-01 1.8254643165e-01 3.6550971870e-01 -5.6063200443e-02 4.9240504265e-01 3.1592166816e-01 -1.9190716351e-01
-5.9280210300e-02 1.4098755379e-01 -1.7144594078e-01 8.6194105519e-03 1.7128453705e-01 1.8739826043e-01 -6.3888677735e-02 -1.4341521773e-01 -8.6515085057e-02 -1.2897708905e-01 -6.0740744093e-02 1.3703682527e-01 -4.5304949592e-01 -3.3704330394e-01 -2.3914894119e-01 -1.1725773077e-01 6.2409096304e-03 -1.1691277080e-01 -4.0557515432e-01 -2.3105446822e-01
2.1200485577e-01 7.3339083915e-02 -3.3593101490e-03 4.7569587242e-02 8.4704334392e-02 3.9043872818e-01 -8.2956077143e-02 -1.0367898482e-01 -1.5435221281e-01 -4.7636058053e-02 1.3430032151e-01 6.6678968432e-01 -1.9334314487e-01 3.1484524469e-01 -4.7557822780e-01 1.4550507871e-01 1.5736201789e-01 2.3179651525e-01 -1.8036781506e-01 2.9313734900e-02
-4.4214485126e-01 1.3853732441e-01 1.3471900665e-01 -5.0505868200e-02 5.7087361642e-02 2.5631489197e-01 -2.6097852291e-01 1.8500642162e-01 -1.5688911477e-02 9.4797361871e-02 3.9123840696e-01 2.2302876310e-01 -2.3248885082e-01 -5.8394998323e-02 -3.2562068902e-01 2.6569851995e-01 -1.3484277235e-01 2.6845971650e-01 -3.7792281455e-01 1.6473654570e-01
-4.1054903283e-01 -5.4998906859e-01 -2.3554204627e-01 1.4572832755e-02 4.2555460238e-01 -1.8883021289e-01 9.8950602328e-03 8.7766273819e-01 6.0456316539e-01 6.0252280844e-02 -4.1473385888e-02 5.4346823404e-02 4.2394900536e-01 -3.5983662904e-02 5.2369086000e-02 1.1004448270e-01 -1.4605115779e-01 -2.4783565820e-01 6.4607987786e-01 -2.8408407987e-01
3.0900919679e-01 -1.3071511122e-01 6.8473926543e-01 -2.6657631432e-01 1.1558030123e-01 3.9385212049e-01 -1.1472192994e-01 1.0745159966e-01 1.9528656577e-01 2.5500800614e-01 7.8483159805e-03 -3.8785136112e-01 2.2878134210e-01 2.5541708437e-01 -7.0230225667e-02 -4.4707414850e-01 1.6342057954e-01 2.4738483967e-01 4.6666544768e-01 -4.3554557735e-01
1.2513344920e-01 3.8108607524e-01 6.7106320982e-01 2.4650108020e-01 2.5420520448e-02 2.0543701959e-01 2.4099766685e-01 6.3426312705e-01 -9.3301726858e-02 -3.5587165696e-01 -4.7944486036e-02 4.4172276731e-01 -3.1816136175e-01 4.4504066229e-01 -2.9389567921e-02 1.5620862878e-01 -1.2350270653e+00 4.3593793381e-01 -7.1050177553e-04 -5.7030336744e-01
3.2436019763e-01 -4.5335067373e-02 -5.0174445780e-02 -5.3854397611e-01 2.6809131339e-01 7.5292331438e-03 2.4287103109e-01 1.2053139565e-01 5.4771556239e-02 2.4263534532e-01 -2.9940639393e-02 8.5056150067e-02 -2.2202920023e-01 3.7148910022e-02 2.3177800390e-01 2.0307310790e-01 -1.6960955841e-02 2.4370254423e-01 4.8353751344e-01 -1.5429814566e-03
