3.7431454242e-01 -4.9060979363e-02 2.6438454496e-01 1.6038780163e-01 -2.0914697092e-01 -2.4742124228e-02 2.7864701717e-01 -3.6287441867e-01 -5.0661863186e-02 -1.5329189333e-01 -4.0957549459e-01 9.9935869563e-02 -3.4564701180e-01 3.4887584031e-01 7.0614033735e-01 -5.2900004433e-01 2.7511162145e-01 1.7780898680e-01 -2.4598289082e-01 1.9225818509e-02
3.1765477740e-02 3.3838509420e-01 1.4039344123e-01 -1.1844558764e-01 -1.2686244485e-01 -9.0031299130e-02 -7.8880363527e-02 -7.6370753903e-02 -1.2189984826e-01 3.8583755144e-01 -1.1643640339e-02 1.8567616064e-01 -2.9204397132e-01 2.3736962476e-01 -6.0451264195e-01 2.4390391253e-01 -3.8434308051e-03 -2.7500808888e-01 1.8170092894e-01 1.7794286895e-02
8.4582013628e-02 9.0576170290e-02 2.4301937110e-01 -4.2196280579e-02 -1.3005217401e-01 -1.1616946359e-01 -3.1690796826e-01 -2.7982794518e-01 -9.5783415774e-02 -3.8003206921e-01 -1.8332020522e-01 -4.6523450307e-01 -1.2559954364e-03 2.7768269510e-01 7.0307200713e-02 2.1900761722e-01 -4.3071275781e-02 -5.9189615178e-02 -2.7796383126e-01 -5.0298101166e-01
-2.1734729001e-02 -1.5050747722e-01 -2.5572838286e-01 -2.1781215114e-01 2.5385740482e-01 -1.8761082854e-01 -2.2898827204e-01 5.7152681218e-02 -2.0446578187e-01 1.4999723043e-01 5.3137874244e-01 1.7498380540e-01 6.8760941330e-02 2.0204407965e-01 -1.0360196630e-01 -6.0082749760e-02 -2.3145661801e-01 -1.3347689999e-02 2.3318653405e-01 -2.1382386557e-01
1.8653138454e-01 -1.8110246779e-01 -1.0800437569e-01 -9.7951480016e-02 1.6070421221e-02 -5.8084351589e-02 4.6036613855e-01 -2.3980378175e-01 -9.7641367519e-02 5.4011450079e-03 1.3056624400e-01 -2.7768935323e-01 1.0335909258e-01 1.3393859889e-01 -1.0439594405e-01 -2.7949106244e-01 -2.0387302772e-01 1.0621957212e-01 9.6996431571e-02 -1.8504368716e-01
5.6095742597e-03 2.9487361816e-01 -3.0623438827e-01 -1.3856352441e-01 3.1133826337e-01 2.4768354681e-01 -3.0203190480e-01 2.9230023920e-02 -2.6484916894e-01 3.2957247399e-01 -4.1756020776e-02 -9.1492081099e-02 4.3458283648e-01 -1.1785660697e-01 -1.8771928372e-02 1.6255779769e-01 1.2217946010e-02 2.5696997883e-02 -1.9107136358e-01 5.0461041562e-03
-1.2241639039e-01 -6.5868038738e-02 -1.1549288229e-02 -3.6180621829e-01 8.3237837465e-03 1.2712936752e-01 1.6638642247e-01 -4.6327628435e-01 -2.0270369137e-01 2.0547503039e-01 2.1150325077e-01 6.1455286218e-02 1.0936081894e-01 2.5956727976e-01 1.0298297269e-01 -3.1313074379e-01 -1.0577103420e-02 -5.2700589445e-01 -5.2059183462e-01 -6.9470277547e-02
-1.4526148900e-01 -2.3475584714e-01 8.0549390403e-02 2.8393169988e-01 2.2743585756e-01 -2.3155461810e-01 2.3571104970e-02 -3.5521584062e-01 -2.8489192151e-01 -1.4671614804e-01 -2.6373866927e-01 -3.7038001038e-03 -9.3488664627e-02 1.7209573326e-01 -3.0132278049e-01 6.3976473646e-03 -3.6899235747e-02 -1.6691092755e-01 4.6919276311e-02 1.4991439530e-01
1.5648209472e-01 1.1646247521e-01 -4.3321409433e-01 -1.2457673564e-02 -2.0581796737e-01 1.6528505259e-01 3.4237427796e-01 -4.5269802094e-01 -1.3532011535e-01 1.9998672613e-01 -2.7897418766e-01 2.2353457085e-01 1.4982548570e-01 -6.9383257872e-02 3.1637058109e-01 -1.5565404902e-01 -2.0068582522e-01 -1.4647649865e-01 -1.0155402467e-01 4.7199861738e-02
-2.0389121912e-01 5.3032194821e-02 -4.5358118169e-01 -3.0084286918e-02 3.1957577948e-01 -5.8924865296e-03 -3.2197279482e-01 1.6636672214e-01 -5.5648784090e-02 -8.8603753646e-02 9.3112160200e-02 -1.7925424338e-02 2.7170892938e-01 -1.6867998926e-01 1.5216995286e-01 4.9637096456e-01 -1.3172598291e-01 1.7236063458e-01 -1.7569064593e-01 -3.6737898339e-01
-2.7748636406e-01 1.8417676998e-02 1.3726444919e-01 3.7928382759e-01 -3.1160368931e-01 5.6556470537e-01 -1.0166688060e-02 1.4269339382e-01 2.0078534388e-01 -1.2266166622e-01 1.9623428989e-01 7.0930795321e-03 -3.1892472087e-01 2.4883163838e-01 1.8122523146e-01 2.2237114408e-01 -1.0030216587e-01 1.5725372679e-01 -4.1834185477e-02 -1.6577125977e-01
-7.2879463679e-02 3.2863632838e-01 -7.4423594110e-01 -4.6054782318e-01 3.5142898460e-01 -2.3182467353e-02 4.7668259809e-02 9.0724655087e-02 5.0534908196e-02 -3.1046093121e-01 -3.5951584490e-01 4.2629802144e-02 -7.5306538776e-02 5.8086521200e-02 -2.7802997714e-01 -1.4942797544e-01 -1.5222381231e-01 2.5189773692e-01 -4.5682430421e-02 -3.8280645780e-01
-2.2904471853e-01 4.6201779720e-01 -2.7363767007e-01 1.9534275111e-01 5.4870051154e-02 2.1334850672e-01 -1.8938021377e-01 3.1938272148e-01 -2.8912202070e-01 -7.2583823791e-02 -9.4984534252e-02 4.2097481420e-02 9.3214387314e-02 3.0115844174e-01 -6.8029590897e-02 3.9124963818e-01 -1.4006203646e-01 -4.2903393135e-01 -9.9116354776e-02 1.0316460168e-01
-2.4997618133e-01 -7.2739308416e-02 -3.0697925627e-01 -1.5828841494e-01 -2.3167326812e-01 5.2071510648e-02 4.1149845639e-01 2.5350358685e-02 -1.2514600342e-01 -1.1573910088e-01 -4.0399886039e-02 1.6722382224e-01 1.3617662952e-01 1.6894514749e-01 1.4766757538e-01 2.2234673338e-01 3.7994300504e-01 -6.3535342443e-02 2.2952686558e-01 2.3655648394e-01
-5.2182789765e-01 -5.0337770811e-01 5.4090061783e-01 -4.1656247872e-01 1.7313405274e-01 4.0136108251e-01 1.2854672162e-03 -2.9922043916e-01 1.7584565824e-01 2.7068759863e-01 3.6040054755e-01 3.7749840735e-01 -7.1593040561e-03 -8.9346394387e-02 1.2141060741e-01 -1.2910908075e-01 8.9327334004e-02 -6.8729051171e-01 -1.6552633414e-02 -2.1121817654e-01
2.8372391971e-01 -4.8471975900e-01 3.4865275495e-02 9.5525357468e-02 5.3310540699e-02 4.8653292819e-03 -1.1244094627e-01 2.5615776413e-01 -1.8061710694e-03 4.4643174189e-01 -2.7467257655e-01 -8.8613535685e-02 -3.1175026815e-01 7.6921546529e-02 4.7357327601e-01 -5.7499615571e-02 -9.8283828256e-02 -2.5842253419e-01 2.7825699194e-02 1.8539023579e-01
1.4510792265e-03 1.2854223788e-01 -4.6772479397e-02 -3.3620019566e-01 -1.2281885480e-01 -5.6436172267e-02 1.4143851518e-01 -1.4427972369e-01 4.2146302755e-01 1.2332829054e-01 -2.3548248381e-01 -8.7018899815e-03 5.9359465100e-03 1.6582565246e-01 -4.4884204148e-01 4.2400950767e-02 1.5523137483e-02 -1.7735439465e-01 3.8157152539e-01 3.6250166492e-02
-2.5996405202e-02 -5.3628361091e-02 -1.7197500296e-01 -6.3514893875e-02 1.2327661224e-01 5.8200146502e-01 -9.5654981295e-02 -1.4450804188e-01 1.3799403055e-01 2.8956685405e-01 -3.0632022611e-01 -2.2826254640e-01 2.4046364572e-01 6.4210699313e-01 2.2727080312e-01 1.6483342915e-01 1.2604425579e-01 -9.1642214256e-02 -1.7719097268e-01 1.6996103754e-01
3.2513609087e-01 -1.4594550613e-01 2.6635518681e-02 1.0905155699e-01 2.1881804069e-01 5.5864162592e-02 1.4239014278e-01 1.8610803534e-01 9.0099742853e-02 8.9439637941e-01 3.1298866038e-01 1.6816871214e-01 1.0312107244e-01 2.6255671023e-02 8.2161184520e-02 -3.5673729725e-01 -1.3055725636e-02 -4.3810429483e-01 -4.2928823312e-01 4.9485958097e-02
8.6435809006e-02 -8.8480680525e-02 -3.9186458161e-02 2.6181072629e-01 -4.6533045607e-02 1.5742342281e-01 2.9132579400e-01 -3.3091631011e-01 -2.6460648129e-01 4.5609403478e-02 -1.4158814668e-02 1.1115213660e-01 -1.0566431134e-01 -1.4025155179e-02 -2.8345524508e-01 2.9998182397e-02 -2.2237809759e-01 3.5428429791e-01 -9.1472930823e-02 1.9263176554e-01
