-3.7449501360e-01 1.2359885173e-01 -2.1939102492e-01 2.2479497300e-01 4.5504549931e-01 -2.8672406802e-01 -1.2493503829e-01 6.1847448412e-02 1.1144069813e-01 -6.5533732317e-01 -1.1303466632e-01 -7.4268872287e-02 2.3014372348e-02 -3.4140348495e-02 -3.7160152504e-02 -2.4821975816e-01 -3.6578724558e-03 -2.7182156630e-01 -2.4620899004e-01 -2.9691236679e-01
4.1426017645e-01 -3.0199333658e-01 -1.3966861315e-01 -2.8028977547e-01 2.8987268531e-01 -3.9527655349e-02 1.9490617342e-01 -2.0750630426e-02 -3.7899302606e-01 -2.6889868605e-01 2.1919877096e-01 -4.1961849887e-01 -7.9955155089e-02 1.6792487830e-01 4.6181159071e-01 -2.9204997096e-01 1.4224399475e-01 1.8026837195e-01 8.0313222368e-02 -3.9148260948e-01
1.0569167428e-01 1.4989219548e-01 6.8481963225e-02 3.9987437840e-01 -2.7174291794e-01 -2.2008576786e-02 1.0835607642e-01 4.7365637203e-01 -4.8489866138e-03 4.0019253142e-02 1.9588860585e-01 7.1499545560e-04 2.8259849781e-02 4.3380509745e-02 -1.6393266623e-01 4.2553255464e-01 7.2799544557e-02 5.7215195627e-02 -3.8848243211e-01 1.2454040806e-02
5.3669358357e-03 3.6718584456e-01 2.5064629772e-01 -2.3459648626e-01 -9.4527575580e-02 1.1119389456e-01 -2.0931371005e-01 -7.5381940945e-02 2.7650707952e-01 2.7530734186e-02 -3.0089554523e-02 -2.1950606883e-01 3.2787147076e-01 1.0878398030e-02 -9.6480193171e-03 -6.9980288774e-02 1.1796273275e-01 -4.7440574483e-02 9.3339656358e-02 3.5831778564e-01
-8.6573334109e-03 -2.5149642474e-01 -1.7078980107e-01 1.2838030028e-01 4.8678412277e-03 -2.0983528858e-01 -1.7873162060e-01 -5.8052070354e-01 -2.2211955151e-01 -2.1023733076e-01 4.6192889771e-01 1.5699884861e-02 3.0638843861e-01 -1.8629409991e-02 -1.2845050673e-01 1.1767734793e-01 5.5311054455e-02 -9.0871306290e-02 -8.4265209437e-02 -1.5585990328e-01
-2.7874013163e-01 -1.8686224637e-02 -1.6267515621e-01 -1.6930074952e-01 -3.7050949124e-01 -1.1158127049e-01 3.4393985819e-01 1.4557090831e-01 2.8461015181e-01 -1.3819269941e-01 -1.5740583611e-01 2.1793724742e-01 3.2810972753e-01 -4.5993034598e-02 2.3643716133e-01 5.6653234772e-02 1.2026107276e-01 -1.8387694620e-01 -2.1493670626e-01 -4.1560861618e-01
2.1119057397e-01 -8.7742216650e-02 -5.0306745429e-01 2.0656628595e-01 -2.4475125027e-01 3.3537187061e-01 -2.7356443507e-01 1.5615008403e-01 -2.6892529845e-01 -3.0913951264e-01 1.9034458686e-01 -7.2809976934e-02 -1.5257011377e-01 4.4714021102e-02 -1.4521334630e-03 1.2018386527e-01 -1.1491068555e-01 3.4993953011e-01 -6.2809376557e-02 -1.8629239914e-01
9.5673328988e-02 3.3047443910e-01 -6.8499427626e-04 1.9578906878e-01 1.0191005943e-01 2.0283215920e-01 -2.7086640103e-01 2.2437272378e-01 -1.4479910969e-01 4.9593293788e-01 4.9584024614e-01 1.3049763046e-01 1.1817421462e-01 -4.5092770383e-02 1.2042752336e-01 3.7322273333e-01 2.6775700855e-01 2.8895503209e-01 1.5809793374e-01 1.2476370640e-01
6.3888945762e-02 1.5126264398e-02 4.0474241441e-01 -4.6920627731e-02 2.3291106581e-01 -8.6777189572e-01 -6.2206916090e-02 2.4807326145e-01 2.4933884823e-01 1.4397768551e-01 6.0709242073e-01 -4.5590367834e-01 6.7820593627e-02 -2.3677273123e-01 -2.6310048240e-02 4.8314828173e-02 -3.9047811193e-02 2.9409605265e-01 2.3894113059e-01 1.4736707841e-02
-4.8358094815e-01 1.9528455408e-01 4.6638270217e-02 4.8782482915e-01 -4.7433372428e-02 1.9337846858e-01 4.3883017390e-01 -1.2182102785e-02 -2.9443151706e-01 -5.0492257696e-02 -7.1473226706e-02 -1.5685297943e-01 2.4184307294e-01 -1.4752341445e-01 1.4334893464e-01 2.1328671319e-01 -4.4654839564e-01 3.4518040490e-01 2.0316107147e-01 2.7883190375e-01
-6.8565413246e-02 1.3093565329e-02 3.6726517663e-01 8.7258328129e-02 -1.7147581371e-02 -1.8036034083e-01 -1.1458469847e-01 -2.8371673959e-02 2.4664550566e-01 3.2447924643e-01 1.8954237548e-01 -6.2310052369e-01 7.4825367523e-02 -4.0490391337e-02 2.4357631556e-02 3.4791680660e-01 1.6147065517e-01 3.4340456043e-01 -1.3467559300e-01 -1.8373286027e-01
1.9589229328e-01 -1.5376622793e-01 -2.9822455769e-01 -1.0812750803e-01 -9.9747701463e-02 2.0294974280e-01 -2.5701393216e-02 1.4594637157e-01 1.4871154769e-01 2.3373531974e-01 -5.4166831564e-01 1.8537856211e-01 1.7986014434e-02 -6.1070029062e-02 1.3080622495e-02 -7.9335832632e-02 -2.4635730060e-01 2.3722798053e-01 -1.2494065992e-01 -2.5010854874e-01
-2.1003332376e-02 6.7867813385e-03 1.8928986568e-01 1.3291105332e-01 -1.5444386337e-01 6.1997489838e-02 2.7491314731e-01 -1.6264678453e-01 -7.0836615063e-02 -2.6325844701e-01 -2.2579746222e-03 3.5964777347e-01 8.6289658151e-02 1.3433439038e-01 -3.8605368100e-01 -1.8064089211e-01 -3.2483465460e-02 -2.6729228146e-01 -3.0127308691e-02 -6.1596108416e-02
1.6762095413e-01 -2.3316074350e-01 1.7943978250e-01 -6.6818223772e-02 -1.8077784331e-01 -3.1380231952e-02 -3.6575821189e-02 1.5085060900e-01 -9.9677120155e-02 1.8529415997e-01 2.8900125773e-02 1.4221442938e-01 7.1963250849e-02 2.3791600308e-01 -3.5966611048e-01 2.0935437623e-01 2.3966852770e-01 3.3343375510e-01 -4.4988723936e-01 4.1777038782e-02
6.6912368032e-02 1.3574257955e-02 1.2544263263e-01 -2.2862799165e-01 1.5638454918e-01 -2.9973359571e-01 -5.8458764507e-01 7.6834333542e-02 -4.5228638584e-02 -7.0668164722e-01 -1.6404431512e-01 2.9015334357e-01 -6.6621533937e-02 2.6337230379e-01 1.2096839473e-01 -2.7486867072e-01 -3.2211173001e-01 -1.7436387198e-01 -7.6115427513e-02 -1.3539360039e-01
6.6695829913e-01 -2.2970915272e-01 -1.2165181917e-01 -1.1619963482e-01 -2.0881036873e-01 -1.2319853743e-01 -2.5004929765e-02 1.7808258480e-01 4.5605085664e-01 -6.7610918818e-02 3.5250632675e-02 8.2467336100e-02 -2.4920101907e-01 -2.5425563049e-01 -4.4379928042e-02 -5.5135757122e-01 -2.9195153469e-02 5.7857149175e-02 -1.7430825136e-01 6.9432290789e-02
1.4528205242e-02 2.0750897945e-01 -1.8437823628e-01 2.0167626107e-02 -5.1344757705e-01 -5.2653527793e-02 2.0356760680e-01 -9.3622135920e-02 -1.4680046145e-01 3.4801115213e-01 -4.3494575360e-01 -4.6406446289e-01 -9.1588455500e-03 2.6278755083e-01 1.8382681140e-01 -5.0669813059e-02 -2.3528980980e-01 -4.5688376854e-01 8.8347803067e-02 -1.1219682601e-01
-2.1842797172e-01 2.2514061782e-01 -5.2987685533e-02 -6.7260923240e-02 1.6227150779e-01 -2.0452217648e-01 -5.5280385565e-02 3.6492501939e-01 -1.0475750327e-02 2.9927217860e-01 1.4069137649e-01 -1.6356662813e-01 -6.4511534510e-02 2.5944717422e-03 5.1037375114e-02 1.5671021109e-01 -9.9516181792e-02 -8.3385020786e-02 1.6435019230e-02 -2.1860287290e-01
-1.7929830819e-01 2.5181013097e-01 -2.4417985224e-01 1.6562611718e-02 -3.3368214789e-01 -2.0663678101e-01 -7.8552003209e-02 -9.2636241695e-03 7.3752138760e-02 1.1879683416e-01 -2.4226704416e-01 3.5026577125e-02 3.4189399817e-02 -1.8601108516e-01 3.7186428317e-02 5.7883759673e-02 2.1119813529e-01 2.3909340565e-01 -1.0617698637e-01 -7.7888340839e-02
9.5760268257e-02 8.8648461304e-02 -5.3224094526e-02 -3.5580134474e-02 2.4210396553e-01 4.3278035555e-01 3.1441708476e-02 4.4410338519e-01 -6.0201724427e-02 6.4468042129e-02 2.2794395214e-01 -2.7322209141e-01 -1.4166770455e-01 4.7490456156e-01 2.3567363100e-01 -1.5625380400e-01 1.2175122857e-02 -1.1685719783e-02 3.2580544298e-01 1.2419897733e-01
