-1.6799626902e-01 -2.2861808775e-01 -2.6124542038e-01 2.6285079933e-01 2.3619970856e-01 1.0152713929e-01 1.1055167466e-01 -1.1944648225e-01 -3.5364099066e-01 1.9672429071e-01 -2.2630864445e-02 5.1256928586e-03 1.3377562934e-01 -1.4573715101e-01 -4.9507501686e-02 -1.3831310610e-01 -2.9895606447e-02 -2.8944741131e-01 -7.1588275307e-02 4.5477514855e-02
7.7984458365e-02 2.8589477773e-02 -9.0424828893e-02 2.0945594653e-01 -9.4829829946e-02 -4.9678780842e-02 -2.0915468098e-01 8.9435976440e-02 -1.9097323492e-01 3.3221612869e-01 -1.3948749256e-01 2.7718201489e-01 -1.6269004881e-01 -2.6913966487e-01 1.8992316139e-02 -1.8910595521e-01 1.4397209506e-01 2.4921312985e-01 -3.5794961506e-01 -1.2538189532e-01
-3.0728710088e-01 -1.4357519647e-01 -4.5827423140e-01 -3.9384707689e-02 -9.5521815396e-03 1.4374233736e-01 -8.0036224480e-02 -5.4862864640e-01 -3.3126383546e-03 1.2009013473e-01 1.5133676723e-01 -1.3873007571e-01 -1.8300015591e-01 2.5305268368e-01 -4.0764458278e-02 1.8820685892e-01 2.9559345466e-01 1.0150850639e-01 -1.2507164691e-01 1.8350224181e-01
-7.2481930760e-03 -5.9641019239e-02 3.7303316159e-01 -7.0684612271e-02 1.1402933514e-01 3.2635439732e-02 2.4624269356e-02 4.6628298396e-02 -7.4701376935e-02 1.8390200468e-01 -2.0342260107e-02 -5.7695532947e-02 -5.5234027981e-02 8.1854041057e-02 -5.1561332577e-02 -1.0864543829e-01 -5.2508911626e-02 2.2952561281e-01 1.8342230499e-01 -8.2499706125e-02
4.1546356797e-01 5.8835038071e-02 4.5348560094e-03 -6.7389957916e-02 1.9952994380e-01 -1.6265963150e-01 9.1274404771e-03 1.4751521390e-02 5.5099455032e-01 2.5015465027e-01 -1.2541056581e-02 -1.6276677940e-01 6.3634777172e-02 -2.9219651495e-01 -1.3792930017e-01 6.4865470881e-02 1.7133789864e-01 1.2720798721e-01 1.6406292651e-01 1.3043121825e-01
4.6763134840e-02 -3.0857350787e-02 2.5951318584e-03 -2.2731786282e-01 -1.3470933112e-01 1.3285881297e-01 9.1244554347e-02 -2.1942099327e-01 3.7382417687e-02 1.8809800402e-01 -3.0131227828e-02 -1.7065625488e-01 -1.7956050795e-01 1.3022381998e-01 -9.8920464655e-02 -1.1189284823e-01 -1.1141110369e-01 -1.4516735128e-01 -1.6611180623e-01 -7.8833196775e-02
2.5086533532e-01 1.5103072377e-01 7.0996985389e-02 5.3574705073e-02 9.1373843126e-03 9.1606546501e-03 -8.7751834504e-02 -2.4784619991e-01 -1.8021231133e-01 2.6222056429e-02 -1.8661732411e-01 1.4998767816e-01 -3.0812774521e-01 -3.1148437151e-01 -5.7210040813e-02 4.5947774328e-01 8.2210386207e-02 3.5500319833e-01 -1.9273315846e-01 -1.1524346176e-01
-3.2736576445e-02 2.7850460850e-01 4.3333871734e-02 -2.3339498277e-01 5.4788307501e-02 3.5479952050e-01 2.6871972490e-01 -1.6693292871e-01 -9.2006174988e-02 7.2106206459e-03 -4.0566313777e-01 3.2895877899e-02 -5.5635014617e-02 7.4006696639e-02 -1.0631596141e-01 8.6240521648e-02 5.2090692416e-01 1.6292233353e-01 -1.0998273309e-01 -2.2839123783e-01
8.1739192738e-02 -1.7411189791e-01 -2.1222400474e-01 1.4992723115e-01 -3.1070202234e-01 -1.3056911904e-01 -2.4650548525e-01 4.6917447109e-02 -4.6979055672e-02 -3.3315309808e-02 -2.0863287441e-01 9.4531919905e-02 -3.3079625807e-01 5.9048467126e-01 -6.1371034353e-01 -3.5122277947e-01 2.6989563934e-01 -4.5822296734e-02 4.4485478739e-02 3.7807210513e-01
3.1770438420e-02 2.1089176257e-01 2.0822028040e-01 3.0758753575e-01 9.1607596177e-02 1.6916855526e-01 2.8762692171e-01 4.3298633676e-01 2.8423895943e-01 -3.4617944292e-01 -4.2910213493e-02 -2.6041483028e-01 -1.4258070126e-01 2.3501319546e-01 -4.4715387852e-02 4.5993747977e-01 -9.8955318178e-03 -2.5887102913e-01 -4.1168586635e-01 -2.3071421153e-01
-8.5063992556e-02 -1.0979986350e-02 -1.6872177125e-01 9.0312376954e-02 2.1005231574e-01 3.3502241317e-02 3.4491217071e-01 1.2866703134e-01 -1.7980397316e-01 -2.2193861689e-01 3.1069418321e-01 -8.3798504500e-02 -1.9130906659e-01 2.3777281842e-01 1.3224400219e-01 1.8772793734e-01 -4.7192363605e-02 -1.1683157442e-02 5.4224142051e-02 -9.1314201709e-02
-2.7801737122e-01 6.3316245049e-02 -1.7185706213e-01 -3.3771527907e-01 1.8168441880e-01 -2.3841632289e-01 -1.7111339303e-01 -3.6648201004e-01 -2.0921254568e-01 1.3995559575e-01 5.0022706752e-02 8.9077955643e-02 1.7487894771e-01 1.4092263055e-01 3.3510522648e-01 -3.7566885888e-01 8.8422538034e-03 -2.5256894121e-01 -2.1646923110e-01 -1.7680622999e-01
-4.1220744655e-02 -7.3066712596e-01 1.5931136280e-01 -7.3474065913e-02 -5.0161830224e-02 3.1212273562e-01 -3.7444144065e-02 4.4445527786e-02 -2.0667673803e-01 3.1579117450e-01 -1.2472147360e-01 -2.6476390797e-01 -8.9644566986e-02 6.2885995286e-02 1.9872034175e-01 -3.3426710409e-02 3.6075433106e-01 2.0854966196e-03 1.9147561956e-01 1.7056978536e-01
7.6277612383e-02 1.6774291153e-02 -1.0887128032e-01 1.5787326365e-02 9.3316393101e-02 3.2515653996e-01 2.0591809509e-01 -1.9879348837e-01 1.4554225573e-01 -3.3195701823e-01 2.4855851342e-01 -1.5576668953e-01 1.2922431204e-01 1.0952293193e-02 -1.9285585631e-01 4.1389271503e-01 -2.9264641560e-01 -2.2428750527e-01 -1.3701682014e-01 -1.2141291740e-01
3.8284464452e-02 3.2456229393e-01 -1.2927591181e-01 -5.5509224671e-02 -2.6277560212e-01 2.5406384167e-01 8.3091186556e-02 -1.9152667629e-01 -1.5732414262e-01 -3.9928280166e-01 3.4557630721e-01 2.4552696241e-01 4.5367526195e-01 -1.6245878938e-01 -4.3132338497e-03 -6.5241125493e-02 4.8267129295e-03 7.1090700028e-02 3.3579967531e-01 -3.4156421807e-01
-9.5334843502e-02 1.3910241277e-01 6.3526315771e-02 6.7186089774e-02 -1.4137360342e-01 3.8576086919e-01 -2.5576383532e-01 2.4063524958e-01 -3.0475401693e-02 4.6434334873e-02 1.0092321998e-01 -4.5069897474e-02 -2.8790927105e-01 5.0498400746e-01 2.6810068050e-01 -2.6466894433e-01 2.4010234889e-01 -2.4441266669e-01 4.4269608585e-02 8.7036000051e-02
-3.9590778571e-01 7.0502505945e-02 2.6923836115e-01 -2.2862764790e-01 -9.6741108734e-02 -6.9958013733e-02 2.9958079681e-01 -1.7818454296e-01 3.2270160227e-01 -2.8767791229e-01 -6.7271837854e-01 5.3644449244e-01 -1.0236433799e-01 -1.2046205682e-01 2.5266955690e-01 1.8650878366e-01 9.3175324719e-02 -2.6847758402e-01 6.0924428772e-02 2.3644938492e-02
-3.6219395900e-02 2.1332930821e-01 -3.8092321241e-02 1.9371344903e-01 2.7116599129e-01 5.0930298130e-02 -2.0011782141e-01 -6.9479254783e-02 -8.9070222728e-02 -1.5693782035e-03 1.3818563498e-01 1.9337571494e-01 1.7718594594e-01 3.0416452266e-02 -5.4657620014e-03 -3.7886145214e-01 -1.4539562722e-02 6.0327840985e-02 2.1080612566e-01 -2.2670236634e-01
-1.3288840201e-01 -1.0381547634e-02 -5.1333854864e-02 4.7815213397e-02 4.7859051282e-02 -2.5744284017e-03 1.7065418589e-01 -3.9443213851e-02 -4.3777328927e-01 -2.0885063084e-01 -5.5608128824e-02 5.1872667287e-02 1.9018220432e-01 1.1005025769e-01 2.9660921364e-01 9.1959312647e-02 -4.8687249917e-02 4.3231765492e-01 -4.5624337348e-01 -2.7676802649e-01
1.2253773253e-01 -3.5688102867e-01 1.4420539849e-01 -9.7794940355e-02 2.5204937821e-01 -1.0025159505e-01 9.0339056635e-02 1.3436135397e-01 -4.6810726530e-01 -6.9249478569e-03 -1.8162844341e-01 -1.4883055342e-01 1.5696437200e-01 -2.2350702136e-01 1.1182113959e-01 -9.1575103336e-02 1.0631410373e-01 -6.4832277807e-01 -5.1398775294e-02 1.4556920033e-01
