3.6498171800e-01 6.0591726683e-01 3.1979523490e-02 4.8912978502e-01 -2.4677933551e-01 -2.9550747589e-01 2.2434999786e-01 -2.1405151836e-01 -2.7192533486e-01 4.4409344120e-01 -6.7501079772e-02 2.2941651049e-01 1.6397837590e-01 -3.2142966221e-01 -2.1251188632e-01 -1.3839552888e-01 2.9781102493e-01 -3.9143124108e-01 1.6843162373e-01 3.5840806507e-01
-4.5340547257e-01 1.9171567288e-01 3.2999710766e-02 -1.4040400713e-02 2.8485625650e-01 4.6625658973e-02 8.0917701613e-02 -1.1909533266e-01 -2.3456747326e-01 2.5280401399e-01 3.9070492069e-01 -2.1991974018e-01 4.2380815533e-03 1.6728069982e-01 3.6441307767e-02 -3.4798513116e-01 3.2462310348e-01 -2.0546014343e-01 -1.6119567025e-01 -2.5309484527e-01
4.4529596752e-02 1.5370137276e-01 -3.5049845796e-01 2.7496311848e-01 -2.0217648736e-01 4.0154415171e-02 4.0238975198e-01 8.5593377034e-03 1.1953735009e-01 1.5758935545e-01 1.3184159775e-01 5.2950240094e-01 2.1564861210e-01 -2.8893829617e-01 1.9948144674e-01 2.6046000647e-01 -4.6009264997e-02 -3.0477102944e-01 2.5029960161e-01 1.0325059240e-01
3.6697272136e-01 2.1498558100e-01 -5.1561986001e-01 8.9956124556e-02 3.9547971734e-01 7.0808097622e-02 -2.7279464564e-02 -2.3301223866e-01 -1.3110233503e-01 -1.3114129752e-01 1.4175877289e-01 -1.7489395159e-01 4.4746589032e-03 -7.2664479386e-02 3.1176020701e-01 -6.5120137868e-02 1.0162615163e-01 -4.2245333293e-01 -1.9655440138e-01 -8.8617576075e-02
2.8778126457e-01 1.3691982321e-01 3.5393409417e-01 -2.7334157665e-01 -8.3473810269e-02 4.4547977132e-01 -6.9572622017e-02 1.7432645742e-01 5.9898201541e-02 -7.2612765617e-01 -3.1583379239e-02 -1.7461108312e-01 -2.0686329722e-01 2.5290445463e-01 1.0775096069e-01 -1.3591617649e-01 1.5438241547e-01 -2.4467687248e-01 -4.2405257721e-01 1.7647613908e-01
-1.2186932916e-02 2.1792382515e-01 1.4284718314e-02 1.5758091894e-01 1.6363459729e-01 -4.6532722249e-01 9.3504748846e-02 4.7646174842e-01 -4.7613152986e-01 8.2758120257e-01 2.7062702885e-01 3.2710329279e-01 -7.2335655358e-03 6.7278796710e-01 -1.4401544437e-01 -3.6697710563e-01 1.4056103480e-01 -4.2720018919e-02 -3.4420009802e-01 1.8059574025e-01
9.8151905245e-02 1.4632045672e-01 -1.2209345306e-01 4.5799586628e-01 4.3357131844e-01 2.3075373109e-01 -6.7510409985e-02 -9.8931972217e-02 -3.5833059487e-01 -1.0899458547e-01 8.5156017813e-03 -3.2648613758e-01 1.8737840998e-01 -1.2534081270e-02 -1.1604071978e-01 -6.7421981493e-01 -1.1197803543e-01 -1.5567524413e-01 -9.7007508527e-03 1.4239681673e-01
-3.8046392744e-01 -2.7619100884e-02 -1.5462132087e-01 -1.1957975015e-01 1.1777700215e-02 4.0127866163e-02 -1.8892600537e-01 -2.1205227440e-01 1.0670512549e-01 -1.8596244366e-01 -1.4146374459e-01 -1.6568434821e-01 1.3295569839e-01 -2.1591780229e-02 1.4331071766e-01 -5.8534027532e-02 2.4096869635e-01 1.6462522003e-01 2.6651054943e-01 2.2916767028e-01
4.5408144226e-01 -1.9474944450e-01 -2.8983588603e-02 -3.9265148319e-02 -6.5013535439e-02 2.9356909404e-01 -4.3161694014e-01 8.1523255547e-02 -2.7016614474e-01 -3.0253194857e-01 -5.7146163632e-01 -4.5169105773e-01 1.3165033208e-01 -2.8863880575e-01 -7.0623239524e-01 6.9377473514e-02 -1.2419554726e-01 -2.2452519989e-01 2.2375107165e-01 -1.4682679305e-01
-3.0777196590e-01 6.3719645444e-02 -5.8060732970e-02 -1.5918586650e-01 -3.9826040060e-02 -6.2253985098e-02 -1.1813572952e-01 2.6205877564e-01 -2.7007457246e-01 -9.2794008572e-02 6.0989202643e-02 -8.2397038682e-02 -5.6555247439e-01 -1.4365247629e-01 -3.4274239420e-01 -6.2733948863e-02 2.1225086300e-01 -1.9398859467e-01 7.2164507554e-03 -1.2696161078e-01
2.9809258651e-01 -4.3738568322e-01 5.0901859381e-01 1.7108480946e-01 5.2857411146e-01 -3.7342118113e-02 -7.5181171261e-02 -2.8681976908e-01 2.9055608828e-01 -4.5440813305e-02 -2.3422105108e-01 2.0612384216e-01 4.7985655319e-02 1.3020709677e-01 -4.2231681984e-01 -1.5759112063e-01 -2.4212849027e-01 3.9875871772e-01 1.7902005942e-01 -2.2783753609e-01
-6.2554708398e-02 4.1707712056e-01 -1.3456590461e-02 -3.5841933112e-01 2.7173178528e-01 -2.3657883549e-01 1.3301942676e-01 2.9547181798e-03 -1.6254463101e-01 5.7761818081e-02 -4.6879186437e-01 2.9321363781e-01 1.8451357383e-02 5.0638853728e-01 -9.8287619322e-02 8.9078745719e-03 4.9670197871e-01 1.9880502488e-01 -6.8760884248e-02 1.5190759920e-01
1.8852500511e-01 3.5944626802e-01 -3.0008683939e-01 1.5631646881e-01 -5.2463547070e-02 8.7498059453e-02 5.4302002600e-02 1.5448256728e-01 -1.7984546627e-01 -1.5058275599e-01 1.7319154094e-01 -1.1397136273e-01 -7.3737990799e-02 -5.6236415555e-01 -1.8516253503e-01 1.2415295755e-01 -5.1683001138e-01 1.5258227602e-01 2.7912443098e-01 -2.9974211314e-01
4.9683063593e-01 1.0675574899e-01 -6.9462500394e-01 1.5198970113e-01 2.1873596210e-01 9.0018263068e-02 4.7174211151e-01 -6.0084147660e-01 -1.6126186198e-01 -8.5580941046e-02 1.3953542504e-01 2.9748891981e-01 -1.2189789723e-01 -4.1726529896e-01 -2.8926074271e-01 1.3896178206e-01 -1.9233546912e-02 3.3125039008e-01 3.3395964636e-01 4.0077272096e-01
2.8442366809e-01 -2.4027519749e-02 -1.3356557724e-02 -4.3770773907e-01 1.5364393181e-01 -3.2982331098e-01 3.5393124545e-01 -4.7147696815e-01 -2.5152977278e-03 -2.8007552668e-01 1.0855055244e-01 2.1804301104e-01 -2.4433388872e-01 -2.3024342460e-01 -2.5589779541e-01 -6.1728110062e-02 1.3210608617e-02 -1.0849997739e-01 -1.8078186357e-01 9.9939835058e-02
3.9851474031e-01 3.1531154970e-01 -6.8000040234e-01 2.3770555693e-01 -2.9808791750e-01 3.3314047483e-01 1.8078264547e-01 3.0452947591e-01 -1.1446511505e-01 2.4495341373e-01 3.7059247689e-01 -1.0093606458e-01 1.1006870352e-01 1.8280277853e-01 -2.2515259825e-01 -2.0498571387e-01 -3.5927152489e-01 -9.2312768739e-03 1.9573474554e-02 3.9318643175e-02
1.0623877302e-01 3.4875911953e-01 -3.0365975720e-02 -1.9465634688e-01 3.8191909248e-01 -1.7716736285e-01 -1.5872488228e-02 2.4098412450e-01 -5.4619721942e-02 9.5575893425e-02 -3.8847510555e-01 -1.8216839542e-01 3.7361884038e-01 -5.1617676266e-02 -1.0040376298e-01 2.5558769604e-01 -2.0177253613e-01 -6.9620371000e-02 6.0895721719e-02 -2.8289831540e-02
-1.2761729663e-02 4.9888188750e-01 -2.9785294016e-01 3.9385970463e-01 2.4061766366e-01 -1.0178889554e-01 -2.0135234020e-01 -2.9739820032e-02 5.1802394314e-01 -2.0684418454e-01 1.3115157084e-01 -8.2310695046e-02 1.3732483921e-01 -9.2945540709e-03 -1.7537994901e-01 6.2305504068e-02 5.3688298551e-02 1.2544297334e-01 3.3800384935e-01 4.2353201485e-02
2.8886675485e-01 6.3371396180e-02 4.0639483443e-03 -1.7313150203e-01 1.1325871306e-01 4.2190678184e-01 -1.8802536225e-01 5.5377507442e-02 -3.9033774881e-01 3.4238599141e-01 3.7495953723e-01 -1.7091904977e-01 -1.3394446206e-01 -1.8253252542e-01 -1.2074654749e-01 -2.2282677673e-01 -2.3254040374e-01 -1.9088778554e-01 8.7686797790e-02 4.2373896219e-01
-2.3214019813e-01 -1.5060049255e-01 -1.0341350096e-01 -2.9564614427e-01 -1.7984760688e-01 -4.3612172879e-01 -1.5763673400e-02 1.5128048721e-01 -1.9531713695e-01 2.2000752755e-01 2.0969744907e-01 1.1008842771e-02 2.3169205550e-01 2.7464476511e-02 -3.5980081940e-01 2.2516118575e-01 -1.0848523057e-01 1.2561271227e-01 4.7637924845e-01 -2.4605753699e-01
