-3.5154580547e-01 -4.6097118587e-01 1.4547916978e-01 3.1133686676e-01 -1.1268881146e-01 1.1178241396e-01 3.5717106610e-01 1.7951437389e-02 -1.8148553247e-02 2.5162873086e-01 4.9779831558e-02 -1.2305771620e-01 -2.4660925242e-01 -1.3454598848e-01 -1.5349235466e-01 -1.8390851870e-01 3.0368879620e-01 -2.8851355821e-01 4.9137938794e-01 1.2621050391e-01
-1.0442914069e-01 1.5134454735e-01 -2.2019638051e-01 1.7937086011e-01 -4.7380916323e-02 3.3284772159e-01 1.1394607201e-01 -3.6983235222e-02 2.7984556778e-02 1.3056466616e-02 -1.7990291670e-01 -4.5157468808e-01 -1.0226955786e-01 -8.2648333618e-02 1.5873231730e-01 -2.3013235399e-01 -1.3593003209e-01 -1.0736307585e-01 2.7065413008e-01 -2.7396622961e-01
1.5749835037e-01 -1.2409407367e-01 1.4479972446e-01 -4.4860254073e-01 2.4923617525e-01 9.1172618478e-03 -2.7322248924e-01 -1.0884804832e-01 -2.0704036891e-01 -2.8498516799e-01 -1.8343554319e-01 -1.6624329408e-01 4.9271161963e-01 -1.4993276945e-01 -1.4709487352e-01 -3.5581553198e-01 3.2957785500e-01 -1.7035629204e-01 -2.4015817093e-01 -1.6479343721e-01
-2.0218590526e-03 8.8370258313e-02 -1.1561295679e-02 -3.6017339403e-01 -6.0110992382e-02 1.9709543740e-01 3.8312289950e-01 8.5833028086e-02 -1.9767382264e-01 -4.8362943400e-01 -7.7865279549e-02 5.2657189650e-02 -4.4921220236e-01 2.4173147755e-01 4.6566472185e-02 1.9876668158e-01 8.5112139874e-02 1.2796944289e-01 1.2027290815e-01 -5.4731304181e-01
2.0429857516e-01 -5.4689525627e-02 -1.7426209378e-01 1.3849601202e-01 -1.2167895904e-01 7.7263196394e-02 3.2277423635e-01 -2.5091987593e-01 2.9581729626e-01 2.1228829516e-01 -3.5843663917e-02 -1.2990914100e-02 -5.4616685082e-03 -1.6744304040e-01 -2.9877353851e-01 -1.4148645674e-01 4.5752763017e-01 2.4131952737e-01 -2.2786080453e-01 -2.7575159154e-01
-1.5818262556e-03 -8.0837010067e-03 -3.3572858130e-01 -4.3800651443e-01 3.5665211216e-01 1.0036140409e-01 9.2216502510e-02 1.1492798989e-01 1.5248175360e-01 1.1338802211e+00 -1.5874120972e-02 2.7949473629e-01 1.3502798935e-01 2.1253086436e-01 3.6395371054e-01 2.1900864198e-01 1.4184140041e-01 6.0139645303e-02 2.0542898759e-02 -4.9165972038e-01
1.4280822097e-01 -6.8722470803e-02 -1.6369697625e-01 7.1358802431e-02 1.0816762911e-01 -3.7698979500e-01 -1.4897937987e-01 -1.0098903500e-01 -3.9866853876e-02 6.9089246777e-04 1.3112852359e-03 1.6613315185e-01 2.1635471797e-01 -3.4948830800e-01 3.1176173848e-01 -2.4511775781e-01 -1.2332515439e-02 3.7547141602e-02 -7.3282638950e-02 2.9798424843e-01
1.5665204014e-01 -1.8666493809e-01 3.6901227863e-01 2.9679653138e-01 -1.2763212249e-01 1.7922799752e-01 3.8107400815e-01 -1.2268647024e-01 2.9865958314e-01 1.3259916912e-01 -5.1828408038e-01 -4.2561520465e-01 -2.4845696372e-01 4.0112253650e-02 3.2605652338e-02 2.0402379605e-02 -2.9432210909e-01 -1.4490324029e-01 1.8414475419e-01 6.5321357986e-03
-1.6663311622e-01 1.5812557273e-02 -3.3581385340e-01 -3.4596094820e-01 5.2889291547e-01 -1.8488533058e-01 3.1641950422e-01 -9.7762117476e-02 1.8759614320e-02 -1.7882697583e-01 -1.4190628961e-01 -3.3871537970e-02 -5.9418583521e-02 -1.9728415339e-01 -1.3755014753e-01 5.0326995888e-01 -1.8123341109e-01 -3.3574708691e-01 -2.7287810630e-02 1.4150595925e-01
-1.9031288418e-01 1.7236235093e-01 -3.1146793817e-01 -7.8571299447e-02 1.3633432870e-01 1.8777135557e-01 1.2771840344e-02 -5.0626621898e-01 -2.7462589046e-01 3.1897409221e-01 -1.8464221380e-01 -9.6644538102e-02 5.9369557635e-01 2.8214872437e-01 3.1455904223e-01 5.3030826430e-02 3.0518074185e-01 -2.1069080187e-02 -2.3396094120e-01 -4.8320864059e-02
4.1101126826e-01 -3.3013439212e-01 -4.2518719412e-02 2.3595446289e-01 8.8866671841e-02 3.1341320275e-01 2.2797112072e-01 -8.8766614749e-02 -1.7608333470e-01 -1.2031409729e-01 -6.9842655068e-02 -9.6000390014e-02 6.6045824155e-01 5.7963398670e-01 -3.5658294993e-01 2.3108664129e-01 -2.2838233117e-01 -1.3013318051e-01 -1.8563871711e-01 1.9155114398e-01
-3.6004476424e-01 -7.9923479948e-02 1.0861810822e-02 3.1761296161e-01 -1.6939826907e-01 -2.1675402714e-01 2.6292395781e-01 -8.4438533592e-03 -3.4969657095e-01 5.2055221266e-01 -3.1911122749e-01 4.0134498965e-01 -4.2388107600e-01 5.0951099213e-01 3.1062223136e-01 1.3461094035e-02 5.3979766160e-02 -4.2752784097e-01 1.0349820497e-02 3.6067828810e-02
7.8851017401e-02 -5.3902418501e-02 7.2524000013e-01 2.5209382704e-01 -9.5471030648e-02 1.5840644028e-01 -6.7287824080e-01 -1.1959385363e-01 1.7099102787e-01 2.6292542636e-01 3.2960512670e-02 4.2394893524e-01 -3.1292538292e-01 5.5534461888e-01 -9.3273500207e-02 -5.9375441403e-02 -3.3024079439e-02 4.7317972836e-01 1.9849103074e-01 2.1174139272e-01
3.1019075457e-01 -4.0654164010e-01 2.4685016463e-01 5.6895631052e-01 3.1252725580e-01 -4.8692544459e-01 2.5829156104e-01 -2.3868114754e-01 -8.1367404696e-02 2.5716914048e-01 -8.4643126364e-02 2.1109372756e-02 1.5701560300e-02 3.1732908586e-01 4.5667603563e-02 8.9585469616e-02 3.2696821444e-01 3.2373185735e-01 1.1463656831e-01 -3.8579133436e-02
1.0254829085e-01 -4.3337131117e-02 4.1673507386e-01 -1.7287810282e-01 1.0610909146e-01 1.2454690587e-01 4.7207738921e-01 6.5482781151e-02 3.7337953140e-01 2.0918224793e-01 1.9249374136e-01 8.6841330547e-03 7.1433287615e-02 3.5566449906e-02 2.4398866341e-01 -4.9765894405e-01 -1.3194559844e-01 -6.2668634181e-02 1.0354693492e-01 -1.2966761329e-01
-3.7426013556e-01 3.4934339652e-01 4.8628380120e-01 6.5592714094e-02 1.5366275173e-01 -1.1029087351e-01 1.8158353776e-01 -2.0226900719e-01 1.8168535821e-01 3.3076889540e-02 -1.3216892191e-01 -9.6151027223e-02 3.0566123554e-02 2.1267673741e-01 -2.5168326860e-02 2.4702912322e-01 -6.2596955464e-02 -3.4535965856e-01 2.2557441859e-01 -7.8540830327e-02
-4.5159433334e-02 -9.9260222945e-02 1.4502263140e-01 2.1651498953e-01 7.5669949930e-02 1.0697425988e-01 1.1429275809e-01 7.0847233421e-02 6.3178173723e-01 -1.4471044614e-01 2.7281410308e-01 1.2908585826e-01 2.8214661088e-02 -1.4618821605e-01 2.1646505568e-01 2.3815307743e-01 1.3439826623e-01 4.2328372137e-01 1.3822896898e-01 1.8269225063e-01
-1.0418728626e-01 5.3039838988e-02 6.1935577902e-02 -2.5555034598e-01 -6.9251863732e-01 4.1110098475e-01 2.1534570100e-02 2.2700432353e-02 7.2161720976e-01 4.0702075153e-01 -2.5850583732e-01 -7.5573506746e-02 -1.0818602672e-01 6.4491387888e-02 -1.4075586807e-02 -4.1251540198e-01 -1.1043514518e-01 4.1147678359e-01 3.0878141520e-01 1.8256481672e-02
4.8743995218e-02 -2.3231485902e-01 4.2206113290e-01 3.2903267745e-01 2.9917865870e-01 2.0046743587e-01 -4.5081308439e-02 -4.4208397317e-01 -7.4051390094e-02 -2.0415765701e-01 -3.3632484736e-02 2.8694384318e-01 3.5592106978e-01 -2.1067890192e-02 -1.7109338204e-01 2.8255123683e-02 4.4197024780e-02 6.3334020078e-02 1.1602121990e-01 -2.5817063090e-01
2.3055643828e-01 -6.0500644906e-02 -4.1604754597e-01 -4.3721949840e-01 -4.9711401475e-01 1.3311972431e-02 -3.3262465222e-01 -8.7233298694e-02 1.5071531436e-01 -1.6987694002e-02 -3.1248551845e-01 -2.8181849992e-01 9.1690103042e-03 3.1202711515e-01 -1.2050090046e-01 -1.7543524560e-01 8.6120581193e-02 2.7699279486e-01 -2.1128601426e-01 2.5418259391e-01
