-2.5455033487e-01 1.7121911709e-01 2.1821136956e-01 8.9308925606e-02 1.0242297684e-01 1.1986759561e-01 7.2414706195e-02 5.2280679950e-01 2.1417703471e-01 -4.0032686868e-01 -9.0948360987e-02 3.4419821596e-01 5.4420910114e-01 -5.6440522939e-01 -1.6668985319e-01 3.5887301320e-01 7.6274368682e-03 -3.0917792331e-01 8.5085289933e-02 -1.9053837599e-01
-2.9471342317e-01 1.4698357095e-01 -2.1522581200e-01 -2.5800275296e-01 2.6126609536e-01 -1.1675063725e-01 1.9558587922e-01 4.7755618659e-01 2.4496498873e-01 2.8988309372e-01 -2.3985156856e-01 1.9130231481e-01 5.7394110369e-01 -2.4281200753e-02 1.3819826953e-01 3.1320484427e-01 -1.5059079750e-01 4.1602041977e-02 -1.6570543114e-01 -2.3220854405e-01
-4.1040704879e-01 -1.8332328379e-01 5.8673209304e-02 2.4703687165e-02 1.4629762819e-01 2.2658413025e-01 2.5821920739e-01 -2.6468455665e-01 2.1556002332e-02 -1.7162616216e-01 -5.1903425811e-01 -2.0552347894e-01 1.3222126773e-01 -1.5225530226e-01 -4.0138846353e-02 -1.4592209458e-01 2.5993781115e-01 -2.2526606834e-01 -3.4071723705e-01 8.8335086636e-02
-6.3246446746e-01 2.9504774585e-01 1.7707044126e-01 7.5730168933e-02 6.1123380793e-02 2.1824392396e-01 4.3472589656e-02 2.9715242129e-01 2.3579373777e-01 -8.7086138283e-02 1.6986712083e-01 2.9147574507e-02 -7.6358005135e-02 3.1405545417e-02 1.3507924102e-01 2.1615978660e-01 -1.4328969933e-01 -1.0186250149e-03 -2.0365797580e-01 1.8463648053e-01
-1.3076170432e-01 -5.4875980772e-01 -5.5096381457e-01 6.5889044737e-02 3.9583315880e-02 1.2691332655e-01 3.1041537629e-01 6.9639410419e-02 -1.3679680178e-01 -8.6233198393e-02 1.6224827953e-02 4.2510225103e-01 9.1894075027e-02 3.4370809823e-01 4.3981655232e-01 -5.7681798115e-02 -1.8475118885e-01 2.0662098151e-01 3.3451873262e-01 -1.8571544133e-01
-5.7103592936e-01 6.2005532803e-08 -2.4160871525e-01 5.7328939910e-02 -3.0845389268e-01 -3.1739047373e-01 1.8336919194e-01 -2.6935392365e-01 -2.3127079259e-02 2.3417633926e-02 -5.6313962851e-01 -1.3569082304e-01 -2.0498923741e-01 -2.0398112349e-01 1.5467684965e-01 -3.7615714083e-01 1.0130140255e-01 -1.2464755809e-01 -1.3381627658e-02 -2.2709459817e-01
1.3854391783e-01 -2.4605836236e-01 -3.1998740223e-01 2.3373326743e-01 3.8861766916e-03 2.0292228288e-01 1.7056060077e-02 1.2619030046e-01 1.2749302133e-02 -3.8714972820e-01 -3.1406709478e-01 4.6259432423e-02 -2.5037105299e-01 -2.8082165368e-01 -3.4819231500e-02 2.2810359708e-02 -1.4009477605e-01 -3.5264217151e-01 -4.2503493090e-02 -1.7357194673e-01
-7.6950920293e-02 3.4595565169e-01 -2.5169722052e-01 -4.0921260270e-02 -4.1564806667e-03 -4.2792771320e-01 -8.0613881170e-02 4.9841470080e-03 -3.3135269473e-01 4.4418379738e-01 -6.2838452670e-01 8.4278394119e-02 7.8389987885e-02 -1.2120909096e-01 2.0290243217e-01 3.6605107955e-01 -3.8866482879e-01 -1.7823667931e-01 -1.8321696511e-01 -5.2477366521e-02
-1.6914878346e-01 -2.9790676931e-01 1.7793915916e-01 -4.1634450003e-01 -1.7665168884e-01 -1.0266331257e-01 6.4921358861e-02 2.7006317204e-01 -2.4741962315e-01 4.7554718557e-01 2.8802291137e-01 -2.7907995902e-01 2.4352284254e-01 -1.3363209979e-01 -3.9696007018e-01 2.0382504323e-01 2.1964338645e-01 -8.5274308940e-02 -3.7893408698e-01 -1.5304916218e-01
3.6380241219e-01 1.5145058288e-02 1.1824414257e-01 1.1142583670e-01 -2.1246172676e-01 1.2650171736e-01 1.9518797647e-01 2.8707536748e-01 8.6529854091e-03 -2.3667480095e-01 3.0791007529e-01 -1.9326287991e-01 -1.4682540392e-01 3.2205347278e-02 -5.9276770381e-01 7.2158017833e-02 -2.2802069217e-01 -1.0232505988e-01 2.0399214014e-01 -2.3431207559e-01
-4.9824899611e-02 2.0213136231e-01 1.1209493185e-02 -1.5836660005e-01 2.1711698851e-01 -4.7809256867e-01 6.0098593458e-03 -2.1676169872e-01 9.4333774065e-04 4.4180866076e-01 -3.8899018407e-02 5.3750874702e-01 6.6071939526e-02 3.5997958984e-01 3.6223409433e-01 1.1097312094e-03 -1.7208871395e-01 3.5566610457e-03 1.4092815127e-01 1.3910353690e-01
-2.1950243341e-01 -4.2869413815e-01 3.7836105961e-02 5.5720725659e-02 -3.6836336914e-01 7.6581331658e-01 -3.3812959098e-02 2.7179316420e-01 1.6757008036e-01 7.7020347221e-02 5.6136623590e-01 -2.7882328582e-01 1.1007301105e-01 -2.3237428536e-01 -3.0550890512e-01 3.5718748461e-01 3.3090028339e-01 -4.4902091732e-01 4.8201091182e-01 4.5191102065e-01
-2.1764822117e-01 8.4257520406e-02 -4.7654674030e-02 -2.0987827193e-01 -5.6518402109e-02 4.2048915626e-02 -6.4623876597e-02 -1.3470717181e-02 1.5190353096e-01 1.1550540116e-01 -1.8230878196e-01 8.7671493284e-02 8.0680517127e-02 1.5386906360e-02 2.6195230835e-01 -2.1981463155e-01 -7.2515976113e-03 1.5910062662e-01 -2.1024166946e-03 3.1004481318e-01
1.6133021190e-01 2.0747916394e-01 2.2235862125e-01 2.5952232569e-02 -3.8875756412e-01 1.9547762522e-01 4.8589108987e-01 7.5749379784e-02 5.4603877033e-02 -2.0653724500e-02 9.2707221105e-02 -3.0645953581e-01 8.4473918524e-02 -4.1329533142e-01 8.1546275327e-02 4.2048730702e-01 -1.6282455374e-01 -3.1863605922e-01 5.5495395279e-02 4.1593725881e-02
7.2700834772e-02 1.8870809650e-01 -2.3887127244e-01 -9.4473321833e-04 2.3003959915e-01 6.2679404274e-01 1.0758457101e-01 -2.8420739309e-02 -2.0625817280e-01 -6.1808315280e-02 -3.4596287589e-02 7.9569469048e-02 -5.4421583263e-01 -6.1950406174e-02 -3.3432260064e-01 1.6284433334e-01 -1.7347169501e-01 1.3962962836e-01 1.8182025495e-01 2.6847201195e-01
2.4501915763e-01 6.0925328936e-02 1.2501812009e-01 1.3543233672e-01 5.2766095955e-02 -1.9521793984e-01 1.9013287828e-01 2.4771056812e-01 -3.0060237007e-01 -3.5485255337e-01 -2.5972074061e-01 2.7433361768e-01 1.9054909170e-01 6.0121744295e-02 -2.0092834015e-01 -1.3942039158e-01 -2.6985749572e-01 1.8833811822e-01 -1.7271880622e-01 1.2876299936e-01
6.0544845936e-02 4.9099106565e-02 9.8224281120e-02 -2.3983096582e-01 7.7304748259e-02 -3.3036675281e-01 -3.3638533034e-01 -6.5214848318e-02 -2.0428061888e-01 -2.3648606851e-02 -3.6124941140e-02 3.5408239193e-03 -4.5987022343e-02 -3.7994506930e-01 -9.9381456366e-02 -2.3325622356e-01 -2.3826997674e-01 4.6092794704e-02 2.5957498089e-01 8.9208210682e-02
-1.0101581947e-01 1.9430801910e-01 -3.9544141208e-01 2.7665515699e-01 -1.9031002962e-01 2.5827382438e-02 5.4572523659e-02 -2.2211885524e-01 1.1114311554e-02 1.8304099364e-01 -2.8528485159e-01 -5.6084051426e-02 -2.0234477010e-01 2.1683841204e-01 -3.1862075572e-01 -2.2034387094e-01 -1.8563598232e-01 -2.2505876409e-01 2.0443311307e-01 1.8641543771e-01
-6.0861573773e-01 8.7655243378e-02 -3.1167341168e-01 -2.4232540693e-01 -1.0510606948e-01 -2.9893939255e-01 5.3285658708e-01 -5.7739974566e-02 3.2405856986e-01 -7.6989387344e-02 -3.4989312893e-01 -1.2623048860e-01 -1.2593511225e-02 2.2080394802e-01 -2.1894495159e-01 1.7566823588e-01 -2.2385713664e-01 2.7961811374e-01 4.1487824581e-01 3.3082167038e-01
7.5848807764e-02 4.5646865298e-01 3.2426245678e-01 5.1219391449e-01 -1.6746625630e-01 2.4794887172e-01 -2.0985837140e-01 -1.6612078887e-01 3.3697606226e-01 3.3801430431e-01 9.8406148934e-02 2.2616250439e-01 1.3378371006e-01 2.2511553493e-01 7.8953437226e-02 -1.5261952758e-01 1.7453797714e-02 -1.6205234803e-01 -3.9510804227e-02 1.5755684193e-01
