1.5758045365e-01 1.1620431495e-01 1.6706321609e-01 3.2412524099e-01 3.7930620226e-01 5.8618720727e-02 -2.7305104457e-01 3.9590771349e-02 5.7503205399e-04 4.4102714004e-01 -3.0064346356e-01 -4.0605328517e-02 -1.9563979297e-01 8.5826634274e-02 7.9753148261e-03 -1.1993202958e-01 9.5381521642e-02 3.7951726966e-02 3.2300660054e-01 1.6264771277e-01
-7.5737495634e-02 3.0815713494e-01 1.4782385527e-01 1.0340852592e-01 1.8384209216e-01 1.4910168568e-01 2.1270217798e-03 3.4165758890e-01 -7.5262523377e-02 1.9451890217e-02 1.0360390561e-01 2.6713087795e-01 3.6605372143e-01 -2.7715769074e-01 3.4668355024e-01 1.1595806263e-01 -5.2151386132e-02 3.9167626239e-01 -2.7347613363e-01 1.3835346312e-01
-3.5749015204e-01 6.6069279354e-01 1.2559321531e-01 -1.6322407142e-01 -6.4286389991e-01 -6.2922475538e-03 2.3871252888e-01 2.1160705517e-02 1.1714021584e-01 -5.9154109235e-02 -2.5406774036e-02 -4.9011035925e-01 -1.1143640648e-01 -6.1535218564e-03 4.0254185892e-01 5.2991658024e-02 -1.4853163287e-01 -1.6737174871e-01 -1.1106236202e-01 3.3936699590e-01
4.3055601449e-01 -6.8581060207e-02 -1.6583808838e-01 -2.4035422471e-01 2.2005814833e-01 -5.6442070722e-01 2.6100403338e-01 5.5606000030e-02 2.6945889331e-01 -1.7268787260e-01 -1.2296423712e-01 6.8451607865e-02 9.1068894730e-02 -7.8328198644e-02 2.5336146211e-01 4.1533904853e-01 -1.1104348630e-01 -7.5649570910e-02 4.2201790787e-01 -1.1660631421e-01
1.9266536077e-01 1.8695070132e-01 2.6084915999e-01 1.8097351596e-01 -2.2224929329e-01 3.7443576014e-01 -2.5666261005e-01 3.6780538901e-02 1.5252055170e-01 4.9888057226e-01 -1.2338570225e-01 1.6585377389e-01 4.6491294498e-01 3.9384784215e-01 -7.7666825038e-02 3.0800938426e-01 1.0665355138e-01 -2.7381092734e-01 2.9144592661e-01 1.7539828446e-01
-1.5326050606e-01 -3.4924469534e-01 1.4982684498e-03 -3.6851481000e-03 1.8354429911e-01 2.7970451950e-01 -9.6130268998e-02 -1.6895098407e-01 5.5548103868e-01 4.5349820754e-01 6.5234324976e-02 2.9339696059e-01 -5.2365799018e-01 -8.8967777405e-03 -2.4656561958e-01 2.4611426201e-01 1.7903310935e-01 -4.0468938413e-02 -2.3288962383e-01 2.8726547090e-01
-3.1445007183e-01 1.6669279159e-01 -8.8500649167e-02 -1.6650669913e-01 -6.3955317836e-02 2.9624869123e-01 -1.1684782971e-01 1.9433817655e-01 1.5077288442e-01 -2.4533777460e-01 -1.7636458453e-01 -4.4156688074e-01 4.8905948269e-02 -1.0648354546e-01 4.5677683289e-01 3.0067913663e-01 3.8549337040e-01 3.4726167028e-01 -1.3825263249e-01 -8.7588422777e-02
-4.5051810494e-02 1.0668908329e-01 -2.4821740546e-01 4.4662486435e-01 5.2126746994e-01 3.4805653654e-01 -8.2138944427e-02 -2.6507044405e-01 -4.0408890514e-01 1.9605812653e-01 9.3835155915e-02 1.3149703778e-01 -9.1708416252e-02 -2.3954081130e-02 2.1735990949e-01 -1.1883225779e-01 1.4377388459e-01 1.7676564109e-01 -3.2005143009e-01 2.7991485179e-01
1.9650737738e-01 6.9168875898e-02 -1.0140503253e-01 1.0415855306e-01 -1.9298682226e-01 1.2700754395e-01 2.6062632341e-01 -8.6543596744e-02 4.3944619002e-01 4.9911966892e-01 2.9330381146e-01 -3.3549924252e-03 7.1265183692e-02 2.8210091121e-01 -2.8526271174e-01 1.2256221128e-01 4.3661893972e-02 -2.3258120911e-01 -5.6186914162e-02 1.8522397246e-01
1.1379152196e-01 -1.4997972398e-01 -6.5320093354e-02 2.6127649061e-02 -1.8204371145e-01 -2.5917862201e-01 -4.0781738650e-01 1.6234260917e-01 -5.6648924159e-02 -7.4140558303e-02 -1.0604783577e-01 1.8274910669e-01 9.9490941412e-02 6.1537714495e-02 -1.1672723828e-01 3.4380503020e-02 6.4044193989e-01 2.9729935658e-01 2.1623173541e-01 -1.2625473469e-01
1.6531420983e-01 1.2059123031e-01 -2.6084229415e-01 -2.4602461365e-01 3.4027267463e-02 2.4979986666e-01 -1.3298079304e-01 1.2237344205e-01 -2.1337551473e-01 -1.4706590550e-01 -9.2608784056e-02 -6.4264886466e-01 -5.4095180655e-01 -4.3840544941e-01 -9.8960742911e-02 -9.6059955622e-02 5.0174239473e-03 5.5221213195e-02 -2.3649074592e-02 1.2589870031e-01
2.6697417104e-01 1.6081332615e-01 1.3423502968e-01 -1.8598416683e-01 7.0397404798e-03 -2.7762973848e-01 2.5268366782e-01 2.2644520508e-01 -1.5088759228e-01 -2.6760678299e-01 1.6514146438e-01 -3.1788487550e-01 -3.3709621790e-01 -6.9274804571e-01 1.5929643928e-02 8.9255788522e-02 -1.1307716119e-03 4.9811369593e-01 7.6843468367e-01 -4.5735839205e-01
3.1053556084e-01 5.9634408918e-02 2.3641329654e-01 -1.8773510717e-01 1.3006053787e-02 1.2255823887e-01 1.4641121608e-01 -7.6628340326e-02 -1.4456503324e-01 -9.9931537407e-02 5.9877915213e-02 4.7761778313e-02 -5.5239428337e-02 1.3012128598e-01 2.5505151615e-01 3.6056042289e-01 -3.8621038531e-01 1.7286081145e-01 -3.2385148814e-02 1.1967628668e-01
9.7137442387e-02 1.9726658694e-01 -4.1224742129e-01 2.7023594646e-01 -2.0742115148e-01 -3.6484717753e-01 -4.5092741870e-01 1.7389321959e-01 -2.1270198280e-01 -4.9748905730e-01 4.8155728023e-01 2.5942638634e-01 5.6071588242e-01 -2.1375326275e-02 5.4060494737e-01 5.3326277678e-01 6.3995197426e-03 -6.2453549448e-01 3.7104847577e-01 -1.6452222037e-01
-1.1765941349e-01 2.0508774155e-01 3.1251097077e-01 1.3692480560e-01 -4.8963879372e-02 4.1490867797e-02 2.4495111184e-01 3.1794455577e-02 4.8483401717e-02 2.3115060253e-01 2.6817461513e-02 -8.0755040943e-02 8.5515050326e-03 1.3357575189e-01 -4.3338642086e-01 -4.9720502160e-02 7.4404698736e-03 7.7024947982e-03 -1.1475046933e-01 -5.6205734399e-02
-2.5878292648e-02 3.1437937779e-03 3.2371672145e-01 -2.0699497666e-01 -2.9401734616e-02 -2.1155483421e-01 3.6480510272e-01 -1.0330158205e-01 5.4478291088e-01 3.1694745280e-01 -1.4169367313e-01 -2.0663839027e-02 -2.6651749850e-01 2.6646374282e-01 -1.7808907754e-01 -1.5693505650e-01 2.8520661588e-02 -1.5870757483e-01 -2.0573536821e-01 -3.5055638337e-01
1.9058741419e-01 -2.3644249185e-01 -5.9284912972e-01 1.0130634066e-01 -1.4567808605e-01 5.8552123039e-02 2.4492074058e-02 -2.6133782998e-01 5.0649110892e-02 -7.4791159591e-02 5.5281690676e-01 9.0522207885e-02 1.2795136487e-01 3.9667817441e-02 6.4883048074e-02 1.4600411354e-01 -2.1186946744e-02 -1.2148661716e-01 3.4788157158e-01 -2.3441387855e-01
2.9356005735e-01 -1.9694101126e-01 -2.0213281901e-01 -3.4612527867e-01 1.7231367367e-01 -8.7247136443e-03 -1.2711855897e-01 -1.6706426376e-01 -2.1742623601e-01 -3.1152920232e-01 1.1619924602e-01 2.2021079531e-01 6.3505932332e-02 -2.3313952789e-01 1.2483377091e-01 2.2433928801e-01 8.9633566649e-03 2.2975423459e-01 4.1033429756e-01 7.7959649879e-02
1.0330223568e-01 4.3357108590e-01 -1.7279256915e-01 2.9358769393e-01 4.6104207891e-01 -6.1557655648e-01 -1.6070866500e-01 2.2018061505e-01 -3.2121989395e-02 4.7431533251e-02 -1.3110007266e-01 2.3335785393e-01 2.0424120270e-01 -6.8637634965e-02 2.9576603874e-01 7.9869504240e-02 2.7856760146e-03 5.7275958832e-01 -2.5489209661e-01 1.2966381219e-01
2.3649064461e-01 7.7653229979e-02 -2.8558110151e-01 1.8683620647e-01 1.8109575578e-01 5.5105694589e-02 -8.8700630313e-02 -2.1879564595e-02 -1.2693049254e-01 1.1680996854e-01 3.4403062403e-01 1.0330843366e-01 1.0807357673e-01 -7.1690203525e-02 1.1860244385e-01 1.2701610201e-01 4.9447333168e-01 2.6149059653e-01 -5.7920062717e-02 -6.4373987495e-02
