2.7202784824e-02 1.3823873475e-01 -1.4621054547e-01 4.4773287975e-02 1.7859074342e-01 1.0145747187e-01 2.6972792812e-01 6.3466104982e-03 -8.5242406514e-02 7.1330216503e-02 2.6191574143e-01 2.3599720318e-01 -1.7119565649e-01 6.9437606745e-03 8.2960743307e-02 -7.2987621642e-02 -3.2036786218e-01 -1.4701505235e-01 1.3719827184e-01 -2.0257082878e-02
2.7280624796e-01 1.1870794387e-01 -1.1299536001e-01 -2.9933232606e-03 2.1410720684e-02 -1.1995362402e-01 -1.0211586863e-01 -2.1820177412e-01 -1.4617743509e-01 -3.2740236764e-01 -3.4258716870e-02 1.3004418310e-01 -2.0082359658e-01 2.1003153733e-01 5.2481446316e-02 -1.3310756599e-01 1.0167966891e-01 -6.0886974988e-02 -4.4063333988e-02 5.5225095140e-01
-1.1795471621e-01 -4.2936695254e-02 -8.0561323264e-02 3.1572819079e-01 2.7194537041e-02 -1.0948068947e-01 2.5005305813e-01 2.0787830296e-01 -4.1526203316e-02 3.8130411478e-01 7.0841274123e-02 9.5889240193e-02 9.4197003767e-02 5.0280245423e-02 -7.0256531803e-03 -9.6276934370e-03 2.3210166926e-01 -2.8194711691e-02 -2.0832074163e-01 -2.8357036228e-01
-8.2514506386e-02 -6.7430195423e-02 2.7240739346e-01 -3.2040228414e-01 6.7299176078e-04 3.7302775239e-03 2.4022309251e-01 -1.6207789529e-01 -8.4899363671e-04 1.7724716512e-01 -2.5648490985e-01 3.2833937457e-01 -4.1122702639e-01 1.4983530697e-01 -6.8060931438e-02 -1.9411131753e-02 4.3173980374e-01 6.8835814782e-02 -2.3213291781e-01 2.1275198628e-01
3.1793218699e-01 -1.1372914406e-01 -3.4789594110e-02 -6.1503734320e-02 -2.7228410033e-01 2.9401715714e-01 -2.3458084518e-01 -1.7775226995e-01 -4.8860484230e-02 1.1364727601e-01 -3.0376695238e-02 -2.2632772715e-01 2.7141659149e-02 -1.2561265152e-01 7.4267034358e-02 3.1200084770e-01 -9.9547360196e-02 2.3525952579e-02 -2.7184018011e-01 2.2628257228e-01
-1.0703896650e-01 1.2061382453e-01 3.4038183009e-01 -2.5618868099e-01 9.3153744391e-03 4.7427084833e-01 -4.7561418565e-01 -9.1895490010e-02 1.1149997425e-02 1.3855133822e-02 1.2271851893e-01 -2.9616990790e-02 -1.4019801132e-01 -1.7983197116e-01 -1.5990399746e-01 -5.0912826352e-02 3.7241874790e-02 3.9163483457e-01 3.0418606087e-01 6.1985771426e-03
-2.8820773663e-01 -9.1304686903e-02 -2.0460140067e-01 -9.2151211206e-02 -3.1366175493e-01 7.9261623269e-01 -2.2363906273e-01 -3.0492787404e-01 1.5827296737e-01 2.3885172230e-01 7.9281590966e-02 3.5758251871e-01 1.2685417117e-02 -7.5189548586e-02 2.0349336318e-01 1.2993877859e-01 2.0351453007e-01 3.6247536571e-01 -3.5417681395e-02 -6.2143177242e-02
-3.9013297944e-02 -3.3436737234e-02 2.2221363673e-01 -2.8951799696e-02 9.0789167646e-02 1.2868478910e-01 1.4778101275e-01 1.7534861499e-01 -9.1932003234e-02 2.1074530783e-01 -1.5286829456e-01 -1.7979537980e-01 4.1175588227e-01 -3.0088719832e-02 -2.8640274815e-01 2.3529927970e-01 2.2858060609e-01 -2.5427999009e-01 -5.0827873178e-01 -2.6116666889e-01
-2.3848865775e-01 -7.7049449147e-02 5.7503659433e-01 -1.3440177019e-01 1.9867418093e-01 2.0915835651e-01 1.8153214299e-02 1.4655880957e-01 -1.0227863964e-01 -2.6949189595e-01 -2.0847729303e-01 -3.3985918423e-01 -1.3320546648e-01 2.5227938933e-01 3.9465886758e-01 -5.2638129218e-01 -7.2527232260e-02 6.1610192229e-03 3.7390326571e-01 1.7452405368e-01
2.5471610238e-02 3.3095226174e-01 4.9893455149e-01 2.2681609416e-01 -1.4429994151e-01 -2.8605121608e-02 1.0385997218e-01 -1.2067996577e-01 3.6389295962e-01 2.6125026110e-01 -4.0318019950e-01 2.7928621622e-01 -8.1092753715e-02 3.6579222176e-02 -4.4292629089e-01 -1.8616918044e-01 -2.2203363483e-01 2.6787078477e-01 -4.7567225967e-02 -2.3868068878e-01
-8.3315628931e-02 -2.8824715478e-01 -2.5249373335e-01 3.4022486682e-02 2.5117658421e-02 -4.6201315029e-02 1.4076276094e-01 2.0202694214e-01 1.2140875377e-01 -1.8717289736e-01 3.0239041885e-01 2.1922123837e-01 5.6449851683e-02 1.3446772589e-01 3.3413626601e-01 -3.2357844382e-02 1.1981413871e-01 1.4247311281e-01 -4.0772199965e-01 -1.0604494764e-01
2.5942021287e-01 3.6167276096e-01 1.1684135134e-01 2.0370621233e-01 -2.1434749329e-01 -3.7265638309e-01 -4.7483663319e-02 1.4433451406e-01 -2.6277361997e-01 6.1735659061e-02 -9.3639113309e-02 3.3687112242e-02 1.2576785996e-01 1.9963227810e-01 -2.7435565337e-01 4.2983979578e-01 -1.8127096773e-01 9.8332407467e-02 -5.4414129608e-01 -6.7418506138e-02
1.6221126961e-01 4.5884441110e-02 -4.4351339129e-01 -9.9291544961e-02 -7.3663876938e-01 1.1767426682e-01 8.3281795795e-02 2.3363863023e-01 -1.3001219992e-01 1.0855927177e-01 4.4681388960e-02 -1.5428252217e-01 3.1970513384e-01 3.1162848209e-01 2.0990713714e-02 -1.3165066628e-02 1.3835593484e-01 2.5127458882e-01 -7.8035441511e-02 -1.7657244567e-01
-2.9150377813e-02 1.4730113576e-01 1.1019880123e-01 1.2884070910e-01 5.2811756877e-03 -1.7454892288e-01 1.5026760770e-01 2.6932609359e-02 4.7096292453e-01 1.2534882685e-01 -3.4995321514e-02 3.7868191569e-01 -2.1547527518e-01 1.5468452621e-01 -9.1553071767e-02 1.4225939956e-01 2.0395476868e-01 -1.2698418508e-01 -1.2775302371e-01 1.8340826518e-01
-2.0606440479e-01 -5.2948711803e-02 -2.6924655056e-02 3.6015911525e-02 -7.0195239196e-02 -2.4798169151e-01 -2.1350159585e-01 -1.4527120402e-01 -1.8205428490e-01 -1.4474786286e-01 7.9251111663e-03 -2.9697313663e-01 1.9696804323e-01 3.2083528908e-02 -2.6241849420e-01 1.8965340963e-02 1.1607822715e-01 3.6987043429e-01 -5.7617838334e-01 -1.0319130004e-01
1.4055797633e-02 -5.1378758908e-01 1.0545419750e-01 1.5001035271e-01 1.7031173805e-01 1.6655329246e-01 1.6246053419e-01 -1.0681397883e-01 2.0029898807e-02 5.0662596779e-02 -6.0834834188e-01 2.6808271895e-01 -5.4943783070e-03 5.3232862722e-02 -1.5182105409e-01 6.6210877779e-02 -3.3363293867e-02 -5.5116213809e-01 -1.8661269130e-01 -2.5244574115e-01
4.1009932598e-01 3.1374834000e-02 -1.9565548098e-02 -1.5054223993e-01 3.7424792156e-01 6.0182356219e-02 1.1051989104e-01 1.2330653823e-01 -2.1354154393e-01 -7.5487372534e-02 -3.1571539013e-02 4.3697935743e-02 4.4800335218e-02 2.4214389860e-02 4.1946609328e-01 1.3066485301e-01 -2.4298669454e-01 -2.4231389776e-01 1.6900002737e-01 -3.7937143346e-01
1.4162883455e-02 2.5561334339e-01 -1.7691277818e-01 1.6960884737e-01 1.2991255404e-02 -4.7314721990e-02 -3.6000823373e-01 2.9056230352e-02 -2.6707945156e-01 4.4378843408e-02 -5.6747451427e-02 -4.0490810583e-02 2.6000033563e-01 2.7054236249e-01 -2.2108439414e-01 2.1557180990e-01 9.9036522065e-04 6.3233360569e-01 -4.6263519107e-02 -6.5126296125e-02
-2.2163360836e-01 2.0985317725e-01 3.3417007004e-01 -1.4726487574e-01 5.1905121634e-01 -2.9771753846e-01 1.0326360080e-01 -2.6648456332e-01 6.6295417389e-01 1.8363404909e-01 6.8562599074e-03 4.8325706527e-02 -9.9244244316e-02 1.5053128011e-01 -4.0405360321e-01 -1.8803764575e-01 -1.4469031051e-01 1.9432003414e-01 -1.9074109226e-01 -1.0433214133e-01
-1.3677107673e-01 7.5849497669e-02 3.0907526938e-01 8.4147468659e-02 -5.1379024919e-02 -5.0080521978e-03 2.2218525187e-01 -3.7496012902e-01 -1.0964794777e-01 -1.4725464775e-01 -4.3536084489e-01 2.4418739186e-02 -2.0913672931e-02 -2.2606362275e-01 -3.1971795216e-01 8.7115510513e-02 -1.7299383385e-01 -2.1430889330e-01 1.6775137990e-01 -2.3247556990e-01
