5.5123541967e-01 5.8098281580e-02 -2.8685376581e-01 -1.7454147944e-01 8.4729150243e-02 -5.8961187354e-02 -9.9931567823e-02 -4.1447737677e-02 -2.3791400407e-01 -2.3077474547e-01 -1.3295833924e-01 1.5793896124e-01 -5.0932991090e-02 -1.8729776956e-01 -1.2363568868e-02 -2.8081829176e-01 1.0279939591e-01 -3.6723658200e-01 1.2761908587e-01 1.9637004847e-01
-6.3509053077e-01 -5.8327662948e-02 -2.9229564587e-01 -8.3811194747e-02 4.8222843741e-02 -2.3253451077e-01 -4.0065622421e-02 -4.0437184069e-01 1.2580709426e-01 4.0973782330e-01 5.6493399028e-01 1.6162696481e-01 1.1442874987e-01 -1.4664518469e-01 -9.5703511571e-03 1.7526491642e-01 7.6517407454e-02 3.1559638144e-02 -3.1040964102e-01 7.7233319139e-02
-6.9682829895e-02 -1.1611869651e-01 -6.6409917931e-02 1.7046181948e-01 1.8330381560e-02 -3.1032447607e-01 -1.6432664035e-01 5.9727451213e-02 -5.5844685910e-02 -2.0194501984e-01 -2.6505782776e-03 -2.6917323017e-01 5.5706897562e-03 3.5246539632e-01 8.4341344422e-02 -3.3772409845e-02 3.4218306369e-01 -1.3251075722e-01 1.8492625143e-01 -9.2704839912e-02
-6.5459943936e-03 6.9991001764e-03 -1.4854447728e-01 1.0874865140e-01 -2.6916145489e-01 -1.8627568906e-01 -2.5346223562e-01 3.2236608565e-01 2.2809671416e-01 -4.4796148043e-02 8.0216760396e-02 1.8535374980e-01 -8.2154953330e-02 1.0783722757e-01 -3.2723985919e-01 1.9569951491e-02 -2.2142944535e-02 5.2361703084e-02 -1.7961901235e-02 1.9787950318e-01
-1.0946634646e-01 2.5847132516e-02 -2.3319051286e-01 -1.3297423025e-01 1.9733609116e-01 7.8286629240e-02 3.5954918447e-01 -1.7635589162e-01 -5.0387333558e-02 3.2327429769e-02 -1.8958186191e-01 4.2843237832e-02 -1.0401999882e-01 -5.0888703878e-02 1.6681717079e-01 1.6710581396e-01 5.5705110960e-02 2.6930384653e-01 1.2845212401e-01 4.1982903996e-02
1.0886575927e-01 1.7144560464e-01 -1.5122462659e-01 4.2788882554e-01 -7.4984783705e-03 6.4733218029e-02 -1.6150067671e-01 1.3134994782e-02 1.4194744550e-01 1.2857508438e-01 -2.5515983558e-01 -1.2524219996e-01 -1.9777850521e-01 3.4483814172e-01 -2.5439473422e-01 5.2087633505e-02 -5.0862977422e-01 1.9233293080e-01 1.6869544037e-01 -3.0226591603e-01
2.1903349106e-02 -1.1999768561e-01 1.1224099709e-01 3.9899049507e-02 9.9296146213e-02 1.8892407320e-01 2.3591511982e-01 -1.5936798133e-01 -4.4343849643e-01 2.7641429241e-01 1.0412731172e-01 2.2655001250e-01 6.6164904160e-02 -3.2280204990e-02 -8.3146176140e-02 -2.5554501756e-01 -7.4333142065e-02 -2.3134417488e-01 1.2923970081e-01 -7.5762078279e-02
-3.4266767463e-01 -2.9555937484e-02 1.5125881331e-01 3.5150216592e-01 -2.5776152581e-01 -5.3189222279e-01 1.0528440418e-01 2.0429683465e-02 2.1983759557e-01 -1.6082188499e-01 -1.0782296229e-02 -3.8684896894e-01 1.1521193727e-01 1.4622373594e-01 2.9457132182e-01 -1.4279125645e-01 -5.4114675697e-02 3.1326361085e-02 -2.0237135078e-01 5.2574253920e-02
6.7730094303e-02 4.2276767035e-01 4.5938320027e-01 1.8393573176e-01 1.7965881058e-01 2.2782617124e-01 -1.0650974685e-02 -1.6878569824e-01 -1.6309986284e-01 -2.0382375989e-01 2.3125200902e-01 -1.8004347818e-01 -1.2046844903e-01 -7.3265986553e-02 3.4950191560e-01 4.6940554850e-01 -1.0388380161e-01 -1.7707701689e-01 2.7846913855e-01 1.5128091059e-01
2.8848782197e-01 -2.1894644369e-01 7.4554109822e-02 -3.0878119302e-01 5.5919998678e-02 7.3694379011e-02 2.6544308925e-01 -4.8024220328e-02 5.4161716489e-02 -2.6271605087e-01 8.0392798277e-02 1.5632797618e-01 3.1216488260e-01 3.2697499864e-01 4.3585237180e-03 6.8009856061e-02 -1.7557186037e-01 1.7270528533e-01 -1.2563517229e-01 1.2082430943e-01
3.8374499600e-01 1.3105136158e-01 1.0966211525e-01 -7.0250638379e-02 9.8144758322e-02 -1.4888455449e-01 -2.1026575209e-01 1.6155201411e-01 -2.1316864074e-01 1.4923002452e-03 1.7467945481e-01 3.9210917782e-01 3.3211694337e-01 1.2606015917e-02 -9.1620060273e-02 5.7087369424e-02 1.9760991244e-01 2.5936777198e-02 -7.7662875879e-02 -9.8669844573e-02
3.0961369332e-02 -5.3517343563e-01 -3.1942659230e-02 1.0463229374e-01 -1.6326545019e-02 2.6407135801e-01 3.0269866925e-01 -9.6929941944e-03 -2.3977314570e-01 1.3444398976e-01 2.4568615402e-02 -4.2822727998e-01 1.7133222266e-01 -4.9307065286e-01 -1.5287344072e-01 1.7411437696e-01 1.0463308249e-01 3.7566579962e-01 -4.3196934403e-01 -2.7393473299e-01
-2.8189236135e-01 1.2914902818e-01 1.7218531966e-01 2.5444193813e-01 -1.9950982140e-01 2.5424783861e-01 -3.8872412182e-01 -4.6113542076e-02 -1.3221833645e-01 -1.8800228372e-01 -3.3191911020e-01 1.9194235619e-01 1.3929641716e-01 5.3013338008e-01 2.0648411447e-01 -3.8336665636e-02 -8.1168240916e-02 6.1877066671e-02 2.7047216459e-01 4.9282315917e-02
8.2904329455e-02 -1.5804203356e-01 6.2020744394e-02 -2.7236478277e-02 2.2115766613e-02 8.3892161060e-02 -7.5067674371e-02 -1.1687920961e-01 3.0814013702e-01 -8.8108818057e-02 5.8409933273e-02 -3.9933793577e-01 -1.1851902366e-01 3.7975808415e-02 1.0986203677e-01 2.3517593772e-01 5.6509524755e-02 -8.9474246325e-03 1.7172845200e-01 -2.6207534899e-01
-2.6045419691e-01 -2.7840967856e-01 -1.4071402174e-01 -1.0591506177e-01 -6.8452456268e-02 -1.3093630678e-01 -5.1264377761e-03 -3.5130950532e-01 -2.7185169367e-02 7.1673448060e-02 -4.6997703999e-01 4.3437503829e-01 4.4996942817e-01 -2.9504070842e-01 1.8557046211e-01 1.3203544267e-01 -1.0666307661e-01 3.6349642529e-03 1.3228331914e-01 5.6862009848e-02
3.4274064038e-01 -5.0392691513e-02 1.1382912756e-02 7.3600352569e-02 -1.3939340243e-01 -4.9187834029e-01 4.8832821046e-01 -2.6525166732e-02 7.6492709333e-02 -1.0799829406e-01 1.4493949622e-02 2.7000688161e-02 2.1316104259e-01 -2.3983352935e-01 2.6488974655e-02 -9.0813174377e-02 2.7301692240e-01 8.1806361578e-02 2.1829640774e-01 1.7231726554e-01
1.6442951334e-01 -1.1736684523e-01 -1.6674622862e-01 -1.1303739260e-02 9.6524396721e-02 -1.1414257958e-01 4.7446826672e-02 -2.3458762519e-01 4.3501568915e-02 5.3216622006e-01 -1.5051599425e-01 -3.3389414051e-01 2.1405850048e-01 2.5219656209e-01 -2.4280201424e-02 -9.1475409708e-02 6.5343221830e-02 -1.6634652779e-01 3.2487960118e-01 1.3212163737e-02
2.3729770534e-01 -3.7852285544e-02 -1.2048408935e-01 1.4060931304e-01 1.8657422218e-01 -2.8910554727e-02 1.1391946028e-02 2.3203980999e-01 -2.5704775686e-01 1.8800877710e-01 -3.9165059777e-01 -1.8694295695e-01 -1.7495892164e-01 -2.1055065611e-01 -6.5009463061e-02 -2.7365783852e-01 5.6448406310e-02 8.0601334570e-03 -7.3726495605e-02 1.6680006959e-01
2.7666024574e-02 -1.9108253062e-01 -3.3896651257e-02 -8.8581603742e-02 -1.6279197391e-02 1.4526670759e-02 9.0131258308e-02 1.2725106680e-01 -6.3375172494e-02 2.2897828621e-01 3.2292556473e-01 1.7263799933e-02 -5.5806528323e-02 -1.0843487810e-01 -2.7811406448e-01 -2.1625825989e-01 -2.8850343789e-01 1.7656002911e-01 7.2456374442e-02 1.7054483620e-02
5.3939354528e-02 8.0286480620e-02 -8.5583425497e-02 -2.5859548974e-01 -1.7528628533e-01 -3.2771663807e-01 4.1831603103e-01 5.0837348840e-03 -7.9482618629e-02 -1.2712829159e-02 1.6090795467e-01 -5.6557943025e-02 -1.7576892956e-01 -1.7969600949e-01 -1.4357746091e-01 2.7475763116e-01 2.4558927362e-01 -1.7817498792e-01 3.2350178511e-02 -7.2039929406e-02
