1.1594215809e-01 -1.1254545607e-01 2.5823656578e-01 4.0717833226e-01 1.5600663501e-01 4.8589851284e-01 -6.3640976026e-01 1.1857352700e-01 2.1285800348e-01 2.8047905967e-01 -9.3282888752e-02 2.2103787885e-01 2.9573164739e-01 -6.6439575496e-02 -2.7970018934e-01 -3.1559824151e-01 1.4128519758e-01 -1.2142062603e-03 8.3835305131e-02 -1.2175577714e-02
-2.8066964293e-02 1.6045392948e-01 2.7259103758e-01 -2.7134483425e-01 -3.6396195786e-01 1.8362821958e-01 2.5299762199e-01 -1.3135305603e-01 6.9968614525e-02 -9.6585866975e-02 5.1697155205e-03 1.2548432861e-01 1.3278078110e-01 -2.0346988535e-04 -2.5999007245e-02 -2.0379874100e-01 7.4593733039e-02 -4.0204177779e-02 -2.6873783557e-01 -4.8451936540e-02
1.4389323492e-01 2.4306068334e-01 -1.9543953292e-01 -2.2246423428e-01 5.4273523846e-02 -4.0435039166e-01 -4.7617462826e-01 2.7911828794e-01 -1.7522096983e-01 -2.5404142841e-01 1.3579576447e-01 -2.4207788660e-01 1.7601661218e-01 -1.5390494740e-01 1.2860167410e-01 8.8693570016e-02 5.2700302396e-02 -3.0793562425e-01 1.0628733280e-01 -2.4634584035e-01
-9.0992896781e-02 -2.8111154199e-02 4.5555079941e-03 -7.3758346985e-01 -6.1345911433e-02 1.0878863812e-01 3.0004295536e-01 1.5889834248e-01 -1.5580319556e-01 -2.0773465015e-01 -8.6267692239e-02 3.2228899759e-01 3.3123968714e-02 -2.1262990605e-01 6.6315237868e-02 -1.8897282578e-01 4.3632143356e-02 -2.6541527617e-01 1.2719705151e-01 1.2871832082e-01
-3.0891048456e-01 -2.4890985447e-01 -4.5240677630e-02 -6.5964787195e-02 2.2685914340e-01 3.4272808254e-01 2.4599247433e-01 -4.6688697756e-02 -1.8524057537e-01 4.4452145213e-01 1.2338538785e-01 -1.5482641136e-01 -3.2799776396e-01 -4.3853530629e-01 7.9090918349e-02 -1.0329649945e-01 -1.5105392468e-01 -4.0888068429e-02 -1.1388054329e-01 -1.6910221883e-01
2.3756218195e-03 -1.4175238922e-01 -1.5776902365e-01 1.6724889818e-02 -2.6391716439e-01 -1.9083371646e-01 -4.3913921093e-01 6.7209616755e-02 -6.1547395364e-02 -3.1371997659e-01 3.1448683267e-01 1.4941276434e-02 8.6234913913e-02 -5.8874381728e-02 -1.3791008618e-03 -1.9201486795e-01 -1.9888391883e-01 1.4424050838e-02 -1.7561972977e-01 9.5648846791e-02
3.5492576420e-01 -4.2473668766e-01 6.5521450199e-02 1.6895003433e-01 -1.3788996652e-01 3.6579753977e-01 8.3437934435e-03 -3.3391009602e-01 -3.0882343254e-01 3.6109998236e-01 -3.0442260745e-01 -1.0403524563e-01 -9.3530173218e-02 5.3644252154e-01 -3.1637112973e-01 1.2959658467e-02 2.7540982476e-01 -3.8405238928e-02 -1.5955589098e-01 4.1031894466e-02
4.9120454526e-01 2.3406856062e-01 -3.2700483343e-01 1.6646506037e-01 -1.4479210417e-01 -9.9704402114e-02 -3.3761882289e-01 -1.6432993818e-01 -3.7128398895e-01 2.3826057203e-01 2.7496346678e-02 -7.9398633229e-02 2.0698266892e-01 1.4322329090e-01 -3.6062969171e-01 -2.3442913422e-01 2.2346282769e-01 1.3891549196e-01 1.3107101641e-01 -3.2443837712e-01
-3.2695336431e-01 -2.3466351154e-01 4.2315537952e-02 -3.5982178731e-01 7.9969535182e-02 2.7146793420e-01 -2.5591237663e-01 8.0456768564e-02 -1.8479699436e-01 1.5998831881e-01 -5.0167015658e-01 -1.9810621887e-03 -6.7112510677e-02 2.2271464186e-01 -1.5742579638e-01 5.1924954772e-01 1.6667246064e-01 -1.3395736422e-01 4.0380207376e-02 -4.7671980477e-01
9.8987764364e-02 1.5944120840e-01 4.8441657244e-03 9.6047539490e-02 1.4568704123e-01 1.5138962352e-01 3.7002048591e-01 -3.6245157995e-02 5.2280697970e-02 4.9769278018e-03 3.7403492811e-03 1.9760835212e-01 1.9696522548e-01 -1.9033768135e-01 -1.4635458829e-01 -1.6008679194e-01 -3.5089052008e-02 8.0944940992e-02 3.4064747400e-04 4.3074599154e-01
-3.8512470251e-01 8.7649282819e-03 -1.3733209405e-01 1.7974778464e-01 3.7903121232e-01 -7.5865784272e-02 1.2692348088e-02 -2.0469604348e-01 -1.5001598704e-01 3.7977577798e-01 5.2646014853e-02 6.9798696523e-02 4.4175684167e-01 1.6706909206e-01 2.7218133134e-02 -1.2642317005e-01 3.0130349151e-01 2.2268245484e-01 2.7175097867e-01 1.3771415584e-01
2.5221693660e-01 -4.0203205973e-02 2.7011637102e-01 2.6384285799e-01 1.7776189508e-01 -2.4082105103e-01 -2.7111940090e-01 -2.6142917005e-01 2.7848169423e-01 3.2713855521e-01 -2.9510810591e-01 5.3030629484e-03 2.0424342321e-01 3.2243464998e-01 -1.9080808819e-01 -5.0693861036e-02 4.2426946010e-01 -1.8312791016e-01 2.9666417506e-01 2.1364141807e-01
-8.2446597626e-01 4.0673130953e-01 -1.9013022423e-01 -6.0106967489e-02 5.4498401441e-01 1.4940837185e-01 2.3170209546e-01 1.1930591422e-02 2.2248001496e-01 2.3111545481e-02 1.2918283937e-01 1.5131996838e-01 4.1008627894e-02 -2.1830454263e-01 1.0754444683e-01 1.1794631601e-01 -1.2471582367e-01 -1.4257123826e-01 -9.5948103608e-03 2.9228601856e-02
-1.8686830750e-01 -5.8124383741e-02 -3.1013953652e-01 1.6887335089e-01 7.8485073855e-02 1.5342925032e-01 -1.2822846035e-01 2.8234163979e-01 -5.6385970014e-02 -1.1766115486e-01 3.4311422501e-01 1.4744850184e-01 -7.2614098104e-02 -3.0919448695e-01 -1.2280242974e-01 2.4167055237e-01 -1.4985992345e-01 5.2904278364e-02 -1.3243239720e-01 1.4644034226e-01
3.0059533480e-01 3.3184551453e-01 2.9159421122e-01 -1.1164855429e-01 -3.6999756551e-01 2.9480781995e-01 -9.4557227991e-03 1.7653661590e-01 -3.1799652652e-02 3.1387132789e-01 -8.1842696397e-02 -1.1230351973e-01 2.4491750356e-01 4.6886262362e-02 5.6006697069e-02 1.2366501131e-01 1.9757474346e-01 1.3086545135e-01 -5.1970992051e-02 -7.7411782489e-02
1.0169978041e-01 9.7575718719e-02 3.5426375428e-01 1.0540062620e-01 1.5163414912e-02 2.2001785954e-02 -9.8334641289e-02 6.5584170516e-02 -2.8045107108e-02 2.4024028725e-01 -1.3173098635e-01 1.2099236545e-01 -1.2000311238e-01 2.9724870895e-01 2.7520323852e-01 3.7062641074e-01 9.9911933021e-02 -3.5652396780e-01 -1.9854181752e-01 4.4401202846e-02
-1.6616336931e-02 -1.6304850249e-01 3.5855125108e-01 6.4626188151e-02 -2.6376729056e-01 -7.2058280342e-03 1.7369657984e-01 -2.1541807219e-01 1.0321025138e-01 -1.0835923079e-01 2.1949487642e-01 1.8954131983e-02 1.3735617585e-01 -6.7273846404e-01 -3.2874987724e-02 5.7274112588e-03 -4.0326301616e-02 1.3143768110e-01 -6.2034751302e-02 1.6881627064e-01
-1.9257635044e-01 -1.7333782768e-01 3.9946989153e-01 8.6564339908e-02 9.3783426256e-02 7.5702374949e-02 7.5092715785e-02 -2.0795931794e-02 -5.5108338950e-02 -1.6731994122e-01 2.8020053428e-01 -1.2098405701e-02 -1.2067507343e-01 -5.7050309654e-02 3.9191305486e-01 -1.8559302791e-01 1.6880481675e-03 4.1929217584e-01 -2.3299689136e-01 -8.5185911115e-03
1.4346836216e-01 -1.8664044627e-02 3.0965548637e-01 -4.6848228016e-01 -3.2865167476e-01 4.3192323462e-01 -1.5496683845e-01 -5.8394489264e-01 5.0239647460e-01 2.4770693801e-01 -2.6446819450e-01 -1.6878887885e-01 -2.0006321720e-01 2.9617209965e-01 -2.1805005923e-01 -1.1813917303e-01 -3.8314054927e-01 3.3645967837e-02 -2.1750491236e-01 8.6758899574e-02
-2.4926725482e-01 -3.7197991593e-02 3.2294982785e-01 -3.0380801409e-01 -1.4338039763e-02 4.2535430188e-02 -6.0589114887e-02 1.0234940288e-01 -2.4675744636e-01 1.0230678298e-01 8.1547880875e-03 8.1841609797e-02 1.6142136478e-02 -6.0115005538e-02 -9.1103183495e-02 -9.0390374509e-02 -4.4173907095e-03 2.1708565991e-01 -2.9158010550e-01 -1.8007206614e-01
