-1.2257028854e-01 -8.6592460215e-02 -1.3326248130e-01 7.3216183668e-03 -2.0832130656e-01 -3.1041581967e-01 -2.7458898514e-01 -1.6794405098e-01 2.0815819809e-01 3.5951451859e-02 3.0779331796e-01 2.3554297659e-01 1.7025025699e-01 6.4053741721e-02 1.9674830350e-01 -4.1248558508e-01 -3.1220624903e-01 1.1480021170e-02 -3.0431490120e-01 -1.7881492293e-01
2.7681078943e-01 4.6269261214e-01 4.9677544965e-03 2.8351171604e-01 1.9466389579e-02 -1.7534293074e-01 5.8464313018e-02 -2.3936056068e-01 -3.2662693828e-01 2.8813304204e-02 1.2363241111e-01 4.8787019010e-02 1.9783257957e-01 -1.1428450005e-01 1.0023732119e-01 -5.6045025252e-01 -4.9652935506e-01 3.5355331520e-01 -1.9514396483e-01 1.3385256640e-01
4.3395573126e-02 -1.6781135742e-02 4.3452692319e-02 -3.1708787450e-01 2.9023604619e-02 -1.0144093188e-01 -4.8554000184e-01 4.2167360078e-01 -1.0531886393e-01 -2.9317116808e-01 1.2134096492e-01 -3.1579958424e-01 -3.5321925176e-01 -1.3693086026e-01 8.3231003088e-02 -1.5151936243e-02 -1.5763563923e-01 -2.5163402515e-01 2.2187651459e-01 2.0783668369e-01
2.4899608725e-01 1.1019997914e-01 -2.5712683624e-01 -1.0434998694e-01 -2.2377414823e-01 -4.8641367727e-02 -5.3753448033e-02 1.1449461858e-03 -7.9646510805e-02 7.8127002986e-03 1.9945269006e-02 -1.7711248349e-01 7.0559699002e-02 -2.2581013166e-01 -1.1640528789e-01 -8.1498744141e-02 -9.1165100600e-02 1.3381639986e-01 1.9437534345e-01 -2.2081805167e-01
1.3748518141e-01 7.5617850883e-02 1.4421369766e-03 -2.5166620963e-01 4.6160711472e-01 -2.3253183043e-01 1.7884758226e-01 3.4965835358e-01 -2.3870409548e-02 4.7875305189e-01 -3.3883586838e-02 2.5129680131e-01 -4.8020483180e-02 2.9234320842e-01 -1.2694184204e-01 -5.1376887792e-01 -1.4974682425e-01 -1.0314924858e-01 -2.1186558774e-01 -9.9988873768e-02
-1.7939370254e-01 6.2590552181e-04 -1.4938284453e-01 8.1912343932e-02 6.8305075031e-02 -1.8080292275e-01 -1.1494379743e-01 2.4197929466e-01 1.3379855974e-01 3.1441779487e-01 1.1124468724e-01 1.4259106050e-01 -2.8391565355e-02 -4.8508675649e-02 1.4546792623e-01 1.4620367789e-01 3.7761119405e-03 -3.1803085418e-01 3.3478268135e-02 2.5424087733e-02
1.8353104765e-02 -3.6585413415e-02 -4.9927968997e-02 -3.4693949868e-01 2.1979396158e-01 1.6610276311e-02 2.4306173107e-02 -3.8883674215e-01 -4.3565787121e-04 5.9686771357e-01 -5.4255188876e-02 -1.5360622066e-01 1.0161645295e-01 -1.5634491496e-02 -4.1888947540e-02 3.2086724690e-01 7.5608478019e-03 1.7048163364e-01 -1.3986357427e-01 -2.9585198565e-01
-3.5204230053e-03 -3.9782515860e-01 2.4806913474e-01 1.0937145747e-01 -1.6895496781e-01 2.4223423726e-01 9.6826074674e-02 1.3895446556e-01 2.5858735952e-01 5.0815543425e-02 4.3029975157e-01 1.2564306781e-01 -2.8364693871e-01 5.6803601855e-01 -1.0019773127e-01 -2.9140038607e-02 -2.2099102263e-01 -1.3970903599e-01 3.5858161523e-01 4.2485604123e-02
-3.7196269799e-01 2.3200534407e-01 -1.6397400201e-01 -8.4207385595e-02 9.1583008461e-02 4.4726359684e-01 -2.3476884023e-01 3.0850025172e-01 9.3111407888e-03 4.4496672042e-02 -1.1518506466e-02 -1.9785107704e-01 -2.0575148168e-01 3.7284566414e-01 1.1008495537e-01 1.0874841261e-01 -3.4230698087e-01 1.8744674215e-01 3.4899698740e-02 7.1899969866e-02
3.6337406298e-01 2.6936412403e-02 -3.1880273559e-01 9.8183039522e-02 1.2392241103e-01 -5.6242425244e-01 -9.5234680049e-02 7.4945590407e-02 -4.9987727514e-01 -7.6428485965e-02 4.3637288182e-02 -5.0795747448e-01 -1.2027692978e-01 -1.5599952550e-01 3.7645532547e-01 4.3147772738e-01 -3.3139019924e-01 7.3377894901e-02 8.7573937513e-02 -5.6826066323e-02
9.1389393154e-02 -6.2989931400e-02 -7.2724206898e-02 1.2120090407e-01 1.1535280331e-01 -3.6683729918e-02 1.7473039226e-01 -4.8205430248e-02 2.2000774004e-01 4.2345264692e-01 4.5607070373e-03 2.7487245594e-01 -7.8563146976e-02 7.0262410067e-02 -1.6610681586e-01 2.6697112271e-02 2.5696977048e-01 1.5550256187e-02 2.9033108173e-01 -3.5856026612e-02
-1.1995829601e-01 -1.1132517278e-01 2.2613546492e-01 1.5730746539e-01 3.0318273327e-01 6.8073441776e-01 -1.0242712715e-01 -2.3726324346e-02 -1.9445224467e-02 -1.2802701650e-01 -2.5863239426e-01 3.0953747800e-01 -1.7210769897e-02 2.3587678171e-01 9.5906333166e-02 3.0216786282e-01 7.1779908754e-02 2.5040087409e-02 -2.1935705129e-01 -4.0066069393e-01
1.1046647144e-01 6.1804273699e-01 -2.7053794742e-01 2.9963535673e-01 -3.7995712933e-01 -2.3593264223e-01 3.3199649894e-02 -1.8459483021e-01 -4.8718271280e-01 -2.1980000327e-01 -3.4869555596e-01 -7.7778324433e-02 -1.0353302381e-01 1.3564245630e-01 4.5843155466e-02 -2.4942381594e-01 8.5630037538e-02 -6.0836986400e-02 -3.1675880092e-02 9.0205057643e-02
-1.3190595455e-01 -3.9186716368e-01 9.2345158570e-02 -5.6658363914e-01 1.1045261879e-01 -2.4464603662e-02 2.2840097646e-01 1.4710361701e-01 3.2371627229e-01 -1.1549579282e-01 1.6310594060e-01 3.4899865452e-01 2.2443187301e-01 -3.7132464476e-01 1.9996922941e-01 -1.3873401873e-01 -6.3973866785e-02 1.4006781135e-01 -2.1883456424e-01 1.5364530353e-01
9.8327412701e-02 4.0369954181e-01 3.8461984058e-02 2.8257317200e-01 -1.2878894858e-01 -4.1468835656e-01 1.8604359754e-01 2.9666911448e-01 2.4375751180e-01 3.8366190289e-02 -2.0888783009e-01 2.3215159408e-01 -8.8235463634e-03 -6.9708009344e-01 -1.0748278543e-01 -2.2227926384e-01 -1.0745741728e-01 1.8865233550e-02 -2.0699609989e-01 5.6363139491e-02
-1.3705782473e-01 2.5567806984e-01 3.3797341853e-01 -4.8923180779e-03 -1.8224020635e-02 5.4102240620e-03 3.7807373161e-01 1.3237250981e-01 -1.0504784723e-01 -1.5031146781e-01 4.2651554991e-02 -1.2591095080e-01 1.6781991201e-01 7.9167474404e-02 9.3384858657e-02 -2.0035879994e-01 -1.8128805666e-01 2.0133556641e-01 1.5895020971e-02 -9.5686370035e-02
-2.9240625397e-01 2.4626394139e-01 -1.9719987618e-01 1.3074990685e-02 -1.1243337927e-01 1.4804275768e-01 -1.7126329556e-01 1.1463216360e-01 1.6828461649e-01 2.8860610767e-01 2.0324376606e-01 -1.7523681246e-01 3.0242789306e-01 -1.5277809712e-02 1.8470942392e-01 1.9452864225e-02 1.8289991175e-02 -4.5254166473e-02 -4.2106584892e-01 -3.7452824470e-01
-1.5398598809e-02 2.4758794613e-02 -3.8065479593e-01 6.0492655954e-02 1.1894560750e-01 1.9786749358e-02 2.9898625646e-02 4.0585107132e-02 -1.4633419259e-01 5.2961697177e-02 -1.4677327298e-01 4.7872322568e-01 -1.6615139479e-01 3.9103137734e-01 1.1855607918e-01 -1.6700178291e-01 1.4087098780e-02 -1.4052854151e-01 -8.6390977017e-02 -1.8805571268e-01
-2.3810849799e-01 2.2972862574e-02 -1.1331947762e-01 1.2039177260e-01 -1.0280014594e-01 -2.7296322555e-01 -5.5291297082e-02 -3.7067054472e-02 2.6631711751e-02 1.9909587395e-01 -4.3674109681e-02 1.0995565575e-01 -1.2585235295e-01 1.0555661913e-01 -2.4802920516e-01 -1.6388658513e-01 -3.7980981964e-01 -7.7529945491e-02 -1.8362707137e-01 1.0833061407e-01
1.3290405396e-01 -1.4920117196e-01 -6.3281540810e-02 1.9527968352e-01 1.6392843609e-01 -3.6295368461e-01 -2.9157396627e-01 1.5301004736e-02 -8.2798074812e-03 -5.3527862291e-01 -8.7565137709e-02 4.7028513918e-01 3.8804655748e-01 5.8217373964e-02 3.9562561244e-01 -1.6155194011e-01 8.6418780387e-02 5.3899339080e-02 -6.3706018414e-02 -3.5699694577e-01
