-1.5535020747e-01 2.6189274099e-01 1.1842805766e-01 -4.7429261369e-01 -3.1318976938e-01 1.5381034980e-01 2.0713190882e-01 3.5176980113e-01 -8.7303134919e-02 -1.1245162989e-01 2.3492175634e-01 5.7061363326e-01 -1.8121633351e-01 -2.4568107545e-01 5.0676894281e-02 -1.0944705700e-01 9.1080199413e-03 2.5266351815e-01 2.1594991097e-01 -3.4330757783e-01
1.2507128094e-01 -2.5487609381e-01 2.9490120300e-01 -2.0006948700e-01 -1.7776160005e-01 3.5468504522e-02 1.1203018695e-01 1.7014869993e-01 -2.6769250731e-01 2.0102798959e-01 6.6052352589e-02 6.6259068925e-02 -1.7232981721e-01 -1.5964660763e-01 1.4899217674e-01 -2.3595906462e-01 2.1026096782e-01 2.6951164720e-01 -4.0348490810e-01 -2.2226691320e-01
5.3854779421e-02 -2.5970064701e-01 4.4019555757e-01 2.4824882924e-02 1.1246143076e-02 -1.7612163404e-01 1.0230689306e-02 4.7548753428e-01 4.3437112924e-01 8.7481045451e-02 -4.7252939386e-01 -4.2500009144e-01 1.2269878934e-01 -4.0689157898e-01 2.4110601195e-01 2.4891791948e-01 -1.0420845042e-01 -3.9777157432e-02 6.0036077042e-02 -9.7041400629e-02
-6.2853936748e-02 5.5607196777e-02 5.2228953227e-02 3.0419708943e-01 -4.2626695933e-01 -6.2448344410e-02 1.9816373329e-01 -2.2713677251e-01 9.7392319063e-02 3.6881638797e-02 2.6343015032e-01 1.8665357354e-02 -1.0409260035e-01 1.3982447432e-01 1.0656792288e-01 2.7194738935e-01 -3.3027571471e-01 6.1818037030e-02 -3.6373641253e-01 -4.5395260307e-02
-2.1134862368e-01 -1.5119411683e-01 -2.9289015875e-01 -3.9650071566e-01 -7.7309959673e-02 -3.5992931420e-01 -4.4686190018e-01 -2.8632774772e-01 -1.9475292840e-01 -2.1142925709e-01 -3.1657723301e-01 -8.5579635142e-02 -3.0368213762e-02 2.1563682655e-01 -2.7360258080e-01 -3.9106906325e-01 5.0127051712e-02 -3.5982828182e-01 2.9850182704e-02 5.3826776649e-02
-2.7924933290e-02 -1.3165731462e-02 -1.8592369031e-01 2.5612407326e-01 7.6064756854e-01 2.3652599687e-01 -1.0052609870e-01 4.3907621729e-01 -6.9533875770e-02 4.1209189734e-01 2.9034996124e-01 -3.5070579178e-01 3.2077925336e-01 -5.0248525150e-02 3.6624539630e-01 -3.1211348131e-01 1.4465651050e-01 -5.9622249363e-01 -1.7138592627e-02 2.8567011220e-01
-5.5507430790e-02 -2.7547644538e-01 -1.9296631711e-01 9.4168959639e-02 7.5633396572e-02 -1.3738019836e-01 1.4127452864e-01 -1.6964851296e-01 -4.0358857115e-03 -2.9763764864e-01 -1.9940596549e-01 -2.1995226158e-01 1.7926565218e-02 2.6472123366e-01 2.9311796136e-01 -6.3042944835e-02 -3.8340362496e-01 -1.3346724846e-01 1.9829016880e-01 -1.3050418530e-01
-1.8526320072e-01 -3.4461843246e-01 6.8894248539e-02 1.7836710347e-01 -2.5662367427e-01 -3.5615934681e-01 3.1445444591e-01 3.9192858285e-01 2.0364984300e-01 -1.3185042384e-02 4.0462081804e-01 2.8160659239e-01 1.8994425541e-01 1.9208155594e-01 8.1038902151e-02 2.5319797088e-02 -2.4648535443e-01 4.3993654996e-01 -5.1699472286e-03 2.0231435955e-01
-1.4897075657e-01 -1.2499360426e-02 1.7418403218e-01 -3.2532031162e-01 -1.8591846409e-01 8.8039183340e-02 -2.9563471967e-01 -3.2746143797e-01 3.2778071681e-02 -3.2139150615e-01 -3.5487306149e-01 -3.0082594543e-01 -2.4812277658e-01 7.5954587762e-02 2.0887949277e-01 4.9839966912e-02 1.7034433326e-01 1.9226560719e-02 -1.6190946994e-01 -2.4139072198e-01
9.9842730698e-02 -1.8282240268e-01 2.0212477936e-01 3.8011149364e-01 3.3102256301e-01 3.3141940133e-01 4.0093638753e-01 2.8319996753e-01 3.5517698499e-01 3.7909738595e-01 7.0426542469e-01 -7.0481363888e-02 1.5500920108e-01 -8.3038276061e-01 2.8122193178e-01 4.2471451623e-01 5.9642768560e-01 6.3606674308e-01 -3.6243474835e-01 -1.2645131078e-01
1.8977322676e-01 -1.1769983038e-01 -9.5959274367e-02 -1.0365816770e-01 -1.6336503516e-01 -2.1151062148e-01 -2.1033053985e-01 -2.9147039414e-01 -1.3335508241e-03 6.0629377619e-02 1.9998563010e-01 -3.0263885071e-01 -6.2010787478e-01 -1.2127526768e-01 -2.9515408350e-01 1.0953933699e-01 -2.0426806219e-02 3.5321404403e-01 2.3865411486e-01 -2.7090200547e-02
-1.5557979100e-01 2.5109176199e-01 -1.8307990573e-01 -1.6922295263e-01 2.6494384308e-01 -1.4013573547e-01 -9.1600432201e-02 -2.1956447707e-01 2.0053901151e-01 -1.0777314495e-01 -2.4268146410e-02 -1.9845541046e-01 -2.1965787614e-01 8.4194678130e-02 -7.1129777433e-03 -2.3861408160e-01 -4.0917558040e-04 3.8719220136e-01 2.7896259172e-01 9.7140955422e-02
-2.0933179311e-01 -1.4142907490e-02 4.7788973886e-01 -1.4238634321e-01 1.1226405053e-01 2.0583893088e-01 1.3332574403e-02 9.4860034357e-02 -2.6858950655e-01 2.7262925679e-01 5.6107262828e-02 6.6113490953e-02 2.0849669910e-01 -2.7292993664e-01 4.2518675789e-01 -6.8385774494e-02 -5.7804307736e-02 -2.6208810085e-02 -4.4041340547e-03 -2.0284222855e-01
3.3054060930e-01 -1.9938435874e-01 -2.5896353356e-01 -6.1583518907e-01 1.4479935388e-01 -7.2976704906e-03 -5.4592161431e-02 -2.3990715757e-02 9.4254117727e-02 -2.7502703708e-01 -2.4524896579e-01 -1.1656299556e-01 -3.0026190451e-02 1.6553400536e-01 1.0926253739e-01 1.1402764628e-01 -2.6145897276e-01 1.0919792932e-01 4.0692521087e-02 -2.1135761179e-01
-2.3960399665e-02 7.4975320881e-02 3.0131063961e-01 -1.2174952035e-01 -5.3913928321e-02 2.6062926771e-01 -1.6165616988e-02 -1.2752105929e-01 5.4004528062e-03 -3.6958249994e-01 -1.8057600885e-02 1.8736315658e-01 -1.2459166881e-01 -8.1826549185e-02 1.0617502242e-01 -1.0919122739e-02 -5.3278398121e-03 -5.9269167547e-03 4.1868208892e-01 2.0236864866e-01
1.1125036386e-01 9.8658913535e-02 1.5993345871e-02 -4.6602337457e-01 -4.1555977040e-01 -2.8587910484e-01 -1.7627244406e-01 1.5634333002e-02 1.8588162244e-01 1.3054954909e-01 3.5510897236e-01 -3.9642186633e-01 1.4811748290e-01 4.4011803476e-02 4.5624342948e-02 2.5469448417e-01 2.7817638501e-01 3.7175742005e-01 5.6495366244e-02 -1.6849630433e-01
-3.9781106235e-01 -8.2768232032e-02 2.7510223116e-01 2.7122657325e-01 -3.0037876155e-01 -1.1169235882e-01 3.9432029217e-04 2.3389401463e-02 -2.0959176044e-01 2.5309002738e-01 -5.6844736743e-02 2.0621554458e-01 1.2569666124e-01 -1.9588683342e-01 1.5890680633e-01 4.9547350947e-02 -1.3846063129e-01 4.2032135055e-03 2.6206771843e-02 5.1727295053e-02
-4.4207122394e-01 2.2249847415e-02 1.6504575983e-01 3.1247660773e-01 2.6847085455e-01 -3.9582764116e-01 6.3674640846e-02 -4.5332676902e-01 5.2036726067e-02 -2.6161641481e-02 6.4673229355e-01 2.9210375235e-01 9.4799907948e-02 -1.0777274765e-01 -3.7167318361e-01 6.0444753587e-01 -1.8762139983e-01 5.4699765520e-02 -1.0303330097e-01 9.8455668821e-02
-9.4002087545e-04 -4.0990755178e-02 3.2372528435e-01 -5.4836839948e-01 5.1839071940e-01 7.0836323733e-02 2.3520119064e-01 1.6650435536e-01 -2.4695753208e-01 -4.8218962492e-01 -1.8157972189e-01 -1.1149752783e-01 -9.0042904068e-02 -4.2874887764e-01 1.2410451858e-01 -2.0145912533e-01 8.3487853947e-02 2.2205262551e-01 2.8532189340e-01 1.7712092440e-01
3.2588268991e-01 2.0207499233e-01 2.1324429306e-01 5.6050775037e-02 4.1795251207e-01 1.0940092176e-01 7.4606980784e-02 -1.5783880309e-01 2.3084540486e-01 -6.8062422322e-02 5.3322416399e-02 2.5437436308e-01 -7.0852789325e-03 1.7562355837e-01 -1.6310337425e-01 1.3994530186e-01 -9.5186432024e-02 1.0704177591e-01 -3.7840183258e-01 6.2051982654e-02
