1.5209653506e-01 8.7802064375e-02 -6.7283313331e-02 1.3104194803e-01 2.6476813308e-01 1.9152783137e-01 5.8987994611e-03 -1.1280898439e-01 5.6995653306e-02 -4.8154808960e-02 -3.5676269584e-01 1.3000623646e-01 -1.1432673588e-01 8.1006781896e-02 7.4188137013e-02 -8.8314402042e-02 2.5876794826e-01 -3.5359490017e-02 8.7075093319e-02 -3.4902079409e-01
9.6825099646e-02 -5.2562657854e-01 4.2316350693e-02 1.6250063591e-01 -2.1445124638e-01 1.1874580012e-01 -1.5255598989e-01 -2.0017471162e-01 -3.1628751122e-01 2.6576964993e-01 -4.1829185058e-01 -3.8946153879e-01 1.1651228014e-02 -1.8624623524e-02 2.3904716486e-01 -1.8822704920e-02 1.7941449433e-01 -1.7358792699e-01 -5.9345528283e-02 9.9105157895e-02
-1.1371899241e-01 -2.6470198112e-01 2.2656948801e-02 2.7234218965e-01 -2.1166551063e-01 -2.3576025232e-01 1.8105370766e-01 1.3223997130e-01 1.0499414894e-01 -1.1943527876e-02 -3.7402453279e-01 1.3624784782e-01 2.7163970827e-01 -1.2833704984e-01 3.7448342668e-02 -7.6091197897e-02 -1.9262534045e-01 -1.6048371614e-01 2.3698883514e-01 3.0122099118e-01
1.8872743623e-02 -1.6392253965e-01 -2.4225745084e-01 -3.8413138979e-02 3.3890073945e-02 4.9720465425e-04 2.4756847304e-01 2.2620130931e-01 -3.2509796355e-01 -8.5628264471e-02 -2.3996939911e-02 1.1916603538e-01 -1.4888832259e-01 2.7922065257e-01 -1.9211811497e-01 2.5497064742e-01 -3.4424274013e-01 2.6019126766e-01 7.3493345465e-02 3.8165079088e-01
-2.8012328469e-01 3.6507726646e-01 -4.4764601302e-02 5.0993915011e-01 8.5683112357e-02 7.1979925063e-02 2.9035189560e-01 -1.7286821529e-01 1.6632098460e-01 1.9882651384e-01 -2.1623255514e-01 2.4986065143e-01 1.1498116787e-01 -3.5472299530e-01 3.0867087570e-02 -2.0961994158e-01 -4.1018573054e-02 -5.2726017525e-02 -6.6439730691e-03 8.7171760134e-03
7.1146639645e-01 3.1717716701e-01 -5.4320420226e-02 5.8655400426e-02 -2.0153677534e-01 1.3984815340e-01 1.2652668627e-01 -6.4374968988e-02 -4.1282490133e-01 -2.1140554332e-01 -8.9343916013e-02 -4.2747092123e-03 1.4917763273e-01 -1.6471208504e-01 -1.3019077057e-01 2.9596207778e-02 -3.6978602691e-01 1.1395341687e-01 1.2335645609e-01 -1.6423360647e-01
1.7700573399e-01 -3.1140964006e-01 1.0680452232e-01 -2.9452710009e-02 -5.8160508947e-02 -5.5227249039e-02 1.5102756567e-01 1.3503041500e-01 -2.0985825821e-01 -7.2668495437e-02 -2.5470643467e-01 4.9476034600e-02 1.0096426130e-01 -6.2862859804e-02 3.0142569034e-01 -2.2166480206e-01 -9.0470481489e-02 5.1579288064e-01 -1.3531093720e-02 -7.8036290729e-02
1.1727716796e-01 -3.9535710475e-01 -2.6488635936e-01 -1.9025747763e-01 6.1974020797e-02 -1.5182277815e-01 -8.6845196411e-02 8.1471254554e-02 -4.4101582881e-02 -1.2236921264e-01 1.6614171123e-01 -5.1141239660e-02 1.9061631024e-01 -1.1443458433e-01 7.2845192962e-02 2.6498016721e-01 1.0056623172e-01 -2.1365856590e-01 -4.7857102923e-01 6.6349267869e-02
-4.5255606827e-01 1.4794859335e-01 2.4333127727e-01 -2.6561902459e-01 1.8503066108e-01 6.8142396288e-02 -4.1936328240e-02 -6.0432425142e-02 2.6644088513e-01 -2.2296866025e-01 -2.3514431299e-01 -4.9044501914e-02 3.6758056626e-01 8.7014986955e-02 -4.1339777596e-01 -2.2036727423e-01 -4.5727786189e-02 -3.0425166864e-01 -7.1528933526e-02 6.9269803399e-02
-1.9520207954e-01 1.1628467922e-01 9.9493488421e-02 2.0699250084e-01 -1.3979193067e-01 1.2513430468e-03 1.3190458105e-01 7.7392621182e-02 -1.1872128836e-01 -1.5115361294e-01 2.4175263400e-01 1.0097340825e-01 6.7841450004e-01 -7.3814156213e-03 1.1499863255e-01 2.9708027266e-01 3.2108979478e-01 -1.8869950287e-01 -1.6493108041e-01 -2.5143610929e-01
3.5885682875e-01 -5.4175517055e-02 5.2263811033e-01 -2.4319293747e-01 -2.2553005298e-01 2.1798138193e-03 -2.9570670945e-01 -1.2475855534e-01 -1.2396735455e-01 -5.7773726118e-01 -5.2686919241e-01 -3.3832358668e-01 4.0887408867e-01 1.3895438412e-01 -2.8652911847e-02 -5.4950035678e-03 -4.4721455580e-01 -7.2418579444e-02 -3.0359365316e-01 1.7195866111e-01
4.9522217077e-04 -1.1330848998e-01 1.6285346523e-01 6.2182939147e-02 2.1399592996e-01 2.2238214405e-01 -4.6041306701e-02 6.5057346088e-02 -1.0514401357e-01 1.7692357908e-01 -7.2894108878e-02 2.3376580474e-01 -1.2564605925e-01 -2.9389201122e-02 -3.7729457089e-01 7.4094092909e-02 -2.8276389603e-01 -5.2298774565e-02 3.1469412338e-01 -2.1515996604e-01
-2.7213771007e-02 -8.0973082163e-02 -1.1933085275e-01 1.1344033932e-01 -3.2498474841e-01 1.5365548251e-01 -2.5240020438e-02 -1.1297424641e-02 1.8157755454e-01 -1.7625636243e-01 -6.9865016893e-02 1.1814213881e-01 -5.2723282960e-02 -2.1863183830e-01 -1.6381882336e-01 8.0871944179e-02 1.2034319919e-02 -6.0195215332e-02 -8.7334827794e-02 3.8437796343e-02
-2.0595227886e-01 -8.6024953597e-02 6.6156916360e-02 -8.6011242325e-02 -5.3607127283e-01 3.3978097537e-01 1.0877605554e-01 8.4313543961e-02 2.6983796493e-02 -4.7997520074e-01 -9.4575708675e-02 -3.6679436297e-01 2.7371944427e-01 3.8660681440e-02 2.6550795157e-01 1.8091255259e-01 7.0566888603e-02 -3.5491203343e-01 8.9786017630e-03 -2.4756484404e-01
-1.9511031999e-01 -6.4312484118e-03 -3.8170858811e-02 -5.6782989395e-01 1.9239983464e-01 -1.2697450760e-01 -2.4269173741e-01 2.3417426894e-02 -1.8183728226e-01 -9.0061565480e-02 -1.4087946793e-02 1.8388622547e-01 -8.7977324733e-02 -5.2564920631e-01 2.3934686467e-01 3.3178298051e-01 -7.9547037050e-02 -3.9584469039e-02 2.8764106823e-01 -4.7944974249e-02
2.8660115062e-01 1.9254640845e-01 1.8092886906e-03 2.6277576458e-01 -3.1946594830e-01 -7.1031316876e-02 -3.2756557942e-01 3.1606392531e-02 7.4288889540e-02 -5.5185897394e-01 -2.1903701292e-01 -2.2501004775e-01 3.8927583132e-02 1.4367086730e-01 -1.2868172194e-01 -1.1488819454e-01 -1.6030300072e-01 1.7822011690e-01 -5.1113734153e-02 -2.4009753506e-02
-6.3554039949e-01 -2.2794046069e-01 2.2515841068e-01 2.2935596724e-01 -2.0170289009e-01 -3.8828357725e-01 2.0925387918e-01 -7.7911114247e-02 -2.6318396661e-02 -2.8042712623e-02 -2.1796671239e-01 -3.8889695004e-01 -4.4901134175e-01 2.4239683372e-01 2.6031521545e-01 -4.8162827453e-03 -4.1280161650e-01 2.4864191364e-01 -2.6667625041e-01 3.7854788847e-01
2.8946563397e-01 -2.6046969212e-01 4.3651764213e-02 1.2982566978e-02 -1.8821082006e-01 -3.3661757388e-01 2.7099991263e-01 -3.2408792683e-01 2.4053668216e-01 -2.7461536385e-01 -6.8196005299e-01 -6.1427688689e-02 2.5454074412e-01 1.0008345222e-01 2.1469682001e-01 5.5264699027e-02 -6.5439584637e-01 -4.5295083608e-02 -7.9344611938e-02 2.6350146261e-01
8.8009258709e-02 3.3430756554e-02 1.1140848673e-01 -1.7656919618e-01 1.2177746634e-01 -1.5130896679e-01 -1.0757089372e-01 -2.2151270127e-01 -4.6943193022e-02 2.5266932444e-01 -1.3933891903e-02 -7.5349058629e-02 -5.2471274908e-01 -1.4078231299e-01 -5.6504776488e-02 1.1070902794e-01 -1.6304883241e-01 4.7838371091e-02 -6.8519043405e-03 -3.0750704074e-01
4.3277637174e-02 -5.3656044478e-02 -4.6065038790e-02 -8.7755732008e-03 -2.6141847364e-01 1.6321683844e-01 2.5583242998e-01 1.3761123352e-01 -1.3082854358e-01 -1.1025824929e-01 -2.5602845724e-01 3.1060847700e-01 -1.1394408486e-01 -3.7248343460e-01 9.0901386294e-02 -5.4030233157e-02 -1.7180456624e-01 3.0580064649e-01 -5.7257616141e-01 -6.3108377941e-02
