-6.7798730020e-02 -4.3395271361e-01 -1.5304854791e-01 1.3838997190e-01 -5.5357000923e-02 7.1790903403e-02 1.0459895310e-01 3.4396325814e-01 1.3577341141e-02 4.0974589730e-01 1.5798983587e-01 -4.1899951870e-02 -3.6356236306e-01 2.0066231139e-01 -2.9059159502e-02 1.3165801557e-01 5.3746193789e-02 4.2189646246e-01 -2.0614545916e-02 -3.5083788458e-01
1.0360113175e-01 -2.8287195589e-01 7.3432763451e-02 -4.0693577174e-01 1.8859042747e-01 -3.9451775051e-02 -1.0084631958e-01 -9.4987822202e-02 5.6745414258e-02 -3.3403012008e-01 1.4922164977e-01 -2.0968321997e-01 2.3249142925e-01 -2.3436929172e-01 1.6159846525e-01 -8.5142047554e-02 9.1361698339e-02 -2.9438149392e-01 -2.7529713562e-01 8.4533601331e-02
-6.7795676993e-02 -2.3045201428e-01 -1.8590951854e-02 -1.0714336849e-01 1.0609542497e-01 3.3108260676e-01 1.4577077725e-01 1.0568024169e-01 -2.4575022219e-02 -3.2728308320e-01 5.1261424014e-03 -3.7395631864e-01 3.3695684310e-02 -1.0999009801e-01 1.7677768379e-01 -1.1497417253e-01 -1.6993892334e-01 1.5050937294e-01 3.3289507481e-01 -2.2796475315e-01
-3.3548700884e-01 -1.6952415374e-01 -1.5867974233e-01 -9.8273614934e-02 -5.9122525113e-02 -3.3680009855e-02 -3.6699806526e-01 -1.4397706244e-01 -2.8284583378e-02 -3.8693960852e-02 4.2513075137e-02 -2.5730520751e-01 3.7810514286e-02 -1.6717892385e-01 -9.4911592791e-02 3.2527027898e-02 1.5359127151e-01 -3.4796982236e-01 3.0070912142e-02 -2.9304930765e-01
-2.6439909327e-01 3.1903983265e-01 1.9047214475e-01 1.2200187039e-01 -1.4941903705e-02 -7.5486001896e-02 2.1079662210e-02 -1.9708792224e-01 1.9864936940e-01 1.5862952734e-01 -2.0428582775e-01 -1.7864292473e-01 1.9091232259e-01 4.0063783614e-02 1.8888462728e-01 3.3895178512e-01 -2.7106828761e-01 5.7281318522e-01 1.3631656304e-01 1.1714298911e-02
1.0193926121e-01 -3.8224369630e-02 -4.7427369758e-02 7.9107172283e-03 -1.7471979334e-01 7.8844456597e-02 -2.7502623318e-01 2.5298865671e-01 -1.2216708746e-01 1.4706342767e-01 5.8323539559e-01 1.9557675143e-01 -4.8356837072e-02 -1.9059516543e-01 -4.9469175352e-01 -2.4467977390e-01 -2.9392458565e-01 -2.5273042297e-02 1.4470262147e-01 1.2200008214e-01
-2.6890089666e-01 1.8145842502e-01 1.4063597037e-02 2.0380024066e-01 4.1829642722e-01 7.1898184303e-02 -1.0078859436e-01 -1.5671515793e-01 8.7024806283e-03 4.0561882067e-01 4.2349250188e-02 -2.8788987325e-01 -9.2697515098e-02 -2.7081686914e-03 3.0052066659e-01 2.7574390724e-02 -2.3367875638e-01 -1.2658240101e-01 2.9217657282e-01 2.1145222934e-01
4.1437114532e-02 8.0780896554e-02 2.3840909383e-01 -3.9580365474e-02 -2.5135476112e-02 -3.1744819741e-01 4.6926211009e-02 -1.1748369379e-01 1.1921317465e-02 3.4322673601e-01 8.2780455436e-03 -3.3120414318e-01 1.2112901076e-01 1.2519490719e-01 -7.1110347198e-03 -4.3572303679e-01 4.0894534189e-01 4.0697932613e-01 7.2540672048e-02 1.7297376317e-02
-8.4042391595e-02 1.0010265032e-01 6.7735456899e-01 2.4137969256e-01 -1.6896634640e-01 3.1605427449e-01 -5.4172396004e-01 1.1919239392e-01 1.3004371676e-01 2.0431549003e-01 -3.7636618308e-01 1.5424572846e-01 3.3248299593e-01 -1.4019631357e-01 -8.3497337095e-02 4.8013905813e-01 1.9397031607e-01 2.7197130825e-01 -2.0352595925e-01 2.2676095659e-01
-1.1038668528e-01 2.0722341187e-01 7.9324487305e-02 -6.6809420048e-02 3.5097210198e-01 -2.3301756232e-01 -4.0393875263e-01 -3.6461629703e-01 1.5888949860e-01 2.1701234909e-01 -2.2242584546e-01 5.0597462058e-02 -1.0337308197e-01 -4.5390418757e-02 3.7466544823e-01 9.4038112442e-02 -6.1095517727e-02 2.1220641859e-01 -5.8932821483e-01 2.4190926123e-01
1.5512369644e-01 -2.7662167993e-01 1.4723554060e-01 3.0505829699e-01 -2.9166902260e-01 -4.5433624268e-01 4.2099155305e-01 -5.0626886151e-01 -2.8133834827e-01 -1.3825353814e-01 1.6345907787e-03 -6.9477027119e-02 7.0437347342e-02 -8.1851423508e-03 6.8147775298e-02 -1.7731146411e-01 -1.7628237239e-01 8.9710493246e-02 -1.7168661786e-01 3.4745099863e-01
3.0717412686e-02 -1.9821636831e-01 -2.3687824133e-01 -1.4086642505e-01 1.2432565043e-01 -1.5452888321e-01 2.1257666459e-01 1.4626698587e-01 -3.2485433453e-01 -3.5092178177e-01 -5.8648067416e-02 1.9167981511e-01 1.1443426324e-01 -6.5395131100e-02 -4.6743911332e-01 2.0012293701e-02 1.8279943386e-01 -2.1145509143e-01 -8.8396603244e-03 3.1600398117e-01
-2.6766963709e-01 -3.9827125978e-01 2.1655270384e-01 -2.8748937486e-01 -3.1359155472e-01 1.2658549636e-01 -4.7822930340e-02 -6.1469890646e-01 4.9522508463e-01 5.0367719504e-02 -2.1701916271e-02 9.4917319987e-02 -4.3588237370e-01 -2.7925712456e-01 -1.6882016435e-01 -1.9829167902e-01 2.5734696158e-01 -1.4181313743e-01 3.0935806145e-01 7.2317032506e-02
1.5065969879e-01 2.9397692493e-01 -1.3920443824e-01 1.4373593687e-01 2.8774566034e-01 2.3631793774e-02 1.7110967867e-02 4.4700478865e-02 5.6405956122e-02 -9.6952899795e-02 2.0663349337e-01 -1.7546909612e-01 -2.8136464825e-01 -1.5791094293e-01 6.3995300315e-02 1.5146734581e-01 3.2835533206e-02 7.9123008472e-02 5.2410508968e-02 2.0436143888e-01
3.9909236601e-02 -4.4038003476e-01 1.9080034860e-01 -1.2745713078e-01 -2.4774865398e-01 -1.1841717601e-01 1.0799992000e-01 4.9112412696e-02 -2.9084335914e-01 -2.0986398312e-01 -5.9833107153e-02 -1.3798790228e-01 -5.8159807094e-03 4.2965726500e-02 -9.1734570778e-02 3.0428717880e-01 5.8252577990e-03 -2.8662409670e-01 2.8608575047e-01 -1.8369421112e-01
1.4242054557e-01 -1.6669685732e-01 4.7351905230e-01 1.6773348133e-01 1.1130572487e-01 2.6288327450e-01 4.2293148849e-02 -1.2589719511e-01 1.1545193745e-01 3.0096805917e-01 2.9111714577e-01 1.0489516442e-01 -1.8419776471e-01 4.3268513805e-01 2.4200171836e-02 2.2229656237e-01 5.8688963063e-01 -1.7329690600e-02 9.3036566906e-02 6.9644444524e-02
-3.2131167324e-01 2.7082561483e-01 5.1346498686e-03 1.8190020385e-01 1.6871736036e-01 2.5096992556e-01 6.6771748278e-02 -5.7977436353e-01 -6.8010529574e-01 -1.8612686822e-01 3.4843408302e-01 1.1051462428e-01 2.1590110342e-01 -1.2088181132e-01 3.9507427966e-02 5.2922645437e-02 1.9069463779e-01 5.8798974335e-03 -2.6414025147e-01 1.9564769178e-01
1.5075449554e-01 1.6525640475e-01 4.1658973150e-03 1.4083696062e-01 1.5666724422e-01 -1.3973220647e-01 -1.3501757136e-01 -2.5117026285e-02 8.4088509466e-03 -3.1048722217e-01 2.8557071196e-01 4.7851093124e-01 -1.1937679611e-01 2.0942163543e-01 -2.7323777073e-01 -1.6503821735e-02 -1.4133867632e-01 -1.1644536273e-01 8.5944972763e-03 -1.6182200309e-01
2.4760972320e-01 -9.6484210061e-02 1.5412481653e-01 6.0900278289e-02 2.0216461255e-01 -2.2931972805e-02 -1.4472051504e-01 7.1801376139e-03 4.2430454880e-03 -9.2907565814e-02 3.6192615952e-01 2.6357158946e-01 -5.2327008370e-01 1.9634722928e-01 1.0479563313e-01 5.4473871121e-02 7.9001394450e-02 -4.0734324760e-01 -5.7204021075e-02 -1.7246343682e-01
6.2329399559e-02 1.6727990873e-01 1.3054675279e-02 -2.9625834212e-02 2.6087014647e-01 2.8194022680e-02 -1.4933587309e-01 -1.1572268995e-01 -2.4773314777e-01 -1.2020568861e-01 -3.0638559686e-01 -1.0208485313e-01 2.4913819835e-01 9.4005764814e-02 -5.8673703017e-01 8.9198945677e-02 -4.1540253183e-01 1.7011068857e-01 1.7852905675e-02 3.9279831563e-01
