1.0484545946e-01 4.0792677595e-02 6.7937620343e-02 1.0656280870e-01 5.5266756763e-01 -1.8918212857e-01 -3.6199598496e-01 9.0082710634e-02 1.4832292482e-01 1.6899567239e-01 7.6340726071e-04 -2.6386559540e-02 7.1792693580e-02 2.4316377859e-01 -8.9935619252e-02 -2.2232683708e-01 1.0911657468e-02 -2.9978466467e-01 -2.4097371569e-01 -1.6413332305e-01
-3.3405611276e-01 -5.4279531833e-01 -1.8710530675e-01 -2.2911684378e-01 1.2414791319e-01 1.7018151723e-01 -1.1312116245e-01 7.1343022115e-02 -1.6716589928e-01 -3.1796006518e-01 2.3193876398e-02 1.0897259814e-01 2.5327515847e-01 1.4375985529e-02 -1.5443966116e-01 1.5619130241e-01 -4.1624040060e-01 -6.2426661854e-02 2.1397183216e-01 5.5872475294e-03
-2.9492461408e-02 3.0337731999e-01 -1.5537820219e-02 -2.5903805453e-01 -2.3294117813e-02 -9.1473771832e-02 1.7769048902e-01 1.3763846982e-01 -1.4941362014e-01 -4.9672733608e-01 -1.0551718961e-01 -2.7400279871e-02 -1.6849073622e-02 -2.7340783201e-01 2.4005008436e-01 -3.4324226293e-01 -4.7927722315e-04 -3.0840996617e-02 1.6415616122e-01 3.7364325681e-01
-2.6183933263e-01 4.1653497935e-02 1.1478947913e-01 -4.5171603518e-01 8.4448852444e-02 3.4905967797e-01 -1.1545391635e-01 1.6585325851e-01 1.2159976090e-01 1.9032999983e-01 3.0523321472e-01 -7.2602369471e-03 1.4616626318e-01 1.6997567226e-01 -2.9995586762e-01 -1.8055360320e-01 -1.5032330971e-01 -9.8582823142e-03 -2.9707086269e-02 1.5504061968e-01
3.1241382041e-02 1.0035002532e-01 3.9322847130e-01 7.8194819839e-02 -2.4688745987e-01 3.0805869209e-01 9.1390356274e-02 -9.1018478735e-02 -2.8288793429e-02 8.9126430731e-02 1.6993771702e-01 -1.4911534218e-01 -1.3836201626e-01 -1.2426916976e-01 3.2375080219e-02 -4.1589950153e-01 7.6669181746e-02 -3.0552804221e-01 -3.2012994126e-01 3.6294333336e-01
4.7733226330e-01 -2.9973612121e-01 1.4636195280e-01 2.2127966169e-01 -4.1365339471e-01 -2.3061914412e-01 5.6468980815e-02 1.1546352367e-02 4.0831010660e-01 5.3839568255e-01 -2.5731677321e-01 -2.5195272818e-01 1.7595906946e-01 1.2481363708e-01 1.7158989758e-01 -1.3668163358e-01 4.2021470878e-02 1.9321110648e-01 -2.9529247514e-03 -8.5157039742e-02
-1.3805539767e-01 -1.1051395696e-02 6.6356282517e-02 -2.1753318369e-02 2.1425998427e-01 -4.4268281887e-02 -2.1269412882e-02 4.6580793298e-01 -4.3254976749e-02 1.6892969060e-01 -9.4283447200e-03 -5.8178092738e-02 -5.8210352663e-02 4.6847382079e-01 4.7292912885e-02 3.0341909386e-01 -2.6450971659e-01 2.1622219962e-01 1.9396603067e-01 -1.0293489100e-01
1.5351582925e-01 3.0016332955e-01 3.0925236527e-01 -1.9262484444e-01 -3.3055381471e-01 4.6578913329e-02 1.3521226412e-01 1.4928917590e-01 -2.2179468735e-02 7.4686175850e-02 5.5804400055e-02 -1.5910000465e-01 -2.3902674292e-01 -1.7758475504e-01 -2.6118293870e-01 -4.3805595569e-01 -2.2582701790e-02 -3.0175710920e-01 4.6914896597e-01 -2.2081282565e-01
4.6693659205e-01 3.3542030271e-02 -2.2109221715e-01 -9.1133099597e-02 5.7157044626e-02 4.8410989093e-02 7.1823560209e-03 -6.8653754820e-01 -2.1528944543e-01 -4.5639305655e-01 8.6265890806e-02 -5.1509883981e-01 1.8492951335e-01 -1.0351371014e-01 2.2284426414e-01 -2.8280890080e-01 1.5246162830e-01 -1.6709122958e-02 8.0004894290e-02 -2.5031161680e-01
1.9182805593e-01 1.1227872655e-01 -6.9898153188e-01 -2.1688662087e-01 4.2296960857e-02 2.1350912900e-01 -1.3537930484e-01 -1.5409006654e-01 -4.8107569150e-02 1.6177018568e-01 1.6252361950e-01 -4.4091317674e-01 -3.1540160611e-01 2.0215091082e-01 6.0277171109e-03 -5.7601954819e-02 1.3867205383e-02 2.6117932830e-01 -3.0892170871e-01 3.6022216294e-01
4.5500021279e-01 -1.8200825448e-01 -4.5619295917e-01 1.7211572406e-01 -3.9507792606e-01 -1.4219201476e-01 2.6839103052e-01 -2.0251727411e-01 2.3551325934e-02 2.0085868431e-01 4.1991556461e-01 1.0984926377e-01 6.1255175971e-02 -4.3358000423e-01 3.7864979750e-01 3.1932843997e-01 3.0388556386e-01 3.2203100923e-01 1.1010139027e-01 -2.7287274851e-01
-1.0343235568e-01 -1.4800397314e-01 -2.7006096131e-01 -5.6373031821e-03 -2.8985555791e-01 -4.0017485184e-01 -8.1900689598e-02 -4.7578925424e-01 -3.9012316263e-01 2.3736330958e-01 2.5935831160e-02 -3.7771878549e-01 -1.0264648223e-01 5.7104472063e-02 1.4905511715e-01 1.6864708912e-01 -2.1120127706e-01 4.7242747776e-01 2.7691074629e-01 1.8320456859e-01
-4.8084103785e-01 4.9313885048e-01 6.5076135999e-01 -2.4765141849e-02 2.2350860380e-01 -1.7669216007e-02 9.4103875962e-04 6.2768708322e-01 1.8858291492e-01 2.4297983285e-01 3.8965007269e-01 4.0427446039e-01 -3.6241354589e-01 3.4639247554e-02 1.4899869952e-01 -4.2140919069e-01 -3.3930647763e-02 5.9994835885e-02 1.2283090128e-01 6.6857923235e-01
1.0374984021e-01 -7.5206884127e-02 3.3514286419e-01 8.8583108612e-02 1.4659139930e-01 1.1573947097e-01 1.3966957426e-01 -1.5399365970e-01 3.8948348641e-01 -5.5659343712e-02 -4.3580546201e-02 -3.6433105407e-02 -1.1651496989e-01 2.9010167567e-01 1.9080347845e-01 1.8951714669e-01 1.1963416817e-01 -1.5242565875e-01 -4.9377479978e-01 1.2855871030e-01
1.1809252182e-01 -4.8794251683e-02 1.6849649780e-01 -3.1164633012e-01 -5.1567476520e-01 -4.4167656818e-02 3.3439484804e-01 1.7615327475e-01 7.1539965218e-02 8.1578434441e-02 1.0836332102e-01 1.8389672770e-01 -1.9970526662e-01 9.5143905820e-02 -2.4977653323e-01 -4.2310317861e-01 1.1993168498e-01 -4.7114728423e-02 -1.9802950064e-01 2.6444726979e-01
4.4480571435e-01 -2.5510565596e-01 3.6589939627e-01 2.0031248270e-02 -1.0302352211e-01 -1.4237457108e-01 1.2317244889e-01 -1.7032860396e-01 6.1508004063e-01 -2.9322581876e-01 -2.4514222181e-01 2.9843769254e-01 -8.0201728981e-02 3.9413524334e-01 -1.7592388691e-01 -2.4502392658e-01 -3.6607768903e-01 -1.9096464137e-01 -2.3401014441e-01 -7.9135636414e-02
1.9162645231e-01 -2.5153762865e-01 -3.4632810015e-01 1.9129507967e-01 -1.6557122943e-02 -2.3754280582e-01 -1.6061242739e-01 2.9276566855e-01 5.3657887364e-01 1.3760129793e-01 -1.7843546148e-01 -1.4679424999e-01 -3.1119692428e-01 2.3041178224e-02 -1.4168357572e-01 -5.1569055436e-01 -8.1048677563e-02 -7.8915022613e-02 2.0260177746e-02 3.8288194344e-01
1.0253344856e-01 -1.6824607155e-01 3.3467684060e-01 -2.2098115092e-01 -6.0121309152e-02 -2.4764028583e-01 4.1554042281e-01 2.9352701337e-01 9.0807106935e-02 2.5211939787e-02 1.2919651581e-01 1.3209972758e-02 7.3674625513e-02 8.0108731500e-02 6.2929155389e-01 -9.0560244410e-02 -2.6058340062e-01 -2.7241585039e-01 -5.2437878857e-02 4.2076157033e-01
-1.7814924235e-01 -3.9472984548e-01 1.2742844367e-02 1.7829775885e-01 -2.0108351809e-01 2.4191408284e-01 -2.2577231860e-01 -1.7431159096e-01 -2.6587435924e-01 -2.9895697740e-01 -1.4520771158e-01 -2.8680639892e-01 -1.7187442091e-01 -5.5955515020e-02 1.2752604991e-01 3.9362403846e-01 -2.8751245833e-01 1.4868528826e-01 -1.7566529762e-01 1.9777405232e-02
-9.6250560944e-02 4.2091781625e-02 1.6545859889e-01 6.0327531573e-01 2.2762106385e-01 1.1024978766e-01 -4.1784976917e-02 6.7137371489e-02 1.6112283170e-01 2.6526122424e-01 -1.1407006647e-01 -4.2099138382e-02 -2.8017972781e-01 1.3802387079e-01 -2.0767140491e-01 -1.0449205303e-02 2.1746214801e-01 -6.7340074817e-01 2.2236199611e-01 -4.7729330412e-02
