3.1525286999e-01 2.1707596263e-01 6.1249064287e-02 1.7435384573e-01 1.6018667320e-01 2.6172162491e-01 -1.6345620223e-01 -4.0543211561e-01 -2.3698133664e-01 1.1600012705e-01 -9.3980810280e-03 1.4963565543e-01 1.3141363951e-01 -7.9998023605e-02 -5.5936759619e-02 -1.6181411449e-01 8.1634902178e-01 2.0582792478e-01 1.2123344704e-01 1.1646138851e-01
-2.1939767847e-01 2.5233038818e-01 -1.0725772499e-01 1.1915375684e-01 -2.9326798127e-01 -1.4483910226e-01 -1.9166929010e-01 -4.3647362321e-02 -2.4091683056e-01 6.4192231648e-01 1.2863314528e-02 1.8695200842e-01 -1.9602442474e-01 1.7703277371e-01 3.4312304182e-02 -1.6785451769e-01 -7.4544668400e-02 -4.6818870035e-01 2.5999805446e-01 -2.2080810109e-01
-2.7108782431e-01 -2.3229828176e-01 3.8190616212e-01 -1.5925279410e-01 -5.8989935392e-02 1.1843904538e-01 -6.9621776972e-02 -6.2899967893e-02 -7.0635551753e-02 -1.3677014012e-02 -2.6533749881e-01 -2.1528905823e-01 -3.4958088212e-01 -1.6502323417e-03 -1.3125375716e-01 -8.8328954368e-02 -3.4136161062e-01 -4.0671422552e-02 -5.8256105228e-01 2.4006621624e-01
-3.1648049159e-01 1.2058493252e-01 2.4015361297e-01 2.7404394985e-01 -3.9918109541e-01 8.2992896613e-02 -3.2473990462e-02 1.5750655947e-02 -1.3377125241e-01 6.4753446055e-02 -8.9349948678e-02 2.6721206373e-02 -2.0221843246e-01 -3.4769883275e-02 4.4757825737e-01 -1.4101260293e-01 2.1153661793e-01 1.1079651317e-01 -2.1473022551e-01 7.5485397463e-02
7.2910942848e-02 1.7490540983e-01 -5.7432504130e-02 1.2461303182e-01 4.3442397546e-02 -4.7852833178e-01 -8.9545757017e-02 -1.5943780589e-01 2.9726928912e-01 -2.0946458032e-02 -2.9345747175e-02 2.8515245184e-01 -8.1565803921e-02 -1.1666680775e-01 6.0977293552e-02 3.4321312284e-01 -2.6279810488e-01 -1.7690442305e-01 1.4118684029e-01 1.9190169749e-02
4.6016993436e-02 4.6418879643e-02 -5.9099811734e-01 -2.4602690852e-01 5.9970868138e-02 -3.2801966861e-04 -2.7995255445e-01 -5.4914357755e-01 1.3996347816e-02 -1.5510305671e-01 3.3417144512e-03 2.3866424952e-01 -4.0701611900e-01 2.1443302324e-01 -2.8331881016e-02 -2.0328061627e-02 -1.9319667907e-01 6.2282288202e-02 4.3056267099e-01 1.2062242247e-01
3.0653863859e-01 -6.2850342375e-01 2.4503857418e-01 -5.0544434050e-01 -2.1412272114e-01 1.1340614500e-01 -2.2551997948e-01 2.8686902725e-01 -1.3940627243e-01 -4.9828758149e-01 1.2060715182e-01 2.0838757549e-02 3.3013007616e-02 2.3692415592e-01 -2.2404940583e-01 1.8577845260e-01 7.8239492470e-02 -3.4344752340e-01 -7.0026654375e-01 -1.0480628574e-02
1.8997061170e-01 -3.1128084020e-01 3.0703218436e-02 2.2651770525e-01 -7.6893521405e-02 3.3678401156e-01 -1.5597737575e-01 -8.5782719459e-03 -1.3855900965e-01 -7.5850685787e-02 -1.0695710514e-01 -1.3798913273e-01 2.7976317102e-01 -2.1865350159e-01 1.7802325069e-01 2.5099225504e-01 -8.9221597088e-03 9.0350861000e-02 -2.6224602621e-02 -2.7048446134e-01
-2.5982449478e-01 -1.8132050595e-01 -1.7141609182e-01 -1.1006762327e-01 6.6506783022e-02 -1.5723844884e-01 -2.3919577028e-01 -1.2313219760e-01 1.9313576931e-01 -3.1663635395e-01 2.9126307016e-01 1.3063980368e-01 1.5447495842e-01 7.8300711987e-03 5.1356442769e-01 1.8401955230e-01 7.1113557541e-02 6.1630626676e-02 8.4158549509e-02 -3.3088644785e-01
9.0501186427e-02 6.5618729046e-03 1.3307690418e-01 2.4378421245e-01 -2.2604207583e-01 4.3731360421e-01 1.3587772624e-02 5.2929706499e-02 -1.1926031094e-01 1.5021116437e-01 -2.3907209936e-01 -2.5343977286e-01 1.1223929703e-01 -2.0215174495e-01 3.8651865893e-01 -9.9697411534e-02 -5.2393084299e-01 4.2398152099e-01 2.8070248293e-01 -1.8759757099e-01
1.4342683000e-02 1.6702221454e-02 -4.0031351632e-01 -1.4356890149e-01 -2.3694281109e-01 -6.3501228732e-02 -2.2550348784e-01 -2.8384299136e-01 1.0364140048e-01 2.1855648958e-02 -4.4828032100e-02 1.0067825937e-01 2.3345089627e-01 1.7081246499e-02 4.8808606361e-02 -2.1902191694e-01 7.1325785376e-02 8.2348226424e-02 2.3719472461e-02 1.7079856880e-01
2.8746149335e-01 3.6757173344e-02 3.7728912244e-01 -8.8804047135e-03 -1.7303599442e-01 6.0781936858e-02 2.4381235572e-02 2.9103829073e-02 4.9678418732e-02 7.2815644956e-02 1.7659346368e-01 -1.2226926851e-01 1.1227952170e-01 6.1688370381e-02 -1.0681585198e-01 -1.5277476268e-01 2.8685595684e-03 2.9699629748e-01 2.2575384966e-01 4.1897169572e-01
-1.6758023800e-01 -1.2125976454e-01 2.7776672160e-01 -4.6111032399e-02 7.4812810724e-03 -1.8207828832e-01 2.2989432205e-01 5.2675175256e-03 -3.4639273310e-01 3.9666014640e-01 4.2018462786e-02 8.0613605012e-02 1.8980781561e-01 3.3189108165e-01 2.2567342701e-01 -5.1841367790e-02 -1.6608882876e-01 6.7187372219e-02 2.4680377076e-01 2.8395969969e-01
3.0903090496e-01 6.4807156668e-02 -4.0829252381e-01 1.4816635843e-01 1.1504479832e-01 1.2308324401e-01 -6.7166739092e-02 3.7631182365e-01 -1.0567513990e-01 -2.8087690445e-01 3.7745471130e-01 1.3260303924e-02 -1.1551902508e-01 2.7945290768e-01 2.5587897205e-01 -2.7721616881e-01 1.9032203679e-01 -1.1061259572e-01 -6.5128853889e-03 4.0007666034e-01
5.3257235924e-02 1.7235946111e-02 -2.7589527982e-01 -3.4838193358e-01 -1.9691987967e-01 5.3038597583e-01 1.8823339769e-01 -2.4115521586e-01 3.7091082691e-01 2.5729073098e-01 -3.6364686346e-02 3.9607355078e-01 -3.4357101314e-01 -5.6770196928e-02 -8.0260395553e-02 -2.4532680889e-01 -4.5792701266e-01 1.4289140523e-01 4.0009233163e-01 5.5296594227e-02
-1.1259702663e-01 2.0320405001e-01 -8.3102654889e-02 -3.7547473067e-01 4.1454638737e-01 2.9783148918e-01 3.6005976113e-01 -2.6000091622e-01 -1.1117904589e-01 3.9280906823e-02 -2.2367091496e-01 1.5806301965e-01 -1.7496728360e-01 2.9231578554e-01 -1.6773066274e-01 2.1628797471e-01 -3.2159916983e-01 2.7233204959e-02 -1.9471021722e-01 -1.4262869507e-01
1.6040975987e-01 1.6454055407e-01 -9.6627172826e-04 1.1181374942e-01 1.4776016908e-02 1.0349803931e-01 5.9033740889e-01 -2.0983428734e-01 -2.3608614541e-01 -3.2422524646e-01 1.5464412489e-01 4.2373141917e-01 -1.8126262943e-01 -3.3564396582e-02 -8.4079169544e-02 7.9809560922e-02 6.4081471983e-04 2.2104912270e-01 2.4568262444e-01 -7.6039221473e-02
2.5273458598e-01 -3.8081465804e-01 -3.1388879506e-01 -1.8861780418e-01 1.1325974629e-02 -2.1733336688e-01 1.6275206751e-01 -1.9593313060e-01 2.8131868482e-01 7.3453621581e-02 -2.8108532180e-01 -1.8566344997e-01 -1.3137681357e-01 -1.1829741108e-01 4.6589359765e-01 6.3046397161e-01 -2.5768746164e-02 1.4837221862e-01 1.3931727673e-01 2.9265478908e-02
-4.1319554268e-01 4.8989741642e-02 6.4653999471e-03 -6.0901568008e-01 -1.7865006575e-02 -2.7808769485e-02 -7.7430281405e-02 1.4263864066e-01 -9.3798848716e-02 1.8714855142e-01 2.5306663175e-01 2.2290875036e-01 -9.3071679422e-02 -1.5923913217e-02 2.4262238580e-01 -3.9624636664e-01 -1.7922577463e-01 -1.6482925748e-01 1.9347470314e-01 6.8642063071e-02
-2.7159960564e-01 -1.3171565636e-01 3.3873123824e-01 -1.5089144443e-01 -2.8532808394e-01 -1.2700800343e-01 1.7049327923e-01 -2.5552218367e-01 -2.7364871176e-01 -1.6521598776e-01 -2.4908888981e-02 7.3711920854e-03 1.9697045815e-01 4.6863657469e-02 -1.8249206540e-01 1.2993052693e-01 6.0720776635e-02 6.9085295675e-02 -1.7014868063e-01 2.9297605900e-01
