4.9136926157e-01 -3.9307664790e-02 -4.5536821565e-01 -5.0066016203e-02 3.8795636069e-01 5.2991516228e-02 -1.2071056044e-01 6.4777766566e-02 9.0002819695e-02 -2.8809170419e-01 -6.9502699399e-02 -2.4182292248e-01 1.0923749759e-01 1.4149233777e-01 -3.4940086975e-01 -5.6496942388e-02 -1.5964259924e-01 2.3528673272e-01 -1.0661118717e-01 -1.5713844953e-01
-1.2436253219e-01 -1.5566856584e-01 1.8481866098e-01 4.1540255893e-02 -2.4074665478e-01 5.8107617341e-02 -9.2564629493e-02 -1.7719655819e-01 8.5970416513e-02 -1.7557170468e-01 5.3823235402e-01 3.0521508520e-02 5.4641696446e-03 -2.1515558830e-01 -2.4856087930e-01 -5.4278180493e-02 -8.7604987758e-02 4.4334499738e-01 -2.3323078609e-01 -5.7478014869e-03
1.0473654540e-01 -7.0998381804e-02 -2.1456315627e-01 -1.8342378954e-01 -3.1232019241e-01 -9.9218582098e-02 -1.4575186038e-01 4.8249125034e-03 1.3841696558e-01 8.1537750820e-02 3.6952711307e-01 -3.8782106653e-01 -1.9302645682e-01 -1.1560037093e-01 -1.1836640026e-01 -1.9033150149e-02 -2.8187987127e-01 -4.0509026498e-02 7.0824462045e-02 -4.0048957441e-03
-6.8437262877e-02 -1.6388116493e-01 4.7742538681e-01 -1.3607518952e-01 -2.1830360839e-01 -4.1576790318e-02 -4.8553818019e-01 3.9709179238e-02 -3.6449437735e-01 1.4175122446e-01 -9.3754974318e-02 -3.2112059214e-01 -2.5942297920e-01 -5.5501040181e-01 -1.0389495665e-01 -3.5484953343e-02 1.5499471235e-01 -1.6447484972e-01 -1.4055958305e-01 -2.2556452743e-01
-2.1183023136e-01 1.6305836315e-01 -1.0790826568e-01 1.6139294232e-01 -6.0877601563e-02 5.0264094377e-01 -1.8594316402e-01 -5.9118081649e-02 1.1816406640e-01 -7.1290798943e-03 9.5338140898e-02 1.7073452545e-01 -6.5594778672e-03 -2.7978517365e-01 4.9660927899e-01 3.4914823374e-01 -1.5687189660e-01 -1.8660575464e-02 -1.8227306645e-01 2.8088303247e-01
1.8095106094e-01 -2.1514954370e-01 -5.8141443261e-02 6.1209296019e-01 -1.1601339601e-01 2.7750324249e-01 -1.2684922343e-01 3.7781582676e-01 -1.3926880440e-01 3.0542107610e-01 -7.5637493991e-01 -1.2896269823e-01 4.3771025698e-01 -3.5727625965e-02 -4.7641425904e-02 3.8053731179e-01 4.1233560311e-02 2.5233685168e-01 -6.8818346673e-01 2.9429892128e-01
1.0578669099e-01 3.0539160329e-02 -1.3919325786e-01 -9.2382457986e-02 -4.0182049273e-01 1.9131078589e-01 -9.4566816541e-02 8.7134532049e-02 -2.4661049910e-01 -1.4851281561e-01 2.4302785946e-01 -1.0538250191e-01 -7.2270910010e-02 1.6684062399e-01 2.7997389602e-01 3.0868637134e-01 2.8605485909e-01 2.3594076497e-01 4.0350697180e-03 2.4958892779e-01
-6.5107909568e-01 -3.6383887935e-01 -1.0368249367e-01 4.6557582666e-01 -5.4251710299e-01 1.3883599940e-01 -1.9563180157e-01 3.7501871999e-01 -6.0351680299e-02 2.8758967285e-01 -2.3761898668e-03 2.2673146304e-01 -6.5625082568e-02 -4.7139605396e-02 1.1449599483e-01 4.8861052194e-02 -1.1905970722e-02 4.4235412933e-01 2.5091448178e-01 3.6271823459e-01
-2.9106814509e-01 1.5374672204e-01 -2.0775338268e-01 -1.0575702388e-01 -1.3275870704e-01 2.4389619441e-01 -9.0650819685e-02 -2.5343097422e-01 -1.0475458294e-01 -2.3556261574e-01 9.0323046153e-02 -2.9161708130e-01 1.4150147479e-01 -1.5946149165e-01 -1.0237967984e-01 -2.7857856982e-01 3.1290804257e-01 1.8971682609e-01 2.7803614622e-01 1.5383688897e-02
-1.6016703853e-01 -1.0020193817e-01 1.3702723156e-01 -4.0746689097e-01 3.4935928180e-01 -3.5064228125e-01 -2.1578796325e-01 -1.2205675099e-01 8.8552274222e-01 -3.6112717393e-01 9.5017649656e-02 1.0595553256e-01 -1.0241498874e+00 -5.3135900301e-01 -6.6545987463e-01 -6.1210810497e-01 -8.7475490503e-01 -6.1188646512e-01 2.4778199169e-01 -9.3192421563e-02
1.7745581691e-01 -2.8321170003e-01 2.2383124092e-01 3.9595006166e-01 1.1075136348e-01 1.6431996987e-01 -1.9625594286e-01 3.4132940223e-01 -3.3758263126e-01 -3.6694302669e-01 1.8586731783e-01 1.6445773767e-01 6.2419235598e-01 2.3505410358e-01 2.5476642944e-01 5.5805508508e-01 -1.3254215673e-01 4.8732205691e-01 3.7897572847e-01 7.6093827185e-03
8.6619969170e-02 2.2429087257e-01 2.9034641274e-01 -3.0944406461e-01 -1.2128562544e-01 1.1028541834e-01 -1.2211492383e-01 -3.2249816961e-01 -3.8507654966e-02 4.9969710124e-01 2.1469438619e-01 1.7497938497e-01 -2.9460225677e-01 2.7468475149e-01 1.0196099758e-01 1.8790684407e-01 4.9694960123e-02 -1.9475044787e-01 3.6732749520e-01 2.8824022081e-01
-2.7452465053e-01 -3.6723555983e-01 -1.6481767486e-01 3.7611580442e-01 2.6237306500e-02 2.4824840317e-01 1.8317846676e-01 1.6297453765e-01 5.0031613417e-01 -1.6746615302e-01 -8.0987666088e-02 -2.7189408790e-01 1.1027906201e-02 -8.6263377358e-02 2.9346976368e-01 2.1515037643e-01 -6.9612479798e-02 -1.1708554114e-01 1.2595231402e-01 2.8307673358e-01
9.4830956094e-02 -2.3700904387e-01 -2.7644175416e-02 6.1904155727e-02 2.1666832258e-01 1.5857255502e-02 6.3693911758e-02 -5.2966535300e-01 2.5833786480e-01 3.4894653690e-01 -2.0157661359e-01 -1.9291345037e-01 3.5060767273e-01 2.0690209300e-01 3.9759462074e-02 -1.0716780376e-01 2.9061100082e-01 -2.0748380732e-01 -2.8934666507e-01 1.3072082616e-01
-8.7955210603e-02 1.5375470104e-01 2.2283740087e-03 -5.5993670369e-02 1.6359864493e-01 -7.7065142583e-02 5.5887519839e-02 4.4414172261e-02 3.7884852087e-01 2.6360249049e-01 -4.7322093224e-02 -4.3722099432e-02 3.6701231523e-01 1.0426413811e-01 1.9691647049e-01 -2.0717530180e-01 3.9050826373e-02 -4.6353044299e-01 -1.2518711542e-01 -2.3523089038e-01
3.2922695116e-01 -2.7373707331e-02 1.6612494375e-01 7.9142377587e-02 9.3154462098e-02 2.1075696325e-01 2.0976053522e-01 5.4933875953e-01 4.2605028214e-03 -1.4891742627e-01 -4.9336960074e-01 -9.6078660734e-02 1.2027273849e-01 1.1699768034e-01 1.3714923805e-01 1.6374706828e-02 -1.5792151199e-01 4.2844439815e-01 -1.4122349597e-01 2.7883835724e-01
1.0437558299e-01 -2.7662244007e-02 -1.4410880268e-01 -3.9245573485e-02 1.3672357557e-01 -1.3114692069e-01 2.2527407174e-01 8.9000371382e-02 -2.2381205637e-01 -2.3395115876e-02 1.4816673161e-01 -4.6438543627e-02 -4.3067011827e-02 -1.1529599902e-01 -3.6038787690e-01 3.9115051997e-02 5.8118257416e-02 -2.8761244029e-02 -3.2242647997e-01 -1.4276008359e-01
-9.5533286706e-02 1.6161462652e-01 -2.3190882357e-02 -7.1819537357e-02 -6.8431190522e-02 -4.6099291372e-02 1.3548542964e-01 -3.5649953197e-02 -1.5915671477e-01 -1.6396303496e-01 8.2841684822e-02 2.8722682561e-02 2.1771296227e-01 -3.2410468893e-02 2.7193533802e-02 -4.2867255601e-02 2.5909186323e-01 -1.2496665452e-01 -1.4096866413e-01 3.3604308436e-01
4.0439062391e-01 7.0456993858e-02 5.6725782446e-01 4.9148220049e-02 1.5327234603e-01 2.6618264669e-01 8.2951458908e-02 1.3880795309e-01 3.3210805879e-01 -3.7270611173e-01 -4.3451637026e-01 1.3121584701e-01 -1.4420811778e-01 6.4993891341e-01 -1.8341384656e-01 -1.1566775829e-01 -1.4586554032e-01 4.1609988441e-01 -1.5571200623e-02 3.2183136949e-01
2.8781692852e-01 3.3235623422e-01 3.3244003946e-01 1.0271718540e-01 -2.7896500329e-02 9.2687242625e-02 1.8382412521e-02 4.6047971226e-01 -7.7334832386e-02 -8.5048449326e-02 -1.8507453358e-01 -2.7834604092e-02 2.9704790502e-02 -8.5629268213e-02 -4.9589293538e-01 2.0540132340e-01 3.2518031829e-01 2.6503892983e-01 1.8284438522e-01 -5.0863745288e-01
