2.4235869749e-01 -2.2943606840e-01 -1.8366833545e-01 1.5275851691e-01 2.4928903027e-01 2.5031159355e-01 -2.3159124531e-01 -1.9372780858e-01 2.4740782525e-01
-9.8487263983e-01 -7.7079065235e-01 -3.6298643203e-01 3.5646628669e-01 -2.1453928168e-01 -1.1967401950e-01 -8.8145789485e-02 -1.6331135691e-01 -1.8214980444e-01
4.9989433750e-01 -1.1301245342e-01 -9.0360872209e-02 6.4940957972e-02 2.0918571379e-01 1.9055074386e-01 -1.3743727038e-01 -9.6672469875e-02 1.9171538949e-01
-2.0358373811e-01 6.5701094514e-02 5.2667095288e-02 -3.4161149921e-02 -7.3715004433e-02 -7.3198106453e-02 6.6756348338e-02 5.1903491049e-02 -6.6239209308e-02
-3.6662586294e-02 -2.4132914344e-01 -6.2618273038e-02 4.5085732009e-02 -6.5247329023e-03 3.3990841079e-03 1.2789457587e-02 3.7178485554e-02 -3.8603198959e-02
-1.8587993744e-01 3.1441229994e-01 2.5696742155e-01 -2.4195974193e-01 -1.9097677487e-01 -1.9163800828e-01 2.5431627418e-01 2.4741191912e-01 -2.0994588702e-01
3.2712490985e-01 -9.5352293421e-02 -6.2394642120e-02 5.2776702696e-02 1.1950972960e-01 1.1947235904e-01 -9.3662878284e-02 -6.9782536620e-02 1.1019184615e-01
-1.8488320518e-01 -5.4247251702e-01 -4.1653122816e-01 3.8823058712e-01 -5.1894291054e-02 4.5035694760e-03 -2.0970518562e-01 -2.5547528866e-01 -1.6077859978e-02
4.6278050111e-01 -1.0270719857e-01 -7.7680645024e-02 5.9461079138e-02 2.0846395695e-01 1.9007503311e-01 -1.3120201127e-01 -9.5187400292e-02 1.8928903265e-01
3.6802187129e-03 7.2574973400e-03 -8.1332887354e-03 2.9635508984e-03 8.2998421779e-04 -7.1506475867e-04 -3.3476374524e-03 8.3774337123e-03 -1.4198725945e-03
