-2.2600108556e-01 1.3144662298e-01 -1.2917428953e-01 1.6586921201e-01 4.8506765856e-02 -1.6190136181e-01 1.0733669040e-01 -1.6588634701e-01 1.5810749412e-01 -1.1715059209e-01 2.0555935329e-01 1.2950180145e-01
2.8784302219e-01 6.6481963704e-02 -4.9347015114e-02 6.5487246023e-03 -3.7806638343e-01 -3.6529616942e-03 6.7333587854e-02 3.4034343692e-01 3.5083138013e-02 -6.5170055105e-02 -2.8272179705e-01 -9.6124274517e-01
-3.1640064836e-02 2.9669838346e-01 -3.0167462786e-01 2.7984161044e-01 3.5743597802e-02 -2.8831185947e-01 3.0566041010e-01 -3.5959026083e-02 2.9222484645e-01 -3.0650924084e-01 4.2078689819e-03 -4.6675181544e-02
5.4901156263e-02 1.6912430881e-01 -1.4921775813e-01 1.1020878831e-01 -2.4260157631e-03 -1.1604151899e-01 1.6391835736e-01 5.5176232726e-02 1.4318374897e-01 -1.5706716182e-01 -1.2325029501e-01 -1.6983553028e-01
5.6927906627e-02 1.0316529211e-01 -1.0510516457e-01 6.7431715045e-02 -1.7478003736e-02 -6.6744438010e-02 1.1826528981e-01 6.8921409805e-02 7.9836291535e-02 -1.1704562557e-01 -1.4882998883e-01 -2.0461124977e-01
-2.8087366193e-01 8.7040065776e-02 -8.0807380903e-02 1.1006098377e-01 6.1417406952e-02 -1.2033251018e-01 6.3499816157e-02 -2.3955002790e-01 1.1739244149e-01 -6.3190498124e-02 2.8986896027e-01 2.3047321379e-01
-2.4988536663e-01 6.5152845993e-02 -6.7435720199e-02 1.0002201771e-01 6.6082471412e-02 -1.0102222187e-01 4.4822250213e-02 -2.3455489994e-01 9.7579969732e-02 -4.8230053816e-02 3.0273823034e-01 2.8126587882e-01
1.9818512094e-01 -1.4959941911e-01 1.6528968424e-01 -1.9356286705e-01 -5.3829797427e-02 1.8897167707e-01 -1.3581109470e-01 1.4743524190e-01 -1.6372653325e-01 1.4726991195e-01 -1.8860110932e-01 -1.0932088731e-01
-2.2120976380e-01 1.3018850809e-03 -1.2646151902e-02 4.7339081348e-02 2.5796402149e-01 -4.5471026845e-02 -1.6018344758e-02 -2.5621974885e-01 4.1423750865e-02 1.8430846571e-02 2.9080760854e-01 6.1790468480e-01
-1.1287296843e-01 -1.0240560582e-01 9.1585540855e-02 -5.5458708948e-02 6.4636345104e-02 5.1348164394e-02 -1.0990948454e-01 -1.1690062368e-01 -7.1123047182e-02 1.0595370547e-01 2.1960173380e-01 2.7082283472e-01
1.4470557572e-01 8.2209711333e-02 -8.1987947416e-02 4.7570175489e-02 -1.2264335308e-01 -3.7403895241e-02 1.0185262631e-01 1.6832192248e-01 5.0451131377e-02 -9.6705501243e-02 -2.7254682189e-01 -3.8717405731e-01
