5.3992424847e-02 8.8371439244e-02 -7.2619266195e-02 -2.2552472008e-01 5.2437844691e-02 -5.8542409406e-02 -1.4663658851e-01 1.1990985626e-01 7.8117719720e-02 -3.2565260791e-05
-2.0247042397e-01 2.5962400779e-01 2.5752321245e-01 2.9470309688e-01 8.8163675122e-02 1.9141531766e-01 2.8032842406e-01 -2.5670682545e-02 -2.6304215085e-01 2.6999267753e-03
9.7397279282e-02 1.3489222117e-01 -1.0474732584e-01 -1.8237433452e-01 5.5809284987e-02 -1.0060812583e-01 -1.3510128662e-01 1.5439400456e-01 9.2160387077e-02 -1.5308665375e-03
2.1799492344e-01 -5.2100925281e-01 -3.1575083268e-01 -3.7319250595e-01 -2.2575262916e-01 -1.7401095888e-01 -3.4480617143e-01 -2.3228761362e-01 3.1653233885e-01 6.0276193600e-03
-2.1232986621e-01 -4.5015557463e-02 2.2971376803e-01 -7.1869088515e-03 2.8549286776e-03 2.1217692855e-01 1.2408595080e-01 -9.6029275684e-02 -2.1716957726e-01 5.8189329032e-03
-8.2833947710e-02 -1.6486678463e-01 8.2382799261e-02 1.8236457504e-01 -6.2048140004e-02 8.3135733663e-02 1.2353950153e-01 -1.6793132480e-01 -6.8349496648e-02 -2.7065223441e-04
-2.2227900307e-01 2.2288689492e-01 2.6186732167e-01 2.9729483381e-01 6.8720420881e-02 2.0711923175e-01 2.8083675039e-01 -3.2408943544e-02 -2.4883451885e-01 4.3106913921e-03
-1.8276238021e-01 -3.5708173541e-01 1.5551339584e-01 1.8358294972e-01 -2.5574332543e-01 2.0268042421e-01 1.7359182160e-01 -3.5650073860e-01 -1.4983582113e-01 -6.5406518508e-03
6.1304005939e-02 3.2141583000e-02 -8.3322671689e-02 -1.7784917671e-01 9.4679957728e-03 -5.6212509199e-02 -1.3447594472e-01 9.2157995183e-02 8.3278699983e-02 6.1020917326e-03
-1.1035987106e-01 -3.1170394995e-02 1.4199974739e-01 2.1825075355e-01 -4.9430622949e-02 1.0766648513e-01 1.7653666044e-01 -1.3731463159e-01 -1.3637925809e-01 1.8549165257e-03
7.2491258082e-02 -3.0632932577e-02 -5.8179834706e-02 1.1199198242e-01 -6.1574416235e-02 -7.7635597098e-02 2.0032697056e-02 -1.1143382665e-02 4.6456940126e-02 4.1617286382e-04
6.8492064448e-02 1.7283932996e-01 -7.1158654825e-02 -1.9308581608e-01 7.3770054414e-02 -7.7973511773e-02 -1.3778361724e-01 1.6793083351e-01 6.0409394899e-02 -2.1304186792e-03
