-2.3075203036e-02 1.7663693910e-01 3.9696951122e-01 -3.2266927243e-03 -1.0341405710e-01 -8.4519816976e-02 6.8815632090e-02 -1.2696125552e-02 -7.2120006682e-02 1.8884341834e-02 -2.9463723131e-02
-1.2609685225e-01 1.8013401152e-01 -3.5312222463e-01 -9.3519415500e-02 7.7182378785e-02 6.0320486708e-02 -6.2896781375e-02 1.3258077491e-01 2.2717867448e-02 1.2023698519e-01 1.1131031395e-01
-7.9750764412e-02 -5.3884581149e-02 -2.7361208761e-01 -1.2517202373e-01 2.9147471347e-01 2.3066413650e-01 -2.1560414977e-01 1.1891268864e-01 2.0333927112e-01 1.1046082819e-01 1.4098943967e-01
-1.7255384441e-01 1.2451961399e-01 -3.2197753210e-01 -1.4971870656e-01 1.1593214222e-01 1.0000739838e-01 -9.3432133196e-02 1.8368733315e-01 7.2069428035e-02 1.5777376964e-01 1.6310562577e-01
1.5474227622e-01 -9.3764626613e-02 2.9896611700e-01 1.4024289284e-01 -1.1625295994e-01 -9.6272046912e-02 9.0295804765e-02 -1.6111223869e-01 -7.3608282169e-02 -1.4524426211e-01 -1.5310770124e-01
1.1804757137e-01 -1.6011349964e-01 3.3301949576e-01 1.0216586625e-01 -8.5121434335e-02 -7.3868849979e-02 5.1006259275e-02 -1.2588675771e-01 -3.2475188038e-02 -1.1775918832e-01 -1.0072450894e-01
-8.2436064891e-02 -1.2768477341e-01 -2.3825204414e-01 -1.6602209678e-01 2.7131057216e-01 2.4567641316e-01 -2.4497606931e-01 9.7901955305e-02 2.4321337627e-01 1.5033325391e-01 1.3974913153e-01
-8.7068264634e-02 -4.2031055919e-02 -2.4457323531e-01 -1.1236196300e-01 2.5547843101e-01 1.9703472242e-01 -1.8586485614e-01 1.1710373425e-01 1.9134989112e-01 8.8901150419e-02 1.3671992899e-01
-2.1674524961e-01 8.2646931048e-02 -3.1167035810e-01 -2.9773871610e-01 1.8808038193e-01 1.7643248880e-01 -1.8329736457e-01 2.2768441965e-01 2.0042972104e-01 2.7162638490e-01 2.5412193177e-01
-1.5611674874e-01 3.7691465174e-01 -2.9951881078e-02 2.6060872537e-02 -1.9711169591e-01 -1.4904546712e-01 1.1693766437e-01 2.2347289674e-01 -1.1079320995e-01 -5.4671183249e-02 1.9513514718e-01
