1.7742218761e-02 7.3320301464e-03 -1.5234857847e-01 -1.5996703970e-02 4.5292953394e-01 2.2611555713e-01 5.8622349874e-02 -1.8541360384e-01 5.4383499685e-01
-2.2699398254e-01 -1.9379961779e-01 -1.1266878637e-01 -2.4289348053e-01 1.1418177971e-01 6.4757834261e-02 -1.7350160975e-01 1.5220358018e-01 -1.4116045534e-01
2.1506828537e-01 2.3704912016e-01 8.8264547873e-02 2.6819475746e-01 -6.8753064208e-02 -5.2410263424e-02 1.9578584747e-01 -1.7360830232e-01 1.6615803404e-01
-1.8209244787e-01 -1.9549844133e-01 -5.3406921823e-02 -1.9948654504e-01 -2.9756220959e-02 1.3677310388e-02 -1.9188780458e-01 1.8847300556e-01 -1.9087108784e-01
-6.0782444678e-02 5.3045954810e-03 9.9650305994e-02 1.1343338421e-02 -5.6665707567e-01 -1.7883240817e-01 -4.3086168288e-02 1.1288852633e-01 -5.0524713360e-02
1.8858745310e-01 1.8390181371e-01 5.5787422437e-02 1.9877016810e-01 2.2871097442e-02 -6.0056475470e-03 1.8239228653e-01 -1.7491655831e-01 1.7251300995e-01
-2.1448640379e-01 -2.7095244433e-01 -9.6250260137e-02 -2.8055444504e-01 1.0115384312e-01 8.4603829070e-02 -2.3604632192e-01 1.9863929563e-01 -1.7572021874e-01
-1.0331384809e-02 4.2654617598e-03 2.0330774843e-01 2.5490200736e-02 -5.0471147592e-01 -2.7230742595e-01 -3.9433413203e-02 1.4073515896e-01 -4.9070067778e-01
-1.7990988330e-01 -1.2051699640e-01 -9.4907750164e-02 -1.4680946870e-01 6.8682029347e-02 4.3545073267e-02 -1.1648185071e-01 1.1972385763e-01 -1.1339237170e-01
2.0586923500e-01 2.8031475992e-01 9.5032547687e-02 2.6387504322e-01 -8.7998095418e-02 -7.7488775780e-02 2.6698432519e-01 -2.3130988122e-01 1.9806692961e-01
4.8078174582e-02 -1.3990908156e-01 -6.5252164947e-02 -2.5543412006e-01 3.8358044753e-01 1.9637524230e-01 8.3021569727e-02 -2.6509557640e-01 3.1430529071e-01
-1.2616986031e-01 -3.7225537620e-02 -3.5948926693e-01 -5.9204338838e-02 7.1202575339e-01 2.5876345484e-01 -3.5454322754e-02 -8.9315636516e-03 9.6432185933e-02
