-1.1617012467e-01 -1.5969474596e-01 -1.7841745664e-01 -2.3832024663e-01 -2.4001976712e-01 -8.0109479185e-02 -9.0507380651e-02 1.0620061757e-01 8.1196207222e-02 2.5341377231e-01 -2.3138898685e-01
-1.6284248325e-02 3.8916901130e-01 5.7807638076e-02 1.2061230997e-01 1.5152128518e-01 -3.7636676150e-02 -4.2442696831e-02 -1.0667851713e-02 -5.6806428464e-01 -1.8207297719e-01 3.0498059001e-01
5.2542398604e-02 -1.5083621330e+00 -1.5934400828e-02 -7.4945355293e-02 -9.0556478832e-02 1.5102534033e-01 1.6191077172e-01 -5.6290743305e-02 1.0881687207e+00 1.7673959447e-01 -5.7903387851e-01
-2.0209980453e-01 -4.7285220098e-02 -2.6387070691e-01 -2.0278172231e-01 -1.7626815459e-01 -1.3082489825e-01 -1.3470899005e-01 2.0357008922e-01 1.6218716367e-02 1.6946629831e-01 -1.2226567071e-01
1.1638632115e-01 -1.4116769552e-01 9.3076563324e-02 7.4143954224e-02 7.7627276634e-02 2.6826155098e-01 3.1937370168e-01 -1.4139973746e-01 2.1696917408e-01 -6.1602567215e-02 2.0649449107e-03
1.8598345627e-01 -9.7959461398e-02 1.2108926660e-01 9.3702921299e-02 1.0511166685e-01 3.1303821422e-01 2.9981972135e-01 -1.8449726102e-01 1.4296077457e-01 -9.8361709777e-02 4.4093176085e-02
-2.1382157690e-01 8.9616263902e-02 -1.5734793318e-01 -1.1684727444e-01 -1.2824736670e-01 -2.4395110078e-01 -2.2714071482e-01 2.2251931522e-01 -1.1704147780e-01 9.5934253510e-02 -4.3286495208e-02
9.7947474108e-02 1.2746603206e-01 1.1527294106e-01 1.7151411953e-01 1.9199637265e-01 6.6575852075e-02 8.7222998288e-02 -7.6768018367e-02 -4.0457029540e-02 -3.3324424320e-01 3.5881826348e-01
1.9784194041e-01 -1.4784814857e-01 2.4128314005e-01 1.6572593424e-01 1.5160728076e-01 1.5692880291e-01 1.6543821309e-01 -1.8728659979e-01 1.3805024797e-01 -1.7204733983e-01 3.1495265647e-02
2.0413842146e-01 7.3590771790e-02 1.7210336422e-01 1.4455856501e-01 1.2826446912e-01 1.8430359708e-01 1.6122572858e-01 -2.1383323373e-01 -6.2837554820e-02 -1.1607519516e-01 1.0159107132e-01
1.0195013619e-01 8.8312491589e-02 1.2653157923e-01 1.7332761749e-01 1.9062775146e-01 7.1585991993e-02 9.4126714715e-02 -8.9702332583e-02 -1.1418155480e-02 -3.2831627809e-01 3.2998104380e-01
