-1.2703946909e-01 1.9332269327e-01 -1.1720375297e-01 -3.7003116968e-02 -1.2241975729e-01 8.9692377471e-02 -5.1585079157e-01 6.3793052479e-01 -1.6719459071e-01 -3.1441197699e-01
-2.2571187678e-01 -2.7834473997e-01 3.0084520275e-01 4.2928168484e-01 1.8038236699e-01 -1.1067946785e-01 3.9226395499e-01 -4.1126557006e-02 -1.0933573585e-01 1.9153773724e-01
-4.1181442554e-01 -6.2815343137e-02 2.5963009854e-01 1.2302768498e-01 4.6414129953e-01 3.5991573831e-01 -1.2947001509e-01 -1.3991697392e-01 1.7489934551e-02 1.6515367072e-01
6.6799051585e-02 1.7778332195e-01 4.7313204505e-01 -1.7835850934e-01 4.4663242512e-02 -2.0258544489e-01 4.0024450101e-01 -6.0801679080e-02 -2.3088960978e-01 -1.9273461800e-01
5.6926406822e-02 2.7249118864e-01 -3.2749947819e-02 1.5220103454e-01 1.5916741344e-01 -1.9237148791e-01 -6.3581379359e-02 2.8140336782e-01 -5.8250878460e-02 -5.7501615309e-02
1.6624408063e-01 8.8898185582e-02 -9.5257859684e-02 2.9052994794e-03 -2.2623915164e-01 2.8654602341e-01 -2.7456542030e-01 4.2793678662e-01 3.0932288189e-01 1.5289317028e-01
5.2921641671e-01 1.3420305063e-01 -1.6643357443e-01 -3.9668955245e-01 -2.6864348980e-01 4.1972900363e-01 -1.0912831670e-01 3.2543558210e-01 -3.6982184723e-02 3.6172742169e-01
-2.4632652224e-02 4.1185702549e-03 -1.5865548827e-01 3.4750980101e-02 3.1323624298e-02 5.1692731249e-01 -1.6831957904e-02 3.0307354556e-02 3.6915415680e-01 -2.2393888184e-01
1.6759058963e-01 -4.5913300344e-01 4.1272181220e-01 -1.6064078727e-01 2.1051937400e-01 -5.8581210883e-03 -3.5525839136e-02 -1.4037832120e-01 -2.6442041192e-01 -6.0123873597e-02
-7.7017742478e-03 2.3624371811e-01 -1.5056911635e-01 -2.0651445298e-01 -2.7039302523e-01 1.2271528417e-01 -3.8651985431e-01 3.2969849932e-01 2.5437921055e-01 7.9355303905e-01
-1.6612471714e-01 2.3501671720e-01 -6.7431323039e-02 1.2880341028e-01 -4.1988607255e-01 -1.0566626560e-01 1.2431603384e-01 -7.6067586890e-02 5.8229503314e-01 1.7863486149e-01
-4.2982022128e-01 -5.5403219544e-01 3.6685958590e-01 2.6340821990e-01 3.6893280275e-01 -3.8344358121e-01 2.5576281540e-01 -2.0586524833e-01 -4.3238215928e-01 -3.5593984526e-01
