1.5404570268e-01 1.5022141519e-01 2.6566309831e-01 -4.3007298304e-01 -7.5516720147e-02 7.7126211959e-02 -1.2744433554e-01 -4.2635082654e-01 1.4821597256e-01 -1.0688468116e-01 3.3215091450e-01 -2.8643671033e-01 3.0342500084e-01 1.1457750538e-01 -3.2577988749e-01 3.4294161702e-01 3.3939538544e-01 2.7799591870e-01 -1.5931425595e-01 2.5385021415e-01
2.1315988323e-01 5.5227744453e-01 6.2098810322e-02 -1.3278147583e-02 1.8484782437e-01 -2.5508480205e-01 -5.3404306251e-02 -1.0724226131e-01 1.9489011562e-01 5.3675435304e-01 4.5978752728e-03 9.8906768556e-02 -2.3009418430e-01 -2.5161813009e-01 -1.2603305637e-01 1.6832058330e-01 1.0148948707e-01 -6.3228517092e-02 1.1409519018e-02 -6.1363119411e-02
2.6386499232e-01 1.0172989554e-01 -2.2010566634e-01 7.0173687280e-01 -3.1003762800e-01 -1.3794210109e-01 1.0294037615e-01 3.4113803202e-01 5.4164827691e-01 1.2744667358e-01 3.5089094216e-01 3.1465819408e-01 4.5598641409e-02 -4.4718023105e-02 2.6390073197e-01 2.3416133341e-02 -2.5874712921e-01 -2.2388910981e-01 2.8250896137e-02 -1.5044965465e-01
5.2088285778e-01 2.4904599463e-01 -3.9825394047e-01 -4.7869095535e-01 2.5149547334e-01 1.4348699614e-01 -1.4810114361e-02 -3.1438869694e-01 2.9960363513e-01 3.1422290618e-01 1.1590768385e-01 -1.8234084978e-02 -2.5497354801e-02 -1.9143843805e-01 1.3753844010e-01 2.1586810617e-01 3.1238128286e-01 -6.3110188999e-03 3.4925397961e-01 1.1019388192e-01
1.8912408173e-01 -2.4175978015e-01 -2.6180512054e-02 -2.6619740482e-01 -5.1942197372e-02 -2.4593461679e-01 -2.3208628045e-01 2.4883270019e-02 -1.9236489264e-01 2.0920408745e-01 -5.6094884030e-02 1.2760986811e-01 -5.2954045693e-01 1.6898824854e-01 5.8111733270e-02 2.8156116524e-01 -8.3065848263e-02 2.1991387779e-01 2.4895229172e-01 -3.9187261788e-01
1.6184692832e-01 -5.0237904105e-02 1.3863095414e-01 1.0806586272e-01 3.9820060229e-01 9.8273434424e-02 3.9771040328e-02 -4.9355529083e-01 1.3103260996e-01 -1.5408930328e-02 -1.3795335503e-01 -3.0613574101e-01 -1.9891145570e-02 -2.9582107678e-01 -4.4989092652e-03 -1.1719218493e-01 -2.6019621658e-01 -1.3392650794e-01 1.4214639154e-01 -3.0254843049e-01
-2.9588385677e-01 1.3281779591e-02 -1.8419574802e-01 -2.1690443601e-01 2.7102700423e-01 1.2071808458e-01 3.2401348547e-01 -1.9634958052e-01 -7.1753657180e-02 1.2618944902e-01 -1.9805695139e-01 -5.9910332809e-03 2.3915402239e-01 -2.8724802380e-02 1.2250720142e-01 7.4176622307e-02 -1.6593017648e-01 3.0562327493e-01 2.6663373488e-01 -2.6640186550e-01
3.1202436366e-01 -1.2333851397e-01 -2.9767360707e-02 -1.3092640497e-01 -1.2044655202e-01 3.1521983339e-01 -2.6341037638e-01 2.8609792566e-02 3.2640321926e-01 5.1766214089e-01 1.6783126759e-01 1.1435102458e-01 -1.2128736078e-02 2.3878458715e-01 -2.5238018019e-01 -9.2471834077e-02 -5.6403292713e-02 1.5096621513e-01 4.9450556070e-01 -1.7148009945e-01
-2.1934081189e-01 1.0343956472e-03 -3.1300748303e-02 1.5672906703e-01 1.8137418099e-01 -4.3331644892e-01 4.5011577737e-03 1.3562777943e-01 3.0233588057e-01 -2.1207941604e-01 -2.0578520414e-01 1.5497501435e-01 3.8090815585e-02 -1.0365251685e-01 -1.8134896985e-01 6.3976564736e-02 7.8790901309e-02 6.1165095920e-02 1.6613018647e-01 -3.4110581594e-02
-1.5371722414e-01 -3.6551446074e-01 -3.6444410249e-04 1.2869771234e-01 -4.5329267966e-04 -1.8152102570e-01 4.1024193206e-02 -2.9516357601e-01 -6.0717361989e-01 1.2942543924e-01 -1.9041167863e-01 -2.9238131291e-01 -4.4164582131e-01 2.1078739130e-01 -1.2749071762e-01 2.4195429723e-01 -8.5335686010e-02 -6.6486967189e-01 -2.5936780445e-01 -1.7009126257e-01
-2.4911079729e-01 -3.1746054416e-01 -1.4179146553e-01 3.9641743078e-01 -1.8387689908e-01 -4.0869931714e-01 4.3887881528e-01 2.6508042078e-01 -2.0543944142e-01 -1.5954123765e-01 2.0278852116e-01 -2.7278688845e-01 -4.8720583060e-02 8.0175930647e-02 -3.9593888529e-01 -1.0772399493e-01 1.3414887505e-01 2.9429276565e-01 1.2173248181e-01 1.2700993776e-01
3.2579590195e-01 -3.8683867069e-03 -8.2675760522e-02 -1.1488528334e-01 -1.3855237736e-01 2.6992138261e-01 -6.1002158174e-01 4.3433912872e-01 -2.5072200486e-01 3.6608922024e-02 6.2992468768e-01 -3.0106973127e-01 3.4182707729e-01 1.3988756528e-01 1.9583316500e-01 1.8423591459e-01 1.7970420494e-01 1.4374826176e-02 -1.1098214697e-02 1.5072772151e-01
8.8626190336e-02 2.0349625732e-01 -1.1288019304e-01 -8.8817555913e-02 -2.1126434666e-01 3.7668616193e-01 3.5712863652e-01 4.1607591338e-02 2.9567895208e-01 1.4206830837e-01 -3.0441335180e-01 3.2160625644e-02 5.8391818058e-02 5.2781803015e-02 -1.0156403203e-01 -1.9335834187e-01 -3.1016616733e-01 -3.3615841677e-01 2.3918003452e-02 -7.8968120865e-05
-4.3770682070e-02 2.5633577588e-03 -2.6162803939e-01 -3.0604697035e-01 -1.2697617503e-01 -2.0435266912e-01 3.9750046498e-01 1.9194957262e-01 2.0660005440e-01 1.0854729035e-01 1.7274486503e-01 -2.3018959909e-02 -1.3730187842e-01 -9.3726418993e-02 -1.9605421620e-01 7.0000943919e-02 1.2251327028e-01 -2.3132330493e-01 1.8831656079e-01 3.5337629627e-01
3.4434493676e-01 -1.7948394163e-01 2.7015520996e-01 3.5492252956e-02 -6.3350194364e-02 -1.1774267371e-02 -5.9715716522e-02 -7.4957359524e-02 9.9330177400e-02 -1.1642447808e-02 1.2053300270e-01 1.2588725366e-01 -4.7644851248e-01 6.1370182677e-02 1.6966248784e-02 2.9333637095e-01 2.7676108256e-01 -3.6805363192e-01 9.3298882140e-02 -7.2388299881e-02
2.3368129553e-01 1.0963239317e-01 1.0109460183e-01 -4.0700483175e-01 -1.1418300192e-01 2.7143727622e-01 1.5944162310e-01 -1.9436169462e-01 3.1208161705e-01 -7.9569412010e-02 2.2139173282e-01 3.2194060280e-01 -2.2995662733e-01 -1.0904306098e-01 -2.6267626299e-01 -8.0372770182e-02 -2.5126812681e-02 1.0228737134e-01 -1.6929125614e-01 -5.0514668366e-01
3.4801347376e-01 -2.1458436836e-01 1.7002994642e-01 -5.8869234560e-02 -4.8339572241e-02 2.8490427596e-01 -1.1278344282e-01 -1.5443176180e-01 -7.2622907675e-02 -2.5035278918e-01 3.0173150205e-02 3.1466895460e-01 -1.0819662845e-01 8.6537957839e-02 -3.0979544656e-01 1.4104986556e-01 -2.7631315995e-01 -3.5430726139e-01 1.5626085991e-01 6.9016595983e-02
1.5157677141e-01 2.7231567826e-01 2.1701342309e-01 -2.8247614232e-02 3.4962560635e-01 -1.2466033468e-01 -5.0798974293e-01 -3.2413668822e-01 2.3290327374e-01 -2.7606976121e-01 -9.7003490465e-02 -2.9599430960e-02 1.5258415408e-01 -1.2381241740e-01 -1.2255861483e-01 1.8078363482e-01 1.3870505426e-01 -4.4251766843e-01 4.5913143029e-01 1.0739637836e-01
2.4176004484e-01 1.3618655128e-02 -2.7188619068e-02 3.8388970204e-01 -1.3906907749e-01 1.1263943419e-01 3.6173283290e-01 2.4923323755e-01 -5.8816845018e-02 6.0891786485e-02 -9.8145879554e-02 -1.1343260576e-02 -2.1156222344e-01 1.1536255721e-02 -4.5917451974e-01 2.0181139185e-01 -1.4015058059e-01 -3.2895976841e-01 -3.0475529103e-02 4.8519126219e-01
5.9959802939e-01 -3.8432042926e-01 5.3411598316e-02 -6.4829366982e-02 9.1327519650e-02 -3.1708191862e-01 -1.6473748497e-01 -1.6392193177e-01 -2.5156374598e-01 1.3160138809e-01 4.0426847663e-01 3.1222527532e-01 -2.2385438859e-02 -3.9267163856e-01 -6.6269519111e-02 4.2617812458e-01 -1.0208141540e-01 -3.1538315939e-01 1.1779313889e-01 -7.6556921259e-02
