4.7334518189e-02 -2.8035039205e-01 5.7000751478e-03 -4.1836952323e-02 4.7330453838e-02 -1.5445544856e-01 -8.8426172132e-02 -1.0828563424e-01 1.5507066697e-01 1.3525564624e-01 -2.9557787361e-01 2.0544420403e-01 -2.8371711582e-01 3.1579438401e-01 4.5174820544e-01 -2.8651881437e-01 2.1723747727e-01 -1.1009066477e-01 -3.6281918767e-01 1.1557433449e-01
-3.7118244778e-01 -3.7057668072e-01 9.6452819091e-02 2.0396071618e-01 -2.3031337024e-01 -3.1852049079e-02 2.9190599557e-01 3.7837097066e-01 1.1115833395e-01 1.9781582251e-01 -1.3064028323e-01 2.2805165458e-02 -1.9456685803e-01 1.7713406828e-01 -2.5109219949e-02 6.0299252286e-02 1.0063493222e-01 3.1047528665e-01 -2.4548376970e-01 -3.1950170675e-02
-1.5778940671e-02 -1.8310999084e-01 -1.1472718731e-01 -1.6816738152e-01 1.3213135225e-01 -1.7168053621e-01 -5.3970151194e-01 6.5819751941e-02 -8.5038761552e-04 -9.3531375235e-02 2.8651540058e-01 -8.6331250299e-02 -2.7940848949e-01 1.1340372560e-01 8.7776460063e-02 -3.4894798510e-01 1.9186305523e-01 -2.1889943197e-01 -3.8999049863e-01 1.7404697874e-02
-3.1474592832e-01 -1.0561866432e-01 -3.4965441841e-01 -3.4665742800e-01 -8.3305736510e-03 -1.1600093154e-01 -2.6541315450e-01 -1.0065797040e-02 1.1515539918e-01 3.4510169593e-01 -5.0990566471e-02 -1.2466376179e-01 -1.7086576880e-02 -5.5756545572e-02 -9.9297030995e-02 -1.7535988858e-01 -9.6100569043e-02 -1.0727868952e-01 2.6044721099e-01 1.4083946366e-01
6.8510902174e-01 -2.8064501082e-01 -2.9791458361e-01 1.7494350490e-01 -1.0363509078e-01 2.5900319172e-02 1.9067125267e-01 -8.6988090967e-02 1.6088206922e-02 5.7848868050e-01 -8.8271455246e-02 -9.1372810044e-02 -6.4548094040e-02 5.1916059574e-02 1.7162062468e-01 -5.6487760355e-02 8.5136750918e-02 -2.3067811261e-01 -2.8676213285e-01 -2.4429996568e-01
-2.2678354946e-01 -2.1930248140e-01 -1.9497054972e-01 1.5211216176e-01 3.3585673323e-01 2.8235839768e-01 4.8160052372e-01 -6.3564426001e-02 -1.9973863607e-01 -1.1014463283e-01 2.6970010848e-01 -4.9818336076e-01 -3.3336519917e-01 1.8065360363e-01 -4.2123758797e-01 2.2015348859e-01 2.4270764546e-02 3.5135223632e-01 6.2420661227e-02 8.2718716112e-02
1.8852004213e-02 -1.4990638203e-01 1.9305901628e-01 -1.9079918296e-01 -4.8367251150e-01 -1.9896385366e-03 3.3310165182e-01 1.0442815846e-02 -1.2348378161e-01 4.9830623555e-02 5.7587347486e-02 -6.1023750147e-01 5.7990855146e-02 2.1850776538e-01 -1.1675928281e-01 7.3893058094e-02 1.4059307203e-01 -6.0816345561e-01 -2.2853414566e-01 -1.6423054824e-01
1.3614144731e-02 -4.4249355391e-01 -5.5726493370e-02 -3.0902567074e-01 -3.1572150035e-02 1.5900805036e-01 1.7280757647e-02 1.0086720756e-01 -1.0342393598e-01 -3.9997742896e-01 -3.1587967726e-01 -1.2844808838e-01 -1.5277470047e-01 -2.9493187063e-01 1.4713683277e-01 2.2819309587e-01 3.0632745320e-01 2.6001259063e-01 3.0881473817e-01 -1.6537226146e-01
1.9122904103e-02 4.4724838796e-02 3.0912634647e-01 -2.0665944041e-01 2.4115423222e-01 -1.8865704477e-01 -1.2889793892e-01 -6.6395583552e-02 -4.7530229155e-01 -3.3687673669e-01 1.4943963567e-01 -4.4156912514e-02 -2.9628373629e-03 -1.6821447956e-01 -1.3041145177e-01 5.0086033783e-02 -2.9890170906e-02 3.8423860923e-01 -1.2815813560e-01 1.0135273481e-01
1.2271371598e-01 1.5897289448e-01 -5.4652221189e-01 -1.5681478206e-01 -1.3914713755e-01 1.7157577820e-01 1.4756646261e-03 -7.5022265206e-02 -1.5923303393e-01 -1.0614034024e-01 5.0285011587e-01 -7.8021704914e-02 -4.4979348316e-02 6.2137960880e-02 -1.1972605930e-01 -3.5271927823e-02 2.8477104993e-01 -4.3483211935e-01 -3.3727071789e-01 -3.7157865060e-01
3.8637645075e-03 2.7102791660e-01 1.3834230366e-01 -9.0024591412e-02 1.0121367415e-01 1.6217054200e-01 -3.2935333134e-01 -4.2014358073e-01 -2.2734863637e-01 4.4799067733e-01 3.8874084917e-01 1.1621300443e-01 -2.3251677313e-02 3.8009787320e-02 -2.3221130721e-01 -2.1835792559e-01 4.0937178419e-02 1.2981116149e-01 1.8868159124e-01 -1.7472956433e-01
-9.6312590763e-02 -3.6404130320e-01 2.6163990428e-01 -1.2403431218e-01 1.8269947119e-01 -1.1845898297e-01 1.5295233056e-01 3.9700090317e-02 -3.6690155989e-01 -2.6227728221e-01 5.3188246220e-02 -2.0145973423e-01 -2.1216755065e-01 1.2331310441e-02 5.9048711912e-02 1.6780348740e-01 -9.6517828587e-02 -2.1014660523e-01 -4.7639731200e-02 -1.6433182350e-01
1.1325270116e-01 2.5505500956e-02 1.0493778517e-01 -1.0948129644e-01 2.9127343267e-01 -2.4685270620e-01 1.8024830622e-01 1.4018460332e-01 -2.8104885051e-01 4.5108385032e-01 -7.1149094453e-02 1.8711194010e-01 1.8882359500e-01 -2.0540110221e-01 -1.2944855744e-01 -5.5816961154e-02 -1.7433155838e-01 -6.3693195396e-02 -6.0088471081e-02 -3.7859609180e-01
3.9429549992e-01 -3.5530177889e-01 -1.8440884373e-01 1.7341392110e-02 -1.0346397962e-01 -1.2507644318e-01 1.5453448516e-01 9.3308973360e-02 -3.6467974504e-01 -2.3205990416e-01 5.1051347326e-02 4.1631039536e-01 2.9052994112e-01 -1.1869296955e-01 -1.1655462018e-01 5.9720829140e-02 2.2664805852e-01 4.1123431414e-01 -3.4051181536e-01 -2.9323897636e-02
1.8569257474e-01 -2.1093359531e-01 8.6112943356e-02 -1.7718216015e-01 2.5972293391e-01 -3.3630912161e-01 -1.9548097576e-01 -2.4712455834e-01 1.2758264254e-02 -4.9610605668e-02 -5.4909699747e-02 -2.2285472130e-01 9.2172380695e-02 -3.7889991037e-01 -1.5629049340e-01 -1.2739961295e-02 2.9715608399e-01 -1.1453110969e-01 -1.7332214375e-01 5.2849676104e-02
-9.5238706128e-02 9.5626978688e-02 -9.3923443193e-02 -6.7750543306e-02 -2.0704220263e-01 -2.1074773144e-01 -9.7137905227e-02 1.3559916305e-01 1.8695815565e-01 3.4871667600e-03 -9.3383389572e-02 4.6677770472e-02 -1.9602707087e-01 -1.0032952814e-01 1.1085351018e-01 3.1406102786e-02 2.2319417469e-01 -4.0802784337e-02 -2.4730676169e-02 1.0490827061e-03
-1.4935576207e-01 -2.3376740303e-01 -1.3975915422e-01 -4.3449327442e-01 -3.8664593711e-01 7.5963936704e-02 -1.9635680019e-01 -1.9535463535e-01 4.0016352002e-01 2.0766452237e-01 2.7442629902e-03 6.5736737657e-02 -1.6883866289e-01 -1.3962625954e-01 -2.5256293659e-01 -2.0616381736e-02 4.8745660080e-01 -3.0809372319e-02 1.8298422658e-01 -3.5224031185e-01
2.1390395034e-02 -8.7264634791e-02 4.3667778046e-01 2.5030933659e-01 -9.7137994265e-02 -3.3352660842e-02 -3.9094136846e-01 -1.9494074557e-01 5.4381898723e-02 -2.4167130526e-01 -1.0984231964e-01 -2.1021932045e-02 -2.2322686260e-01 -1.0164226056e-01 4.4296321975e-02 -3.1288198504e-01 1.4044561930e-01 -1.3225272516e-01 8.5677262777e-02 -3.3647022406e-01
-2.3044131451e-01 1.0925425928e-01 -4.6134015424e-02 -8.0114596711e-02 -9.7763685953e-02 -2.8466427460e-01 -2.4706118524e-01 5.3436842382e-02 -1.0346102433e-01 -5.7050327719e-02 3.1436430750e-01 -1.1389097264e-01 1.9703148000e-01 1.4102490780e-02 6.2941875202e-02 -1.7856497759e-01 9.5960839385e-02 1.1341334874e-01 -9.9222122403e-02 3.2331178204e-01
3.0820093887e-01 -1.7812907907e-01 -3.3137323824e-01 -4.4883715107e-01 3.1295826023e-02 -4.1165729473e-01 -1.1141827198e-01 2.0319715643e-01 -1.7663262156e-01 -3.7419780178e-01 4.5020085585e-01 3.9853248298e-01 3.5074806813e-02 6.2420907007e-02 3.2017373997e-01 -8.1208000948e-02 -4.2500814482e-02 -2.4373778486e-01 2.7729392145e-01 -2.2655349352e-01
