3.5581627608e-02 -1.6589667556e-01 1.4069033566e-01 -1.4764007385e-01 1.0585288279e-01 -4.5078622482e-02 4.7654030288e-01 -7.2467109377e-02 -1.7355158493e-01 -2.9116989431e-01 6.2207636158e-02 -1.6987321192e-01 3.0455481442e-01 4.4001910095e-02 2.5089026876e-01 -9.2331357854e-02 8.6101199440e-02 -7.3268835744e-02 2.0276014610e-01 5.6224702075e-01
4.6625444264e-02 3.3389811965e-01 -6.7865369788e-02 3.1301715544e-01 2.7758498012e-01 -6.7866911046e-02 -1.9294473676e-01 -9.2848600794e-02 -2.0216044340e-02 1.2573081035e-01 5.2081869832e-02 -3.5985609878e-01 1.2759375435e-01 8.2973776335e-02 -2.4859126362e-01 3.5133609931e-02 -1.8052147798e-01 -1.1867811319e-01 -1.2228238484e-01 1.0810957677e-01
-1.4799187105e-01 7.4908011334e-02 8.8075721870e-02 -2.7677977537e-03 3.1867073686e-02 -8.3584012370e-02 -4.5056047547e-02 -2.1803353330e-01 -2.9212195708e-01 2.8969701790e-02 5.7351311580e-02 7.2110835764e-02 -2.1693129983e-01 2.6980113429e-01 2.8572168703e-01 -5.0364735852e-02 3.0187194640e-02 -2.4103351998e-01 -2.6039927772e-01 4.0921138925e-01
-1.2647020530e-01 -4.2998177834e-01 -1.7877019306e-01 -4.6597339901e-02 -2.8162677920e-02 1.9938647469e-01 -4.4851577656e-01 7.3191603359e-02 -2.4672783461e-01 1.3858949616e-01 1.6427169871e-01 -1.9197138331e-01 4.9818170500e-01 1.4504466043e-01 -2.4681937704e-01 -2.4278755650e-01 -1.0985281763e-01 -5.6224391590e-01 -7.5016218835e-02 -3.6357192163e-02
3.5736700201e-01 -2.1624542516e-01 -1.8739028650e-01 2.5600714609e-01 -6.1213960477e-02 -2.4180893393e-02 -1.4625558607e-01 2.3206739163e-01 -6.2502366562e-02 4.9724767676e-01 -2.3304476814e-01 5.8111059148e-02 -5.2767629043e-02 3.0205475036e-03 8.6246708921e-02 2.9200518341e-01 3.1588084546e-01 1.6140602493e-01 -1.6113562894e-01 6.1162213555e-02
4.8124054847e-01 4.6268425286e-01 -5.4750542776e-02 7.3648156097e-01 3.1324351896e-01 8.5381889981e-02 -1.2685254526e-01 6.0264039858e-01 -4.4861378523e-01 -4.5630054078e-01 3.4098741167e-01 -2.1005604438e-01 -5.1041746588e-01 5.3709828056e-01 4.4866936384e-01 6.4795608635e-01 7.1654214382e-01 5.5181241900e-01 -1.0627596639e-01 6.5058266120e-01
2.0775026458e-01 -2.7672840555e-01 -5.3882698213e-01 -1.9235342011e-01 2.7787723073e-01 4.5119257625e-02 1.2072143395e-01 -4.4705310186e-01 1.0976350671e-01 -1.6372914608e-02 -3.3155569910e-01 3.1439502628e-01 2.0515114264e-01 9.6322533814e-02 -6.8246698609e-02 -5.1309124091e-02 -2.2480559914e-01 4.7514455196e-01 2.7639576503e-01 2.2074751838e-01
1.4301941118e-01 -5.9363041914e-02 -1.5939858081e-01 -1.7244913493e-01 5.5419962856e-03 -1.1116092190e-01 -2.3396089543e-01 3.1092901414e-01 3.2581401900e-01 -1.9448043614e-01 -5.8076502652e-02 -2.7556504045e-01 -1.7210577638e-01 6.3521095132e-01 4.2784844226e-01 -1.8236402350e-01 1.3450324922e-02 8.5135121943e-02 3.0713871053e-01 2.1077240378e-01
1.6845020013e-01 2.8199739614e-01 -2.3372780201e-01 3.4466681066e-01 1.0695326972e-01 2.9013813937e-01 -3.6806023412e-01 -1.5154886742e-01 -4.6816138846e-01 -7.5922225034e-02 -3.4512684516e-01 -1.5627570241e-01 7.7004093059e-02 2.1674486954e-01 1.8956571013e-01 -2.1572051165e-01 -1.4244777692e-01 1.1781243977e-01 -3.4057549325e-01 6.0538459816e-01
4.9238161093e-02 3.2496247159e-01 1.8994459202e-01 4.9917271013e-01 1.1519641021e-01 2.6691697007e-01 -1.6071318052e-01 -1.5275590207e-01 -2.4929865889e-01 -9.7732053842e-02 4.9933720405e-01 -8.4534428818e-02 1.5219458039e-01 -3.0957201807e-02 -1.8920513948e-01 2.1409164888e-01 8.9383266072e-02 -9.6628902635e-02 1.2341960589e-01 4.5777139741e-01
1.6722805048e-01 -2.6449204324e-02 2.1257890061e-01 3.5737074291e-01 1.9424487628e-01 -2.6282518032e-01 -1.6813312643e-01 2.5013651225e-01 1.0798205341e-01 -4.9384591794e-02 -7.7520819681e-02 7.9365427276e-02 3.5060150145e-01 -1.2518267077e-01 -4.9751229114e-02 3.1601409778e-01 2.9193241479e-01 -7.8049004338e-03 -1.8585953148e-01 1.6832731155e-01
-3.4627604563e-01 -2.9889867693e-01 5.2769078655e-01 1.4861410533e-01 -1.0910699606e-02 4.4290549527e-02 1.0821328796e-01 -1.4724364295e-01 3.3779965203e-01 -4.2766596661e-02 5.8658725912e-01 3.0550864989e-01 -3.5207659591e-01 2.4005195524e-02 -2.0841022904e-01 -1.9056249529e-01 -3.1413660956e-01 3.4050994483e-02 -9.1295778155e-02 -3.7107467619e-01
3.2010410520e-01 4.2295935912e-02 -4.9274080147e-02 2.6788563981e-01 -1.4561700075e-01 -2.5036964152e-01 -2.5148109938e-01 -7.7686524679e-02 -3.0849870563e-02 1.6251523309e-01 3.3208623650e-01 -1.9149490487e-01 5.2182030077e-02 7.2506901654e-02 2.6413419146e-01 -1.7814351263e-01 -1.6686141563e-01 1.1688512024e-01 1.7354714839e-02 -4.6951597410e-01
2.1026690786e-01 7.3659239630e-02 2.5982448441e-01 -2.8909642322e-01 -2.6113366414e-01 -2.5634481762e-01 -4.2353817819e-01 1.1273616030e-01 2.8086981398e-01 -5.8376404475e-02 4.6369613421e-02 4.0602913962e-02 -4.4347014352e-01 1.6915996536e-01 1.0701618458e-01 1.3228776415e-01 1.2935481370e-01 -1.3671948823e-01 -1.1530742216e-01 2.4567542683e-01
1.9106967471e-01 -4.5142698985e-02 4.5018686644e-01 4.3516987943e-01 8.8025990513e-02 -3.1405889074e-01 2.2410085970e-01 1.2497391826e-01 3.3978518748e-01 -7.7909283975e-02 5.4988072441e-01 1.7133832340e-01 9.5490770171e-03 2.5409121812e-01 3.0188259038e-01 1.2662443803e-01 -1.5797718322e-01 4.9351970854e-01 2.2647017310e-01 1.6386182757e-01
2.5197290522e-01 -4.5735494735e-02 -4.5583685270e-01 1.6893361907e-01 1.3459431209e-01 8.3661651542e-02 -1.9948334839e-01 1.3724713541e-01 -2.9389543400e-01 3.6853061392e-02 1.9399772099e-01 -3.1160245877e-01 5.4029772191e-02 2.0176800646e-01 4.4462879543e-01 2.6900374039e-02 -1.8514691131e-01 4.0883468512e-01 -2.4581388471e-01 3.5978915218e-01
-6.5820253213e-02 -5.2940241397e-01 -8.9678098563e-02 -9.2269527132e-03 1.6605988488e-01 -1.8285263116e-01 5.9496941705e-02 -2.7846271634e-01 3.0267922053e-01 1.2190321546e-01 3.4998733431e-01 -3.4085486275e-01 -2.8290341893e-01 -4.1922766201e-01 -3.3259627228e-01 -1.8437883345e-01 -1.9997226335e-01 -4.5007421086e-01 2.0025029641e-01 -5.4770536472e-01
1.6887123488e-01 2.6627633442e-01 1.7203796639e-01 6.5235268519e-02 -1.1250140044e-01 -3.7396138126e-01 2.1817233816e-02 4.8545453632e-01 5.4561870203e-01 -2.9191963847e-01 -2.2409074243e-01 -2.8119718376e-01 -2.9475735946e-03 -2.1158421993e-01 1.0469870190e-01 2.0306351160e-02 9.2195187812e-02 -1.4470362948e-01 -5.8647672013e-02 4.3189080474e-01
-1.7738208575e-01 -5.4438461750e-02 9.0263073759e-02 -5.5905015332e-02 -3.5946002231e-01 -2.4927931988e-01 -1.0018604915e-01 1.3306826474e-01 2.0651809287e-01 1.1274219343e-01 -1.7496931364e-01 2.5337746297e-01 -2.1659805312e-02 -2.5051970889e-02 -4.2611102159e-01 -6.2290401417e-02 -1.5564083652e-01 -5.0638090279e-01 -9.2214195741e-02 -1.4067729715e-01
-3.2645998007e-01 -1.1566560177e-01 -1.5065448293e-02 1.4692493636e-01 1.2926675132e-02 -4.8044946286e-01 2.8601911041e-01 -3.8470545772e-01 2.7400500235e-01 -6.8853067712e-02 7.2577157942e-02 -1.6958882765e-01 -7.9317897746e-02 2.5248500996e-01 -2.5253589514e-01 2.8614044861e-01 2.6470187106e-01 -5.6022048791e-02 1.4974420110e-01 1.2181187019e-02
