-1.2554166217e-01 -1.6906692433e-01 1.8667025087e-01 3.4438112220e-01 2.2781811770e-01 1.5130331250e-01 6.3122042873e-02 -4.2248829351e-02 -8.2810138056e-02 -2.8998863664e-01 -1.3579134546e-01 4.4659117882e-02 -5.5568121918e-02 1.2066483433e-01 6.4518807828e-02 3.1434406665e-01 2.0527680124e-01 2.5179502488e-01 1.7115934611e-01 -1.3696905161e-02
5.2443148026e-02 -2.8387995318e-01 -1.8825711172e-01 3.4554315503e-01 -1.5394389770e-01 -2.8256268574e-01 -2.0768651704e-01 1.7361612322e-01 -4.0562687290e-01 2.6976183450e-01 -1.3377068962e-01 8.6173027124e-02 4.4546686681e-01 -9.5216813024e-02 -4.9117309958e-01 -1.2461186812e-01 -8.0230333460e-02 -2.3447923919e-01 -1.3202932154e-01 9.6382141515e-02
1.0529715850e-01 -1.1200809126e-01 -6.9119149008e-02 4.5014362650e-02 -1.4826214669e-01 1.3427905839e-01 -2.6782423188e-03 2.5085048330e-01 3.6834253453e-01 1.3242986491e-01 -5.1049712024e-02 -1.9656006801e-01 -2.9771820722e-01 -1.2797924136e-02 -4.3545090615e-02 -1.4812368074e-01 2.9749493466e-02 -3.6733812895e-01 -2.4405321010e-01 1.2276073234e-01
-2.4127143062e-01 -2.6355664048e-01 -3.5455602974e-01 -1.2080203880e-01 1.8264416969e-02 4.3765349270e-01 5.1045398768e-01 -1.7054131068e-01 -4.5679639845e-01 -2.9104782161e-02 2.3524098294e-02 1.0468800546e-01 4.0100429461e-02 -1.0975915556e-01 -1.3846410206e-02 -7.7150884242e-01 4.1338512302e-02 -2.3727698728e-01 1.4777024061e-01 2.0379964941e-01
1.2473332559e-01 2.3324639636e-01 -3.3959810067e-01 7.9261386118e-02 -1.1772291659e-01 -2.3988086343e-03 -4.9397457005e-02 -3.7876932160e-01 9.7416028741e-02 -1.9524832133e-01 -1.3116443462e-01 -4.8936707670e-02 -4.5608671675e-03 -1.3651229190e-01 -4.4215985589e-02 -1.9415707896e-01 1.5032301203e-01 -2.8173220173e-01 2.2148260978e-01 -1.1203163630e-01
2.2165256438e-01 3.4225737616e-01 -1.2652985492e-01 -3.2657693069e-02 1.9593719909e-01 -4.5256565773e-01 -2.4710934957e-01 -2.1463187393e-01 -8.5482458014e-02 -1.2919858184e-01 -2.5243734680e-01 1.2304166657e-01 -1.7915768217e-01 3.5552827401e-01 -2.5433257626e-01 3.4356419638e-01 1.3271074232e-01 -2.1895524371e-01 -1.2848404371e-01 1.6830276347e-01
-3.4472345515e-02 -1.1958327400e-01 -1.0224621253e-01 -1.9262047518e-01 2.1488302338e-01 3.9085734739e-02 3.9103956921e-01 1.1116124443e-01 3.7072905084e-02 7.8221257929e-02 2.0118465577e-02 -3.1711894998e-01 -1.6410209322e-01 -2.3360116757e-01 2.7194229877e-01 -2.0955689598e-01 7.2995350150e-02 -2.7766690581e-01 -8.7051050995e-02 -2.2738876173e-01
1.1925772720e-01 1.6124826374e-01 2.1516896121e-01 -3.0366761343e-01 -4.1260353422e-01 4.6814958449e-01 8.0861399505e-02 2.2154540161e-01 -5.0397751683e-02 -4.2492117197e-01 1.8039538518e-02 -3.0587976103e-01 2.5559276731e-01 -3.3912317584e-04 3.6379168514e-01 -1.3209219076e-01 -2.2077980800e-01 -3.5672051714e-01 1.9049598843e-02 -8.0675450988e-02
3.6579741293e-01 2.5223433516e-01 -2.1405684555e-01 -3.8035619322e-01 -3.1738565495e-01 2.9997024591e-01 -1.7252314074e-01 3.8064394235e-01 1.5781661842e-01 1.6791004129e-01 2.5322638025e-01 -3.7162848854e-01 -2.0514842351e-02 1.2298363344e-01 -1.9331064607e-01 -1.3767091965e-01 2.4158305917e-01 5.7957116819e-02 -3.4598827561e-01 4.1056745034e-01
2.7207609249e-01 -7.1402307042e-03 6.3184166768e-01 -1.2010094091e-02 -5.2219429849e-04 3.7775084541e-02 -5.3620281727e-02 2.4569971916e-02 1.2925604348e-01 4.5091176975e-02 2.0081993375e-01 -1.5935202304e-01 -1.5033440307e-01 -5.7757516705e-02 2.9933603922e-01 3.1951792872e-01 1.6584296069e-01 4.2815618831e-02 2.4062763926e-01 1.2715279577e-01
-2.8265297540e-01 -2.9539277783e-01 1.9947031332e-01 2.6026611158e-02 1.4476067587e-01 6.1454817260e-02 -1.9183195244e-02 2.3442647923e-01 -1.8317289004e-01 -1.7795670783e-01 2.6672173075e-02 8.4996928171e-02 4.8548369569e-02 -1.6802271656e-02 4.7787577491e-01 -1.2908449685e-01 -2.2993038128e-01 -1.3966003084e-01 1.0229861031e-02 1.1864501553e-01
-9.7170583557e-02 -2.5961593868e-01 -1.4548097395e-01 -1.3456558308e-01 1.3256117685e-01 3.5225915632e-01 -4.2156145530e-01 1.8926147194e-01 -5.1407706775e-01 3.4222755101e-01 -1.2147459143e-01 4.4524817336e-01 -3.5045079508e-01 3.6071627673e-01 2.0113250694e-01 3.0454897624e-01 -1.2640001261e-01 2.1085134014e-01 2.3800469483e-01 -1.3844108653e-01
1.3992406123e-01 -7.7083537885e-02 2.1001555946e-01 -1.2085559838e-02 -2.9638023498e-01 -1.7838815413e-01 -7.8779303634e-02 -5.4698873015e-02 -2.1398939311e-01 7.3630902838e-02 1.4567487942e-03 -3.3653190667e-02 1.0536821755e-01 -3.6233609377e-01 -1.3229587508e-01 -6.5442359894e-01 -7.9817541709e-02 9.6445480913e-02 -3.2612909646e-02 -2.8850725449e-02
-3.4884364769e-01 -2.9475838701e-01 -3.5178989481e-02 -1.6841511328e-01 -2.1549730809e-01 1.4604550597e-02 1.2279230051e-01 4.8672580571e-02 -5.6192281770e-02 2.3095050490e-01 2.5028507361e-01 -1.9590518624e-01 -2.1413295629e-01 -8.7046113810e-02 -5.1824080828e-02 -3.0975439267e-01 2.5127054947e-01 -1.3573593618e-01 3.9723178086e-01 -1.7086494198e-01
-9.1043818302e-02 -1.3846449828e-01 -1.5834494339e-01 2.7232284598e-01 1.6238502179e-01 1.2401839165e-01 -3.9321130747e-01 4.2907879775e-02 1.6375696738e-01 4.7615244227e-02 2.1107758282e-01 1.5661110010e-01 2.4330352911e-02 -1.6277456320e-01 1.0437441307e-01 2.2663546778e-01 4.5653589259e-02 1.1647954697e-01 4.0046453013e-01 -5.6111712584e-01
5.7819925001e-02 -2.6421667189e-01 4.3521137646e-01 2.0804258266e-01 -4.0773250046e-01 -2.6354507222e-01 -5.1774682005e-01 -2.2563399431e-01 -1.4516836557e-01 -1.1902825162e-01 -2.4719253421e-01 3.6721838434e-01 4.5397793246e-02 5.0401648509e-02 1.6398660060e-01 2.2702175482e-01 1.7069004793e-01 2.3527488713e-01 3.8649171257e-01 -1.0538006997e-01
1.6712500140e-01 -9.5792206039e-03 -2.4207600893e-02 -9.2524539549e-02 -2.6407287171e-01 -5.9988809544e-02 -1.9392007115e-01 -1.1163153725e-01 -3.0412890382e-01 -2.3767291889e-02 -6.9267957559e-01 -2.2425309309e-01 5.0239649511e-02 -3.1457569485e-01 -4.0862988979e-01 -1.3992653811e-01 -9.4477672351e-02 8.5498493076e-02 6.1470136939e-02 5.7855808379e-01
2.9853817837e-01 1.4157617152e-02 1.1808024565e-01 -2.6331616025e-01 -3.5523668692e-02 -3.3866956773e-01 -1.4911910201e-01 2.8341289938e-01 3.2384858281e-01 2.1902626012e-01 1.9874786782e-01 1.0247405543e-01 -7.6891431974e-01 -8.8756252339e-02 -3.8085685357e-01 2.2794344535e-01 3.1406986986e-01 1.5832636234e-01 -1.9990459978e-01 2.0574073195e-01
-8.1984033381e-02 2.2705152124e-02 2.0687883242e-01 1.6601865088e-01 -2.0346149372e-01 8.8907273475e-02 1.0737320870e-01 -2.0030603935e-01 7.8027646750e-02 -1.8238238889e-01 -5.4421190430e-02 -1.8156016801e-01 2.1930803246e-02 -5.0951005955e-01 1.8904554179e-01 1.8774866401e-02 -5.7005556060e-01 -8.2520874261e-02 -5.8686189416e-01 1.4965901767e-01
4.3046132485e-02 -4.2014333311e-01 4.5017005226e-02 -3.7276124955e-01 -1.3321472554e-01 -1.9287149871e-01 2.1215496447e-01 -6.6552650418e-02 -4.4146218103e-01 -5.6030466612e-02 3.4269283844e-01 1.6541659523e-01 1.2309458523e-01 -3.6861147189e-01 -4.2047178338e-01 -3.1717836088e-01 1.5215063560e-01 1.2482019579e-01 2.0940030487e-01 -1.0718752479e-01
