3.1511286729e-01 2.6070168701e-01 1.7916812750e-01 3.7226604706e-01 -8.5962447225e-03 -1.3961228870e-02 1.1418085998e-02 -2.4806884357e-02 -9.5479409520e-02 2.2855761052e-01 -3.4891816246e-01 -2.4061777833e-01 6.5587671198e-02 -9.5416998326e-02 -1.5522949083e-01 -4.0287483745e-01 -3.2783787604e-01 -3.9190809905e-01 1.9084552686e-01 -1.0662963776e-01
2.1883420061e-01 1.8379847066e-01 -3.7468673335e-02 -2.3669889765e-01 5.1495602552e-02 6.0369887484e-02 6.6893590171e-02 -8.9356283667e-02 2.7075363522e-01 1.1507090123e-01 6.1989480510e-02 5.4312402358e-02 -2.7592565872e-01 4.1856419143e-02 -8.4008364666e-02 -6.8301624122e-02 -6.6598468034e-03 -1.6490077570e-01 2.7508101428e-01 4.4420293295e-02
-3.1473810437e-01 3.2706068034e-02 -2.3086417215e-01 -5.3791098503e-04 2.9626745526e-01 6.7114930243e-02 -3.0440409731e-01 7.0683780489e-02 1.5578758915e-02 9.8700396698e-02 3.2403935948e-01 -5.7752996159e-02 1.5271006358e-02 -3.3269757976e-01 -2.3713393706e-01 1.1139750292e-03 -4.1229294318e-02 -1.6670179639e-01 -1.5907945892e-01 -1.5888203978e-01
1.6464256312e-01 -1.0095519006e-01 -3.0522730791e-01 1.2540141871e-02 -5.9104199791e-02 -1.2355146036e-01 -2.3768861203e-01 1.5217776051e-01 3.4821087350e-01 -6.3964136042e-02 2.8644912451e-01 -1.5034278694e-01 -2.0078519955e-01 -2.3863132217e-01 1.1373288167e-02 9.9067335670e-02 8.6866162848e-02 3.4051654225e-01 -4.5414307521e-01 4.0891241988e-02
1.7474468090e-02 -1.9108011905e-01 -4.2356239007e-03 -1.5413692801e-01 5.3635939184e-02 -1.8873742221e-02 9.3373966175e-02 -6.1057647494e-02 4.4067116032e-01 2.1575763715e-01 2.9140473502e-01 2.4503344075e-01 1.9233004388e-01 -1.0689346625e-01 1.4386442121e-01 -2.1150901264e-02 -5.2909238154e-02 8.0946194324e-04 3.3701763069e-01 9.6514038361e-02
2.3167739818e-01 3.6110112129e-01 -2.2843112770e-02 -3.8014222496e-01 -2.1076282837e-02 -2.6896718474e-01 -3.7278335738e-01 -3.2093856782e-01 4.1927134253e-01 1.1028556720e-01 -3.1500876457e-01 3.3508593204e-01 5.4265469599e-02 3.3072027261e-02 1.1589633547e-02 -1.2995097700e-03 1.4895728568e-01 -2.2394678616e-02 -2.8038818590e-01 -2.4514561809e-02
3.2774227437e-01 -4.0703867770e-02 2.3317408389e-01 -1.6237024063e-01 -4.6493759084e-01 -2.4601786844e-01 1.2152951544e-01 1.2544298611e-01 2.1273977816e-01 9.2215096141e-03 -6.5433153171e-02 -1.4040719881e-01 2.7422416632e-01 1.1627279890e-01 3.5898505510e-01 1.0115355787e-01 -1.6267399691e-01 -1.3873141738e-01 -3.3987445396e-01 1.9789030133e-01
-2.0776077323e-01 4.7872673022e-01 1.8011670447e-02 -1.5203792858e-01 -1.1332692760e-01 2.6670405542e-01 -3.5392856420e-02 -2.8616642821e-02 2.0267429725e-01 1.2979574019e-01 -2.9392019845e-01 1.8495054061e-01 2.7985989657e-01 -2.0323171885e-01 -2.7385563910e-01 -1.5049580079e-01 -9.8690180859e-02 6.8107941996e-02 -4.1639206085e-01 6.7300442850e-02
-4.4603934870e-02 -9.1349971224e-02 -2.8066441799e-01 -3.7782974471e-02 2.2033349108e-02 -5.7213016157e-03 2.6171099567e-02 -6.1684468449e-02 -1.5344035437e-01 -1.9176646287e-01 -1.5397117032e-01 6.3935336954e-02 1.0879956083e-01 3.8375987142e-01 -6.5349211248e-02 7.9294635015e-02 1.7185976524e-02 -3.4313166848e-01 -1.6481410984e-01 2.7052054347e-01
-1.8540701346e-01 -8.8112744126e-02 -6.8965032050e-02 6.2388845353e-02 -1.7510309715e-01 -3.4490598373e-01 -1.4934035014e-01 1.2085095385e-01 7.0832150775e-01 4.6759784821e-02 -1.0228619613e-01 -4.5200795598e-01 -5.8890789682e-02 4.7541721223e-01 2.7409788723e-01 -3.1394758261e-01 3.7896494144e-01 -1.5153770365e-01 3.4883290961e-01 -1.9165451188e-01
1.9914405838e-02 -2.8863585224e-01 2.8276125658e-01 7.0690350389e-02 -5.1658013808e-01 -4.2245639167e-01 -1.6063701682e-02 -3.9108674818e-01 -1.8100591624e-01 1.4706280101e-01 -4.1697419491e-02 4.9553866886e-01 -3.3320291079e-01 2.2979119201e-01 1.0517445318e-01 -1.8323551875e-01 1.1273484209e-01 -5.0983709936e-02 1.8445404614e-01 4.0124431281e-01
2.4070960169e-03 -8.8796151929e-02 -2.6962684940e-01 5.1491007346e-03 1.3916488427e-01 1.8622855004e-01 -7.7868754466e-02 3.0369375552e-01 8.6098762476e-02 -5.5140124731e-02 -4.4753356603e-02 -6.1136701724e-02 1.7041426325e-02 2.8344912266e-01 -6.0183996240e-02 5.8667276961e-03 -9.5703874630e-02 6.6451211105e-02 7.8983996049e-02 -4.7184745669e-02
-3.0799937862e-02 -2.6093289672e-01 4.0113330285e-01 4.5685280511e-01 3.8885301002e-01 -1.0858653893e-01 -2.2039227431e-01 -1.1819344319e-01 -3.8151708111e-01 -7.5514550110e-02 3.4807217995e-01 3.7301245327e-01 2.2197786889e-02 2.2552954179e-02 4.2489310523e-02 -1.7159805710e-01 1.9813951015e-01 -4.8330754928e-02 1.5098336520e-01 1.4114945331e-01
-6.0321726544e-02 -1.0637859518e-01 2.0146189582e-01 6.2348266158e-02 -1.7744060006e-02 -1.4437364193e-01 -3.0521987257e-02 1.8937452483e-01 -7.0024226842e-02 -1.1700672933e-01 -4.6660274263e-03 -2.8050575081e-01 1.1434606613e-01 1.8654270447e-02 2.5933240568e-02 2.4895484679e-01 -1.2964337859e-01 -1.6280022344e-01 5.1017640581e-02 -1.6830258064e-01
-2.6531465040e-01 4.0529989552e-01 -1.2186632213e-01 -6.5468223984e-02 -2.9648255446e-01 -2.1553580048e-01 -2.1632945328e-01 -2.0822678035e-01 -9.5322609547e-02 4.6963494901e-02 -3.9936759331e-01 6.2392204318e-02 -1.3282944425e-01 2.8766522305e-01 6.6000540459e-03 4.4763306050e-01 1.7468786966e-01 -1.5785522647e-01 1.1615561710e-01 -1.9433376980e-01
-7.4344662300e-02 -7.0384861794e-02 9.4844595665e-02 -6.9256261886e-02 1.4391196791e-01 -2.8161713974e-01 -2.8786546021e-01 1.3314381891e-01 2.6665231627e-01 1.9574253198e-01 -3.4432079310e-03 -6.1757528185e-02 -4.2262122197e-01 1.5440592996e-01 -4.5438377528e-02 6.6432268965e-02 8.4351404377e-02 -1.5759585806e-01 -1.1808166871e-01 9.0344190584e-02
1.2937599113e-01 1.4528250137e-01 -6.4331372322e-01 -3.2086908661e-01 -2.6473258340e-01 2.0661286032e-01 1.6086411726e-01 3.1112245919e-01 1.4512169390e-01 -1.0689935541e-01 -1.7113268093e-01 -3.5484688798e-01 -7.2542182860e-03 2.1356086159e-02 -1.0906241941e-01 -7.8967839597e-02 -2.5329494553e-01 1.6721905046e-02 4.1468336337e-01 9.1910813954e-03
-1.5832961157e-02 2.9579157157e-01 -1.9644531448e-01 -8.2095504701e-02 2.6137718318e-01 4.0928227023e-02 5.5990598918e-02 -1.4963107674e-01 2.4770358321e-01 -1.8574482014e-01 3.1453573628e-02 -1.5640792314e-01 -1.0601712857e-01 1.2547895692e-01 -8.3056816524e-02 1.4987694552e-01 9.1163412908e-03 -2.2571330781e-02 3.9505943381e-01 1.8760169337e-01
-7.0413628233e-02 8.5482076772e-02 4.2647229234e-01 -1.5050118267e-01 7.5353786913e-02 2.7072410279e-01 1.0410574480e-02 -4.0922171422e-01 -8.6184687045e-02 3.4749362411e-02 2.6154720296e-02 -3.6154265747e-01 -4.3759898242e-01 1.8436451400e-01 2.1360932902e-01 -4.6639190752e-02 1.8935984972e-01 -2.0364462682e-01 -4.6272332684e-02 1.7824787466e-01
4.4546873020e-01 -1.0791534608e-01 -3.0737909816e-01 3.9157054386e-01 8.5641801607e-02 -3.8657148808e-01 -1.9298475233e-01 -2.7629367621e-01 -5.0876090283e-01 1.7294717733e-01 3.5470436942e-01 1.0261167027e-01 2.3998693743e-01 -1.2512797179e-01 9.8961642657e-02 -2.0794353596e-01 3.0282826860e-02 1.8449085846e-01 3.6336265843e-01 2.5343124478e-01
