1.0020725564e-01 -2.8847395594e-01 -3.3621268433e-02 -3.1564732454e-01 1.7701997998e-01 -2.3769348709e-01 -3.3394404339e-01 1.1472004137e-01 1.5432341520e-01 6.1258002787e-02 2.7074419670e-01 3.2775313186e-01 6.3919826169e-02 -2.7199692824e-01 6.0363486007e-02 -4.2590988249e-01 -2.5905970102e-01 3.1551135767e-02 -6.3105432020e-02 4.3389015070e-01
-2.9420782862e-01 -1.1776684386e-01 -1.6515632698e-01 9.7643865698e-02 1.2692982155e-01 3.6397413967e-01 4.1180976262e-01 4.1947159048e-01 2.4986824003e-01 -3.7814478402e-02 1.4936794098e-01 1.9890191633e-01 -2.6944850315e-01 -5.0595164949e-02 3.6040160294e-01 -7.8235982365e-02 -1.8288153721e-01 -1.4011373488e-01 -8.8442499714e-02 -3.5704402690e-01
7.3130420991e-02 -1.5693770455e-02 -9.9527933000e-03 -3.4197666186e-01 -1.7386419131e-01 -7.2600635065e-02 2.7304091997e-01 -1.6285387649e-02 -4.8089327613e-01 -2.9440221303e-01 8.8442607290e-02 3.1226659968e-01 3.1272640015e-01 3.4771926210e-02 -1.7917783537e-01 -2.5851574303e-01 1.1236624174e-01 -8.1237337424e-02 2.5098342903e-01 -8.6066703461e-02
-4.6426304896e-01 -5.8366187091e-02 2.3373041503e-01 9.5069219306e-02 3.8532759017e-01 -2.4658377096e-02 -2.0463123799e-02 3.0952105842e-01 -7.6328717159e-02 2.3897659222e-01 8.0720465559e-02 3.7423178748e-01 4.7914072552e-02 2.3984967263e-01 -1.9177631068e-01 -7.4109960983e-02 1.0997234261e-01 -3.5240110206e-01 -1.7497975844e-02 -5.9746569575e-02
-1.6163580189e-01 1.2840034075e-02 -5.9447792635e-01 -9.8360725296e-02 9.9875718183e-02 1.7602286450e-01 -5.5404603753e-01 6.3722301156e-02 -1.5980672026e-02 -1.6108049821e-01 -5.9243056859e-01 -1.5380403131e-01 2.5059506925e-01 -2.0123531300e-01 -1.6217698350e-01 4.9646208876e-01 -1.2119399679e-01 -2.0750670201e-01 2.1997505731e-01 1.2043669671e-01
-1.6752979559e-01 4.2259758727e-01 2.5750331457e-01 -2.9865881537e-01 -2.4733701971e-01 -1.3120673794e-01 -2.6251966407e-01 2.9199548806e-02 -1.1322132588e-01 -1.6854636618e-01 4.0795124125e-02 1.0601345425e-02 1.8297606139e-01 -2.8879979859e-01 5.8369013757e-02 -1.2821668718e-01 -2.1684113915e-01 1.5404131020e-01 6.7193916000e-02 3.8276066459e-02
-3.0542334238e-01 3.0687659044e-01 2.3401608451e-01 -2.9946097270e-01 -2.0047543192e-01 4.8425258720e-02 4.5384401222e-01 -1.5368157372e-01 5.3957946788e-02 -3.8222971158e-01 -4.0617733363e-01 2.5164797470e-01 1.6331117596e-01 -1.3036865531e-01 2.5587480025e-01 1.8382211913e-01 -1.2280159615e-01 -2.8877150880e-01 -1.1581208836e-01 -3.4918437076e-02
-2.8969298286e-01 -3.2967221410e-01 -1.2689862672e-01 1.8294760302e-01 -1.4888293435e-01 1.4031223974e-02 -2.7560618249e-02 -1.3178367017e-01 1.1410601447e-01 -9.0076932627e-02 7.1498450014e-02 -2.8080036663e-01 9.5977773194e-02 1.9487382987e-01 3.7119522595e-02 -1.1013764048e-02 -7.1417355914e-02 -4.2628054559e-01 8.3297681189e-02 -1.8142964047e-01
-8.6689242368e-02 2.4629573186e-01 3.6706631830e-01 -4.0135776223e-01 -2.8176104217e-03 -1.4969484641e-01 -3.8027738156e-02 1.9337767295e-03 -1.2819562943e-01 -2.2758718344e-01 -2.0974753918e-01 -3.2125708011e-02 -3.7124876215e-02 1.0802575557e-01 9.0119279346e-02 -8.3097976284e-02 -1.6717025771e-01 -2.5074421460e-01 -3.1597029181e-01 7.5488156880e-02
-5.7854711458e-02 3.6006587241e-01 -1.3895148519e-02 3.8709882187e-01 8.2921092647e-02 -1.9399198430e-01 2.8340543334e-01 -7.0852638624e-02 -1.0523818426e-01 2.9912297448e-01 3.5102831946e-01 9.2934916027e-03 1.7079015802e-01 1.5284091334e-01 1.2998935672e-02 3.1935065542e-01 -1.0592168324e-01 -2.9158736490e-01 -1.8480074196e-01 -8.8326055539e-02
-6.3544773819e-02 -1.6682560191e-01 1.3610448442e-01 1.3069867277e-02 5.6343256326e-02 -1.3970783722e-01 -8.2433438003e-02 -4.2404749331e-01 -1.5754171697e-01 2.6343467473e-02 2.5674275824e-01 -1.3275982067e-01 -2.0007586976e-01 3.1054754809e-01 -3.0468098872e-01 -7.5795149548e-02 -1.5192453488e-01 2.0458925862e-01 -8.2689427530e-02 1.4849359369e-01
7.8466760257e-02 1.9792035541e-02 -9.2439037041e-02 1.6534076986e-01 -3.6941071860e-01 2.6256103263e-01 -2.4525962193e-01 -5.4658522015e-02 -1.5874506760e-01 7.6645999229e-02 1.8536780683e-01 -5.0785301398e-02 -4.2866911590e-01 -3.4961903184e-01 2.5331248820e-02 2.9536921357e-02 2.6090434520e-01 8.5058072986e-02 -2.1535724041e-01 -1.8487881269e-03
-1.1936828101e-01 4.4008531507e-01 1.4226406581e-01 3.5598092563e-01 2.0080954385e-01 -1.3702192534e-01 -3.1317838455e-01 3.1029670051e-01 -2.1435408127e-01 -9.3854629456e-02 1.5588374085e-01 4.9811781280e-01 -1.0054411308e-01 -6.7707388261e-02 -1.1707747867e-02 2.5158357267e-01 -9.0802617309e-02 -1.7039514907e-01 1.9434439748e-02 -2.7773664059e-01
-5.3368262389e-01 4.0104175773e-01 -2.3933869587e-01 -4.2652345410e-01 -4.9765229420e-02 -1.3550839786e-01 4.9318032763e-01 1.8590644423e-01 -3.0246662527e-01 -7.3160323940e-01 8.6700367270e-03 2.1666267311e-01 2.2251061204e-01 1.9015352963e-02 -5.5799391388e-01 -5.3960485700e-02 -4.9754207568e-01 6.7604022425e-01 1.7314981967e-01 2.0794229289e-02
-3.1593930562e-01 1.0925234627e-01 -2.1921060290e-01 1.5153631786e-01 -2.6311033885e-02 -4.7637122201e-01 1.4959179545e-01 1.8707848529e-01 -2.5184141332e-01 -1.7687896093e-01 2.8272858431e-02 -2.1972062490e-01 -5.1470794285e-02 -6.7042571391e-02 1.0663892881e-01 -4.7210568299e-02 -8.2574393376e-02 2.8286849106e-01 1.7946158795e-01 6.3095867418e-02
-5.5483734941e-01 -2.8716496754e-01 -3.4817219249e-01 8.2442511610e-02 -2.5308146580e-01 -1.3427543520e-02 -2.6245226753e-01 -2.0453917309e-02 -1.3787179595e-01 -2.6518888464e-02 1.8374350889e-01 7.8623018607e-02 3.3817884609e-02 -2.2199077287e-01 1.1041678902e-01 -3.1725748991e-01 -3.3863863816e-01 -3.0621667555e-01 -1.6253372222e-01 1.8994623316e-01
1.9144553526e-02 -7.5918177938e-02 -3.8678553926e-01 3.9859553354e-01 -3.8454282812e-01 -1.0927417459e-01 -1.8061107530e-01 2.7164855636e-02 -2.9354193900e-01 9.5724479355e-02 3.4486602950e-01 -4.9680845342e-01 -1.9461496021e-01 8.0488748263e-02 -5.8067699394e-02 2.3650896041e-01 3.8260439747e-01 4.3233957885e-01 7.3296075117e-03 -2.1663765544e-01
-4.8638096260e-01 -2.0183530350e-01 -3.8924804455e-01 -2.6987850221e-01 1.7709441142e-01 -2.6370762725e-01 -1.4672690257e-01 4.1471079216e-01 9.2017954895e-02 1.5552606669e-01 1.0176587121e-01 -3.3957626252e-01 2.9829826470e-01 1.0172285237e-01 1.4258502860e-01 1.8262709976e-01 -1.0747778100e-01 -1.5577983682e-01 -7.9330250132e-03 2.5776799166e-04
5.9512990869e-01 4.7854592390e-03 2.0750545913e-01 1.2689728931e-01 1.6307930793e-01 -2.5172332050e-01 -1.3749554366e-01 4.8419061526e-02 1.8960317080e-01 -3.6629066287e-01 -6.1203795615e-02 3.8221990131e-01 4.4002764716e-03 1.6556046918e-01 -8.5042509052e-02 3.6569308916e-01 -4.1349244487e-01 4.7113359879e-02 8.2144816838e-02 -1.1064783273e-01
-2.5773420668e-01 -1.2695487611e-01 1.9613386195e-01 -1.6105119090e-01 3.7550057788e-01 -2.7911064492e-01 1.5327365371e-01 -5.3778638023e-01 -8.8288402995e-02 -4.2317007090e-01 -1.2322315049e-01 -1.4268206954e-01 2.3034658309e-01 3.9704335909e-02 -3.6653303394e-01 1.6448562503e-01 -4.0138440667e-01 1.5271946809e-01 -3.1613717877e-01 9.0969874647e-02
