8.3037256269e-02 3.2803081626e-01 -1.5332290407e-01 -7.0556729731e-02 -2.5663206194e-01 -5.9927647118e-01 -2.8146264505e-01 5.7850150185e-01 -4.0793990903e-01 1.5888783123e-01 5.4521176635e-02 7.5107403488e-02 -2.3924235551e-01 1.6010730524e-01 1.5556777950e-01 -1.6923899086e-01 3.5461732588e-01 -3.6789257245e-02 -9.4491508831e-02 2.0611758722e-01
-3.2814327210e-05 5.7694881411e-02 1.1042197887e-01 1.5497233929e-01 -1.4320447889e-01 -2.4165039063e-02 5.3111770911e-01 1.5537455192e-01 4.3776840196e-01 -5.5043321430e-02 -1.6518623493e-01 -1.2447074153e-01 -4.4091856815e-02 4.1817229366e-01 -2.5236261959e-01 -3.6027354481e-01 -1.3766128582e-02 1.7972078554e-01 2.5385315556e-01 -9.2218378799e-02
-1.4429593545e-01 -1.2595684688e-01 -1.4919396191e-01 3.5503803775e-02 -3.6116303981e-02 -8.9086987406e-02 -9.1581157897e-02 -2.7566629393e-01 1.4659568228e-01 -2.1234357850e-01 1.8480585545e-01 3.2723639241e-01 -2.4337130365e-02 5.2362004430e-01 -2.0197622886e-01 -5.4505885450e-02 -6.0517736470e-02 4.7821929708e-01 3.1778629976e-01 6.1010641721e-01
-2.0905461244e-01 1.1881320227e-01 -1.6151796687e-01 2.0110248897e-01 -1.0291258495e-01 -1.1775077662e-02 4.4631273249e-01 4.2588986992e-02 6.3069366609e-01 1.9616701389e-01 -7.6499050228e-02 1.8942290030e-02 6.4514640031e-01 2.4532803063e-01 -2.8454675385e-01 1.5014968328e-01 -1.1652451262e-01 6.5643739972e-02 -3.0353326856e-01 -2.0157049473e-01
1.8689611052e-01 1.1396543233e-01 -6.5546767387e-03 3.3353615502e-01 5.2174480644e-02 2.8637472968e-02 -4.8861421224e-02 -3.0923159026e-01 1.1437649814e-01 3.8942277724e-01 1.0627716967e-01 3.7026461812e-01 1.5178271907e-01 -5.6100243429e-02 -2.3562694253e-02 1.7635657487e-01 2.1452199046e-01 1.6530584440e-01 2.1294215170e-01 -3.7282977065e-03
2.5757698460e-01 2.8953744734e-01 -1.2548184255e-01 3.1796872293e-01 -1.6429101614e-01 8.2396409811e-02 1.1343754534e-01 5.0841103440e-01 4.9425126580e-01 -3.1428844118e-02 -6.9044461937e-03 8.0545379560e-01 1.4606179255e-01 1.0133447560e-01 9.6934520684e-03 -2.2450432873e-01 -1.4248365538e-01 6.3221028449e-02 4.9182536388e-02 -3.8366182897e-01
-3.2851565941e-01 3.5990768126e-01 1.4498804465e-01 -3.0339975909e-01 -2.9660293734e-01 3.8014739548e-01 -7.9939670954e-02 2.7478477872e-01 -1.7162937063e-02 -1.6800372699e-01 3.0530692425e-01 -3.3109379198e-02 3.6689776196e-01 -1.2786694415e-01 -3.1682235636e-02 -2.9163576577e-01 -4.2328612346e-02 7.2424656001e-02 8.9289277990e-02 -4.5858214473e-02
-5.8918628249e-02 1.8949487706e-01 -1.9038497811e-01 -4.1793850729e-01 2.7233208394e-01 -3.0764652639e-02 -8.1800542510e-02 2.0058788243e-01 -2.9169912139e-01 -1.6255354218e-01 -4.7964115423e-01 -1.9878536320e-01 -2.0032216094e-01 3.5012042243e-01 -1.9723433470e-01 1.1002522708e-01 4.5133774201e-01 2.6036638841e-01 2.1480931647e-01 -2.1586412591e-01
-5.7513770371e-02 1.6921522857e-02 -1.8606347073e-01 1.2696296914e-01 -1.3419993288e-01 3.9948973629e-02 -3.6627850703e-01 1.3094865536e-01 5.5786184427e-01 3.9321775828e-02 -3.4744892394e-02 -4.5984856644e-01 -4.7573022928e-01 -1.8436183227e-01 -8.9591672487e-02 -2.9965735714e-01 3.5804849361e-01 1.5318103888e-02 7.3175928397e-02 -7.5737728295e-02
-2.2669756345e-01 3.9166224223e-01 3.4304688155e-01 -2.2074998124e-01 -3.3294647208e-01 -1.3122990333e-01 2.0364881132e-01 8.8438220813e-02 1.0225593956e-02 1.1997089200e-01 -2.7872404575e-01 -2.7523227672e-01 -2.7120607281e-02 6.8181088575e-02 2.2097108426e-01 -1.2880840180e-01 -3.2664019238e-01 -6.0122697132e-01 2.8422059499e-01 -2.4043630761e-01
4.4951074261e-01 -5.4994683655e-01 -4.7235257094e-02 1.3493295408e-01 7.9089916849e-04 2.6516509032e-01 -1.1433789551e-01 -1.2632957232e-01 -3.0035793409e-02 7.1245024318e-02 4.7687346785e-03 -2.7681723873e-02 8.5005831880e-02 -7.3080010065e-02 -1.3396439004e-01 -8.9601010158e-02 5.1961362989e-01 -1.3693480341e-01 4.1109852169e-03 2.4537388881e-01
1.0951407498e-01 -2.1982414697e-02 2.8808040268e-01 4.2192410097e-01 1.0865577615e-01 -7.7995224253e-03 1.6033365550e-01 4.6541740181e-01 3.1662363993e-01 4.5744862667e-01 -1.0755058976e-01 -8.4207503512e-02 -1.3309814657e-01 -4.4548660266e-01 -2.4178839115e-02 -2.3580814570e-02 -4.3176094047e-02 4.1680418524e-01 -6.4503172041e-02 5.6227799679e-02
1.1365997803e-01 -3.7019596537e-01 -2.0770206425e-02 -9.2590480852e-02 1.5362127631e-02 -1.7291345264e-01 1.2495621778e-01 4.6375835507e-02 -3.0083793345e-01 -7.7350159095e-02 -3.2076599135e-01 -3.2576076628e-01 -4.5945746889e-01 2.7995494377e-01 -2.1957507302e-01 -2.4926170647e-01 9.0255747629e-02 -1.0818663098e-01 -4.8258173581e-01 -3.6051379642e-02
7.5504918330e-02 -4.7859412079e-01 -1.6784417721e-01 4.8272002824e-02 4.1183425436e-01 -3.0196232537e-01 5.4285033912e-02 2.7177368839e-01 -3.4962246956e-01 -1.9979910204e-01 3.1032199275e-01 1.3300855380e-01 4.7417285193e-01 -1.6737344381e-01 1.2147023659e-01 6.3315043655e-02 -3.2121200577e-01 -1.4577399084e-02 3.9744409894e-02 1.0299226835e-01
-1.5644280766e-01 -3.1095160835e-01 2.4022569652e-01 -3.1626499249e-02 4.4356068862e-01 -3.8492893792e-02 1.6323125692e-01 -1.7326588073e-01 2.9543987120e-01 1.3919780640e-02 -3.2719409052e-01 1.2554449130e-01 -8.2895393353e-02 3.8244272471e-01 -1.9897096940e-02 -3.8089540908e-01 -3.0368813473e-01 2.5255242169e-01 3.0782282064e-01 -2.7509563996e-01
5.0704731926e-01 7.3992507642e-01 2.3019807119e-01 2.1225061611e-01 2.5146633555e-01 3.1336138643e-01 -8.5467831473e-02 5.1270623231e-02 1.4503838657e-01 1.1230836991e-02 3.0857174793e-01 -6.1929620086e-01 -2.8255508785e-01 1.5962567357e-01 -1.9249047622e-01 -3.4803357718e-01 -4.2776973984e-02 3.6314323812e-02 -1.7696164357e-01 2.7005822667e-01
5.8723023038e-02 2.4859698388e-01 1.9539417835e-01 4.6501747939e-02 -3.4174712835e-01 2.0848266850e-02 2.8792426065e-01 3.5079065040e-01 1.7632146495e-01 1.9282526789e-01 -7.4117509359e-02 2.7222677286e-01 -3.6173397655e-02 2.2739456626e-01 -1.9403884947e-01 -2.8287432625e-01 2.4742669995e-01 2.0761110655e-02 3.5316157966e-01 -1.8250892734e-01
-4.8837521234e-01 2.8020296628e-01 2.8946016544e-01 -3.0659356536e-02 -3.8027572711e-01 -2.8689368223e-01 1.5716929461e-01 -2.0505157393e-01 -1.5356030895e-02 4.0239683633e-02 -1.5152945664e-01 1.8599689435e-01 1.1632358125e-01 3.8840417583e-02 -3.4361762494e-01 -1.6811646368e-02 -7.1247893149e-03 -3.3777116236e-01 2.0678088119e-01 -2.6589733921e-01
-2.4367763620e-02 3.5638394738e-01 2.3705956622e-01 4.0943718811e-01 -2.7137908745e-01 7.0256927937e-02 6.8185219585e-02 1.6687353374e-01 2.1943872050e-02 2.7157801084e-01 -1.6113205926e-01 -5.2036653130e-01 1.0062799604e-01 7.3508860070e-02 -8.1830077589e-02 1.9278584244e-01 2.9202509948e-01 4.0539569910e-01 1.1432224334e-01 -2.0768596133e-01
2.2289924552e-01 2.2346903150e-01 -6.3392855948e-02 -2.1126586792e-01 -1.5982458838e-01 -4.3499484605e-01 -1.0150631422e-01 -1.0726143504e-01 -2.5328985565e-01 5.0485799163e-01 9.4818721584e-02 -2.5709926926e-01 -3.2892337698e-01 1.0919971551e-01 -1.6911319707e-01 1.2795667217e-01 6.4417799557e-02 -3.2955218502e-01 -2.5697630641e-01 -2.2808657176e-01
