-8.4977423130e-02 -4.1248733056e-01 -1.5412762737e-01 4.0984749656e-01 -7.3378086579e-02 3.2573430558e-01 -4.2164189068e-01 -1.1103587079e-01 -1.9952442063e-01 2.7706284216e-01 1.5464379303e-01 -9.2282719444e-02 -1.8888313005e-01 3.6942882581e-01 9.2016777936e-02 -1.1860856921e-02 3.3976552887e-02 1.8749383480e-03 1.8077924267e-01 -4.3579849676e-01
-8.3378330047e-02 2.9020438605e-01 -2.3709990635e-01 -2.2231054028e-01 8.6547583308e-02 -4.1832049666e-01 -3.1538134764e-01 -1.3843428568e-01 3.5310385986e-01 4.7018966922e-01 -2.3069909692e-01 -2.4967902997e-01 -2.4498128522e-01 -3.7532825430e-01 -1.2255332768e-01 4.0240128890e-01 5.6150340863e-01 -2.5880027975e-01 -1.9283592953e-01 -4.7619121605e-01
-1.4552373808e-01 3.5555351568e-01 -1.0939411433e-02 -1.6427868791e-01 -2.5860237170e-01 -5.1603524829e-01 1.0603206663e-02 -2.9857848633e-02 2.1117817164e-01 8.3629661602e-02 2.2811050405e-01 7.6352843131e-02 -2.4441575163e-01 -6.2055491926e-02 2.5149137655e-02 3.0955768882e-02 1.0071291480e-01 3.9043372597e-01 9.5807877295e-02 -1.2628791201e-01
3.2038057625e-02 8.2948994840e-03 4.2216971966e-01 8.9276770700e-02 3.6314595188e-01 2.8233168077e-01 -2.1256179966e-01 2.6030720871e-01 -9.0377179555e-02 -1.9609300820e-01 -6.4403197417e-02 2.4563593833e-01 1.2333206344e-01 -2.4151106497e-03 -1.4874115906e-01 -7.5378108713e-01 2.2439232198e-03 1.7427455253e-01 3.1181235768e-01 4.3497607432e-02
1.9293320044e-01 -2.4211166427e-02 -1.8293702490e-01 -4.6836709514e-02 -1.8348523164e-01 2.3412330065e-01 9.3476890602e-02 3.1390075392e-01 -3.9238449704e-02 2.0111308399e-02 2.7313178422e-01 6.7845472087e-02 2.4117417886e-02 -4.2113769547e-02 -2.5706350732e-02 2.2088795758e-01 -1.7129669810e-01 2.3438593821e-01 2.7622874470e-01 2.0908514359e-01
1.4053196543e-01 1.0393523681e-01 9.5318710964e-02 -1.2684902952e-01 -2.5520973512e-02 3.1918464948e-01 5.2894909084e-02 -3.8081188839e-01 -2.3557627910e-01 2.0125029356e-01 -1.6458314533e-01 -8.1334094779e-02 -4.3204438759e-01 -4.1988015604e-01 -2.7913563115e-01 1.8514427242e-01 2.5432106015e-01 -3.1422481374e-01 5.1774299941e-01 6.4795330655e-02
-1.1900211196e-01 2.5855834303e-02 -2.3629947666e-01 9.9388715548e-02 1.0186538149e-01 -2.2103969970e-01 -9.1235592133e-02 1.9000831052e-01 -1.8351448208e-02 4.7979125747e-02 -1.9373343712e-01 2.9025173058e-02 -5.2831333734e-02 1.1042161300e-01 -1.6114071299e-02 -4.2752340550e-01 -2.4203140963e-01 -1.9200347350e-01 -2.6926063462e-01 -7.8541173147e-02
-1.5351806192e-01 3.2693838717e-02 -1.6168588583e-01 -1.6358000528e-02 3.0858160566e-02 4.2116726114e-02 -1.7227715398e-01 -6.2304134162e-03 2.1867132486e-01 1.9111775213e-01 -1.8962844521e-01 4.2484898130e-02 3.1118236627e-01 -9.0380514041e-02 5.4049995047e-02 8.9946532954e-02 -1.6852805206e-01 -3.4500491573e-01 -2.8326087512e-01 -1.2643064319e-01
2.2090128346e-01 9.5720529079e-02 -3.9221337559e-01 -8.9029257192e-02 6.7620725123e-02 3.2639332803e-01 -1.1992338908e-01 -2.0542223298e-01 -1.5200084721e-01 -4.3443327925e-02 2.5770618471e-02 8.3356225919e-03 2.9378743333e-01 -2.8988714381e-01 -1.0373000438e-01 2.9868810381e-01 4.2641461426e-02 -3.4374743985e-01 7.0043380290e-01 1.2357443009e-01
-2.4297509436e-01 1.6277964487e-01 -3.3571217301e-01 2.5878419262e-01 9.9702463199e-02 3.7977518884e-02 -3.3501141913e-01 9.2339112533e-02 -1.1614811842e-01 2.3316139533e-01 -3.8530139828e-01 -9.6876063588e-02 5.3976312147e-02 -9.2557970868e-02 8.9268655173e-02 3.1691519935e-01 -2.6481723303e-01 3.5097048442e-01 2.9662440761e-02 -3.4262560154e-01
-3.6228738966e-04 1.1370119217e-01 -1.3158293034e-01 2.6660861552e-01 -6.4203372924e-01 -3.7184118837e-02 3.5655357056e-01 3.4681518834e-01 -4.0254005065e-01 -9.2828308368e-02 5.0996503069e-02 5.3269483449e-02 1.2764884949e-01 4.0197130935e-01 3.0813763492e-01 1.6579321030e-01 1.2511589416e-01 -5.5158744450e-02 1.0328884238e-02 -6.2666565099e-02
2.8553090251e-01 1.2713988718e-01 -5.7902227398e-01 2.0183355687e-01 -4.9638344884e-02 2.0159444400e-01 1.3874188011e-02 -8.4433074291e-02 -2.0453973319e-01 -5.1883186907e-01 1.7500478062e-01 1.6976838251e-01 1.8517280952e-01 3.1944689441e-01 -3.3205550682e-01 -1.5269158388e-01 -6.5410383962e-02 -9.2229601249e-02 4.7931459211e-01 2.6435288637e-01
-3.8992356907e-01 3.4588803062e-02 -8.6796410055e-02 1.7125165076e-01 -1.4822511388e-01 6.4035182397e-02 4.6279623355e-01 4.9766634217e-01 3.8106230112e-01 -4.2523606278e-01 -2.5085776886e-01 1.2635014071e-01 -6.4760990204e-02 3.1211937399e-02 -3.3996024262e-01 -1.6702090617e-02 8.8118158853e-02 2.6314402742e-01 -6.7239680288e-04 -3.6537830351e-02
-9.1583475940e-02 1.5025396320e-01 -1.5338699758e-01 -1.8272982325e-01 1.8498973309e-01 -4.5633807895e-01 6.8608724292e-01 -3.0407573144e-01 9.3071891097e-02 3.9444984100e-01 1.8221404037e-01 -5.6205022761e-01 -2.5974264267e-01 -1.4465615334e-01 7.4680877766e-02 -1.0465302963e-01 -5.3842878440e-03 2.4796280141e-01 -6.8243103643e-02 4.4348952068e-01
-4.6800242770e-03 -2.9616967659e-02 1.6509223642e-02 1.2925091073e-04 -5.6942450058e-02 -3.0436178823e-01 -7.4533108195e-02 -4.6475893079e-02 -4.3690632591e-02 1.4987619776e-02 -5.0726852127e-02 3.5014106938e-02 -2.0694500303e-01 -3.5585703550e-02 5.5221655649e-02 1.4053076325e-01 -8.3959354444e-02 2.1192651994e-01 1.5228352971e-01 -1.5826418777e-01
-1.6125702816e-01 -9.4447585342e-02 5.5170344356e-03 -1.2683399765e-01 -2.8289330443e-01 -6.0564435612e-02 -1.3596018816e-01 -1.8852887076e-01 4.1498682880e-01 3.0101009529e-01 4.3139897924e-02 3.3105438304e-01 -1.6475456926e-01 4.7647625752e-01 1.0604012842e-01 3.0208824386e-01 -1.6447248804e-02 -4.0915273504e-03 1.7776874823e-01 3.1009735741e-01
-7.6951916525e-02 -1.4578090282e-01 1.7955672463e-02 -1.0721777382e-01 -1.7271096121e-01 1.1193767899e-01 -2.8098255459e-01 1.6230273412e-01 5.0249185473e-01 9.7123733917e-02 -4.6706940182e-03 -1.5141298357e-01 -4.3435903747e-02 -5.6678157618e-01 3.9192985906e-02 6.8410994545e-03 -8.6168178220e-02 1.5622619988e-02 2.1013564515e-01 -2.5712222627e-01
3.0850020762e-01 1.0840839220e-01 -1.8002530908e-02 1.5511774974e-03 -2.9992651968e-01 3.4860729049e-01 2.4404371411e-01 1.0583441033e-01 1.8718324850e-01 -1.6456292789e-01 4.5462492348e-01 -1.7183531806e-01 1.3646227075e-01 -7.3549733057e-03 -2.2625425792e-01 -6.4216970802e-01 -7.0931979045e-01 -1.9089189466e-02 2.0219173494e-01 1.6863504342e-01
2.8564903379e-01 -3.8931155279e-01 -4.1746570964e-01 -6.6827147792e-02 1.8629934979e-01 3.9430060926e-02 2.8886354285e-01 -2.3054647679e-01 -1.8351826532e-01 2.4997968069e-01 -1.2223071173e-01 -2.5679456743e-01 2.2840096760e-02 -1.2879715054e-01 4.3869889921e-02 -1.2322389728e-01 1.8584457618e-01 2.9730154519e-01 -4.8133649852e-02 -2.5020851737e-01
1.6911211112e-01 -2.1058638806e-01 2.1089754727e-01 1.2273507275e-01 -2.3543130278e-01 4.3970665540e-01 6.5759803081e-02 5.8464420120e-02 4.9651007317e-02 -3.7538190139e-01 -2.0337424692e-01 1.5989771685e-02 -1.0577787748e-02 1.7231385625e-01 1.5537542367e-01 2.4963265252e-01 -3.6728772029e-01 -3.2355208216e-02 2.5911586885e-01 5.0552893741e-01
