-4.6848142233e-01 -8.7079337836e-02 -4.8235917244e-03 4.1922486084e-01 1.0859146544e-01 1.7553724624e-01 2.8545798993e-01 -1.0183494841e-01 2.4425274159e-01 3.9314895263e-01 -8.6112764834e-02 -7.9528738913e-02 2.0701822191e-01 1.1434261078e-01 1.7000176986e-02 4.9527313924e-01 -6.8221604481e-02 2.0669713181e-01 -3.5473739993e-01 -6.9375602287e-02
-7.4142326137e-01 -3.9828589935e-02 3.0720593540e-01 -4.2681083805e-01 -1.1678886617e-01 2.6706491788e-02 9.1041082546e-02 1.0082034333e-01 -1.0070615591e-01 5.0774396239e-02 -1.0124513134e-01 3.7915083105e-01 -4.6251404324e-02 -4.4799057139e-01 -1.0111047947e-01 -2.1033687225e-01 1.0740026306e-01 2.4082227042e-01 3.4638654643e-01 -1.3978418131e-01
2.4348917407e-02 -5.2234098685e-02 3.3303523255e-01 3.3489271522e-02 -1.0226146347e-01 -5.3455486035e-02 -3.4679627999e-01 -5.3274551231e-02 -7.2589985959e-02 2.6725814000e-01 7.5179740190e-02 -2.7701560582e-02 -1.0816290731e-01 2.0643603715e-01 3.8082771658e-01 1.7985939045e-01 5.0055803331e-02 4.9916967775e-02 -2.1340308570e-01 -5.0449037373e-01
2.3498488967e-01 5.0357969257e-02 6.3901644333e-02 1.4971378000e-01 3.2782882606e-01 9.2732271591e-02 -1.9488960660e-01 9.0538940229e-02 -1.3098985319e-01 4.0661834667e-01 2.5798557783e-01 3.0903675631e-01 -2.2123880506e-01 1.5109842375e-01 -1.4750355045e-01 -1.2122004510e-01 5.8173668001e-02 7.0867990416e-03 4.1087064464e-01 1.3050346652e-01
-1.8820481311e-01 -6.3477160581e-02 1.3804172705e-03 4.7895132059e-02 -3.0536387917e-01 6.6738424616e-01 -1.7401755349e-01 2.0416651802e-01 -1.0015805599e-01 -2.4468785758e-01 2.2995431170e-03 -8.7186467654e-02 -1.3565774870e-01 -2.3574461386e-01 -1.8634285790e-01 9.2050466516e-02 1.9828411792e-01 -9.3982418013e-02 7.0090231767e-04 1.2646604748e-01
5.6154130096e-02 8.8707723965e-02 1.8373331491e-02 -3.7385305723e-01 -1.4763233834e-01 3.4015614691e-01 1.7195277232e-01 2.4923569881e-01 -2.6266309840e-02 7.2128703242e-02 -2.6385842148e-02 2.5217778248e-01 9.3876420349e-02 -2.3684655363e-01 -2.4881153568e-01 2.1435551821e-01 -2.0982018211e-01 -3.2387543785e-01 5.1794478994e-02 3.7195540137e-02
4.8363273310e-02 -3.4489913470e-01 1.6597044218e-01 1.0760758701e-01 -3.9188684337e-01 -6.4286527067e-02 -4.0146372023e-01 -3.6184232146e-01 2.9452185060e-02 6.9464641016e-01 -2.3202221689e-02 -9.2393159229e-02 -1.2956588059e-01 -1.6898089896e-01 3.0786833720e-01 -2.2202532326e-01 -1.3073906486e-01 5.1755034224e-02 4.8508406785e-01 2.9212151706e-01
2.1640917662e-01 2.4386828175e-02 2.5601169917e-01 1.9283945075e-02 -8.7350986327e-02 -3.4806206072e-02 -1.0501565284e-01 -3.2350504274e-01 2.9639045453e-01 -1.5581404349e-01 4.9768794431e-02 -7.2840810168e-02 5.2492362964e-02 1.6910967567e-01 6.6537058926e-02 9.2761558433e-02 -3.9617074099e-01 -2.0792661984e-01 -9.0592572304e-02 -1.2079029300e-01
-3.5220404021e-01 2.4883725310e-01 1.7585743373e-01 -2.9760509283e-01 -9.0349395815e-02 -3.1119109160e-01 4.0242161886e-01 9.9400992422e-02 1.3956963936e-01 -4.9103584696e-01 -4.3533581122e-03 1.6776574372e-01 -6.6329832157e-02 9.9361114827e-02 -3.2147026214e-01 2.3212912169e-01 1.3684933842e-01 3.7251662699e-01 8.5888316968e-02 1.7335952458e-01
-6.6101836294e-02 2.0345893246e-01 6.8393420917e-02 1.3752233423e-01 2.5467443379e-01 2.3851152098e-01 -1.4282946906e-01 -2.7136231185e-02 -2.9991705218e-02 -1.1218240708e-01 1.4665994683e-01 6.7401612522e-02 1.8693210220e-01 2.5366986770e-01 -3.8754261950e-01 1.9737439602e-01 -3.4129796472e-01 -1.6101408503e-01 -1.1180922914e-01 -1.7367249447e-01
-1.0090065634e-01 -1.5394210404e-01 3.2468451732e-01 4.3311188601e-01 1.3748647845e-01 -3.4860483307e-02 5.2110135878e-02 -2.6186251202e-01 8.5690676710e-02 5.3202870750e-01 -2.8758811098e-02 -1.9390685192e-01 -1.0050624119e-01 -6.6520543923e-02 3.8386379153e-01 -4.8928576009e-01 1.2986244089e-01 5.0830931486e-02 1.1256486071e-01 1.5874107027e-01
-4.7735821223e-02 -1.8040987376e-02 4.0949373386e-02 2.1746611591e-01 2.7289100891e-02 6.2537312864e-02 -1.8749501403e-01 -5.4910996005e-01 5.2419258538e-02 3.2019897818e-02 -1.0808891971e-01 6.1291610530e-02 -4.4703260647e-01 4.3998847206e-02 2.9809588449e-01 -7.1016028649e-02 3.9830712872e-01 -2.3805733016e-02 1.2536055631e-02 8.5669493013e-02
6.2599562325e-02 1.4573566554e-01 8.2882612403e-02 -7.8434601925e-01 -2.1399139862e-01 2.2687907893e-01 2.8484767708e-01 2.3055701282e-02 -1.8359910681e-01 -5.3688028521e-01 -1.1628401712e-01 4.2913806015e-02 -1.2167927004e-01 -7.6444280322e-02 -4.4464988193e-02 -4.6926923749e-02 -2.8493631934e-02 -2.4844309088e-01 3.0794761860e-01 -4.8093699794e-01
-6.2990884784e-01 -9.2538590932e-02 2.4263529100e-01 -3.4698505495e-01 -2.3538611882e-01 9.3107573859e-02 -2.3092877959e-01 1.2823041982e-01 -2.2354156453e-02 4.5994909675e-02 8.2877604606e-02 7.4555549212e-02 -2.2356545690e-02 8.9097729069e-02 -1.6271881909e-01 9.7773922294e-02 -2.1289454351e-02 -1.9902975334e-01 9.9587297574e-02 1.8258800556e-01
-9.7351126631e-02 -1.6878739547e-01 3.3861992478e-01 1.2289244574e-01 4.3152042121e-01 -3.7230077494e-01 -9.3665576965e-02 2.1143247163e-01 1.9210487180e-01 1.8194059984e-01 9.0604816911e-02 -1.2825917420e-01 4.5109824110e-01 1.3860997517e-01 -1.5035429138e-01 -8.5633009738e-03 -4.4037829883e-02 2.7800507350e-01 -4.3593683964e-01 -8.9913891905e-02
-2.6235700376e-01 -2.8450335563e-02 -8.6911793184e-02 -1.5331619985e-01 -6.2397928712e-02 -1.8826827858e-01 2.2997068881e-01 4.8821343792e-01 -7.6589970592e-03 -3.2174924716e-01 -3.0722954893e-01 1.2247034871e-02 -2.0281764992e-01 -4.6023247667e-01 -2.7954682590e-02 -2.2611710179e-01 1.1683659579e-02 1.2668708886e-01 -6.7062509472e-02 -1.7997023941e-01
8.0383811537e-02 5.4041609904e-01 3.4229396092e-01 -1.5201904901e-02 5.3416165499e-01 -2.2392473817e-01 1.7024907959e-02 1.0215762111e-01 3.6206408770e-01 4.2675669140e-02 1.4416606792e-01 -3.0891611925e-02 4.4374771874e-01 2.2912217702e-01 2.9728483595e-02 1.7781259194e-02 1.0375527825e-01 1.4121332550e-02 -1.8729202474e-01 -5.3086589125e-02
-4.4716395606e-03 2.7907565910e-01 1.1581479571e-01 3.6809314018e-01 -9.5234615889e-02 -2.7719951906e-01 1.0187956102e-01 2.0716931224e-01 8.4252850827e-02 -6.3877533612e-02 2.7757797978e-01 -1.4154635062e-02 -1.1719193366e-01 -2.4738863534e-01 -1.4153509249e-01 -1.8977786946e-01 3.6736833360e-01 2.3099283391e-01 -1.4169114886e-01 -3.9981690516e-02
8.4581776086e-03 1.2443358431e-01 -2.9931753296e-01 1.9538877032e-01 3.7796880139e-01 -1.6744284127e-02 -8.7161344782e-02 -6.6006252033e-02 -2.9875171262e-01 6.2959765223e-02 -6.1787319739e-02 1.8966969718e-02 2.0814436788e-01 -4.0886163508e-02 5.6743210167e-03 1.8512307079e-01 -4.3201175500e-01 3.3149203091e-01 -1.1296765927e-02 -6.3387972658e-01
1.9904543258e-01 -2.4754858369e-01 -1.6142099849e-01 1.8850370883e-01 -8.5617490154e-02 2.0464776505e-01 -7.5918651493e-02 3.4117486138e-01 2.3781888587e-01 1.2473198419e-03 1.8134666464e-01 -3.2274340156e-02 1.1882324563e-01 -4.3251417828e-02 5.4326460185e-02 1.3305883961e-01 -2.1954992997e-01 5.5831065176e-02 2.9889466753e-01 -6.4852307229e-01
