1.7765784550e-02 6.5219483854e-01 3.0893284896e-01 -2.6318166817e-01 1.0677942131e+00 -4.4769155781e-01 2.9552846478e-01 -2.1390734710e-02 -2.4835818675e-01 1.1380526867e-01 -3.2345337305e-01 6.6701502978e-01 -1.0750096743e-01 4.9215576762e-01 7.8409797681e-02 -6.8961507475e-01 -2.0064057287e-01 -4.3540504592e-01 -2.1057503048e-01 3.1936033589e-02
1.2205255805e-02 -2.4987303696e-02 7.8223408243e-01 2.1229846755e-01 -2.6335385187e-01 -1.6743750809e-01 -1.0606059722e-01 1.6990254289e-01 1.0118389894e-01 -1.3948253379e-02 -4.7259189364e-01 2.9989384790e-01 -4.4599177002e-01 3.0033547676e-01 -3.1780224692e-01 1.1686310414e-01 -4.6637417222e-02 -1.0998923468e-01 -7.8106111004e-02 -7.1890125152e-02
5.1134973304e-01 -4.5980895562e-02 -1.6808342150e-01 -1.2320691807e-01 -6.6172389147e-01 2.4971130216e-01 1.6026162896e-02 7.4669946213e-03 -1.2568698071e-01 -2.5538684534e-01 -2.4024412451e-02 1.3193656253e-01 7.6049071885e-02 -6.4325922392e-02 -5.5075751578e-01 5.0350738352e-01 9.9457126925e-02 4.5350373814e-01 6.7281205898e-02 -2.4698758990e-01
-1.6511200471e-01 3.7437567904e-01 -4.1509736203e-03 1.1087207767e-01 -7.8747199672e-02 2.3322299877e-01 -1.3552829869e-01 -1.2659058860e-01 4.2641081824e-01 1.9206608051e-01 -1.5608298960e-01 1.2855787179e-01 -4.2581504721e-01 2.9407707575e-01 -2.3511327512e-01 -1.6118180547e-01 -2.5154913258e-01 -1.2502445395e-01 -8.4340517057e-02 -3.4707680030e-01
3.1188745443e-01 -2.0926614173e-01 -1.7322590600e-01 7.9819415239e-01 -1.1662366760e-01 5.0283369902e-01 -1.8217376334e-01 1.8152223722e-01 -3.4675924281e-01 -9.8246025408e-02 -4.6569137032e-01 -3.6244779050e-02 7.0856000762e-02 -2.2592372937e-01 -3.3637198454e-02 1.8939263954e-01 -4.9860588540e-02 -1.6691717098e-01 -3.1317733820e-02 -5.9812271784e-03
3.6677722592e-01 -1.2472805397e-01 -1.2864223790e-01 4.4788615305e-01 -9.8505200572e-02 -1.6289774142e-02 2.5424595285e-01 5.0730368227e-01 1.1754298568e-02 1.4641761687e-01 4.0246149796e-01 6.6298825978e-02 -4.4543902858e-02 -2.9484243584e-01 -7.2164842565e-03 -1.7122504177e-01 1.0820671960e-01 1.4078967820e-01 1.9715505293e-01 2.4399161856e-01
-3.4156015749e-01 -2.8187892682e-02 3.3860626587e-01 7.4381329341e-02 2.5477524853e-01 -2.1455355878e-01 -3.7827152759e-01 1.9344182232e-01 -8.8383200001e-02 -2.0801959479e-01 6.0379774646e-02 5.0204916555e-02 1.1800004540e-01 5.4496246792e-02 -2.5169674310e-01 1.0771961695e-01 2.5665223738e-01 -1.8734653260e-01 -8.1289681567e-02 -2.6342479598e-01
-1.1093470487e-01 3.0866660579e-01 3.9235937233e-01 -6.3109745030e-02 -4.6584553530e-02 1.1439377110e-01 2.4798504983e-01 -1.2749377653e-01 4.0934213708e-02 -3.3287071754e-01 1.8004937209e-01 -8.8759216654e-03 1.2415527177e-02 -4.1917697163e-02 -1.8601034961e-01 4.8211063832e-01 -4.7373308035e-01 1.1683890291e-02 -2.5153498242e-01 -1.0268791836e-01
3.2286056132e-01 4.0130517195e-01 7.1619813565e-02 -3.7332001345e-01 9.8857030024e-02 3.9897655684e-02 5.3069121878e-01 -6.3926357263e-02 -1.0386573090e-01 -5.1275710310e-01 1.8813120737e-01 5.2188776401e-01 3.6058452398e-03 -1.6443463181e-01 1.6499284175e-01 -1.2951177473e-01 8.6965004928e-02 -1.1266917135e-01 1.1285281507e-01 2.0169155909e-01
-1.9610216387e-01 7.8378740550e-02 4.0025226430e-01 -2.1950544734e-01 8.5199420105e-01 -1.1375337137e-01 -2.9678303403e-01 -9.7073200939e-02 3.0080125105e-01 -3.8308470602e-02 2.7624963969e-01 -1.2504660260e-01 1.0819374912e-01 -2.4675036073e-01 -9.8744966563e-03 -2.6226171152e-02 -9.5731813556e-02 3.5169236744e-02 -4.4525640924e-01 -3.1995872682e-01
2.5733359193e-01 -1.2251458806e-01 -8.2243173775e-02 -1.2418827843e-01 4.3934955446e-02 -2.0382764938e-01 -1.2172043643e-01 2.3403415417e-02 -1.8000896374e-01 -1.7381645689e-01 5.3892768994e-02 2.9661256275e-01 -1.9153001451e-02 1.5033770429e-02 2.4328868287e-01 -1.1551626467e-01 -5.4644589266e-02 1.3359593185e-01 4.5010627052e-02 1.9710279550e-02
-1.2593979263e-02 -3.4257502287e-02 -3.1820802931e-01 -6.9369009883e-02 6.0445056738e-02 -1.2516008981e-01 -8.8391231624e-01 1.0950446245e-01 -2.8532836819e-01 -1.5485632832e-01 2.9842224138e-02 3.3251293350e-01 -2.7772481579e-01 1.2178903310e-01 1.1207106875e-01 -1.5014745921e-01 -3.1497163581e-02 3.9181368335e-01 8.3813636578e-02 1.6271653524e-01
6.1903534219e-01 -9.4978088275e-02 -3.2481040276e-01 1.5170131813e-01 2.3289350577e-01 -3.0930010334e-01 4.3947034157e-01 2.7027960054e-01 8.0912818227e-01 -2.6006489253e-01 1.8534244075e-01 4.7956657553e-02 2.9156923556e-01 -1.6071717813e-01 3.3390202220e-01 5.2715770803e-01 1.2327458901e-01 -5.7557048882e-02 5.0913805102e-01 -2.5941193155e-03
-5.3999623509e-01 -1.2561306099e-01 -9.0433788707e-02 -2.6464310247e-01 1.2443013989e-01 2.3961447096e-01 5.6584265183e-02 -1.5163918567e-01 4.3485663644e-01 -2.5676052953e-01 3.7237813762e-01 4.8896769115e-01 -1.3438305314e-01 -1.8164912475e-01 -3.8420325384e-01 1.9362667009e-01 1.4352578496e-01 8.3963825731e-02 -3.7178958833e-01 -7.4323483376e-02
-1.5376723636e-01 -1.8163336899e-01 -3.1444327673e-02 -4.1450823079e-02 3.6548163286e-01 -2.7565925016e-01 5.2504909922e-01 -2.0283236431e-01 -3.2865692657e-01 -6.0493391634e-02 2.0446749626e-01 3.2640718712e-01 1.6259239775e-01 -1.4432297693e-01 7.6190750586e-03 -2.0930681216e-01 -4.4556642675e-02 2.9056266238e-01 -1.8247712011e-01 3.8448789514e-02
-4.7739814061e-01 1.9460821159e-01 4.4636501880e-01 -6.4436480000e-02 -2.3610144171e-02 3.8360177046e-01 -2.1421210282e-01 -4.9407822995e-01 -3.1193131226e-01 -1.6617620218e-01 1.9605949133e-01 1.8439714014e-01 1.6631051876e-01 2.5834181976e-01 -2.6104516238e-01 2.7828594586e-01 2.4287242904e-01 1.2628381128e-01 5.2077462468e-02 3.2164784635e-01
-2.2811587866e-02 9.5422816191e-02 -3.4776803767e-01 5.0998816367e-02 1.4235634364e-01 -2.5119447399e-01 -1.0398848654e-01 -5.5890564401e-02 -3.7885211071e-02 3.6205569766e-01 -2.8640574969e-01 3.9301388827e-03 9.8512094855e-02 7.5172963942e-02 -5.9246326294e-02 -1.8403531357e-01 -2.3154646181e-01 -7.1675256768e-02 -2.2005689278e-02 -1.4928637941e-02
5.1485451299e-03 9.3944040957e-02 3.0467552652e-01 5.6430561701e-01 3.3214277346e-01 1.1541377078e-01 1.3607736768e-01 1.5241427766e-01 -1.5884007071e-01 -1.2884626688e-01 -3.1779629029e-02 -9.1642861456e-02 1.4078453626e-01 3.0644452674e-01 -1.4884119433e-02 1.4437410779e-01 1.3954320999e-01 3.8937163766e-01 1.3744040877e-01 -2.4227005638e-03
3.6918565206e-01 -1.2875811564e-01 -4.7496288165e-01 2.8567252015e-01 5.0364508821e-01 -4.4807484260e-02 1.4124514472e-01 3.2408632645e-01 1.7490697139e-01 -3.6535416556e-01 8.3269099173e-02 -3.4492594563e-01 3.4387419988e-01 3.4939334501e-01 -8.2845123820e-02 2.8354292187e-01 -4.6471425329e-02 -3.1031702768e-01 4.0008888471e-01 -3.1846381278e-02
-5.2403611489e-01 4.4867107967e-01 9.1066346216e-02 -2.4604656927e-01 -5.0801766940e-01 2.0799824478e-01 -2.8733473619e-02 -4.8057276067e-02 4.0655546112e-01 -1.0004123851e-01 1.4914852602e-01 3.7965722319e-01 -1.7493705018e-01 4.0703500540e-02 -1.3642748687e-01 5.6071686536e-02 -3.9479922576e-01 5.0485014725e-01 2.5052156598e-01 8.5912160646e-02
