-3.3785064638e-01 8.0530122585e-02 3.9943297064e-01 5.0952938547e-01 9.0235709221e-02 -1.1721701525e-01 2.1497158741e-01 1.5697294691e-01 1.5872409002e-01 -2.4280002048e-02 1.6333996923e-01 1.4646777024e-01 -9.7840085259e-02 -7.0689427591e-02 -1.2534369884e-01 -9.8308778410e-02 3.7041812495e-01 -1.8397008990e-01 1.7486771507e-01 3.3061131578e-02
1.2970091256e-01 -2.0777938760e-01 5.6347327213e-02 -7.5674110647e-02 -3.4954229187e-01 9.9703650728e-02 -1.6910720980e-01 1.8320001227e-01 1.3121708088e-01 1.1396730196e-01 -2.4748968682e-01 1.1078246269e-03 -1.9137524361e-01 1.3173822595e-01 -4.9666266281e-02 2.4212525852e-01 1.2940533414e-01 -3.6939142248e-01 1.7667301428e-02 1.1712727481e-01
-1.3470773932e-01 -2.2454990046e-01 2.2960533069e-01 1.2214970414e-01 -3.2636411674e-01 -1.5151494255e-01 -2.8196337538e-01 -2.6384008412e-01 -6.4101769444e-02 -2.9038352116e-01 -1.0165992642e-01 1.0508841258e-01 1.3814464903e-01 -2.0063416846e-01 4.2498460069e-02 1.6538606175e-01 -1.3905845670e-02 -1.6584183871e-01 -7.7265675152e-02 -1.1278831531e-01
-4.8159244607e-03 -1.1091915554e-01 1.3579367426e-01 3.8128584527e-01 -3.3601736691e-01 -2.3235352955e-01 2.4275562618e-01 -2.3240219125e-01 -9.4003705055e-02 8.2012803568e-03 1.3068344097e-01 4.3515035340e-01 -2.9154456347e-01 2.5864392599e-02 3.4809116932e-01 -2.6504474025e-02 2.8510645843e-01 8.8100161295e-02 1.5434348341e-01 -1.6957066109e-02
-1.6061433651e-01 -2.2963745106e-01 3.0536059417e-01 -3.1930621666e-01 2.0239809416e-01 -2.3037003808e-01 -4.6357666728e-01 -1.3866984805e-01 -8.7891343168e-02 -1.7537362189e-01 1.9783406398e-01 -3.0810010915e-01 -1.3319137346e-01 1.2186596639e-01 1.3118045119e-01 2.2604717467e-01 -5.0963439810e-02 -1.9549339310e-01 2.3886049757e-01 -2.2683036279e-01
5.4897801677e-03 -2.3086928805e-01 -3.0292889613e-01 2.7332325991e-01 -1.0393623949e-02 -2.8104020544e-01 -1.0468951363e-01 -3.3970084517e-01 -2.0922762235e-01 -7.4331266843e-02 -1.8665740625e-01 1.0339098792e-01 4.9797217136e-02 -4.1415675295e-01 3.1499960657e-02 -2.7049990159e-01 -9.4028405534e-02 4.7020664362e-02 1.0829258146e-01 2.2064090370e-01
1.4241828072e-01 8.5133810514e-02 -8.0120020656e-03 3.3834284960e-01 -2.5605138164e-01 2.6051862367e-02 2.4626538251e-01 -8.2873756066e-02 2.5285778686e-01 3.0070002249e-01 1.6657484814e-01 -1.6541163890e-01 7.3526066735e-03 -6.7558529250e-02 -2.7045974782e-01 -4.1282639035e-01 -2.1538255155e-01 -2.1695985248e-01 -8.2976139510e-02 5.7100587627e-01
1.0537994292e-01 -3.6696731541e-01 -1.0990276982e-01 -5.6892075030e-02 1.9470476757e-01 -4.2392909238e-02 6.8129737385e-02 -3.1586585394e-01 -1.8214675420e-01 -1.8697494820e-02 -3.4372497540e-01 -2.4620041824e-01 1.4496609204e-01 2.2262376634e-01 1.7025306094e-02 1.9276423773e-01 1.4235513770e-03 -1.9530862493e-01 4.0227299431e-01 3.6175270181e-01
-8.5493998987e-02 7.1799107791e-02 4.3452180827e-02 9.0421532477e-02 -2.9514882441e-01 2.1802789989e-01 1.5064248801e-01 -1.2009758799e-01 -4.0871694556e-02 2.6966933949e-01 4.4280777462e-01 1.9246826434e-01 1.5531972358e-02 -1.0007513874e-01 2.6162670606e-01 2.5979561758e-01 8.5317760990e-02 -2.0116964912e-01 -1.9258808234e-01 -1.0216646409e-01
5.9611169197e-01 -1.0515906166e-01 -2.6583770689e-01 6.3492197696e-02 -1.7055419255e-01 3.1675139297e-02 -2.6705265617e-01 1.4106964439e-01 7.4096269026e-02 -2.0403394949e-01 6.9582005055e-02 -3.8245149108e-01 -6.6140857648e-02 -3.8206272135e-01 1.2376076430e-01 1.8048409537e-01 2.0618074199e-02 -1.4360339251e-01 -1.3442390178e-01 2.2905685101e-01
3.4417292131e-02 2.4900695496e-01 4.2282887589e-01 2.4930446308e-01 -2.3501486471e-01 -3.8942095242e-02 2.1499668528e-01 -2.6114487486e-01 -3.1248543769e-01 -4.7189290314e-02 -4.5533379940e-01 1.2705234567e-01 1.9664177987e-01 -3.4556335301e-01 -2.5643997661e-02 -2.7814344475e-01 -3.3508064399e-01 4.1666452993e-03 -3.0929679973e-01 3.8358032611e-01
8.9136435366e-02 -1.5075045557e-01 -6.9917035144e-02 1.8165255210e-02 1.6730830618e-01 9.6236271190e-02 -5.2141415328e-02 -1.9028535199e-01 7.6884541735e-02 -1.8173200956e-01 7.7043360319e-02 8.0949784124e-02 3.1255464210e-01 -5.3415873581e-02 7.2308222767e-02 -2.1498632522e-01 5.3172535183e-02 3.1822303106e-01 -2.3948104277e-01 1.9044342222e-01
-1.2092670268e-01 -1.0127030368e-01 2.0723597580e-01 1.2595600996e-01 2.3277123688e-01 -1.5990233251e-01 4.9615503426e-02 -2.2489205399e-01 -7.1484377956e-02 -1.9193499825e-01 2.2675369873e-03 -8.9006313432e-02 -1.0377966521e-01 -1.3425608928e-02 3.8977015972e-02 3.7766826296e-01 -2.6475473383e-01 4.9624971973e-01 -2.4703746301e-01 -1.0065252593e-01
1.8007604619e-02 1.3559005949e-01 -1.9260210854e-01 1.2005648677e-01 7.2849149703e-02 1.1199079474e-01 -7.9639075202e-02 -1.9898600576e-01 -7.9685723299e-02 6.7695980490e-02 -2.4166005722e-01 1.3049742956e-01 3.4422383685e-01 1.5675579360e-01 -8.9201958034e-02 2.5306975540e-01 9.9408563147e-02 1.4331541564e-01 -3.2163892453e-02 -1.8614091486e-01
7.1292646241e-03 -3.8217464496e-01 1.9429423212e-01 -6.4522308682e-02 -3.0636043969e-01 -4.6816617188e-02 9.1454649687e-02 -1.7049712505e-01 7.3338723530e-02 4.6489055490e-01 1.7262678547e-01 3.0502525550e-01 1.3754853893e-01 8.9570056174e-02 1.3229368502e-01 -2.4725212789e-02 1.3589645340e-01 -4.1626683062e-02 -1.4007999731e-02 -2.7445787702e-01
2.6431121072e-01 -1.5088770145e-01 -6.3305953934e-02 -1.3513737104e-01 -2.9365562977e-01 1.5478389596e-01 -3.3547317577e-01 1.2050103991e-01 -2.4744441992e-01 -1.9682290769e-01 2.3958557295e-01 -6.0419106619e-01 2.3360297353e-01 5.8151690514e-01 3.7182303181e-01 -5.0065235032e-01 4.6031373002e-01 6.1647226464e-02 -1.5443528717e-01 -7.5860801380e-01
-6.6916616301e-02 -3.8973181070e-01 1.0641331611e-01 -1.0862613258e-01 1.5464597481e-01 1.4689144351e-01 -4.4151220880e-01 -1.8565030202e-01 -8.0317851698e-02 1.9586993251e-02 7.9346588663e-02 1.2179068901e-01 -6.9512553025e-03 5.0698440789e-01 -2.7093626380e-01 2.0540012031e-01 -2.4985472104e-01 -3.2240343051e-01 -5.4351545671e-02 -1.3336288970e-01
1.9655962630e-01 1.0399189753e-01 -3.0982783726e-01 -2.1076178238e-01 -1.9353972963e-01 1.4651237739e-01 -7.2764820473e-02 3.6720078787e-02 6.6026807639e-02 5.9908540093e-02 -1.6844220695e-01 -1.9047998357e-04 4.9586686638e-02 -1.7967384262e-01 6.8304730369e-02 -2.7435569697e-01 9.4433095481e-02 4.9107152600e-01 -1.2686106992e-01 8.3862712211e-02
-2.9915629645e-02 2.5369806466e-01 -5.1754217632e-02 3.0092230668e-01 -3.6857953216e-02 -5.3405357628e-01 2.8683452859e-02 -1.6182548010e-01 3.2555512919e-01 2.8209277831e-01 1.4183179668e-01 1.6909145430e-01 1.6201476461e-02 -9.5269497238e-03 -5.5707301013e-01 -1.5267465355e-01 -3.6492436999e-02 1.6792538525e-01 -1.5369907823e-01 1.1040410604e-01
1.1935832191e-01 1.6417327870e-01 1.6936546182e-01 3.3537738160e-01 -1.8246772886e-01 -1.1683400101e-01 3.9484592736e-01 1.8855882228e-01 -9.4060151458e-02 -6.3153528720e-01 -1.7300492821e-01 -9.8948300612e-02 -1.7003717983e-01 -1.1232407625e-02 1.4533006767e-01 -5.8321915074e-02 1.4895420011e-01 1.6326352432e-01 1.9800418207e-01 2.6510467029e-01
