2.3648546356e-01 -3.2038761740e-01 1.6547242923e-01 1.6778805255e-01 2.1286630793e-02 9.5469159205e-04 1.9100262708e-01 1.3199943853e-01 -2.5359298166e-02 5.0310670493e-02 1.6586011969e-01 2.7695286590e-01 2.3094329100e-01 4.4084019159e-04 -1.4759880900e-02 -4.2543933782e-02 -8.2621993960e-02 1.1390012494e-01 4.5085265198e-02 4.5152623241e-01
-1.0429672239e-01 1.7560546718e-01 1.2145875535e-01 -3.0490670227e-01 -1.1129135590e-01 1.8155834231e-01 -2.7760407485e-01 -1.5036307471e-01 -3.9081768573e-02 -1.2583183521e-01 2.4268663582e-01 5.8681013363e-02 -3.8158281764e-01 3.3707487511e-02 -1.8620649639e-02 -1.6619345935e-01 4.8471681761e-01 1.5506405027e-01 -2.5140048685e-01 -1.9370367618e-01
-6.6290079160e-02 -2.0584760347e-02 -2.4123671932e-01 3.1704178274e-02 1.1111313431e-01 1.0634183999e-01 -1.8880851998e-01 -1.5981676177e-01 9.2794126995e-02 -1.3670176013e-01 -2.8364001337e-01 3.0782166933e-02 -3.3223753711e-02 1.2195103418e-01 -1.5384806064e-01 2.9580899675e-01 6.4195329773e-02 2.4783189863e-01 -1.0018836277e-02 -1.5207670102e-01
-1.6522320691e-02 5.1696678696e-01 -7.2566054758e-02 -5.3392423604e-01 -2.1630611776e-02 6.1385843870e-02 6.7273023684e-03 -3.4342888694e-01 -5.4917318723e-02 -1.7263140072e-01 -2.2618411297e-01 1.5708393938e-01 -2.6899486490e-01 -2.0733686072e-01 -2.5413309528e-01 -2.2961398460e-01 -9.5076525259e-02 -1.0515243878e-01 -3.0570483301e-01 2.0422637351e-01
-2.2981313455e-02 -4.5346955438e-01 1.3505987967e-01 9.2350862136e-02 -3.6018396172e-01 4.9979247361e-01 3.9001560872e-02 -9.5653218300e-02 2.6549049665e-01 3.5671815191e-01 1.2476650298e-01 -2.8172304415e-01 -1.3881048048e-01 3.4443556893e-02 -2.9262122067e-01 5.1757317750e-01 5.8637821561e-02 -7.3431350999e-02 -4.2799404458e-02 5.3726852464e-02
-6.7879565142e-03 3.9877841865e-02 -1.1999612531e-02 5.4991405760e-02 -1.6784005416e-01 -4.5505495822e-01 2.1950659664e-02 -2.5027324481e-01 3.6102870911e-02 6.0171260836e-02 -4.2109363244e-02 -5.1094384024e-02 3.3577736575e-01 -1.0816652655e-01 -3.2148143893e-01 1.1456618830e-01 1.0706316580e-01 9.2985458779e-02 1.8101191110e-01 7.3740926895e-02
2.2792717645e-02 -3.6229310457e-01 -9.0507926085e-02 -5.6874403680e-02 1.1862577866e-03 1.9791891590e-01 -3.0219269355e-02 2.2165640427e-01 3.3898386126e-01 -4.8910030232e-02 1.0895557777e-01 -1.2127965592e-01 -1.4465045041e-01 5.3501638801e-02 3.1540454792e-01 9.7178966236e-02 1.2478296129e-01 2.6915445457e-01 -7.4907559022e-04 -1.5902762795e-02
2.1240025821e-01 -1.6260918445e-01 3.3770950215e-01 -1.4137774910e-01 1.7081631188e-01 6.3593643049e-02 1.0668417723e-01 1.0812864755e-02 -1.0508927621e-01 1.1507910517e-01 2.0154198288e-01 1.9434059027e-01 -7.0769406375e-02 -7.5885315185e-02 -1.5141591055e-01 -3.5495474314e-01 -1.2361038630e-01 2.9197269150e-02 1.4579863132e-01 9.2246536787e-02
2.8090014458e-01 -1.0087142222e-01 1.8828531891e-02 2.5047114244e-01 -5.9627630851e-02 1.3045656531e-01 -1.0077283116e-02 -1.3472311022e-01 6.9830757462e-02 -1.3768500629e-01 2.6366552936e-02 1.4870130899e-01 1.6501274113e-01 5.0743721077e-03 7.7226381336e-03 1.4375943166e-01 -8.0272134622e-02 1.5480781495e-01 -9.2002776410e-02 -1.8076748182e-01
-1.0195297663e-01 3.5868628178e-01 -2.6153006457e-01 1.0008608447e-01 -3.9638614278e-02 1.2014904037e-01 2.1462792036e-01 4.1040158715e-01 3.0702922167e-01 7.7591986771e-02 -4.4825542479e-02 -1.6627762956e-01 -2.6579333680e-01 -3.2669784669e-01 -1.5914852174e-01 -1.5867968716e-01 -3.3652307106e-01 -4.4334825127e-01 1.9286916937e-01 3.7317406753e-01
-3.7109478900e-02 -8.2169785002e-02 -2.5848909987e-01 1.7255189649e-01 -2.0275032607e-01 -4.5609914480e-01 -7.7617170034e-02 -1.1007776492e-01 5.7297705370e-02 6.7536849486e-02 6.6810306093e-01 -3.4981403419e-02 6.9176234065e-02 1.8792559127e-01 -2.1266456806e-01 -5.9057105358e-02 -2.5235674559e-01 2.5882624161e-01 -2.3425220274e-02 1.1164196690e-01
-1.5142324288e-01 1.6896161737e-01 -2.3776036906e-01 3.2358453471e-01 -3.8471580579e-02 1.6035955395e-01 4.6563962491e-02 -3.4442754219e-01 -9.5000522341e-02 -3.9544206580e-02 3.5181852919e-02 -6.4698671746e-02 3.0078779852e-02 3.3515685449e-01 9.5715410819e-02 1.4167781651e-01 2.1794391056e-02 2.5332381423e-01 1.0695940169e-02 1.7650051806e-01
1.5756717813e-01 2.7462830076e-01 -3.1116293434e-01 2.4015728875e-03 -1.1670942674e-01 3.3248614788e-01 2.8038808244e-01 -4.2226924628e-01 -1.2314524624e-01 1.0771955729e-02 -7.7092309703e-02 -3.1737339834e-01 -2.7782498238e-01 -1.3638167752e-01 -2.2292355977e-01 -1.3266058938e-01 1.8559111770e-01 1.1150259466e-01 1.0369687143e-03 -4.1328600259e-01
-9.2038683662e-02 -4.0485563623e-01 -8.8556608012e-02 -5.3769344720e-02 1.8481103202e-01 2.2319833261e-01 -2.8223259996e-01 4.9125079628e-01 1.9732860810e-01 2.0554973196e-01 9.1295076858e-02 2.1317010605e-01 -2.7851355697e-01 1.1224211604e-01 2.9266062746e-01 -3.6405400545e-01 1.9724916238e-01 -4.1994765848e-01 -1.3489519890e-01 -2.1522148493e-01
-7.0598617278e-02 1.5616036612e-01 3.4699015303e-01 3.7428028644e-02 -1.0209641165e-02 1.3462877021e-01 7.7488530776e-02 1.4593197410e-01 -3.1609532769e-01 3.4389730255e-01 -5.4321327920e-01 -4.8926217021e-02 1.7840777072e-01 2.3183331169e-01 1.5436381096e-01 4.0986350635e-02 -3.2263314976e-01 2.5725552278e-01 -1.9303787927e-01 7.3509811139e-02
-4.0403192821e-01 7.8248554535e-03 -3.5197687047e-01 -1.3621678544e-02 4.5235868590e-01 -1.3185182115e-01 2.4842789074e-01 -4.6497867593e-01 4.2485794100e-03 2.4644245296e-02 3.1900162643e-02 -2.5159519706e-02 -6.4372701991e-02 -1.3828971629e-01 -4.7880257545e-01 -1.5621019103e-02 4.7453214146e-01 -1.2977119744e-01 1.6964761661e-03 6.4034100588e-02
4.1852706591e-01 -2.2353522876e-01 2.3917157451e-01 -9.1811649421e-03 -1.7521040946e-01 1.0327818242e-01 3.4358000639e-02 -2.7265739354e-01 9.6579606223e-02 -4.4711053743e-02 4.6446138153e-01 1.6746748461e-01 -1.5464396274e-02 1.3879550591e-02 -3.3413954821e-02 2.1719001133e-02 -6.0899209247e-02 1.2941641886e-01 -2.2069063794e-02 -1.2253007146e-03
-4.9131612450e-01 1.0351519589e-01 6.9103742855e-02 -9.3524922018e-02 1.2816945198e-01 5.7994904005e-02 1.7158188266e-01 -4.4527293704e-01 -2.4105341383e-02 3.8479885032e-01 1.2227965238e-01 6.1910624144e-02 -1.2720874192e-01 5.9941906628e-02 -2.0635043910e-01 -2.9120962494e-01 -2.9576762957e-01 -4.4941374264e-01 -1.5500451860e-01 -1.0031174749e-01
5.5370915635e-02 -3.9778650349e-01 -1.7726821647e-01 -1.1719030519e-01 -1.7733006863e-01 5.6057385933e-02 1.7649388789e-01 -1.3312820791e-02 1.5731614744e-01 2.8328529233e-02 1.4576261907e-01 -4.6685578984e-02 -1.8283261238e-01 -3.8353154312e-02 -2.2023586130e-01 1.3046124631e-01 3.1914352724e-01 -4.1743063480e-02 2.0556360235e-01 -2.5953908989e-01
-3.7279313736e-02 7.3507079026e-02 2.4655340061e-02 -8.9171115055e-02 3.2000123488e-02 -7.3123369661e-02 -1.6959978892e-01 3.0246054931e-01 -3.7726682519e-01 -5.7139770037e-01 1.5391200364e-01 8.1279240900e-03 -5.1770360713e-02 -4.1545545892e-02 -2.0364072883e-01 -1.1845246704e-01 -5.2666143968e-02 -2.9615688509e-01 1.6110961477e-01 2.1162804187e-01
