-2.2860402760e-01 1.2201246710e-01 -6.0164455600e-01 2.4201568966e-01 2.6851825969e-02 -5.3902734331e-01 1.4628268433e-02 5.9812477628e-01 -2.6264500433e-01 1.9342337184e-01 5.3168245542e-01 -4.9982990779e-01 -2.6556772870e-01 2.3710232438e-02 -2.8149620988e-01 -1.6943570163e+00 6.5194496538e-01 1.5193479184e-01 -1.4903135707e-01 2.8478379869e-01
-1.6899377412e-01 -1.1186158896e-01 -3.5026027093e-01 -6.9160504256e-02 -1.9575421518e-01 -5.0174542489e-01 2.7709835021e-01 -1.6022755635e-01 4.7203726302e-02 -9.1388134322e-01 -9.1477149528e-01 8.9508172732e-02 -3.9182519619e-01 -9.8420401049e-02 -1.8125777674e-01 -1.3047715461e-01 -2.6214085763e-01 -6.6435922081e-02 1.1433674649e-01 1.3285407612e-01
-7.0875695600e-03 -4.3931717591e-02 -1.4290426499e-01 2.4233481854e-02 5.0451840142e-01 -3.0060639680e-01 3.3642284288e-01 5.4534700606e-01 -5.1527992270e-01 1.5429406600e-01 2.2019933088e-01 2.6081634109e-01 3.3614030368e-02 1.5041280055e-01 5.6543359781e-01 2.3101038798e-01 -3.4079768926e-01 2.5496342787e-01 -1.8282028948e-02 9.3747331421e-02
-4.0454904326e-01 1.3909624083e-01 -4.2536726982e-01 -7.3538660481e-02 -2.0693308960e-01 5.3278563273e-02 1.6587714823e-01 2.7644800117e-02 -3.7813288475e-01 -5.8506116604e-01 4.5443060178e-01 -3.6545627958e-01 -3.5034216276e-01 -3.2479460758e-01 -3.0452640151e-01 3.5370005486e-01 1.6116228215e-02 1.0333832601e-01 1.7958525297e-01 6.2505597403e-01
-4.9359924641e-01 -2.1695159112e-01 5.3258031426e-02 3.3641746292e-03 1.1549144134e-01 7.7761705177e-02 -2.0728303394e-01 -6.5594151121e-02 -1.2114244197e-01 5.7662633406e-01 2.6407042635e-01 1.6463417956e-01 -1.3469150405e-01 4.5538064382e-02 -2.2221408959e-01 -2.7583319335e-01 -1.6868522914e-02 2.7979099648e-01 6.6772382679e-02 -1.2377102236e-01
2.1839937665e-01 1.6347756585e-01 -1.5858833177e-01 1.8560266793e-01 7.5859973430e-02 3.5479271565e-03 -2.4225121773e-01 2.8793586718e-02 -1.5779046654e-01 3.0645839916e-02 3.5621250009e-01 -2.2315842793e-01 1.9163832765e-01 -4.8282313986e-02 -1.4678179928e-01 -3.8162379484e-02 -4.5971115033e-02 2.1379001244e-01 2.6375798867e-01 -8.4248077302e-01
-6.3160444731e-01 2.9846215054e-01 2.2842693724e-01 -8.2814264158e-03 -2.4628247684e-01 6.6011424069e-02 1.2811960389e+00 4.1356461273e-01 3.2711434202e-01 5.4083402370e-01 -1.3475402593e-01 2.0421675648e-01 -2.5791516182e-01 2.1759327370e-01 3.3441544228e-02 4.3387564279e-01 6.2830948367e-01 -1.8523501905e-01 2.4811650953e-01 3.6130552596e-01
-2.7879936956e-01 3.2385419034e-01 -1.7991827526e-01 -3.4713968850e-01 -4.5393756647e-02 -3.4238114215e-01 2.7576124724e-01 -1.4771726115e-01 -4.6017980993e-01 4.5502673920e-02 -4.6970782331e-01 4.0788458223e-01 -1.2272564972e-01 -1.8463409030e-01 -1.8015537349e-01 -3.9129495824e-01 -1.2384141000e-01 -2.5104673427e-01 2.7405896307e-01 2.1591719191e-03
-3.7063473267e-01 -4.4088510048e-02 -5.1076222430e-01 3.6137925093e-01 3.8683271027e-02 -1.5812890617e-02 2.6006945201e-01 -4.7210904617e-01 8.6287944636e-02 -1.6076595836e-01 2.4775746822e-01 5.6788846280e-01 4.0781643733e-01 3.0942301809e-01 -2.2464480683e-01 -4.0609410225e-02 -2.3579180138e-01 2.4229003293e-01 5.9640124077e-02 1.9421885285e-01
1.1118695237e-01 -1.5905548578e-01 2.4747638892e-02 2.5945810146e-02 -2.4759793710e-01 -4.8909811391e-03 1.4600196814e-01 3.4096657504e-01 4.6313337705e-01 -1.0900482861e-03 -2.0661327875e-01 3.7362502424e-01 7.0210417135e-02 -2.3750533274e-01 1.0162818702e-01 -4.6922534505e-02 -3.4265260124e-01 2.9410303845e-01 5.8098956249e-01 -2.2654838356e-01
-2.7899122942e-01 -3.5859219620e-01 -3.7195331800e-01 -3.6893147852e-01 4.7914567274e-01 -4.4646209659e-01 5.1719143852e-01 -4.1678221297e-01 -2.9612907123e-01 5.1651634188e-01 1.7829581864e-01 3.7696831089e-01 -3.3694940960e-01 -3.9382657511e-02 1.5253438014e-02 7.7367577577e-01 5.0879131462e-01 -5.2748879121e-02 -4.8647988202e-01 6.5793732485e-03
-2.2949526225e-01 -3.3656896755e-01 -3.5127444181e-01 -6.6376756469e-02 -7.7325791194e-02 -7.1236786344e-01 6.4543216608e-02 -3.1821148717e-02 -3.3823475300e-01 -3.7194047215e-02 -3.6864294145e-02 -2.6432352085e-01 3.4034415776e-01 -1.9168448833e-01 3.5498041993e-01 3.1849364719e-01 3.7988241749e-01 -4.2007585372e-01 -1.1059009467e-02 1.5695863349e-01
4.5875626209e-01 -1.9673412484e-01 -7.8537309240e-02 -1.3865456864e-01 1.5522825949e-01 -2.2303889383e-01 1.6306993928e-01 1.1429902936e-01 -1.9031195199e-01 -6.1502340586e-02 -1.3151072518e-01 3.7475634910e-01 -3.5457925976e-02 1.3882920418e-01 -2.3136519320e-01 -8.2769575626e-02 3.3080825892e-01 -1.7513723319e-01 -3.0999102509e-01 3.3336340544e-01
3.1884568679e-01 7.3200314833e-02 4.2719924091e-01 -2.5087634151e-01 1.8791379856e-01 5.8782109177e-01 -9.5729032058e-02 -2.1673147955e-01 -1.8600360425e-01 3.1393221720e-02 -3.7989079245e-01 4.2245657868e-01 2.0993155232e-01 1.8177137869e-01 9.4759229710e-02 -4.8789652326e-01 -5.4063983941e-02 -2.1609083854e-01 -5.3864462442e-02 -6.8910333314e-02
-2.4755621043e-01 2.0328709246e-03 3.6935461280e-01 -3.1093066719e-01 -4.2569059190e-01 3.5961832350e-01 1.2397552301e-02 -3.2078749648e-01 1.4729583688e-01 -3.4988113194e-01 -4.0322811506e-01 -1.1296639500e+00 2.5046514083e-01 -1.3330312806e-02 -2.7597774497e-01 2.1612696094e-01 -4.6582453515e-01 6.9452190921e-02 1.0197282461e-01 5.4886360903e-02
1.0912037340e-02 -2.0797000247e-01 -2.8632377423e-01 -8.4586177216e-02 1.7985939250e-01 -4.3188998257e-01 -2.2524660013e-01 -3.4599045278e-01 1.7129921443e-02 -2.6721326196e-01 2.7533595388e-02 3.8566778762e-02 -2.1212283428e-01 -2.0428482085e-01 -5.8188693299e-01 5.2731028317e-01 -5.4085803755e-01 4.2817982116e-02 -2.9972813923e-01 1.0672629693e-01
3.4753503105e-01 -1.1526321792e-01 1.4328669961e-01 4.4166610571e-01 1.4212440977e-01 1.2965564495e-01 8.2727372703e-02 3.1541188740e-02 5.6410441114e-02 7.5415276723e-01 -3.2781466158e-01 -2.4167982471e-01 3.0441391562e-01 -2.2795627551e-02 2.4083827945e-01 -2.1683261409e-01 5.9189871563e-01 1.9165799600e-01 1.0479763407e-01 -1.3265712933e-01
-1.0709459674e-01 1.2655695960e-02 -3.0624482834e-01 -9.7696546768e-03 -5.2541236714e-01 -1.1297231739e-01 -6.6287454083e-01 -3.8006880800e-01 -3.6413880329e-01 5.6046208651e-02 2.6936503491e-01 -1.2054236758e-01 -3.0551416264e-01 -4.6013614153e-01 -1.9391439297e-01 6.8072303991e-02 3.2115067535e-01 -2.2263639129e-01 -6.6453614590e-02 3.8133507174e-01
-8.6201145234e-02 7.3726192183e-02 -3.2429361306e-01 5.3458276417e-02 -7.6337326423e-02 1.0855415098e-01 -3.0113019774e-02 -5.3286053661e-01 -1.6726561880e-01 -3.8218796431e-02 2.1043446563e-01 1.3638541083e-01 1.1755980426e-01 -4.7819107921e-02 2.4304080384e-01 -3.2032405317e-01 6.9744825386e-02 2.6719884831e-01 -3.0746379989e-01 5.0229258880e-02
3.1958378937e-02 -5.0536859852e-02 3.4351164733e-01 3.0059131417e-01 1.0905148722e-01 -8.4468621285e-02 3.9277870977e-01 2.8381220748e-01 1.7301949233e-01 1.7393515785e-01 8.2737326713e-02 -3.2928063656e-02 4.0774304404e-01 -2.9963941982e-01 5.3542609680e-01 -8.6460817582e-02 -3.6816974081e-02 2.6924645941e-01 1.1847765034e-01 3.5742485445e-01
