-1.1433959021e-01 3.6715524901e-02 4.2048201358e-01 3.8001462262e-01 2.9941708774e-01 3.2655973281e-01 2.4791963502e-01 8.2961147555e-02 6.7207006565e-02 -5.1180218579e-01 2.0015059246e-01 4.2094234301e-02 2.2641552418e-01 -2.5420596540e-01 1.4384981819e-01 -2.4538955518e-01 -1.4643894478e-01 8.0453930336e-03 3.3533824148e-01 -1.6128175153e-01
-1.4108383627e-01 2.1342816579e-01 -1.9909469924e-01 6.7007218354e-02 7.1043751604e-02 1.2026592508e-02 1.1016290347e-03 -1.4448608343e-01 2.1900352453e-01 -2.3125200408e-01 2.7077047736e-01 -5.8797534585e-01 2.4735806029e-01 -1.6874755712e-01 -1.0986761456e-01 3.2134910010e-03 3.1422434644e-01 -7.3584956097e-02 1.5520535957e-01 -7.3741338478e-01
-5.0861539932e-02 1.6735407333e-01 3.3240584237e-01 -4.2994710693e-01 3.0062084657e-01 4.1571581988e-01 1.7789765658e-01 -4.8106212305e-01 -1.0291356545e-01 3.1177285945e-01 6.7910103603e-01 -6.1780824246e-02 6.3906551028e-01 1.9053091385e-01 -2.9971383291e-01 9.6651998822e-02 3.2465203691e-01 3.2259073276e-02 4.9919998958e-01 -2.7404347183e-02
-5.9861374005e-01 4.1874287240e-01 -1.8310771859e-01 -1.6661370258e-01 -2.7202107124e-01 -1.8425879558e-02 -2.2966483434e-01 -1.0958371953e-01 -4.9186921595e-01 -1.0479890400e-01 3.5659588918e-02 -3.4464529454e-01 5.4335484307e-02 -2.7154220555e-01 -1.3224892674e-01 1.0937777382e-02 1.0723139127e-01 -3.0976876855e-02 1.2674786633e-01 -2.6242773845e-01
-9.2360184237e-02 4.2883149068e-01 -2.6965228903e-01 5.5264150154e-01 -5.0626292774e-01 -1.5874246708e-01 -1.4276038219e-01 -5.4975380480e-03 -2.2822096471e-01 1.1843519298e-02 6.8271671586e-01 4.1622433299e-02 -2.3500272805e-01 -2.8165623762e-01 -1.1350743050e-01 1.6365724097e-01 3.2318008728e-02 -1.0968745278e-01 -1.7277034085e-01 -9.6730836594e-02
4.3337510125e-02 1.3067624871e-01 8.4702517805e-02 1.1893135530e-01 8.7508563414e-02 3.5596582889e-01 -1.5571627436e-01 -1.0126900669e-01 -2.2203324922e-01 -1.6682108754e-01 -1.9305791992e-01 -1.7765703364e-01 4.3276531170e-01 5.1397699035e-01 -4.0130505919e-02 -3.6048453965e-01 1.6333674113e-01 1.4568472635e-01 3.8527868167e-01 -3.6690576398e-02
3.9616981180e-01 4.7868496936e-01 3.9699810926e-02 2.8488388123e-01 -1.5796488522e-01 -1.4349050444e-01 -1.0850230095e-02 2.9521300439e-01 3.3162908107e-01 3.7682997657e-01 -6.5568721752e-02 2.5495171875e-01 -1.2878502799e-01 1.6820527923e-03 -2.2093125011e-01 1.2234257426e-01 -2.3604410261e-01 4.1370781463e-02 -3.7208054647e-01 -4.6420594689e-01
-2.8175430406e-01 1.4499774406e-01 1.5502211829e-01 2.4719880404e-01 -7.7929635898e-02 -4.4670553817e-01 -1.1757138290e-01 1.8989287577e-01 1.6906082634e-01 -2.5342808179e-03 -9.2042882804e-02 6.0532455011e-02 -7.1549232299e-02 -6.0054912095e-01 3.9226503863e-02 2.3383687717e-01 2.0106710577e-01 -1.4641641741e-01 3.9940738068e-01 -9.8027885975e-04
1.3340951357e-01 1.2105333104e-02 -2.3152119493e-01 -4.8191860988e-01 3.3334600051e-01 5.1788064938e-01 8.1013690322e-02 -1.1978382990e-01 -2.2843808824e-01 2.5299631154e-01 5.6294644932e-02 2.2467313731e-02 3.5498024749e-02 -1.5173997071e-01 -9.9683113010e-02 3.9373804204e-03 2.2109743451e-01 2.6226348538e-01 1.6512939091e-01 6.3890354939e-02
8.7149687565e-02 2.8037995036e-01 -2.4837935262e-01 2.3498730209e-01 -2.8232624964e-01 -4.4386995556e-01 1.5627973630e-01 -4.3622367456e-02 9.4281297420e-02 1.5184532533e-01 7.0979089570e-01 -2.7429214051e-02 1.2243337975e-01 3.0863530577e-01 -3.3952632017e-01 -3.0575767621e-01 -2.2355129836e-01 -2.5560288604e-01 -5.6998715804e-01 6.8975344492e-02
6.8553922571e-02 -6.6993270484e-02 -5.0456095341e-04 1.7080495098e-01 -2.3422736268e-01 -2.3044067248e-01 -4.8404869417e-02 4.6030372295e-01 -4.9061877727e-02 -1.7492449257e-01 -1.4169170761e-01 -3.4865163433e-01 -2.8818788769e-01 1.3470584654e-01 1.4814952761e-01 1.7535745669e-01 3.4268235074e-01 -1.6565633783e-02 -3.8145278824e-01 -7.6796371850e-02
-8.5559546187e-02 4.3630841655e-01 2.5737540380e-01 -1.8255503067e-02 2.5604138916e-01 5.9001747400e-01 -8.4051730593e-02 -7.3420094778e-01 1.0113753089e-01 -2.2438541034e-01 -3.7191487126e-01 1.8074060357e-01 7.9602034394e-05 -1.7939719966e-01 1.1337651722e-01 -1.7162225189e-02 4.2759227989e-02 1.0475260897e-01 -1.1324082265e-01 4.2219957892e-01
-1.2642271687e-01 -2.5989649633e-01 1.9082825875e-01 -2.2487786199e-01 3.2360077386e-02 1.3719130262e-01 2.2986152317e-01 -3.5136438533e-01 -3.6885574117e-01 2.6152652886e-01 1.2012159317e-01 -5.1862752707e-02 2.2324898623e-01 -5.6716188848e-02 -4.3688751251e-01 3.4823058344e-02 -1.7984180680e-01 -2.9570248854e-01 3.5100291563e-01 -8.8687811777e-02
3.0809777822e-01 1.9363889318e-02 2.7765328646e-01 -1.1017567368e-01 -7.5678489057e-02 4.3953996296e-01 -1.6669007775e-01 2.0185891037e-01 3.7694112929e-01 -1.1374257186e-01 -1.1921553947e-01 -1.2988909789e-01 -1.6063635901e-01 -1.0831093861e-01 1.2981118987e-01 -6.4230801663e-03 1.0951340609e-01 3.2173842159e-01 -3.1285997704e-01 1.5368052140e-01
-7.3105773227e-01 1.2715689193e-01 6.1442338822e-02 -1.8401472005e-01 -2.2467729140e-01 1.8812865562e-02 -1.0627710671e-01 5.3804964326e-01 3.9539940105e-01 -4.9162805618e-01 2.5164992896e-01 -1.5351479193e-01 3.8618203152e-02 -3.2371340619e-02 2.0806381084e-01 4.2980665551e-02 -1.3095823204e-01 3.3131724541e-01 -9.9268548322e-02 -8.6151945742e-02
2.6333585788e-01 1.6132359531e-01 -5.4303340060e-02 5.1740034183e-01 -3.7460732353e-01 -5.6032924226e-01 3.4348039752e-01 2.7421446966e-01 -1.3548546358e-01 4.1641613485e-01 3.4131094405e-01 1.3333129110e-01 -3.6553382467e-01 -2.0820805089e-01 2.8891486620e-01 -7.7555197036e-03 -1.0612606272e-01 2.0337419121e-01 -3.0319826702e-01 -2.6034374054e-01
8.0289878541e-02 9.9009897381e-02 -4.5598281662e-01 -1.6213659549e-01 1.0808429775e-01 -1.2442196345e-01 -2.2866009294e-01 2.0118352212e-01 -3.3673361697e-01 -7.2642922216e-02 -2.7722923641e-01 -3.5248903655e-03 -7.7635928787e-01 2.7287482963e-01 1.8227308024e-01 2.8196300592e-01 -7.0549094927e-03 5.5775270414e-01 -2.3427346389e-01 -6.6433146705e-01
-2.6788756002e-01 3.5570836284e-02 -9.0313680274e-02 4.1026707522e-02 2.7318756244e-03 -8.6677522229e-02 2.1501317620e-01 -4.2936702207e-02 4.8088433042e-03 3.9655251462e-02 -2.2418788550e-01 -2.7321640548e-01 3.9472660017e-02 5.1197964228e-02 -2.6266528396e-01 -5.0985483936e-01 -1.8439364227e-01 4.7215465478e-03 -1.6440808163e-01 -2.9047009968e-02
3.4833815714e-01 -4.7288808904e-01 1.6714607562e-01 8.4791347602e-02 -2.0070256916e-01 -1.6005379004e-01 -2.0757308840e-01 -2.7354488181e-01 6.5062520910e-02 1.4016343271e-01 -1.7695766242e-01 -4.9232887980e-03 2.5693285544e-01 -4.7142510268e-01 -1.8293269807e-01 1.6155463209e-01 1.3339160543e-01 -5.3283886408e-02 3.5754040094e-01 -7.3314536711e-02
8.6575405511e-02 -2.7675864022e-02 -3.7343459165e-02 1.9763878611e-01 -1.3783948719e-01 -4.2113300081e-01 -2.9709470573e-01 -3.9587991265e-01 -2.5575769380e-01 2.0503400408e-01 -1.9745279189e-01 -4.5815629483e-01 -4.6529149257e-01 4.5492749266e-02 -4.4173959899e-02 2.1275492301e-01 -2.3236221821e-01 -8.0310089630e-02 -2.9846370672e-02 5.8098344009e-02
