1.2584070717e-01 -4.0938100331e-01 4.5363128817e-02 4.6894954653e-03 4.0633453117e-01 6.4653737747e-02 1.5053519697e-01 -1.2990777852e-01 -4.0517234103e-01 -1.6406884227e-01 1.8039404343e-01 -7.0168274169e-03 -9.9060105044e-04 -1.5818295079e-02 1.0674547481e-01 4.6521718698e-02 -1.6657103905e-01 3.7042306339e-01 2.2507835931e-01 1.7900158485e-01
-5.8629685990e-03 1.3009084760e-01 -1.6114016340e-01 -1.3246415493e-01 -2.7701999000e-01 -1.6123736934e-02 -1.4695553416e-01 2.8813339060e-02 2.2155660968e-01 3.4964883797e-01 -3.7821791158e-02 -1.0085812205e-02 1.3954467604e-01 3.2069171307e-02 -1.0181698295e-02 -3.2884354819e-01 2.2982081461e-01 -2.6427566497e-01 -7.4830028592e-02 4.8693501367e-02
-3.4722986139e-01 2.3190262568e-01 3.3168290541e-01 6.4077754309e-02 1.5751221189e-01 8.7340759525e-02 -4.2947385023e-02 -2.0669405936e-01 6.9711573932e-02 3.6728631365e-01 -4.3963281173e-02 2.1313329684e-02 9.5900623276e-02 4.8591789924e-01 7.4699081730e-02 2.9564456045e-01 -1.1890996251e-01 4.5790813420e-02 4.0829897125e-01 2.1769390673e-02
1.4785766029e-01 -8.5137078966e-02 9.7025524247e-02 -2.7999897322e-01 2.9921434615e-01 9.0850991223e-02 1.6895022483e-01 -5.4644427974e-02 2.6969562032e-01 -2.4554273868e-01 -1.3677342221e-01 -1.6915581304e-01 -4.5732526740e-01 -3.0940936880e-01 6.0198747138e-01 6.2427557319e-01 -2.4870734394e-01 5.8782402021e-01 -2.8693887513e-01 1.2356735342e-01
-2.9595460754e-01 -6.3915498324e-02 4.4428610820e-01 -4.2025722476e-02 6.8735021979e-02 3.2520296593e-01 -1.4300619977e-01 2.1779769557e-01 8.2793609407e-02 -4.1600245691e-01 4.2543387076e-01 -1.5872807074e-01 2.1052988688e-01 2.9752031489e-01 -8.3106290204e-02 1.9938375005e-01 -3.5741767961e-01 3.3695504963e-01 -1.6932611733e-01 -5.5320723716e-02
-2.7157304679e-01 1.2688157690e-01 -8.8305478167e-03 5.7717166407e-01 -2.1442613144e-01 -2.9917716319e-01 -3.8830550681e-02 -4.0807548901e-02 2.9652184216e-02 -1.9466044621e-02 3.1300551702e-01 1.3202360125e-01 -8.6751919789e-02 -9.3213039412e-02 5.7487878361e-01 1.7733536787e-01 4.2811359184e-01 2.1827594744e-01 9.0590317608e-02 2.2917631034e-01
-3.4476839923e-02 3.2387418432e-01 -2.4321984417e-01 -1.6741478505e-01 1.7266932230e-01 6.7516341220e-02 -2.0279582589e-01 5.6226019495e-01 -6.4277784942e-02 1.7873119305e-01 -8.3829027157e-02 2.3539582447e-01 5.4422751405e-02 2.4402964739e-01 -1.6725555361e-01 -1.5018278900e-01 -5.5250510325e-01 1.0885760075e-01 3.7040903886e-02 2.8787275336e-01
5.1948229424e-01 1.3915222779e-01 2.0229628191e-03 -3.9979145710e-02 -1.4483733708e-01 6.0076445209e-02 -1.8704536963e-01 2.1238961913e-01 2.3674146874e-01 -8.6044323346e-02 3.6487150722e-01 3.0499925360e-01 -4.6795658031e-01 -1.6101153856e-01 8.9641898757e-02 1.8992462251e-02 3.2163331358e-01 -1.6682051021e-01 5.7350925680e-02 -3.5758750845e-03
2.2701069333e-01 4.4258491463e-01 4.1451325745e-01 -2.1602659982e-01 2.2397079177e-01 1.4153788598e-01 -8.1804672095e-02 4.9181356086e-01 2.0299902346e-01 1.8096929196e-01 3.3611394765e-01 -2.3316944898e-01 -2.9984356541e-01 -6.4329809917e-01 1.8259988833e-02 4.4513824397e-01 -4.8103614035e-01 1.3787185819e-01 1.8776835806e-02 8.6773774329e-02
-1.6590565497e-01 2.5289751129e-01 2.3641274962e-01 1.5725615727e-02 7.6578553922e-02 -1.2101531951e-01 -2.4996349252e-01 -6.8504231726e-02 -4.0327993505e-01 -1.8087727028e-01 -1.9409539042e-01 2.2264793923e-01 -4.9138938745e-01 -1.5385737277e-01 -1.9707316191e-01 -7.2439567468e-02 1.2112124487e-01 5.3265134516e-02 -4.5568274219e-01 -2.0765274862e-01
-5.1379837080e-01 1.5033039765e-01 -1.1591384152e-01 2.8304241725e-01 1.2931197324e-01 -7.7594642404e-02 -1.1610442920e-01 -1.2334264872e-01 4.4847086447e-01 -1.0198401820e-01 5.1592716444e-01 -3.7258942166e-01 1.8808917118e-01 -3.7416749735e-01 1.6694432143e-02 2.2775072846e-01 -6.6453001199e-02 -2.0543332269e-01 2.5094932116e-01 -1.2976052995e-01
-5.3608321640e-01 -2.5512424254e-01 -8.3259525297e-02 6.3776960669e-02 -4.4668353749e-01 -7.5374647282e-03 -4.2306671642e-01 -1.1174314629e-01 -3.8094853973e-01 7.4052522000e-03 5.4596411840e-02 -1.1677083333e-01 -2.2159992931e-01 2.5482490840e-01 3.5400189957e-01 -2.9237679118e-03 1.3175897036e-01 2.3471741918e-01 4.5120981862e-01 -7.3377462503e-02
-1.5864879027e-01 1.0169341420e-02 1.5972102498e-01 -1.4169140833e-01 -3.0629025009e-01 -2.5871495336e-01 -2.2008163651e-01 5.5820272749e-02 -8.5873849558e-01 -1.1381824279e-01 2.6927884722e-02 3.0409951696e-01 -1.5974267060e-01 -3.2045648860e-01 -1.5042749004e-01 -1.6554440064e-01 4.7077514621e-02 -2.6946992540e-01 7.1703400380e-02 -1.5469636421e-01
1.9432272965e-03 -5.3260131515e-02 7.3655735651e-02 8.4229500920e-02 1.4273802319e-01 -1.9664290767e-01 1.6059470807e-01 -1.0337604001e-01 -1.8601904651e-02 -3.3681671911e-01 -1.2956440147e-01 -1.5685681214e-01 1.2136788984e-01 5.1596301957e-01 -3.7372683889e-01 1.2023549029e-01 -5.5485461810e-02 1.4739292300e-01 -3.4933136310e-01 2.2750333964e-01
-8.0494071063e-02 1.1122065257e-01 3.6525662254e-01 2.6248832963e-01 2.1442678705e-01 -2.6917839436e-01 -8.2621670627e-02 8.7048342879e-02 -1.3728257091e-01 3.2841561712e-02 -6.3907415415e-02 1.6789596392e-01 2.4211998132e-02 5.4401585034e-02 1.6427767553e-01 -4.5808389594e-02 -1.0630420257e-01 -2.3920826334e-01 7.5020919778e-03 -2.1198216722e-01
1.4718496667e-01 1.1783260642e-01 3.0243921775e-01 7.3565137843e-02 -3.0043654507e-01 3.2722574178e-01 -2.8499518960e-01 1.0503713018e-01 -1.6488352183e-01 -3.2873496029e-02 1.4002958035e-01 7.9114643375e-03 -3.9997371919e-01 2.5942423285e-01 -4.2088532900e-01 -4.1701703690e-01 3.4579270882e-01 -2.1283321669e-01 9.9955085930e-02 -3.0737829306e-01
5.8282375168e-01 -1.9584305164e-01 1.1935373148e-01 8.7841563010e-02 2.8371113952e-01 -4.9296824283e-01 -1.7267162383e-01 -1.4151955994e-01 -4.2737502637e-02 -1.5638203823e-02 -7.2063781782e-01 -8.6061423226e-02 3.9299285928e-01 2.5509618641e-01 -3.1488030912e-01 -1.5481384280e-01 1.4581179331e-01 2.0689383425e-01 1.4677144308e-01 -1.2783495669e-01
2.1294411115e-01 1.5666279780e-01 -8.6939735765e-02 -1.1954491397e-01 7.3383065717e-02 -5.6798525450e-02 8.8685183882e-02 -4.7328720624e-01 4.8769835208e-01 2.4796662658e-02 5.4432924857e-02 1.4474025218e-01 -9.1214062658e-02 -9.5945753260e-02 8.9447675791e-02 -5.2701617606e-02 -8.4006887876e-02 -3.8182470953e-01 5.8642896573e-02 -3.2873083353e-01
2.1814775048e-01 4.1259907913e-01 -2.5466629988e-01 1.6901650115e-01 -1.2623383524e-01 -1.0455953185e-01 -1.8182582484e-01 -2.0486538968e-02 2.9468650688e-01 9.6384262678e-02 -1.6631153055e-01 -4.5824451119e-01 4.2577973898e-01 -3.4703876926e-01 2.2576656425e-01 4.3085699754e-02 4.6663839561e-01 -3.1509772892e-01 -1.4446904457e-01 9.2892768977e-02
1.8431303245e-01 -1.6667779371e-01 -5.6261407380e-02 4.8021169651e-01 8.7278866864e-02 -2.8340728235e-01 -1.5218605397e-02 2.5763981321e-01 -2.0156674911e-01 1.7556259647e-01 5.5821672722e-02 -3.7229418016e-01 2.4276337147e-02 -3.9526597931e-01 7.8304611541e-03 1.9305387782e-01 -4.3983703611e-01 -2.9940586674e-01 1.7424484925e-02 -2.9838048638e-01
