1.6319401294e-01 3.2289673838e-01 5.0822085125e-02 -4.1644363517e-01 -3.1671216304e-02 1.2044683964e-02 2.5103266672e-01 5.0495757354e-01 3.3251205810e-01 4.4745466093e-01 2.6260051956e-01 4.2429562548e-02 1.0160569407e-01 -5.3103276214e-01 -3.5479853703e-01 -1.0219330938e-01 -2.2155138878e-01 4.4306757154e-01 -9.0164424341e-02 -3.0173234948e-01
-1.7683902069e-04 -8.3676311128e-02 -3.2811674806e-01 1.0793700989e-01 -3.0104403921e-01 1.2761725552e-01 1.6361801030e-01 3.2554874144e-01 -1.1267306993e-01 3.0021174334e-01 -7.0839188734e-02 1.1945642522e-01 -2.4229691269e-01 -8.8054860608e-03 -1.0093666604e-01 -1.4614348948e-01 -1.4912725973e-01 -2.9931389477e-01 1.1833047660e-01 6.5770219921e-02
-7.1064337208e-02 -2.7952578502e-01 1.2675081959e-01 -1.2284725701e-01 1.7531671152e-02 -1.7510538852e-01 2.5686589566e-01 2.6664448214e-01 -9.1333705747e-02 -8.6975528109e-02 1.7386698179e-01 -1.0185047267e-01 -2.7029569545e-02 -1.5395545766e-01 -2.8663870803e-01 8.9475719424e-02 -7.4379309797e-02 1.1746487923e-01 -6.0389071390e-02 -1.3146195176e-01
5.9593909796e-02 -4.0139529084e-01 -7.4919876523e-01 -2.2327736008e-02 2.7308158072e-01 5.7209338201e-03 -1.9514511393e-01 3.2132973914e-01 6.5079513006e-01 -4.1188972898e-01 1.0847772464e-01 1.0163828584e-01 -3.5700418530e-02 -8.1120213089e-02 3.7910239281e-01 1.0449910101e-01 -4.9815015438e-02 -2.9143483166e-02 8.1616213907e-03 -5.7006897125e-01
9.0054939047e-02 -1.3464209783e-02 1.6456986216e-01 -1.9416762120e-01 -1.5846708909e-01 -9.7476742390e-02 -1.0098764348e-01 -1.0165440810e-01 -2.6989353409e-02 3.8954235768e-02 4.5269361072e-01 1.9009563014e-01 8.5798655467e-03 -2.7971742043e-01 2.8936744476e-02 3.1410623470e-01 5.0188127563e-02 -8.7232379417e-02 1.6983750528e-01 -3.4458055887e-02
4.0785033929e-01 1.5892078788e-01 1.1757129126e-01 -1.6448960579e-01 2.5333928172e-01 -2.7341366656e-02 -2.9959083194e-01 -3.6696157810e-01 1.9786831753e-02 1.7619563276e-01 -1.6366640042e-01 1.6237666870e-01 2.9915981175e-01 -6.1124381132e-02 -4.4192736959e-01 -2.9697179775e-02 -1.4618652271e-01 2.6449441248e-02 -3.7863072949e-02 -1.1943438606e-01
-1.4597517444e-01 -4.6389666761e-01 -1.3375692502e-01 1.3196753903e-01 1.5506953073e-01 -7.5626768765e-02 -3.3505312576e-01 -5.2920156214e-01 4.7077119081e-01 1.1104940548e-01 -3.2404382543e-01 -9.3971798852e-02 -2.6614746570e-01 -1.3540276306e-02 3.3837225234e-01 -8.5498270002e-02 -1.5634867188e-03 -5.0498309335e-02 2.6345999870e-02 -4.7336531444e-02
-1.4761162442e-01 -4.6227086098e-01 -6.8075758004e-01 1.5205515150e-01 -6.7356164048e-02 -8.4733232436e-02 -1.4442272872e-02 1.8727577526e-01 4.6114878177e-01 -3.3293032641e-01 -2.2657144428e-01 -3.3772309718e-01 -2.9595295724e-01 -3.1382805861e-02 8.4457947373e-02 4.4085535896e-02 3.0518436829e-01 7.0369031209e-02 2.1071796658e-02 2.5965657436e-02
1.6165741199e-01 -2.5146755439e-01 6.2698002815e-02 -1.7570375196e-01 -5.2099035626e-01 4.1170750555e-02 1.6712267994e-01 -2.0747521446e-01 1.4950065710e-02 -1.9709502744e-01 2.4037561696e-01 -2.2169448018e-01 1.0632465611e-01 -1.6723897116e-01 2.8301580039e-01 1.2627753317e-01 -4.5343296236e-02 5.7167289128e-01 -2.2450772733e-01 2.1132126622e-01
-7.0257758016e-02 2.7874438305e-02 -3.1653997515e-02 -3.4006662219e-02 1.6865581312e-01 2.7116720309e-01 -1.3726777144e-01 -3.6810470482e-01 1.0778326358e-01 1.3078192955e-01 3.7608638390e-01 -6.5901770274e-02 2.5642706306e-01 1.3297295839e-01 -2.4073203899e-01 -4.0970051092e-01 2.0629395521e-01 1.8323973532e-01 -2.3940055546e-03 -1.7565777311e-01
6.3580754710e-01 5.4611714932e-03 -1.5377028511e-01 -2.3670672037e-01 -1.0187590189e-01 -1.8080728882e-02 -1.9567780164e-01 -1.1254056427e-01 3.4422151345e-01 4.9545180383e-01 1.7743076361e-01 -2.0647228554e-01 3.2923650477e-01 -1.8685619710e-01 -7.4861922786e-01 -8.0168819406e-03 -1.0928933538e-01 -3.4315379279e-01 3.0059057819e-01 -1.9007129159e-01
2.3679861342e-01 -3.4490010720e-01 2.5538413472e-01 1.2254129748e-01 -5.4709877995e-03 -5.1073051905e-01 -7.7769840241e-02 1.2808278736e-01 1.2049808669e-01 1.9806773968e-01 -4.4999683278e-02 -1.3882754565e-02 -1.2475597951e-01 1.3581334769e-01 4.9003325093e-02 -2.1060838467e-01 -1.7859049572e-01 1.9874744511e-01 3.1883799845e-01 6.0330658182e-02
2.8365736391e-01 -2.3858040101e-02 -2.5048380144e-01 -5.0087926730e-02 2.6679118114e-01 -2.2124403421e-01 1.9343963239e-01 7.0606345936e-02 -1.5685950995e-01 -2.1329640997e-01 -1.8949905952e-02 2.1367765039e-02 -7.1184415964e-02 -3.6650843030e-01 -2.5697663766e-02 7.5928838258e-02 1.6978979732e-01 3.3927276081e-02 -8.1141604160e-02 -1.5280485107e-01
-3.3559277765e-02 -2.2449094476e-01 4.7690947750e-01 1.7761189403e-01 1.5304473888e-01 -3.6997880859e-01 2.5399947493e-01 -2.4598564315e-01 -4.8805431874e-02 1.8036465843e-01 2.0216291969e-01 -2.0132374398e-01 2.8377771005e-02 5.1701965659e-01 -2.9311363796e-02 3.8795060790e-01 8.8391975748e-02 1.8576488262e-01 -3.7918526622e-01 2.2781372775e-01
-1.3748961844e-01 2.3188630355e-01 -6.3305738968e-02 -2.0150128264e-01 7.6282138677e-02 2.6829864521e-01 4.5946319073e-01 -2.8505498714e-01 3.7588310313e-01 -4.8684629711e-04 -9.4093728157e-02 1.9417525924e-01 -2.6644121563e-01 -2.7718621277e-01 -4.1071156640e-01 8.8031732710e-02 5.4720697615e-02 -2.4301713353e-01 5.0878626220e-02 -1.5787574885e-01
2.6766668464e-02 -7.8194917644e-02 -5.2503281166e-02 5.4068983996e-02 -4.9041374912e-02 -1.1538173305e-01 3.8680470600e-01 -1.8786253731e-01 8.0972253295e-02 1.6033687825e-01 -2.1340629088e-01 -2.3936411429e-02 2.0316303411e-01 1.8492020534e-01 4.5935248741e-01 -3.6303673030e-01 -2.7887610303e-01 2.6963167609e-01 -4.5809535484e-02 -3.9982331132e-01
2.3828394052e-01 -8.4999924294e-02 1.1569552590e-02 2.9841989037e-01 -1.5682896969e-01 -2.5816212521e-02 -1.2362652996e-01 -5.3992138675e-02 -5.2902320586e-03 7.0380723352e-02 2.4131366182e-02 -4.2773545050e-01 2.1812765215e-01 8.9430338472e-02 2.2733883422e-01 2.4997489866e-01 5.7783935845e-02 2.6628120643e-01 -3.3241988944e-01 3.2286451245e-01
1.2058955355e-01 -2.0342531877e-01 -2.1751096520e-01 8.3998318335e-02 2.4406082956e-01 1.2727027987e-01 -8.5743336881e-02 3.3872532402e-01 -2.9458177264e-01 5.3253109456e-02 1.0920492881e-01 3.4562451500e-02 -6.5730283081e-02 1.7446319939e-01 -3.6494199769e-02 1.4018981158e-02 -5.8775595492e-02 -6.6995531384e-02 -3.9544934270e-01 2.8424830938e-02
1.0459049702e-01 -3.1928135818e-01 2.4245364575e-01 2.8759813063e-03 -4.8171242087e-01 -2.6579586472e-01 -1.1518505489e-01 -3.8663850751e-01 1.0835482504e-01 2.5347320620e-01 -8.6975864829e-02 9.6211889209e-02 2.6940378380e-01 -4.1316784477e-01 -1.8945719614e-01 1.1053366796e-02 -2.3582058560e-01 3.4906504019e-01 -1.6424481351e-01 -8.6396826627e-02
2.1212196202e-01 -3.8583894672e-01 -3.2672375821e-01 -9.4829022826e-02 2.3438429980e-01 1.7343728177e-01 -2.1074160374e-02 1.1541530869e-01 -6.4393115435e-02 -1.7086403470e-01 -7.4019786532e-02 4.1408578562e-01 -8.5702811560e-02 2.1989658400e-01 -3.5367854793e-01 6.8694414366e-02 -1.4236856765e-01 -1.1614877654e-01 1.0985561839e-01 -4.1692511292e-01
