-2.6970050734e-01 -2.2288619544e-01 -3.0622856754e-01 5.0184909045e-01 4.7874238678e-01 1.0133579613e-01 1.4445082671e-01 6.3660861358e-01 2.7834201688e-01 -2.3739273923e-02 2.9609582568e-01 -3.5316686083e-01 6.8280003119e-03 -2.1125846102e-01 2.4411446388e-02 -1.0762679241e-01 1.6902167353e-02 2.7277811284e-02 -1.2199747810e-02 1.0580943018e-01
-2.1907511301e-02 -2.6109119337e-01 1.7018134536e-01 1.8190538535e-01 -1.2278322467e-02 5.5764732014e-03 -2.7776422582e-01 -4.4032321314e-01 -9.7050433092e-03 1.5870537217e-02 -8.1967258245e-02 3.0816528394e-01 4.1841356199e-01 -2.4705181872e-01 -3.4315813407e-01 -1.7158375008e-01 1.3774095723e-02 -2.7561880351e-01 -2.1263784659e-02 1.1949878563e-01
-1.8275763054e-02 -1.0731175040e-01 -1.7474105348e-01 -2.4916196156e-01 -2.1541551445e-01 3.6101485142e-01 3.5359229510e-01 -5.6034640293e-01 2.5500759246e-01 -1.4219773028e-01 -5.7153784397e-01 1.1084709928e-01 5.8966741179e-01 1.8997764806e-02 -2.2802139557e-01 -1.6718887495e-01 9.9751911794e-02 -6.7161543519e-02 -1.5737632874e-01 -1.0509741402e-01
-2.3179394708e-02 -3.9029531745e-01 -1.2558036977e-02 1.6125420153e-01 5.5979704989e-01 1.6226517823e-01 -1.9862207774e-01 1.5863233587e-01 1.9559955949e-02 -8.8753800225e-02 3.4766675547e-01 1.5050677007e-01 5.9223348469e-04 -3.6885519164e-01 8.1286663651e-03 1.5134506862e-01 3.9525233143e-02 -3.3567333887e-01 1.4847254563e-01 -1.5744250237e-01
4.2933505672e-01 8.1003753565e-02 -5.8682028129e-02 8.9308025704e-02 -4.0086964618e-01 7.2231868734e-01 2.4060819180e-02 -1.6326354051e-01 1.4048979448e-01 1.5099616813e-02 -1.1915259938e-01 8.2235864383e-03 2.3107184355e-01 1.1110346825e-01 -1.0648894338e-01 -4.6362177021e-02 -3.7721911468e-01 1.0804381764e+00 3.5459225213e-01 1.6123861706e-03
-1.6412536946e-01 -3.6277137973e-01 2.1900271791e-01 2.6741067838e-01 1.1899358846e-01 -5.4471980188e-01 -1.5299247186e-01 4.3307783430e-01 5.2685966143e-01 -3.2023405695e-02 -1.9883919411e-01 -2.5563593978e-01 -1.4219117170e-01 -1.0474945590e-01 2.5798556080e-01 -2.4141297148e-01 -1.1289691319e-01 -1.9876503377e-01 7.0930522503e-02 -8.7906575363e-02
2.6567496062e-01 8.1070906970e-02 -1.5964063503e-01 3.8537028851e-01 -7.0743745796e-02 -3.8345481564e-01 1.1282811959e-01 -1.1616317611e-01 3.7494459095e-01 3.8464359414e-01 3.9176447831e-01 8.0980629308e-02 5.0375808957e-02 -9.1515926904e-04 -1.0626925097e-01 2.4476982237e-01 1.6414021036e-02 -4.6609946717e-01 -2.3149243266e-01 -5.6121373099e-02
-1.4056709449e-02 2.4697926405e-01 4.3912004043e-01 7.2484900998e-01 1.5433638950e-01 -1.1593041591e-01 -1.4491908655e-01 1.3064483186e-01 2.2916241944e-01 -8.0489083337e-02 7.1477467670e-02 -3.6939967116e-01 -2.9674966559e-01 1.8529103005e-01 -3.7060849904e-02 2.8738717931e-01 -4.1901696934e-01 2.0359652480e-01 5.0041661504e-02 2.2435637934e-01
-2.7679781179e-01 2.6549025690e-01 -2.6021083610e-01 7.6205557850e-02 2.3726490323e-01 8.8920090976e-02 5.8396075472e-02 -1.8612672442e-01 -1.3177030697e-01 -1.6721267403e-01 -5.8059014908e-02 2.7110564784e-01 5.0171592980e-01 -1.0657627997e-01 -4.2932393777e-01 -5.8109305318e-02 -2.0333415394e-01 -1.5175120241e-02 6.3216647822e-02 7.9535482135e-02
-2.8682520019e-01 1.1333902191e-01 -4.8803951890e-01 1.6306693026e-01 2.8673483175e-01 2.0846813164e-01 2.1279372248e-02 1.8691778179e-01 3.8534098793e-01 2.8624522816e-01 -3.1208781487e-01 -3.5626818545e-01 -1.8270311516e-01 -1.7406910454e-01 4.7104155356e-01 2.3721391397e-01 -2.6766605189e-01 -1.4868405439e-03 -9.7707278677e-02 -2.4507359530e-04
-2.8306369985e-01 -2.6011563556e-01 -2.4444529008e-01 -3.8211491810e-01 2.3240696452e-01 -2.5741167639e-01 3.5390277708e-02 2.4776987148e-01 -3.5008023645e-01 -1.5741115546e-01 -5.7327418095e-02 -2.6671716530e-01 8.1596273447e-03 8.2667269848e-03 -2.1896597768e-01 9.5927255038e-03 4.9625426904e-02 3.1477571153e-02 -2.2069375667e-01 -2.5222699222e-01
1.5035128775e-01 -3.5388287989e-01 -1.9885599751e-01 -2.3578718995e-02 -1.5252086747e-01 3.7589956681e-01 1.8352027618e-02 -3.4580806158e-01 -3.2107758841e-01 2.4533200434e-01 -3.5810152720e-01 2.0530504639e-02 3.8197818930e-01 1.8428213541e-03 -1.3238653764e-01 -4.9722687564e-02 4.8430863234e-02 -2.4793200129e-01 -3.1643403995e-01 -2.1927923738e-01
-4.5444985038e-02 4.5222757577e-01 -5.1443523989e-02 2.4511083362e-01 4.1676696141e-01 1.8445329357e-01 1.9719181754e-01 -9.6141878417e-02 3.9420553785e-01 -1.1141604046e-02 2.1759148212e-01 -7.4913069437e-02 6.7853482753e-02 1.5344788383e-01 -9.2432741278e-02 -2.5803233215e-03 1.5314769169e-01 -1.6116028875e-01 -9.8136777844e-02 -6.5688177187e-02
3.9421079438e-02 -5.4079619965e-02 5.6895288521e-02 -5.2495579139e-02 -2.0677588499e-01 2.0599571495e-01 -1.3290509848e-01 4.0017376255e-01 2.5275634095e-01 -5.5464496114e-02 -1.3841994145e-01 -8.6370937724e-02 2.9784587735e-01 -3.2270736132e-01 -6.6806155615e-02 -4.5745532481e-01 1.3950745545e-01 2.7061428480e-01 1.0792554540e-01 -1.3547875230e-01
-3.0705949742e-01 1.7981718723e-01 1.7650383152e-01 4.1467594264e-01 -1.7161231342e-01 -8.7262517150e-02 1.1580233557e-01 -3.0332390954e-01 9.0596112094e-03 -1.3857201697e-01 -6.2853595849e-02 -1.1094147527e-01 -1.0174939008e-01 4.2446564937e-02 3.7107545912e-01 1.3695445831e-02 -1.6269860680e-01 9.0671050141e-02 1.6024532800e-02 4.7673550791e-02
3.8213315190e-02 -2.3407532951e-02 -6.1923555239e-01 8.7074321340e-02 4.1211181204e-02 -3.0081970350e-02 -2.8726728093e-01 -1.9344183542e-01 9.7051585147e-02 5.8302187280e-02 3.3122693936e-01 -3.1620531367e-01 8.7320260975e-02 -9.9418494434e-02 1.0184744317e-01 -1.3904721269e-02 3.4226360441e-01 -1.7354296483e-01 -4.5055264899e-01 2.9973464216e-01
-3.3669506986e-01 -1.9872183801e-01 -4.3913229978e-01 3.3115935919e-01 -9.0533188022e-02 2.3349137809e-01 2.4975035374e-02 -2.4944155641e-01 2.5370590881e-01 -3.6463257543e-02 2.3754572410e-01 -2.2982421336e-01 1.3994439906e-01 -7.6155738828e-02 2.2164065633e-01 -1.9253149402e-01 -1.0663020072e-01 4.9589906423e-03 -1.4168205444e-01 1.8699908115e-01
-2.0246908470e-01 -9.5405671395e-02 1.4301647153e-01 1.1371907538e-01 -3.3136572724e-02 5.6301959172e-02 6.2281693540e-02 -2.8783279465e-01 -1.7555603819e-01 -5.5120536836e-02 -1.0709154769e-01 -2.6987554751e-01 -5.9599269060e-02 -3.9506355318e-01 1.5611175639e-01 -1.0438240946e-01 1.7834887698e-02 3.2141613281e-01 2.8889289495e-01 -3.4500084634e-01
9.8301816480e-02 -1.3100141574e-02 2.5827041794e-01 2.2748999765e-01 5.3339456175e-01 2.0830306683e-01 1.3419540537e-02 -1.0627550312e-01 3.3543641414e-01 2.0674392547e-01 3.5027487605e-01 1.5062266656e-01 -2.5711033631e-01 2.3393779327e-01 -1.4524558064e-01 -3.8225783531e-01 -2.4163676770e-02 1.5280457162e-01 1.1431407303e-01 -7.5930126701e-02
-2.2000321340e-01 -2.0428686036e-01 -1.1870272521e-01 1.8174930180e-01 1.0791221736e-01 -2.6143009726e-01 -1.1115599816e-01 2.7931233212e-01 -8.5204903586e-02 -1.3027075787e-01 -1.1589604657e-01 -8.9429600285e-02 4.5471857560e-02 -6.5241999768e-02 -6.0022407513e-02 5.3901798146e-02 2.4690980429e-01 -1.2743107181e-01 -4.1314751962e-01 -1.2784460630e-01
