1.5842117680e-05 1.1462480170e-01 5.7555037624e-01 -2.5296520253e-01 5.2748716061e-02 -1.5289209503e-01 -2.2506341131e-01 -2.3192881490e-01 1.7893554196e-01 1.6915822388e-01 -3.7135036814e-01 8.4925970528e-02 -7.1574472011e-02 -2.5736826755e-01 -1.5716608457e-01 -2.3726180505e-01 9.6845147323e-02 6.6795429531e-02 -2.3923995006e-01 9.8823235674e-02
3.1981154406e-02 2.2203082012e-01 3.1103224317e-03 2.0716494567e-01 1.4460806021e-01 -1.7658812654e-01 -3.6864821493e-01 -2.8765669812e-01 -1.1754463596e-01 -3.6659348627e-01 -2.0514626627e-01 -4.2087120074e-02 -1.8327307830e-02 2.0323872982e-01 8.3527185231e-02 4.9942396783e-02 2.6553832515e-01 -1.4171869832e-01 1.1735672085e-01 -2.3929585677e-01
-4.0596347813e-01 -9.0445494959e-03 2.0424428582e-01 2.9307164417e-01 1.3683353674e-01 1.9207144156e-01 -1.9330572020e-01 2.9665113667e-02 -1.3791853645e-01 2.9345953568e-01 -7.2138988350e-02 -5.2739770759e-01 2.0284724761e-01 2.0970859516e-01 9.7723371918e-02 1.3688311154e-01 -7.8411057940e-03 5.1747788629e-02 -2.7055648800e-01 -2.8410874079e-01
-3.6916025951e-02 1.4095146368e-01 -4.5628342407e-01 3.4235772208e-02 1.4698395021e-01 4.3682004020e-01 1.9568198340e-01 4.2104871004e-01 1.2223450189e-01 -1.6010162375e-01 2.9780913156e-01 -6.8894558027e-01 1.6084965036e-01 7.2833108623e-02 -3.3881788879e-01 2.5636008965e-02 -3.6142074929e-01 -9.6799284387e-02 2.7052831788e-01 -2.4847134979e-02
-1.4464874334e-01 1.9726962418e-01 1.5023018423e-03 3.7941763277e-02 -8.3965998892e-03 7.9692421435e-02 3.1486537583e-02 1.5654519879e-01 -1.7153769824e-01 2.5709393210e-01 7.4276360186e-01 9.6696099019e-02 2.1114911862e-01 -1.0721512321e-01 1.5978976421e-01 -2.5317015858e-01 -4.2754821972e-01 3.7002541265e-01 -5.6409695666e-02 -2.2973352249e-01
4.6674649506e-01 -2.5314999007e-01 1.6309694178e-01 -7.7492937291e-02 7.8512505363e-02 2.6000515495e-01 -2.0609986104e-01 9.3632811031e-02 4.1582971574e-01 3.8400103812e-01 -3.3575910446e-01 -5.0391971432e-02 -1.9777034849e-01 -3.8937172251e-01 3.3982289506e-02 -1.3603673497e-01 -8.3539178715e-02 -3.5429137394e-02 -9.1371174838e-02 -1.6778601662e-01
-3.2583501907e-01 4.0840690202e-02 3.0025701681e-02 -8.3276001437e-02 -7.1182431120e-02 -2.4824045118e-01 2.0487322104e-01 -8.6247192826e-02 1.1577726438e-01 -6.3819619155e-02 -1.1407380579e-01 -6.3122784076e-02 -2.9155484062e-01 3.1930448715e-02 -2.7250549049e-01 -8.9961817922e-02 2.6046595625e-01 3.1025054242e-01 -2.0758891735e-01 -3.8562926528e-01
3.8562676871e-01 3.5153340758e-01 2.1017292057e-02 -1.6871952310e-01 -1.7241382826e-01 -5.4424732325e-02 2.4537021256e-01 -3.2529370948e-01 6.9069178791e-02 -2.2709674286e-01 -6.2420012685e-01 -1.6418754160e-01 -6.2676729962e-02 -1.6276758410e-01 -2.5498737820e-01 3.7762611403e-02 -6.8649584523e-02 -1.0933841024e-02 -3.9651475340e-02 -3.4599238936e-01
-1.9288648697e-01 2.4207709741e-02 2.7391984514e-01 -1.6462419740e-01 -2.9417805632e-02 -2.9020027378e-01 2.5340336789e-01 3.9061931371e-01 4.6340153395e-02 4.4435218755e-01 -9.5469318886e-02 -3.3716459341e-01 4.5548055796e-02 -4.2246251975e-02 -5.1236809320e-02 -3.4370630056e-01 1.0862621770e-01 6.0285085326e-03 -1.2902057077e-01 -3.0454987670e-01
-3.3816602846e-01 3.3368094605e-01 3.0077141810e-01 -1.5278621966e-01 -3.4912216727e-02 -4.1564854782e-02 1.0979586983e-01 -8.9287283249e-02 2.5995325388e-01 9.9694924559e-02 2.4321374349e-01 5.2164019696e-01 8.3207078514e-02 2.3615585617e-01 -1.9969091015e-01 -4.5014221840e-01 3.9979111712e-01 3.5094965953e-01 -2.0895665424e-01 2.1789978009e-01
8.6683552526e-02 -5.7579721914e-01 5.2767184802e-02 3.1921496208e-01 9.6121723135e-02 -3.0067291197e-01 -2.5833842998e-01 -2.6396939751e-01 4.4051136284e-01 -1.7219883517e-01 4.6166283926e-03 -7.8194861493e-02 4.6287319110e-01 6.2028774723e-02 -3.8860531842e-02 1.0762753651e-01 1.8951484490e-02 -7.7914629492e-02 1.3652090586e-01 -1.4507753353e-01
1.5628715927e-01 -6.2727636842e-01 -2.6057447478e-01 -2.1821301882e-01 6.5274081177e-02 -3.3052060986e-01 -3.6435288087e-01 3.4047958438e-01 -2.8936192891e-01 -4.4175050412e-01 -1.4285350088e-01 -2.8770284719e-01 -5.0666764680e-02 -2.7471334715e-01 -2.7372979710e-01 2.1901084102e-01 2.4865418285e-01 8.7572519768e-02 2.6485884810e-02 -3.2684277871e-01
-3.2303992092e-01 1.1499665940e-01 2.4904620847e-01 -8.1422392292e-02 1.9974633866e-01 2.2403310621e-01 -2.1751876609e-01 -3.5910445951e-01 1.8629399529e-01 -1.4427905072e-01 6.7460214779e-02 1.7033909058e-01 4.1459035005e-03 -1.9884700373e-01 -2.3546822933e-01 -3.6608211298e-01 -2.6589581127e-01 3.9538399812e-01 -3.0577823284e-02 2.2377527604e-01
-2.3263192867e-01 -1.4279678904e-01 -1.5748901151e-01 2.0388297397e-01 -1.4004858947e-01 -3.9287306455e-01 1.3324991864e-01 -4.6119061593e-02 -1.1489977746e-01 5.9266677383e-01 -2.1563805015e-01 -3.2254112346e-01 4.1855405418e-01 6.9958690049e-02 8.4617808506e-02 2.6446986785e-01 7.3290856856e-02 -1.9445785206e-02 5.3690353216e-02 -1.9280975162e-01
6.2335645853e-02 -4.6028648572e-01 -2.4814450385e-02 -5.2325915250e-01 -3.0584650836e-01 -8.2752966192e-02 -1.1548309291e-01 1.0876099197e-01 -1.3286136355e-01 4.2592927006e-01 6.5193176835e-01 4.7749718124e-01 3.2262131206e-01 -4.6122396253e-01 2.9787102964e-01 -1.0273968319e-01 -1.4988064598e-01 -2.6911076937e-01 -1.8680616334e-01 3.7272373041e-01
8.3273344294e-02 -7.7280372706e-02 -5.5932670623e-02 -1.3270785024e-02 5.0997210079e-01 5.5999183143e-01 -1.4121313078e-01 2.6559731115e-01 -1.1451723556e-02 8.0802710977e-02 3.3787950145e-01 -3.3966244952e-01 6.7844799514e-02 1.2083095861e-01 -3.4331242151e-03 -1.1923089065e-02 -2.5078635716e-01 -4.1108687047e-01 3.9127160324e-01 -3.5647059404e-01
5.1279545090e-01 -1.5656745800e-01 -2.4970478114e-01 3.5415298487e-01 2.3426908605e-01 3.0388385767e-01 3.6116982269e-02 1.9525058057e-01 3.9682578255e-01 -4.3137235886e-01 -3.5756716505e-01 -8.3626567648e-02 1.7240807781e-02 4.3286049979e-01 6.0128064709e-02 1.9347162569e-01 5.4786516667e-02 3.3801996584e-01 -1.6225509648e-01 1.9357384466e-01
3.2026711046e-01 7.8729595568e-03 5.7064873771e-01 3.2021833386e-01 -7.0487632192e-02 -3.5963959226e-01 -4.7652626444e-02 -4.1117546379e-01 2.2270759176e-01 3.7391013383e-02 -6.2381163067e-02 1.9469739987e-03 -2.3051416147e-01 -1.8009792965e-01 8.1225468994e-02 -2.2307491057e-02 1.4795673059e-01 9.4494386135e-02 -3.3580372555e-02 -1.3484140356e-01
-2.9992314856e-01 2.5763433727e-02 -3.5543469864e-01 -1.5223608327e-01 -1.8497284924e-01 2.5824168285e-02 -1.1035675975e-01 9.4091902813e-02 -9.9372613362e-02 -2.4446433189e-01 -2.2317649169e-01 2.7828621348e-01 -2.9808940395e-01 2.4144656756e-01 2.2000494620e-01 -1.3270358277e-01 3.9086838428e-01 9.3304875620e-02 4.2826509096e-01 -1.7983196023e-01
1.0285329808e-01 -3.2773907588e-01 3.5060898888e-01 -3.6251922662e-01 -1.5964568151e-02 -1.6242310972e-01 5.0506077805e-01 -1.7792782511e-01 -2.0445974296e-01 4.8491704199e-01 -2.1940833145e-01 -3.3314765391e-02 1.1799958053e-01 -1.0415992770e-01 2.6381584643e-01 1.2831064292e-01 7.2899501588e-02 -3.5322654645e-01 4.3988299934e-03 1.0695504824e-01
