1.6415768377e-02
1.0385407360e-02
1.2037479443e-02
7.9590655448e-02
3.1363043827e-02
2.7481529853e-02
-7.2771089775e-02
1.6182065442e-01
1.5554398054e-01
4.1040671183e-02
7.8663677985e-03
2.6792324785e-03
5.2089532469e-03
-8.3551712288e-03
1.6925889454e-01
1.6613942469e-03
2.1192373339e-01
1.5044670944e-02
7.0844039781e-02
1.4233669473e-03
1.3774574559e-02
1.3091853074e-02
2.0422028252e-01
1.1385493863e-01
1.0620244611e-02
7.8641260317e-03
9.7526573865e-03
3.1771315474e-02
-1.5589726146e-02
1.6518348456e-02
1.7509292219e-01
4.2939406617e-02
1.0370083306e-01
1.6011173649e-01
9.5195767641e-03
7.3006567688e-02
1.3996563997e-01
1.0233688761e-01
1.9566838257e-03
-7.9170657740e-04
3.6453661107e-03
3.7544249531e-02
1.7984037884e-01
6.2847834111e-03
-7.9036259867e-04
-2.1669285522e-03
-3.2029653367e-02
7.8561172629e-02
2.1333108371e-02
1.5977033655e-02
5.4600607970e-03
-5.9992931292e-03
5.2986140609e-03
1.5365407160e-02
7.9722484346e-02
2.1474622870e-02
1.4051736243e-02
-1.1074449404e-01
6.7333971963e-03
1.2587106355e-02
1.0568528488e-02
-1.1058035911e-01
9.2567839386e-02
7.7668024845e-02
5.2424251089e-03
3.9723944573e-03
5.5168236583e-03
-2.3314720816e-03
1.4359080050e-02
2.6897036067e-02
-1.7063031353e-03
6.4171426045e-03
1.8037504037e-02
1.2095905001e-02
-1.5883114481e-03
1.0694200688e-01
1.2226241666e-02
-2.9018292972e-02
-6.4952957809e-03
5.5678807121e-03
1.2146696783e-02
1.3583563147e-02
-1.6765466487e-03
-1.0935901814e-04
2.3773417852e-02
5.2241569083e-03
8.3399033338e-03
1.5417105758e-01
3.8774169379e-03
8.4718844958e-02
1.4763965283e-01
6.9440453862e-02
3.9602821127e-02
1.7806123100e-03
6.3306164049e-03
5.5118100139e-03
9.0634793756e-02
7.4694913344e-03
6.8699622569e-03
2.4238500764e-02
1.6107402770e-02
-5.9740773051e-03
1.0946766976e-01
1.3615140567e-02
9.1787267293e-03
1.1727338375e-03
5.0999071948e-03
6.1479726418e-02
