3.9085785437e-02
-2.0177522609e-02
1.0909218481e-02
-5.4404495229e-02
-5.2103447649e-02
8.0372702694e-04
1.5361555442e-02
-6.0552744160e-02
-5.5921952219e-02
-1.8353952085e-02
8.6864799284e-02
-1.6243051705e-03
-4.5132259474e-02
-5.3554096064e-02
5.0333687559e-02
-2.5932943278e-02
-7.4619623383e-02
-4.2321230671e-02
-6.8591260558e-03
4.8019161940e-02
1.0272031436e-01
3.5679488198e-02
-5.0066983709e-03
6.4857551192e-02
-7.0969561421e-03
-3.7547039536e-02
-5.4628040395e-04
2.0943439081e-01
-5.7146296667e-02
-7.3844766066e-02
-5.5776766036e-02
1.1424208837e-02
-1.8379591150e-02
1.8401059214e-01
-5.8827353794e-02
4.0001198977e-02
2.6019818548e-01
-6.9559737153e-03
1.9557443630e-01
-6.6900965248e-02
2.3546427991e-02
-1.6915059125e-02
1.3729428819e-02
-5.6484740135e-02
-2.0562574483e-02
-3.5813160067e-02
-7.7015404932e-02
-6.3768694890e-02
-3.0844672959e-03
-4.4258362456e-02
-9.1279993919e-03
-2.6853281876e-03
-5.4702148420e-02
-4.0830101086e-02
3.6227828702e-02
-3.6408251286e-02
-1.3111017104e-02
-3.8710911475e-02
5.7912736846e-02
-3.8911128226e-02
4.9818119605e-02
8.2210932435e-03
-1.3612556411e-02
-8.1317835909e-03
-3.8002263788e-02
-1.0877709964e-02
-5.3376801815e-03
3.0100234000e-02
-1.4576310429e-02
-6.1961115536e-02
-5.2860602082e-03
1.3714127055e-01
-7.0283296622e-02
-7.3847840448e-02
-1.2979709334e-03
-4.7836631634e-02
5.7955117403e-02
3.1487656320e-02
1.0499936958e-01
-4.2396475058e-05
-6.0055840155e-02
-4.3255983906e-02
9.5904799812e-02
-6.7976629368e-02
-7.4649593634e-02
8.6538277177e-04
-7.0516830203e-02
-3.4378274180e-02
3.7273046526e-02
7.7559989477e-02
-1.6661536790e-06
-6.4175442163e-02
8.5937256268e-02
8.2038293501e-02
-5.7062335899e-02
-4.0695117156e-02
-3.4824684377e-02
-1.2225250649e-03
-7.0447411933e-02
-7.9236052494e-04
-1.2801447105e-02
-3.2380318346e-02
2.2141390815e-01
-3.6398128380e-04
-1.0931435917e-01
-9.7848835084e-03
-1.6322963789e-02
-2.2522632188e-02
