1.8856342924e+00
2.8601051770e-01
2.0663572851e-01
1.2931033383e+00
-5.8946990056e-02
2.8616800582e-01
2.5249604296e-01
8.1192631378e-02
1.1888770503e+00
8.2667547069e-01
1.2797543234e+00
2.5557745296e-01
-7.5415756040e-01
-4.8474997917e-01
2.8250712098e-01
1.3867582971e-01
3.1579649317e-01
-1.1154925246e+00
7.4587564713e-01
2.3423596226e-01
4.8227206025e-01
7.0266231390e-01
-4.3236616518e-01
-4.5284561433e-01
6.5801041092e-01
-1.6249184421e+00
-1.5898276104e-01
1.2423588646e+00
3.0747073573e-01
-8.6022455237e-01
-1.7717443874e-02
8.5580703104e-01
7.8990330560e-01
-4.7119396067e-01
9.1421859594e-01
1.0407763916e-01
1.6057887053e+00
2.1579097017e-01
-1.5812338551e+00
4.8023257262e-01
1.0060077441e+00
2.4881900168e+00
-5.9827955576e-02
7.8649963432e-01
2.6909715012e-01
-1.3897623129e+00
-3.5746223457e+00
8.1487824391e-02
1.6644652592e-01
-1.7465075342e+00
1.4467336441e+00
2.5955607282e-01
-6.4267306685e-03
-1.1017473400e+00
1.5856938597e-02
-2.0567897096e+00
1.1204164492e+00
-3.1644269809e+00
2.5276894474e-01
-4.1274910665e-02
1.0595137482e+00
1.1704678192e+00
2.2433294513e-01
1.9870559272e+00
-2.0879136512e-01
3.5118887196e-01
6.0947197164e-01
-2.2254715848e+00
3.2838968729e-02
-7.5490173243e-02
2.3774807992e-02
-1.2791944847e-01
4.8280107473e-01
-1.3421580766e+00
1.0361135956e+00
-1.2520782023e-01
-2.9653546170e-01
-5.1559650065e-01
-1.6791956999e-01
9.0142136548e-01
-1.7244107088e+00
5.2054123214e-01
-3.3207496620e-01
1.3676388637e+00
-4.4415140747e-01
1.4899645851e+00
5.6360311039e-01
1.1460784734e+00
-1.5691172711e+00
-1.2391691942e+00
3.1099117821e-02
-3.5774778898e-01
1.9308632853e+00
-5.6644321809e-01
-3.2227714782e-01
-1.0894262305e+00
1.3030480862e+00
-5.5692550165e-01
8.7426442047e-01
-1.5654847180e-01
-4.4549101532e-01
2.8629917765e+00
-3.2045140412e-01
-5.3123449206e-02
-2.5556822398e-01
-3.6789002739e-01
1.1166406377e+00
8.1015422083e-01
1.7376327637e+00
5.6857910763e-01
6.2168283561e-01
9.3908199200e-01
1.2198831483e+00
-3.0154096151e-01
5.8704638521e-01
1.6265171140e+00
-5.2546518641e-01
-5.6339188524e-02
7.2814991526e-01
-1.4524776371e+00
-1.3147902045e-01
-2.0830364853e-01
1.7427544541e-01
1.1940518048e+00
-1.9462975838e+00
1.2865913464e+00
-1.7090528735e-01
-1.8869844817e-01
2.3559311179e-01
-1.9180001583e+00
-3.4599218656e-01
-4.4266982107e-02
1.4256139351e+00
1.3994075912e+00
-7.0625521027e-01
-2.1987281432e-01
8.5317951134e-01
1.1057201880e-01
1.6555667203e-01
-2.6946790740e-01
3.1130318737e-01
-6.3456169755e-02
1.0090072776e-01
1.5084446013e+00
5.4090381913e-01
-1.0862139154e+00
4.6664951294e-01
-6.9956721867e-02
1.8768278803e+00
-1.4234067660e-01
