7.0820948139e-01 -1.5588874363e+00 -6.9758432638e-01 -2.7728715317e-01 4.9460177497e-01 4.3827027457e-01 2.9419863092e-01 -7.2830238629e-01 5.4925412680e-01 -8.6929051471e-01
-2.0941903568e-01 2.1769959872e-01 -7.6343174029e-01 -2.9801017307e-01 6.0104142143e-02 4.8532120311e-01 2.7441623807e-01 -5.3735557243e-01 -6.6639815733e-02 -2.6488373701e-01
-8.0892662198e-02 -2.2828419526e-01 2.3633965280e-01 -7.8276969080e-01 3.3600739376e-01 -2.5136435400e-01 8.7229107758e-02 -8.4246937699e-02 -1.6657119364e-01 -6.5712646192e-01
4.3112578738e-02 -2.1360365535e-01 3.2844974142e-02 6.4599085395e-02 2.8384257006e-01 -8.9970151927e-03 -5.3955946319e-03 -2.0703373835e-01 9.8683228390e-01 -1.5404388963e-01
1.1234004777e+00 2.5206093796e-01 1.1270588561e-01 -4.2778538644e-01 -1.3703793641e-02 -4.1828834163e-01 9.5126717875e-02 -1.0097085824e-01 -1.6662141942e+00 5.0774675181e-01
1.2701369020e-01 -5.6456658005e-02 -3.3215996239e-01 -2.1191808569e-01 -1.4514102744e-02 -2.3534727159e-01 3.7362896341e-02 7.3627629861e-02 4.0957804686e-02 2.9515225177e-01
6.7176455624e-01 2.3468998224e-01 3.8343428582e-01 2.8201667967e-01 -9.3940934261e-01 2.0120558043e-01 7.4923544874e-02 7.7963072288e-01 -3.8894398507e-01 -6.8626242740e-01
1.0611094054e-01 3.4865455413e-01 1.2489483743e-02 -5.9698490529e-01 -2.6161286991e+00 1.5532997380e+00 8.4990393537e-01 -6.5777750645e-02 3.9182489818e-01 -4.1301140441e-02
2.7880270554e-01 -4.8568931683e-02 2.1822150805e-01 3.1742450553e-01 -1.9558787899e-01 -3.8777528489e-01 3.1576710588e-01 -1.1825087061e-01 -7.3258455151e-02 3.0791306666e-01
-3.4697902544e-01 9.6672747257e-02 -2.4438152831e+00 6.5351121483e-01 -5.9020088042e-01 4.4189051186e-01 -6.7015438371e-02 4.1031590254e-01 -1.9452134360e-01 1.0416129426e+00
