4.0305676615e-01 1.8648700983e-01 3.0815752495e-01 6.5481098034e-02 9.5032122032e-02 -1.7852529931e-01 6.1769042283e-01 3.4574380101e-01 -5.6486751545e-03 2.9592677268e-01 3.0780359386e-01 -1.2866861156e-01
4.4884340909e-01 2.1038505387e-01 4.3562132092e-02 -1.4129664721e-02 2.2810259173e-01 1.2147453686e-01 6.9997765958e-02 1.0018796767e-02 -2.0026061408e-01 -1.8591003884e-01 -6.3090611405e-02 2.5388955672e-01
9.4326483734e-02 2.1847058364e-01 3.1803485690e-01 2.7768233361e-02 -3.4692388021e-01 -4.6529288160e-01 4.8692702727e-01 2.1819138693e-01 -2.1884082796e-01 3.8155590846e-01 -9.3436167840e-02 -8.5394083177e-02
3.9288364289e-01 1.8641763939e-01 -1.8601274872e-02 -9.5861596705e-02 1.5465260889e-01 4.0182245124e-02 7.0199428525e-02 4.9377546791e-02 -5.7413726041e-03 -3.1199868393e-02 5.1571500289e-02 -1.9008356896e-02
3.5964447621e-01 6.5835051316e-02 -5.6174910565e-02 1.0184525284e-01 -2.8562875243e-01 7.3540404913e-02 -1.6207809529e-02 1.7036458384e-01 1.8722061236e-01 -2.7716297193e-01 1.8182778233e-01 5.0009896163e-03
-2.0969892190e-01 -2.1569972775e-01 -8.8769671798e-02 1.0942571636e-02 -3.5437936813e-02 1.9752670727e-01 -1.5922883064e-01 -2.0508364122e-01 1.4738698420e-02 -7.6602467595e-02 1.0611843227e-01 3.4266023082e-02
3.5271580769e-01 2.9407843062e-01 1.6902859202e-01 -4.1619104485e-04 -5.7554239124e-01 -4.4287949837e-01 3.4768039152e-01 3.2636835360e-01 -4.7341312063e-01 3.5233364042e-01 4.7616448242e-02 -1.7017069042e-01
2.9168041077e-02 2.0001407371e-02 -2.7598216202e-01 -2.3896593046e-01 -3.0627205806e-01 -7.9618541667e-02 1.8436382891e-01 7.5454925953e-02 -4.7511175253e-02 3.2545397095e-01 -2.7492547063e-01 -2.0124627891e-01
-4.6721043111e-02 1.2855399005e-01 3.4183274466e-02 -4.8451748695e-02 1.3896488052e-01 -1.8872705962e-01 2.0382467862e-02 -2.2514075399e-01 7.2845358428e-02 -1.8727130312e-02 -5.2402260299e-02 -2.9388983601e-01
-5.8881190321e-02 6.6838323806e-02 -6.8993463950e-02 5.9652705884e-02 -2.3988449694e-02 -1.0439404900e-01 -3.9125517161e-02 -1.4667654166e-01 -4.3708543494e-02 6.6127115785e-03 1.0524708028e-01 -1.4759420900e-01
2.7332818432e-01 -3.0624813430e-01 -1.2835241141e-01 -6.7325595753e-02 2.8985888119e-01 2.5057751253e-01 1.0036845787e-01 -4.2235740911e-02 -1.7275743055e-01 -3.0093593230e-01 -1.5264969159e-01 2.4394028941e-01
5.0370948510e-02 -1.5146870243e-01 4.9778147806e-02 9.0358234731e-02 6.9873751184e-03 -1.7818522125e-01 1.3577565605e-01 1.4541708990e-01 -1.3884976847e-02 1.1433356395e-01 -6.5829875384e-02 -6.0974329770e-02
