1.0601563823e-01 1.4598270134e-01 8.0936694869e-03 6.4318043826e-01 1.1499582896e-01 -3.6429392494e-01 8.0418828132e-02 -6.0157428270e-01 -4.8113261150e-01 -1.6351028913e-01 -1.0628960346e-01 -2.0206305002e-01
5.2636893330e-02 -4.2030086072e-02 -1.9968247971e-01 -2.8198291600e-02 2.9170660193e-02 4.1390344304e-02 -2.6800418309e-02 1.1206947509e-02 3.0737950362e-02 -1.5586313381e-02 -4.8314200007e-02 1.4707253837e-01
-1.7432907724e-01 2.3432195246e-03 2.5386999629e-01 1.4546969518e-01 -1.9868559096e-01 2.0919167106e-01 1.0815415943e-01 7.5188554159e-02 -4.2362670691e-02 -3.7080232294e-03 4.7889919562e-02 -2.8468619811e-01
2.8867741727e-01 3.4592872385e-02 -3.8012151047e-02 3.8614030679e-01 -5.6183452917e-02 -2.9296914247e-01 5.6629793400e-02 1.6923785391e-02 -1.0438016450e-01 -3.9476958213e-02 -2.8933003842e-01 8.8408195707e-02
2.3469155205e-01 1.3074256154e-01 2.5164230619e-01 5.6636839649e-01 -2.6658569888e-01 -4.0915331690e-01 1.0729790249e-01 -5.4920661299e-02 3.5470270996e-01 -8.2509274570e-04 3.6787141070e-01 2.4608473830e-01
9.6574516166e-02 -1.8371451678e-01 1.0685235897e-01 4.3976446712e-01 -2.1519462141e-01 6.4777169896e-02 -4.6700354075e-01 -4.9725440311e-01 -2.4969179775e-01 -8.7610525933e-02 -2.3446935867e-01 1.8545110504e-01
-1.7893207691e-01 8.5545537074e-03 3.7690740121e-02 1.0456738834e-01 -1.8396845907e-01 -2.2539936649e-02 -1.3416210032e-01 -2.2104922702e-01 1.7901454206e-01 -3.7536309007e-02 1.0018588759e-02 -7.4805452898e-02
-8.2429421300e-02 -1.4462863131e-02 -2.8068025109e-01 -1.9451659021e-01 5.3359201342e-02 1.0158801321e-01 -6.6925373223e-02 3.1895728756e-01 1.4709247785e-01 3.4450508489e-02 1.8440525393e-01 2.6620494286e-01
3.2294018186e-02 -7.4422019131e-02 -6.3684885243e-04 1.4869881942e-01 -1.7402147519e-01 -1.6646813829e-01 4.1022530257e-02 1.4242689521e-01 -6.9921534862e-02 -1.4658300482e-01 1.1377212006e-01 -1.1544356681e-01
-1.3444808517e-01 1.7375188207e-01 1.1189862085e-01 -1.6805947318e-01 -3.2526782313e-01 -1.9042750469e-02 8.1097565552e-03 4.4738650767e-01 -2.2410782944e-01 -6.7893369015e-03 2.2349928461e-02 -1.3726299215e-01
-1.0566802373e-02 -1.5979395855e-01 -1.5936100950e-02 -3.6589880214e-01 1.6896978831e-02 -1.2337577647e-01 6.8533979327e-02 2.1769512173e-01 7.4918619306e-02 7.0195059993e-02 5.0359661210e-01 -2.1468722635e-01
1.6270755552e-01 3.0484097913e-01 1.9933284858e-02 -2.7034051352e-02 1.3492074876e-01 -6.0714161469e-02 4.4560689728e-02 7.9541086121e-02 1.6959819034e-01 5.0052398728e-02 -1.3306721702e-01 1.8317049370e-01
