-5.1834609605e-02 1.7431294408e-01 -3.7038687195e-01 -9.2528762913e-02 2.6026034722e-01 4.5224616888e-01 2.1568543360e-01 -5.9000934830e-01 -3.9645051275e-01 3.7141394840e-02 3.6492579677e-02 1.9744495233e-01
5.4153930084e-02 3.0146194088e-01 -2.2589554839e-01 -3.1615863693e-02 2.2233499863e-01 1.9355542401e-01 1.1353231829e-02 -5.0499812897e-01 -3.9394566865e-01 2.0085779770e-02 2.3256039855e-02 1.7113877254e-01
3.0016003025e-03 8.9480133777e-05 4.0575466208e-03 -8.6951330951e-02 -1.7057174181e-02 -2.1688076295e-05 -3.5318090854e-02 4.8231434509e-02 -1.3707141379e-01 5.7046927231e-02 9.3839044057e-02 -5.4225092394e-02
-8.7781193747e-02 -1.7817546360e-01 1.7754209497e-01 3.2868880324e-01 -2.9627853276e-01 -2.2140222792e-01 2.4606979488e-01 1.4024469341e-01 3.4110217195e-02 6.4061674394e-03 -3.0022630352e-02 -2.7631097668e-01
-3.7652975388e-02 1.5698671932e-01 2.0733029654e-01 -2.7780134834e-01 1.5820971652e-01 -3.0259346875e-02 6.2978681117e-02 1.8116996835e-01 -1.0198327102e-01 -6.8558534857e-02 -4.9829033151e-02 1.2709257962e-01
-1.1901991555e-01 2.1343213762e-01 -3.6876717102e-02 8.1427319357e-02 1.1089799964e-01 1.4951750776e-02 2.2058485620e-02 -4.0459008513e-02 -4.7994736598e-02 -7.3137330810e-03 -4.5102945828e-02 5.0426409592e-02
-1.8934573547e-02 -2.5332912195e-02 -1.1397008420e-03 -1.0065161156e-01 9.9255792190e-03 -4.5017060345e-03 -1.2661988235e-02 -4.7124165115e-02 -5.8956409068e-02 2.9263065327e-03 -3.1036080488e-02 8.8456815026e-02
-5.6015891485e-02 9.2800428134e-02 -1.8630612135e-02 1.7321864234e-02 8.2766420286e-02 -5.3728189237e-02 1.2377264551e-01 6.0647530130e-02 2.3154937347e-02 1.7958791631e-02 6.2727830379e-02 4.0389086936e-02
5.7306066965e-02 -5.6479665919e-01 -1.2469529248e+00 4.3762495232e-01 -4.0288470856e-01 -3.2515724941e-01 -2.8672632318e-02 3.3015238800e-01 3.8569310429e-01 -9.0866839346e-02 -4.1998360317e-02 -3.5944749116e-01
-1.0418411544e-01 3.4430883250e-01 8.7322978790e-02 -2.6675128919e-01 3.2914481922e-01 3.4071649024e-01 -2.2436748348e-02 -8.4219409241e-02 -2.3512293954e-01 3.4444527758e-02 -2.6620458285e-02 2.6360051591e-01
5.0238542483e-02 1.2958510717e-01 3.5687266837e-01 -2.9252150205e-02 1.5723671062e-01 -3.0849170339e-02 9.7788350513e-02 -9.5588881336e-02 3.3796243283e-02 1.9224772506e-03 -3.6703551946e-02 1.7183933865e-01
2.2271354674e-02 1.1473061529e-01 -1.2383088460e-01 1.3718900974e-01 2.1870509677e-02 2.3676002256e-01 -1.5099763362e-01 -9.5917745207e-02 5.8525558300e-05 -7.3670933820e-02 -6.5921483804e-02 2.0150278294e-02
