4.2887977247e-02 2.2956715831e-02 -2.5719071368e-02 5.2183949048e-02 1.2795172623e-01 2.8924371440e-01 7.9984915332e-02 -4.3959599535e-02 -4.1131896441e-03 1.7393074920e-02 -4.5143151203e-02 1.5122297426e-01
-6.0066351897e-02 1.6804559197e-01 -5.6668363036e-02 2.5980757952e-01 -1.1136597194e-01 2.7060777641e-01 2.2577275883e-01 1.0029470026e-02 9.2058565551e-02 -5.0193115301e-02 -8.6487191152e-02 2.1741030981e-01
-4.4386449581e-02 2.9230459502e-01 -3.4747724180e-02 2.2117937444e-01 4.5957225011e-02 2.9300474688e-01 2.7243715848e-01 -6.0310477439e-02 3.1839245062e-02 -1.0368873857e-01 -8.0049691012e-02 2.3025340058e-01
-2.1040784105e-02 1.3869672969e-01 8.8887097799e-02 1.3592180622e-01 -5.1909070191e-02 2.1769658054e-01 1.4695337512e-01 -9.6301942492e-03 3.3354496179e-02 -1.1917864364e-02 -1.2462488321e-02 1.7862085122e-01
-6.5398548823e-02 1.5708165995e-01 -4.8651108448e-02 8.1765931960e-02 5.6351136416e-02 1.6864639697e-01 1.5349889977e-01 -9.1958174056e-02 -7.8784493832e-02 -5.5630470751e-02 -8.0362914105e-02 1.4760385397e-01
3.5853838124e-02 1.8578851130e-01 -7.1806538426e-02 1.4370835017e-01 1.1824152331e-02 1.8418547754e-01 1.3802342230e-01 1.9372830787e-02 -7.1763578253e-02 7.5912539014e-03 1.3726750024e-02 1.3270445864e-01
-9.5388713373e-02 -3.1150809150e-02 -7.2799794989e-02 -1.3542605586e-02 -5.6208806352e-03 2.2011874432e-02 9.3112828486e-03 1.0740686465e-01 -1.9318881019e-03 2.0484806783e-02 -3.4006815738e-02 -1.0535793242e-02
-6.0494244909e-02 7.1056959056e-02 -8.3683598464e-02 -6.0406330883e-02 -2.6139342417e-02 9.5204684668e-02 -4.4945108131e-02 6.6804232994e-02 -6.3970927912e-02 2.9729099220e-02 4.5093481780e-02 1.6077859719e-01
4.9415693727e-02 1.0313258639e-01 6.4854388820e-02 2.1841252393e-03 -1.9396322956e-02 2.5210781875e-01 1.4826741962e-01 4.4373009870e-02 3.5211428275e-02 -6.3134596353e-02 -8.8373316412e-02 2.0972387298e-01
-8.8886024114e-03 2.8197850090e-01 -1.6467099021e-02 3.3160424552e-01 -1.9128793551e-01 4.5479354680e-01 5.7150203248e-01 8.7926652516e-02 -9.4157507398e-02 -2.4109636756e-02 -4.2058396021e-03 4.8628923371e-01
4.2310766221e-02 -7.7764316829e-02 -1.2366814895e-01 1.2228864206e-02 1.3013448737e-02 -6.0597196902e-01 -1.9757000747e-01 -2.0274320675e-02 -1.7546284231e-01 -5.1360823511e-02 5.7306380842e-01 -5.0444690067e-01
3.3484978961e-03 -9.1177453870e-05 7.8653504670e-02 -5.0191510960e-02 1.0657889028e-01 1.2621210830e-01 -7.0168366553e-02 1.5971688389e-02 -1.0461336125e-02 -3.9801925802e-02 1.8906454013e-02 8.2799520685e-02
