-8.2389284566e-02 2.0396706488e-02 -8.2080820694e-01 -3.7738301431e-01 -8.3876317893e-02 3.8990189842e-01 -4.3427519510e-01 6.8292145609e-02 4.3637848036e-01 2.1402481917e-01 5.5682407470e-02 5.1038373725e-01
1.1065504614e-01 2.1412430416e-01 -6.2939543393e-02 8.2688783182e-02 -3.5626179069e-02 2.8686951484e-01 -3.4111704684e-01 6.1864450805e-02 2.9519116190e-01 3.7689767093e-01 1.8223319193e-01 3.8405387800e-01
-2.3114571890e-01 4.2517015663e-01 -3.4482636968e-01 2.8776226587e-01 -3.2412798739e-02 -4.5153367701e-01 1.2491120820e-01 -4.6965468769e-01 -4.7239111987e-01 -1.1527751653e-01 2.7613711367e-01 -1.7638662883e-01
-1.3303122290e-01 1.8988093660e-01 2.5529883128e-01 1.2935976465e-01 -1.2881687911e-01 1.0877749107e-01 2.4453923350e-02 1.4921090725e-01 2.2241237187e-02 -1.4011851875e-03 -1.3152509405e-02 1.2345294312e-01
7.9948857060e-02 7.3603699762e-02 7.1166506273e-03 -2.9648580963e-02 9.2192399582e-02 5.4600828037e-02 -4.4796488161e-02 -3.3710401939e-02 3.2289624860e-02 -1.2765184568e-01 -8.8401528785e-02 6.3907635545e-03
5.4156897419e-03 -5.2325309798e-02 -4.9684986843e-02 -1.1018986569e-02 -4.0393224603e-02 5.4737689300e-02 8.9993056588e-02 4.3311867958e-02 -2.4799165885e-02 3.9460453773e-02 2.1687455990e-02 8.2944847663e-02
2.6416164126e-01 -1.4168408236e-01 -4.8094107195e-01 -1.3230055900e-01 9.2403428299e-03 1.7348623156e-01 -3.2481193936e-01 -1.2939466829e-01 2.8746428907e-01 1.8137795760e-01 1.8006630339e-01 2.3303590668e-01
4.2586913238e-01 -4.7630699958e-02 -6.5187592851e-03 3.9141524171e-01 -2.5745560066e-02 -3.5199358194e-01 3.5850028166e-01 -1.0803814991e+00 -2.2872213099e-01 -2.7064344514e-01 2.5484575972e-02 -2.2597513443e-01
5.5059653911e-01 -7.5680067989e-01 8.0712720516e-01 -8.3869273835e-02 -1.1549033593e-02 1.3867527397e-01 -1.4055896879e-01 5.7258952116e-02 3.9963566617e-02 -5.0734070204e-02 4.9373390830e-01 1.5282384881e-02
1.2060156292e-01 3.6140614938e-01 -2.6668347040e-02 1.8048516303e-01 -5.7561114934e-02 1.4201042883e-02 -1.2266329205e-01 -1.5092484379e-01 1.7537941619e-01 2.2765672894e-01 1.0086154753e-01 1.6590972476e-01
6.8265335468e-02 -1.1799053843e-02 -1.4362997986e-01 1.3217844680e-01 -5.9625714318e-02 1.3781020016e-01 -1.4594648297e-01 -2.9353837179e-02 7.4869182250e-02 1.9889330598e-01 1.5408741015e-01 2.5755419264e-01
-5.6748716551e-02 8.2299909207e-02 1.8152085175e-02 6.6172678605e-02 -9.5041192159e-02 3.1830132609e-02 -5.7752478565e-02 -8.8661148078e-02 -1.2639738277e-01 -4.8545900186e-02 9.1698770732e-03 6.1450593424e-02
