1.7497937293e-01 3.2257719986e-01 -3.2763459336e-02 3.9215895969e-01 9.9520707023e-03 -2.5804210896e-03 7.9777774816e-02 1.8477592476e-02 4.8071236174e-01 8.7511251232e-03 9.1022467337e-04 1.7342092488e-01
1.0720194057e+00 4.6378367093e-02 7.7804396182e-01 5.7018292100e-01 7.5616833879e-01 -2.1020920598e-02 9.2696657850e-01 7.2907103907e-01 -3.8455458534e-01 -7.9870868201e-01 -1.2789397742e-02 5.5277971969e-01
-2.1319703334e-02 -1.4993774759e-02 1.8502271823e-02 -3.6896721144e-03 1.5346393340e-03 4.6797714612e-03 7.5400047969e-03 2.0710493182e-03 -2.8560995203e-04 -1.1695334041e-03 -1.7553707289e-03 -5.8032530976e-03
3.8495306385e-01 2.7901544463e-01 2.0207675359e-01 2.1405939527e-01 2.0824671258e-01 -4.4680344485e-03 3.6547699169e-01 2.2518240882e-01 1.5717465003e-03 -1.3202528162e-01 -1.1887445492e-02 3.0904462036e-01
2.3955839478e-01 4.9862396600e-02 1.7960121900e-01 1.3280770910e-01 1.5796220272e-01 4.3020962590e-04 2.5952662031e-01 2.0357478731e-01 -1.6789491500e-01 -1.5511530398e-01 -2.6942697699e-02 1.4327027779e-01
6.8297069653e-02 4.7328177146e-01 -2.0208798011e-01 -6.4326103775e-02 -1.0972037253e-01 5.4639846992e-04 -6.4887710570e-02 -1.7183685388e-01 6.2177237583e-01 1.3740426366e-01 -4.7446806426e-03 1.8602808936e-01
-1.4085308117e-03 5.9224108104e-04 -3.5687792975e-03 -1.7880711163e-02 7.7592154642e-03 -2.3950036125e-03 -1.9348716436e-02 5.7682780242e-03 4.5539181914e-03 -9.9945537488e-03 9.6481891429e-03 1.9900393457e-03
1.7916130604e-01 1.0197745792e-01 1.0379997241e-01 4.4863584964e-02 1.2055111110e-01 -1.2687352060e-02 1.4946415979e-01 1.0345742111e-01 -4.3695141606e-02 -3.7432401085e-02 -2.2088514812e-02 1.5310744425e-01
1.3835415372e-02 2.7199602853e-04 1.9683978937e-04 -6.8100351274e-04 1.6081946699e-03 5.2496397844e-05 1.2945108665e-02 -1.5244636729e-02 -4.4338973475e-04 -9.7164227803e-04 1.5278658811e-02 3.3579269899e-03
9.2435592224e-02 3.3466283350e-01 -7.2115239756e-02 3.6574626068e-01 1.6569925877e-02 -2.8547719842e-03 1.0202153620e-02 -1.1322083447e-01 4.9474124687e-01 -1.8489791407e-02 -2.2756597669e-02 1.6503860493e-01
2.1809832549e-01 9.6463403288e-02 1.4406054947e-01 1.1626580516e-01 1.2549582834e-01 1.9801579284e-03 2.2579412317e-01 1.4119372008e-01 -1.0872289519e-01 -1.3658049642e-01 -2.3900068903e-02 1.4384592301e-01
1.3920937658e-01 -1.0134513237e-01 1.9326778485e-01 -1.8721189672e-01 1.9590252081e-01 -1.6095306392e-03 1.9565752326e-01 1.8665240677e-01 -1.2814813363e-01 -1.3949014270e-01 7.0028432691e-03 3.6548290353e-02
