-4.5413405736e-02 6.3399696457e-02 1.2056887862e-02 -4.3130741674e-02 -2.3392981979e-02 7.9120909931e-03 -2.2872047750e-02 -2.6397269358e-02 -5.6105443835e-02 1.8225159484e-02 3.9003186824e-02 8.0162095577e-02
-1.7832931628e-02 3.9383062298e-02 6.3613728502e-01 -8.5925612883e-02 -3.2717543913e-01 -7.6040547590e-01 -5.7888483790e-01 6.5251766648e-01 7.1471980178e-01 -6.8689320106e-02 5.4318998904e-02 -3.1775754311e-02
-7.1215219286e-02 -1.5514704767e-02 1.4396077672e-01 -4.6775362120e-02 -1.7518001536e-01 -1.0001522605e-04 -3.6854298941e-02 -9.7378679748e-02 -1.3838125517e-01 -1.2763518619e-02 -1.1979193576e-03 -4.7725258527e-02
-1.0649051376e-01 2.5345311019e-03 -5.1311846224e-01 6.9428666534e-02 5.4182054113e-01 5.9621550567e-01 5.7899777721e-01 -5.2378071926e-01 -5.4292409463e-01 -8.1297477639e-02 -4.8662538908e-02 8.1855842219e-02
9.3979576507e-02 4.5738271843e-02 -3.2366982002e-02 -2.2671975030e-02 -5.7195725376e-02 -5.2670960381e-02 -7.0469459205e-02 -1.2537279699e-01 3.4062045942e-02 4.3803384293e-02 -2.8417416254e-02 -2.5032808232e-02
6.4116657904e-02 -1.5052176319e-01 -7.8303394209e-02 5.8258320517e-02 2.0125575382e-01 5.2828989556e-03 2.4628146384e-02 -1.9613348963e-03 8.0292947922e-02 3.8812242658e-02 -8.3750999996e-02 1.7483727634e-03
-8.1379538022e-02 2.7772993990e-02 2.2159710074e-01 -6.7259950343e-02 4.9933291173e-02 -6.7102898393e-02 -8.7355865857e-03 1.6100575022e-01 1.2465090191e-01 2.4819256586e-02 5.2229139560e-02 -1.6676114997e-02
-2.2284478026e-02 5.5278769577e-02 4.8849123084e-01 -2.3408949468e-03 -1.4522818344e-01 -5.5319468875e-01 -3.7428726593e-01 5.0043377153e-01 5.5864348999e-01 4.5844309764e-02 1.1519350314e-02 9.1853491581e-03
-3.6796026114e-02 -2.1556975843e-02 -3.2064600316e-02 4.2300715867e-02 -1.3611771064e-03 -1.0838261801e-02 7.7919104064e-02 -1.1877952536e-02 -4.8660846876e-02 1.2820671512e-01 -2.5955959433e-02 4.7112195364e-03
-1.5962258192e-01 -8.9131496153e-03 -2.9656466815e-01 3.3539721213e-02 2.6088136586e-01 3.0738269688e-01 2.4648595863e-01 -1.7492612136e-01 -1.7486814032e-01 -5.9352824725e-02 -2.9037522000e-01 -1.0025901202e-01
2.2666902207e-02 7.7386482912e-02 1.8124669726e-02 -8.9284294982e-02 7.6266625709e-02 4.4980037107e-02 -7.0331753386e-02 4.3212046085e-02 -8.9533009223e-02 -3.8430026131e-02 9.2957493002e-02 1.9060099930e-02
8.8187250617e-02 -2.4671964911e-02 2.8995179077e-01 -9.5014024797e-02 -1.5587365052e-01 -2.8106166016e-01 -1.3433753444e-01 1.9205089290e-01 2.6678153312e-01 -1.0219677348e-01 -1.5463721221e-01 -3.0943145627e-02
