-4.7131807514e-01 -1.0954313447e-01 -9.9884821903e-02 -1.2860963404e-01 8.9359060239e-02 -4.3475656120e-01 5.5638192569e-01 -5.8303086329e-01 7.0455332850e-01 -2.1755926972e-02 -6.9511275801e-02 7.3577944245e-02 1.0843618486e-01 -2.9282876379e-01 3.8723127804e-01 -2.5099604441e-01 -2.7244251742e-01 1.4493213849e-01 -2.7258733721e-01 4.3904733293e-01
-4.0260630814e-01 -1.0871750838e-01 7.6960883035e-02 3.7717507748e-01 2.8881830122e-01 -2.7079719497e-01 -1.9258282303e-01 3.0907923361e-01 4.2856597099e-01 -3.7494606268e-01 -8.0858669165e-02 -9.3810993300e-03 -3.5872386827e-01 -3.8714603117e-01 2.1498828213e-01 -1.7977566361e-01 -4.1469743332e-01 4.2234059667e-01 5.5260293197e-02 3.2352782390e-01
2.3339351569e-01 -4.0820094135e-01 -6.6393811954e-01 -1.2015925386e-01 3.3908782685e-02 3.7450085609e-01 9.8587110988e-02 -9.5032375209e-03 2.6469329214e-01 -7.2434029699e-01 -2.0730934471e-01 -5.3372549467e-01 2.4628098605e-01 -3.6108203018e-01 -8.4715292017e-02 2.2153215888e-01 5.5678799839e-02 -7.1813348313e-02 3.5429117900e-01 -4.2321174170e-01
-1.4790670230e-01 -5.2353405789e-01 9.1382795789e-02 -4.3950924474e-02 -3.7345523557e-01 4.0868559440e-01 3.1418192522e-01 2.2310291479e-01 -1.6372189148e-01 2.2575212774e-01 -1.6768662239e-01 7.8307479296e-01 -1.9140985843e-01 4.7138704269e-01 -4.9183117494e-01 1.7395324828e-01 -9.2343188039e-02 -4.5894877228e-02 7.5933582898e-03 -1.5231592157e-01
-9.3451862286e-02 -3.5444072720e-01 -5.3073228108e-02 -5.3377236940e-01 2.3367546679e-01 -6.9808118936e-02 -2.8923421878e-01 -6.6574187361e-01 -3.9414657206e-01 -1.9789183757e-01 -2.5922713074e-01 -4.3323271881e-01 2.0674864930e-01 -3.3756659355e-02 -5.3583215662e-01 -1.3293478861e-01 5.2483667242e-02 1.0911408582e-01 -7.9065703046e-02 -1.0068048112e-01
-3.9177755140e-01 -1.5348624827e-01 7.2228121808e-01 2.5218366692e-01 7.4666489127e-02 -3.8392802730e-01 3.8148634680e-01 1.9022176184e-01 -9.8043806043e-03 3.7462517015e-01 4.7862616492e-01 6.0607525797e-01 4.5609747991e-02 -1.1309041490e-01 2.6711135873e-01 2.2341810032e-01 -1.4252668696e-01 1.6937978326e-02 2.2285140703e-01 1.6693736142e-02
4.7564015800e-01 2.3090519275e-01 -9.7805110800e-02 -1.3954514391e-01 -4.1008990752e-01 3.1798570020e-01 -3.6506784546e-02 1.2123725561e-01 -2.3283624653e-01 -1.0939441282e-01 -4.6226988983e-01 -3.6340159492e-01 -1.3504839044e-01 -2.1191640261e-01 -3.0936240610e-01 3.6071037011e-01 3.8913922821e-01 8.3461202862e-02 9.2842247604e-02 -3.8995939924e-01
-3.5013056580e-01 2.3334395186e-01 1.1390411696e-01 1.2444094899e-01 1.1602731069e-02 3.1864834213e-01 2.7023254416e-01 4.9852550934e-01 -1.7513690604e-01 -7.2036789724e-03 -4.0661039147e-02 2.2988463756e-01 3.3552168337e-01 1.1681341036e-01 -1.5848096857e-01 1.4641187770e-02 2.4211816298e-01 -1.5945150297e-01 -3.4597940151e-02 4.6047187828e-02
4.3784193180e-01 5.7810400600e-01 -1.9315878466e-01 6.9324088392e-02 3.0322031928e-02 1.9418894429e-01 -3.0609291730e-01 1.0861924752e+00 -3.0832993569e-01 3.6391135430e-01 2.5410066756e-01 4.5578451700e-01 2.8519965547e-01 -4.9597195680e-02 -2.0700978774e-01 -7.9846241904e-02 6.7855795163e-01 -4.4182534572e-01 7.3165425512e-02 -1.9098602174e-01
-3.4056976722e-03 3.1879183534e-01 -5.7331943877e-01 -4.6168036334e-01 2.5495340632e-01 -4.4511883820e-01 7.8799722853e-03 4.8843500309e-02 4.0930693937e-01 5.4167882090e-01 3.1011796272e-01 -2.9773038281e-01 1.6256450677e-01 -5.5977808273e-01 5.7762379126e-01 1.7870832939e-01 -3.1211159335e-01 4.7942796382e-01 2.4052574502e-01 2.5419527137e-01
-1.5439006924e-01 -7.7034199925e-01 -3.3685572032e-01 3.2592974805e-02 2.1920681849e-01 5.3073178697e-01 -5.3368652828e-01 -1.5941250210e-01 1.2127403736e-01 -1.4714437051e-01 -3.5212208237e-01 2.3694425233e-01 -4.4825237969e-01 1.1273643452e-01 1.2694908562e-01 7.8352620939e-04 -5.4718980351e-02 -1.7322439688e-02 2.1122578087e-01 -4.0474218327e-01
3.2286862503e-01 -2.6558475281e-01 -1.7693524972e-01 -6.6326472293e-01 1.8036968273e-01 -2.0672334330e-01 7.4613750183e-02 -4.2759172665e-01 1.9561941950e-01 -1.5939852420e-01 -3.8322598646e-01 -2.6229902586e-01 -9.8989257266e-03 -4.7114746798e-01 1.8253867291e-01 -2.2187544176e-01 -7.3643215743e-01 2.7748542436e-02 2.0534758855e-01 -3.5849876504e-01
-1.2546769154e-01 -4.3979361747e-01 -4.4551427844e-01 -3.4366427477e-01 -1.9264276206e-01 2.9438434944e-01 -4.4277411608e-03 1.7995510488e-01 1.2667417933e-01 8.1445753116e-03 -5.5816965087e-01 -1.8944441737e-01 -2.1244410899e-01 4.6438044230e-01 1.3908010028e-01 -1.0231795900e-01 1.9345512888e-01 1.6902601209e-01 -2.5493409782e-01 5.8395009481e-03
-1.3052216456e-01 -4.3697399988e-01 -1.1758584515e-01 2.7884383666e-01 1.5538578423e-01 3.0504059863e-01 -1.0172218773e-01 -4.8178172485e-01 -3.4841818079e-02 1.5214558047e-01 4.5430727584e-02 7.2063590372e-01 -9.8600910313e-02 2.0918778537e-01 -1.0894686982e-01 9.0712233448e-02 -1.5895723763e-01 3.3237263063e-01 2.7794387166e-01 3.0384280043e-01
-2.8609677584e-01 -1.3413238893e-01 -1.1669928724e-01 1.2172132750e-01 1.1231306065e-01 -2.3810856757e-01 3.1682233767e-01 -5.3336365688e-01 2.8179129980e-01 2.7605059726e-01 7.5884069103e-02 -2.9051424845e-01 4.5885191521e-03 -2.4225638710e-01 1.4218876756e-01 3.5136571717e-01 -6.5157501294e-02 2.8323397030e-01 9.4145041304e-02 -5.2305144534e-02
2.9479875583e-02 -5.9072562764e-01 -2.1440551939e-01 -4.4447922602e-01 -1.7217727873e-01 2.0021489978e-01 -3.6660736846e-01 -3.3034794560e-01 8.0245120894e-02 -2.7177692105e-01 -1.4734608864e-02 1.2270210168e-03 -9.9588615199e-02 -3.3077584651e-01 4.4950027570e-01 -3.2348650757e-01 -2.0164265538e-01 3.0338855767e-01 -1.0006279175e-01 2.0794132892e-01
6.8740651256e-02 -2.5181695326e-01 -1.2581649879e-02 -2.9302662253e-01 1.2256859432e-01 3.1045094578e-01 -1.4119760657e-01 2.0178671193e-01 4.2261308671e-02 -1.7923993131e-01 -5.1151174893e-01 -2.2591416000e-01 -3.3393465829e-02 8.5461705635e-02 1.7274888797e-01 -3.3837566846e-01 -1.3639618247e-01 -1.7352622172e-01 -3.1679599891e-02 -2.0089377562e-01
1.1368520108e-01 2.8741028040e-01 -6.0199274490e-01 -4.0003357327e-01 2.5520819978e-01 7.2708153810e-01 -1.2409737635e-02 -2.3853312277e-02 1.4534693128e-01 -4.4130134160e-01 -4.8255015647e-01 -3.4457059157e-01 2.9053549007e-02 -3.0596768213e-01 5.0281066664e-01 -1.4786052457e-01 -1.4477700525e-01 -1.7958287132e-01 1.7407196434e-01 -1.6257532384e-01
-9.8764894417e-02 -1.2023561609e-02 1.4211533188e-01 3.1645830724e-02 -4.2981891545e-01 2.2672921901e-01 -2.7109258219e-01 8.1003555860e-01 -3.6521928081e-01 6.6546838311e-03 2.9976746372e-01 3.2315794225e-01 -5.3817914482e-02 4.5890466833e-01 -3.5577327983e-01 -2.0395615280e-01 4.2800652410e-01 -7.3013910928e-01 -1.6306972086e-01 -1.8311540964e-01
-1.7483415215e-01 -2.1331817203e-01 -3.0063975116e-01 1.7497377819e-01 -1.2507748383e-01 2.6783990373e-01 -4.8750166593e-02 -5.5114884388e-02 9.8971740166e-02 -5.9177871760e-02 5.4473148711e-02 1.3721475610e-01 -3.2929383041e-02 -4.2210129003e-02 -8.7654151747e-02 -1.1940434669e-01 -3.5830130916e-01 1.5977627398e-02 3.0940340052e-01 -4.8331781668e-01
