8.4668006968e-02 -2.8427223866e-01 -1.3990036584e-01 2.4570222903e-01 1.5711973205e-01 -8.0015726563e-03 -3.9764895628e-01 -2.5437157983e-01 2.4505053517e-01 -1.1630964029e-01 -7.4976611322e-02 -6.2138647133e-02 3.6091126194e-04 -1.7910197800e-01 9.2886375438e-02 -2.2809788672e-01 -1.1693943163e-01 2.1479813619e-01 1.9104130458e-01 3.4143398642e-01
2.6136061381e-01 -1.2322403212e-01 -3.2857412285e-01 9.7106986623e-02 -1.1120115254e-01 7.7863227383e-01 -4.1667633468e-01 1.9132868924e-01 4.7692535245e-02 -7.2303966365e-02 2.9547232907e-01 -9.8567652517e-03 6.0714980822e-02 2.0176728401e-01 1.8969946869e-01 -1.3123512896e-02 -7.8922873682e-02 -5.4764196346e-01 -6.3155275349e-01 1.6530154253e-01
-4.7667326060e-01 4.7702621647e-01 -2.6476538391e-01 2.0067138372e-01 -3.3661516402e-01 3.8690292863e-01 -5.8440035460e-02 -1.0738119345e-01 3.9211032601e-01 3.6119103193e-02 5.9953629053e-02 4.9440755020e-01 2.7889135319e-01 -2.8577901565e-02 -1.3253939840e-01 7.6367492150e-02 -1.7970269994e-01 2.6777856638e-01 -2.4466585852e-01 2.0950125132e-01
7.3460157416e-02 8.7971286961e-02 2.4657467235e-01 -6.9148619739e-02 -5.2359208787e-01 1.5524963785e-02 -4.8858488450e-02 1.9459350049e-01 -4.5886758618e-01 4.4891865713e-01 -4.2290017416e-02 -1.4467789756e-01 -1.7625185928e-01 -3.4414397199e-02 6.3847746518e-02 -7.4171961279e-02 2.1245647856e-01 -3.4486485232e-02 6.5916038437e-01 2.7233481539e-01
-2.9753974027e-02 3.9639320188e-02 5.6066085636e-01 2.6010565929e-01 9.1343710469e-02 -1.0482146134e-01 9.0400328050e-03 -1.5222649736e-01 3.1532718329e-01 -5.4884265395e-01 -5.9654253140e-02 -2.4427504439e-01 -1.4689573813e-01 -5.4694245393e-02 -9.3723688760e-02 -5.0754861734e-01 1.9802724385e-01 -1.1171205239e-01 6.3442529064e-01 -1.9847735678e-01
9.7430364022e-02 -5.1021205915e-02 4.2121077900e-02 9.0968603770e-02 -3.6966862239e-01 -1.4314061205e-01 1.8466749743e-01 -1.0903426372e-01 3.4597589168e-02 4.2371146727e-01 -2.6758333722e-02 -1.8696626723e-01 -6.2758296855e-01 -1.3090736016e-02 1.8350500654e-03 -3.2451200954e-01 1.7013001230e-01 -5.5283095431e-01 5.0146877569e-01 -4.0327141475e-01
-4.3263767202e-01 -2.3282815035e-02 -1.1012005271e-01 -2.2408353320e-01 -2.5016189177e-01 4.5084008754e-01 8.0281618024e-02 -1.5482039717e-01 1.2772477467e-01 -2.8371812853e-01 -2.0285615348e-01 1.1033731243e-01 -2.5255559929e-01 1.6453590824e-01 1.0050833682e-02 -1.6761135054e-01 1.0230597178e-01 1.7953315685e-01 -2.9008095859e-01 -2.5707840381e-01
4.2735102556e-01 -5.1152110381e-02 1.1201567051e-01 5.2162524151e-01 2.2322646772e-01 -3.7590988480e-01 -2.7531520020e-01 5.9392540945e-01 -5.9908264384e-02 2.5063834608e-01 -3.9886990073e-02 2.9930649532e-02 -1.8623912658e-01 -2.6331758284e-01 -6.6273639699e-02 -2.6205533859e-01 5.6570261972e-02 2.5315532902e-01 3.0977674482e-01 4.9564846898e-02
-1.7046597117e-01 1.3787037561e-01 -3.3090376746e-01 -3.0148857585e-01 -1.2809659881e-01 -3.2719535495e-01 -2.8397878844e-01 -3.8965648199e-01 3.4496061435e-01 3.1574464215e-02 6.8179496693e-01 1.7774411099e-01 6.7454475171e-02 2.1198814619e-01 1.5055552991e-01 -2.0488874659e-01 2.3199752048e-01 1.2088319056e-01 2.9255690653e-02 2.8185984618e-01
3.6856930203e-01 3.9016603546e-01 -2.2747150856e-01 3.0579862372e-02 -8.1634670157e-02 4.6935090107e-01 -3.3149843152e-01 5.2699778990e-03 -4.2895644105e-03 4.8782470787e-02 6.4500495659e-01 -2.0895488323e-01 2.5194581422e-01 2.1079754317e-01 -9.0187136504e-02 5.5492814275e-01 -2.4640057041e-01 1.1194427868e-01 -3.3762396650e-01 6.8843397750e-02
-7.7520671477e-02 2.4654571956e-01 -1.3470436534e-01 -4.4058519476e-01 -1.7563667785e-01 4.6700750871e-01 -1.9768632619e-01 -5.3186384037e-01 2.4848740688e-01 -1.4812465843e-01 -3.6760286546e-01 1.2265432677e-01 6.9184791538e-01 6.8831284252e-02 -5.0397154879e-01 4.1053204393e-01 -2.9733059650e-01 2.3862046768e-01 -1.4442559851e-01 4.0661201649e-01
-2.4966362905e-01 3.4712715699e-01 4.3418705007e-01 -4.0355878195e-01 4.5606303473e-01 3.7250608579e-01 -2.5749328315e-01 -2.9405196045e-01 -2.2962978833e-02 1.7733928024e-01 -6.0660274330e-02 5.8927186249e-01 -3.2084631703e-02 1.6218479682e-01 -3.5438519068e-01 3.2069675963e-01 2.5402397640e-03 -1.7944111264e-02 -3.5606910650e-02 5.5447637705e-01
2.0278931759e-01 -3.1267244006e-01 -4.6776110569e-01 -2.8042904108e-01 3.7914887732e-01 -5.1250771109e-01 1.0500827929e-01 2.5014776966e-01 -3.2820900619e-01 -2.5534402186e-01 -3.2357127371e-01 -3.7654561554e-01 -3.8206670980e-02 4.1589342115e-02 -5.2596984467e-03 2.5684714302e-01 1.8520647467e-01 2.7662750371e-01 -3.5328746252e-01 9.3017252100e-02
1.3824959007e-01 2.4914684512e-02 4.8119785744e-02 -2.5691864652e-01 1.5989133302e-01 5.8967428793e-02 -3.2713240123e-01 2.1056946110e-01 -1.3455961468e-02 4.4067819336e-01 -5.6863870455e-01 1.5164245498e-01 7.3449576502e-02 1.4482565765e-01 -2.7165683062e-01 -4.4354803188e-02 -4.5689835343e-02 4.8586674867e-01 -4.6554050636e-02 7.8976288684e-02
-1.5115697501e-01 2.2254128909e-01 1.3918241522e-01 -1.8698116538e-01 -1.5630160838e-01 -3.0202719802e-01 -2.7191977589e-01 3.4091944202e-02 -1.5833566531e-01 -2.7404717438e-01 1.8864805511e-02 -1.9031142274e-01 6.5707279037e-02 -5.7472144567e-02 2.1853969618e-01 3.1689304633e-01 -1.0297836310e-01 1.3843863144e-01 -2.6131608074e-01 1.8653740327e-03
-8.1670590507e-02 3.1036500317e-02 -2.9336002459e-01 -8.4632828026e-03 -1.9950810920e-01 -6.4736873113e-02 -4.1884866000e-02 1.1647653924e-01 3.1069240592e-01 -3.2042300906e-01 2.5681749451e-01 6.7152824225e-02 7.2836298184e-02 3.3484123324e-01 -5.1497617051e-02 2.6948062409e-01 3.0432265187e-01 -1.7396494934e-01 -2.2384470361e-01 1.4519630000e-01
-1.4241905506e-01 1.6504943634e-01 1.3548650922e-01 2.6528574542e-02 -2.2464178855e-01 -2.5728129616e-01 9.5021878627e-02 -9.4943127105e-02 -1.4213146256e-01 1.7624223625e-02 2.3487181433e-01 1.7714769193e-01 2.3642748123e-01 -2.5631446542e-02 2.3870847382e-01 3.7671684726e-01 1.1003568524e-01 1.1476669612e-02 3.1573062886e-01 1.3485730294e-01
1.1975728652e-01 -2.2759653765e-01 4.1985035512e-01 4.6570833430e-01 8.6123311966e-02 -3.5528240617e-01 1.9798862165e-01 4.8776735314e-02 7.5190837072e-02 1.3934502741e-02 4.1153794008e-02 -2.4985382498e-01 -4.2496086212e-01 -2.9458714492e-01 -3.1170305738e-01 -1.6873814101e-01 4.2816913605e-01 -3.2127603142e-01 2.2676190423e-01 -3.9417098219e-01
-1.4895966007e-02 2.3371004030e-01 5.3339921087e-01 -2.4882545990e-01 -1.4997381671e-03 2.1973379260e-01 6.5604087092e-02 -1.3101044011e-01 3.4268412570e-01 2.0555651256e-01 -5.7768672929e-01 -1.3293686919e-01 -2.7240681969e-01 3.8661726171e-01 2.2180920892e-01 1.2158773788e-01 3.6628161350e-01 1.6842384490e-01 -4.1432549654e-01 2.2316189960e-01
3.0793255836e-01 1.4013809679e-01 -2.9503728602e-01 1.1339748567e-01 2.0834975511e-01 2.0461392055e-01 -4.2434855831e-01 -3.3020891751e-01 2.2675686902e-02 -2.7888005184e-01 -7.5405399436e-02 -1.0250212176e-01 1.8581752786e-01 4.3419004721e-01 -6.1887295814e-01 -1.6041073167e-01 9.6342038068e-02 1.3133111591e-01 1.6963492091e-01 2.0425958127e-02
