2.3519008502e-01 6.0065604933e-02 -3.7391555477e-01 3.7827067205e-01 -2.8087189307e-02 4.4167851939e-02 5.2984050863e-01 -9.6210427758e-02 -1.6892980486e-01 3.5159379587e-02 -2.4845023530e-01 4.0901298456e-01 7.8437238464e-02 1.9300491935e-01 4.2901375619e-01 2.7270979709e-01 -3.5897996950e-02 -7.0459997661e-02 -1.6330853735e-01 2.6213035159e-02
6.8685946933e-02 -6.1308983010e-01 1.2745857172e-01 1.3587559270e-02 2.2126740225e-02 -6.0335782758e-02 2.3570220607e-01 1.2218760432e-01 -3.4664133118e-01 1.2357349879e-02 7.3859026758e-02 -4.3653982336e-01 -5.0352152130e-02 -5.2530672246e-02 3.5111060293e-01 -1.2631757680e-01 3.6401109316e-01 -1.2112999154e-01 -6.9291612645e-02 -1.5311210407e-01
5.0244471936e-01 -1.9517486776e-01 4.7719279242e-02 -5.4406551457e-02 5.3544105398e-01 -1.7641512463e-01 4.3665079005e-01 1.1289656124e-01 -1.1747154452e-01 -3.4536033180e-01 -1.6725082514e-01 3.3963309445e-02 3.0370379675e-03 4.9903844163e-01 -1.4035638621e-01 2.4776747986e-01 -3.1705129376e-01 -1.7601868905e-01 2.2672220997e-01 7.6950883609e-01
-9.8972645874e-02 4.3573394748e-01 -7.6201287421e-02 4.5175890951e-01 1.9868131258e-01 -3.0961039926e-01 1.3619865994e-01 -2.6575488092e-02 -1.5083626148e-01 4.8177967308e-01 4.5082941694e-01 3.3646624456e-03 4.1947583067e-01 -1.2268778756e-01 -2.6694351596e-02 -5.6692691326e-01 1.0447229020e-02 1.1626746688e-01 1.0458789451e-01 -2.6365956403e-01
-3.7997266294e-02 -4.4876953190e-01 9.5220713468e-02 -3.2639780215e-01 -1.6422206586e-02 4.0754615601e-02 -2.5943713954e-01 1.0685247380e-01 3.1654594116e-01 -1.9958025461e-01 2.3845618222e-01 -2.7967665854e-01 -8.5939623255e-02 4.1126302620e-01 2.9410159030e-02 -3.6448638549e-01 2.3869748792e-01 -3.3012441376e-01 1.8559137540e-01 -1.8286927302e-01
5.5895541000e-02 -3.4024591810e-01 2.8602487763e-01 -1.9459207368e-01 -2.6415623205e-01 4.0132045067e-01 -1.4320619326e-01 -1.0173285474e-01 -3.8154724851e-02 6.2193785119e-02 2.3362121787e-01 -2.9734797339e-01 2.0902056711e-01 -3.9329838069e-01 -3.9497233456e-01 1.0051085670e-01 1.3089220135e-01 1.0394870999e-01 -3.2303765234e-01 3.0432049875e-01
2.3629404279e-01 -2.6836417748e-01 -5.0241366379e-02 9.2224739701e-02 -6.1576166843e-02 -1.1629726167e-02 -5.8421096553e-02 -1.0662329324e-01 -8.7365504452e-02 1.6457189296e-02 1.8538787652e-01 3.4484476364e-01 1.9730398982e-01 -1.7090912528e-01 2.5742268007e-01 -9.9445400392e-02 1.3704763390e-01 2.1307323489e-02 4.0929142614e-01 -2.4773298454e-02
2.6769050465e-01 -4.3152345104e-02 2.9333001523e-01 4.9110364482e-01 -1.0889280364e-01 -8.3172960442e-02 5.0772997921e-01 1.4832847274e-01 -4.8464648948e-01 -1.2372282919e-02 -3.1999949414e-01 6.9099210119e-01 -8.5595460294e-02 2.0372394646e-01 -9.2883301225e-02 1.3899669249e-01 -2.3364507740e-02 -3.3875028369e-01 1.9222583414e-01 2.4586460969e-01
-1.9750321506e-01 2.7744662640e-03 4.6754331979e-01 -1.2006855057e-02 -1.4120270575e-01 6.2733604918e-02 2.3527351675e-01 7.2740839438e-02 -4.1243545545e-01 5.0562245780e-03 2.4777508509e-01 -1.4986049605e-01 4.3479218692e-01 -6.7462325429e-01 4.2328282413e-01 1.9768002412e-01 -6.1952018044e-02 -6.4374541838e-01 1.4301991341e-01 1.6346007770e-01
-3.3650798069e-01 5.7136332171e-02 1.0244847187e+00 1.6161162846e-01 6.2437835865e-02 -5.4082098791e-01 -3.5899900331e-01 -4.2137592932e-02 -1.2172673562e-01 -2.3902640976e-01 1.4184811731e-01 2.3605023188e-01 -1.1557696629e-01 -4.8774458668e-01 3.9041977620e-01 2.3820136735e-01 2.5602525290e-01 -6.3224603270e-01 3.6915731402e-01 -1.4721733190e-01
-3.9478538730e-01 2.5250828131e-01 5.2333641715e-01 4.1138474630e-01 -1.7533878862e-01 1.9694768019e-01 -1.0401896464e-01 2.7743840770e-02 2.3539949270e-01 1.9952530557e-01 2.2071648685e-01 -2.0603767116e-01 2.2227406781e-01 -5.0482808901e-01 2.2384004572e-01 7.4958804508e-02 1.4726879425e-01 -2.6329090302e-01 -3.9877772479e-01 -5.8554400154e-01
4.2181308818e-01 3.0431486765e-01 2.6147907951e-03 -1.7445039765e-01 2.8890118308e-01 -4.3798702752e-01 -3.7842369064e-01 1.3989139375e-01 -1.1106016511e-01 1.5757108064e-01 2.3177012554e-02 2.1533776525e-01 1.2456180356e-01 2.4086343029e-01 1.2997014425e-01 -1.3367801507e-03 -4.4874502199e-02 -1.3970419574e-01 -5.2319574824e-02 3.1189494435e-01
3.4802575512e-01 1.6039428323e-01 -2.0005903601e-01 1.2974620397e-01 2.8662096995e-01 -3.7959050267e-01 -3.2383396107e-01 4.5757097718e-01 -5.4481472233e-01 -1.6067605898e-01 4.3297833033e-01 8.4213460073e-03 -2.5157654764e-01 2.1585588541e-01 2.8006740475e-01 4.6696936439e-01 -1.1960317815e-01 1.9021769408e-01 2.7823508895e-01 7.1755013389e-02
-1.8559524314e-01 4.6310323248e-01 -1.5760849285e-01 5.3694518266e-02 1.9394388054e-01 1.1881330498e-01 -1.4192148268e-01 -1.7478618945e-01 -1.6166316967e-01 1.7795027087e-01 -1.4671981617e-01 2.5765790714e-01 5.2523632597e-01 -3.4813472659e-01 6.5416478895e-01 -2.9136338519e-01 1.3516258889e-01 2.4954129662e-02 -3.7223698494e-01 9.7983212294e-02
-9.0503333707e-03 6.6676088185e-02 6.8459416143e-02 4.3887109850e-01 3.4355999908e-01 -5.7050432938e-02 -4.3036364131e-02 -5.9546024191e-02 -2.8703868226e-01 1.5913354450e-01 2.7560044087e-01 5.6008473965e-02 -2.2195507924e-02 7.5662363939e-02 -6.1630999199e-02 1.4274242216e-01 3.9908264262e-01 5.6330468045e-02 -3.2820071270e-02 -4.0703463736e-02
2.0889455080e-01 -3.6735854196e-01 2.4067701746e-01 -5.9815527206e-01 -2.1648954346e-01 -1.8982059496e-01 3.1408708678e-01 -4.2418229564e-01 -7.9920030867e-02 2.4896959679e-01 -7.6611109022e-02 9.1301611053e-02 -1.7281250452e-01 1.3749174999e-01 4.7401900293e-03 -2.1689155354e-01 3.2602066286e-01 -1.2332298778e-01 -1.5563844835e-01 1.1638436216e-01
3.8074945203e-01 3.1616160950e-01 -3.4826841820e-01 -1.0840790441e-01 2.5504901745e-01 1.4016406137e-01 -1.8130002175e-01 3.0998139864e-01 -2.5542660752e-01 2.7318636088e-01 -4.8177823204e-01 4.9293574991e-01 -2.4234112309e-01 1.5154638598e-02 -8.4065227068e-02 4.3248034144e-01 3.5041949152e-01 1.4123074500e-01 1.0738325435e-01 4.1465594614e-02
-3.9560946450e-01 -3.4242225073e-01 -4.0799037864e-01 -4.2246138497e-02 8.2134268092e-02 3.2536336768e-01 -2.3336453679e-01 4.6889467822e-02 -7.2253893814e-01 -1.8045371422e-01 -5.5261140816e-01 1.2012280372e-01 -3.5807336311e-01 1.4005407033e-01 -1.3639395832e-01 -1.6555815982e-01 -1.6952832122e-01 5.1138990317e-01 9.2316743305e-02 6.5984037427e-02
-3.3051498262e-01 1.6160192379e-01 -3.6748217263e-01 5.5159245345e-01 -5.4784175167e-01 1.6808381743e-01 1.5519339213e-02 2.0410156143e-02 -8.9105332634e-02 -2.6302765357e-01 3.5176465288e-01 1.5101248848e-01 2.6961864166e-01 -2.7129010380e-01 3.0784520969e-01 -1.1184802183e-01 1.0909042437e-02 3.3076817674e-01 -1.0255106717e-01 3.8184618548e-01
-9.3902100382e-02 2.6119995090e-01 2.4956031952e-01 6.2305554972e-01 6.4764155460e-02 -2.5160328037e-01 7.3607608045e-02 -9.0870840979e-02 3.6477772117e-02 -2.4714556154e-01 -1.0470034424e-01 5.8363089896e-04 1.7789731935e-01 8.4093493968e-02 -1.4105633051e-01 1.9270916568e-01 3.1240293885e-01 -1.5340926228e-01 1.3053251313e-01 -3.0135802964e-01
