-1.5608037519e-01 -1.6159988932e-01 1.3075992914e-01 5.6578474400e-02 -2.6833353410e-01 -6.7244279184e-02 -3.9257502421e-01 -4.4914323719e-01 2.3627414372e-01 -1.4592968943e-01 -5.3700009902e-02 -9.6439066477e-02 -1.1898611842e-01 -2.5155708240e-01 -5.7403527193e-02 -3.8832287203e-01 4.6146034595e-01 -3.5232822700e-01 -1.7699723523e-01 3.6897068437e-01
9.5306477266e-02 -5.1807768116e-03 8.8766868274e-02 9.4153214059e-02 -4.4729782060e-02 1.0056001391e-01 1.9791245381e-01 2.8339066520e-01 -4.2328778493e-02 1.2071839360e-01 1.2872327929e-01 6.9644986290e-02 -5.0545053602e-01 5.6161414047e-02 -2.6323859911e-01 -3.8414029897e-01 -1.1421973006e-01 1.1461423913e-01 -2.6145046864e-01 2.1078420511e-02
-6.5274327480e-01 -1.1042974345e-01 1.5727350985e-01 -7.1338654868e-01 -4.1939486114e-01 -2.8484420016e-01 7.2197209982e-02 7.6221217594e-02 3.9202411380e-01 -3.9703571593e-01 3.1491531931e-01 -2.5625286463e-01 -1.5642298118e-01 -4.1596583293e-01 -1.2763284194e-01 -4.4551229679e-01 4.5739369390e-03 4.1154299774e-01 -1.7673618702e-01 -1.1051487189e-01
5.0356676372e-02 -2.4431788139e-02 1.4436893203e-01 4.1850823819e-01 2.4557905793e-01 -4.2095151917e-02 3.4503786663e-03 -2.8305130613e-01 -1.9147522837e-02 -6.8634873003e-02 1.0855958995e-01 -5.2890119696e-02 2.3423246605e-02 2.3073367618e-01 -6.5919204981e-02 4.7223797866e-01 -7.5291392620e-02 2.8418561760e-01 1.1750619017e-01 1.5605851164e-01
-2.6386018234e-01 -9.6262005568e-02 2.7638894253e-01 -4.6883627927e-02 -6.8586587178e-02 -8.3273029174e-02 3.0977412707e-01 3.9854079920e-01 3.0128833752e-01 -8.3043083895e-02 -5.0532011507e-02 -1.8541412043e-01 3.6614326090e-01 6.3159122535e-02 -1.7933794412e-01 -2.8178392492e-01 -7.4556080880e-01 -3.2781729154e-01 8.9440503437e-02 3.6990252628e-01
8.7596510364e-02 1.3921770824e-01 -2.9173321864e-01 6.0064115062e-01 5.3174428927e-01 1.5678043493e-01 -6.4424808407e-02 -2.1441064617e-01 -2.8908887070e-01 -1.1857721210e-02 -3.2425000150e-01 2.2696111771e-02 -4.0260750070e-01 3.4457025052e-01 -2.7021376536e-01 3.6347643069e-01 9.9798020123e-01 -5.0273690186e-02 3.1366215687e-01 -5.0125174562e-01
4.1352187903e-01 -1.4155438988e-01 -2.5552855628e-01 2.3023224034e-01 1.2175338327e-01 3.4058822752e-01 -2.9248703058e-01 1.5345189872e-01 -1.1905294610e-01 1.4640412411e-01 2.3722825102e-01 -2.2234918255e-01 -1.1995134381e-02 -1.5061432113e-01 8.3871232606e-02 -4.0805487861e-02 -6.7486227044e-02 8.6283161465e-03 -3.7807430438e-01 5.5998727200e-02
2.4278951920e-02 -6.7004348870e-01 -2.0507232106e-01 2.0902563318e-01 1.6554781329e-01 -4.7784738344e-02 6.7020888586e-02 -7.7301028195e-01 -2.5481719210e-01 -2.4567067052e-01 2.4425770473e-02 1.9016004865e-01 1.6040983149e-01 -1.1009847389e-01 2.7866649301e-01 5.8257255375e-01 1.3138252456e-01 3.5445429882e-02 2.7755265368e-01 -7.2378515513e-02
-8.8003067301e-02 1.1679588333e-01 -6.8087868021e-02 1.4932297098e-01 -8.0933128316e-02 2.2176993743e-01 2.9011636105e-01 -2.8205780510e-01 1.9147975499e-01 9.0663971497e-02 2.2339113204e-01 1.3823554492e-04 -4.8970614012e-01 -3.5825022556e-01 8.8340357278e-03 -1.9195693586e-01 2.5348443634e-01 2.2484202615e-01 1.3766406785e-01 2.1787655069e-01
6.5203604199e-03 1.7660766122e-01 1.1123805378e-01 -2.1847983576e-01 -2.8491895017e-01 -4.6668988554e-01 -2.8966056662e-01 2.3271118314e-01 -3.1899750440e-02 -3.8600812348e-01 1.5989526748e-01 1.2062723078e-01 1.7891084886e-01 -1.8620748513e-01 3.4351407162e-02 -1.3706841030e-01 3.3302124829e-01 2.3131211652e-02 2.8757763435e-01 4.1804313686e-01
3.3397773839e-01 3.8306605970e-02 -4.3374046902e-02 5.8065809104e-01 -3.9313263221e-02 1.1594034056e-01 -6.2651123519e-02 7.1758493951e-02 -2.6473840047e-01 -1.9151813086e-01 8.6781276673e-02 4.4332956228e-01 7.8796250764e-02 5.9771316802e-02 3.5861903474e-01 2.1875422427e-01 2.6545606477e-02 -5.9251384783e-02 1.7537764033e-01 -2.6000325331e-01
2.1973993601e-01 8.8168760510e-02 -8.2487639590e-03 -6.8552180004e-02 -7.8004045155e-02 -1.8163030887e-01 3.9816733143e-02 -1.2633372087e-01 -2.7121470194e-01 -2.2984875801e-01 -4.1302649932e-01 1.2366702391e-01 -2.4040181330e-01 1.8283037423e-01 -3.6868885966e-02 2.8836405237e-01 -3.9046979850e-01 -5.6763960818e-01 -4.4041104460e-02 1.7109257718e-01
-2.3105265439e-01 2.0839502757e-01 -1.2868737973e-01 -2.2862783395e-01 -6.3995727338e-01 3.3063009008e-01 -9.3852015946e-02 -1.3190920525e-01 5.0166227115e-01 -3.4163734180e-01 2.0663900882e-01 -3.4575960539e-01 1.4404013390e-01 -1.7756538385e-01 8.2569276367e-01 3.3408817124e-01 7.4399499719e-01 -3.1510290500e-01 -1.5980520038e-01 -7.0259690686e-02
-9.9670636674e-02 -3.4728956262e-01 -5.0559739595e-02 -2.5049696139e-01 -1.3362547297e-01 -1.2783112555e-01 -3.2897364664e-01 -4.5755002794e-01 6.9654539899e-02 4.0320200976e-02 -1.0580851662e-01 -3.6909618466e-01 -1.5619341519e-01 -2.8982091540e-03 8.6679767728e-03 4.3908597677e-01 -6.4773883544e-02 8.6524803407e-02 1.3995998964e-01 -1.1132178230e-01
2.2036769887e-01 -5.5251086944e-02 3.0211038987e-02 3.4575335407e-02 -1.4888084635e-02 -2.6553054431e-01 1.8320625857e-01 -9.2227185947e-02 -2.8371970879e-01 1.8195723615e-01 5.0445118797e-03 2.5740685158e-01 -5.7709762161e-02 5.3013531150e-01 -5.2317125704e-02 -5.4780737421e-02 1.6736795273e-01 4.1375094580e-01 2.4276747820e-01 -9.7217447553e-02
8.2140258217e-02 -4.4056682737e-01 -4.2453752680e-01 2.8816081427e-01 1.2008025758e-01 3.5067681771e-02 3.5608329761e-01 -2.6217353957e-01 -1.0283987162e-01 -6.3740464983e-01 -3.4571542065e-01 2.6002885762e-01 -1.3792332087e-01 -7.5526805453e-02 -2.3169853231e-02 1.6955358159e-01 -3.7836378907e-01 -1.8538632998e-02 -1.6543365046e-02 -2.9255399674e-01
-3.1670065564e-02 4.0778094927e-02 1.5138475844e-01 -1.1998365953e-01 -1.5165360051e-01 -1.7164149164e-02 8.2143606838e-02 4.6570971060e-02 -1.1929643468e-01 3.7639289138e-01 2.0824799718e-01 2.8116656481e-02 3.8400439750e-01 2.4097179070e-01 2.2830825452e-01 1.1294405036e-01 1.9336216633e-01 1.5413063512e-01 1.5910405305e-01 -3.3407353069e-01
1.8206694767e-02 -2.5612555301e-01 1.7581616586e-01 1.5223965177e-01 -1.0298839764e-01 8.5709502300e-03 -2.3517744713e-01 -1.2191974992e-01 2.2761695356e-01 1.6582957531e-01 3.0010968121e-02 2.2165189498e-01 4.2980842694e-01 -1.0805419845e-01 -7.1849938801e-02 -2.8369771157e-01 -1.0845331119e-01 7.9065405944e-03 2.8218533508e-01 2.4868220713e-01
7.3282222120e-01 -4.2871545053e-01 -9.6615452991e-02 2.3979391021e-01 5.0243578599e-01 4.0284799591e-01 -3.0666705567e-02 -2.7201879250e-01 -2.6760496834e-01 -1.3811222373e-01 4.6675708785e-01 -3.5351963398e-01 -5.9808150517e-01 -3.1613973526e-01 6.1032121413e-01 -1.8659476352e-01 -3.3944235066e-01 2.7084310752e-01 2.6900133002e-01 -2.4080426058e-01
2.4219253327e-02 -1.1667294230e-02 2.0970125136e-01 -2.7865055044e-01 1.5441800468e-01 -9.9155788625e-04 3.4339737009e-01 5.2193354189e-02 -9.0705610842e-02 -2.1761763602e-01 -1.8914061520e-02 -1.1041005449e-01 -1.6479545395e-01 -1.3173689770e-01 2.0117121155e-01 1.7157066725e-01 -2.8356461433e-01 2.6042644572e-03 4.4872488236e-01 -4.2964167301e-01
