-5.0019085747e-01 -5.1562465368e-01 -6.4776747062e-01 -7.2658814201e-01 -5.9100022827e-01 -6.5767101615e-01 -7.8310006784e-01 -6.5540913922e-01 -7.1832324794e-01 2.5549079160e-01 3.4305758245e-01 -9.1524394082e-01
4.8942535721e-01 3.7324620679e-01 4.8343352874e-01 4.0087649761e-01 3.4086800058e-01 4.1472723551e-01 3.1029339925e-01 1.0287457804e-01 4.3301394671e-01 -6.4611403248e-01 -3.0669744994e-01 3.0450652345e-01
-2.3750856718e-01 -2.3743213721e-01 -2.8223256287e-01 -3.2520320617e-01 -2.7856961393e-01 -2.4410169927e-01 -1.3130670742e-01 5.3941993607e-01 -4.0510892190e-01 2.4676311378e-01 4.5382535946e-01 -1.0759733304e-01
1.8364740208e-01 1.6986633144e-01 2.5810318683e-01 2.2773912462e-01 1.5823657216e-01 1.7043627436e-01 5.4904594012e-02 1.7214650371e-01 8.2646882827e-02 -1.0816953562e-02 3.3747189608e-02 1.4539985188e-01
-9.6482042416e-01 -1.0428251411e+00 -1.0572803994e+00 -1.2260599232e+00 -1.1111959412e+00 -1.1473036525e+00 -9.7976259150e-01 6.1516753586e-01 -1.1758214660e+00 2.5535159073e-01 3.4057282587e-01 -9.2359744063e-01
9.5177825764e-02 1.7002886188e-01 5.3949708633e-02 1.2011503942e-01 1.3713927185e-01 1.2609214095e-01 1.0956730037e-01 1.4917833879e-01 1.3938394221e-01 3.4051423776e-01 2.7134751104e-01 -1.1342175828e-01
-2.4812734964e-01 -2.8407273552e-01 -4.2176020445e-01 -4.0291687290e-01 -3.0596276393e-01 -3.6072913165e-01 -3.1976769374e-01 4.3459807744e-01 -4.1302638609e-01 4.0540715066e-01 2.9625288399e-01 -2.0247563112e-01
5.5340605284e-01 5.8211310479e-01 4.6818630856e-01 5.8946762939e-01 6.0397330333e-01 4.5092324269e-01 6.7547807005e-01 -6.2983327335e-01 5.6589813808e-01 -2.5191439455e-01 -4.8311050025e-01 5.2447904435e-01
5.3427544229e-01 5.4657103585e-01 5.0981907525e-01 5.2236450580e-01 5.2143887804e-01 5.2071958091e-01 4.9492573593e-01 -2.0645730048e-01 5.8846196134e-01 -1.6834855748e-01 -3.2350759588e-01 4.9241340234e-01
4.4089789166e-01 3.9667773287e-01 4.2533272628e-01 3.8475165912e-01 4.0715301387e-01 3.0926339617e-01 2.7595303015e-01 6.8308803219e-02 3.8151779665e-01 -1.3424593133e-01 -2.0188571256e-01 1.0465181207e-01
-3.8047310729e-01 -4.1350173284e-01 -4.7373275335e-01 -4.1936940339e-01 -3.9587985354e-01 -3.8482698310e-01 -3.8368704196e-01 -3.3156571014e-01 -5.3468411768e-01 5.1352705848e-01 4.2649269001e-01 -4.8482423678e-01
-6.1004163990e-01 -7.6689013016e-01 -7.0422027579e-01 -6.7363256950e-01 -6.5628187560e-01 -6.5455060756e-01 -6.9652477125e-01 1.1632879090e+00 -6.9057347720e-01 1.2489783328e+00 1.3374217331e+00 -6.2964776751e-01
