-2.4769296713e-01 2.9372386432e-01 -2.1386170958e-01 -3.7321481690e-01 -2.0078925186e-01 -2.0366793370e-01 4.1440731422e-01 -8.6840560319e-03 -2.2596966084e-01 -3.0070931871e-02 2.3139936368e-01 2.5822432427e-01 1.7221408416e-01 -2.7612355877e-01
-6.3802613420e-02 1.0936071039e-01 -2.7978604926e-02 -2.2504287089e-01 -1.2656123421e-02 -1.9702983228e-02 2.9112161291e-01 -9.6165350642e-02 -4.4381438715e-02 8.6487570296e-02 5.1047218113e-02 7.5780761251e-02 -5.2551693897e-03 -1.1277829615e-01
2.0168894627e-01 -1.8309233156e-01 2.2728742007e-01 3.7097539145e-01 2.2794217680e-01 2.2171267287e-01 -5.3434310513e-01 -3.2943416300e-01 2.1513392933e-01 3.0690670574e-01 -2.0469842024e-01 -1.9642469150e-01 -2.4008630340e-01 2.0861593711e-01
-2.4898649887e-01 2.2599006258e-01 -2.9086238829e-01 -6.9384063558e-02 -2.8449660330e-01 -2.8184319215e-01 -1.4096553705e-01 3.7217750808e-01 -2.7375572513e-01 -3.6448182941e-01 2.5811330709e-01 2.4267706706e-01 3.0442591338e-01 -2.4957285172e-01
2.1645017841e-01 -2.5702977916e-01 1.8091538120e-01 3.6844971019e-01 1.6526673793e-01 1.7770235679e-01 -4.2111819579e-01 2.3162687133e-02 1.9597202443e-01 1.5793423727e-02 -2.0671088038e-01 -2.2641718623e-01 -1.4397775688e-01 2.4600940215e-01
-2.4390943644e-01 2.7828557726e-01 -2.0523545275e-01 -2.9153139335e-01 -1.9882549383e-01 -2.0747658398e-01 3.2894691280e-01 9.0501875298e-02 -2.1756167419e-01 -1.0566510715e-01 2.3345825377e-01 2.5183657875e-01 1.7909974608e-01 -2.7242940617e-01
2.0028402916e-01 -1.7422208131e-01 2.2724757673e-01 1.0085221481e-01 2.3273259202e-01 2.2698123325e-01 1.0973049257e-02 -3.1553476612e-01 2.2189181075e-01 3.0391758746e-01 -2.0899120003e-01 -2.0191014661e-01 -2.4694198385e-01 1.9067341508e-01
-1.2169993677e-01 7.2071186130e-02 -1.8069526429e-01 -1.1524242292e-01 -1.9175295782e-01 -1.7648920071e-01 9.7222092606e-02 3.3532103366e-01 -1.6441083609e-01 -3.1909359644e-01 1.3506066879e-01 1.0985230273e-01 2.1820678732e-01 -7.8201590995e-02
1.9251717680e-01 -1.6625783220e-01 2.4106501004e-01 2.6121305416e-01 2.3673898213e-01 2.3513994019e-01 -3.6221646681e-01 -3.5841943736e-01 2.2623114789e-01 3.4615323083e-01 -2.0916099627e-01 -1.9154946792e-01 -2.6850343639e-01 1.6977556067e-01
-1.8840314512e-01 2.2736221671e-01 -1.4567588745e-01 -1.9734688617e-01 -1.4091683048e-01 -1.4397041643e-01 2.1441888500e-01 4.9429900817e-02 -1.5975198284e-01 -5.5430786598e-02 1.7405341045e-01 1.9565425933e-01 1.1502902842e-01 -2.2452073162e-01
1.5791862698e-01 -1.3134074067e-01 1.9807738026e-01 -2.5435781091e-03 2.0186461673e-01 1.9587689294e-01 1.8285084002e-01 -2.9424514319e-01 1.8714871776e-01 2.8037153682e-01 -1.6993392410e-01 -1.5525192033e-01 -2.2517470508e-01 1.5519386728e-01
1.2573480958e-01 -9.6256611434e-02 1.5516514572e-01 2.5088712934e-02 1.5863062594e-01 1.4785341991e-01 7.6382344873e-02 -2.4525166524e-01 1.4828378395e-01 2.3102573649e-01 -1.3194297473e-01 -1.1539190721e-01 -1.8086631797e-01 1.2688726020e-01
2.0963117184e-01 -2.5513905855e-01 1.7540090962e-01 2.4003970464e-01 1.6098504590e-01 1.7015240050e-01 -2.7138683983e-01 -9.4191594771e-02 1.8692599725e-01 1.0138078621e-01 -1.9450650282e-01 -2.1445895433e-01 -1.4616335521e-01 2.5001938337e-01
-2.0528233213e-01 1.7265834095e-01 -2.5389687681e-01 -2.2590506284e-01 -2.5580101524e-01 -2.4437718698e-01 1.8523096441e-01 4.2410056297e-01 -2.4847510021e-01 -3.8535363206e-01 2.2090205045e-01 2.0872022816e-01 2.8635743514e-01 -1.9249454977e-01
