-7.0180080660e-01 -2.1015096115e-01 4.9752101775e-01 5.2027149863e-01 -4.9708075433e-01 -7.9998931647e-01 -8.9223889673e-01 1.5530478094e-01 8.0341368463e-01 -7.5735723812e-01 4.8567022629e-01 -7.7675503873e-01 7.2442549435e-01 -1.7268492360e-01
-3.8816955068e-01 -2.4995146835e-01 -8.3793499663e-02 -2.0667851338e-01 1.4311723505e-01 -1.6690082174e-01 -1.3942528108e-01 -2.2427318760e-01 8.0687415530e-02 -1.6852388449e-01 -1.5155279508e-01 3.4339914664e-01 -3.4306728212e-02 -1.2495192421e-01
-2.6910091309e-02 -2.0310633813e-01 1.0411590164e+00 -3.2943319045e-01 -1.2517920506e-01 -3.4991718504e-01 -3.4873139675e-01 6.5583776051e-01 2.9233254466e-01 -4.2802236536e-01 -3.1961558639e-01 1.0885307015e-01 8.7098007754e-01 1.7424855268e-01
1.8617206650e-02 8.5389853921e-02 -3.9636376693e-02 -1.2711197675e-02 4.9057499234e-03 -2.5185415101e-02 -2.6433744751e-02 -1.2874717567e-01 3.0322614635e-02 1.1564634015e-01 1.8794715238e-02 -1.8931893403e-02 -1.2343686552e-01 1.3219691793e-01
-2.3533353364e-01 2.6310902109e-01 -2.9291657674e-01 -5.7944160431e-01 4.0096785486e-01 -5.4742069359e-01 -2.8912521845e-01 -3.2198727932e-01 4.1810867748e-01 1.8861085777e-01 -4.5051791653e-01 1.5831169232e-01 -5.3152719528e-01 1.3020778052e-01
-8.2615517056e-02 8.7693784155e-02 4.0438672286e-01 1.5080185603e+00 6.4945559779e-01 4.5263900543e-01 2.4208554761e-01 2.0493433740e-01 -3.9699170043e-01 -9.6954479558e-01 5.5749341523e-01 7.2314174268e-01 4.4053869909e-02 2.9916675785e-01
-2.3952015474e-01 1.0414167614e-01 4.6685843416e-01 -2.2908790022e-01 -1.7010947271e-01 -2.5992134664e-01 -2.7153930855e-01 1.8231344780e-01 3.5644823754e-01 1.3833857120e-01 -6.8665387936e-01 -6.9335315661e-02 4.0559640456e-01 1.6610875576e-01
7.7818936426e-01 6.3187124325e-01 -1.0352995874e-01 5.1979394180e-01 -1.4833769407e-01 -3.5898462853e-01 -4.3554438165e-01 1.7210302808e-01 2.8591404129e-01 -1.0330652291e+00 -4.6720232104e-02 -1.2897026470e-01 -1.1063844659e-01 1.7824634341e-01
5.4409194573e-01 -3.3668293921e-02 -2.9002389344e-01 -4.9759262019e-01 5.1650222403e-02 -5.0661663778e-01 -3.1636766158e-01 9.7411574392e-02 4.6697763127e-01 -8.1438958943e-02 -4.3870732697e-01 1.4609452641e-01 -4.5632543901e-02 -8.6605879698e-02
6.8428533420e-03 -8.7192202468e-02 4.4974042409e-01 4.3620990638e-01 -8.1868448491e-02 1.0865957157e-01 2.9789322182e-01 2.6704127072e-01 -3.6512260983e-01 4.4303348152e-02 1.1936072620e-01 -4.8335464077e-02 4.0364723089e-01 1.2771221635e-01
