8.8992408409e-04 5.3331727298e-01 -5.3904994992e-02 -9.5270839633e-01 8.3849703982e-01 7.0504627873e-01 6.6938561133e-01 -5.4398914785e-04 -4.3808507211e-01 -7.9128120670e-01 -3.9941332472e-01 -6.5689366769e-01
8.8714201610e-04 -7.4350249600e-01 2.4209212904e-01 -1.8515335141e-01 1.7511015185e-02 1.4989427695e-01 1.1897471267e-01 -3.1609004135e-03 7.4904729705e-02 -1.6773133436e-01 1.6611672530e-01 -6.9257030123e-02
7.4026782906e-04 -1.2550632134e-02 5.6267497500e-01 -1.1590170360e-02 8.8914457643e-03 2.0934932507e-01 -3.5456704204e-01 4.2864802164e-04 -1.0422850640e+00 -3.7840637036e-02 -6.2891131201e-01 -2.5268414649e-01
4.2914853057e-03 5.9300470770e-02 1.1204175618e-01 -8.8261459768e-02 -2.6097899417e-02 4.2326701137e-04 2.0266497539e-02 -7.1177730181e-04 1.0169639976e-01 -6.5719852203e-02 -3.7464262628e-02 -8.6102575179e-02
-7.4536286602e-04 -1.3551879552e-02 5.2561744352e-01 2.1517062058e-01 -9.4479050413e-01 -1.1115560691e-01 -9.6552578164e-02 5.0132757390e-04 3.2546876501e-02 -3.4170421576e-02 -3.0462490136e-02 -7.4235991422e-02
1.8752774796e-03 -6.0739225829e-01 -3.8676526745e-02 -2.0480700776e-01 1.0812945917e+00 1.8053018943e-01 -4.1463262969e-01 -1.8106887987e-03 -2.7001283622e-01 2.0067406212e-01 -3.0707492876e-01 2.5091794741e-01
1.9536895072e-03 3.1419464820e-01 8.5113465909e-01 -9.2241644512e-02 -6.8105056387e-01 5.9511918730e-01 -2.0058161499e-02 3.6540567414e-03 -4.0673181009e-01 -2.7687127985e-01 -5.1378056268e-01 -1.6196712238e-01
3.3613992685e-04 4.5821335207e-01 6.5750354523e-01 -4.2071591532e-01 7.6849695232e-01 -3.2841523289e-01 -3.8102043860e-01 -2.8870807571e-03 -2.3655004877e-01 -1.8516696864e-01 -1.8222575844e-01 -2.3330802534e-01
6.8882091952e-03 -3.0389736727e-01 4.7756613904e-01 1.2095323899e-01 -4.4316633477e-01 -8.0794685511e-01 -1.6658850117e-01 -4.7858418219e-03 1.9199029592e-01 1.9555798612e-02 2.7779151606e-01 -1.0924536934e-01
-1.3150563941e-04 -1.7502013176e-02 -1.3750743382e-01 4.1379509659e-01 2.1887989308e-01 2.5900838428e-01 -3.4555233534e-01 -1.5354380814e-03 -7.4245675100e-01 5.0118812305e-01 -7.5104212854e-01 6.7058682303e-01
