3.5748772502e-01 -3.8766256317e-01 3.0930522141e-01 -1.5831362151e-01 4.1318361253e-01 4.8911761811e-01 -2.4451506865e-01 3.7318999530e-01 -1.4429585918e-01 -3.9996080561e-01 3.9310840175e-01 2.7565576042e-01
-2.3259250019e-01 2.5165071166e-01 -1.9325018494e-01 1.9006974247e-01 -2.7447775702e-01 -3.6249609223e-01 1.4663512374e-01 -2.3715161693e-01 1.6069876272e-01 2.5818088370e-01 -2.5196296479e-01 -2.1664412571e-01
3.6029592446e-01 -3.5423472592e-01 3.8542682187e-01 -4.0911464034e-01 3.4051393709e-01 2.9557911216e-01 -4.1906928043e-01 3.6394479412e-01 -4.3041495652e-01 -3.5508429006e-01 3.5870874068e-01 3.5877282060e-01
-3.2243647147e-01 3.3557307215e-01 -3.5341477177e-01 4.2420525029e-01 -3.2847130848e-01 -3.0184118774e-01 3.5176093410e-01 -3.2233569438e-01 4.2541957587e-01 3.4078081074e-01 -3.4111463782e-01 -3.4770724925e-01
9.8637391505e-02 -1.1834340461e-01 1.0712348073e-01 -1.9937550125e-01 1.2876539237e-01 1.5930445954e-01 -8.3067005330e-02 9.6638882982e-02 -1.8550031111e-01 -1.2087172917e-01 1.1853650542e-01 1.3766884285e-01
1.9835644281e-01 -2.0488031214e-01 2.2540557073e-01 -2.7064703231e-01 1.8934110821e-01 1.5326899860e-01 -2.5275102004e-01 1.9908397386e-01 -2.8560528623e-01 -2.0828968559e-01 2.0748906830e-01 2.1057023742e-01
1.4094214105e-01 -1.6006295445e-01 9.4047024280e-02 -1.4176384253e-02 1.8304225045e-01 2.5453952623e-01 -4.1132612464e-02 1.5505416054e-01 1.1006479487e-02 -1.6908484484e-01 1.6107376972e-01 8.8302428513e-02
2.5658487378e-01 -2.6518044634e-01 2.9111576361e-01 -3.8269174516e-01 2.5503496728e-01 2.2446576239e-01 -2.9709225289e-01 2.5745739081e-01 -3.7787672198e-01 -2.7189271324e-01 2.6948128720e-01 2.9049097516e-01
5.0039430804e-02 -7.5753415532e-02 1.4427032940e-02 6.6378658934e-02 1.0130108605e-01 1.6754638392e-01 5.1481242895e-02 4.7563821857e-02 8.7887355764e-02 -8.3241943663e-02 8.1748761807e-02 1.0513764271e-02
-1.3703509674e-01 1.4912770485e-01 -1.6505056349e-01 2.7481263201e-01 -1.5478619772e-01 -1.6315674836e-01 1.5337440661e-01 -1.3943134704e-01 2.6414748315e-01 1.5851028882e-01 -1.5794337010e-01 -1.7785870877e-01
-1.7897233321e-01 2.0328680130e-01 -1.8422523602e-01 2.4107304141e-01 -2.1843059726e-01 -2.5862423548e-01 1.3617181348e-01 -1.7700742827e-01 2.1690136368e-01 2.0886210208e-01 -2.0900484467e-01 -2.1651266534e-01
9.4471128840e-02 -1.4511345654e-01 9.9094641297e-02 -1.5432071731e-01 1.7367865797e-01 2.7316061998e-01 2.5707971337e-03 9.1827480400e-02 -1.1587910577e-01 -1.6327583530e-01 1.5014017410e-01 1.3782019452e-01
