-5.4259088137e-01 7.7401896018e-01 9.9568646472e-02 -9.4483811951e-02 5.7753140245e-01 -1.1400088209e+00 5.5570185976e-01 8.6479061130e-01 4.2126224617e-01 -6.1660228173e-01 -7.2416134198e-01 4.7360649897e-01 -5.0418927674e-01 -8.2140594132e-01
1.1765925829e-01 2.4635925001e-01 -2.7357968605e-01 3.3244334918e-01 -3.7341388337e-01 -9.9767939639e-02 -3.2539140232e-02 6.7111049913e-02 2.9411759744e-01 1.8714000342e-01 -1.8405170421e-01 1.9370394786e-01 -1.0589455556e-01 -8.4840442618e-02
-8.0541718003e-01 -7.5764994558e-02 -6.3603650293e-01 4.1615107879e-01 2.2952423387e-01 1.7607829229e-01 7.5356871452e-02 4.4815244301e-01 5.1765467949e-01 -9.0946896236e-01 1.6660324482e-01 -4.4152447091e-02 3.2299754497e-01 2.3877571822e-01
5.0042912681e-02 8.6194399364e-02 3.1983979959e-02 4.1025131177e-02 -1.4750527080e-01 4.6898228704e-02 -1.6037607596e-01 7.5800848314e-02 9.4917127065e-02 7.5469879473e-02 -1.3905272323e-01 3.0437040888e-02 2.8245070283e-02 1.6655776649e-02
3.9352397451e-01 3.2387648459e-01 -2.9797953568e-01 -2.5843900583e-02 -6.3171255510e-01 2.1008997214e-01 -1.0578543947e+00 8.6734386373e-02 2.7647919270e-01 4.2054290964e-01 -3.0878842762e-01 2.5809132760e-01 -1.6030187920e-01 -2.2982985604e-01
-2.9558207457e-01 -4.1520330424e-01 2.7131739231e-01 -4.6117377740e-02 -6.0106528139e-01 -3.6180583396e-01 1.7061298895e+00 -6.2352535348e-02 7.8827191057e-02 -2.0993184817e-01 4.0740323199e-01 -9.6667618603e-02 5.9954079764e-01 4.0014544501e-01
-5.5469010176e-01 -3.3122951631e-02 3.3532029289e-01 7.4731536164e-01 3.0322646251e-01 2.4340131246e-01 -6.2691298944e-01 5.2094367865e-01 8.0775327596e-01 -6.2725824046e-01 -2.4596700695e-01 -1.1556028714e-01 5.1838707447e-02 4.1922382220e-01
2.0187128884e-01 -2.6856747173e-01 1.0887391851e-01 2.4625299750e-01 3.7478092377e-01 -2.1606807111e-01 7.9870090713e-01 -7.8164536523e-02 4.6396739762e-01 2.1949428950e-02 -4.6647534079e-02 -1.7739327972e-01 1.6669081287e-01 -1.6044584443e-01
3.3205718542e-01 -9.9261661674e-02 -1.0575512694e-01 4.9530020427e-01 -9.2038183425e-03 3.1362812206e-01 -7.0428747743e-01 -7.7154682982e-01 4.7773501358e-01 1.9876806795e-01 -2.7563241322e-01 3.2013988083e-02 -1.6667746863e-02 -5.9386705934e-03
-4.1146068019e-01 -1.0581052295e-02 1.8528514098e-01 -2.4212463670e-01 1.2698145189e-01 -6.8537607288e-02 1.2628189772e-01 2.9264601090e-01 -2.6816392635e-01 -4.7828918253e-01 1.0968129275e-01 -2.2191841509e-01 2.5235122871e-03 2.9339313678e-01
