3.5580369880e-01 2.0116712295e-01 4.0097935293e-01 -3.6667728552e-01 4.5071175237e-01 3.4478605196e-01 4.7852629628e-01 -4.9847069579e-01 -3.3826533804e-01 3.7282806443e-01 2.3881407515e-01 -4.1642618748e-01
-3.5189508438e-01 -3.9384890071e-01 -3.3749772046e-01 3.4083075086e-01 4.9381359823e-02 -3.5399929434e-01 -2.8629110959e-01 2.4960625589e-01 3.7966233163e-01 -3.4836323661e-01 -3.9860588911e-01 3.1789052146e-01
3.6734248838e-01 4.4580580501e-01 3.4430048343e-01 -3.5046169466e-01 7.7051072319e-01 3.7223942282e-01 2.7414372226e-01 -2.5934883349e-01 -4.0294026938e-01 3.6555843453e-01 4.4673093415e-01 -3.2427275303e-01
1.7063119719e-01 1.0047115469e-01 1.9430016274e-01 -1.8142555528e-01 2.2951736405e-01 1.6729932070e-01 2.6835002888e-01 -2.9596985032e-01 -1.3956591915e-01 1.7713039500e-01 1.0282641263e-01 -2.1844531160e-01
1.3652205118e-01 5.3133302875e-02 1.6902118127e-01 -1.5227970384e-01 2.0405917798e-01 1.2885508521e-01 2.2479745421e-01 -2.6115830167e-01 -1.1263120480e-01 1.4798889799e-01 6.3335057901e-02 -1.8301198941e-01
-2.0991857459e-01 -2.5307974252e-01 -1.9081280220e-01 1.9363779642e-01 -5.6008477717e-02 -2.0049911861e-01 -1.3312849391e-01 9.8084268638e-02 2.4273548347e-01 -2.0657224564e-01 -2.6290819001e-01 1.6402537739e-01
1.8285699673e-01 2.2988901521e-01 1.7690285057e-01 -1.6949653605e-01 3.3072989252e-02 1.8575654704e-01 1.3791839416e-01 -1.0796928475e-01 -2.1373225084e-01 1.9816826013e-01 2.4183882399e-01 -1.5563156464e-01
-1.6364570593e-01 -1.3256992863e-01 -1.8819865130e-01 1.7597140062e-01 -2.7591494538e-01 -1.6345780075e-01 -2.3175918323e-01 2.6221483180e-01 1.5503124725e-01 -1.6687605572e-01 -1.3282219614e-01 1.9490506601e-01
-2.1861637281e-01 -2.2609509415e-01 -2.2006698726e-01 2.1855948545e-01 -2.9796688364e-01 -2.1776085340e-01 -2.1467021493e-01 2.0996880144e-01 2.2559214116e-01 -2.2117064947e-01 -2.3031280646e-01 2.1090721195e-01
-2.2364343592e-01 -2.5235530058e-01 -2.1465527711e-01 2.1120574742e-01 -4.0862678564e-02 -2.2272507669e-01 -1.6535189985e-01 1.4280445777e-01 2.4467166655e-01 -2.3121480210e-01 -2.6433446667e-01 1.9863181121e-01
-2.0657766224e-01 -2.4500935764e-01 -1.9043429362e-01 1.9445146807e-01 -6.3596360839e-02 -2.0492807321e-01 -1.3726695565e-01 1.2249591546e-01 2.3518298566e-01 -2.0727349316e-01 -2.5200599142e-01 1.7021779895e-01
-1.7129910553e-01 -9.7807479738e-02 -2.0379894126e-01 1.9020742809e-01 -2.7024626017e-01 -1.6980842700e-01 -2.6876267468e-01 3.0147511538e-01 1.4933982031e-01 -1.8296790164e-01 -1.1490844692e-01 2.1271878788e-01
