3.5575563141e-01 -4.6751688535e-01 3.5402556144e-01 -5.0235569636e-01 4.6474019380e-01 -3.2571979199e-01 -1.5146223565e-01 5.7289272886e-01 -8.6570708822e-01 1.0097462554e+00 7.4623304576e-01 8.3444610157e-01 3.8515411466e-01 -3.5771131055e-01
-1.4580741627e-01 1.9229577231e-01 -1.4663539570e-01 -5.3844562057e-01 -1.8974688107e-01 1.6360541704e-01 -3.6986146949e-01 -1.8342524858e-02 -2.2774775275e-01 1.5710834914e-01 -1.3918808006e-01 7.1900245087e-02 -6.6236725032e-01 8.4073771418e-02
6.4572717944e-01 -1.0396287279e-01 6.7431813946e-01 4.9606385598e-02 1.0057389788e-01 -6.7659519466e-01 -1.2026804890e-01 -2.1126429652e-01 4.5828768480e-03 6.1770933112e-02 4.0448160173e-01 -1.4192720580e-02 1.4004937700e-01 2.6136567490e-01
-8.2607219186e-02 3.6268134864e-02 -7.3143169672e-02 1.0679254399e-01 -3.8308296104e-02 3.6170484955e-02 -9.1800451352e-02 -5.0277142323e-02 -8.8386583652e-02 8.7119203768e-02 6.6415858943e-02 5.1558321350e-02 1.8810109682e-02 3.2537631038e-02
-3.3157277571e-01 2.4156701481e-01 -3.4506723048e-01 -1.2229996718e-01 -2.3779322519e-01 3.5886363099e-01 -3.7644720643e-01 -2.8608171506e-01 -5.2052651785e-01 6.5575231304e-01 -2.7403718360e-01 1.7242147621e-01 -2.5946179376e-01 3.4273996780e-01
3.2496902838e-01 -1.1157603924e+00 3.6131854416e-01 -1.4282853932e-01 1.1131743149e+00 -4.0333718645e-01 4.4987219978e-01 3.0051430075e-01 8.3331445344e-01 -8.5891241555e-01 -2.7090305035e-01 3.2217417766e-01 -6.4461751659e-01 -4.9507039887e-01
5.2168735947e-01 -7.4335273147e-02 5.2894998602e-01 -2.6389031345e-01 8.4897536136e-02 -5.1026604814e-01 -5.2797185370e-01 -7.1505288509e-01 -2.0757127386e-01 4.0835976088e-01 8.2247968889e-01 3.5109246853e-02 4.1309174888e-01 7.3102575930e-01
-5.2136244557e-02 -8.6198255699e-01 -6.1984058003e-02 6.3207377922e-01 8.6392887776e-01 8.1356591186e-02 -2.7047091991e-01 4.4803406915e-02 7.4037094217e-02 4.0147431711e-02 -1.3759988277e-01 5.6593488841e-01 4.4036600234e-01 6.7534651857e-02
-2.9946861746e-01 -1.4866118683e-02 -3.1342141244e-01 5.1620155951e-01 1.7919736889e-02 3.1328936370e-01 -5.0447674346e-01 -5.2445193283e-01 -3.6753986276e-01 5.0192210768e-01 -6.8215723890e-01 -1.3046720375e-01 -1.1902994077e-01 4.3052945127e-01
1.6072991044e-01 1.5254112599e-01 1.7015832542e-01 5.8529638514e-03 -1.4790284385e-01 -1.8164670006e-01 3.7277386104e-01 1.2669935566e-01 2.6368019037e-01 -3.4551489414e-01 1.5249797476e-01 -1.4452029249e-01 -1.1595326179e-01 -2.4666338387e-01
