-3.8314934434e-01 5.1902252482e-01 6.3828843652e-01 4.1324582985e-01 4.3947627554e-01 5.9285329260e-01 -2.4854664486e-01 3.8237861072e-02 -6.3799822402e-01 -6.6581611804e-01 4.7718313313e-01 7.9717622088e-01
5.5738057231e-02 3.7490306340e-01 2.9691429298e-01 1.6495307523e-02 -7.1330008840e-02 -3.6070976507e-01 -3.4455044421e-01 -2.2491637319e-01 -1.2684758513e-01 2.1486145953e-01 -4.0090909377e-02 4.8428889753e-03
-6.1046851580e-01 2.1812084051e-01 -3.8877050153e-02 -1.0629724201e-01 5.0748448007e-01 2.3139829617e-01 5.8020243563e-01 5.6240003371e-01 2.7079550392e-02 -2.0278053073e-01 4.6000791831e-01 3.4248590311e-01
6.1880102358e-02 8.4498096172e-02 7.1331648963e-02 -9.1764258854e-02 -2.1240232479e-01 -5.4625310411e-02 -1.6570622671e-01 3.7029049725e-01 -3.0073766646e-02 -6.4139278495e-02 -2.2007597771e-01 7.9466261605e-02
2.6184433576e-01 6.0796962919e-01 5.1043699791e-01 -4.2798730484e-01 -2.2469786718e-02 -3.4751152648e-01 -1.1094776564e+00 -5.9849400324e-01 3.6963453595e-01 4.0276062352e-01 -2.5301243843e-01 -2.6903694768e-02
-3.6194963684e-01 -5.4526775086e-01 -2.2914352732e-01 6.4773963472e-01 1.7417628116e-01 -8.5758735805e-01 1.3078865365e-01 1.0842417644e+00 -3.3313771712e-01 -1.5880622541e+00 -3.4322231347e-02 -3.4545700071e-01
-7.0505455327e-01 4.0671764191e-01 6.1801325615e-02 -7.5419902918e-01 6.9894980887e-01 1.6611976270e-01 8.2248435997e-02 5.8202304358e-01 7.1564047455e-01 5.4664597912e-02 6.2912806722e-01 5.7184000753e-01
-5.1327838451e-03 2.5802658650e-01 -5.4410225463e-01 4.6908512476e-02 1.2524815589e-01 3.9740125453e-01 5.3030692338e-01 -9.1294276231e-02 -1.9022547070e-01 -9.8679754480e-01 1.6401355763e-01 -8.7560020824e-02
5.0235274481e-01 4.8427324839e-01 -4.4653446225e-01 -3.3877710248e-01 -6.0758470885e-01 5.2122896578e-02 5.2739059925e-01 -5.8827218312e-01 4.4977053726e-01 6.6426968271e-03 -4.1771874476e-01 -4.7740051262e-01
-1.7777585178e-01 -1.3986415980e-01 2.1251965606e-01 3.8453401264e-01 2.2208047059e-01 2.5168920337e-01 -1.7111252786e-01 2.9659779250e-01 -2.3617094462e-01 2.0196912974e-01 1.5271688559e-01 3.9775525986e-01
