-3.4396040961e-01 6.4039757750e-01 -4.2988537968e-01 -4.1295989478e-01 3.7356995796e-01 5.7972342373e-01 5.4945127125e-01 4.1406511768e-01 2.5327856993e-01 8.7231490626e-01 7.8664638151e-01 -6.4847479220e-01 5.6631930679e-01 -4.8819013557e-01
-3.4569866532e-01 1.7544480927e-01 2.0403445572e-01 8.7646696552e-02 -1.8373134208e-01 -6.8813515343e-02 -1.4368227536e-01 -1.2473278815e-01 4.0942003758e-01 6.4333201748e-02 1.2874328659e-01 1.6809687399e-01 1.4649388450e-01 -1.3628471796e-01
2.3803011267e-01 1.5719230670e-01 -9.3151014129e-01 -1.5864336586e-01 3.2389708090e-01 8.7208755460e-01 -8.8830801233e-02 -3.3475429637e-01 -1.3557083556e-01 5.0961203579e-01 -2.6308431164e-01 -6.5249748168e-02 3.2678145220e-01 2.1852074195e-01
-2.1346245702e-02 5.6619252556e-02 6.7690127772e-02 -1.8178082627e-02 -1.4451040376e-02 -1.7469294860e-01 -4.3497471577e-02 -6.0592179885e-02 8.7708341749e-02 5.2846165380e-02 -3.6346342481e-02 1.9745231183e-03 6.9797092385e-02 2.8723015505e-02
-5.1899234594e-01 6.1321033129e-01 3.1653750616e-01 2.2223499896e-01 -3.4649156375e-01 -4.5893445997e-01 -3.0566016063e-01 -6.4036700183e-01 5.4415135492e-01 -1.0394792788e-01 1.6320498820e-01 3.2356703504e-01 7.0933151588e-01 4.7738874447e-01
1.2495210483e-01 -5.1137125434e-01 -5.4941767007e-01 -9.6640860631e-01 -4.6567611482e-01 1.5132637178e-01 -8.6982180357e-01 7.3100557308e-01 2.4304560475e-01 -1.5598204110e-01 -8.4540894534e-01 -1.1886655914e+00 -4.4524536510e-01 -4.1896936315e-01
-5.2500913947e-02 2.5861798504e-01 -6.2114795177e-01 7.3747543685e-02 4.5740460391e-01 5.1226801107e-01 1.7647271148e-01 -6.8772182512e-01 6.4051523644e-02 7.4746043191e-01 -8.6855417164e-02 1.8058676002e-03 3.7482095350e-01 8.3443583242e-01
4.1438883921e-01 2.2466892152e-01 8.8485475664e-02 -5.5077140079e-01 4.3535013359e-01 1.3136019915e-02 8.0138740412e-02 -6.7447105705e-02 -5.6424636492e-01 -1.6462656547e-01 -1.6439696213e-01 -6.6121737026e-01 4.1674450373e-01 -3.9124969583e-02
3.8830229730e-01 4.4272084453e-01 5.0012114514e-01 9.5003097578e-03 -2.7171251504e-01 -2.7203375322e-01 -7.6205335489e-02 -4.2479908058e-01 -3.5560223876e-01 -6.5042847488e-01 2.4552460958e-02 3.0635573093e-02 6.0070789913e-01 5.3613668756e-01
-1.6743668414e-01 -1.5342619923e-01 -2.3778475768e-01 6.2612940078e-02 1.1453024890e-01 3.0149416298e-01 -1.5696057964e-01 4.8912506930e-02 3.0448054538e-01 3.9503615726e-01 2.8870728718e-02 2.4263946684e-01 -1.8053720848e-01 -1.5913842750e-01
