-1.3545295873e-01 3.2989800369e-01 -2.9453593843e-01 -2.4771035070e-01 -1.1385567537e-01 1.8965406340e-01 3.8121812585e-01 1.5151267168e-01 -7.6599168460e-02 -3.2433132192e-01 2.4073076846e-01 3.4557335035e-01 -2.4496706641e-01 -2.7391153421e-01
-3.4815413906e-02 1.7255452350e-01 -1.5129117681e-01 -1.0503206858e-01 -1.7442620872e-02 7.5505801289e-02 2.1646632587e-01 4.6895920019e-02 1.6017124537e-02 -1.7487236403e-01 1.0694900631e-01 1.9252581305e-01 -1.0789642250e-01 -1.3443852652e-01
-5.0598667978e-02 2.7427688882e-01 -2.3210810428e-01 -1.8167738465e-01 -5.8421075602e-02 1.2425688426e-01 3.3542599692e-01 1.3255258475e-01 -1.4594403433e-02 -2.7073534452e-01 1.8451001518e-01 2.9587796877e-01 -1.7569664052e-01 -2.1532476314e-01
9.3732445708e-02 -1.7519628427e-01 1.6470519751e-01 1.2988753237e-01 8.9906390542e-02 -1.2142665176e-01 -2.1208809227e-01 -1.3354737291e-01 6.7786951124e-02 1.8395534209e-01 -1.2652500266e-01 -1.9274705363e-01 1.3803505312e-01 1.4308101840e-01
-2.6011093477e-01 2.2452797181e-01 -2.1577271486e-01 -2.3406500098e-01 -2.6655005160e-01 2.1875410941e-01 2.0425633296e-01 2.3239726183e-01 -2.9364893880e-01 -2.0057026572e-01 2.4790118653e-01 2.0175533520e-01 -2.1000463328e-01 -2.2173363975e-01
2.7116213866e-01 -1.5096410369e-01 1.6296400333e-01 1.9588573177e-01 2.8259622919e-01 -2.1653892303e-01 -1.1667022679e-01 -2.3575077555e-01 3.2738855549e-01 1.3873762930e-01 -2.0378753047e-01 -1.3050338336e-01 1.8135075877e-01 1.7203151758e-01
-1.0375579824e-01 1.9641374954e-01 -1.8618264449e-01 -1.6155168393e-01 -8.0379692553e-02 1.4564194784e-01 2.0874316657e-01 1.2402359092e-01 -4.1813112129e-02 -1.9263052994e-01 1.5661697596e-01 1.9973863459e-01 -1.6802383938e-01 -1.8130487703e-01
-1.7865651811e-01 2.5552121215e-01 -2.2744635920e-01 -2.0492512387e-01 -1.9045428375e-01 1.7978562304e-01 2.8455680223e-01 2.1421814208e-01 -1.8985840563e-01 -2.3702330299e-01 2.0579794870e-01 2.4902594399e-01 -1.9912052600e-01 -2.1755482716e-01
1.1626730977e-01 -1.8531929762e-01 1.7285635259e-01 1.4366263518e-01 1.0197892500e-01 -1.4287133078e-01 -2.2719980910e-01 -1.4470867698e-01 7.3169634983e-02 2.0197809740e-01 -1.3972570525e-01 -2.1859069506e-01 1.6153874236e-01 1.6995652263e-01
2.7270795457e-01 -2.3263610995e-01 2.3543146876e-01 2.5556416167e-01 2.8169605170e-01 -2.4051524231e-01 -2.0204513707e-01 -2.4967089035e-01 3.1338348383e-01 2.1773454893e-01 -2.6651944616e-01 -2.0791389359e-01 2.3604772426e-01 2.3699314401e-01
-2.5224362327e-01 2.2906579818e-01 -2.1771246230e-01 -2.5051174059e-01 -2.6033234561e-01 2.1513160260e-01 1.9925480567e-01 2.0856579986e-01 -2.8691854154e-01 -2.0125034890e-01 2.6935307997e-01 1.8965138319e-01 -2.1281151810e-01 -2.2176785475e-01
7.2873115673e-02 -2.6486491897e-01 2.0983906310e-01 1.6617275524e-01 7.6871700460e-02 -9.3707026950e-02 -3.1250527309e-01 -1.1211987307e-01 7.1652350298e-02 2.3639748986e-01 -1.8845689850e-01 -2.5115169395e-01 1.4784176778e-01 1.8081882275e-01
3.4999638667e-01 -3.7777646715e-01 3.5641899793e-01 3.6689702467e-01 3.6604605751e-01 -3.2621204665e-01 -3.6358109275e-01 -3.5553030980e-01 3.8778092062e-01 3.4733113720e-01 -3.8659842863e-01 -3.5013050947e-01 3.3500133523e-01 3.5461401502e-01
-1.2677594592e-01 2.2789291905e-01 -2.0166463719e-01 -1.7516833003e-01 -1.3102532102e-01 1.5583285155e-01 2.6342591994e-01 1.8310500747e-01 -1.1273828011e-01 -2.2404571063e-01 1.7275496356e-01 2.4431145737e-01 -1.7195409835e-01 -1.9431632930e-01
