-5.3566803396e-01 -4.7902093719e-01 4.2200204647e-01 2.8879256999e-01 -5.0131739081e-01 5.3880365685e-01 -3.3141056797e-01 4.3920217011e-01 2.1970439336e-01 1.0428781529e-01 4.3114130719e-01 -4.4127639604e-01 3.7158323368e-01 -4.1428557630e-01
2.1745603972e-01 2.8569296059e-01 -1.8065508538e-01 2.2509491173e-01 2.2120006264e-01 -2.2487817404e-01 4.8977195806e-01 -2.5332366982e-01 -3.4289941910e-01 -6.1485805779e-01 -2.6005656490e-01 2.8768552223e-01 -3.3939909112e-01 3.0494376029e-01
-4.7510609221e-01 -4.1332539634e-01 3.2577162419e-01 -3.2967294637e-01 -4.0494756712e-01 3.7358678523e-01 -4.8796717379e-01 4.3465047898e-01 2.7308701564e-01 2.9149102145e-01 4.0182339400e-01 -2.6357638413e-01 3.0484853271e-01 -4.1035872532e-01
2.1987283697e-01 3.0433709029e-01 -1.9050919838e-01 -4.0017889923e-02 1.6897391635e-01 -2.5058109998e-01 -1.9175602948e-01 -2.6108814387e-01 -4.6027334721e-01 7.7613733772e-02 -2.0542692321e-01 2.7979929678e-01 -3.1610362576e-01 2.5720431640e-01
4.6517532240e-02 1.5218170910e-01 -2.2566992673e-01 4.0947124074e-01 4.1584917276e-02 -3.0506814574e-01 -3.5409852348e-01 -2.5773383992e-01 -1.3910270536e-01 3.9299194329e-01 -2.5140084970e-01 1.9177504153e-01 -2.7273189729e-01 1.5774024678e-01
-3.0893942340e-01 -2.6595575407e-01 2.6817901521e-01 -3.9618825502e-01 -3.2377257584e-01 1.6309116012e-01 -3.3919563236e-01 5.8007505661e-02 2.2278024104e-01 3.8768819578e-01 2.7508453666e-01 -2.8742556369e-01 2.3628253164e-01 -2.1472871284e-01
4.1213942034e-01 1.3246987038e-01 -2.3597265907e-01 1.0373290793e-01 3.5506497493e-01 -1.6593849405e-01 2.7437079750e-01 -2.0789246382e-01 -1.5734916162e-01 -1.6020992271e-01 -3.2754234329e-01 2.1584973167e-01 -1.8685569517e-01 2.0698252647e-01
6.9978877576e-02 2.3186219752e-01 -1.8912492555e-01 1.9450653996e-01 -1.0878324465e-01 -1.1210506876e-01 1.7828072666e-01 -3.0368851052e-01 -1.4082628874e-01 -3.2590820189e-01 -7.2488620699e-02 1.6360799872e-01 -6.4312874178e-02 1.1453961452e-01
2.8395452342e-02 -8.8957001557e-02 2.0894902250e-01 -2.5223782036e-01 4.7830563696e-02 2.1108632147e-01 5.6092013168e-02 2.1388202989e-01 1.6873524955e-01 -6.5863767382e-02 -4.8509942529e-02 -2.2566492495e-01 1.2703715823e-01 -7.5010183372e-02
3.2728213577e-01 2.7179489765e-01 -2.0141053159e-01 2.8267387710e-01 2.2520552439e-01 -3.4948581794e-01 4.0292584839e-01 -3.0304074239e-01 -1.3926147955e-01 -1.5414894715e-01 -2.2648666324e-01 1.5464224188e-01 -9.8963046618e-02 2.2191898415e-01
4.7143994572e-01 4.1478931772e-01 -4.3277979349e-01 2.7230212932e-01 4.5914698196e-01 -2.9468210330e-01 2.4639962786e-01 -3.8458872370e-01 -4.8381630633e-01 -4.4088328618e-01 -3.3707198956e-01 4.2209428863e-01 -4.4450281666e-01 4.9553267382e-01
1.5432499933e-01 1.5670396942e-01 -3.6850483452e-01 2.5212906674e-01 -1.2294004264e-01 -1.8769518190e-01 2.3924948463e-01 -1.5889276500e-01 -3.2074591249e-01 -4.0191454112e-01 -7.5652003971e-02 2.9379991602e-01 -2.5209776809e-01 1.7043865746e-01
2.7348376015e-01 2.7100023014e-01 -3.0389049859e-01 1.7175974845e-01 2.7903529269e-01 -2.5878165552e-01 -1.3519789148e-01 -3.4912651827e-01 -1.1946521014e-01 2.4731264302e-02 -1.7989217598e-01 2.8794034010e-01 -2.3802781820e-01 2.4608876245e-01
-2.3334852498e-01 -2.5006381547e-01 3.1284386987e-01 -1.7129327692e-01 -1.8617564094e-01 4.3237070232e-01 -2.9304522516e-01 3.3064720030e-01 3.7160765001e-01 3.6026045969e-01 3.0325626842e-01 -2.7152311469e-01 4.3424717646e-01 -3.2886424713e-01
