-1.8713646756e-01 -4.1648348134e-01 1.9434583008e-01 -4.5547396012e-01 -6.7090680834e-01 -2.5611702744e-01 -2.3255347910e-01 9.7569799613e-03 -2.9559347537e-01 -1.8948967286e-01 -2.0734306379e-01 8.2115756233e-04 9.6569465481e-02 -5.1344010586e-01 -6.4142251216e-01 7.9995596727e-02 -9.3270449631e-03 7.2344883613e-02 1.1680229398e-01 -7.4354021736e-02
3.1470465974e-01 2.4006364052e-01 -2.8458629432e-01 2.0344667189e-01 -1.9228937438e-01 -2.6733093857e-01 9.3554140243e-02 -1.8544301323e-02 1.2641112774e-01 1.4858059348e-01 -2.5423256788e-01 1.8118193205e-01 7.9130757460e-02 1.8549085790e-02 -2.2980332527e-01 1.6728398478e-01 2.1129971311e-01 5.0968509332e-01 5.1633155198e-02 9.0861656961e-02
-6.0675038556e-01 -2.2358037665e-01 4.7393894391e-01 -2.2823611715e-01 8.7700010402e-02 7.0940573096e-02 -5.1659320285e-03 -1.0840637417e-01 -4.9502703632e-01 1.6019815281e-02 -1.8183253790e-01 -6.5065692244e-02 -1.7563880925e-01 -1.8796972221e-01 -4.7932426775e-01 8.9681456796e-02 -4.5602061888e-01 1.6807814432e-01 -3.6201677069e-01 -3.8164707047e-01
-1.8484318906e-02 2.2431867053e-01 4.7358659564e-01 -5.5042793658e-01 -8.4934031526e-02 -1.0000190388e-01 2.0521773724e-01 -1.6001945176e-01 -1.5231708854e-01 4.2045399965e-01 2.1353099803e-01 3.5771586998e-01 5.2619575612e-01 5.0850272637e-02 1.5242925868e-01 2.1531340008e-01 7.2612062923e-02 -2.3066334250e-01 4.0858424294e-02 -1.2225346106e-01
8.4091825013e-02 1.0675973782e-01 -1.4845842697e-01 7.7666065807e-02 -1.0976224122e-01 1.3953803718e-01 -1.9044029119e-01 3.4948979628e-01 -3.4507044714e-01 -3.2923111703e-01 5.9214726957e-02 1.4430292555e-01 6.4293886401e-03 -4.8078936272e-01 -2.4873805859e-01 -2.7890952140e-01 -5.3550980965e-02 -1.3725820220e-01 -3.7110913618e-01 1.1516746708e-01
-2.0541827775e-01 2.1089774645e-01 8.5194430484e-02 2.3246278459e-01 2.4195926935e-01 -1.9060159688e-01 -2.9284234058e-01 1.1135122191e-01 5.8744515787e-02 2.0667835197e-01 -1.1183673040e-01 -2.4878662599e-01 3.7707710066e-01 -3.4669637652e-01 -4.6912554932e-03 -3.5284412551e-03 7.2408724189e-02 1.2436182844e-02 -2.8634314118e-02 -2.7838106796e-01
-5.2835957828e-02 -1.2227652161e-01 2.1122007440e-01 -4.4823436155e-02 -3.4862153400e-01 3.2907159092e-01 -1.4188926351e-01 1.5165466206e-01 -6.7437861486e-02 5.1367484716e-01 2.4542580624e-01 6.4356837872e-01 -2.0488695941e-01 -1.1856266292e-02 -9.3456990875e-02 -2.7260528163e-01 9.8243148790e-02 -4.0134610680e-01 -1.6478693906e-01 3.1451164199e-01
-2.1889505784e-01 7.7240308127e-02 2.0182052861e-01 -1.7573215697e-01 -7.9891812827e-02 7.6726490352e-02 3.1870155985e-01 -1.7109881819e-01 -8.7715016488e-02 -4.1563220409e-01 2.0651795324e-01 3.2143815922e-01 2.0436270853e-02 7.1060992526e-02 -3.1894377050e-02 -6.0988735810e-02 1.6190879082e-01 -2.1300209976e-01 1.8754340446e-01 -4.3182379507e-01
2.7852119592e-01 8.6746443520e-02 -5.4584344536e-01 3.2494933820e-01 3.8014882586e-01 4.5895142602e-01 -8.1286104177e-02 3.3265587231e-02 3.9004455766e-02 1.5043637266e-01 8.9450949414e-02 8.3586410429e-03 -1.9870730124e-01 2.9574169118e-01 1.9727841371e-01 -1.7290368484e-01 2.3236356832e-01 2.7196731664e-01 4.4698684336e-02 -1.3213942169e-01
-4.7118945892e-03 -1.9035522211e-01 -2.5595316446e-01 -1.5952005280e-01 3.7833746071e-01 1.0014458392e-01 1.5459744181e-01 -8.9549201542e-02 2.2039376180e-01 3.0316883878e-01 -1.4566882590e-01 -1.7970589355e-01 1.1259903916e-01 -2.2278736917e-01 1.4460256057e-01 -2.2984767680e-01 1.8961689211e-02 2.4538224014e-01 2.0966511649e-01 -3.4227903865e-01
3.7557993673e-01 2.3275135165e-01 -1.4567879443e-01 2.7862250336e-01 2.9931994351e-01 2.6703338737e-02 1.8845072662e-01 2.2797932448e-01 3.8243025370e-01 4.1175297491e-02 3.6671361066e-01 -6.0339155158e-02 -1.8962950504e-01 4.5136642591e-01 -1.4714423170e-01 4.7442265216e-02 3.4238260681e-01 -1.1870493771e-01 5.3532319101e-01 3.1275808769e-01
-3.3901951379e-02 -6.1843917300e-02 3.7658601474e-01 -1.3036905380e-01 7.3926473838e-02 -1.9465030804e-01 1.5429823923e-01 2.3684549426e-01 1.0055966543e-01 -1.1329243442e-01 -5.5409004574e-01 2.3912792182e-02 4.7163297092e-02 5.2841035964e-01 -6.5188807009e-01 4.0134566138e-01 -4.1452517952e-01 1.3983382506e-01 -4.1456567714e-01 -2.8407937777e-01
2.6031489840e-01 -3.0206972512e-01 1.3858197188e-01 -5.1735694331e-01 -4.0119663720e-01 -3.3967365499e-01 -8.3000893052e-03 -4.1309092577e-01 4.5834394082e-01 -1.5051662853e-01 -7.3967886162e-01 2.5859035513e-02 4.4147310132e-02 -9.3809161761e-01 -5.5138881271e-01 7.9251525275e-02 -3.2160719012e-01 -7.3442887644e-02 -6.6086896947e-01 -1.0703953531e-01
-8.2314520291e-02 -5.9462844886e-01 -1.0196329118e-01 -1.2080850741e-01 -5.0055144007e-02 4.8912785022e-03 1.6917701475e-01 -4.1136585295e-01 -5.0737083241e-01 -1.6831634228e-03 3.9916317887e-02 9.3325695689e-02 -2.7607072363e-01 1.2333043943e-01 -1.9566426993e-01 -8.4976389828e-02 -9.1350185260e-02 3.2920628437e-01 -4.0354308243e-03 1.4395612151e-01
-3.0329376459e-01 1.0140440715e-02 -7.2974914086e-02 8.0852199963e-02 2.3890057626e-01 2.0939012615e-01 1.0881775118e-01 1.6320675972e-01 -3.0252753928e-02 8.0330459665e-02 1.2124506858e-01 -1.2315149417e-01 3.0756017141e-01 7.2342640536e-01 4.4655975014e-01 -8.2443770566e-02 5.1617306694e-01 -9.5707052522e-02 7.6113653881e-01 -2.3163469778e-01
6.8471175750e-02 1.1254296691e-01 3.5487174166e-02 4.6362388832e-01 -5.2264931501e-02 5.8370511143e-01 2.2318049411e-01 2.5443527335e-02 9.8228597555e-02 -1.3592957073e-01 5.2995064277e-01 -2.6208373259e-01 -8.6380035097e-02 1.2006543636e-01 2.6375375628e-01 -4.6905921141e-02 -2.0314958264e-01 -4.6504957431e-02 2.7714553584e-01 -2.5544479748e-01
2.7279642274e-01 3.4103369021e-02 4.2067694075e-01 3.5722222905e-01 2.5828044558e-01 -5.3186803621e-02 -8.4585419020e-02 -1.5487707405e-01 3.3656957988e-01 5.2186636155e-02 1.4561264686e-01 2.1262495180e-01 -2.0002025873e-01 6.0737657987e-02 2.9818657774e-01 4.3875591119e-02 2.8466096697e-01 -3.4646657153e-01 2.1446065187e-01 1.2200437932e-01
1.8224435704e-01 3.2184513501e-03 1.0663126992e-01 2.5200350533e-01 3.4795221724e-01 2.3653101291e-01 -2.4931150100e-02 -2.1551587473e-01 -2.7211479068e-01 1.0698258945e-01 1.8302175814e-01 -2.3473570323e-01 -1.9588906946e-01 2.6650121683e-01 2.9610741904e-01 3.7348696408e-01 2.6805850646e-02 2.9368054142e-01 8.0472558606e-02 -1.6873838032e-01
1.7173954257e-01 -2.7134081033e-01 4.1268117688e-01 -6.0504209634e-01 -9.5851706796e-01 -8.4260701056e-01 4.0384664929e-01 4.0204685367e-02 6.4941658389e-02 1.8429710416e-01 -4.4574413558e-01 4.4461741548e-02 1.2273555091e-01 7.6822515089e-02 -3.7509844063e-01 8.5287966163e-02 -4.7239660917e-01 -1.1010062953e+00 -4.3739323109e-01 -9.8147515923e-01
2.9077686195e-02 -4.1230971263e-01 -1.4264398147e-01 2.8536857561e-01 7.5702785468e-02 -2.7718466026e-01 7.9453621691e-02 1.8247307390e-01 4.8229736526e-01 2.2077375271e-01 1.4669300507e-02 -4.5404937934e-02 2.0967276394e-01 -2.3399311859e-01 3.5177111004e-01 6.4754440116e-02 -3.0872136590e-02 -3.0050049685e-03 3.2295438731e-01 -1.8881239487e-01
