2.6889921609e-01 3.1402858502e-01 -2.2333261512e-01 3.7183229732e-02 -7.2005480045e-01 -6.2426315628e-01 7.2077304408e-01 -2.0995190624e-01 -4.7057660583e-01 -5.1932560925e-01 -2.9531942461e-01 -6.7439526946e-01 -2.7604260223e-01 -3.2549115020e-01 -2.2672714827e-01 -5.8692504433e-01 2.9793080488e-01 -3.5709230150e-01 -3.9168103048e-01 3.5650724926e-01
-6.1667034210e-02 2.1173067098e-01 -1.8076734569e-01 -4.9556060454e-03 3.1745289793e-01 -2.5407086923e-01 3.0469816262e-01 -1.5863238248e-02 -1.8443676555e-01 4.8071936959e-01 5.1450099347e-01 6.1973912475e-02 8.2340405901e-02 -2.1077133832e-01 5.1595455622e-02 -3.5356976629e-01 -1.0434700978e-02 1.7942853690e-01 2.8466076034e-01 -5.5848250913e-01
4.5993683849e-01 -2.0515244365e-01 -1.8342864938e-01 3.3222873805e-01 -3.5137425132e-01 1.1510871319e-01 8.9877155360e-02 -7.7097611529e-01 -5.6880861916e-02 -6.5557611029e-02 -3.6437752625e-01 1.4443736110e-02 1.8013409497e-01 1.1374944019e-01 1.6416245637e-01 -3.8550887409e-01 1.8598008230e-01 -8.5231104117e-02 8.0917913473e-04 4.0820795708e-01
1.8813724918e-01 -5.9321977983e-01 1.7442880811e-01 1.1808854521e-01 8.4777510777e-02 6.3812241478e-02 1.5345932742e-01 6.5408491959e-03 -2.2649847110e-01 -8.6497153769e-02 -1.3158222577e-01 -4.1046373260e-02 1.8314676642e-01 -1.8121472776e-01 -3.6645633475e-01 2.7855945849e-01 -3.7232938452e-01 -2.1179408816e-01 -3.4147133760e-02 -8.9890534597e-02
5.6279231253e-01 -2.3742511709e-01 1.7037785500e-01 -6.4056404227e-02 -4.1125172055e-01 -4.0936849205e-01 4.1308375036e-01 -2.1666938198e-01 -2.2866813095e-01 6.5717581615e-02 3.2281775742e-01 1.1452489721e-01 7.9646899907e-02 -2.6968580231e-01 1.0556745252e-01 -5.8194373654e-01 6.5311643897e-02 -7.0929004883e-02 -3.0991414597e-01 4.5178695655e-02
1.7547520655e-02 -6.3726009412e-01 -3.3923880852e-01 3.4393805944e-01 -3.3317231476e-01 -4.1734690912e-01 7.2050435380e-01 -1.6196548635e+00 -8.0248312043e-02 -2.9201695444e-01 -2.2076084610e-02 -5.6162691071e-02 -4.5950265445e-01 -3.5659457333e-01 -2.4073535984e-01 -2.8916124313e-01 3.1831912929e-02 -5.1540624135e-01 5.3563644477e-02 1.9831115152e-01
-1.1113599763e-01 1.7749439421e-01 -7.7504879116e-02 1.9146950071e-01 -1.5406296545e-01 2.8387903343e-01 2.9078195810e-02 1.1141380906e+00 -5.0545625458e-05 -2.0812419865e-02 2.3106972853e-01 -1.2168543014e-01 6.6967317329e-02 7.5905218739e-01 3.3159084008e-01 -3.4379863207e-01 -3.7612994984e-01 8.1503929775e-02 6.6998781484e-02 2.5731156113e-01
6.3023804286e-02 2.0447765350e-01 3.1946006720e-01 -2.6161659056e-01 -7.5275682365e-02 1.4786439728e-02 -3.1792387050e-01 4.4546201179e-01 2.1587533928e-01 1.1890409339e-01 4.9977012290e-01 -2.2766838048e-01 2.9964838626e-01 3.1757673997e-01 1.7985074125e-01 -4.8267975463e-01 1.3796024885e-01 4.8706833480e-01 -1.0684796486e-01 -4.5321966130e-02
1.7859416830e-01 -5.5293006443e-02 -2.4739075630e-01 -1.3639227047e-01 2.0912566228e-01 -1.0413394652e+00 -1.1449659801e-01 -3.8358198892e-01 -2.8804745338e-01 -2.0214162746e-01 6.1169254650e-02 5.0273572365e-02 -1.0607151026e-01 -5.0072850571e-01 -4.0992677326e-01 -2.6816301482e-01 -1.8500338918e-01 3.4637918964e-02 -1.1554843498e-01 1.4757299934e-01
2.6799141706e-01 9.6156935566e-02 -2.6874995186e-01 -3.6200954810e-01 -6.3547238521e-01 -3.9680857390e-01 2.5081879067e-01 6.2038555496e-01 -3.3774501755e-01 -7.2267264087e-01 2.8723199285e-01 -4.2213011085e-01 1.2701220994e-01 4.1781226769e-02 5.6446256367e-01 -1.5225370565e+00 -1.4729508396e-01 -7.7608405699e-01 -2.3067505849e-01 1.6671944842e-01
1.3411902503e-01 -2.5727071860e-01 -1.0401003874e-01 2.4915903483e-01 -3.3214203511e-01 4.9991187100e-01 5.3834831184e-01 -1.0053394098e-01 1.6001302114e-01 -2.4577804797e-01 1.0904469392e-01 -2.7072148181e-02 7.0532032959e-01 3.9136525757e-01 -1.5642092904e-01 2.7484014226e-01 1.1354624209e-01 -1.8075620931e-01 -1.0177487559e-01 2.0155397590e-01
5.2235150785e-02 5.8185000285e-01 -4.3277156107e-03 -1.1105132092e-01 1.8305761544e-01 4.7137777025e-02 -1.3587164191e-01 8.5313282149e-01 -2.2527615369e-02 4.9803958020e-01 2.4124519476e-01 1.5923233758e-01 3.3116081564e-01 1.4709781293e-02 7.0636616803e-01 -3.7009832916e-01 -9.2018724234e-02 -1.1065719384e-01 7.4747581724e-02 6.9568603761e-02
1.2852393480e-02 3.3710139401e-01 -8.3513839587e-02 -3.0849364553e-02 4.2089971689e-02 1.3834134576e-01 3.8599932978e-01 4.6671184567e-01 1.4472563293e-01 4.2372905312e-01 -2.7296980858e-02 4.1196611788e-01 -6.8402930549e-02 7.7715972292e-03 -1.3147487773e-01 2.2589039038e-01 1.8504387377e-01 -1.3146896523e-02 3.4876570562e-01 7.7271122148e-02
-9.6426075039e-03 -1.5509064051e-01 -6.3817720081e-02 4.4443613334e-01 1.9966516288e-02 3.5274411861e-03 5.2724687150e-01 -3.5592883707e-01 -2.2991972596e-01 1.7882672148e-01 -2.4987983415e-01 -2.3426040372e-02 -1.5349662071e-01 -4.7275343932e-01 9.8476913161e-02 7.5133307418e-01 -4.0069258091e-01 -3.5440126630e-01 1.4901123678e-01 1.5318061551e-01
-1.3818749570e-01 -5.8479437204e-01 7.2294001038e-03 2.5771646824e-01 2.4064605387e-01 1.0082113084e-01 2.3769866026e-01 2.6426627437e-02 -8.8495051611e-02 1.4233428910e-02 2.0038782042e-01 -2.3104882004e-01 1.1887630024e-01 -1.8994465800e-02 -2.9809666545e-02 6.6531735983e-01 -6.4768702846e-02 -3.0411006258e-02 1.0585145124e-01 3.3683609142e-01
-2.8465976392e-01 3.6243011558e-01 3.9698262079e-01 4.4775863582e-02 -1.8442700366e-01 5.3131815592e-02 -8.8413833234e-02 7.2169704493e-01 2.7472201192e-01 -4.4089828221e-02 1.2421920967e-01 2.6115277510e-01 -4.0050724568e-01 3.2136657669e-01 1.4534338929e-01 3.0045077083e-01 -2.0593112496e-01 1.9658235267e-01 -1.9977423294e-01 -3.5902223861e-01
6.7732559174e-01 2.8595328089e-01 -4.1825675410e-02 -3.5133891515e-01 -4.1995564228e-01 8.1556573971e-02 1.0701742268e-01 1.7835705905e-01 -2.5778548121e-01 -1.2359508656e-01 2.9313871590e-01 -4.0329366500e-01 -1.9753723235e-02 -2.5585596639e-01 -1.3597704903e-01 -8.0380792499e-01 9.0723811928e-02 -2.1691225365e-01 -1.8370789324e-01 -1.4468977131e-01
-4.3957498492e-01 1.2865601514e-01 1.3045179304e-02 -1.4125077794e-01 2.1283589372e-01 1.1035590058e-01 1.9476870896e-03 -2.6639893486e-01 2.4303103246e-01 -1.5921958769e-02 3.0973070230e-01 1.7592882397e-01 1.3474570195e-01 1.7685120880e-01 -9.7174353252e-02 3.2118756515e-01 4.1979048141e-01 3.3245378531e-01 2.8351574371e-01 -1.3742509596e-01
-1.8888983025e-01 -5.8088850581e-01 1.2379325029e-01 9.3571716031e-03 4.8867513263e-01 -2.7936005077e-01 1.2845264331e-01 -4.4559659246e-01 3.4190748334e-02 7.2560813066e-02 5.9215454524e-02 7.0667037184e-02 -1.2926822005e-01 5.3541498661e-01 -2.2513430120e-01 5.6416265932e-01 3.1256198538e-01 -1.5063694431e-01 1.6257640151e-01 4.0663645357e-01
4.2418321882e-01 -9.1641599504e-02 2.0302593110e-01 -1.6524190082e-01 -6.5190546296e-01 4.7184412483e-01 -9.5794924752e-02 6.9882830185e-02 1.9316709660e-01 -2.1695602593e-01 2.8643715220e-02 -8.3806882281e-03 3.9199222439e-01 3.5045375912e-01 4.7470658228e-01 -2.0597587776e-01 -1.8719098599e-03 6.4247373686e-01 -6.4105559661e-04 -5.8979885249e-02
