4.8623536837e-01 -5.9035653392e-03 3.1455802938e-01 3.5991262901e-01 -1.2063656246e-01 4.2950720835e-01 3.3229847400e-01 4.8050228324e-01 4.2420642817e-01 2.8069862897e-01 2.9282377709e-01 -1.0719566067e-01 6.0891230385e-03 -2.7698680442e-01 5.8247716787e-01 3.5491935536e-01 3.2857136137e-01 -3.6525569056e-01 2.3223650467e-02
5.1332204530e-02 6.3271427458e-03 3.5471232416e-02 3.6832165861e-02 3.4841618853e-02 6.6076741328e-02 2.5131731673e-03 2.9344385260e-02 9.2708840851e-02 1.3867643887e-02 -5.8897487223e-02 8.0663139679e-02 -3.0999143827e-02 5.1144033271e-02 -1.0785729882e-01 6.1028208246e-02 -1.6754590582e-02 -1.8132025055e-02 1.3915928712e-01
-2.2103744799e-01 -1.0173382598e-01 -2.3571541845e-01 -3.8325781279e-02 1.4212644159e-02 -2.1963082653e-01 3.3649739406e-01 2.4134335100e-01 -2.2472977385e-01 -1.7507479035e-01 -2.6187957551e-01 -8.9887588839e-02 7.1583510727e-02 3.3073603733e-01 2.3852549981e-01 -9.8895938762e-02 -9.8443770103e-02 1.9326911625e-01 2.2753632703e-02
-2.1389650738e-02 7.1578004915e-02 -4.0269192076e-02 3.5858613506e-03 3.6642608509e-02 -1.7790343414e-02 1.7383176330e-01 1.1823206131e-01 2.4442166381e-02 -8.3929245508e-02 -1.0352003358e-01 7.6456125213e-02 -6.4628585798e-02 1.3465562487e-01 2.3873576246e-01 -5.2175919642e-02 -1.4801091160e-02 7.6300137299e-02 -8.1170951808e-02
-3.2991776594e-02 1.9597047416e-02 -8.9591680086e-02 1.0820946331e-01 -7.3316859738e-03 6.3936152637e-02 1.8003177784e-01 1.2503371580e-01 -4.4414166924e-02 -6.0123120611e-02 1.4442978111e-01 -1.3343886145e-01 -8.0832663851e-02 1.6643390312e-01 1.3601859653e-01 1.1671100353e-01 -1.9509875474e-02 6.6993967115e-02 -2.7637705426e-02
-9.9067623932e-03 4.6204429874e-02 -2.1136104135e-02 1.9841796687e-01 -6.9791975177e-02 2.7129058744e-02 2.7328858226e-01 2.1859358176e-01 -6.8189752695e-02 -6.5713032647e-02 -1.3795925626e-02 -3.4743258316e-02 1.0559664051e-02 1.6762201818e-01 3.3176494392e-01 -3.3553655769e-02 -3.9307633554e-02 2.3154813161e-02 5.2009177646e-02
3.9311261774e-01 -6.6728136650e-02 3.9832319364e-01 2.5955031515e-01 2.9164334938e-02 3.6620848638e-01 1.6480927695e-01 3.2195202850e-01 2.7468065477e-01 2.1227196477e-01 3.1793568520e-01 7.4446348759e-02 -3.1383957418e-02 -1.1758723111e-01 2.5553420364e-01 4.1765657350e-01 3.4507212891e-01 -3.0651006557e-01 7.1246285338e-02
-6.6689609237e-02 -9.4076322303e-03 7.5865996656e-02 1.0497102966e-01 4.2452486205e-03 1.4004859240e-01 2.2411013310e-01 1.4176344268e-01 2.2119189284e-02 7.6464430805e-02 1.3101609138e-02 -1.1974303806e-02 1.9652674153e-02 4.3608974289e-02 2.5446559050e-01 -2.3501033399e-03 -8.2181955815e-03 4.7620852178e-02 1.8350774685e-02
-2.9343542750e-01 5.1533844792e-03 -3.4289014812e-01 7.7720850955e-02 -8.4715588144e-02 -2.4235356977e-01 3.0103002090e-01 2.3963263574e-01 -1.9046381042e-01 -2.1517799838e-01 -1.8460710234e-01 8.7961506776e-02 -1.1609100324e-01 3.6997357080e-01 3.6183653960e-01 -1.4740082280e-01 -3.0046972766e-01 2.4786380565e-01 4.6891112033e-02
7.9041395745e-03 -4.2380623875e-02 1.0818416480e-01 6.4930254845e-02 -8.8838083707e-02 9.4400420253e-02 1.5691109641e-01 6.1614583755e-02 6.5001652025e-02 6.5668477032e-02 1.3001125443e-01 -6.2512310255e-02 3.2999586699e-02 -1.7526683937e-01 2.0770770096e-02 -3.6844794462e-02 4.8758050750e-02 -9.5391654034e-02 2.2004868902e-02
-3.6237667508e-02 -2.3288723648e-02 -4.7085663988e-02 9.1041322444e-02 2.1697065346e-02 1.1907272503e-01 -6.5192627962e-03 5.9442443364e-02 -4.4111923439e-02 -5.6890657954e-02 -8.8946134255e-02 -9.2678198901e-04 4.9718418116e-02 9.9773461808e-02 2.4258067908e-02 8.1961410313e-02 -7.1897337983e-02 6.1629305561e-02 -2.2421391519e-02
1.3488914139e-01 -3.4199335250e-02 3.2736212620e-02 9.2431703678e-02 -2.3978545111e-02 1.0060620873e-01 3.5995383737e-02 1.0076421042e-01 1.2661618302e-01 -8.4125596238e-03 1.3842511677e-01 -1.6580127826e-02 -1.9763871568e-02 8.4866690455e-03 1.7827966354e-01 1.8651176033e-01 1.1013172193e-02 -2.0454025446e-01 -1.1958456258e-02
-1.2149480912e-01 -9.9527413070e-02 -1.4552253220e-01 -8.5947965452e-03 -1.0206847315e-01 -2.4384338618e-01 2.5815245378e-01 1.0244289103e-01 -9.3018401154e-02 -2.8049255129e-02 -1.4198337319e-01 -2.0758970479e-02 -7.4851724354e-03 1.5099751758e-01 1.3111675434e-01 -1.1001810503e-01 -1.6216978555e-01 2.0954090874e-01 1.0220015475e-01
-3.7060403433e-02 5.8659233957e-02 -8.3121712970e-02 -3.5908831147e-02 -3.2458647736e-02 -1.3604400167e-01 2.2240348636e-01 1.1316654025e-01 -1.4325571612e-01 -1.2364689548e-01 -1.1895188407e-01 -2.6587307174e-02 -2.9621699397e-02 2.3844245667e-01 8.2414764794e-02 -1.7276955385e-01 -1.9995047397e-01 6.6453006757e-02 -5.3039928053e-02
1.2333550978e-01 3.5422853629e-02 7.8746924862e-02 8.7189675510e-02 4.6460108788e-02 1.2622843255e-01 1.5987764799e-01 1.0665302614e-01 3.6912356395e-02 8.1112752538e-02 2.1692238956e-02 3.9239322599e-02 -1.0763744389e-01 9.0082506279e-02 1.8432998116e-01 6.6135369961e-02 7.6155127716e-02 -3.8390134274e-02 -2.7214089498e-03
1.9294531416e-01 -1.4876597213e-02 1.5697265369e-01 1.2530146679e-01 1.2837104163e-02 8.9129900508e-02 3.9683742037e-02 1.3243836351e-01 1.1355009794e-01 1.2450765999e-01 5.4645214971e-02 -6.0998503236e-02 -1.7932646602e-02 -4.0174821094e-02 2.0463284764e-01 9.9560842460e-02 8.3436561001e-02 -1.2407342549e-01 4.5709164001e-02
1.4664734841e-01 -7.8274829058e-02 1.5052703455e-01 1.5584125935e-01 9.4406348560e-02 1.5949289773e-01 -6.3594193780e-02 1.6505317554e-01 1.8929667511e-01 1.7068233012e-01 2.0067579972e-01 -1.3691628596e-02 -8.3539041063e-03 -1.7584759910e-01 1.5890593433e-01 2.4663359118e-01 2.5025185052e-01 -3.0538271533e-01 -2.0125285699e-02
1.7671279485e-01 -1.3101835637e-02 7.6349703684e-02 1.0366393689e-01 -2.6028001144e-02 6.9865786255e-02 1.3513631270e-01 2.4923785955e-01 -5.4188495591e-02 -3.4662413346e-03 -4.6831620081e-02 1.5383661053e-02 4.1373774960e-02 1.3013700434e-02 1.8344301464e-01 -1.2672765910e-03 4.6226105452e-02 1.3655672524e-01 -4.6787425099e-02
-1.0148248708e-01 3.8574813266e-02 -1.6728631667e-01 -1.6366354514e-01 -1.6427045698e-02 -6.9382657406e-02 -6.4872870915e-02 4.0105745030e-02 1.7673297680e-02 -1.0665154309e-01 -3.8725422876e-02 -1.0940247026e-03 8.2957640258e-02 1.1471260891e-01 -1.4184280684e-02 1.8387650676e-02 -5.7777026308e-02 5.4076213928e-02 4.4664013140e-02
