8.0503871044e-02 2.4988463349e-02 -1.1321592738e-01 8.5521717958e-02 1.3499346501e-01 1.0161895148e-01 -1.0852886504e-01 1.8126922541e-02 -3.1542133136e-02 4.7562403843e-02 9.0404247071e-02 -8.0751139055e-03 -4.2515919100e-02 -1.8059149941e-02 1.0776956810e-03 1.5090491578e-01 1.5340702545e-02 5.5081076016e-02 1.0164977275e-01
-7.6805176137e-04 -1.3805088775e-02 3.0860064854e-02 5.1414171319e-02 1.5628766345e-01 5.8333423917e-02 -1.3713298288e-01 1.6330684291e-02 4.5087675689e-02 8.7464110519e-02 1.1673760509e-01 9.0093092628e-02 8.1994345466e-02 4.2265544680e-02 2.1800376747e-02 3.2368531693e-02 -4.8134954106e-03 -5.2087582843e-02 1.3464708234e-01
-9.3918370510e-02 -1.7878061360e-03 -3.6455585986e-02 -5.4000793267e-02 2.2637288066e-02 -8.3684424521e-02 -1.5601899063e-02 2.1717450559e-02 5.9648854369e-02 8.1425057904e-02 4.0357404926e-02 3.3738661484e-02 9.3973458738e-02 1.1497973653e-02 1.6654067258e-02 1.1505148574e-01 -5.9287077899e-03 -9.0550970419e-03 -2.9997284570e-03
2.1675444785e-01 -1.6094431709e-01 -1.2480552373e-01 2.3525466614e-01 3.4409368847e-01 1.7349754072e-01 -7.3920723959e-02 -3.7712900551e-02 2.2233147309e-02 -2.6751885719e-01 -1.0345752253e-01 3.8147973388e-01 3.2826096887e-01 -2.8175134743e-02 -1.0024420478e-02 2.0251593719e-01 -1.1763663337e-01 2.0735532437e-01 -8.7142291156e-02
1.6961240122e-01 8.4621622980e-02 -5.7435237748e-02 1.4528513162e-01 2.7138101934e-01 -1.0023876821e-01 -8.1844108357e-02 -9.1606202617e-03 -8.8328603625e-03 -2.3425495829e-01 5.1143945915e-02 3.6092455583e-01 3.2352423481e-01 2.0479505279e-02 -1.5999442827e-01 2.7127448610e-01 -1.0150275848e-01 1.2283294083e-01 -1.4496179552e-01
1.0842982911e-01 -1.1204402858e-01 1.4438315083e-03 1.5152874172e-01 1.5796461007e-01 9.9672020530e-02 -1.7142735609e-02 6.9360426707e-02 -4.7675758211e-02 -7.7171987712e-02 -1.4883810895e-02 2.9049802687e-02 1.3135983128e-01 -3.0468947660e-02 -7.0264558087e-02 8.4761350068e-02 -4.6576346965e-03 3.7427599832e-02 -3.5409798822e-02
2.2529136357e-01 1.6421017992e-02 -2.8145573830e-02 3.0760406404e-02 6.1435327778e-02 6.1923197929e-02 1.8329828241e-02 8.4281047035e-02 3.2076119944e-02 -8.8626622695e-02 1.7744026164e-02 8.4633358805e-02 4.4515686799e-02 -2.2727479334e-02 -6.5449942488e-02 1.7804762265e-02 -6.2952906391e-02 1.2282566778e-01 2.1137161689e-03
7.4504512014e-02 -9.8875827928e-02 -1.1764748952e-01 1.2804708685e-01 1.0890505763e-01 1.9028410571e-02 -1.8976823032e-01 -8.3890395520e-02 -1.1917949135e-01 -4.0867526324e-02 -6.5259773703e-02 1.1177645025e-01 2.4785315059e-02 -1.4058532071e-01 -1.1597345492e-01 1.0355658279e-01 -2.4667726724e-02 1.1269346366e-01 -5.7143027291e-02
2.5335289369e-02 -9.7147099847e-02 -1.8817270672e-02 1.0495667337e-01 9.9708575277e-02 1.2722294902e-01 6.5136271061e-03 6.4093986041e-02 -7.0732214615e-03 2.5778011513e-04 -5.1965970782e-02 1.4025288151e-01 -2.9416107234e-02 6.2418384245e-02 2.3158198401e-03 2.0578516385e-02 9.8104378551e-02 1.0019723819e-01 5.8518554323e-02
6.2008563370e-02 -7.2404033306e-02 -1.3792892848e-01 2.5653465758e-01 2.1379462808e-01 4.3367775060e-02 3.5915666295e-02 -1.2085675133e-01 -1.6116092894e-01 -1.7064692176e-01 -1.0780713216e-01 5.3935470599e-01 2.0872077888e-01 4.9323148657e-02 -1.3142853698e-01 2.4495593704e-01 -2.0090149437e-01 1.7682635692e-01 -2.9440506919e-02
-2.0073373632e-01 1.7708612728e-01 -9.6048761421e-02 -1.6583135872e-01 -9.0529826844e-02 3.1073917502e-01 6.7242024154e-02 -4.3080501959e-02 4.2617120448e-01 2.7290481335e-01 2.7407647732e-01 7.1293527573e-02 6.3610835882e-02 8.7100184811e-03 2.8553081125e-01 -8.0300864634e-02 9.4105324750e-02 -1.6058795920e-01 2.7475633725e-01
-1.0004609395e-01 2.0390153120e-01 -1.5450993900e-01 4.6853513328e-02 -6.6739376393e-02 3.8021129285e-01 -3.4051180983e-02 8.2544751617e-03 2.1494084846e-01 2.5813481407e-01 3.2381447828e-01 1.3910277086e-01 1.0287012561e-01 2.3484058185e-02 1.3134104507e-01 -1.4303829807e-01 9.9701375477e-02 -1.3961324438e-01 2.0816304682e-01
-1.2805389402e-01 2.5991177901e-01 -3.3436965439e-01 -8.8280186632e-02 8.2746603203e-02 2.8244542327e-01 -7.8319859451e-02 -1.6813156469e-02 1.8950774456e-01 1.9377811245e-01 4.1969505102e-01 2.7795161638e-01 8.1730891789e-02 -8.5585263457e-03 1.4730797643e-01 -1.5688086113e-01 2.9925217211e-01 -1.3059526510e-01 3.3486600393e-01
1.4239797320e-01 6.1694678902e-03 -4.1598739076e-03 1.0401283675e-01 -4.5888742189e-02 6.7085643413e-02 -3.8024641809e-02 1.1912260606e-01 -8.4920175866e-02 1.2243444310e-01 2.0857990200e-02 1.9663563148e-01 2.0961047414e-01 -5.4200412173e-02 -1.4118680343e-01 1.4473835444e-01 8.5937442707e-02 1.1573043573e-01 -3.8268199242e-02
6.5578058641e-03 1.8110382302e-01 -1.2073150698e-01 -3.1497255669e-02 -1.7841802773e-01 1.8857629252e-01 7.7357445509e-02 -2.4304969785e-02 8.0098925474e-02 1.1576288406e-02 -3.8060327080e-03 1.8743869238e-01 2.4769157834e-02 -6.0492853846e-03 9.6536834468e-02 -1.0569765143e-01 3.2037891686e-02 -7.5883086545e-02 2.1680914301e-01
-2.1501474522e-02 4.4014727161e-03 -5.7799689672e-03 1.1982159062e-01 -7.4681279447e-02 -2.5460905376e-02 6.5985470071e-02 8.3479267588e-02 1.4532260005e-01 -9.6329414000e-02 1.0761540143e-02 4.2477334292e-02 -6.6391928038e-02 -7.9106709234e-03 -6.6171911085e-02 9.7741240328e-02 -3.1200337446e-02 -3.7953528360e-02 -2.7575138596e-02
1.9704313036e-02 -2.9209703069e-02 2.7040011059e-02 2.4067786726e-02 1.1845384418e-02 -4.4124140333e-02 -9.3627286419e-02 -3.8894995523e-02 6.0265376563e-02 -8.4682305424e-02 2.7782246238e-02 1.7438514543e-02 6.1554802097e-03 6.6224995215e-02 -2.1423677453e-02 -8.4251605248e-02 4.7136263741e-02 -5.9789914023e-02 -2.8726403605e-02
2.8671358414e-01 -2.5943235655e-01 -1.1245415550e-01 2.0301012407e-01 3.2214996776e-01 -3.9125431193e-02 -1.4326135669e-02 -1.0910721779e-01 -8.4909472929e-02 -1.8081556940e-01 -1.2831595217e-01 4.1406635146e-01 3.2890312529e-01 -1.3814431803e-02 -1.9214121690e-01 2.2604098623e-01 -2.0715798357e-01 2.3381475573e-01 6.5021702514e-02
2.8099392557e-03 1.7488526186e-02 -4.6939778332e-02 -1.3986221451e-02 6.2561869148e-02 2.3510484013e-02 5.7605054818e-02 -5.4609135188e-02 1.8941070441e-02 4.9240604842e-03 8.6944753143e-02 1.1921855241e-01 -4.9659409118e-02 4.8094416306e-02 -9.6756162381e-03 -6.2916197493e-02 -8.8246836517e-02 -2.2456717523e-03 6.6839105941e-02
