7.5919264328e-02 -2.2512453565e-01 -1.7257587114e-02 1.0094268475e-01 -4.7311281970e-02 -7.3869872624e-02 -2.2201559595e-02 -1.8423230369e-01 1.3886550407e-01 2.1018407938e-01 6.2771288539e-02 1.7022401993e-01 2.4300312746e-01 -5.8538654120e-02 9.5724850887e-02 -1.0485972857e-01 2.6552712644e-01 -1.6404471874e-02 1.1324476075e-02
-5.6809749542e-02 1.4212077473e-01 2.8043408941e-02 3.6151912094e-02 2.4283411726e-01 1.2164483339e-01 9.8471593098e-02 2.3628793038e-01 1.8094886057e-02 6.6410454577e-02 2.7117776902e-02 5.7595499698e-02 2.7293428358e-02 1.6533495313e-01 5.7110153283e-02 1.7847134404e-02 8.4370268014e-02 1.7148228480e-02 1.1054342368e-01
-1.8629692347e-02 1.5427342806e-01 -3.7115701950e-02 -9.2407800185e-02 1.6783036253e-01 1.3787081008e-01 2.7017985027e-01 3.2170964951e-01 -1.2110289143e-01 -1.7586422780e-01 -1.1358532556e-01 -1.4501451481e-01 -4.6770121853e-02 1.5865688207e-01 9.1299236216e-02 1.5333610223e-01 -6.9973970846e-02 7.0080503587e-03 1.8995630467e-01
-2.2168153778e-02 -1.1142564098e-01 -3.7066635156e-03 1.6320708350e-01 4.3822923769e-02 -4.3795670206e-02 -1.9455749326e-01 -3.0502299159e-02 -7.4712095190e-02 3.4944650136e-02 -5.4481741128e-02 1.7818535086e-01 1.5859765975e-01 1.3533533768e-01 -6.3405571229e-02 -1.9185826301e-01 3.0183165062e-01 -7.1526183187e-02 5.5576854551e-02
-4.5187382406e-02 4.3878011215e-02 4.9727392211e-02 6.0450023429e-02 -3.5733632264e-02 -9.9728605096e-02 -2.3083962669e-02 1.2386538601e-01 -1.5458427210e-02 -1.6733118078e-02 1.2178254128e-02 -3.2082208441e-02 -1.0955050952e-01 9.7939043772e-03 -9.3695808257e-02 5.8636987111e-02 8.7337170798e-02 9.1748817876e-03 -1.6073305662e-02
-1.8787724859e-02 1.7230332341e-02 -7.6473500681e-03 -2.9706590918e-02 6.1383743900e-02 3.5839388744e-04 1.0522859288e-02 6.8042331002e-02 -3.1534006589e-02 -1.6708611491e-02 -6.4802333092e-02 -3.9923223600e-02 6.2518741769e-02 -7.4343304065e-02 -3.9906935313e-03 7.8819441128e-03 2.0802099488e-02 4.2239129698e-02 1.6450163893e-01
1.0798109254e-01 2.6119096638e-01 -4.6764292471e-03 3.0245134844e-01 6.2456797791e-01 4.0233476253e-01 4.7958885836e-01 6.2061291555e-01 3.7628135490e-01 4.2356045113e-02 4.4420214192e-02 -1.6494937828e-01 6.0525415673e-02 5.6842404048e-01 -6.4272103668e-02 4.1232283952e-02 3.9645060200e-01 -8.0083793749e-02 3.4580460021e-01
1.0859646641e-02 -5.2755360834e-02 4.0061625273e-03 3.9900265482e-01 -6.7681966323e-02 2.8969950773e-02 -7.3947582794e-02 1.7078432029e-02 9.6950306375e-02 2.2790408100e-01 8.0341356810e-02 2.0384442043e-01 2.8933281819e-01 -2.7117900305e-02 -1.3622894142e-01 -2.0517511134e-01 2.6900538941e-01 4.8936119011e-02 -4.6569520339e-02
7.6135719103e-02 6.3496143425e-02 3.2609919356e-04 -1.0507408396e-01 -4.0934116048e-03 8.1084916652e-02 6.5131505067e-02 8.7554548905e-02 -7.7313560369e-02 -1.4438556832e-01 -1.9245008151e-03 -1.2587607041e-01 -1.2010273605e-01 4.1469820999e-02 -1.3229763697e-02 4.2366068426e-02 -4.0694775391e-02 9.7052661263e-02 3.8520596441e-02
1.0186053923e-02 1.1407928692e-01 -8.5693863051e-02 -7.4681306281e-02 3.2305223574e-02 1.8841937768e-01 1.5072680622e-01 2.4137687443e-02 -7.2723899787e-02 -2.5914050134e-02 -3.7177832728e-02 -9.8541715036e-02 -5.3983164380e-02 1.3563715035e-01 -3.3869013436e-02 8.4156482075e-02 2.5875268856e-02 -2.4298576909e-02 1.8021186810e-01
4.6028106226e-02 -1.7228079658e-01 -8.5829460270e-02 4.0984956351e-01 1.5929044068e-01 6.4218402971e-02 -3.6382064693e-02 3.1035390387e-02 2.8236974306e-01 1.9639353885e-01 -9.5530792227e-02 2.3192697314e-01 2.4992325403e-01 -3.8272790225e-02 -1.5694661496e-01 -1.6160181312e-01 2.9268430514e-01 1.2711559913e-01 -1.5776817631e-01
-7.3170328469e-02 1.8055857748e-02 1.7583732518e-03 9.4704810352e-02 2.1719833984e-02 9.6206108152e-03 2.5602604486e-02 -2.0034815403e-02 -5.0489564062e-02 -7.1139805406e-05 -6.5185222090e-02 6.5220591564e-02 -6.1752656148e-02 1.2657510673e-01 7.6966321724e-02 3.1602904924e-02 -3.6162842519e-02 -5.6401773206e-02 2.2760297479e-02
-7.8361548924e-02 3.8615648263e-02 -1.0413648543e-01 7.3732631454e-02 1.0878726985e-01 1.4160449483e-02 4.3658120839e-02 1.4155790314e-01 -2.4934428675e-02 4.4748576718e-02 -8.6855757919e-02 7.7964655300e-02 -7.6954768078e-02 4.6116698358e-02 -2.8745593074e-02 -2.4862324658e-02 1.6985583570e-01 -8.7660389501e-02 1.1812656360e-01
-6.5083998698e-02 2.4625711581e-01 3.9539293259e-02 3.7823171121e-02 1.2859666869e-01 5.7581633845e-02 -5.6278041820e-03 9.5092303002e-02 1.3322038658e-03 -5.1338405504e-02 -4.9491164379e-04 -3.4407534549e-02 5.2186175385e-02 1.9659501665e-01 -6.2900807228e-02 1.5870197655e-01 4.1314129263e-02 -1.0275612544e-01 1.2748769576e-01
4.6194692903e-02 -5.5362120543e-02 8.7347833591e-02 3.3902356249e-01 1.9812251894e-02 -5.7056582097e-02 -3.9411580598e-02 3.9564009882e-02 1.1515827518e-01 2.9280202318e-01 4.8304407356e-02 2.4635810749e-01 2.1923296009e-01 -6.6238925335e-02 1.7608491535e-02 -1.5953347698e-01 2.3033729767e-01 6.5156608100e-02 -3.1643405996e-02
-1.0300604999e-01 -2.7984668264e-02 5.9238361291e-02 1.4098360848e-01 2.2661073442e-02 3.0084832386e-02 3.1624354822e-02 1.1145201710e-01 5.2569359781e-02 -2.6530679579e-02 5.1026005089e-02 6.4582573910e-02 7.5072212240e-02 8.2091007531e-02 -4.2499395549e-02 -5.5069542096e-02 1.0844559437e-01 -5.1127042337e-02 -9.1718507446e-02
6.6410874720e-02 7.9463886034e-02 -1.7666640217e-02 1.2528130329e-01 9.1634788789e-02 2.9100753970e-02 3.9883642725e-02 1.1579592676e-01 6.2546593397e-02 8.1515265891e-02 5.7985821936e-02 9.8668373649e-03 5.2609218604e-03 1.7489931882e-01 4.6426326873e-02 -9.4854088090e-03 1.3517402551e-01 -6.4013611296e-02 1.0905415549e-01
6.2864722838e-02 -2.9034513796e-02 -1.1539029748e-01 3.9491381688e-03 -7.4114757126e-02 1.8421017832e-02 -1.0803158632e-03 -2.3311864120e-02 7.6543136857e-02 -4.9629668412e-02 7.7122259773e-02 -6.2951659366e-02 4.6335375776e-02 -1.0804922049e-01 3.7081236485e-03 -7.7894398008e-03 3.6383725560e-02 1.0543001552e-02 -7.3543037079e-03
-1.4407679437e-02 -9.2550786759e-02 -3.0869308028e-02 1.7019147487e-02 -2.1006282612e-02 -6.8132523940e-02 2.5991403604e-03 -1.1162095644e-02 4.3531828176e-02 5.3380661122e-02 -5.8955941207e-02 9.8826920951e-03 1.8935469913e-02 4.3129409083e-02 -1.4409263813e-02 -4.2359179423e-02 9.1212469757e-02 3.9566481538e-02 5.7135110236e-03
