-1.9399317911e-01 2.5887403639e-01 -3.8702561141e-02 -1.4485774859e-01 8.2681946563e-03 -1.4335274509e-01 -3.8740159783e-02 -2.6694013197e-02 2.3440346847e-01 2.6882991049e-02 1.6226023422e-02 3.6163130258e-03 -1.4344047696e-01 1.4629348823e-03 2.2015309989e-01 -1.2734260540e-01 -5.7253772511e-02 1.9934219371e-01 1.9203351227e-01
-6.1891030899e-02 2.0659900122e-01 1.7362883364e-01 -3.2377166012e-02 -3.2708992726e-02 -6.0014808910e-03 7.2960344077e-02 -1.3880490391e-02 1.2709025430e-01 -1.2036706233e-01 -1.9187002572e-02 -2.4088104842e-02 -8.4936207878e-02 6.2120370662e-02 9.6585418053e-02 -1.4087363038e-01 -2.9104948698e-02 1.6678046658e-01 6.9448129430e-02
1.0617174408e-01 -1.0434361750e-01 4.9743626266e-02 -3.3301601218e-02 -6.0091637689e-02 2.9064934532e-02 2.5832817584e-01 2.5128028949e-01 -1.7317631462e-01 -5.5036535233e-03 -3.7179278291e-02 -7.5402940307e-02 1.8764140983e-01 -4.7164956194e-02 -6.8041468978e-03 2.2532597412e-01 2.0400890249e-01 -1.3511834489e-01 -6.8426519520e-02
-4.9693104844e-02 -1.0545873594e-02 6.2388697132e-02 -1.2919790243e-01 -1.2386464052e-02 -9.9841780000e-02 -6.6379563760e-02 -1.0751829973e-01 -5.5465168309e-02 -1.5681661361e-02 5.3379340591e-02 -1.5726047753e-02 1.3778211196e-01 4.0969151611e-02 -1.1139096448e-02 -9.4217348467e-03 4.0690157281e-02 4.5788939382e-02 7.4991755234e-03
-3.2610659790e-02 1.9128912738e-01 9.5676761395e-02 -6.0110790756e-02 9.6575355375e-02 9.3960735218e-02 -1.0439402121e-01 -2.1602890302e-01 1.5645448225e-01 -2.5074208496e-02 -1.2568084936e-01 5.4434123909e-02 -1.1449205686e-01 7.2858262042e-03 3.0266190325e-01 3.0843944689e-02 -1.6714609754e-01 1.6880368733e-01 2.9611668863e-01
9.0006415425e-02 1.3274793547e-02 -8.5048816750e-02 -6.1887535601e-02 4.2398768977e-02 -2.3540172439e-02 1.6945800724e-01 1.2132451137e-01 -2.6679050408e-02 -1.4110955581e-01 -3.6521855717e-02 -2.5793207956e-02 1.0742684156e-02 2.6970160809e-02 -1.4729707550e-02 1.3484620894e-01 8.3400413509e-03 -6.8178312692e-02 -2.4206482311e-02
-1.8837264672e-02 2.9424229584e-01 -1.3569746482e-02 6.2554583190e-04 -4.3358760550e-02 -1.0264334661e-02 -5.3436835693e-02 -4.1880371629e-02 2.7303012834e-01 -5.3095710541e-04 -9.0017162900e-02 5.3957632927e-02 -8.7261415070e-02 -6.4365067154e-03 1.9163702430e-01 -8.2152818594e-02 -3.9198634680e-02 2.7869156127e-01 2.2271796208e-01
3.6256058458e-01 -4.4055739424e-02 -2.4407673472e-02 -1.5701766017e-01 -1.9065170148e-03 -1.4044404539e-02 2.6968180887e-01 3.4118911690e-01 -1.7640631003e-01 -6.3805011668e-02 1.9657590778e-02 -3.2575041106e-02 2.6883736659e-01 -3.1370779101e-02 -1.0055537150e-01 2.3063307828e-01 2.9329626481e-01 2.8764461044e-02 -4.6511802337e-02
-1.3552352304e-01 2.3441174456e-01 9.0652029458e-02 -6.0341316513e-02 -4.9228336735e-02 -6.1774671179e-04 -8.4939700040e-02 -3.2179670704e-02 1.8261826172e-01 3.9221642121e-02 -6.8797708206e-02 3.1631280412e-02 -2.0555518922e-01 -7.6980733631e-02 1.4000467284e-01 -8.1999765451e-02 -3.8533253884e-02 1.9192011765e-01 6.5942625644e-02
7.5164969022e-02 1.6024311606e-01 -7.8845585579e-02 1.6149886536e-02 -5.4654467902e-02 -7.3143558749e-02 1.2119456040e-01 8.2082961950e-02 1.0101158419e-01 -6.0998466720e-02 3.6628235060e-02 -5.8982714976e-02 7.9248435494e-02 -2.5745859136e-02 8.3170256188e-02 9.2021415283e-02 1.5501749655e-01 3.5788973007e-02 1.4786065225e-01
6.7431042185e-02 -4.4305674821e-04 6.3910034677e-03 -2.2474001817e-02 -3.6772725571e-02 3.4174514378e-02 -7.0741659163e-02 9.1855233493e-03 7.1589582936e-02 -9.1078536163e-02 -4.4361036484e-02 1.2769368972e-02 -3.6008048564e-02 -9.6254248324e-02 8.8452653374e-02 -2.9752110868e-02 -4.0660165499e-02 -1.4237593956e-02 7.2873579838e-03
4.9062070032e-02 5.1072436109e-02 -3.1779097792e-02 6.4960282714e-02 -4.6087446784e-02 4.7927394482e-02 1.0035827532e-01 1.9185005779e-02 4.0994216536e-02 2.6951985648e-02 -1.2515496935e-01 -8.2807920186e-02 -7.7754652110e-02 7.3165584124e-02 -1.8251372138e-02 -3.8351194329e-02 -7.6803885577e-02 9.0940377816e-02 -4.1459096880e-02
-1.1057955962e-01 1.6210577256e-01 -4.0543085145e-02 2.9255264004e-03 3.0145027803e-02 -7.8598769409e-02 -2.6583119334e-02 -3.0804107440e-02 9.8511768137e-02 1.3430555780e-01 -8.1611358743e-02 -8.8331182384e-02 -1.7941490155e-02 8.0017994040e-02 1.9603775019e-01 -1.4967719173e-01 -7.0428340993e-02 1.7534465429e-01 2.2738694696e-01
2.9624150523e-03 -6.4880100095e-02 2.7026646442e-02 1.6141600784e-02 -2.4672842721e-04 -1.0932865384e-01 6.9553889138e-02 -1.5988129684e-02 -1.1276252273e-02 -4.6532453299e-02 1.0063126612e-01 2.5011728627e-02 -4.7613577408e-02 -8.9981586926e-02 -3.5209896820e-02 1.7440480857e-03 1.0578699803e-01 8.4940626367e-03 5.3039083809e-02
-4.4996057990e-02 1.9449783953e-02 1.4310813885e-01 -2.5764418021e-02 -1.1330628139e-02 1.9250044366e-02 -8.6664350291e-02 -2.6864752941e-03 7.7435741393e-02 -2.9073215959e-02 -3.4500516468e-02 -1.0451146718e-01 4.0923286725e-02 4.3214135713e-03 9.9371020940e-03 -1.3750920609e-02 5.2742132093e-02 1.3572531610e-02 3.6511673123e-03
1.3233368380e-01 2.2399024364e-02 2.2069567544e-02 1.7149185998e-02 -1.1124775987e-01 1.6337291918e-01 2.3618863386e-01 1.8709195618e-01 -6.2767032438e-02 -1.7343433917e-02 -1.0896727127e-02 1.5865092867e-02 2.4522400118e-01 2.5280977594e-02 -7.7987828324e-02 1.5356837484e-01 1.8052516710e-01 -1.4830264020e-01 -7.1069183753e-02
1.3070258302e-01 -1.9779785253e-01 -3.2295581378e-02 1.4204991969e-02 -6.1055349201e-02 -3.5954383419e-03 3.0773501949e-01 1.5823351459e-01 -1.6303985861e-01 2.3962825666e-02 9.5197272606e-02 2.4419835775e-02 8.3328549042e-02 -1.0780178397e-01 -5.5232678607e-02 1.9299306135e-01 1.5897350395e-01 -2.0809104677e-01 -1.4807187942e-01
2.1465746318e-01 -9.0414193795e-02 -4.2749954205e-02 2.9431440718e-02 -8.1412006580e-02 -2.2029238819e-02 3.5089735076e-01 2.1630283301e-01 -1.2702061826e-01 -8.4603376731e-02 2.8803913675e-02 1.2517442783e-02 3.1698582921e-01 2.8037765684e-04 -7.8289510669e-02 3.0784232602e-01 1.8412266222e-01 -1.8013281199e-01 -1.3906118458e-01
-1.0213258282e-01 2.3023221713e-01 -1.3022279280e-01 -1.2193243203e-01 -3.8575714573e-02 1.1997210398e-01 8.1762480004e-02 1.8533101742e-02 9.9600508265e-02 -1.4642653808e-02 8.8257841905e-02 -3.7382158966e-02 -4.2684533584e-02 -3.6700612393e-02 2.0711022500e-01 -3.7780080587e-03 -8.2022998800e-03 2.2616322896e-01 1.8637473335e-01
