-1.0293235990e-01 4.3021471810e-02 5.6576532713e-02 -2.9544810324e-03 -9.3648008287e-02 -1.1923520851e-01 -2.3453303683e-02 -5.7469543072e-03 1.2693257062e-02 1.3670792300e-01 -2.1153859280e-02 2.4762331167e-02 -2.5643373711e-02 4.0212985882e-02 -4.6265032642e-02 1.8198536767e-02 6.3108101184e-02 -8.8523247602e-02 -1.0427511129e-02
6.4905092984e-03 4.2071850969e-02 -8.2783172404e-02 1.8896267248e-01 4.9366342057e-02 -4.4827105600e-02 -5.5815637055e-02 7.8050830272e-02 3.7049103484e-02 8.7512157684e-03 -2.2826306852e-03 1.8600149441e-02 -1.2876374641e-01 -3.6139254816e-03 3.9187738614e-02 1.5134669513e-01 8.8818335436e-02 1.5798714789e-01 -8.5053973183e-02
-2.8712400306e-02 -7.7138635035e-02 4.5764262299e-02 -3.5615861094e-02 1.2383791368e-01 -7.2262959069e-02 7.8889513191e-02 3.0892223414e-02 -8.6134680712e-03 1.9717971794e-03 -2.7649192711e-02 -3.6589781999e-02 1.1693387810e-01 2.3589888505e-01 -5.3789943113e-02 1.6245316201e-02 3.1744454355e-02 4.8650009188e-02 -6.5416458458e-02
-1.2005122344e-01 -1.4250046441e-01 2.3311242895e-01 1.4593498758e-01 2.9939119459e-01 1.0773761033e-01 9.0817414637e-02 -4.8092294899e-01 -2.7465467534e-02 9.7977601062e-02 -6.8591372557e-02 -2.6061809788e-01 2.1520184006e-01 9.0287335553e-02 -2.1186723244e-01 -1.2656666126e-01 -1.1408026576e-01 -1.5573703687e-01 -4.6738703444e-02
-7.8677600425e-02 -4.3464189412e-01 2.6551364658e-01 2.8813636567e-01 -8.1733293481e-02 4.1943722782e-01 3.4355290780e-01 -1.0999141636e-01 3.6698308777e-01 -6.7979711825e-01 -1.1933319777e-02 -5.3945865050e-01 3.3047877520e-01 3.7988895722e-02 -1.5493951758e-01 -3.3796333491e-01 -3.5792499657e-01 -1.6310256546e-01 7.2192184289e-02
1.3277166347e-01 -1.2651234084e-02 -7.5119245333e-02 -3.7604033672e-02 1.2643170029e-01 8.0834107711e-02 1.2912241132e-02 5.1218459065e-02 -9.1061436949e-02 -3.5491142066e-02 -6.5418622220e-02 2.4776788038e-02 -1.9973571584e-03 4.8547555400e-02 8.0222001525e-02 5.6221099142e-02 3.0112535994e-02 1.1559855198e-01 8.7619860398e-03
4.8305196407e-02 6.8661942375e-03 -8.3334141544e-02 -3.0889273051e-02 -8.5273416726e-02 2.2268183119e-02 1.8025832054e-02 -2.1501176267e-02 3.4146978869e-03 -1.3840696297e-02 5.2383015870e-02 6.8905637507e-02 7.8729098720e-02 4.6934194262e-02 8.4036411388e-02 -2.6743434543e-02 6.7165975067e-02 -5.1096586147e-02 -8.5196944464e-02
2.4965778486e-01 1.6155043740e-02 -1.0600398814e-01 2.1406417607e-01 -1.3883298616e-02 1.5412606035e-01 2.1593868649e-01 -2.7119490093e-01 2.0118274627e-01 9.9588009148e-03 -4.8109091461e-02 6.0620287050e-02 -1.2274230486e-01 3.0923828298e-02 2.0069189755e-01 3.9446067983e-02 2.1789493216e-01 1.6981162307e-01 -1.1160824640e-01
2.4811772973e-01 -3.3513546028e-01 -2.3393948103e-01 6.3800202303e-02 -4.2234244639e-02 -1.0076666712e-01 -6.5062759041e-02 -1.5779487681e-01 -1.0280078561e-01 2.4491489715e-01 -1.2216597338e-01 3.8693053170e-02 -1.5582489955e-01 9.4883759161e-02 -1.4912149028e-01 2.0095422556e-01 1.9265243478e-01 1.8622091345e-01 -5.0141013876e-03
3.1774129841e-02 1.3535453516e-02 -6.4182766584e-03 5.4813906952e-02 3.5529707417e-02 4.3588310951e-02 1.7927308665e-01 8.3687395815e-02 9.9793660209e-02 1.0459380524e-02 6.7759995352e-02 3.7396264916e-02 -1.5839804154e-02 1.6632401596e-01 6.6862164323e-02 1.0801936636e-01 1.1456195254e-01 9.7223854715e-02 -1.2685920645e-01
-3.1208276163e-01 4.2158166405e-02 1.1472494451e-01 1.5653392329e-01 -3.2173339114e-02 -7.4714645935e-02 -1.1432904517e-01 2.2895455448e-01 1.9810475196e-01 -1.0847676730e+00 -3.3445256965e-03 5.5198823402e-02 6.6623705885e-02 2.8710446586e-01 -8.0464385614e-02 9.9455548094e-02 1.3305974082e-01 -8.9862886014e-02 -9.7131098055e-02
-2.6723065152e-02 -9.6573557756e-02 1.6191683236e-01 5.5535961827e-02 -2.6369705898e-02 -1.2914945405e-01 -1.1990488126e-02 5.8979261996e-02 9.2356485290e-02 1.2340010084e-01 -6.0974604170e-02 -3.4047672805e-01 1.7617435150e-01 8.3382081104e-02 -3.3904723041e-02 1.2192378958e-01 2.9775660460e-02 -4.5663923662e-02 2.6104259904e-02
5.4572913592e-02 1.8167208664e-02 8.1278064055e-03 -2.6102806803e-02 7.8312626473e-02 6.9991975174e-02 1.6166436318e-01 1.0326914258e-02 6.3605926702e-02 -1.0580604057e+00 -5.2950621169e-02 1.0976429254e-01 -6.9757831478e-02 -1.0037344070e-01 1.3780734470e-01 8.9991977375e-02 1.1123276627e-01 1.3152293432e-01 -1.3567273274e-01
9.7097020629e-02 -3.6448941204e-02 7.6050942479e-03 4.6033393729e-02 3.9113861601e-01 -2.9446451110e-03 2.6021372030e-01 -6.5432922457e-01 -1.1440839715e-01 1.4103552125e-01 -1.3503836341e-01 -6.6799558410e-02 1.3544390517e-02 2.7443803461e-02 1.0172296206e-01 6.1183390763e-02 1.7537871020e-01 3.9457983500e-02 -5.3076815411e-02
-5.2729098744e-02 -1.8888689565e-02 9.0658033967e-02 6.6503370357e-02 -2.3919686685e-02 7.2308350534e-02 6.1635953568e-02 -9.4381323819e-02 1.8739859499e-01 1.7333252273e-01 -2.2605893065e-03 2.6609445891e-02 6.4574530497e-02 1.3255479626e-01 -8.5392135894e-02 9.3644778639e-02 1.2875698130e-04 3.7696831187e-02 -1.4525723279e-01
-1.0230670698e-01 1.3467219566e-01 3.5700909304e-02 1.5218809519e-01 -1.7895788791e-02 2.3304300391e-02 1.8618733896e-01 3.3043920095e-02 5.8847568838e-02 -5.6239374856e-02 -4.2324506394e-02 1.2951831484e-01 5.7694692282e-03 2.5610424678e-02 7.2795456991e-02 4.2195582215e-02 3.7915001263e-02 1.6549489831e-01 2.5123380767e-02
-7.2277387295e-04 -9.3477010710e-02 1.1364245860e-01 1.3960589712e-01 5.3067022648e-02 -1.4259814684e-02 3.0654011898e-02 -2.7796669842e-02 3.9439339842e-02 1.0172793084e-01 3.3024395762e-02 -8.9758446477e-02 -2.3032963762e-03 1.1625772654e-01 1.4385027902e-03 8.3654000532e-02 -7.9657041302e-02 3.8392051824e-02 3.1523888313e-02
1.9719050620e-01 -1.6737758374e-01 -2.0132509087e-01 2.9490194972e-01 1.5311103095e-01 3.4225896506e-02 2.1893000810e-01 -2.8706822525e-01 -6.3466266569e-02 1.3272310326e-01 -1.1693029333e-01 1.6882760098e-01 -1.9707011973e-01 -1.3001393133e-01 2.2585690432e-01 1.0861360292e-01 2.3087915239e-01 3.7085684664e-01 -2.5079947591e-02
-4.0161101791e-01 -3.3617446672e-02 1.2486650556e-01 -1.5575346804e-02 1.9775670616e-01 -6.1090653376e-02 1.3469962142e-02 2.8447316423e-02 -1.1167965370e-02 -7.4835790071e-01 -4.3692888600e-02 8.3539189552e-02 1.4481657048e-01 -3.8397167680e-02 -8.1806207155e-03 -9.6479222832e-02 -1.2190599351e-01 -2.1858482267e-02 -7.4424213009e-02
