-6.9988851412e-02 1.8538417364e-01 -1.0951923517e-01 2.7124801396e-01 2.5701413887e-01 -4.6539119449e-02 -6.8738922336e-02 -2.9224026182e-01 -1.6261878969e-01 2.0113993529e-01 -9.9386863530e-03 -2.9691781115e-01 2.2155004935e-01 8.3784123241e-02 2.1655634574e-01 1.3777688976e-02 1.2668775199e-02 4.1189939672e-01 2.3987969269e-01
-4.4447461829e-02 1.8016726606e-01 -1.7087557852e-01 3.5458997195e-02 2.5288384415e-02 -2.9011611113e-02 -8.4803557891e-02 -3.4855309068e-02 -9.7114375759e-02 7.5764044639e-04 -9.7879037531e-02 -9.1885603765e-02 6.4607591225e-02 1.8998805715e-02 7.9635727790e-02 3.6342610953e-02 -4.7189775630e-02 3.3413771869e-03 3.9364115183e-02
5.7941520026e-02 -6.4619145995e-02 7.4341838506e-02 7.7034875531e-02 1.0182248231e-02 6.9222307622e-02 -5.1438035847e-02 -7.4614609229e-03 2.4381236800e-02 3.5525031098e-03 1.3403329985e-01 1.3318501725e-01 5.0823642206e-02 7.5902794432e-02 3.9131377363e-02 -1.3498549715e-01 5.5258848198e-03 -1.1381085566e-01 -4.2344554045e-02
1.2852234988e-01 2.5282820121e-02 -3.8073535331e-02 8.6942073915e-02 -2.6285285441e-03 -5.4025892737e-02 -3.8160702480e-02 2.5648814420e-02 2.8322152032e-02 4.7163732200e-02 -5.4991813438e-03 1.4677405156e-02 1.0232435184e-01 -3.0957409974e-02 6.9512610651e-02 -5.9503991386e-02 9.5805570784e-03 4.9602495515e-03 -9.2583389159e-02
5.3122833980e-01 1.0783229231e-01 2.5221746670e-01 4.4483427351e-01 2.7765770707e-01 -3.0313371786e-02 -1.5927296441e-02 3.7646709620e-01 4.8961276994e-01 4.9255214616e-01 4.4604676543e-01 1.7704083647e-01 -3.8260344967e-01 -3.7266976406e-02 -1.0197573037e-01 4.2142234437e-02 1.5075873145e-02 2.0180618921e-01 3.9712124812e-02
1.0851388254e-01 4.2874470389e-03 7.6808710218e-02 1.1069598429e-01 1.2741115406e-01 -3.6603346843e-02 -1.7247231961e-02 7.2176123145e-02 3.5769890587e-02 7.1232682130e-02 1.5902512593e-01 -1.1289039163e-02 1.5123414642e-01 4.1515533427e-02 4.3136696304e-02 1.5227238652e-01 -3.5646517451e-03 1.1168329320e-01 6.8331571314e-02
1.6535215754e-01 5.2887704473e-02 -3.5335278806e-03 1.4747344119e-01 1.3483592580e-01 -4.5898718749e-02 1.7439731358e-03 5.3017470601e-02 -1.5124446134e-02 7.3527378361e-02 1.5497835162e-01 -6.0328970032e-02 1.3840859150e-01 -6.2203841663e-02 9.6464595189e-02 4.0604650646e-02 1.4477453527e-02 2.6384727566e-02 2.7324018641e-02
-1.2983881890e-01 -9.6619266986e-02 -1.1356296189e-01 -5.8074051472e-02 -5.6809193614e-02 5.0930315755e-02 -2.2469375616e-02 6.3280206244e-02 -1.6323136526e-01 -7.3102747983e-02 -8.6922097756e-02 -2.2700485573e-02 2.4661047234e-02 -4.9950499304e-02 -1.0805123759e-02 -4.4427480212e-02 -1.1385591133e-01 -2.7078051117e-01 -3.6975703881e-02
4.1212504861e-01 -2.3652556299e-02 2.8105473548e-01 4.0526863460e-01 2.4396817059e-01 1.0167815330e-01 2.0407986968e-02 8.0512924952e-02 4.2277292853e-01 4.0052135123e-01 2.3619063848e-01 2.2406951254e-01 -1.7048549442e-01 2.8565561237e-02 -1.2220408460e-01 -1.9594230355e-02 -2.4344610287e-02 4.3253838234e-01 -5.7137752604e-01
-2.9235394598e-01 -1.0287704187e-01 -1.4532771941e-01 -1.9994586663e-01 -2.2719163823e-01 1.4364086935e-03 1.0291866965e-02 -1.7268768818e-01 -2.5835354799e-01 -1.2166384283e-01 -4.3228712871e-02 -1.6909585128e-01 2.6380625838e-01 5.0068448948e-02 -9.7620298945e-03 7.5354315224e-02 -6.8802899637e-03 -1.4702753548e-01 -1.9321324586e-01
-2.4785086377e-02 9.3518181605e-02 -7.2599431572e-02 -6.6145539127e-02 1.6113224622e-03 3.4823260246e-02 9.6871684949e-02 -2.0639951331e-02 -7.5785790656e-02 -7.3186359111e-02 -5.3148831630e-02 8.3502150759e-02 1.0468644968e-01 -2.0379255565e-02 -2.6471319678e-02 -1.0736452218e-01 1.2126269231e-02 1.2572288899e-01 -1.9414055615e-02
1.3535519911e-01 1.9984529805e-01 -1.5895554816e-01 1.1224119064e-01 1.2237234659e-01 -8.0481178571e-02 6.5160260537e-02 -2.3592337068e-01 -1.4896116885e-01 6.3619080947e-02 -4.4826446481e-02 -1.6049143993e-01 2.0569614601e-01 1.0034618055e-02 1.3665729450e-01 1.2858075482e-02 5.0583374474e-02 2.0726758162e-02 1.4387366057e-01
5.6659674554e-02 -1.6929732491e-01 7.3831682038e-02 7.4758531254e-03 -1.0464989908e-01 -2.5662703443e-02 3.8327384833e-02 8.6077412487e-02 1.8161960569e-01 1.7621263785e-02 2.0153092050e-01 1.7380873590e-01 -9.6991680345e-03 -1.0094408484e-01 5.1035206140e-03 -2.6209660557e-02 3.4580487612e-02 -1.1695337885e-01 1.9293615500e-02
1.4976787569e-02 -1.0069997792e-01 3.8799989900e-02 -2.0245140548e-01 -1.1108496296e-01 4.9720186423e-02 -6.3544274663e-02 1.2093496058e-01 -1.4896071471e-02 -2.5785864927e-02 -1.0162787827e-01 9.0282153353e-02 -3.1565917047e-03 2.9650195171e-02 -3.4846820475e-02 -1.0248775545e-01 8.1880174978e-02 -7.0827606753e-02 -1.5098510404e-01
6.4387485469e-02 6.9506338856e-02 -3.7396321620e-02 1.4722384531e-01 9.4753632811e-02 1.5140467740e-01 4.7256873238e-02 -1.0125257662e-01 5.1461197401e-02 4.3606789589e-02 5.0681698390e-02 -1.0911585509e-01 4.1046529923e-03 -5.0897514515e-02 -3.3850699945e-02 -2.1829721072e-02 1.1967602028e-02 9.3852095226e-02 1.0775811328e-01
-1.2137567860e-01 1.3531662601e-01 -2.1912298715e-01 -5.6111833400e-02 7.5695277130e-02 -9.7655615515e-03 2.3700009083e-02 2.0934274991e-02 -7.3613345144e-02 1.4713481002e-02 -1.3821460082e-01 4.4593732223e-05 1.0118925067e-01 -3.5548895462e-03 -6.1073464403e-02 -7.6534153639e-03 1.2874998014e-02 -8.7615940167e-02 -1.9760917511e-02
-4.8404057270e-02 6.8388859414e-02 -6.7184755399e-02 1.4316041854e-01 1.1612484476e-01 1.0946988849e-02 8.6466244450e-02 3.9177608336e-02 4.1478209144e-03 1.5448660164e-02 4.6277613698e-02 6.8272593129e-02 1.2384423429e-01 -2.1665876076e-02 6.3030727715e-02 9.2035884069e-03 -2.6869230556e-02 5.7032045354e-02 4.7061770815e-02
4.1838660826e-02 1.2810995644e-01 -8.9379483650e-02 9.6960184553e-02 1.5787130178e-02 -7.4340262845e-02 -4.8541267829e-02 -8.5073566136e-02 1.4183463071e-01 9.0372623146e-02 8.7518589768e-02 -7.7562888445e-02 1.2504788688e-01 1.4563493379e-02 9.9195045236e-02 3.9368408697e-02 -7.4284992372e-02 2.4545540194e-03 1.3994390962e-02
-1.4475716587e-02 6.3737990573e-04 1.3502374558e-01 -1.2466731547e-01 1.3352131978e-01 -8.6712341390e-02 -9.4179045048e-02 9.2174858121e-02 2.8067607801e-02 7.0906478033e-02 7.9393475880e-02 -3.0323356143e-02 -4.9235644032e-02 7.3765176507e-02 4.1280549139e-02 -1.4599073146e-02 -1.2329367475e-01 -5.4081908298e-02 5.0765187394e-02
