-6.0553901710e-02 1.1362593294e-02 -5.8155821180e-02 -1.4228176217e-02 -8.1697337918e-02 2.7658118190e-02 -3.4244093047e-02 -4.6873847212e-02 1.3315658092e-03 -6.6403973137e-02 -4.4611253891e-02 -8.7565795643e-02 -5.2033959174e-03 -1.4115507868e-01 2.6984781233e-02 7.1776184672e-02 1.0940265070e-01 4.2943282573e-02 -7.2666244182e-03
9.1706390566e-02 6.2599490424e-02 -1.7329891491e-02 1.3224250195e-01 8.4883334144e-02 8.2299819269e-02 -3.9226083060e-02 2.7748394570e-02 -3.4313114690e-02 1.6445854776e-01 2.0896509429e-02 -1.6265833272e-01 6.8579341706e-02 7.4463062346e-02 1.2881168923e-01 3.3925329370e-02 8.7715313982e-02 4.8422755793e-02 -1.9168859629e-03
1.8125896120e-01 -3.9426997996e-02 -2.7142548869e-02 -8.4605337427e-02 1.6091465997e-01 -7.9968905977e-02 1.4019947162e-01 3.2109472845e-02 4.9704200375e-02 2.0560948416e-01 -2.7333925241e-02 9.6466820757e-02 1.4831097848e-02 1.8000244450e-01 7.5983533678e-02 1.0489358218e-01 5.8556932618e-02 2.4536573625e-02 5.5849249117e-02
7.0897160208e-02 2.0704717490e-01 5.9245185603e-02 -5.3870018878e-02 1.6410022289e-01 -1.5237669355e-02 1.8756070882e-01 -1.4814986117e-01 3.9592263755e-02 1.9956037111e-01 3.1206269406e-02 3.5575872459e-02 -1.0860721277e-03 1.2445684992e-01 2.5562308464e-02 2.4297475918e-01 1.1579747689e-01 -2.6740662834e-01 -9.4102396819e-02
-1.3103857042e-01 -6.5777761062e-02 -7.8086389710e-02 2.1097412222e-01 -2.6515562597e-01 -6.1463083023e-02 -1.2839623157e-01 1.6702024289e-01 -7.5618211978e-03 -7.8196950370e-02 9.6322512476e-02 4.1723784163e-03 3.8094457318e-01 -1.1882393968e-01 4.2610969460e-01 5.1007798560e-03 2.6932036739e-01 2.9760150426e-01 1.3130963805e-03
-1.0344930226e-01 -2.5592980708e-02 -6.0502139403e-02 2.9435188279e-01 -5.8723592700e-02 -8.5928106345e-02 -1.2773709413e-01 1.3406698096e-01 -7.9388479722e-02 -2.4808689152e-02 -8.9206072929e-02 2.3291108673e-02 1.2714654803e-01 -2.2004133411e-01 1.9546230214e-01 -6.9009454085e-02 2.0026455908e-01 1.6558779571e-01 -3.4677058167e-02
-2.5178506724e-03 9.5864857232e-02 3.3590460204e-02 -1.5570070899e-01 1.0184959771e-01 1.2368194029e-01 8.8257004490e-02 -1.9221921286e-03 -5.6365952154e-03 1.2032880910e-01 -2.1869027367e-02 2.2479987064e-01 1.8557949671e-02 4.9332697540e-02 -6.7813044409e-02 4.8158772067e-02 7.2341051932e-02 -1.1179993539e-01 3.8952281226e-02
-9.7045341130e-03 1.0354834476e-01 -8.9411286533e-02 1.8292482193e-01 -6.0316593139e-02 7.6177977137e-02 5.3044056386e-02 6.3122478196e-02 -8.5886790759e-02 2.2986870149e-02 -1.0203087371e-01 -2.1965618978e-01 1.0837240340e-01 4.2033205170e-02 1.6240677384e-01 3.3360143157e-02 1.3901652177e-01 1.7910927740e-01 2.3078899374e-02
-9.1699757265e-03 -4.1026469365e-02 2.9904704750e-02 4.9543573257e-02 2.0613872514e-02 -1.5948645290e-02 -4.7301356925e-02 -4.0723573975e-02 6.8787499584e-02 5.0712108661e-03 1.5594680876e-02 4.1428334217e-02 -3.0957354038e-03 -5.8248493336e-02 4.0678280537e-02 6.6320118067e-03 5.3867324364e-02 -2.0519425874e-02 9.9482975906e-03
-2.6218567939e-02 1.0600361477e-01 -1.1436191111e-01 1.0018785270e-01 -8.6222484612e-02 -4.2195949018e-02 1.0927827291e-02 7.7767232547e-02 -2.4129098472e-02 -6.9000462914e-02 2.1533714106e-02 -8.5566951066e-01 8.3203281825e-02 3.9849303216e-03 2.4589870852e-01 -1.2316881980e-02 2.1222073766e-01 2.0951604920e-01 9.8118348455e-03
5.1044912243e-02 -8.1844515987e-02 -5.0285956305e-02 -9.2746997756e-02 8.3031809396e-03 -9.2844351071e-03 2.8921563863e-03 3.1620076858e-02 1.2303074412e-01 2.5030628149e-02 7.3505751718e-02 8.5827366414e-02 6.8743944669e-02 -1.2906982805e-02 1.5327249537e-02 3.7157653515e-04 1.2990550151e-02 -4.0042022415e-02 -7.3703220662e-02
4.4534152815e-02 -1.1381391546e-02 1.0176489558e-01 1.4962251907e-02 4.1200604592e-02 -5.5991759719e-02 -9.8363469590e-04 -6.0899841351e-02 5.4348523305e-02 1.7969388329e-02 6.3934362187e-02 4.5945285786e-02 -4.7762267783e-02 4.0617432608e-02 -5.3686848486e-02 -3.5227151748e-02 -1.1246667961e-01 3.6759629915e-02 1.1707402701e-01
1.0752456600e-01 1.0412065562e-01 -1.3536659867e-01 -4.6072745729e-02 9.9327600494e-02 -2.6479016445e-02 1.1280972639e-01 -5.5665696066e-02 3.4220921217e-03 8.7235407478e-02 -1.6355161626e-02 7.4002110897e-02 -3.1265072646e-03 1.7107505231e-01 -8.8881993781e-02 9.2858383483e-02 1.7347096831e-01 -1.0547635564e-01 -2.2940497699e-02
1.4974827962e-01 2.3837641461e-01 3.4494897587e-02 -1.6802434085e-01 1.5140420931e-01 -3.5704852895e-02 1.0818007582e-01 -1.0049501376e-01 -8.4649085259e-02 4.5387570893e-02 -4.9717047263e-02 1.6618854369e-01 -7.3156242808e-02 2.5531918716e-01 1.4256450205e-02 1.7594587152e-01 6.8350304856e-02 -2.0905850461e-01 4.5275998531e-02
-1.1445039585e-01 -1.1197441052e-01 -6.6338169043e-03 6.0467179576e-02 -8.1967996838e-03 4.3316895077e-02 5.9867446253e-02 2.5716151283e-02 -2.6263777855e-02 -5.7187181381e-02 -3.5222358889e-02 -9.1050790778e-03 -1.5069237380e-02 -1.7818676015e-02 -6.8484752526e-02 -3.5632428091e-02 8.8891798384e-03 -6.1623282241e-02 2.6967358179e-02
-4.1742742110e-02 -1.9977479281e-02 -1.9208395609e-02 1.0850968876e-01 -1.3896690827e-02 8.7154229905e-03 -2.3657577051e-02 1.7398729980e-01 -6.3177155555e-02 8.0568060167e-02 5.4755538748e-02 -2.4709851066e-01 1.7077807883e-01 -5.2511314626e-02 2.4720020795e-01 1.8495642104e-02 1.8398891766e-01 1.1165993020e-01 -4.3195468845e-02
-2.5805845320e-02 5.0681743540e-03 5.0342480181e-02 3.4796808556e-02 1.0136351771e-01 -1.0699455260e-01 9.7463411712e-02 -5.8846751672e-03 -1.7596434357e-01 8.5696520893e-02 3.9872512704e-02 -3.7639206249e-02 -1.1736027689e-02 -4.5573504601e-02 -5.4591004041e-02 3.0709961324e-02 -3.0480166492e-03 -9.4528565797e-02 -4.9925433687e-02
1.2214580509e-01 1.3554792600e-01 -5.5054367127e-02 8.8509476260e-02 -1.0707952808e-02 -7.0288940946e-02 -1.1017523554e-02 1.7530494713e-01 -4.8714836506e-02 5.1360938164e-02 -5.0866415742e-02 -2.0215161757e-03 3.8531077497e-02 -4.2492256531e-02 1.1055668053e-01 4.3241172610e-02 1.2175327826e-01 7.7974776281e-02 -4.9751901737e-02
1.5882847251e-01 6.3174119030e-02 5.5584247685e-02 -7.2435845064e-02 8.1969440230e-02 3.2120605805e-02 1.5056238709e-01 -1.8258855737e-02 -1.0480357516e-01 1.7149000436e-01 -4.8226793656e-02 1.5170153523e-01 -5.5744190090e-02 1.2074596842e-01 -4.9615264258e-02 1.4432790544e-01 2.0406031966e-02 -3.9696400860e-02 -2.3503165235e-02
