5.5330009220e-02 7.9754810448e-02 7.7009249673e-02 -1.6492902731e-01 5.2722647853e-02 1.4956500975e-02 -2.9154279276e-02 1.8449326003e-01 5.5559791259e-02 3.4588676487e-01 -3.0668306967e-03 -3.6141018721e-02 5.0380110133e-02 -8.0433133770e-02 -6.3973666502e-02 1.2589186745e-01 7.8701408742e-02 2.2620103605e-01 1.3537067547e-01
9.0395869165e-03 -1.5694506607e-01 -1.6214863138e-01 1.6348287393e-02 2.4951576768e-02 -2.9530512073e-02 -3.0945751277e-02 -1.3760743971e-02 1.4025822365e-02 -3.9623144473e-02 1.1622801026e-01 -4.8221459815e-03 -1.6824854580e-02 2.8918847441e-02 -4.0950399717e-02 -1.1736733134e-02 -8.7283847242e-02 -4.2698501635e-02 -4.4658999241e-02
-1.9904821449e-02 4.3723252396e-02 -2.2983034107e-02 6.2387140813e-02 -1.5621575385e-01 1.0359982642e-01 -5.3304222748e-02 -6.0609861947e-02 5.4293226765e-02 -4.8444091920e-02 -7.5261238214e-02 5.4146079888e-02 6.4183248737e-02 -3.2547704070e-02 7.1628516464e-02 3.4439296523e-02 7.0388573642e-02 6.5520859000e-02 5.8171125367e-02
2.5552169203e-01 2.3570100795e-01 -4.5614197169e-02 -2.4453629797e-02 2.4951522793e-01 -1.9084573087e-01 2.5221898037e-01 -1.6089732220e-01 1.1923990474e-01 1.2698428184e-01 -2.8056095276e-02 -7.0446738337e-02 1.9429202367e-01 3.9919597702e-02 -8.6502952850e-02 -1.9226689602e-01 -1.5855427555e-01 -1.4060017777e-01 2.7924632420e-01
1.7378979230e-02 1.2411704834e-04 -5.8985437162e-03 6.0379212216e-02 2.5540266299e-02 -1.0791065481e-01 -1.8759913106e-02 7.3903164317e-02 -8.9939167590e-02 2.1316794172e-02 9.1212043616e-02 3.8613585446e-02 8.7498377325e-02 -4.7506163106e-02 1.4068847078e-02 2.9811085464e-02 4.3817622971e-02 7.1409668297e-02 1.4583626906e-01
1.8143818639e-01 1.5485143804e-01 4.7789651393e-03 8.4455391418e-02 1.1808223589e-01 -1.8146111484e-03 2.1481467941e-01 -1.0811125894e-01 7.8916592728e-02 2.0545257660e-01 9.9104138797e-02 -2.1751202975e-02 2.1444617700e-01 -3.0797374439e-02 8.6188026751e-02 -1.1201903460e-01 -9.1926719998e-02 -2.1017175405e-02 2.2010324895e-01
2.6419434264e-01 6.6260324300e-02 -1.9441850968e-01 -2.7570491671e-02 1.9462888644e-01 -2.9939669394e-02 1.1167519796e-01 -1.2554534873e-01 1.2641292546e-01 1.4870451293e-01 -4.6544044367e-04 7.9974881705e-02 1.7286863989e-01 -1.2365178851e-01 8.1454685190e-02 3.2659501708e-02 -2.9972898860e-02 -3.2490171895e-02 2.7785525967e-01
-2.9973274254e-02 2.0777729423e-02 6.5312568811e-03 -5.8017021376e-02 -1.0426944501e-01 -7.8148501912e-02 6.8183345506e-02 -6.6317328245e-02 -7.3877078334e-03 4.5847771804e-02 -4.5828081605e-02 2.8320994677e-02 1.7165140731e-02 5.0963271111e-02 3.8623458825e-02 3.8466176298e-02 -3.6392231369e-03 -1.2584821571e-01 9.1745436745e-02
-1.2835083416e-01 -1.5195776529e-01 1.9638633631e-01 -5.4390677846e-02 -3.2887383598e-02 1.3126485911e-01 -7.1209049560e-02 3.0875974861e-01 -6.0651717785e-02 3.7610858643e-01 -3.4014545836e-02 -5.3374250884e-04 -1.3658716820e-01 -2.3621216699e-02 -3.6703933920e-02 1.5923307798e-01 1.5009016536e-01 1.5953363231e-01 -6.0565305897e-02
-3.9934275171e-02 -5.6435193036e-03 5.3842256693e-03 1.0643117324e-02 -1.2764004328e-01 -6.7019031671e-02 -3.9043054763e-02 1.6038579346e-01 1.0290308223e-01 -8.8173853192e-02 -3.3536198667e-02 9.0786197608e-02 2.2328626825e-02 -1.0350026194e-01 1.6506724965e-02 5.1134371393e-02 1.8127091965e-02 9.7874929497e-02 4.8011950415e-02
1.5533642676e-02 2.0210140997e-02 -3.1434750554e-02 1.4991911306e-02 5.4579090529e-02 -3.7665518641e-02 -9.5032186391e-02 6.7500037045e-02 9.1037350313e-02 -3.6019358141e-02 -1.1373835118e-01 -7.4823901781e-02 -4.1688136660e-02 2.1563150602e-02 -1.2314309376e-01 -9.7739463289e-03 -6.6577321541e-02 4.5527083576e-02 -7.5131194405e-02
4.3358013383e-02 -1.0402383084e-01 7.7139620020e-02 -1.4559074551e-03 1.3509598735e-02 8.7060402552e-04 -3.6841523899e-02 -7.3125657701e-02 -4.8319496966e-02 7.2370338345e-03 6.0196304600e-02 3.6871532503e-02 8.7361610532e-02 -4.2394785904e-03 -1.4370131291e-02 2.5616910623e-02 3.1274162566e-02 3.6966132279e-02 1.3921611162e-02
2.2981040702e-02 1.6476380015e-02 -7.6646303238e-03 2.1500940405e-02 1.4733511606e-01 -2.7896327689e-02 -1.9162822427e-02 -8.4059780671e-02 3.4493094616e-02 -2.5794614964e-02 5.2069595210e-02 -2.3069411179e-02 2.4554839332e-02 -1.1017271945e-02 2.0228223999e-02 8.4457887834e-02 -2.8871665785e-02 5.6870023788e-02 -3.9751900659e-02
1.5996304760e-01 1.6591602821e-01 -7.6366756411e-02 -3.1682835433e-02 8.4912994356e-02 -3.7042996125e-02 2.6604711898e-01 -9.0495712324e-02 1.5344791239e-01 2.8328154230e-01 -4.7285978969e-02 -5.5745140248e-02 9.1860032769e-02 1.1593033949e-01 3.9035162439e-02 -1.1523656137e-01 -5.8580726792e-02 -1.0045450485e-01 2.5553218778e-01
2.5825043705e-01 1.1739611332e-01 -9.1067207790e-02 -1.1979250974e-02 1.8454268935e-01 -2.2901947646e-02 2.3838073291e-01 -1.8487765283e-01 2.4581203882e-01 1.5208553621e-01 -5.9962187805e-02 -1.5936033574e-01 1.1830956978e-01 1.4429829609e-02 9.9842048343e-02 -1.0820189473e-01 -9.2238124910e-02 -6.8827884631e-02 1.9839414549e-01
6.4396742763e-02 1.0333600689e-01 7.9052576705e-02 -8.0267911251e-02 3.5641627667e-04 -1.7856805870e-02 2.5668768271e-02 6.5781690915e-02 -1.1590485583e-02 -1.7366849546e-03 -5.9020277649e-02 3.6283802218e-02 -5.3715747255e-03 -6.9899461698e-02 -3.7655867397e-02 -3.6810541376e-02 7.0941578422e-02 -1.9532232894e-02 -5.2615831768e-02
-4.0166276014e-02 -2.8554883352e-02 -3.1361168520e-02 1.2952921238e-02 -6.9899018019e-02 -2.4825374179e-02 1.0263878633e-01 -7.5377955998e-03 -2.5365274269e-02 -7.0342447919e-02 -7.0214855934e-02 -1.4671909976e-02 1.0003395798e-01 -6.9201668234e-03 -5.2639863396e-02 -5.7943353604e-02 -1.3789471724e-02 3.5039972835e-02 -2.3278747453e-02
2.3060239211e-01 1.6026145257e-01 -8.5351416854e-02 -3.5380474182e-02 2.3053141987e-01 -2.0191865735e-01 2.0741594495e-01 2.0367564029e-02 9.6269857051e-02 1.1103234398e-01 3.3179445864e-02 8.7736369930e-02 1.1612310175e-01 -1.4248245254e-02 -6.1203067216e-02 -1.6458880448e-01 -1.0976556007e-01 -9.3954190297e-02 1.9703559754e-01
-9.9136754671e-03 -6.6593563721e-02 4.7436103601e-03 -1.7599760491e-02 -5.1181011070e-02 6.1457170150e-05 -4.7881756642e-02 -3.8216495133e-02 1.2681640183e-01 7.5641113584e-02 -3.9589104008e-02 1.0419469810e-02 4.2920108386e-03 8.7090731642e-02 1.7216741073e-02 2.7262807952e-02 6.8253456034e-02 8.8368363611e-03 2.2864308397e-03
