7.2421359367e-02 -1.4346017940e-01 3.7408842516e-02 -1.4787183793e-02 -6.8187863225e-02 1.1200700724e-01 -2.0008843664e-02 -2.7094397061e-02 7.5545818451e-02 5.8642330603e-02 -3.2600020926e-02 -3.8130019404e-02 -1.0565172689e-01 -5.1054365476e-03 -1.0558213002e-01 -2.5022964028e-02 5.2346886502e-02 6.8577861685e-03 -6.6513711285e-02
6.5824708236e-02 -9.5623340083e-03 6.8668148396e-04 1.3609792774e-01 1.0245890918e-02 1.5364452168e-01 1.6244244533e-01 5.3014929965e-02 5.2415973166e-02 1.0400996357e-01 2.0890429132e-02 -4.8614505809e-03 7.3042968374e-02 1.2456683764e-01 1.1183721214e-03 7.1090196566e-02 3.7305695176e-02 9.3742902071e-02 -1.1670193522e-02
-7.5756493571e-02 4.5411479392e-02 3.2620530992e-02 -8.0312162834e-02 2.6339657319e-02 -1.6775879743e-02 -3.2263519401e-02 4.5490489128e-02 7.1170495334e-02 -2.4820571262e-02 2.1558936333e-02 -2.9805299549e-02 4.4009933029e-02 -3.0861138086e-02 8.9750174815e-03 1.8005139128e-02 -5.1771887119e-03 2.8095678141e-02 1.5311288671e-02
5.4414725043e-02 8.2503707332e-02 -4.9199230758e-02 -7.2955133777e-03 3.8498663912e-02 -1.0657454803e-01 1.0273271924e-01 -7.4262007436e-03 -4.3126537233e-02 7.5158155357e-02 1.3096818764e-01 1.4485122190e-01 1.6756004789e-01 1.1960003060e-02 1.3714370986e-01 -1.0981775407e-01 -3.6211070977e-02 2.7964112473e-02 -7.6138837817e-03
2.6648791918e-01 1.5107422846e-01 -1.2722543512e-01 1.5337394213e-01 1.6720202992e-01 -6.2703663417e-02 1.0989940671e-01 3.6199609681e-02 1.1376783495e-01 1.1032003647e-01 1.4346980931e-01 4.8730532733e-02 8.2381183470e-02 5.6824055102e-02 -6.6307018814e-03 -1.4536478402e-01 3.6752453128e-02 2.6993708754e-02 -3.1721953735e-02
1.0613542308e-01 5.5750422147e-02 1.6576865576e-02 1.3011203215e-01 1.3344611249e-01 1.1720635531e-01 9.0541194740e-02 -3.6466146564e-02 1.4748471019e-01 7.3825384833e-02 -8.7276997797e-02 1.0434119987e-01 1.3604127907e-01 1.5022815585e-01 1.6432073618e-02 -7.8427431647e-02 1.9338305997e-03 2.1334900716e-01 -9.6091774019e-02
3.5436719186e-01 1.4775541933e-01 -6.1327353402e-03 3.6854203839e-01 2.6045616676e-01 1.1536275534e-01 1.9728657133e-01 8.9492285759e-02 2.2720187907e-01 9.8298709719e-02 -1.7547237739e-01 -3.6259553190e-02 2.3639812044e-02 3.0510302353e-01 -1.3188246316e-01 4.6472212141e-02 4.2412148724e-02 1.7558706538e-01 4.8328954839e-03
2.1236818754e-01 1.9708938243e-01 5.8295638591e-02 2.3657581363e-02 4.8036857916e-02 1.0456155428e-02 7.1460535045e-02 9.7964354719e-02 1.4073004417e-01 1.6145530881e-01 1.1744281518e-02 8.6188596073e-02 1.0191026898e-01 5.9899180915e-02 -5.8081097575e-03 -4.2641272194e-02 -3.8034409568e-02 2.0358894024e-01 3.7969987200e-02
1.0213581164e-01 2.9373529995e-03 -1.4280157492e-01 -2.8196535290e-02 2.4951984142e-02 -5.8752087473e-02 -3.8403373265e-02 3.2379891373e-02 5.1411501520e-02 9.4037612303e-03 4.6283529419e-02 -5.6868303530e-02 1.0201449339e-01 9.7016416820e-02 1.2999520663e-01 -4.2596991273e-02 3.6191351647e-04 -2.2390848696e-03 -5.1599229221e-02
4.7352984114e-02 9.8284506821e-02 -1.3063127383e-01 1.8127033998e-03 -2.4129701936e-02 -1.0897400725e-02 -7.5703792627e-02 -2.4090075863e-02 2.2453712248e-03 -4.8783241458e-02 2.6201111273e-01 1.5362527225e-01 1.9059565720e-01 -1.0258269677e-01 1.0136494477e-01 -2.0803909831e-03 -5.3761362126e-02 -6.3424144233e-03 1.4557707251e-01
4.5771223863e-03 -2.0987725963e-02 4.2971610647e-02 -1.3098437795e-02 2.3375256542e-02 3.9160872406e-02 -1.5341237134e-01 -7.7312697953e-02 -3.6871230779e-02 3.5059125439e-02 4.8438865426e-02 7.5523930162e-02 -1.8756841486e-02 -3.1738190430e-02 9.9841664168e-02 1.5392202507e-02 7.4215243409e-02 5.9159110934e-03 -9.9287117133e-02
6.7138657260e-02 2.2487331477e-01 7.3776944151e-03 -8.9675826790e-02 -1.3230358713e-01 -1.7190969547e-01 -2.3421308643e-01 -1.7871586114e-01 -1.2736419857e-02 -9.7886162168e-02 1.5789833191e-01 2.1698055538e-01 3.4637954259e-01 -2.1123541011e-01 2.4018246127e-01 6.1183508589e-02 -1.4825620445e-02 -1.1090897717e-01 2.8737775905e-03
-5.2065950536e-02 1.3579547457e-01 3.3664489664e-02 2.6362264163e-02 -7.5068628323e-02 -1.7114475592e-01 -8.9598221462e-02 -1.9302589608e-01 -5.8126753930e-02 -2.6376049405e-02 2.9333748581e-01 2.7887713401e-01 2.1230449223e-01 -1.3271855303e-01 3.1512455169e-01 -6.1026980610e-03 3.6644243426e-02 -4.3292360416e-02 -6.2806862884e-02
2.7826183553e-01 4.8382642881e-02 9.5471062938e-02 2.6935945337e-02 6.7246804790e-02 6.8249558721e-02 -1.6965670976e-02 2.0068818905e-02 1.0868378239e-01 1.0702219828e-01 6.1465745252e-02 6.6417675198e-02 1.0956267621e-01 1.4092494427e-01 -5.5923209067e-02 -1.3588343053e-01 -4.7133972135e-02 1.4162389201e-01 -1.4293249193e-02
7.2774345882e-02 -2.9808325737e-02 -7.9073768753e-02 3.2107702552e-03 -1.5836229910e-02 -4.0403990264e-02 -1.2989343640e-01 -4.5829666870e-02 -3.3110988768e-02 -1.1217081966e-01 -1.0401977778e-01 -6.7296386943e-03 3.9000171013e-02 -1.1736964159e-02 -2.9814378769e-02 -1.9174315640e-02 1.4355649262e-02 -9.5337414869e-02 -5.9387316034e-02
-1.2584638794e-02 -4.2329018182e-02 -1.3931974079e-01 1.2014852247e-01 1.8482407840e-01 4.7700693110e-02 4.7286207774e-02 1.6750490383e-01 1.0938861094e-01 2.0687339594e-01 -1.4293177819e-02 -9.9652608418e-02 1.9021443921e-02 1.0554106335e-01 -4.9812511910e-02 -5.0274249550e-02 1.4569002563e-02 9.5008944512e-02 1.8316524958e-02
1.2829294843e-01 4.6040070199e-02 -6.9082814404e-02 6.8416000374e-02 -3.4989431255e-02 1.4012574727e-02 8.1637883137e-02 -2.9110676345e-02 2.1321574043e-02 1.3147949587e-01 1.3122619967e-01 5.1590254457e-02 1.3974795092e-01 5.0519585283e-03 1.9606866616e-01 -5.9971619302e-02 -2.4910066806e-02 -7.1845500581e-03 -7.0294761209e-03
4.1795899038e-02 3.6461879635e-02 4.2530132519e-02 -5.8229532507e-04 6.6774520273e-02 -7.6988354007e-02 5.5221695029e-02 -7.5342002255e-02 1.1966534001e-02 2.3410242070e-03 -4.0031267850e-02 1.9484504642e-02 6.5766422203e-02 -1.4607004833e-02 7.3119673889e-02 8.2031273353e-03 -2.8016407100e-02 -5.4746776211e-02 1.6553191091e-02
6.1373177732e-01 3.7094349440e-01 -3.6600805612e-02 2.5348247695e-01 3.5493828863e-01 2.1454235093e-01 2.3943921920e-01 1.9737215763e-01 4.6870333811e-01 1.6992077756e-01 -1.4849269036e-02 -1.1197587133e-01 4.8612036413e-02 3.4282900934e-01 -1.4247481414e-01 -9.8220139051e-02 4.1899201551e-02 3.1271650635e-01 -1.3480267634e-03
