2.9931121018e-03 2.3074291310e-01 1.4867075133e-01 9.0958329247e-02 -4.0561251730e-02 1.9932675872e-01 1.3756532142e-01 4.8316182219e-02 8.8801856354e-02 1.2536652532e-02 1.3671136535e-02 1.3113134252e-01 -4.2605944116e-02 3.1391053860e-02 -3.9184313092e-02 1.3441763570e-01 -3.6256136598e-02 6.9178733938e-02 2.6571130147e-02
6.4698213346e-02 2.7088740263e-01 7.1342207886e-02 4.1032903142e-02 7.0703271764e-02 2.6237759480e-01 1.3001135391e-01 -8.5831916288e-02 -7.8053394452e-02 -8.3874654180e-02 -2.4364396044e-02 6.8092933706e-02 3.1463555731e-02 -1.7894085951e-01 2.1234176548e-02 4.8857797599e-02 -5.0881798392e-02 -8.7985756147e-02 -1.1266698575e-01
1.3491686988e-01 2.2529066114e-01 -4.3584215531e-02 2.1313425119e-01 8.7995915885e-02 3.4407587465e-01 9.9054462638e-02 -9.6944246105e-03 -1.9676303692e-02 1.7685997166e-02 -5.2636186321e-02 9.0892529628e-02 -4.8812801305e-02 -8.2610290562e-02 2.2094102464e-02 2.0868567863e-01 4.0214045302e-02 2.0465633860e-03 5.0810638721e-02
4.2713283757e-02 -1.2652138274e-01 -1.5460704716e-02 -5.8598505379e-03 3.4660201511e-03 8.2201722111e-03 7.7092173408e-02 6.5929613607e-02 -4.7913487886e-02 1.3749241700e-01 1.4492803478e-02 -6.2281155813e-02 -5.7044864784e-02 7.2464969128e-02 5.4770553022e-03 5.2372361585e-02 1.0903390191e-02 -4.6881308167e-03 -1.1481851220e-01
1.8603213237e-02 -2.4589104468e-02 -1.2211698702e-01 6.6157134135e-02 -4.1063415491e-02 6.5984469428e-04 -3.8256949537e-02 -8.5846397749e-02 7.4746080869e-02 2.4266753184e-02 5.7021398001e-02 -5.3149002975e-02 -4.9032577490e-02 -4.0412174049e-02 9.2695259526e-02 -8.5394558540e-03 1.0165899142e-01 -4.6113684251e-02 5.1012042964e-02
3.7282087968e-02 1.9208912576e-01 1.3628493357e-01 5.5104034113e-02 3.9242090789e-02 1.0785872012e-01 -7.1757953273e-04 -4.2208678082e-02 1.0925438437e-01 4.4658230576e-02 3.5386885588e-02 1.8899723150e-01 9.6812351541e-02 -6.6170587987e-02 2.1206078787e-02 3.8654806331e-02 3.2589659092e-02 5.6731408792e-02 6.9280390418e-03
2.1292153661e-01 2.3262422524e-01 1.8045224952e-01 1.2687435606e-01 1.4053863271e-01 2.3840990237e-01 1.8073305685e-01 1.1021251027e-02 1.4829306257e-01 1.8767910078e-02 7.4770515344e-02 4.3785862639e-02 -1.0485716623e-01 -5.3252992225e-02 -1.8530631597e-02 8.0847479620e-02 1.0016270264e-01 6.3341453968e-02 3.7236207998e-02
1.1728543175e-01 1.1754379079e-01 -7.6089367704e-02 9.5230942291e-02 2.7292302685e-02 2.0280222300e-01 1.7425799098e-01 1.5724238666e-02 -1.7395554333e-01 -1.7866098713e-01 2.8837683475e-02 -6.6539488847e-02 -6.8541873114e-02 -3.1420631733e-02 4.0590856727e-02 9.4804245586e-04 9.5896661268e-02 -2.0920863683e-01 -1.7917730578e-02
2.7171080831e-01 1.8334718284e-01 -2.7745652236e-02 1.6522348017e-01 1.7691735306e-01 2.5226845999e-01 1.7480983915e-01 2.8618631903e-02 2.8885904104e-02 -6.9299542432e-02 -9.0877122622e-02 4.5328539012e-02 9.2672655671e-02 2.4893394238e-02 -1.7712900124e-02 1.5325545351e-01 -6.6005095275e-02 -1.3269713865e-01 -7.8162410970e-02
1.3473355402e-01 1.8838425318e-01 1.1428754372e-01 -2.1428389606e-03 -7.0666044935e-02 2.8250306779e-01 1.2675023123e-01 -1.0475457385e-01 6.5416487168e-02 1.9384283292e-01 -3.3656345715e-02 9.5343240469e-02 5.1083921154e-02 6.8107030983e-02 -4.1926067349e-02 2.1380748175e-02 -1.1863588886e-01 1.7307730938e-01 8.6393605732e-02
-9.6323523357e-02 2.1083300966e-01 2.1248200876e-01 -1.6438832494e-01 -5.8748247834e-02 1.8930965059e-01 -1.8345847338e-02 -5.8228192357e-02 2.1685944089e-01 1.6398110500e-01 5.0137376589e-02 1.8787824601e-01 2.1050103141e-01 5.7363506621e-02 -5.3608022237e-03 -2.1292512800e-01 -9.1991228008e-02 2.0248936562e-01 1.7928264920e-01
-1.8914410008e-01 7.5302228681e-02 2.7439362588e-01 -1.1867522106e-01 -2.1708395704e-01 1.7240727521e-01 -1.0564262061e-01 2.3369930328e-02 1.7420249142e-01 9.6766656289e-02 -7.6361187958e-02 2.8600113334e-01 1.9426467805e-01 -3.3693702689e-02 1.1395472897e-01 -5.7627327535e-02 2.3057750917e-02 2.3185851201e-01 1.3898640938e-01
1.5157710898e-01 2.5777366829e-01 -5.6434298488e-02 1.0059567809e-01 2.2963431578e-01 3.2222332357e-01 1.7852061955e-01 7.0185368575e-02 -9.4957418446e-02 -1.3566416044e-01 -3.2424990710e-03 -2.5135961001e-02 -1.2785030736e-01 -5.0472120967e-02 5.4196017596e-02 2.3818718835e-01 1.6707032897e-02 -5.0499663053e-02 -2.3596771116e-02
-2.7141861136e-02 -7.9988648863e-03 -4.2521063795e-02 -1.6307546980e-02 -9.5333770809e-02 -7.6281503257e-02 -1.7594461593e-02 -6.8949183638e-02 3.3874945154e-02 3.0715690185e-02 -1.3094998806e-01 -9.7250659212e-03 -2.8203102222e-02 -4.1799631125e-02 1.2166855741e-01 4.0917074749e-02 2.2594670023e-02 -1.5181848412e-02 1.0147903986e-01
-1.7431550524e-02 2.1352917153e-03 7.4211628813e-02 1.8707645735e-02 -5.7400863012e-02 5.3180782756e-02 2.9920895708e-02 1.3361834701e-01 -7.5514647921e-02 4.0797752933e-02 -2.8833653863e-02 2.7618231383e-02 -2.5778001777e-02 1.4563616121e-02 3.1820802330e-02 4.4029599519e-02 5.5189606027e-02 -5.0048351924e-02 -7.3550312413e-02
-1.9472608639e-01 2.4557767576e-01 2.3243339444e-01 -2.6435447805e-01 -5.3567333066e-02 2.5648523961e-01 -2.3827779429e-02 1.0157034927e-02 2.9527903138e-01 2.9173047348e-01 -3.8408402209e-02 2.4879487915e-01 2.5170851565e-01 9.7246320018e-03 6.2916072754e-02 -1.0245323611e-01 -6.0668174855e-03 2.9013808944e-01 1.0607421167e-01
-2.0371488445e-01 3.1317851197e-01 2.9405973631e-01 -2.6587807943e-01 -1.6864492450e-01 2.6199423593e-01 -1.6260984095e-01 -5.9154870733e-02 2.9442789562e-01 2.7405950840e-01 -4.8934580520e-02 2.3777608655e-01 1.6107262940e-01 -9.9891759250e-03 -3.0505739515e-02 -1.2559594532e-01 -7.0036427073e-02 2.4806434959e-01 2.1234023191e-01
-5.6754168435e-02 2.3253122990e-01 1.6407852726e-01 -1.9033549167e-01 -8.9811305954e-02 2.1806343961e-01 -2.0378032473e-03 -3.8061114053e-02 9.2510484390e-02 1.2549903789e-01 2.6648085608e-02 1.0901727234e-01 2.0413222409e-01 -7.9302726346e-02 -1.9687473671e-02 -4.6667528077e-02 -5.5717045390e-02 2.4379897313e-01 7.3330436137e-02
2.4359855694e-01 2.7538086777e-01 -9.2148437452e-02 3.3261766784e-01 2.0373175072e-01 2.8320107187e-01 1.5071440882e-01 1.9060806133e-02 -1.1121798737e-02 -1.0082908478e-01 -4.0538368789e-02 -6.2556757523e-02 -1.4902317957e-01 -6.4999700189e-03 -2.1956131944e-02 1.8358052583e-01 -7.9794199377e-02 -1.8563358190e-02 -1.3999097500e-01
