2.5197803564e-01 1.1507041599e-01 1.4263280113e-01 3.8956540889e-02 4.3925790616e-03 1.6446327068e-01 1.5113464729e-01 -1.5618952352e-02 1.3411937850e-01 1.5573515728e-01 -1.1879683316e-02 -9.7647211639e-03 1.6821393888e-01 2.2540306092e-02 -5.4307579065e-02 -9.6720460423e-03 8.3774529222e-02 2.1522764951e-02 7.8509598916e-02
-8.6289658463e-03 -4.7251133285e-02 -8.8029864960e-02 9.3878239053e-02 -8.8233026310e-02 2.9638691451e-02 -1.8308695981e-02 -5.6914201309e-02 6.0777241954e-02 -1.0129009053e-02 1.1910885497e-01 -4.9618563614e-02 -7.3746827521e-02 -5.4646837032e-02 -1.0131988922e-01 -1.7506620572e-02 -6.4521536147e-03 -6.5017405525e-02 1.3091323513e-01
2.0574960559e-01 9.8297444681e-02 2.7886801552e-01 -1.1669291552e-01 4.5148584657e-02 1.2309293080e-01 3.6865216635e-02 4.0219723998e-02 1.1181554689e-01 1.1775368431e-01 -1.3786006711e-01 -6.6642357668e-02 1.6947705903e-01 1.6845937802e-02 6.0565097578e-02 1.4931288914e-01 -1.1386376830e-01 -7.8679056899e-02 1.1528457617e-01
8.0561779567e-02 -1.2795188673e-01 -1.0394096626e-01 5.6691376913e-02 -1.7013263661e-01 3.2092826916e-01 2.2124497199e-02 -1.0028245887e-01 -9.3397342005e-02 2.2987479762e-01 2.3250571491e-01 1.3753384098e-01 -1.6329461239e-01 -9.5538611792e-03 -3.5568163789e-02 1.8375475616e-01 1.5923762589e-01 2.2837691176e-01 -7.7259010716e-02
-8.3323361263e-02 4.1451190956e-02 -8.0969234890e-02 4.4487627534e-02 -5.3107156027e-02 -2.6453945841e-02 -3.2086019033e-02 -3.1144037389e-02 2.8511114846e-02 3.6632823770e-02 -1.9948284535e-02 7.1936431989e-02 -6.6509762635e-02 -3.0632272687e-03 1.0052740227e-01 -3.5612180651e-02 3.0004607467e-02 -1.6972544196e-02 -9.1348645130e-03
1.1327476370e-01 -7.5328314098e-02 3.4208159183e-02 -1.3435722992e-01 -8.4692750746e-03 1.7850702691e-01 1.4887785514e-01 5.9208962179e-02 -6.1573960014e-03 1.7127617075e-01 1.6408501622e-01 1.1474451241e-01 2.8304595140e-02 1.8530017966e-02 -1.0865050243e-01 1.4789912750e-01 9.9905436571e-02 5.4785526166e-02 5.6797816990e-03
1.0795066021e-01 -8.8139690422e-02 -6.7763634525e-02 9.6302570642e-02 -2.8575609847e-02 6.4193699703e-02 -9.1931206730e-02 -1.5762690846e-01 -3.3488968617e-02 9.8266616527e-02 2.1583467985e-01 2.3775952415e-01 -1.4583564063e-01 -5.8325522120e-02 7.9545464822e-02 1.4608576976e-01 6.5193093814e-02 1.2349209133e-01 -1.2003889042e-01
1.1500064808e-01 -9.4166679909e-02 -1.1998333998e-01 -6.0526067635e-02 4.4583177910e-02 1.5155700298e-01 -5.7725288932e-02 -9.8489145965e-02 -1.1153021434e-01 1.9758606780e-01 1.1316703165e-01 1.0255980935e-01 -1.0160597491e-01 -5.2664277124e-02 8.8208594811e-04 1.6607873456e-01 2.4274666343e-01 1.4803012858e-01 6.7361189586e-02
-4.0708408786e-02 -3.2818718484e-02 7.9457501327e-02 -1.9748248141e-02 8.7001964748e-02 4.3781031512e-03 4.5015431912e-02 1.7307620548e-02 -4.0247431651e-02 -2.3556483757e-02 -3.4767354233e-02 -5.7498531940e-02 -5.5332578470e-02 5.9055436668e-02 -3.6694669625e-04 5.4185042484e-03 -4.2933184090e-02 2.3353604930e-02 -7.7475013387e-03
5.2999403090e-02 -5.3684081940e-02 -5.2712497919e-02 7.9802814151e-02 5.8074279560e-02 -1.1787675732e-01 9.2969004750e-02 2.6505777384e-02 -5.5893553302e-03 3.2432801593e-02 -3.0783894623e-02 5.5011403641e-02 2.8341311478e-02 -5.5467990837e-02 3.7198743537e-02 1.3287422687e-01 -6.3989832972e-02 -7.6730022187e-02 2.6915024235e-03
2.3635852441e-01 1.4976470393e-01 2.5911765017e-01 -2.9933966768e-02 -1.1406967747e-01 1.6284438641e-01 1.5884639412e-01 7.2361049207e-02 1.1791717914e-01 1.8139874691e-01 1.5967819446e-01 1.0416527266e-01 1.1706052158e-01 6.0045589410e-02 -5.1121067481e-02 1.1884086185e-01 1.0099737759e-01 7.3029553385e-02 3.1640865560e-02
1.8676583824e-01 1.3167532238e-01 1.2554869644e-01 2.8048676812e-02 -4.3026738887e-02 6.6512071240e-02 1.0809517108e-01 7.6887211927e-02 1.6223282281e-01 1.2819994227e-01 -1.6637481754e-01 -1.4771185556e-01 1.8343731128e-02 -1.5676442902e-01 -1.1039356183e-01 -3.5806523645e-02 -3.6680467181e-02 -5.2631712567e-02 1.9929708384e-01
8.5102719424e-02 7.9586778447e-03 -7.2902073554e-02 -3.1074479289e-03 -8.5871061853e-02 3.8360396060e-03 5.3768066716e-02 -6.4049040191e-02 -5.0667039067e-02 6.8940449848e-02 -3.6200197131e-02 -1.7885830984e-03 -1.4045907091e-01 -1.7644341072e-03 5.4042576745e-02 6.9493317270e-02 4.2274629593e-02 -5.8278284549e-04 5.1919178289e-03
2.1469383683e-01 9.3456051063e-02 1.1230366765e-01 6.9497777279e-03 -6.8843353633e-02 -7.7273993926e-02 2.1804819223e-01 1.4391488769e-01 8.6435198865e-02 1.0882962310e-02 -1.7972712110e-01 -1.4059107878e-01 1.8705713627e-01 1.3552519451e-01 -2.2067726815e-03 -9.1694563223e-03 -1.6965314395e-01 -9.7804337661e-02 2.2497752940e-01
1.2897204123e-01 1.3531825840e-01 1.4604739208e-01 8.5134942536e-02 5.2469642062e-03 -3.5627919447e-02 1.4573466788e-01 1.5056262712e-01 1.0523137788e-01 -3.8906159062e-03 -1.8267119137e-01 -9.6802818647e-02 1.6327470530e-01 -1.0222759489e-02 -1.2739586364e-01 -9.5992027846e-02 -8.7358342651e-02 -2.0557787881e-01 7.7791822096e-02
4.3571603068e-02 -5.3421161896e-03 3.4037933772e-02 -4.4940097515e-02 5.6276320851e-02 7.9760360317e-02 2.8512426598e-02 -5.5200186438e-02 -1.7946447397e-02 6.3984455338e-02 4.5444244999e-02 -1.0036318817e-02 -5.9392367360e-02 -1.6428303812e-02 2.1255172338e-02 -7.4866737785e-02 -3.0966729968e-02 3.6391488776e-02 2.9268917498e-02
5.4477074871e-02 3.1295075892e-02 3.0482699846e-02 -1.9515606499e-02 -5.0624114470e-03 6.4237479402e-02 -7.0798417198e-02 2.0666800240e-02 -9.8319280609e-03 -9.3620110996e-02 3.8895817576e-02 4.9179662183e-02 -2.9477448073e-02 1.0241954260e-01 6.7135158119e-02 -1.2457451465e-01 -7.3578582151e-02 9.2340269385e-02 -1.5850249537e-03
2.2178341398e-01 2.0942747735e-01 1.6140598274e-01 1.7256145841e-02 -3.3503369737e-02 1.1304896678e-01 2.5227542396e-01 7.6853381178e-02 1.3363525723e-01 1.9919325224e-01 -6.8863850412e-02 -3.6115375356e-02 1.6944845558e-01 -8.0428987285e-02 -1.0692124500e-01 -1.1231761297e-01 1.1499790961e-01 -1.3596382340e-01 1.4985342377e-01
1.8831358886e-01 8.3940572549e-02 1.3431483385e-01 2.5253158080e-02 3.4255696699e-03 4.7307858004e-02 1.1963103697e-01 8.3129701054e-02 1.5081677880e-01 7.8357109370e-02 -1.1350325121e-01 -7.9157160955e-03 1.6931419951e-01 -9.5950085240e-02 -1.1238528571e-01 -9.4582957728e-03 -7.3979689408e-03 -8.3139579102e-02 1.8356196004e-01
