1.3131672426e-01 1.3209577994e-01 -1.6160982968e-01 -9.2428660898e-03 9.1357773694e-02 1.2191063740e-01 1.6950724193e-02 -7.4946545442e-02 -4.4796790503e-02 -5.7357732273e-02 -1.9019034466e-01 1.6240588292e-01 2.2066459117e-02 8.9644045951e-02 1.7941623736e-01 4.8523104840e-02 -3.4076185628e-02 -1.4459298983e-02 2.0005239027e-01
4.7795260152e-02 -1.2747386487e-01 6.9586702377e-02 2.9238729180e-02 -2.2079080911e-01 1.7189885083e-01 -2.1687992407e-01 2.4523112036e-01 8.2083267877e-02 3.5434965065e-01 1.2730325439e-01 -3.1518557866e-02 2.6609887541e-01 -2.2062664801e-01 -1.2551661708e-01 -9.9056864085e-02 -2.0460405736e-02 -4.7517082658e-02 -2.2952467277e-01
9.5513334739e-02 -9.1503193827e-02 -7.5864247365e-02 3.0653446745e-02 3.6739323982e-02 -1.1306695321e-01 7.3992722630e-02 2.0632783613e-02 -2.3187984153e-02 -5.2518071955e-02 -2.5708180621e-01 9.0774869812e-02 -2.0466895381e-02 9.9943794173e-02 -4.5901553128e-02 -8.3225780024e-02 -8.3943108426e-02 9.5310336017e-02 -2.0280024193e-02
5.7308475946e-02 3.5942653972e-02 4.1662466758e-02 -2.8358195035e-02 -2.4689463066e-02 5.9945237537e-02 1.9053204258e-02 4.4110962716e-03 -3.9899563975e-02 -1.9967742886e-02 -4.3916188185e-03 8.6367003569e-02 -5.1784572244e-02 1.0874129118e-02 3.3014934809e-02 1.1752500097e-01 -3.6044765178e-02 8.1714071072e-03 1.9529846748e-01
3.7511706392e-02 1.3687985458e-01 2.7961893226e-02 3.5303479746e-02 9.2465318295e-03 2.2622114493e-01 3.8166048319e-02 -1.4037727569e-02 -4.5994170883e-02 -3.6518425356e-02 4.1436368712e-03 1.4249168316e-01 5.9947250700e-02 9.9595934517e-02 1.4265434560e-01 1.8524328451e-01 -4.3003744682e-02 -4.2669257351e-02 1.4316063699e-01
-1.8142755224e-02 1.0690134560e-01 2.5955937596e-04 -5.4313472892e-02 -2.3729826463e-01 1.6528112899e-01 -2.6849927193e-01 1.8480442566e-01 1.0922254963e-01 3.5500542876e-01 2.0333994079e-01 2.0052431859e-01 2.0193552587e-01 -2.6939569133e-01 2.8338256508e-02 -3.6929745096e-02 -8.2079242074e-02 3.8979577517e-03 -1.4205528461e-01
-3.7159362533e-02 -1.4095395587e-03 3.8509678893e-02 -1.6790317046e-02 9.1659698523e-05 -3.6278653426e-02 -7.6488548879e-02 -2.8586515745e-02 -2.3087669808e-02 2.5823405808e-02 1.5164473608e-02 -1.5796415724e-01 7.6954250099e-04 -5.3997564577e-03 4.3268951778e-02 -1.3050397284e-01 -8.6902267495e-02 -2.8527938762e-02 1.3539744250e-02
9.5637213788e-02 -2.1459920156e-03 1.8465585091e-02 5.9541509907e-02 2.5681071705e-02 -3.0587319135e-02 -5.6152085337e-02 2.3629005614e-02 -8.1318001687e-02 -5.1507157504e-02 -9.7128055700e-02 -4.3587062596e-02 2.8690265544e-02 -3.5956377785e-02 -1.1441611400e-02 -6.7047157360e-02 -6.9864566437e-02 -5.3311961314e-02 3.6497131577e-03
-8.2813523206e-02 6.8569746745e-02 -7.6553204733e-02 -5.3058897764e-02 2.0427969574e-02 4.3147673799e-02 -4.7582781949e-02 1.4029507310e-01 5.7499649303e-02 9.2866674448e-02 -9.1383568990e-02 -3.8217223731e-04 1.0982165235e-01 -6.6090713479e-02 -4.0015607244e-02 3.9907674585e-02 5.3073021397e-03 -5.5371595078e-02 -2.6746757021e-02
-2.3120216627e-02 4.7700086628e-02 -5.6803297051e-02 -3.6160605032e-02 -9.3857153633e-02 -4.6379193340e-02 8.9664658195e-03 5.0128229415e-02 -4.7474255389e-02 8.1861178218e-02 3.1661356567e-02 8.5405832903e-02 7.5917583075e-02 -4.9028827566e-02 6.4674312813e-02 -1.0512264031e-01 -5.3258883841e-03 -4.2867937769e-02 3.5037909667e-02
-5.8236967356e-02 -1.8368234680e-02 -2.6141539411e-02 2.5516131303e-02 -1.8223978943e-01 4.1378332447e-02 -1.5035127566e-01 2.3617698207e-01 -9.5245743240e-02 1.9556403962e-01 4.4515563180e-02 5.3315975369e-02 1.7619629292e-01 -7.0825921417e-02 -8.1480857228e-02 1.5939758567e-01 -1.2193458972e-02 -3.6673368982e-02 -9.1518751165e-02
-1.1362250306e-01 -3.6432854652e-03 7.8251605359e-02 -1.4897472523e-03 3.3526413463e-02 2.2548093118e-01 -7.5297407083e-03 1.2551960292e-01 2.0695886462e-02 1.2503868337e-01 -3.9977627652e-02 1.8404101005e-01 -1.1181870600e-02 -1.0868655818e-02 1.8662274580e-01 9.5289148358e-02 -4.1914063646e-02 7.7577576393e-03 9.5412463268e-02
-5.0758067658e-02 1.6463883281e-01 -8.7368474684e-02 -5.9940215215e-02 6.5184852077e-02 3.1836576586e-01 1.3876664915e-01 2.0877429899e-02 5.9547312663e-03 1.2056477531e-01 5.6679987979e-03 2.9833420533e-01 -1.1637297741e-01 -8.6224185479e-02 2.5548763755e-01 2.5036585285e-01 -9.6335845990e-02 -6.7983120415e-02 1.0787766576e-01
2.2884435844e-02 5.6795106461e-02 1.1766121903e-01 8.2517765724e-02 -5.9792181272e-02 -2.2568155201e-02 -7.0117930383e-02 -4.5096492323e-02 2.8986242473e-02 -1.8331148070e-03 5.4089461150e-03 -1.1345751818e-02 -1.1378503029e-02 -2.7061651148e-02 -2.3318360706e-02 -9.9264327729e-02 2.3219381635e-02 -9.3719836841e-02 -4.7653000685e-02
1.4201742607e-02 -4.5011237226e-02 -5.9249294269e-02 6.4502839443e-02 -8.0242734325e-02 -7.0822221318e-02 -9.4201104798e-02 1.0555407369e-01 -1.8698887296e-02 1.0445354144e-01 1.9894800172e-01 1.0300697836e-01 1.1301321714e-01 -2.8981517136e-02 -1.5514874911e-01 -1.1770230660e-01 2.2962082957e-02 9.3958597476e-02 -1.8054391727e-01
-3.6021123462e-02 1.9105760053e-01 6.3860747287e-02 -1.3737215336e-02 1.4989956797e-01 2.2607287418e-01 5.4777688266e-02 -2.9070975295e-02 -3.1973176857e-02 -7.9908807564e-02 -3.7369054243e-02 1.5580316801e-01 -4.9834310776e-02 1.3899164874e-01 1.3945021707e-01 5.4097218356e-02 -1.5723094568e-02 -3.6030087716e-03 1.2166835849e-01
1.0223599965e-01 -4.7226657294e-02 -1.0643107046e-01 2.6845976999e-02 -9.8619282810e-02 -6.8209059081e-02 -1.4843599326e-01 1.6724970791e-01 7.8653759017e-02 2.3304791241e-01 1.0923293633e-01 3.0419303230e-02 2.0320408931e-01 -2.2797299681e-01 -5.5548615573e-02 -1.3103822624e-01 5.5729345211e-02 6.5027000530e-02 -1.5146023945e-01
-4.0267691989e-02 2.1696272712e-01 -8.2236881526e-02 -3.3234123651e-02 1.4719016819e-01 8.5198844345e-02 1.5597378029e-01 -6.6736832717e-02 3.2016046899e-03 -4.5803128028e-02 5.2153369394e-02 1.7750458437e-01 -5.9396527591e-02 3.8690012679e-02 2.6085960843e-02 1.5542325100e-01 7.3244730870e-02 -4.7337712066e-02 1.3584944816e-01
2.8546710043e-02 -2.8457103316e-02 3.2801572975e-02 -5.0530086884e-02 -2.4201327853e-01 7.1756181202e-02 -1.6297058050e-01 1.8666250071e-01 -8.7023496905e-02 3.4450991807e-01 1.1638579140e-01 6.7118303452e-02 3.7001453499e-01 -2.4154922551e-01 -9.1407531787e-02 4.5975796358e-02 1.9565926674e-02 1.5210557774e-02 6.6916650143e-04
