1.0167386728e-02 1.7947802244e-01 4.8996166592e-03 -1.2615988611e-01 -3.4380816030e-02 -5.5867216923e-02 2.8576954659e-01 -2.2767430940e-01 -6.6434447612e-02 -3.0812425276e-02 -1.9248766853e-02 1.3177768750e-01 -9.3132914953e-02 1.7518940327e-01 6.3060546997e-02 2.2071821834e-01 2.2033251037e-01 9.4309932317e-02 1.9090515116e-01
-5.3088422361e-02 -1.5425251277e-02 -2.7120150551e-02 9.5919291992e-02 1.1556271661e-01 -3.2561697575e-02 1.5518554605e-01 3.9531164829e-02 5.1849233393e-02 1.7006335611e-02 8.1408671824e-02 5.8988654950e-02 1.1037940106e-01 2.5758588102e-02 -1.0500424427e-02 1.2738289523e-01 4.8890948443e-02 3.5436806643e-02 9.4329824392e-02
1.2223397733e-01 4.8983403010e-02 -1.2972260584e-01 1.5266325527e-01 1.8959744470e-01 -1.1220814625e-01 1.5872224953e-01 1.5383890615e-01 -9.5823104274e-02 -1.8895389106e-03 1.4371746775e-02 -8.4484446321e-02 1.2918745465e-01 3.2612233689e-02 -6.4061890800e-02 6.8173990710e-02 5.5640467894e-02 -4.3837494049e-02 1.5032676080e-01
-5.3432170365e-02 8.6915439271e-02 -7.8428290978e-03 -1.1702690205e-01 -2.0329746842e-02 -3.0652942438e-02 1.6072807374e-01 -1.8983321670e-01 -7.0874290035e-03 -4.4477826448e-02 -3.9799631674e-02 1.6118457238e-01 -3.6648938916e-02 9.6880867490e-02 -5.6187948150e-02 2.2645215788e-01 1.5276860995e-01 -1.1177853007e-02 1.4669452838e-01
-2.5129250434e-02 2.5904259636e-02 -5.3998848827e-02 -3.1691162678e-02 -8.5470118487e-03 -2.2870502071e-02 1.2269673343e-01 -9.6482941879e-02 1.7891606132e-02 -2.6073966297e-02 -4.4250497286e-02 9.1193906213e-03 -3.4817865507e-03 8.9181619492e-02 4.1156433565e-02 1.7939908111e-01 1.1940648775e-01 -1.0810781434e-01 5.2095731294e-02
-4.7775362631e-02 5.3211393854e-02 -2.2145306523e-02 1.1506703040e-01 1.6821815249e-01 -7.5594784929e-02 1.9570906612e-01 4.9034585026e-02 -1.1453966428e-01 4.1999956318e-02 3.2054063498e-02 7.3086065230e-02 2.3092985822e-01 1.4594654054e-02 -1.8262039582e-02 1.9272693339e-01 5.4549995295e-02 5.3590968934e-02 1.5529251506e-01
-6.8134159456e-02 3.3659456610e-01 2.1121618811e-02 -2.7222657397e-01 -5.6906659605e-02 -4.7065380675e-02 3.4828822221e-01 -1.8004823926e-01 6.2123778767e-02 3.1625677926e-02 -8.4384711249e-03 2.7693714816e-01 -2.3687198896e-02 2.6176869886e-01 2.1310422739e-03 3.2459482976e-01 3.7070209617e-01 2.4974974082e-02 3.8695242569e-01
3.8346022994e-02 -6.1930593541e-02 -3.1394204804e-02 -3.7365096873e-03 6.9018458831e-02 7.3157228142e-02 1.0084726784e-01 -7.2048627731e-02 -8.9758829184e-03 -3.0089128178e-03 -9.4439474234e-02 1.7902329515e-02 -8.5559338166e-02 7.8507881134e-03 2.1382450425e-03 9.3055706510e-03 1.4617811783e-01 2.0092754011e-04 2.7663341238e-02
-1.9701391069e-01 -1.0982872605e-01 -4.3895528182e-02 2.4669603433e-01 2.4936455367e-01 -8.4590963008e-02 1.0032650453e-01 9.0687024464e-02 -6.3807842794e-02 -8.6805880416e-02 -2.1214968109e-02 -8.4992096521e-03 1.5142495445e-01 -5.9755969048e-02 -1.5226530756e-02 4.8353640303e-02 5.2411143404e-02 -4.1939136788e-02 1.3575790224e-01
5.3340441851e-02 -3.8121732424e-02 2.8602819367e-02 3.3719884301e-01 2.9498228326e-01 -2.2312551522e-02 2.1268584288e-01 1.8422547820e-01 4.2208369470e-03 -1.3645674738e-01 7.3191623587e-02 -2.2419647314e-01 2.4909504083e-01 -1.8693509976e-01 -3.5299221534e-02 -5.7853413843e-02 -2.6299238785e-01 7.9115030230e-04 -2.9575503169e-02
-8.2709939953e-02 2.2969410150e-02 -5.4318526313e-02 -5.7049621541e-02 -6.9367121936e-03 -3.5562440536e-03 -8.4352711388e-03 -8.9822153593e-02 6.5341019802e-02 6.7490233533e-02 1.2147792234e-01 -1.5396147343e-02 -5.6140106355e-02 -4.2042767683e-02 -6.0505426178e-02 -8.8997990156e-02 -3.0666638339e-03 -5.2561824309e-02 -5.3518284014e-02
2.6739679101e-02 4.2625653939e-02 3.2531531865e-02 8.4386935679e-02 1.3783625402e-01 -7.3896469305e-02 1.9405629160e-01 1.1663985117e-01 3.1252105192e-02 -2.4527480140e-02 -7.2153255688e-02 -1.1648934626e-02 1.2091675698e-01 7.9281225456e-03 5.6065401100e-02 6.8323736540e-03 5.5162190646e-02 -8.1975492390e-02 8.1435446851e-02
-8.3573953309e-02 -2.2771458042e-01 4.2547962792e-02 2.2828989969e-01 1.9643641071e-01 -1.1952193294e-01 1.1452914642e-01 1.7969543440e-01 6.2790877642e-02 1.9695532655e-02 3.1255219107e-02 -1.2354907976e-01 2.2301301907e-01 -1.5014639959e-01 -2.1709218235e-02 -9.9320184135e-02 -2.2495277067e-01 4.1760950681e-03 1.4878017302e-01
-8.3981772816e-02 -9.8639624678e-02 -6.7309134417e-02 -4.0878463424e-02 -3.0713432563e-03 4.1307825396e-02 -3.1563967633e-02 -1.3851212337e-01 -4.5201723329e-02 -2.8767260539e-02 -7.7420019321e-02 2.4459122765e-02 9.2930353394e-02 -6.0440428619e-02 -8.7597282517e-02 2.3192221423e-02 -8.6370573502e-02 -2.2489670704e-02 6.3932754315e-02
3.2432050020e-02 -2.6373530857e-02 -7.1029897007e-02 -1.6004713538e-01 -6.4013661987e-02 7.6058821402e-02 2.7436614466e-02 -1.2277729665e-02 4.7839846005e-02 -8.7471381137e-02 -4.8692052165e-04 2.8544576739e-02 3.6519148513e-03 3.8673369919e-02 -4.2627753975e-03 3.4115275343e-02 -8.5116968981e-02 7.5624925403e-02 1.0990742959e-01
-8.1755708588e-02 1.3933476367e-01 3.2333505816e-02 -1.4234386306e-01 -6.6391949146e-02 -7.6848199749e-03 2.9916311131e-01 -1.5322780299e-01 -1.1134643770e-01 3.0170934137e-02 -1.9747337255e-02 2.6632721325e-01 -4.2965318803e-02 1.2743924560e-01 -6.7407862189e-02 1.5842135107e-01 3.0149242477e-01 -1.1103391849e-01 2.1851648300e-01
-2.4989183793e-02 -6.4923962077e-02 4.6932862318e-02 3.4158951090e-02 -9.2883474547e-02 9.8712180737e-03 1.2355446586e-02 -3.9427519673e-02 -3.6229312832e-02 2.5815685841e-03 5.0794735750e-02 7.9625462948e-03 -7.3521661600e-02 1.5693461029e-02 -2.0921495436e-02 -3.4599962752e-02 3.2164425372e-02 1.0443349300e-01 -7.2064614324e-03
2.0199287118e-02 1.7049136599e-03 7.1238892960e-02 2.8707736897e-01 1.6300556892e-01 -5.0221637879e-02 8.8004009002e-02 1.1341173151e-01 -9.8591869866e-03 -2.5144810156e-02 -1.2196235142e-01 -4.9439710140e-02 1.1830709524e-01 -6.7334229452e-02 -1.8006937479e-01 1.2321538110e-02 -2.7005961621e-03 5.7133481998e-02 4.9106271198e-02
7.0684897054e-02 -1.4660794086e-01 1.6782817744e-03 1.5056391620e-01 6.6396432193e-02 -1.0505602681e-01 1.0510797275e-01 2.1190655764e-01 4.3473156728e-02 1.7211831856e-02 2.0488649602e-03 -3.7913675354e-01 2.5472683344e-01 -7.9160603375e-02 -2.2505643664e-02 -5.2271014948e-02 -2.3907491996e-01 -3.7609575114e-02 1.8528806862e-01
