-7.9635294002e-02 -4.3075988691e-02 -1.7316476990e-02 9.1009095223e-02 3.6165721560e-03 8.6179018818e-02 -1.0478666739e-01 -3.5933887380e-02 4.3238693418e-02 -1.2357714621e-01 -4.6228793196e-02 -2.3985665045e-02 1.1286431966e-01 2.9924221852e-03 -2.0012025843e-02 5.6490140382e-02 1.0998264698e-02 -4.5630673966e-02 2.9623691354e-02
-2.2857842032e-02 4.4866028425e-02 -5.4566671604e-02 -5.4326084156e-02 6.7032369255e-02 -8.3197787051e-02 8.3981908531e-02 -1.2974446901e-01 -3.2026034765e-02 9.2233064657e-02 -5.9152434174e-02 -3.6947287419e-04 -1.6977533565e-02 -7.2008228522e-03 8.0256980216e-03 -1.3122342725e-01 -1.5164731492e-01 -4.2641636992e-03 9.2105805000e-03
-1.0709275577e-02 -3.5044346223e-02 -3.7526414413e-02 2.1519455612e-02 -1.5273547514e-01 -5.3963093183e-02 9.4329362933e-02 2.1257852627e-01 1.5112245980e-01 5.7093039075e-02 -1.4964443598e-01 4.6975547504e-02 -6.7965764166e-02 -4.4909233791e-03 1.6222785343e-01 -4.5859545429e-02 5.4228474944e-02 5.0953885327e-02 2.7882294232e-01
1.4872486118e-01 1.2757890261e-04 3.4779011256e-02 -1.0901105534e-01 4.0526425841e-02 3.8675104828e-02 -6.6624822653e-02 1.6886981295e-01 -5.7686777001e-02 -1.3362593649e-01 -6.3000459651e-02 8.1516459629e-02 1.0211549921e-01 -3.6866192342e-02 -4.8924642513e-03 1.3094282103e-01 1.6751042330e-01 1.6670939034e-01 9.8675741014e-02
1.5927116993e-01 -2.3956459180e-03 -7.4264708935e-02 -1.7162304738e-01 1.0351170386e-02 -1.8192291211e-02 -3.0413799228e-03 1.4200167587e-01 -1.2111273048e-01 -1.9038329246e-01 -6.7049488504e-02 2.2154528924e-01 1.4925560313e-01 -3.2050092594e-02 2.4116019438e-02 1.7534848107e-01 1.2146099087e-01 1.6502330405e-01 1.9409427246e-01
1.5518306200e-01 2.5599815099e-02 -2.1068288702e-02 7.0370107818e-02 -1.7553220626e-02 -2.2225280032e-02 -1.8471979339e-02 1.2010325285e-01 1.1510206274e-02 -1.6351132159e-02 1.9289283541e-02 -1.7497086029e-02 4.8598891328e-02 -6.9554835391e-02 6.7703874745e-02 -5.8951743568e-03 5.0289312843e-02 -2.7791787302e-02 2.0155322882e-01
2.6720352683e-02 -5.2350569785e-02 -4.1556160115e-02 -3.7770534509e-02 4.1991769170e-02 6.5552039326e-02 -7.5557460602e-02 1.9831696514e-02 -4.5183792997e-02 -1.3852955095e-03 5.3178248095e-02 1.7614200093e-02 -2.1061582269e-02 2.1913700332e-03 -6.9712926869e-02 -9.3699965098e-02 -7.3569942962e-02 -9.2512446975e-02 -1.9366840163e-02
-1.0455995939e-01 8.0380702538e-02 -4.4895335791e-02 2.0133786869e-02 5.2486084395e-02 -5.8780454759e-02 3.1636466632e-02 1.3615338072e-01 1.4988595446e-02 2.9205783972e-02 3.8791829810e-02 1.1044635293e-02 -7.8567493621e-02 2.2094243020e-02 1.7273224725e-02 -3.3694012261e-02 -6.1918369666e-02 -1.4147172501e-02 7.0261301554e-02
-1.5472732912e-01 7.5379244250e-02 -1.9315538820e-02 -1.8669574622e-02 5.8979127976e-02 -4.4439711910e-03 -1.7983476992e-02 4.4301070415e-02 7.0831033302e-02 1.9991633814e-02 -3.0032309654e-02 -5.7722845947e-02 -2.4512727347e-02 -5.0958347482e-02 -7.6402574517e-02 6.9537264852e-02 3.2085482359e-02 -1.3025248853e-01 6.6017026089e-02
2.6817939758e-01 -1.0896065577e-01 -2.2108303945e-03 -6.0100202683e-02 -7.8203505250e-03 -4.3070556880e-02 9.1958785886e-03 7.4913717606e-02 -2.5397255604e-01 -1.6106199565e-01 4.8957732332e-04 2.0583912688e-01 2.7842057655e-01 -9.2156275050e-02 9.4185639904e-03 1.3571273087e-01 1.7522449640e-01 2.0415422959e-01 9.2528621792e-02
-2.3369505727e-01 3.4112561519e-02 1.3778530327e-01 2.1549424874e-01 5.3487263300e-02 -1.0929967340e-01 6.5256304308e-02 2.4630275216e-01 1.7563653021e-01 1.3629251387e-01 4.7216227937e-02 -2.2111754633e-01 -2.1265538015e-01 -6.4116405245e-02 1.2072640311e-01 -4.3965522442e-02 -1.2602468073e-01 -1.6254781347e-01 2.1795477584e-01
4.4322204390e-03 -5.4812316213e-02 -1.2985907323e-04 8.3639930532e-03 -4.1825618975e-02 8.1632420279e-02 3.9484901950e-02 3.6190837282e-02 6.7203049154e-04 -4.5813978015e-02 -5.4643985237e-02 -1.1925164642e-01 -6.7789869500e-02 8.3838586080e-02 -3.0904169157e-02 -1.1745462130e-02 7.3047215006e-02 4.4067016544e-02 5.3454969015e-02
-1.0624630478e-01 -1.1772074301e-01 -3.1364518625e-02 9.3844673152e-02 -1.5675983300e-02 5.5752580946e-02 -6.5281404782e-03 2.0686848667e-01 2.0287446454e-01 1.0820566990e-01 -5.6962873305e-03 -2.2566297829e-02 -4.1633080951e-02 1.9481581109e-02 2.1069196163e-01 2.9544715058e-02 -9.8246922720e-03 -1.9909661871e-02 1.9622568484e-01
-4.5852306275e-02 -4.9333973186e-02 -2.2835749271e-02 6.5511009283e-02 1.0909067989e-01 -1.1108918701e-01 2.1390338389e-02 9.7734709611e-02 -3.1388441923e-02 1.0866416597e-01 -5.0829611392e-02 -6.0024921104e-02 1.5924571528e-02 1.5856362503e-02 -8.2849685760e-02 3.7838095022e-03 4.8647242261e-02 1.1901691650e-02 -2.7017967414e-02
3.6769511258e-02 5.5619815392e-02 1.6298891343e-02 9.3676599185e-02 -4.4319718556e-02 1.9517314738e-02 -6.1693972629e-02 2.1937009279e-01 6.2957534237e-02 1.0389117643e-01 3.7871535946e-02 1.3748869023e-01 1.0020584511e-01 5.8100895978e-02 9.4114746948e-02 -2.9203527299e-02 3.7698366042e-02 1.3799945646e-01 1.3599212021e-01
9.5897647516e-02 4.5499172133e-02 -1.0364951235e-01 -2.3263536328e-03 -3.0565306255e-02 6.9907015757e-02 -2.2491852469e-03 8.6388997724e-02 -7.5492170950e-02 -8.6764317123e-02 8.7256917989e-03 1.0402247820e-01 2.8877732836e-02 -7.6965222471e-02 3.6378261344e-02 1.0560167936e-01 1.5035323703e-02 1.5693280808e-01 1.1389592870e-01
-1.4429307313e-01 -2.6742071490e-02 -1.1623505929e-01 2.7133968869e-01 2.0288933595e-02 2.3967175111e-02 -1.0312038555e-01 1.9552157501e-01 1.6161400947e-01 1.6126239021e-01 5.7860612117e-02 -6.5506898483e-02 -2.2517822579e-01 -1.3487230785e-02 2.6257201397e-01 -1.7428494221e-01 -4.2592116063e-02 -2.1402169716e-01 2.4685012305e-01
-2.6097258168e-02 6.7935580905e-02 -3.8683197232e-02 -1.0738302557e-02 -3.1697597078e-02 -1.3342419449e-02 9.1446272464e-02 1.3194992246e-02 3.2255430726e-02 1.4984265703e-01 -1.3050898602e-01 5.5362570293e-02 1.0109599696e-01 -3.2784605172e-02 2.7401831221e-02 4.5358958583e-02 -9.5680849085e-03 -2.6009676814e-02 2.8134932864e-02
1.1924741718e-01 9.2668109752e-03 1.6527437312e-02 -7.4763857103e-02 1.0243433351e-02 -7.2388770095e-02 2.1661681603e-02 8.9756691621e-02 -7.1675746262e-02 -9.5669077451e-02 -4.4796546076e-02 2.4262967957e-01 2.6395544821e-01 2.6145464994e-02 -7.7022359551e-03 3.5688611578e-02 1.5301573325e-01 2.4220423141e-01 1.6859823197e-01
