3.5033579882e-02 2.6721844614e-01 3.9865062218e-02 6.7645313944e-03 -9.9922421606e-02 -6.4431423567e-03 2.0427291590e-01 5.6044111402e-02 -6.2749029070e-02 1.3408888301e-01 -2.2070669833e-02 -6.0168166484e-02 1.1776779439e-01 1.5899078049e-01 -2.0475500666e-02 7.1465628265e-03 4.1970352052e-01 1.4691089403e-01 -1.7989604433e-01
1.1536684584e-01 -1.6028254666e-02 3.7732820938e-02 3.2384205799e-02 -9.1883315031e-02 6.3396428929e-02 9.8165086347e-02 5.0524102002e-02 2.7077375442e-03 1.3170614569e-03 -2.6158457404e-02 -7.8867475535e-02 4.0723720777e-02 1.0459248385e-01 1.3830807811e-01 1.0524207682e-01 1.7210529206e-01 -3.1968602000e-02 -2.0732027028e-02
-1.2096685116e-01 2.6247606851e-01 2.0987049264e-01 -1.4310905326e-01 -1.3153583994e-03 2.9458317993e-02 2.0140969004e-01 -8.7562579321e-02 5.9216799903e-02 8.4599173430e-02 -4.2844050560e-02 -9.5263797047e-02 1.2474315247e-01 1.6824863341e-01 -1.8919495613e-01 -1.2703734754e-01 1.7455266612e-01 -6.3181202298e-02 -1.4291852164e-01
-1.3455508356e-02 8.4441876364e-02 5.6519342763e-02 -2.7485507544e-02 -5.2173439161e-02 -9.5178285065e-02 9.1522496695e-02 3.7799191827e-02 1.1302993586e-02 1.5805723917e-02 9.4281094641e-02 -3.3576554817e-02 1.1442493655e-01 1.3834599599e-02 9.9733280852e-02 1.1307965792e-01 1.3835848830e-01 -6.5424883312e-02 -1.6419971989e-01
-1.9511520366e-02 1.7369155468e-01 -1.5530847710e-02 1.4851587927e-02 -7.2770303886e-02 -2.3507104907e-02 2.5253343485e-01 1.7934136351e-01 -2.3004307426e-02 1.8903060539e-02 3.8768372385e-02 8.8616272065e-02 1.4090893780e-01 -9.0275390916e-03 9.2005143007e-02 3.1729228730e-02 1.3670800801e-01 -1.2828130017e-02 5.7508161227e-02
8.5163989464e-02 -1.0928927464e-02 -7.1053438914e-03 -6.8438658079e-03 -6.4230553424e-02 5.0046670164e-02 -1.2926006652e-02 7.3449270384e-02 -1.0417921087e-01 -8.8728160887e-03 -7.7236894408e-02 -3.0943604034e-02 -4.5472727577e-02 9.2106907269e-02 2.8632898467e-02 -1.2935302457e-01 -2.2596537856e-02 2.2918112506e-03 3.7754403429e-02
4.5409577132e-02 1.3800866480e-02 7.5200552523e-02 3.7124373635e-02 9.8104673538e-02 -9.4814264831e-03 4.2550995261e-02 -4.7266976684e-02 -4.0971181675e-02 -4.6194201952e-02 2.5891495654e-02 4.4976188421e-02 -3.5572059768e-02 6.1766765572e-02 -1.1026326451e-01 -4.1747016733e-03 -4.1896135807e-02 6.0820333742e-02 3.4330928758e-02
-2.6835914641e-01 2.0985670795e-01 2.5768140334e-01 -1.9101004605e-01 -4.9834406162e-02 6.3679942812e-02 4.8630984802e-02 -2.3388905965e-01 1.5827994394e-01 2.6582966099e-01 -1.5243644337e-01 -6.0290542915e-02 1.2212163806e-01 1.0220851796e-01 -7.9995416476e-02 -2.6310001550e-01 9.5957982559e-02 -5.1519854612e-02 -1.8490082183e-01
-5.9820410737e-02 2.3697469042e-01 1.3062045127e-01 -2.0690438081e-03 -1.3752727497e-02 -2.8003960586e-02 -2.7088890352e-02 2.0550423880e-02 -3.2364060222e-02 1.0036469788e-01 -4.3046942591e-02 -3.0951119976e-02 8.0023003076e-02 2.1048096095e-01 1.0360955097e-01 -1.1339371566e-02 1.2948123180e-01 1.2362496743e-01 -2.8465818082e-02
2.8146140390e-02 1.2922831128e-01 -9.1905570370e-02 4.7260880012e-02 -3.8022763502e-02 -1.0643543416e-01 3.8155458845e-02 2.9820859393e-02 1.8157061915e-02 1.0727982812e-01 8.7219407910e-02 -5.0934901928e-02 8.0386464907e-02 1.3667342179e-01 5.5341216786e-02 -8.1249244402e-02 1.3253146860e-01 -1.2782657802e-01 -1.0903565159e-02
-4.7036605854e-02 2.3144848381e-01 2.1971541668e-01 -5.7667296393e-02 3.6232055046e-02 4.0759945154e-02 1.9672932359e-01 -4.1828359091e-02 7.5441812234e-02 1.8679952524e-01 -8.7988900151e-02 1.6092887255e-02 1.9798787266e-01 1.2556361410e-01 -9.0984054575e-02 -1.0980135176e-01 3.2051557457e-01 1.1109039642e-02 -9.4663583932e-02
3.8316586116e-03 -5.4580600225e-02 5.7628226804e-02 -1.1130721752e-01 8.8680762015e-02 -1.3221223636e-02 -3.3421421489e-02 -9.4300953677e-02 9.4211776675e-02 8.5410582345e-02 -1.6832823564e-01 -1.9283374618e-02 1.5509975444e-02 7.6230809559e-02 -5.6518621351e-02 -6.4042896382e-02 1.7528610815e-02 -1.8549997907e-02 -9.1300557001e-02
1.6521672419e-01 -2.2500430414e-01 -2.3245034237e-01 2.2803939137e-01 -1.0918022440e-01 -1.0735908631e-01 -2.3479168406e-02 1.2066418033e-01 -2.5062913729e-01 -1.8271868585e-01 4.1362058531e-02 -7.0346461817e-02 -7.2040393237e-02 -1.5850950194e-01 1.1446789083e-01 5.2725368234e-02 -7.1120480181e-02 -7.2636720838e-02 2.2766117993e-01
-6.2417271194e-02 -3.8821711494e-02 5.8721801458e-02 2.6779720600e-02 4.0765055959e-02 2.9888626454e-02 5.3759935566e-03 -5.3337980592e-02 6.0370622584e-02 4.3497843226e-02 5.2946551378e-02 8.0246132496e-03 5.8284365298e-03 7.2093438396e-02 -4.7802416264e-02 1.9472511374e-02 -2.1074686463e-02 -2.1238291090e-02 -6.6467013783e-02
1.3997582628e-02 4.8655279974e-02 -5.1047737411e-02 6.9220907110e-02 -4.1272848078e-03 -8.3795691262e-02 7.0229207670e-02 1.0555218398e-01 6.1651951752e-02 -4.3352812799e-02 6.3054618968e-02 -2.2512929412e-02 4.8154595491e-02 7.9695667469e-02 -1.5312653429e-03 5.2146888323e-02 6.1972142192e-02 -1.9267086485e-02 4.8892800580e-03
-4.9687720716e-02 2.2255784316e-02 -6.1183546853e-02 -6.0239969908e-03 1.6550338926e-02 6.3795179015e-02 -4.6347915636e-02 -8.1175890150e-02 1.8946807535e-01 7.1516576665e-03 2.0858912648e-02 -1.2993071468e-02 -7.4076039722e-02 5.6541925084e-02 5.1718517407e-02 4.8481303524e-03 -2.4337148038e-03 -1.0311150617e-02 -7.5389131366e-03
1.5669869194e-03 2.2857093082e-02 -3.9717200516e-03 5.5557931929e-02 -1.0438135666e-02 2.9379830961e-02 -8.3154087156e-02 3.9837756827e-02 4.7147461454e-02 -9.3249998468e-02 6.0510448513e-02 -5.0163523518e-02 9.8588320432e-03 2.3354907284e-03 -3.9365217101e-02 6.1610776410e-02 -3.0847963940e-02 -5.8333711235e-02 9.1264152569e-02
-1.3863864241e-03 3.4802034407e-01 -4.7184059107e-02 1.2920083531e-01 -2.2270525698e-01 7.5389666659e-03 1.6953739058e-01 1.1083375498e-01 -1.9041939122e-01 3.7730285941e-02 2.0818772389e-01 -2.0103831296e-02 2.7521786466e-01 7.5476954600e-02 1.5852983496e-01 1.7179315043e-01 4.3753860817e-01 1.5570650944e-02 -1.2220839593e-02
-4.2693682796e-04 8.8460295470e-02 6.7064017820e-02 5.3740682388e-02 -4.6602945818e-02 9.4708197679e-02 2.4072058282e-01 2.3484195133e-02 -4.4285005961e-02 -7.4920390857e-02 6.7477752616e-03 2.8715946240e-02 8.2252477309e-02 -8.3461546023e-02 7.3408490875e-02 4.3079048065e-02 7.3114585085e-02 8.3632775561e-02 7.9234413366e-02
