1.5417768077e-01 -1.8244239805e-02 -6.9788421000e-02 -2.1496458494e-01 -1.3672349268e-01 6.4515132938e-02 1.4648840529e-01 6.4873069547e-02 -3.3334761201e-02 3.7122049437e-02 -1.2627059598e-01 1.3777016568e-01 -1.1275993930e-01 -1.9969080904e-01 9.5566868852e-02 2.9806347228e-02 1.3829287011e-01 1.1840115000e-01 -8.6156933998e-02
2.3268176626e-01 -4.0567451207e-02 9.8217122194e-02 -3.2566938994e-02 1.5723278265e-01 4.6083523520e-02 3.2055245218e-02 1.6616618401e-01 -8.6061565477e-02 -2.1035501233e-02 -9.6831194921e-03 3.4923679625e-02 4.4624593209e-02 -1.4252719954e-02 1.1648610852e-01 3.5520275821e-02 -5.2256954665e-03 8.8233112636e-02 -4.3316922176e-02
-2.8142916675e-02 -3.7560372023e-02 2.7243307929e-02 2.6122762656e-02 1.2418243654e-02 -6.1415586931e-02 -2.8106419908e-02 -2.3653064827e-02 2.5521267432e-02 -3.2526204109e-02 3.1984475669e-02 -8.5158534204e-03 5.7362581347e-02 7.5787327954e-02 1.2939642921e-01 -8.6416181334e-02 -1.1418462242e-01 -1.1188726903e-02 5.8746136938e-02
7.5675141563e-02 4.8960656669e-03 2.7459298814e-02 6.5526060382e-02 1.0205374485e-01 9.2088768897e-02 -6.2716517024e-03 6.3895953570e-02 2.5921210896e-01 -1.7656088962e-01 -9.1176542102e-02 -7.5783764894e-02 1.7265448897e-01 1.4015045807e-01 3.5877311885e-02 -1.9648661193e-02 -2.7286419887e-02 2.5750869915e-01 -2.1741493110e-03
1.9962001433e-01 2.3153275330e-02 -4.5081443314e-02 -1.3845558432e-01 -1.1953773527e-01 3.0359241784e-02 1.6058777723e-01 -3.8585956619e-02 6.1706302335e-02 1.2472965258e-01 4.7740966860e-03 1.8311197028e-01 -1.2872070623e-01 -6.9367361254e-02 5.1673536501e-02 9.6570710744e-02 1.5585907263e-01 1.6966801839e-01 -3.0600385847e-02
2.4305236856e-02 3.1911485119e-04 9.9658577944e-02 4.0507899086e-02 6.2484059114e-02 -3.5304341355e-03 -3.8540837677e-02 1.0436581162e-02 2.7210261223e-02 -4.5495606667e-02 3.1263389878e-02 2.6662968742e-03 1.8708215509e-02 -3.0708279240e-02 1.0085039773e-01 -2.7282895543e-02 -1.6691842703e-02 -7.8659748500e-03 2.1808992845e-02
1.7629583484e-01 -2.9108794835e-02 -6.8714378583e-03 -2.3350852513e-01 2.2277351192e-02 -9.5736303643e-02 2.4411873157e-02 -1.7052005723e-02 2.7601585576e-02 2.1995756438e-02 -3.6181931198e-02 2.1543969483e-03 -1.0839928373e-01 -1.2691381471e-01 -3.6218320222e-02 8.2084105851e-02 1.7714542033e-01 1.2638086144e-01 1.7260029324e-02
-2.1021491256e-01 -9.0041230119e-02 2.5546262963e-01 1.4681799312e-01 1.8825634051e-01 3.5126505757e-01 -1.8298393900e-01 2.3871627935e-01 2.3202725132e-01 -1.6409272259e-01 4.3617900693e-02 -1.9401260465e-01 3.6400976487e-01 2.2513607554e-01 -1.5140047499e-01 -2.3432286726e-01 -2.1944823686e-01 2.5760401798e-01 2.1911186925e-01
-5.7919341378e-02 4.6224939073e-02 -4.3579622791e-02 -5.3098712292e-02 7.0111509770e-02 5.7372229764e-02 2.1699262636e-02 1.1288776395e-01 8.9739586759e-03 3.0108900821e-02 7.8965991552e-03 -2.4653348470e-02 8.2968607701e-02 -4.0549646429e-02 2.5728031998e-02 1.0246291892e-01 -4.7180453373e-02 6.6211243828e-02 5.7459686420e-02
2.9779815493e-01 -2.8647340982e-02 3.7785766006e-04 -1.7151327758e-01 -5.1733183358e-02 2.3646937731e-02 1.5413618541e-01 1.0945045106e-01 -5.4944710929e-02 -1.1531087997e-01 -2.6360448327e-03 1.0617553893e-01 -1.7045778082e-01 -1.7725875462e-01 1.3835583924e-01 2.5477030076e-02 1.0652735215e-01 1.3665857873e-01 -5.1281807840e-02
4.1772408875e-02 -9.5133104214e-02 -8.7087726726e-02 8.0886345180e-03 -3.2199971373e-02 -6.8474600542e-02 -1.8986883247e-03 -2.0748585878e-02 1.7780115635e-02 7.7198758579e-02 2.0208733103e-02 -9.1815100635e-02 8.2671847185e-03 4.6093657018e-02 -1.2605226091e-03 -1.0775830708e-01 -1.2139775553e-02 1.1251426467e-03 4.7199031295e-02
-2.2684880997e-01 -1.7825667773e-02 2.7320897110e-02 -2.3017277013e-02 -3.1408807311e-01 -9.1320609317e-02 -3.2396203183e-01 -2.9260342309e-01 4.4512681201e-03 -1.5994648494e-01 4.3458590011e-02 -2.8175269366e-01 -6.5177393893e-01 -1.9576771281e-01 -3.4193145236e-01 -4.0170769930e-01 -3.7633113481e-01 -2.7441883795e-01 2.7069448111e-01
1.5351417513e-01 -3.4126712103e-02 1.7295549357e-01 1.1211085323e-01 2.7447628651e-01 6.1734341570e-02 -8.8453135182e-03 1.4363146681e-01 2.1807523443e-02 7.0955073965e-02 -8.1187325650e-02 -8.7698276833e-03 4.9866671066e-02 1.4442105711e-01 -3.2651344674e-03 -1.1787822132e-01 -1.1131780732e-01 2.8614771732e-01 -1.2150668342e-02
2.2735381378e-01 -8.0283765774e-02 -3.7254202130e-02 -6.8085933553e-02 -1.1585969999e-01 -5.7768516606e-02 1.7182781869e-01 3.1735051701e-02 -2.4394061388e-02 5.6870531976e-02 -5.1204516992e-02 5.5749470082e-02 -1.9433070362e-01 -1.3599173233e-01 5.1772986219e-02 -1.8463393483e-02 2.0210072771e-02 1.1038045252e-01 -1.6863256037e-01
3.1430614225e-03 -8.3847611763e-03 1.2771886980e-01 -9.8768747108e-03 1.8042639768e-01 7.8697203872e-02 6.0576866841e-02 1.6151093163e-01 1.7049056613e-01 5.1646268556e-03 -5.6623094355e-02 1.7084412821e-02 1.2653255862e-01 2.2029307678e-02 3.3083958713e-02 4.0054555148e-02 1.4442042659e-02 2.1759467013e-01 -1.7553202841e-02
1.0880204026e-01 -5.5683081095e-02 -6.2002130888e-02 -1.9917773806e-01 -1.5265449798e-01 2.0612621815e-01 9.5656764711e-02 1.1611634222e-01 -7.1642254623e-02 4.2966735880e-02 2.4098917475e-02 -5.1019982393e-03 -3.0738862226e-01 -2.1315443567e-01 1.7453705820e-01 4.2931571160e-03 4.3723231243e-02 -3.9388510987e-02 4.1139553102e-02
1.2488351966e-01 -3.4578124201e-03 6.1606310659e-02 1.4382732001e-02 1.4666287034e-01 1.4779777797e-01 -2.8075608747e-02 2.2981687305e-01 1.0143491890e-01 -3.4371252430e-02 -1.0714476114e-01 2.5496342918e-02 1.4007611565e-02 4.6048952307e-02 7.8542138883e-02 8.0933984374e-02 -2.6863206934e-02 1.5162035477e-01 1.0422269773e-02
-1.1403044416e-02 8.1242909162e-02 1.1308692742e-01 7.3412912141e-02 1.9096340602e-01 1.0286233561e-01 -1.4231202253e-02 8.3262773833e-02 1.1756184709e-01 3.5468369669e-02 -2.6813844908e-02 -1.4750325410e-02 1.7601370796e-01 7.2222766626e-02 1.4401115112e-02 -3.1789998355e-02 -8.9580301872e-03 2.3956654654e-01 -6.0735754981e-02
2.9426930882e-02 2.3703588052e-02 1.0475786818e-01 -5.4402406746e-02 1.0620293751e-01 -8.0719544970e-02 -5.8773453304e-02 1.3735535122e-02 2.1119542755e-02 7.3485969779e-02 -9.7464446337e-02 -7.1682842134e-02 -2.6853587146e-02 -2.0641522090e-02 3.6042322975e-02 4.6967968078e-02 2.8727232859e-02 1.1377285404e-02 1.0467072613e-02
