3.6098681640e-01 -5.5299504253e-02 3.3926029363e-01 -1.2922613269e-01 4.4431964560e-02 3.7335106299e-02 -2.5189201161e-01 -2.2501189215e-01 -8.5778677867e-02 -9.5713504076e-02 3.9005225380e-01 2.7039022109e-01 5.2929419692e-02 2.1799603938e-01 1.2413171715e-01 7.4076311497e-02 -7.7394125482e-03 3.2022708419e-01 3.1304202819e-01
3.1845964150e-02 1.2730126462e-01 -6.1742212342e-02 7.9967530468e-02 -4.3836393072e-02 3.3211404830e-02 -1.0997638798e-02 -7.3288295379e-02 -3.4161649481e-02 4.9865823109e-02 -4.3798285591e-02 1.1423694730e-02 -2.4440764099e-02 -5.3268554908e-02 1.6456235521e-02 6.4850568827e-03 -4.2559342117e-02 9.6199815844e-02 7.3486292738e-02
1.1041025461e-01 -4.6168892116e-02 2.5008952034e-01 -3.1995649833e-02 2.0622114635e-02 -2.8653938680e-02 -1.2332120156e-01 -1.0268399361e-01 -4.1667519381e-02 1.3534800864e-02 2.0493213278e-01 1.8112874331e-01 -4.6373375840e-02 1.7882398797e-02 2.4874347458e-01 8.3356587650e-03 -7.9518386315e-02 1.0173765031e-01 6.2404180833e-02
2.0657477081e-01 1.7313918691e-02 9.4808644902e-02 5.2633442273e-02 -6.1676374548e-02 1.4774459015e-01 -1.0167487710e-02 2.2689848655e-03 -3.8830814291e-02 3.1696809242e-03 1.8299172753e-01 -3.8098122890e-02 -3.6984792749e-02 9.2425960734e-02 -5.2654371620e-02 -5.6195111049e-02 1.2755370160e-02 1.6778051216e-01 1.0767314138e-01
1.5236190111e-03 2.4775942249e-02 3.9152817937e-02 -5.6030809601e-04 -5.0392863783e-02 6.5051018989e-03 5.9226947475e-02 -4.4947543930e-03 -2.6328497827e-02 2.9839044544e-02 6.9527673902e-02 -4.5260585817e-02 6.2722950164e-02 -8.4373725379e-03 -6.2476115677e-02 8.5849064070e-03 6.1404363106e-02 3.4996137344e-02 3.9334844157e-02
1.6953045228e-01 6.7848111397e-02 2.3630618658e-01 2.8055899675e-02 -9.2285479146e-02 -4.7141237974e-02 -9.7148878720e-02 -1.1569316366e-01 1.3022688103e-02 1.9660603755e-02 2.4770216659e-01 3.0276031430e-01 -1.8297653669e-02 1.1211583735e-01 1.3422704191e-01 -1.3884739896e-01 4.2887977126e-02 2.7013936247e-01 1.6688859880e-01
8.7740356957e-02 8.7963704215e-02 7.3572619417e-03 1.8215155690e-01 -1.0331631870e-02 1.2762410353e-01 9.7070681214e-02 7.9956939734e-02 -5.3056064335e-02 -8.1935318643e-02 2.9042231044e-01 3.3042675128e-02 -5.2782468585e-02 2.0664943160e-03 -5.5344805239e-03 -7.6061832283e-02 1.8454958406e-02 7.6421076349e-02 -2.1192817595e-02
1.6465260887e-01 -1.9058360842e-02 1.5265481337e-01 1.0274295217e-01 7.0309933884e-03 1.5130129717e-01 -5.1594941092e-02 8.9714939829e-02 1.3152772074e-02 2.9604375813e-02 3.2874406820e-01 4.7947042231e-02 3.5887170761e-03 -5.5604364927e-02 -8.6095089474e-02 4.7256476607e-02 3.6664159400e-02 -3.2979573527e-03 4.3475996705e-02
6.1401180811e-02 2.8324375832e-02 5.3244765351e-02 -1.1674149587e-01 8.1095022891e-02 -1.1535045408e-01 2.2517372936e-02 -8.1283571388e-02 3.5769588920e-02 -1.7921234505e-02 1.5706899344e-01 1.8458339164e-01 4.1045794184e-02 8.3124545622e-02 9.5367422532e-02 1.0246894528e-01 2.0865281685e-03 1.0699051481e-01 1.3737982088e-01
4.8384026395e-02 5.6229902448e-03 1.3388497068e-01 -1.0109407244e-01 5.6032242739e-02 -1.2444461744e-01 -2.2576115663e-01 -1.2165172109e-01 -8.8083791691e-02 6.4515677503e-02 8.2163444566e-02 1.8060644524e-01 -3.6158571384e-02 7.9921594460e-02 1.2551745137e-01 -9.3192873105e-02 -7.7761882802e-02 1.5379553299e-01 1.0739595989e-01
1.1370692855e-01 -1.3894084461e-01 1.2244332349e-01 -4.8365000021e-02 -3.2022413268e-02 -8.7361310799e-02 -1.1110738801e-01 -1.7405987828e-01 -1.6464586000e-02 -3.2479937802e-02 1.3909887335e-01 2.6266098232e-01 4.6226181772e-02 1.7925114738e-01 2.1157954538e-01 4.2778875041e-02 1.9117123679e-01 1.0322448074e-01 8.9355437676e-02
-4.0481571229e-02 3.2957142762e-02 -6.3758003157e-02 1.0926616377e-01 -2.2015260339e-02 4.9245409672e-02 -1.3346953616e-01 7.9533233133e-02 1.3575719098e-02 -8.5313707580e-02 -9.2943163874e-02 1.8937874323e-02 -2.1766446903e-02 -2.7448752620e-02 -6.2468172293e-03 4.1806835526e-02 -1.2150716201e-02 -2.4402706364e-02 -1.7565936599e-02
-1.9388569966e-02 6.1982694970e-02 -1.1364359997e-02 -2.5704083576e-02 -2.3500317897e-02 8.7196234095e-02 -1.1878961988e-01 -8.9360553178e-03 -1.4899617480e-01 -2.3021791636e-02 3.1031233828e-02 -6.7066991105e-03 5.7579308261e-02 -3.8934029966e-02 9.2065550769e-02 -9.7409224198e-03 -1.4955257338e-01 6.0314269396e-03 1.0046776957e-02
-5.3850678680e-04 -2.7033208769e-02 2.2537842041e-02 1.4298006616e-01 -9.5782839309e-02 1.5121449202e-01 1.4441833669e-01 1.8907410982e-01 4.6299612722e-03 1.4090898748e-02 1.9051658531e-01 -5.9916721983e-02 -1.3239762460e-01 -3.3768306873e-02 -4.0119157853e-02 -3.9788846333e-02 1.1260311622e-03 -6.2978247713e-02 -1.0149275064e-01
7.6030979318e-02 -1.2487816210e-01 -1.8027035985e-02 -8.1210513088e-03 7.6807068412e-02 2.3718704220e-01 3.2847998849e-02 -1.4684412968e-02 -6.3087729154e-02 3.1268471307e-02 2.4460960714e-01 -2.0858848293e-02 -3.1843420093e-02 -5.3914515153e-02 2.8326181300e-02 -6.9652558441e-02 -8.9683223273e-02 7.1159182324e-02 6.6183202420e-02
3.2541274130e-01 -4.4668376136e-02 2.1779316531e-01 -1.2151028290e-01 -9.6046375627e-02 -8.8542151543e-02 -2.9078642325e-01 -2.3904667085e-01 3.3475472762e-02 -2.1249769563e-02 2.2780684954e-01 2.3860256561e-01 5.9545321251e-02 2.6039968472e-01 2.0846829292e-01 -4.5552032268e-02 1.8886690911e-02 1.7326889599e-01 2.2877652146e-01
1.9410966098e-01 3.0466726024e-02 1.8900971636e-01 -1.6687641897e-01 -1.0219193560e-01 -1.0992165177e-01 -1.0424798088e-01 -1.0630944314e-01 -1.5668137772e-01 4.8917882036e-03 1.3807997854e-01 1.6135546730e-01 1.1270231420e-02 1.3578147642e-01 1.2850956098e-01 -4.3877020804e-02 -2.8253707766e-02 1.6560523828e-01 1.5319499096e-01
-5.3591029009e-02 -2.6942289657e-02 -1.2834109130e-01 1.8907168590e-01 6.0618443596e-02 1.2147230665e-01 1.5566854083e-01 2.0239160464e-01 -2.7433730455e-03 1.1078855424e-02 1.1226937040e-01 -1.2080101438e-01 -3.6345375567e-03 -8.0022780971e-02 -9.1076708585e-02 -5.2067680752e-02 -3.5020915251e-02 -9.7372780780e-02 -7.9410618902e-02
1.7206959591e-02 3.9725662829e-02 6.1977620964e-02 -1.4447041702e-02 9.4957227402e-02 -1.1403650255e-01 2.2020121111e-02 -9.9051651622e-02 3.2086397934e-02 1.4338035113e-02 6.4420113074e-02 -9.5969498929e-03 -4.1362108222e-02 1.3468157634e-01 -3.9155259048e-02 1.1664710776e-01 1.3756306738e-02 3.2615891544e-02 -4.7892850498e-03
