7.5438239348e-02 -3.4586860104e-02 -7.9606059442e-02 1.8347205303e-02 -1.5649824333e-02 1.6772174420e-01 -6.9226664543e-03 2.4642538610e-01 -1.2848748413e-01 -5.3794775231e-02 -3.2531947611e-01 1.8377236151e-01 -2.1641426382e-01 -7.0441568283e-03 -2.9224797074e-02 1.8870462168e-01 -2.0731408882e-01 1.8416036761e-01 1.1557034663e-01
1.9845547591e-01 5.2521233832e-02 -9.7762020494e-02 -4.7122673121e-02 1.7572058189e-01 3.3278928955e-02 4.5047861638e-02 -1.0117252998e-01 -1.0885232793e-01 -1.9086199750e-01 8.7743813858e-02 -8.4383947490e-02 -1.3306401698e-01 -1.0306725585e-01 -3.3751938240e-01 -4.5002388308e-02 -6.8781634401e-02 -1.4183702376e-01 6.6556646874e-02
1.5466028083e-01 5.4446992636e-02 -1.4174593494e-02 -1.3665904299e-01 -3.2016159473e-01 7.2095408326e-03 -5.2237129563e-02 1.0246842406e-01 9.5811748258e-02 -5.3019941538e-02 2.6407030837e-01 -9.1461395161e-02 -7.6117998446e-02 -1.6272987107e-01 1.0561332649e-01 -9.5090306713e-02 -3.1019877928e-04 -2.0509118578e-01 -1.3850002729e-01
1.6361361320e-02 -3.6403080755e-02 2.1863388568e-01 -4.4041842429e-01 -1.2882731618e-01 -1.1376693029e-01 -1.1276328650e-01 2.5208636166e-01 -1.9871229168e-01 1.3319240924e-01 2.3195462927e-01 -1.7218844248e-03 -4.6592096714e-01 -7.9137154687e-03 -2.2019606389e-01 -1.4867876430e-01 -1.2868298769e-01 7.3882873857e-02 1.3702157845e-01
2.0956451397e-02 -1.5459344568e-01 2.2669821326e-01 -8.0844622100e-02 8.3322693208e-02 -2.2516718145e-01 9.0748340597e-02 2.0918744282e-01 5.9830230527e-02 3.9157227250e-02 9.6115337462e-02 -1.7358604810e-01 -2.3760409030e-01 1.8550550160e-01 -1.0973913808e-01 8.3174645125e-02 -2.8233503901e-02 -1.8290740245e-01 2.9202660650e-02
1.7672684687e-01 3.1633560736e-01 1.5415981027e-01 -2.2411640196e-01 1.4345028586e-01 3.7616895799e-02 -6.5878545777e-02 -6.6146797374e-02 6.1159100568e-02 -7.8197778229e-02 -2.3045136208e-02 -1.5894464068e-01 -5.1948249323e-02 -2.4121212229e-01 4.6317759569e-02 2.0928177512e-02 9.0115180641e-02 -7.2236552706e-02 5.8448896489e-02
2.7072831799e-01 -6.7874787097e-02 1.3058932996e-01 1.9609884530e-02 -1.0622671565e-01 1.4967073093e-01 -1.2739818885e-01 2.4359109334e-03 -4.6881095894e-03 3.6944808404e-01 4.5237393717e-02 -1.2908261372e-01 1.8879591424e-01 -8.7226288470e-02 -9.6699788452e-02 -4.2848997006e-02 -4.2664405738e-02 -2.7305272591e-01 -6.4476584769e-02
-1.1266185593e-02 1.6628159717e-01 1.2203172705e-01 3.4004613293e-02 -2.7860233254e-01 -3.3299554484e-02 8.2321948883e-02 8.3490001535e-02 -6.4469751277e-02 -9.1835953549e-02 -1.4507210801e-01 -9.6168592072e-02 8.5449588788e-02 2.9965667058e-01 2.0192277035e-03 -9.1977694530e-02 -2.6553850253e-02 8.6101273748e-02 -2.2326716714e-02
6.5805386122e-02 -6.2185471448e-02 1.7280714574e-01 1.6672978979e-01 -3.6504036336e-02 -8.4413356258e-02 -1.6987068602e-01 -2.0500716505e-01 -6.8819569917e-02 2.3584148939e-02 4.6313404345e-02 -9.7847089579e-02 1.7031170992e-01 -1.9559676462e-01 -9.2195303084e-02 -3.9114097435e-01 9.2776729170e-02 1.7212222505e-01 1.4525448459e-01
8.1661970281e-02 5.4212619093e-02 -1.8858327853e-02 1.3979265860e-01 4.2473539239e-02 1.3441151649e-01 -1.4041963355e-01 -5.1793781750e-02 1.7388468831e-01 1.9113827038e-01 5.9729069333e-02 1.9915944793e-01 7.5730797193e-02 -4.2447649591e-02 6.9109103743e-02 1.2340356027e-01 1.0943210403e-01 9.3800605320e-03 -2.3513318518e-01
