-1.9476124864e-03 -3.1733621663e-02 7.5121119311e-02 -1.7977314669e-01 -8.7718393685e-02 -1.3931213109e-01 -2.3107455403e-02 1.5342096389e-02 -3.1300103045e-02 -8.1758206671e-02 8.5695619499e-02 1.1189987365e-01 -1.0352892505e-01 -3.2029633843e-02 -7.2017221924e-02 -8.1757341978e-02 -1.0629721068e-01 1.2640770368e-01 1.1166072201e-02
1.4086412702e-02 1.5274600304e-02 -9.4326332870e-02 1.4408342522e-01 1.3077508468e-01 2.3352368422e-01 2.4964628861e-02 6.8259938320e-02 1.0283435903e-01 1.3179839254e-01 -1.2766811453e-01 2.7144612326e-03 -1.0199838351e-01 -1.1496276607e-01 2.2023739797e-01 1.9679921097e-01 -7.7999204912e-02 -4.9168408809e-02 1.7159667744e-01
7.7335011555e-02 7.2624712438e-03 1.1456131602e-01 1.9267715389e-02 1.2441340133e-01 -6.3860905283e-02 1.1116515395e-01 2.5528778498e-02 -6.3310505640e-02 2.6966563969e-02 -8.2901715059e-02 -7.2258933250e-02 6.5781864199e-02 1.0210894511e-01 -3.1383482454e-02 8.6126770023e-02 -3.5612554480e-02 6.0519359418e-02 -3.2324148584e-02
-1.1765349844e-03 2.6513299296e-02 2.4041147196e-01 -1.0918240126e-01 -6.0961321650e-02 1.2126143875e-01 3.7288870217e-03 -1.0637409606e-01 3.3540465722e-02 -7.2157091042e-03 1.7382065489e-01 -9.6557930990e-02 2.1842092003e-01 -3.7177905060e-02 1.9436574285e-01 -1.2181987977e-01 2.0281407819e-01 -1.2042338691e-02 6.7018298727e-02
-8.2664071002e-02 7.6266618318e-02 1.6790143083e-01 3.0639001588e-02 -5.2452242902e-02 2.1535486480e-01 7.3064613922e-02 -5.4212827129e-02 -1.9021560349e-03 2.4301508687e-02 -3.6268439276e-02 -3.1511404184e-02 1.0653952221e-01 -8.6666520661e-02 2.9851347160e-01 4.0595251143e-03 1.1656607367e-01 -3.0575414414e-02 -5.7338785844e-02
-2.4649155164e-02 -7.8495388757e-02 -2.6556392104e-02 -1.0376231312e-01 2.3756156726e-02 -7.2500795155e-02 1.0449751830e-01 -7.1603859485e-02 1.1635342441e-02 9.7786828726e-02 6.7791553207e-02 -9.6874823147e-02 1.9019792140e-02 1.9761223076e-02 7.0092044565e-02 4.4476234593e-02 1.9603998868e-02 1.7819104566e-02 6.5273039851e-02
-1.1207188945e-01 -6.7198467808e-03 1.6095546280e-01 9.8635306876e-02 1.5308135299e-01 2.1058094365e-01 -3.9131374049e-02 1.0916089348e-02 -7.5337381315e-02 8.4616658195e-02 9.2653180714e-02 -1.4861122710e-01 6.3243003517e-02 -4.9243207955e-02 3.4333267904e-01 4.4471078829e-02 2.8700644705e-02 1.0440139727e-01 1.7484667389e-01
6.9137004085e-02 -5.0304216644e-03 1.3167686850e-01 -8.6238271025e-02 -2.0630544118e-01 1.3460903955e-01 -1.1036645376e-01 -5.0357250510e-02 -9.0664463547e-02 -9.5624104677e-02 2.0551245101e-01 -3.2485664980e-02 2.3937806065e-01 9.0380839429e-03 1.6912835812e-01 -1.2202578851e-01 2.1646826130e-01 -5.6924998269e-06 -9.4736629315e-02
4.0336640630e-02 -6.7426391424e-02 -3.8233978430e-03 4.3763936377e-02 -9.6561915096e-02 -6.6592875936e-02 -8.1388797957e-02 -2.9748730182e-02 -7.8523546602e-02 5.3737082604e-02 -8.1363966760e-02 4.2493866860e-02 -5.1574312890e-03 7.1530832597e-02 1.0188097598e-01 9.1587698960e-02 8.0144596812e-02 4.4630033986e-02 -4.4610058550e-02
3.6930547218e-02 -1.3652034441e-02 1.8751126432e-02 -1.7593546828e-02 9.4643328466e-03 -4.0943919469e-02 3.0461887554e-03 -5.9060565002e-02 -2.6105003133e-02 -4.7631408307e-02 -9.0262618703e-02 4.4581070979e-02 7.2650375754e-02 -4.9573078862e-02 -1.1768071973e-01 7.9285992687e-03 -5.6284921711e-02 -7.4912996108e-03 -3.0342661042e-02
2.2758812166e-02 -9.7377971026e-02 -1.7955435291e-02 2.1280631724e-02 -3.1969641680e-02 9.6737127898e-02 4.0450965755e-02 6.8369745665e-02 3.5187045876e-02 5.8094953983e-02 6.7836800465e-02 -1.4204814713e-01 -6.5831116038e-02 5.7034815125e-02 -1.5760754820e-01 1.9262830009e-02 -1.6855819953e-02 -6.4537477625e-02 -3.3615383527e-02
2.3230929889e-02 -7.9147048561e-02 -1.4578668460e-02 2.8806320271e-01 1.1200271135e-01 2.3222556698e-01 -6.7709757125e-02 -8.0529201145e-02 -3.1588059767e-02 6.0734163036e-02 -1.2171519301e-01 -9.1473016696e-02 7.9471626584e-03 -9.0368493642e-02 3.1718351165e-01 1.0075189354e-01 -1.3731467866e-01 -1.2003984068e-02 1.6984367983e-01
-8.4389650032e-02 -1.2620464642e-01 -1.0571796595e-02 -3.6428865163e-02 1.8304627952e-01 1.1870922934e-01 -2.3796847751e-03 -2.1822627634e-02 -1.0532420128e-02 -2.7169675100e-02 1.4432861549e-01 2.8329564379e-02 6.2608837652e-02 -7.8948352957e-02 1.8484220991e-01 1.1782724869e-01 1.4439199075e-01 4.6880972072e-02 1.0691777918e-02
7.8495458931e-02 -3.0559367819e-02 4.8886880737e-02 1.1378912162e-01 1.4847439946e-01 9.9105324506e-02 -1.1700874743e-01 -9.7326986968e-03 9.3319612579e-03 4.3328180144e-02 -1.2563728854e-01 7.5292437808e-02 -7.0635112796e-04 3.6919085718e-02 1.7778524274e-01 5.2874455723e-02 -1.0809309662e-01 2.3362647874e-02 2.9102376424e-02
1.3348882803e-01 -7.9695923476e-02 4.0483736565e-02 -5.8823288450e-02 -8.5883879193e-02 -9.5903499482e-02 -4.1618133874e-02 -7.3569508216e-02 3.6878273117e-02 2.7972559655e-02 -2.9591441299e-02 -6.2894926508e-02 -7.8783589063e-02 4.4390711574e-02 -1.0374915365e-01 -2.3473215900e-02 4.3932864142e-02 6.7254923623e-02 2.5998779689e-02
-2.1398019759e-02 -1.7887911038e-01 9.2086089030e-02 1.4215953265e-01 9.3088143052e-02 2.0750087973e-01 2.5042972130e-02 -3.1264319048e-02 3.0397745533e-04 2.2416195851e-01 1.1596751425e-02 -6.2622323549e-02 4.4726499976e-02 -9.7943923317e-03 3.2583269191e-01 4.0691017624e-02 1.6931136064e-02 -1.5945051764e-01 1.6566728074e-01
-7.3210249583e-03 4.7765384057e-03 5.3856350871e-02 2.4639674418e-01 1.7322031724e-01 1.8566123619e-01 4.8216494745e-02 -2.3809340318e-02 -4.2811981694e-02 7.1171478506e-02 -5.3282831995e-02 5.3499855998e-02 -1.5593562748e-01 -1.0057133336e-01 3.4242672762e-01 1.2138088810e-01 -1.2723168251e-01 -4.1607518147e-02 1.5992390787e-01
4.3927771185e-02 -1.2740706553e-02 -2.3700814071e-02 1.0427196490e-01 -5.1246759842e-02 -1.5254152555e-02 3.6714739400e-02 1.0307555998e-02 -1.1175483108e-02 1.8307077038e-02 -7.2986015290e-02 1.4769875677e-01 -4.0214635786e-02 3.3896400358e-03 -3.5287244327e-02 -4.6108270268e-02 2.5989183597e-02 1.6158310317e-02 8.8412601311e-03
5.0352486130e-02 5.9940277641e-02 1.6897261256e-01 4.6661420311e-02 5.1632840598e-02 2.0695277203e-01 -3.5077448721e-02 -1.3487783641e-02 -3.2221486738e-02 4.3931629998e-02 -7.5525456892e-02 2.0702407372e-02 1.2315504209e-01 -5.8559200039e-02 2.0679094412e-01 2.9416312519e-03 3.2801062630e-02 9.5377925734e-03 2.0733285080e-01
