3.4012208018e-02 -3.8773418594e-02 1.1733405966e-01 -3.7889886832e-03 -1.6570318797e-02 1.8687396140e-02 -1.7813809692e-02 -1.0896983857e-01 -7.1038823622e-02 3.4660469831e-02 8.4502631176e-02 -2.9910631115e-02 9.4623217714e-02 -4.6971068638e-02 2.4848696449e-03 1.3144169429e-01 3.3302948523e-02 -3.1082394684e-02 1.5141717248e-01
-3.2207691298e-02 -6.7427057666e-03 -9.4980335220e-02 -9.2916535306e-02 4.3783191105e-03 2.2431782255e-01 2.6577243028e-02 2.3340678104e-01 2.6022048748e-01 1.4407791708e-01 -1.8821044381e-01 -2.6159726408e-01 7.3785818076e-02 -1.3620096738e-01 -2.4159453822e-01 6.6587539797e-02 -1.6900789541e-01 3.1499864711e-01 3.9402091136e-02
6.0671255125e-02 5.6178386433e-02 -1.1366575566e-01 -9.4579857438e-02 2.9552636870e-01 3.1747321432e-01 -6.1979144004e-02 -1.9918006288e-01 -1.0248591577e+00 3.9981585208e-01 -5.9046754583e-02 1.2144471455e-01 3.7307702293e-01 2.2667212850e-01 1.9284503094e-02 1.9165462631e-01 -9.5605113896e-03 -1.2301256481e-01 -6.6138888232e-02
2.9258845362e-03 9.1861088534e-02 4.8583341597e-02 3.4084767819e-02 9.3728756034e-02 -1.1727299462e-02 1.5790911491e-02 -1.7540075749e-01 1.1119311242e-01 1.0098916534e-01 -1.4045883302e-01 1.1187227047e-01 -2.5188127453e-01 3.8050353638e-02 7.4580161469e-02 8.3254291518e-02 6.0991855015e-03 9.0606507118e-02 -3.5500222341e-03
3.9257210753e-02 5.2037647287e-02 5.0834817509e-02 1.0174637074e-01 -1.3340846321e-01 7.9242133036e-02 -9.2808424159e-03 2.6198130838e-02 -3.6534165231e-02 6.8428515187e-02 -1.4925886040e-01 -1.5784910027e-01 -4.6526909160e-02 1.7376035298e-01 1.7221980590e-02 1.0867649103e-01 5.1536888919e-02 1.4262754067e-01 1.5207525809e-01
5.3332622093e-03 -9.0948374367e-03 9.0259200359e-02 -3.9034419688e-02 1.8206296701e-02 3.9401722217e-02 4.7797072220e-03 9.0861194455e-03 -3.9800353614e-01 1.1975279468e-01 2.6281891093e-02 1.0364216961e-01 -6.1336984614e-02 -1.0670452167e-01 -8.7324371517e-02 2.0173001589e-02 4.8617456494e-02 -2.5998775844e-02 3.9741344976e-02
2.6808162561e-02 -2.4960258296e-01 1.0392305065e-01 1.0957514621e-01 1.1647692364e-01 -2.0338579559e-01 -5.7013480393e-02 -8.2256341210e-02 -9.3714595315e-02 -3.8982006483e-02 2.3208809039e-02 9.3015894661e-02 2.2828101470e-02 9.6783748417e-02 7.9462693768e-02 -5.7964035715e-03 1.1321514447e-01 5.0904365995e-02 9.4516556475e-02
-1.1826579422e-01 9.5217068465e-02 -5.9883767613e-02 -1.0023129422e-01 1.0710675130e-01 -1.9372804492e-02 1.5762324253e-02 2.0865164635e-02 1.4542700333e-01 1.9257692535e-02 1.2869790384e-01 8.8232274303e-02 3.8535634025e-02 7.0706331239e-02 8.6065292617e-02 1.2394814853e-01 1.9713835823e-02 1.1354345598e-01 4.4351391786e-03
-7.3217591054e-02 1.0038689407e-01 6.7026821855e-02 -3.0920855124e-02 -1.5506807864e-02 4.9489304811e-03 -8.4861145591e-02 9.3135967702e-02 -1.0391773362e-01 1.2492549392e-02 -6.1699962623e-02 -4.6086852138e-02 -5.4279176889e-02 1.0776709265e-01 5.8294372825e-02 3.8445761165e-02 -4.5820106780e-02 -3.0464879755e-02 9.4365202690e-03
-1.1846282471e-02 8.4673762774e-02 1.6755361726e-02 -1.2527184442e-01 -7.4420408839e-02 -2.7672309425e-02 -7.8389251226e-02 -1.3390217989e-01 -1.7027016896e-01 2.1996141475e-01 4.2565664601e-02 2.8679574461e-03 7.0568330405e-03 6.3800792704e-02 -8.3124837903e-02 7.4177497039e-02 1.7421848449e-02 4.2758806340e-02 1.0485663080e-01
-1.6756211030e-02 1.0942930827e-01 2.3923756577e-02 -1.1380868299e-01 -1.4425248328e-01 -1.5767531069e-02 -5.4551276285e-02 2.3109231014e-01 -2.5642506769e-02 1.3391267367e-01 1.1637020226e-01 7.3599009328e-02 -1.9979678673e-01 2.9731110752e-01 1.0541343066e-01 3.4130580079e-02 -6.4491197222e-03 -1.9310308294e-01 -1.6888956708e-01
-3.5862802357e-02 7.7050505239e-02 1.0286239726e-01 -2.9894931777e-02 -7.0162598060e-02 1.4046001943e-01 2.8512554414e-02 -5.9406671779e-02 3.5858496831e-02 1.5840839569e-01 4.5483708945e-02 1.0242754648e-01 -2.4701949045e-01 5.0899562949e-02 7.5026557799e-03 -1.3752791939e-01 1.1128466286e-01 7.4741332332e-02 -4.9459042574e-03
-1.1020218257e-01 1.3707441241e-01 -5.1064450886e-03 -4.8576051909e-02 1.4769207198e-01 -4.7750817557e-02 -1.9896057921e-02 -8.5159241625e-02 -1.3746239504e-01 1.2110112376e-01 -4.3399791606e-02 4.1204028794e-02 -3.7669435269e-03 -6.0798490400e-03 1.0404301653e-01 2.7920745656e-01 -5.1076458718e-02 -9.2280227261e-02 8.7826074631e-02
1.6510603062e-01 -2.3736143714e-01 7.7085637493e-03 -1.6996496998e-01 4.4908930340e-02 -3.5122640175e-01 -1.0337745870e-01 -2.5539248012e-03 5.9974113695e-02 6.7333716769e-03 1.1511051328e-01 2.8617699827e-03 -6.7108428519e-02 1.7218984341e-02 1.9529718596e-01 3.1459721223e-02 -9.9546914248e-02 8.4437766485e-02 8.3852636060e-02
1.7773432548e-03 1.1121959089e-01 7.3863371332e-02 1.7860007438e-02 1.0942299221e-01 1.6127861189e-01 -3.6976587993e-02 8.1899978832e-02 6.9723371398e-02 8.8607786221e-02 3.9789658835e-02 1.4283405972e-02 -1.6843191302e-01 -3.0692487823e-02 8.8172333817e-02 1.4009049082e-01 3.5592712538e-02 -4.5285321639e-03 -1.3009173755e-01
3.6514159117e-02 -8.7190868745e-02 1.0638982691e-01 -2.6180754601e-01 1.8575090775e-01 5.6513701860e-02 -6.3241159350e-02 1.8312229064e-01 2.1204975971e-01 -2.9611148301e-02 -1.7641687851e-02 2.6222864692e-01 -2.6925960663e-01 -1.0200840178e-01 -9.2816738663e-03 -2.6185898718e-01 1.5052605955e-01 8.2474625223e-02 7.8433618654e-02
1.1912850633e-02 2.6374269539e-01 -1.1946537928e-01 7.1600570938e-02 -6.9192050597e-02 1.3818483888e-01 -1.4558927846e-02 -1.4736016287e-02 -4.9189299141e-01 2.8665732606e-01 -2.3336007530e-02 -1.1576544386e-01 8.5121898813e-02 -1.0916328542e-02 -2.0792924483e-01 6.2829453929e-02 -1.1383140492e-01 7.9216696453e-02 -1.9345063595e-02
-1.6880810871e-02 1.7204874191e-02 5.8854896189e-02 6.6436917485e-02 1.1400688148e-02 6.5236874771e-03 -1.2116121172e-02 1.4661703963e-03 1.4386360993e-01 4.4761052306e-02 1.5762361804e-01 1.9070442379e-01 -2.8830018103e-02 1.4129698583e-01 2.2157656213e-01 1.4057489263e-02 2.1373107707e-01 4.4404150541e-02 1.8627076528e-01
-1.1518920275e-01 1.2810192492e-01 1.3453094919e-01 4.0676341813e-03 -1.5357792858e-01 5.0092197231e-02 4.7808893308e-02 -4.2524102557e-02 1.7056698452e-01 1.8210114646e-01 -1.7621909095e-01 -5.7898347855e-02 -1.6221348696e-03 2.3878646697e-01 6.3483942703e-02 8.5076994958e-02 4.8435372730e-02 -1.9769500051e-04 1.2374087308e-01
