1.6463220331e-01 -4.4159077436e-03 2.7529984649e-03 -1.1854965592e-01 9.5208396569e-02 -1.4201814654e-01 -8.7263854876e-02 -1.0481015788e-01 2.5898134974e-01 -1.0839664869e-02 -4.1885545827e-02 -1.7976982793e-02 4.3505914362e-02 -2.0813552511e-02 -7.9988690920e-02 -1.5081014925e-02 7.7905986536e-02 -1.5359386459e-01 -3.8945718444e-02
1.0952952689e-02 5.5905018153e-02 2.7853479974e-02 -2.9621432486e-02 -2.0210789436e-03 -8.9607665583e-02 8.7042361337e-02 -5.8851580482e-02 -3.4921490875e-02 2.3553287073e-02 -5.1160578492e-02 2.5615184063e-02 -2.2356605059e-02 9.3587483562e-02 1.8141651283e-02 -1.2882689177e-02 -6.0951606372e-03 1.1191836864e-02 8.1046691627e-02
-1.3052939399e-02 1.2287594108e-01 3.3009440141e-02 -2.1582835039e-02 1.2336302072e-01 -6.4525972473e-02 -4.2214559101e-02 -3.0199755941e-02 4.0517697506e-02 -2.0988468727e-02 5.9041843304e-02 -6.5102552532e-02 9.4153975213e-03 1.2061253660e-01 2.4809187112e-03 -6.4229896654e-02 -8.4281379178e-02 -3.1018711955e-02 -1.1064485555e-01
2.8314093839e-02 2.1061544644e-02 -3.5584232628e-02 2.6312696757e-01 3.4434258603e-02 1.0669616785e-01 2.4642676110e-01 -1.1325871917e-01 -5.9945480952e-02 -7.3486487485e-02 -5.0043107133e-02 5.0758267921e-02 7.7331610437e-02 1.3898447272e-01 1.7022643537e-01 -3.3010473746e-02 1.6339403178e-02 1.0805583900e-01 -2.1651399421e-03
-3.2680523904e-02 -5.6338420250e-02 9.1818583411e-02 -7.1287090182e-02 -6.6581103171e-04 4.5728682432e-03 3.5359092178e-02 3.4134379409e-02 1.5191538762e-03 4.5049273385e-02 -1.3667353582e-02 2.2266681106e-02 2.3733825506e-02 8.6496640553e-02 -6.6268794551e-02 9.8428635803e-02 -1.5176734683e-02 -2.5941112312e-02 -1.5299985149e-02
-2.0843954110e-02 -4.0182484319e-02 -8.8049357652e-02 -4.5628020185e-02 4.8203289865e-03 4.1635946466e-02 3.4710666200e-02 2.0510116509e-02 -2.5447308366e-02 -3.6097203155e-02 4.6035454697e-02 -1.4664685548e-02 -9.6794987763e-04 2.4509545454e-02 -5.0521604960e-02 -1.8268439373e-02 -9.2949110136e-03 4.1977060069e-02 2.3151471460e-02
-3.4491929275e-02 -1.7452380275e-02 5.5914096195e-02 1.0922300333e-01 -2.4086591823e-02 4.9919026996e-03 5.0549898887e-02 -1.0467831168e-01 5.8650150321e-02 8.7687099613e-02 4.9147892822e-03 -1.1211026151e-01 6.0019153547e-02 4.3940293303e-02 7.5240069362e-02 -5.8550195420e-02 -4.3328726919e-02 -1.7775594238e-02 1.0231223282e-01
2.3663141020e-01 1.9306132584e-03 -5.1326762690e-02 3.1153856541e-02 -1.3343708627e-01 1.5265340173e-01 1.4371734358e-01 -6.0359936231e-02 1.5849578419e-01 -3.9271880966e-02 -1.0234512928e-01 4.2665700945e-02 -5.7780941987e-02 1.1341381532e-01 3.7381610379e-02 -5.5110166185e-02 -6.3245655256e-02 1.0834959678e-01 3.2649421936e-02
1.7851160249e-01 4.0788205497e-02 -1.1396829775e-01 1.2014348996e-01 -2.4246082410e-02 1.8322441657e-01 2.0331404462e-02 -8.6647625983e-02 -4.5498775329e-02 -1.0534845279e-01 -5.9695817471e-02 -6.5361090796e-02 -6.6507970170e-02 1.3219683703e-01 1.2549164620e-01 2.0471291762e-02 4.8017596273e-02 1.9827675639e-01 1.0527636350e-02
1.6440665857e-01 -3.8086086299e-02 -3.0758689908e-02 1.5880956521e-01 -9.2132778044e-02 2.0001858001e-01 6.2408909792e-02 4.6339739068e-02 -1.5821924590e-01 1.2526547383e-01 -1.8614912190e-02 6.0234852433e-02 1.1180753871e-01 1.0473570825e-01 1.9556559327e-01 -5.3314888524e-04 9.0845954249e-03 4.1344072716e-02 -2.5042891144e-02
-1.1430274028e-01 -1.7105839798e-02 6.0520880838e-02 -4.4149885340e-02 1.0456341433e-01 2.6538626489e-02 -1.8035907911e-02 -1.1958294613e-01 -1.2835812028e-02 6.6836438039e-02 -2.3892943021e-02 -2.5074965623e-02 -1.8213681991e-01 2.5299343065e-02 -2.8942758081e-03 1.3266220558e-01 1.5085254439e-02 -3.1215809423e-02 -3.4826682365e-02
2.2393588089e-01 9.9564181368e-03 1.0276929521e-02 -1.1631547254e-01 -5.1374175750e-02 -1.9075399052e-01 -7.5616179531e-02 -3.5938597492e-02 2.1953949496e-01 5.4578936493e-02 -9.8695635261e-02 -8.0889501950e-02 -1.3717504997e-02 -2.0381517442e-01 -7.2017769446e-02 -4.2042799059e-02 4.5706934035e-02 -2.2680454617e-02 -5.5648151404e-02
1.9723183799e-01 5.3052979223e-02 -8.4410511153e-03 -1.0599579460e-01 2.2037061743e-02 -2.8072841522e-01 -1.7624342042e-01 1.4653138974e-03 2.2368347148e-01 -5.5930999987e-02 8.9036217066e-02 -7.2359111813e-02 2.3647115405e-03 -1.0725982357e-01 -1.9377691447e-01 3.5210442911e-02 2.0171498008e-02 -1.4210760094e-01 3.2419091700e-02
-8.8579035436e-02 2.2306755180e-02 7.5827561563e-02 4.7693657053e-02 -1.0532121341e-01 7.1786919329e-02 9.5570772812e-02 -9.9994242281e-03 -3.8456477198e-02 -2.2857621947e-02 -4.0478963996e-02 1.2576699277e-01 -8.6001434354e-03 -2.3235377787e-02 6.2391814058e-02 -5.7734693102e-03 1.0850301578e-02 -3.5687317335e-02 -3.1457883459e-02
2.2869733286e-01 -1.0283708097e-01 -3.0836275117e-03 -4.9977740596e-03 -8.9303294834e-03 1.5803502868e-02 1.4880419441e-01 6.1442324347e-02 5.1495998341e-02 8.1022951571e-02 7.3627393901e-02 -1.0545836696e-01 -3.2467441311e-02 1.2393233917e-01 1.2209219186e-01 -2.2198281909e-02 -1.1952531463e-01 1.0698816663e-01 -2.7108199202e-02
1.7465335287e-01 -5.4836486399e-02 4.9568989035e-02 -1.6203169909e-01 -3.7803315043e-02 -1.4468847210e-01 -5.9278838255e-02 5.1547836690e-03 1.1297410159e-01 -1.2126712503e-02 -6.1281941432e-03 6.6466045116e-02 -1.8127745170e-01 -5.8143043577e-02 1.5892510460e-02 -8.1804904892e-02 -5.1841256146e-02 -1.4768634767e-01 -1.1587518492e-01
2.9811787272e-01 -8.7566847669e-02 -3.8204703569e-03 -1.6131528569e-01 6.1788462227e-02 -1.0218056780e-01 -1.5530879403e-01 7.2152242676e-03 2.5390044352e-01 6.5942346892e-02 -4.9451005965e-02 -5.8158810051e-02 -2.2214965625e-02 -1.0262207301e-01 -1.4775163292e-01 7.9725993868e-02 1.2891148752e-02 -2.7444943128e-01 3.1976037288e-02
2.4000547227e-01 4.1842661030e-02 -7.0170492824e-02 -2.3923422479e-02 3.9685628665e-03 -8.4985322371e-03 -5.7705578154e-02 -5.3156925690e-02 2.8977938967e-01 -6.6764354164e-02 5.1862827957e-02 5.3737081893e-02 9.9419900153e-02 -6.9651291740e-02 -8.4630805771e-02 -4.4998267235e-03 -6.2972658062e-02 -7.3261287935e-02 -6.0827759480e-02
3.2751472896e-01 -8.3380717999e-02 1.4176654568e-02 1.3887239895e-01 1.0611326486e-02 -7.0851574071e-03 -3.8417095894e-02 -1.5331633264e-01 8.7608229668e-02 1.2336708221e-02 -1.3771350094e-02 -9.7554852038e-02 -1.7337416777e-02 4.5243171920e-02 6.7859736326e-02 -1.3443155733e-02 -1.4150801814e-02 8.8520143682e-02 -2.5878414818e-03
