4.3785716564e-02 5.3457578068e-02 -6.0254969292e-02 1.2332871620e-01 8.0261815047e-04 -2.4649536617e-02 -7.8171785537e-03 6.9131831026e-02 1.4567066079e-02 2.4934476103e-02 -2.0558699707e-01 2.6666089397e-02 4.6171913433e-02 -2.1661988251e-02 -2.2014307688e-03 1.2663327989e-02 8.0357558498e-02 5.2367850005e-02 5.5839601473e-02
-1.1383558066e-01 1.9982895856e-01 2.9885526565e-02 -3.1712548231e-02 2.5080330218e-02 9.1352511192e-02 6.6703697633e-02 1.3531882689e-01 -7.8593708488e-02 1.6543336081e-01 -8.7850606365e-02 1.1012920718e-02 1.4393821680e-03 3.1829240175e-02 4.7249483705e-02 8.1352044769e-02 -5.1612165013e-02 1.2464067375e-01 1.8236695058e-02
-9.1754540263e-02 2.7290030085e-01 -8.4703945223e-02 -6.1011134978e-02 1.3619507516e-01 1.9585272938e-01 -7.8923923208e-02 2.1477310616e-01 -7.1124193450e-02 2.5646227186e-01 -8.8170923387e-02 1.7020094868e-02 -5.4465834370e-02 -4.2467519547e-02 1.6650842692e-02 1.1175496367e-01 -2.1923138624e-02 2.4227434220e-01 -7.0211740809e-02
-1.1331327088e-01 -4.4859762174e-02 5.6893774695e-02 2.6012310540e-02 -1.2794008738e-01 4.6283716654e-02 5.3647604409e-02 -8.3747282206e-02 -1.7185277152e-02 -5.7559821734e-02 6.6125860661e-02 2.8226537569e-02 6.0591978476e-02 9.9321127440e-02 6.8211605635e-02 4.0630661716e-02 -1.5128006530e-02 6.8082659468e-02 -9.0359785646e-03
8.4454440283e-03 8.9368552234e-02 1.6184148102e-01 7.0861123083e-02 6.0832741060e-02 -3.3808272293e-02 1.3953673258e-01 -1.7658642470e-01 8.1121456497e-04 -3.9763800233e-02 -1.0836711132e-02 -4.4560540060e-02 9.7014611756e-02 8.5131723587e-02 3.0206231731e-02 -5.7092908063e-02 6.9457086211e-02 -3.4812556827e-02 1.8277959790e-01
8.6819935471e-03 -5.7959390868e-02 1.1855376317e-05 -1.5711299085e-02 -9.6315626290e-02 2.9511462081e-02 -1.2037546823e-02 -7.9566903669e-02 -2.4456565519e-02 -1.3243134380e-02 1.5500060549e-02 5.0449538304e-03 6.3407159489e-02 -4.6214843594e-02 8.2266122424e-02 -3.5230020991e-02 -8.0344640905e-02 -6.2046161426e-02 -2.4550693983e-02
1.4509548428e-02 4.3470555966e-02 1.1003615081e-01 6.6361260029e-02 7.7017655519e-02 1.7421359366e-02 2.3452283346e-01 -6.9599085154e-02 -7.0957516190e-02 7.1922521346e-02 -5.2879827295e-02 1.7737687059e-02 1.9491789931e-01 9.4667203083e-02 2.0934573110e-02 -1.4284221834e-01 -1.2480607959e-03 6.3408997512e-02 1.3223474917e-01
-8.8262397079e-02 2.6150563855e-02 1.5337672065e-01 1.2767825706e-01 -2.8466238401e-02 -1.2122004940e-01 3.3712347315e-01 -5.3905291592e-02 4.7941666524e-02 -8.9380012229e-02 6.8352055855e-02 4.2601241990e-02 1.7286226703e-01 2.5016766181e-01 -1.1767469601e-02 -2.2069873430e-01 7.4012522268e-02 -1.1465823318e-01 1.3777377340e-01
6.7209256675e-02 1.3173487607e-01 1.7726736358e-01 1.1950948613e-01 -2.3519049299e-01 -2.4767649872e-01 3.6328835876e-01 -2.0332099173e-01 -6.6836741085e-02 -5.5881299111e-02 4.5418416377e-02 1.0551395396e-02 2.5781862427e-01 1.7351479412e-01 -1.6983317832e-02 -8.0773751753e-03 -3.5072742666e-03 -7.1628031666e-03 2.0390882731e-01
9.2469955313e-02 2.1409843560e-02 4.2431941217e-02 9.7484101969e-03 4.8702787505e-02 2.7242728730e-02 -2.4030688962e-02 4.8281959473e-02 4.6076283314e-02 6.5920480974e-02 -1.7376606547e-02 -1.6750334127e-01 1.0794855183e-01 -1.1560507352e-02 3.9188264657e-02 -1.1852793592e-01 -2.6235556179e-02 7.8124985025e-02 9.4636448528e-02
9.2677927178e-02 1.1092487286e-02 -5.2218115486e-02 -1.1181778638e-02 6.6023374246e-03 1.0623636883e-01 4.2368322567e-03 -2.8588173515e-02 -5.7195222068e-02 8.1902379569e-02 -2.3818580613e-02 -7.8345802615e-02 -3.2653530140e-03 1.6594196983e-01 3.8075447075e-03 3.5173772632e-02 5.7061768695e-02 -3.7548653112e-02 -6.1451111232e-02
-6.7185519967e-02 3.6508108951e-02 -3.1549506751e-02 4.9161061623e-02 -2.9487291331e-03 1.1555947487e-02 -2.2502582559e-02 1.4780206850e-02 -7.0544200581e-02 -3.3087527775e-02 -3.2389088064e-02 -6.4026315741e-02 -8.4514543438e-03 -1.0667470984e-01 5.5282899235e-02 4.0918122905e-02 2.4381923408e-02 5.7784864702e-02 -4.1702545624e-02
6.3136707499e-03 5.9651300260e-02 6.0316876978e-02 8.6922822760e-02 9.1508255607e-02 9.3927912554e-02 -1.7943243459e-02 8.5578058566e-02 -5.4865810102e-02 1.5474975071e-01 3.5098155703e-02 -1.6649887401e-03 6.5654152965e-02 1.1893664505e-01 -1.1753538285e-01 1.4161653235e-01 -1.0695550749e-01 2.2032199576e-02 3.2036422797e-02
-5.0300097322e-02 -8.7904380624e-02 7.0000767247e-02 1.6836934659e-01 -1.2457056233e-01 -1.6219097219e-01 2.7760576090e-01 -9.3533049282e-02 3.7834401216e-02 -6.5196565169e-02 -4.9302611350e-02 -3.1743340769e-02 1.6870483031e-01 2.0539135433e-01 -8.7355022948e-02 -2.2545854787e-01 -1.5730075317e-02 -8.3560141974e-02 2.9732317606e-01
-2.9479902258e-02 1.2281578274e-01 7.9086566350e-02 4.2673558951e-02 1.1451117617e-01 -4.3326346220e-02 9.5503622205e-02 1.5688309143e-01 -3.8817554038e-02 1.8551931773e-01 -3.7125288233e-03 3.2123863790e-02 1.1566522982e-01 3.4405294740e-02 3.6453819337e-02 1.4067586834e-01 -1.0448956232e-01 3.0807554920e-01 1.2624074741e-01
-4.9874208206e-02 1.0238775206e-01 4.8523743087e-02 8.1210740169e-02 2.2224207046e-01 1.2821217466e-01 -1.1073346976e-01 1.7846874721e-03 8.7229961458e-02 2.2514304449e-01 -2.8861928370e-02 -1.2803797097e-03 -7.1723016187e-02 -4.4411802061e-02 -1.1824438692e-02 1.5074549332e-01 -1.7952650611e-01 9.3852318785e-02 -4.7250644819e-02
-1.6196443309e-01 1.4296637369e-01 -2.2240550392e-02 3.2054681687e-02 1.7893295948e-01 1.0023315947e-01 -2.4780755561e-02 1.5996985416e-01 1.6953430503e-02 1.1866096681e-01 -3.2026300240e-02 -4.0028822911e-02 2.1110918654e-02 -2.1047464626e-02 -3.0654957027e-02 1.2471856066e-01 -7.9928769573e-02 1.1385608145e-01 2.0480450487e-02
8.2240467787e-02 -5.2012979069e-02 -1.3757753109e-01 -2.4818682808e-01 1.9817478609e-01 2.8010063116e-01 -5.6986336092e-02 2.0525582895e-01 -5.0362208850e-02 3.3051132725e-01 4.7448576858e-02 1.0934843181e-01 -2.5422876405e-01 -3.1022302874e-01 4.3480911344e-02 3.4692421924e-01 -1.3600156924e-01 3.2477479976e-01 -1.0163269931e-01
6.1397837858e-02 -4.9646268143e-02 -2.0331187331e-01 -1.3848139272e-01 1.6716470829e-01 1.8207082070e-01 -8.9617622247e-02 1.7581930000e-01 -3.2527522514e-02 1.4195001801e-01 1.1182226154e-01 -1.3925564560e-02 -1.3334061957e-01 -2.0447738481e-01 -2.8265349988e-04 1.9241554665e-01 4.2620737488e-02 2.2175782494e-01 -1.5574679863e-01
