6.5065523072e-02 -1.3914759919e-02 -4.9376950941e-02 -5.4185781343e-02 3.1325773954e-02 1.2192716001e-02 4.1431680842e-02 3.9861402938e-02 2.1725324426e-02 -3.4819414531e-02 -1.1280693972e-02 9.8662204435e-02 5.0579742865e-03 -6.5797767798e-02 -3.2749681141e-02 2.3071306641e-02 -1.0191137699e-01 2.3126395000e-02 1.1050237284e-01
-6.5582529428e-02 1.3743782693e-01 3.9235758747e-02 2.2409245170e-02 1.2187500994e-01 -6.0864234393e-02 3.7309926634e-02 8.5290662359e-02 1.7197464198e-02 -2.7610007170e-02 -2.1421908855e-02 -7.9005496076e-02 1.5157373149e-01 -2.3437262309e-02 -2.6895408490e-02 7.9939737772e-02 8.6955123059e-02 1.1310925963e-01 1.0590904078e-01
-3.7605000439e-02 -5.5778441177e-02 -2.9699384094e-02 2.1702235847e-02 -1.2872575025e-01 2.7045673566e-02 -1.3588974777e-02 -6.8887421580e-02 1.2642552319e-01 3.8226449890e-02 4.6234237450e-02 -5.8943835566e-02 -5.7540996735e-03 4.0894033719e-02 6.6374355077e-02 -5.5184926210e-02 1.3056219300e-01 1.2969673015e-01 5.5497302570e-02
5.8179965346e-02 -3.8662928577e-03 -5.6727911864e-03 7.2095188900e-02 -6.4211804770e-02 -2.9345754955e-02 -1.2664126639e-01 2.5170177616e-02 1.1533317643e-01 1.2450907761e-01 1.0576159059e-02 6.2201249012e-02 3.0308915120e-03 -6.7525101483e-03 2.9169764120e-02 -3.5426688820e-02 -4.3057931384e-02 2.0083949122e-02 -3.9274996971e-02
-1.4460932224e-01 1.7292090238e-01 2.3340363820e-01 -1.2852302748e-02 -5.6137974821e-02 -3.9926684606e-02 -5.4092866351e-02 5.9004345815e-02 -5.7424398053e-02 -5.0443983766e-02 4.4038628684e-02 -8.5784343978e-02 -8.7130589124e-03 -3.4120906956e-02 1.0630727959e-01 8.5569553863e-02 1.7066024885e-01 8.4648315691e-03 1.1778520479e-01
-4.0500770205e-02 5.6847235604e-01 2.6973498235e-01 -2.1656337081e-02 7.7631242511e-02 -8.6013317583e-03 7.3837964283e-02 7.5893864975e-02 6.1705803663e-02 1.0197215803e-01 1.1662237446e-01 -8.6719258063e-02 5.7609939013e-01 3.5493229702e-02 4.8222576879e-01 2.6045355976e-01 2.9139160181e-01 1.3993825592e-01 1.4380977135e-01
-3.3585699949e-02 1.9393041381e-01 4.8594147083e-02 -1.0738941868e-03 -1.7924779853e-01 7.8661165786e-02 -1.4156690888e-01 -6.5067128176e-02 5.0385049483e-03 2.4368142868e-03 -8.7594134355e-02 -7.3408555412e-02 2.8153005109e-01 -7.6977598817e-02 8.9868355474e-02 1.3342574110e-01 1.1458388573e-01 8.6550392221e-02 1.1395630336e-04
-1.4166189130e-01 -5.1424510378e-02 -1.5944849643e-01 -1.3190215966e-02 2.1284944979e-01 1.9037165748e-02 1.7639278890e-01 2.4387226146e-01 1.0668062464e-01 8.2431214820e-02 -5.8407498584e-02 2.1466847161e-02 7.2488096826e-03 3.2479733354e-01 -8.7111035107e-03 -1.2768767453e-01 -1.3012262500e-01 -1.5049028383e-01 -1.9146261967e-01
-2.5831156866e-02 -1.4576442072e-02 -5.5355089664e-02 4.9377159087e-02 -1.2565949906e-02 -9.4827079152e-02 -8.5724449511e-02 -7.4790419171e-02 1.5721906109e-02 1.3000455465e-02 4.1909247574e-02 2.6111993129e-04 -7.2909842058e-02 -9.3554402862e-02 1.0769091358e-01 -3.2696083056e-02 -6.2187939417e-02 2.0962911833e-02 -3.7472322173e-02
-1.0314012157e-02 -6.3407911324e-02 -4.9124408773e-02 -2.2660901700e-02 7.9216964063e-02 -1.0799980619e-01 1.5309738802e-01 8.8168220829e-02 1.2272837562e-01 -7.8873225702e-02 -1.3528104678e-02 -5.6290850117e-02 1.3618941717e-01 1.5405963757e-01 6.4094118220e-02 -6.5228024665e-02 -8.3033170176e-02 -1.1268311094e-01 -6.9078782163e-02
-7.0836605840e-02 -3.5413952922e-02 3.3993512729e-02 -5.7110796786e-02 8.2064648109e-02 -9.8987191373e-02 2.3395317166e-02 1.1507844843e-01 5.3296287908e-02 1.6273036103e-01 3.1771936448e-02 5.1293065440e-03 -1.0631719038e-01 9.7177173595e-02 -2.2538266517e-02 -9.4411375274e-03 2.2503993880e-02 1.2329078035e-01 -7.3696568582e-02
-1.1409415924e-01 4.5696702132e-01 1.9886185181e-01 -5.8009469338e-02 6.3726122388e-03 -3.5635258205e-02 -3.7204970236e-03 3.5941045666e-02 1.2464784653e-01 1.7455565391e-02 -1.5673009626e-01 -1.4037063576e-02 5.6188439127e-01 -4.5316982803e-02 5.4730294345e-01 3.0276223255e-01 2.0375263558e-01 1.2243029151e-02 1.7996727724e-01
-8.6371388847e-02 -9.7182732722e-02 -1.8822291484e-01 -4.3745032539e-02 1.7806232806e-01 3.4401197298e-02 1.8214397585e-01 2.8572247173e-01 1.0024815460e-01 -6.8962701306e-02 -1.8765398306e-01 -7.8609933027e-02 4.7822466221e-03 2.8254901141e-01 1.5355258107e-02 -8.9470938116e-02 -1.2562965730e-01 -1.1602319712e-01 -2.1759795865e-01
1.3721129139e-02 1.7992699615e-01 1.4240067287e-01 3.4557961494e-02 -1.7686803286e-01 -5.1440836282e-02 -1.7013560800e-01 -1.5996623150e-01 -2.3098999293e-01 -1.5525537701e-01 3.8982618849e-02 1.3362397093e-01 -9.5094525074e-03 -1.2885805297e-01 -1.1157079465e-01 2.3783016913e-01 5.7554848650e-02 8.2528259174e-02 8.3168391332e-02
-9.7358809054e-02 1.8099262872e-01 2.8303945942e-02 1.0508662986e-01 -4.5666250280e-02 4.2701485009e-02 7.3970236145e-05 1.1371455404e-01 -9.8151933882e-03 -2.7466428567e-02 -3.3421190584e-03 8.9967020397e-03 1.0866415487e-01 2.5757982141e-03 8.9901751402e-02 7.8605566482e-02 5.3217596250e-02 1.2991645555e-02 -2.2744918177e-02
-2.1446365020e-02 4.3317589283e-01 3.4350310604e-01 8.1432285145e-02 -1.8833929777e-01 6.2970727455e-02 -2.8331934016e-02 -4.0094350584e-02 -3.5678631883e-02 -1.3855439742e-02 3.8061915057e-03 4.1643199723e-02 5.6356328171e-01 5.2464574810e-02 2.1116409459e-01 3.9407739636e-01 5.2077176072e-01 3.2949127955e-01 1.8741604921e-01
2.3994585988e-02 -4.0255139125e-02 4.0678849781e-02 -2.9298699676e-03 -4.2862627431e-02 5.6655982228e-03 -1.2487483533e-01 -1.5177660288e-01 -7.9901334112e-02 1.8208279660e-02 6.0609348281e-02 -3.0819127146e-02 1.2472721375e-01 -8.5266459455e-02 -6.7053058557e-02 8.2583878318e-02 -9.4009139050e-02 1.2472765926e-01 -1.1288826814e-01
1.2898422687e-01 -5.9043448821e-02 5.0468499940e-03 -3.2387102247e-03 -1.2009286219e-02 2.0107478823e-02 8.2814950601e-02 2.9451283986e-02 -7.2741126744e-02 8.6413032817e-02 -5.6457731156e-02 9.3642381235e-02 -6.9333707681e-03 2.0959859400e-02 -3.1564565825e-03 9.9634893427e-03 4.8812079552e-02 7.4279874579e-02 -2.4592796384e-02
-1.2488929426e-02 1.8329438132e-01 1.2940418676e-01 -1.9034471747e-02 2.6077645279e-02 -5.4648461982e-02 4.3728366896e-02 1.1789290671e-02 -1.4253324322e-02 4.3390362097e-02 -7.4489858750e-03 -8.8643954492e-02 2.0331941821e-01 9.1471938378e-03 1.8650230084e-02 2.1785194649e-01 2.3814191339e-01 1.7847434487e-01 4.0183559292e-02
