2.0180041189e-01 6.1252436372e-01 5.1673821254e-01 -6.1999395426e-02 5.7074661502e-01 -5.8605297424e-01 -1.9240347979e-01 5.1165911532e-01 -5.4553447840e-02 -5.9830973804e-02 3.8864812293e-01 -3.5246214010e-02 8.0580322819e-01 -8.3269845656e-01
-9.3120593145e-02 9.2236527612e-01 -2.7593812250e-01 1.7488644104e-01 4.6506444997e-01 2.3772257827e-01 -6.0818603586e-01 -2.4710104225e-01 1.8150944838e-01 -4.5068469158e-01 2.7582326114e-01 -2.2553427588e-01 2.6647906450e-01 3.2706527375e-01
4.2778209136e-02 -3.2617011017e-02 3.1113925008e-02 -6.9302943457e-01 -2.7180899522e-01 5.1585584502e-01 -8.9792044565e-03 -2.9539120775e-01 -5.5027754580e-01 6.6851832178e-01 -2.0261322868e-01 3.4336957216e-01 -3.4825862165e-01 -4.7951798282e-01
-7.0329717635e-01 3.5652340761e-01 2.9485455586e-01 5.7061613015e-01 -2.6759376800e-01 4.0738527257e-01 -3.3423825535e-02 2.9586391023e-01 5.4526907691e-01 2.8566744875e-01 -4.0621277928e-01 2.0384510648e-01 2.1579045135e-01 -3.0028603827e-01
1.8417732940e-01 -1.6875901094e-01 9.6346594784e-02 3.3721131901e-01 5.7217888336e-01 -3.0654891025e-01 -7.6762242020e-01 -2.4272765021e-01 2.3529683822e-01 -1.8490173234e-01 -6.1220785407e-01 -6.6153170485e-01 1.5568501719e-01 -9.2251193280e-02
1.2247349994e-01 6.1457750602e-03 -3.0158045009e-01 2.0604362427e-01 1.9524971066e-01 -4.1291130059e-01 -2.8039289709e-01 -3.2970864125e-01 3.4427122961e-01 2.7307156319e-02 1.1319993310e+00 9.5311894749e-01 2.2358554132e-01 3.9115509258e-02
-3.5611947942e-01 -1.2840861784e-01 -2.2848648952e-01 -3.4799989065e-01 1.0867944891e-01 -5.9152519302e-01 -2.6537518315e-02 2.0365585643e-01 -3.6715511503e-01 -3.2453420614e-01 -5.6517315036e-01 -6.7765385556e-02 1.9463987629e-01 -2.4834713568e-01
1.0055684191e+00 -4.8355406104e-01 -3.9225902491e-01 2.8602837310e-01 -3.6609109268e-01 -1.3164621878e-01 5.1206490502e-01 5.0768124381e-01 -1.4457364786e-01 3.6877121283e-01 4.4677583985e-01 6.7081399697e-01 5.5398714656e-01 -2.4531832560e-01
-1.4583520281e-01 -1.9819063049e-02 -1.6831437768e-01 7.4231996379e-01 -7.4271270578e-01 1.5443967961e-01 3.0461766977e-01 -1.6250471205e-01 3.2567528693e-01 -5.3068777224e-01 -5.4772949442e-01 1.2571465305e-01 5.7240271739e-01 -7.0539690549e-02
6.1893434876e-01 2.9989432478e-01 -2.5689627063e-01 2.6699686372e-01 1.5563363624e-02 5.3473305663e-01 -5.8190155025e-01 1.0230658693e-01 -4.1835668504e-02 -1.6642760192e-01 2.4255697220e-01 -4.4420097368e-01 1.8525244162e-01 6.1236569934e-01
