-1.1454813404e-01 -8.9566914025e-02 -6.4370063992e-02 1.6435063783e-02 4.0082681584e-01 -1.2252006355e-01 3.5486375008e-01 -9.7104925146e-02 -1.1948370908e-01 -1.2797882897e-01 4.1984440262e-01 -5.7722121270e-01 -2.1671906422e-01 -1.0134102503e-01 1.8440908397e-01 -1.0845597412e-01 1.8270767373e-01 -2.5309157771e-01 7.0530239240e-02 1.0711403130e-02
2.3387734782e-01 -7.0181480443e-01 2.0329486250e-01 5.3450087661e-01 -4.5526057630e-01 7.1703572156e-02 3.0756763876e-01 5.2372066480e-01 -4.8664392234e-01 -5.9061392153e-01 4.9565687716e-02 6.7168491725e-01 6.5760181337e-02 4.2132558361e-01 -7.8344848792e-02 -6.2778240472e-01 2.8631830158e-01 1.4732501922e-01 -5.3521221229e-01 7.3537535864e-01
3.2079414413e-01 -8.7154090803e-02 3.7883842651e-01 -7.3394651896e-02 -8.8855346119e-02 2.9127334899e-01 -2.3940990080e-01 8.4202213278e-03 1.5458794844e-01 -7.8507051033e-02 1.2737390940e-02 -5.3925773497e-01 -2.8881847370e-01 1.4425103144e-01 8.9299740137e-02 3.6819305868e-02 -5.5265050930e-02 -5.6560983592e-01 -5.1212858645e-01 -2.2144523982e-02
1.7680010994e-01 9.8550299898e-02 -6.1416109265e-02 1.3000398516e-01 -4.1445908515e-02 -9.1536906655e-02 -3.4815125424e-02 -2.4192166588e-01 3.1264029958e-01 2.6464962528e-01 3.0386050352e-01 -1.2565532960e-01 -3.4932804858e-01 -1.5995614849e-01 -1.6679392686e-01 3.6715979556e-02 -4.0251254585e-01 -4.3026568837e-01 1.2539855649e-01 -1.5431589306e-01
1.3058773913e-01 -5.0806775237e-01 6.7261217293e-02 -2.1607109319e-02 5.7062132273e-02 1.7244211878e-01 2.9224971748e-02 -1.8351319449e-01 -1.0043743965e-01 2.2619556693e-02 1.7572205783e-01 5.1337593054e-02 2.2300153488e-01 -5.9752390162e-02 -3.2661246631e-01 -1.0225388266e-01 -2.3609775469e-01 4.8440067857e-01 3.4599125126e-01 4.2327558814e-02
2.8150035270e-01 -3.9936561053e-01 3.1121169989e-01 3.1170426364e-01 -6.0696016446e-01 -9.8654140150e-02 4.1828708714e-01 8.3106994838e-02 1.4664999107e-01 -4.5233200694e-01 -1.2663836112e-01 4.1941515327e-01 2.2968791341e-02 -4.9664652365e-01 6.9782848814e-02 2.9169211694e-02 4.0207845595e-01 -1.3374298578e-01 -3.4747327747e-02 3.1120407090e-01
1.3630514347e-01 1.4152208990e-01 4.0528534221e-01 3.1841714037e-01 3.6279312948e-02 9.5232226330e-02 3.4582817885e-01 3.7290221409e-01 -1.0923817134e-01 1.6413864390e-02 -6.4391180320e-01 2.3696376270e-01 -1.3630156590e-01 -3.4912260627e-01 -8.5858682133e-02 -4.4427596157e-01 1.4190376700e-01 4.8412709193e-01 -1.9738615900e-01 2.2315740538e-02
1.7498176521e-01 -4.9339988126e-01 3.7533317769e-01 5.6392803058e-02 4.5473851004e-01 -2.7948204607e-01 -4.3090021283e-01 -4.6428840272e-01 -1.9097818221e-01 -1.6990721630e-01 3.0192037874e-01 2.6672130140e-01 3.4602894167e-01 -4.0405260360e-02 -3.2591437215e-01 -1.2751022012e-01 1.6381563400e-01 -3.9497866961e-01 5.0055184040e-01 3.4029898183e-01
2.8251219506e-02 -2.2661109275e-01 -1.9514209168e-02 -2.7452019127e-02 -3.9275061932e-02 -8.5610265742e-02 2.8465280873e-03 5.7144037457e-02 -3.8437712351e-01 4.1804198892e-03 -2.9918618550e-01 3.1988550974e-02 -9.5993752298e-02 -1.4174818045e-01 5.6532006901e-01 -1.7631125038e-01 -7.5957379940e-02 -1.4831547874e-01 -1.5765434839e-01 1.1074571981e-01
4.0743471943e-02 4.0630669021e-03 3.5687076848e-01 1.3986827591e-01 -1.0049156989e-01 1.5599346084e-01 -6.7570258541e-02 -2.2935664809e-02 -1.9968748613e-01 -2.0987286840e-01 -1.7654636238e-01 -1.8430254444e-01 3.9388705272e-01 -3.9496869453e-01 2.4541234180e-01 8.7216154087e-03 -6.0773066524e-01 3.9260064957e-01 -3.7175854150e-01 -3.0735494887e-01
-4.0316224229e-02 4.7297180606e-01 -1.8399866662e-01 -2.5341984835e-01 3.8007195119e-01 -1.7849067750e-01 1.4886291377e-01 -4.9294260703e-01 -1.0729532353e-01 7.3591823456e-02 -1.3408769160e-01 6.1205716102e-02 1.9347622708e-01 -9.3821914902e-02 1.3010937024e-01 1.8139947258e-02 -5.2527635886e-01 -3.8788255614e-01 -1.1648679831e-02 -4.5739400302e-01
-1.8465574151e-01 2.1892771871e-01 1.6957421618e-01 -1.8016091516e-01 2.1063718856e-01 1.0736403688e-01 -6.9178863292e-02 2.4765237581e-01 7.0060328271e-02 -1.0848558380e-02 3.0629070664e-01 1.7944623143e-01 -3.4948687252e-01 3.5025771264e-01 -2.3077265677e-01 5.1763538581e-02 6.4825450311e-01 -1.9205050819e-01 6.3364174738e-02 -1.1195590202e-01
1.9045564094e-01 7.0140303089e-02 9.8076247524e-02 1.0693962387e-01 5.2108272074e-02 1.0986295570e-01 -8.3314734524e-02 -3.4829205330e-01 3.0190202364e-01 -1.5983232708e-01 -5.2932874754e-01 -8.1992011396e-02 1.0515441608e-01 -2.5008771481e-01 -6.5331928694e-03 -1.3469637344e-02 2.2270667874e-01 1.3747082882e-01 -2.1938104572e-01 7.5798122803e-02
-3.2316959030e-02 -3.8671526534e-02 -4.2144596910e-01 -2.9445147987e-01 1.4674238407e-01 4.5298075302e-02 -1.0094435236e-01 -2.4772803675e-01 -4.0589191786e-01 1.2162747718e-01 2.9158231940e-01 -2.5442907039e-01 -2.6146113161e-01 3.4671551750e-01 1.8368012237e-01 2.1232543860e-01 -4.6163311751e-01 -3.9481478023e-01 6.1537223275e-01 -4.5640250103e-01
1.0047941259e-01 -9.6859387076e-02 -2.8055891865e-02 -1.6569369668e-01 2.1115972768e-01 -2.1920347106e-02 -4.4452521602e-01 2.3501314409e-01 -3.2233382558e-01 3.6737996055e-01 1.2983908700e-01 -1.1382099148e-01 2.8334721225e-01 3.6375337491e-02 1.8556252975e-01 3.9389462796e-01 1.8615738722e-01 8.5797833566e-02 5.4557696336e-02 -2.5492129172e-01
-7.4689325671e-02 2.2853918432e-02 -1.7026002239e-01 1.5747267027e-01 -2.1485213212e-01 2.6307389247e-01 4.5379638917e-01 6.1744182760e-01 -1.9240056178e-01 -1.3111391914e-02 -2.0453090907e-01 -1.3671734762e-01 8.5374227933e-02 -2.9975282759e-01 4.4771922288e-01 -1.1192880399e-01 -9.8159657914e-02 5.3651020314e-01 2.0759027209e-01 3.7179132052e-01
3.4154056597e-01 -3.6446086340e-01 3.8275560110e-01 5.3605880551e-01 -6.6966851335e-01 -2.1707575802e-01 6.1835620581e-01 5.4846747467e-01 1.4942460185e-01 -3.4206725147e-02 -3.9391001501e-01 3.0863416553e-01 -7.2333896021e-01 3.6787082449e-01 -1.8751284730e-01 -5.6632987291e-01 1.6407732815e-01 7.1250201842e-01 -4.6640244870e-01 5.2931013725e-01
3.4312638628e-02 -2.7211878340e-02 -1.2652598045e-01 1.6720398203e-01 -1.8554186162e-01 4.1279714564e-01 9.2354943893e-02 2.7214758467e-01 -2.1460728695e-01 1.5374724539e-01 -1.1235027516e-01 -1.7042459043e-01 -1.5346735362e-01 1.2064618166e-01 1.6752507896e-01 -1.6770053614e-01 2.0146924014e-01 4.5124596564e-01 -4.1629653319e-01 3.3879105035e-02
7.6615391135e-03 -3.0930923225e-01 -2.5916604403e-01 7.2443944699e-02 -1.5377119795e-01 -2.4767406920e-01 2.8580099767e-01 4.5602797283e-01 -1.5520918081e-01 -1.7706536682e-01 -6.1792347052e-01 7.8199922611e-02 -3.5338362381e-01 -6.8328646867e-02 2.0920428370e-01 -5.1064045849e-01 1.9713316849e-01 -3.0764377208e-01 7.2046812396e-02 -1.9447256988e-01
1.4581189804e-02 -1.1357970525e-01 -7.0010463860e-02 6.4432019136e-02 -7.6766333827e-01 3.9009601327e-01 4.7399811318e-01 2.5327311894e-01 3.6551985989e-01 8.0142866609e-02 3.1922769045e-02 4.8879704630e-01 -3.4007860600e-01 -1.4374273713e-01 2.8791878294e-01 -3.2117566960e-01 1.1830704793e-01 2.2710190897e-01 -2.7846083787e-01 5.2101978683e-01
