4.9754410798e-01 4.0922048962e-01 2.0434004894e-01 1.9713592458e-01 -5.6890665053e-01 -4.1012257013e-01 8.3890731544e-02 -5.7973814789e-01 1.4320219062e-01 -1.4740039229e-01
4.6806768781e-01 7.3885113827e-01 -3.9796360595e-01 7.3151382352e-01 5.7192763446e-02 1.7278444390e-01 -1.5667335791e-01 3.1514441704e-01 -2.4173523468e-01 4.2834542174e-01
-1.8353129506e-01 -5.5123464852e-01 -1.2251924985e-01 -5.8606170834e-02 -1.3425388567e-01 2.7241034880e-01 1.8569297812e-01 3.9482828375e-01 -2.5389939175e-01 4.8561381319e-01
-2.3050305930e-01 1.5649269910e-01 3.9955538164e-01 3.3631881406e-03 -3.3201676652e-01 4.4873239595e-03 -1.1911748750e-01 2.7799343267e-01 2.3896691057e-01 -1.0286779642e-01
-2.2552136218e-01 -4.3082687384e-01 3.0316686868e-02 2.3960435540e-01 5.8313752347e-01 -5.5105467629e-01 -1.3413174756e-02 3.2133411508e-01 -1.8293236495e-01 -3.3340816468e-01
6.1278506509e-01 -3.2501244769e-01 -6.8999844793e-02 2.1181369251e-01 -3.3482908102e-01 4.1294004380e-01 3.3751305333e-01 -3.0705301204e-01 -1.8185594797e-01 1.9352545740e-01
-5.0611750336e-01 4.5198002484e-01 -5.0036450504e-01 -9.8747450737e-02 -1.4817384792e-01 2.5458965055e-01 -9.8322452475e-02 -5.1587671637e-01 1.5189642804e-01 1.4641222600e-01
-2.3614452742e-01 -1.2309878352e-01 -7.8045431661e-02 1.0145846838e-01 -1.5712335433e-01 3.1477703602e-01 4.1365107130e-01 -3.7755322387e-01 9.1069755005e-01 6.2180635417e-01
-2.0588522929e-01 4.4758926178e-01 -1.8402213632e-02 -1.7114593971e-01 5.4643733150e-02 -8.6533322588e-01 2.2641203345e-01 -3.8706684621e-01 -2.4499430873e-01 6.1260316584e-02
3.8380804998e-02 9.8607544331e-03 -3.2331508392e-02 -3.5046855714e-01 -3.4504991048e-01 -4.3885005116e-01 2.2584953094e-01 2.8691380590e-01 4.5992126134e-01 -3.1774830717e-01
