-1.0289182423e-01 -7.0734687624e-02 -7.6934984462e-02 -6.6601406302e-01 -5.8612537604e-01 4.9234200482e-01 -3.4262826101e-01 3.0149035693e-01 2.9138225994e-01 -1.9901623267e-01
-1.3252797381e-01 1.4030045169e-01 -3.2137442149e-03 5.3278806586e-01 1.5672075605e-01 -7.6477069819e-04 5.0115694725e-01 4.7813896072e-02 2.2943504608e-01 -4.5596035632e-01
-4.8561215010e-01 3.6276129339e-01 2.7033950103e-01 -4.5096769639e-01 1.8327031928e-01 2.7502783354e-01 -1.8364950671e-01 1.1227143232e-02 -7.0793971819e-01 6.6680965182e-01
-2.1695277131e-01 -2.8598401465e-01 4.3363941884e-01 -3.0299911731e-01 1.6842784882e-01 -3.6828100657e-01 3.1147947450e-01 -1.1451721890e-01 -5.5922173717e-01 -5.2642163841e-02
-2.0282385523e-02 -1.0018424254e-01 -1.9575375969e-01 -6.9262221337e-02 2.1223874441e-01 -2.8459777844e-01 -2.5476406584e-01 8.4385003327e-02 -6.2955203889e-02 3.9642113029e-02
2.1655886241e-01 3.2306370179e-01 -1.4224391999e-01 4.8232765222e-03 -5.1421191193e-01 -3.0084295957e-01 2.2661293715e-01 3.9504588602e-01 1.1441960186e-01 -2.3924885167e-01
-4.6977899321e-01 -1.3750943001e-01 1.0718162666e-01 2.4839450439e-01 2.4703914340e-02 -5.2202684288e-01 1.9522421103e-01 -8.2148793452e-03 -6.4019865434e-02 7.4437126562e-02
-9.2142257478e-02 5.6862917320e-02 -4.0909497549e-02 -9.6630832578e-04 -8.4556540539e-02 -1.5822999216e-01 8.1483857725e-04 4.1509649420e-01 -2.7658290226e-01 -4.5373817142e-02
-5.6970403733e-01 1.2951790571e-01 2.6281002863e-01 -4.3989350522e-01 -4.3613531448e-02 -3.3480222355e-01 -3.8482677104e-01 -5.0816035655e-01 1.2504975323e-02 -3.3033483397e-01
-1.1976676420e-02 -1.6757508215e-01 7.8335423106e-02 8.3007290014e-02 1.9586162415e-01 6.4833659315e-01 -2.2256371190e-01 -5.2060828530e-01 -4.6207666340e-01 -1.2444314897e+00
