-6.1910404526e-02 -5.1816687540e-01 -2.6968374675e-01 -6.8259303578e-02 -1.2556026174e-02 3.7625133613e-01 3.0589131389e-01 4.4703320097e-01 -5.4907106415e-02 -7.1950844063e-02
-5.5215191918e-03 -1.6526692514e-01 4.1581200776e-01 1.6154743560e-01 -1.0108532655e+00 -3.8964350211e-01 1.4621421901e-01 -1.0365847173e-01 -5.9055625898e-03 -5.8451033395e-01
3.0449602610e-01 1.0387364445e-01 2.6578915237e-01 -2.1893312712e-01 5.6152401897e-01 -3.3463158302e-01 3.2729121276e-01 2.7518662274e-01 -1.9833884604e-01 -1.1957843163e-01
6.1079766191e-01 -3.5008953683e-01 5.3210251624e-01 -2.4080250877e-01 3.3928870733e-01 3.1065769288e-01 3.3744970938e-01 1.7469204938e-01 -2.9426287515e-01 3.3674659804e-01
-1.3435771226e-01 6.8322066449e-01 2.3893311158e-01 8.4979852541e-02 4.5515724402e-02 -1.6126015490e-01 -2.8421355549e-01 -1.7203714400e-01 1.5987281078e-01 -1.0650729443e-01
3.3160597792e-01 1.6859693245e-01 6.8151522583e-02 1.5343365841e-03 5.1541778003e-02 -3.6126219475e-01 -4.1423834580e-01 -1.7424117168e-01 3.0692684707e-01 2.5392224093e-01
3.5366698854e-01 8.3177900017e-01 -6.0107935163e-01 -5.6699377820e-01 -1.1475867709e-01 -6.0225229119e-03 5.8815859210e-01 1.1520045064e-01 -4.4835396065e-01 -6.0106771224e-02
2.8546363640e-02 1.4656646966e-01 7.6626709031e-02 -3.7218722813e-01 2.3377815333e-01 -2.6856780316e-01 -5.9244432371e-01 4.2931243862e-02 7.4957275432e-01 3.1040391057e-01
3.3066538690e-01 -3.7532706840e-01 -2.3149490547e-01 -2.5888456664e-01 3.8061376144e-01 -4.8457620128e-01 2.0857585471e-02 -4.6070021994e-01 -3.7220583805e-01 2.0405265948e-01
1.2084218881e-01 6.4431658055e-01 2.7323978116e-02 1.3087334403e-01 -3.9754066236e-02 -3.3711964989e-01 2.0765341933e-03 -2.9117145770e-01 2.2421327241e-01 -4.4227520713e-02
