1.2300210615e-01 6.0933763226e-01 -6.6575313170e-02 -1.1241913305e-01 -4.8301362406e-01 9.1317992387e-02 -8.1443575175e-01 -6.2323155432e-02 1.2254393300e-01 6.4704966962e-01
-2.3566904861e-01 7.0286542503e-01 6.4803103999e-01 3.8389714016e-01 5.1621834007e-01 6.5803271807e-01 2.7465228076e-01 -1.5403462842e-01 -1.4152377464e-01 4.8636482393e-01
-7.3930847012e-01 8.2706785639e-01 -1.1999335530e-01 -2.3454478393e-01 -1.4676055535e-01 -9.9004638092e-02 -4.9294431275e-01 4.4868433418e-01 1.4601306313e-01 1.1872433526e-01
-3.5638128457e-01 -1.4075774883e-01 -6.5360769882e-01 -3.1500265054e-01 2.4879489596e-01 5.3672218336e-01 1.1021467637e-01 -4.4412525841e-01 -8.1313863626e-01 5.8431503770e-02
-5.2412790962e-01 7.2981454678e-02 -5.0627406240e-01 -4.2546775500e-01 2.0166573700e-01 -1.0122724766e-02 -9.6145100944e-02 3.4338680142e-01 9.8574175855e-04 1.2603030981e-02
5.6503212150e-01 7.8073355247e-01 -3.6261772806e-01 1.1670277606e-01 4.0259182939e-01 -4.1675839176e-01 -1.9571817922e-01 -1.8943030499e-01 2.5468948033e-01 4.2172513687e-01
1.3327315730e-01 1.2536155951e-01 3.6658284751e-01 -4.6519523046e-01 -7.5597624324e-02 2.1214101063e-01 -6.9742836334e-03 2.4312937147e-02 -1.9095814242e-01 -3.9645365156e-01
2.4633125264e-01 -2.4683729245e-01 -5.8601441669e-02 4.6965721607e-01 -3.1026847726e-01 2.9689301911e-01 3.9283929962e-02 -1.1693781673e-01 3.6892428345e-01 3.9288537701e-01
-2.3948530031e-01 3.6336165549e-01 2.0045996158e-01 -8.0382687967e-02 -9.6701158081e-01 4.9264032259e-01 -2.5807148022e-01 3.5678171311e-01 6.5486342196e-01 -4.2345971671e-01
5.5699953192e-01 3.2851516253e-01 1.1229233532e-01 2.1722204572e-01 1.1263761531e-01 -3.1208889543e-01 -3.5556471411e-01 3.7654886158e-01 -6.4279579429e-01 3.5937981332e-01
