6.9344875446e-01 -3.9403610918e-01 -1.7684966187e-01 -5.4845485963e-03 2.5053179294e-01 -5.6436656944e-01 -1.9099472309e-01 5.5496090149e-01 6.0516413478e-02 2.1623158651e-01
4.1925439667e-01 -3.3931090684e-01 -9.2379879927e-01 3.7507713019e-01 2.0204136195e-01 1.1758525626e-01 3.7576121942e-01 -8.3517870567e-01 -5.5529080205e-02 6.0039445608e-03
7.8701194805e-01 -2.2857976413e-01 2.8248206403e-01 2.8776827049e-01 2.0119741569e-01 -1.2551782901e-01 -3.2709288168e-01 -1.5846174771e-01 -2.0423501814e-01 -4.1420845620e-01
1.8604509267e-01 1.7445482425e-01 -3.1692302042e-02 5.5440585242e-01 1.6154295693e-01 2.3872921416e-01 -1.6184432859e-01 -1.9277321822e-01 4.3910876426e-01 -5.5319381993e-01
-3.1076958732e-01 -1.4830258109e-01 2.7788459334e-01 2.4328878319e-01 4.3238830811e-01 -2.0607554120e-01 4.5437147342e-01 1.2646709233e-01 4.0163832276e-01 -2.5040831057e-02
2.6767496918e-01 4.4823474652e-01 7.3502016032e-02 5.4314464939e-02 5.2400536412e-02 -8.5085678885e-02 6.8384924219e-02 5.3844662595e-02 1.7576739013e-01 1.8594260243e-01
6.0429651146e-01 -3.6263112605e-01 1.0514123333e-01 1.2293849763e-01 -1.1743316474e-01 5.1009412381e-01 2.5260202569e-01 1.5415869096e-01 1.0321756495e-01 1.8591926381e-01
-5.9651319611e-01 5.7336948786e-01 -3.2333008078e-01 8.3715526908e-02 6.3627281118e-01 -7.1320785481e-02 -7.2016223957e-01 -3.1945079368e-02 -9.0926246407e-03 -2.8882567196e-01
-5.6360233712e-02 -1.9045291073e-01 3.3898640019e-01 5.9701851108e-01 -3.6425745461e-01 2.1633592009e-01 -3.5087068332e-01 4.3086971392e-01 1.4720684444e-01 -2.4575069368e-01
7.8702746685e-02 -2.0389239939e-01 2.6387860557e-01 2.8072842438e-01 2.9510807639e-01 -3.0955817513e-01 -4.1878758153e-01 1.6424075862e-01 -1.8606486157e-01 2.4591691367e-01
