6.5638412656e-01 -3.8028465919e-01 7.1275082367e-03 -2.4390463992e-02 4.1949032706e-01 1.2931927994e-01 7.4553874041e-02 -1.8621655009e-01 1.2319576227e-01 5.0299743000e-01
-5.9586124613e-01 6.1576701858e-02 2.6928697470e-01 4.9032847445e-01 6.4019338850e-02 8.8272319110e-02 4.0543365150e-02 -1.5480222363e-01 -2.1912919701e-01 -2.3224514001e-01
-1.8398209100e-01 -4.5924142518e-01 -4.9775223651e-01 2.4900590869e-01 8.3669805818e-01 -2.3480696335e-01 -5.1620868208e-01 -1.0381800017e-02 -3.5895331231e-01 8.7667746574e-02
1.6533366951e-01 4.3706942642e-02 -5.7490299148e-03 -1.6568051313e-02 -1.3432403639e-01 -1.7499479892e-01 3.9282736037e-01 -1.9708520687e-02 1.3442364824e-01 1.8256060325e-01
-5.0717374939e-01 6.0382436120e-01 2.3863236022e-01 5.0365526397e-02 -1.7787502379e-01 1.0829635814e-01 5.4552490211e-01 2.5415107946e-01 3.2135360558e-01 -5.4353916598e-01
4.4548016954e-01 -4.6622614703e-01 4.6457045593e-01 3.1380604615e-01 -7.2501335322e-01 -2.1950019461e-01 3.7837145052e-01 2.7665977908e-01 -1.6094509468e-01 -7.6780157106e-01
1.1639134302e-01 5.4304873751e-01 1.5602319372e-01 -8.6716797996e-02 -6.6156037698e-01 5.8120414952e-02 5.3297811416e-01 3.1973880862e-01 -1.5201573041e-01 4.8069631130e-01
3.7576526339e-01 -9.9837375565e-02 -4.0045617754e-01 -8.9402710621e-02 2.0766233107e-01 -1.6533991288e-01 1.5772382854e-01 -3.1403837997e-01 7.6540821839e-01 4.8438524222e-01
-4.5187446608e-02 6.4878834506e-01 4.8376512214e-01 -3.1384330195e-02 5.8110325178e-02 1.1768955214e+00 -2.7783110597e-01 -8.0316297734e-01 5.0013698189e-01 -6.0371297424e-02
-4.6577547824e-01 2.5406904325e-01 1.1372077365e-01 -2.0652405381e-01 -2.8319490131e-01 2.8096315317e-01 -2.1849463396e-01 -2.8837618575e-01 7.3631291831e-02 -5.0948516830e-02
