3.4091989144e-01 -3.5818369380e-01 -5.8186838736e-02 1.2191374146e-01 4.1907902422e-01 -6.5920541836e-02 -1.5824682065e-01 -2.6109859231e-01 1.6359576905e-01 2.9844736914e-01
1.7818577927e-01 -9.2481465427e-01 8.6691446865e-02 4.2840224991e-01 4.0811150920e-01 1.2809009973e-01 5.7914427209e-01 2.0565850039e-01 -5.4169532403e-01 5.3606958513e-01
2.7625639111e-01 -5.2895626646e-01 -7.9111610572e-02 -3.7281120180e-02 -1.0929923040e-01 2.0080975612e-01 -1.1595723336e-01 -4.9458354986e-01 -1.0360366693e-01 4.9241042102e-02
3.8007046645e-01 2.7158846210e-01 8.3798821857e-02 -2.5421732421e-01 1.1172620461e-01 -4.6848163071e-01 -3.7400493366e-01 2.2611778406e-01 -7.2065345522e-02 -1.8052077326e-01
8.4959616376e-02 -2.5777121486e-01 -4.3183357693e-01 8.2120411168e-03 -2.4604452716e-01 -3.0283714219e-01 4.7501985306e-01 -1.6067272922e-01 2.7714853174e-01 -1.5763828946e-01
-3.5880674515e-01 -9.3889314290e-02 -1.2435979249e-01 1.3571312200e-01 -1.0693086497e+00 -1.1357262143e-01 -3.4984425121e-03 3.3418918397e-01 4.1947456782e-02 3.3125359931e-01
6.2709928084e-01 -5.8097572464e-01 -3.1487294170e-01 -2.6756678065e-02 -1.3440447806e-02 -8.4651183859e-02 2.0187669726e-01 1.2615229876e-01 1.5900201402e-01 5.4998798348e-01
3.0838762540e-01 1.3288932163e-01 -3.6967687546e-01 -4.6347790285e-02 -4.6800172640e-01 -1.0574013445e-01 1.6073222241e-01 2.0658322472e-01 1.2955323029e-01 -1.2583866819e-01
-1.7020844714e-01 1.6225078831e-01 -3.6679683186e-02 -5.1330674252e-03 -5.7034433662e-02 2.0798834900e-01 2.7596012753e-01 8.8583705065e-02 -3.3063737784e-03 5.1003387846e-02
-2.4689880161e-01 -3.9327725309e-01 -2.9443121602e-01 -2.1776429423e-01 -5.5871630017e-01 -2.9145809662e-01 -5.6744056198e-01 2.7265203602e-01 5.0180941658e-01 1.4478000598e-01
