-7.7812850039e-01 -2.3233490080e-01 -2.7885859095e-01 4.0598721807e-01 -4.4126760123e-01 6.3786137675e-01 4.0520721021e-01 -8.6882065440e-01 -2.8760446474e-01 -1.1926499556e-01
-3.8437241262e-01 2.0318372275e-01 -3.2158789500e-02 -6.8026423666e-02 1.5344436896e-01 1.8511576439e-01 -5.4580507131e-01 3.8673191702e-01 4.8135173476e-01 3.6137727331e-01
1.5295671765e-01 2.1730665979e-01 1.9225467320e-01 -5.5883571069e-01 -4.2831914232e-01 2.2189446205e-01 5.4709877019e-01 -3.4859758893e-01 3.5513576186e-01 -1.5501113944e-01
-1.0489553669e-01 -9.4932820997e-01 4.5077494908e-01 4.4123896416e-01 2.1618097888e-01 3.4426695542e-01 2.6808069498e-01 -3.0640807465e-01 -2.0024705143e-01 7.3955651280e-01
-1.4242691250e-01 -6.1514835777e-01 4.9374031768e-01 -3.5209983627e-01 -3.5893994731e-02 -2.7032419275e-01 -3.0321194485e-02 3.1275381037e-01 1.0534309923e-01 4.9258353551e-02
-1.1662173025e-01 1.4611793866e-01 5.0519711484e-01 2.8831363574e-01 3.2152838272e-01 -2.0186958052e-01 1.2059987140e-01 4.2524633989e-01 -3.9232276364e-01 7.7197813968e-01
2.3761942298e-01 3.5803789213e-03 4.5802137343e-01 -8.3769641502e-02 3.5006809293e-02 -5.4072363137e-01 -1.9479673688e-01 7.7938095568e-02 -4.4221608798e-01 -3.1184441688e-01
-3.2079390853e-01 1.4491415583e-01 1.3518217451e-01 -4.2949912251e-01 -9.6920365472e-02 -3.0845656736e-01 6.0169521383e-01 1.3876796225e-01 8.5281486272e-01 6.1204833220e-02
-1.4024259513e-01 1.0637752587e-02 4.8910029608e-01 -4.2243726901e-02 -5.4849744720e-01 2.1393027761e-01 -1.5936869853e-02 -4.9251441212e-02 3.5943370738e-01 -2.1082477421e-01
7.9552752402e-01 1.9581468041e-01 -2.0182825571e-01 -4.5915661644e-01 1.2967105573e-01 3.9732318071e-01 2.2930640432e-01 -7.7225425579e-01 -1.9243047779e-01 5.5001406013e-01
