-7.9106641042e-02 -1.9796039720e-02 5.5532878606e-01 2.4545211033e-02 -2.6907313991e-01 -5.9628842231e-02 -7.4056122179e-02 4.9322607851e-01 8.3457536924e-02 9.7657585487e-02
4.5128624285e-01 -5.4730255690e-02 -2.7756943294e-01 3.7862403000e-01 -3.7513029521e-01 1.7695263200e-01 -7.6064969972e-03 2.9757591640e-01 4.7588669263e-01 2.4303029828e-02
-1.7779655247e-01 6.9497952890e-02 5.0785266725e-01 -5.1876075879e-01 5.7139661967e-01 -2.3965132932e-01 -9.3663938281e-02 -1.7516984932e-01 1.1463173953e-01 1.4096917972e-01
7.2300676575e-02 1.8583197691e-01 -6.6982794680e-01 2.2132254869e-01 -9.4441601163e-03 1.9124994312e-01 2.5757684519e-02 2.2974311008e-01 1.3853565451e-01 -1.1432761238e-01
-6.6005156315e-02 -2.2389798977e-01 3.2762578526e-02 3.1218836917e-01 3.6854137640e-01 4.2494148155e-01 7.1829547052e-02 -2.7452008486e-01 -1.9741072962e-01 -2.4460840495e-01
-1.5152184201e-01 -1.6085439012e-01 -9.7609225960e-01 -8.4185987294e-02 -9.4889874306e-02 -2.7265745548e-01 -1.5058706518e-02 -1.9335267564e-03 1.6753533541e-01 4.0529291894e-01
1.1425576786e-01 3.4085867677e-01 1.6480271068e-01 4.2991286831e-01 1.5260869242e-01 9.4823247638e-02 -3.9569411531e-02 2.5521915837e-01 -4.4372021535e-01 1.9716179596e-02
6.9081260688e-01 -3.7052224852e-01 -3.5990785448e-01 1.5188307825e-02 4.5719136897e-01 9.2991557705e-02 1.3738272218e-01 8.4951808513e-03 3.1055151083e-03 -6.0030347429e-01
-8.9782125601e-01 5.2155038226e-02 8.6190731586e-02 -1.9932791805e-01 -1.0058147607e-01 2.5591961576e-02 -5.7478684339e-02 2.3306139782e-01 2.3381953122e-01 -3.7021996251e-01
-2.4614160293e-03 3.0883821806e-01 3.4556410243e-01 -2.6626730053e-01 4.5996451859e-01 2.6806978665e-02 1.5570664971e-01 -3.7355164610e-01 4.4159646637e-01 -2.4655333813e-01
