9.8957130150e-01 5.3786879918e-02 -2.8384418104e-01 -3.3561957870e-01 -6.3359746075e-01 -7.0055728757e-01 3.4376223209e-01 -1.1414144822e+00 6.9712033941e-01 1.6937306883e-01
1.8020242840e-01 -4.8248467205e-02 -2.7303657534e-01 9.4179963834e-02 -1.1637784139e-01 -2.7992691760e-01 2.8257463665e-01 2.3335280440e-01 -1.6029846993e-01 -4.9769496949e-01
1.9177901218e-01 2.2980636352e-01 4.5764783609e-01 -4.1914932457e-01 5.9620453833e-01 -2.4571564322e-01 3.4354512565e-01 -8.2100023570e-02 -6.2161759645e-01 6.3856780338e-01
1.9938619596e-01 -9.6335785320e-02 -1.9663862254e-01 -9.3817814796e-02 3.8875771765e-02 1.6977226120e-01 -1.9347475687e-01 3.4511285256e-01 1.5774888587e-01 -1.2686920039e-01
2.6174016095e-01 -1.4175327843e-01 1.6104529466e-01 1.1852254881e-01 1.2418338984e-01 -6.8692709487e-01 -6.3220638957e-01 3.0224721818e-01 -2.9370021076e-01 3.9016118440e-01
-2.1948865186e-01 6.9900139345e-01 -7.9845380849e-01 2.7778458372e-01 -2.6966305065e-01 -3.3418941922e-01 5.3644791869e-01 1.8017667024e-01 1.3376255197e+00 5.9364767903e-01
4.0419361580e-01 -3.3473968153e-02 2.6570461277e-02 -5.8240271934e-01 5.9219968436e-01 -3.1794061596e-01 1.8139069906e-01 3.8440518660e-01 -3.7450310573e-01 5.7409069696e-01
3.1910603820e-01 6.7709351607e-01 3.0614011620e-02 -4.6802186586e-01 -2.2509300661e-02 -3.5710979973e-01 -4.2216644620e-01 2.6587745878e-01 6.1281808585e-01 -2.3262924293e-02
3.3484250524e-01 1.1944461149e-02 -4.1946606360e-01 3.5603226396e-01 5.4694611136e-01 -3.7977970129e-01 4.2490824293e-01 1.3325036139e-01 -3.8073653618e-01 -5.3485863419e-01
-2.2188180052e-01 -1.3352622897e-01 4.0260149984e-01 -2.8563846625e-01 -3.3425613506e-01 4.4810592847e-01 4.6096619079e-01 -1.9168124333e-01 6.4658711925e-01 2.4168088506e-01
