-4.4905996025e-01 -4.0472395657e-02 4.1437068606e-01 -7.8251833134e-01 -2.3837070963e-01 -8.0296920129e-01 -5.7148798632e-01 3.4079191832e-01 7.5334649246e-01 -2.6760915306e-01
6.6315244184e-01 3.9321236409e-01 1.0220697379e+00 8.5219740199e-01 2.3370406997e-01 3.2374200041e-01 4.6654460376e-01 -4.8347238664e-01 -1.0726309622e+00 4.9006458505e-01
-1.6611659990e-01 -5.1748294920e-02 -5.6223722516e-01 2.7374893357e-02 -3.2812988976e-01 -3.7959731349e-01 -4.4828058700e-01 2.4798923829e-02 8.7778226890e-02 -1.1608271792e-01
-5.0442068348e-01 -3.8924859277e-01 -3.2041395239e-01 -2.9293319522e-01 -4.8922069719e-01 -5.7168190897e-01 -6.1689714647e-01 2.9670943654e-01 2.8912261577e-01 -3.2581402446e-01
7.6218646634e-01 2.4425994647e-01 -2.5974630502e-01 -3.3282952456e-02 4.8293559072e-01 8.7994161909e-01 6.6857544998e-01 -3.2614184836e-01 -6.0636367376e-01 4.1702350033e-01
4.9923335068e-01 -3.1318243665e-01 -2.5226551603e-02 -2.2733126855e-01 -1.7598430003e-01 -4.1601388444e-02 2.4373249305e-01 -1.9111527776e-01 -3.0296882937e-01 6.7718369275e-01
4.7451031521e-01 9.7887318915e-02 3.8673738974e-01 4.0132019576e-01 4.0544759456e-01 2.6981223384e-01 5.9971215370e-01 -4.5185497054e-01 -6.9323335804e-01 2.6355017079e-01
2.6151491546e-01 5.8598519159e-01 -3.8531195085e-01 2.0880129224e-01 3.4049400176e-01 3.2381357187e-01 -1.9317560513e-01 -2.6002751993e-01 -6.2245682031e-01 5.1616432376e-02
2.6470452887e-01 7.7804086647e-02 4.0591120912e-01 4.7966626736e-02 6.7842226857e-01 5.5668418287e-01 5.3611318997e-01 -8.7515510559e-02 -6.1661055509e-02 5.2751329403e-01
3.7824903365e-01 2.1776047687e-01 4.1293090557e-01 -5.2518264251e-03 7.0847633541e-01 3.9080035068e-01 9.1567746744e-01 -3.8957498344e-01 -8.3982104756e-01 5.4163339675e-01
