6.9080023547e-02
-8.5728469826e-02
-1.3054788653e-01
1.2080103538e-01
-6.4028102814e-02
-9.0794320757e-02
-4.3699265602e-02
-5.2512892545e-02
1.3843291842e-01
-4.8462660329e-02
1.1699675882e-01
1.3589730390e-01
1.4349509342e-01
1.9053032696e-01
-1.1891106858e-01
1.2516431707e-01
7.2690161133e-02
1.1034858203e-01
8.5743933501e-02
-9.4714259538e-02
-8.0475252728e-02
1.0352534997e-01
-1.2330100217e-01
-4.9139977819e-02
2.6586966083e-01
-1.5254470552e-01
7.0174873872e-02
6.5891872543e-02
-1.0524905611e-01
-1.2335177677e-01
1.4322913630e-01
-1.6181106466e-01
1.1991178547e-01
9.7229640735e-02
-1.0432400408e-01
-6.3566602980e-02
-8.5214263614e-02
1.7091144135e-01
-1.2500687734e-01
1.7969199490e-01
-1.1573776440e-01
1.1508982941e-01
-1.2971484964e-01
-6.8766718319e-02
-1.6059656256e-01
1.8557875213e-01
1.5617516217e-01
-1.4439794070e-01
2.0039394178e-01
7.5099301837e-02
1.1860911069e-01
-9.6548939836e-02
1.1447349585e-01
1.3849429998e-01
