2.0867417796e+00
1.1411175903e+00
-4.4543559462e-01
8.3290570747e-01
-4.3909195977e-01
1.4666801463e+00
-1.0232258501e+00
-1.0471135185e+00
-5.5717182403e-01
5.8513947142e-01
-4.9892931973e-01
-3.2550586374e-01
9.3287409573e-01
-2.8764243837e-01
4.2858115172e-01
1.9244557886e-01
-9.9108512351e-01
-2.7331945049e-01
3.5971302119e-01
-1.1669339797e+00
3.2639321057e-01
-2.3557176057e-01
3.2295664481e-01
1.6267889810e-01
-1.1332125439e-01
-1.4204574209e+00
8.3680087366e-01
1.8557834398e+00
-5.1134537845e-02
-1.7747569033e-01
4.6624369129e-01
1.0637770843e-01
2.7964330166e-01
-4.6682649250e-02
2.2289484743e-01
5.0080876026e-01
3.3807295485e-01
-9.2796871925e-01
-2.1751421115e+00
-1.9510606852e+00
4.8282274666e-03
-2.3905911243e-01
-5.6542366009e-01
2.9347194266e-01
