4.2799484094e-02 -3.2019858632e-01 2.8541784714e-01 2.9081836742e-01 -8.6906783778e-02 -2.1545387927e-01 2.5689795351e-02 2.6948602630e-01 3.6810080265e-02 1.6569180390e-02 -1.9424956112e-01 2.6578330798e-01 1.9458381023e-01 -5.6706871067e-02 4.8878607309e-02 -3.5660816613e-01 3.5874476725e-01 -1.0223333442e-01 -1.9359604615e-01 -2.9781373522e-01 -3.8644345941e-01 -2.5243733869e-01 -5.7079532221e-02 -8.4448514895e-02 3.7931487941e-02 2.1452274517e-01 2.9876465427e-01 1.3520008137e-01 1.2157323503e-01 2.9832917373e-02
1.3141289378e-01 5.2824934517e-01 -2.0387455327e-01 -2.2939371426e-01 -2.1693783922e-01 2.4414360146e-02 8.5632125039e-02 1.1649436317e-01 -1.7586483164e-02 -3.3054169991e-02 -9.1283390127e-02 4.0534963892e-02 -1.2605145870e-01 -1.4510998108e-01 7.2845672241e-02 2.7885979018e-01 1.7871010155e-01 3.1432203010e-01 -3.9051137305e-02 3.1537592523e-01 1.5872850884e-01 -1.8667399115e-01 -3.3332806138e-01 -2.4009521850e-01 -2.3659444762e-01 -5.4971505342e-02 1.3135258666e-01 1.8243049296e-01 -1.4777629199e-01 -5.0979141686e-02
9.9969416351e-02 -6.4955322412e-01 -3.4886862666e-01 -6.2114235827e-02 6.9465853718e-02 3.0654199346e-01 -3.5566783561e-01 -3.1362173836e-01 1.8868414834e-02 2.4944013792e-01 -1.4877119179e-01 -1.1042026737e-01 -3.2911442764e-01 -2.9352712741e-01 1.3636795305e-01 -8.8580244697e-02 -1.2195185531e-01 -1.4827979535e-01 5.7619151762e-02 -9.2089585367e-02 -8.1259375260e-02 -1.8762266995e-01 -1.2386699771e-01 7.9381423413e-02 9.0199940491e-02 -2.0849416246e-01 5.6083934299e-01 -2.4831978405e-01 1.0174467763e-01 4.0564896644e-02
-4.7103993190e-02 2.0239510584e-01 3.7140783155e-01 9.1638071455e-02 -2.2562674627e-01 -2.3581740353e-01 -1.7562512878e-01 2.7339430425e-01 2.0470225953e-01 -3.9115607718e-01 -7.3290359702e-02 1.7763904105e-03 9.1405289077e-02 -3.0133235893e-01 5.5565893200e-02 -2.1662003428e-01 3.2748003193e-02 -3.3179147647e-01 -1.5766750667e-01 1.7400995276e-01 -9.0215926656e-02 -1.0127541723e-01 -4.8089552133e-02 -1.1057991697e-01 2.1764035398e-01 1.8239109956e-01 1.8261866313e-01 -2.4900499594e-01 7.2331888674e-02 -1.6578262352e-01
3.0648359352e-01 6.6462606902e-01 5.8938204104e-02 -2.5326103883e-01 -1.0830643529e-01 -2.9178043900e-01 -1.3898513672e-01 -3.4605906132e-01 1.2455828899e-01 -4.3456400088e-02 -6.0295798745e-03 3.0148671669e-01 1.8641353825e-01 2.3487753320e-01 2.4160211933e-01 6.4660919968e-01 -9.4154066832e-02 6.0899895015e-01 -1.3597373617e-01 -1.4333888808e-02 -2.9670945108e-01 -2.4751968291e-01 -2.1633724987e-01 -3.0002897309e-02 -7.3656876653e-02 2.5187090929e-01 2.6621787133e-02 8.9056382834e-02 -1.7992943366e-01 8.1378631990e-02
1.8896822916e-01 1.1638558217e-01 4.4835126457e-02 -1.1040433171e-01 -6.3219812943e-02 -6.6249418607e-02 -1.9971862386e-01 -8.1271135937e-02 7.3380293364e-02 -2.7878205203e-01 -1.5547555358e-01 2.1317828908e-01 -9.0252492842e-02 2.4590318694e-01 8.4924689547e-02 5.6031172992e-02 2.0210923322e-01 1.2526608235e-01 -1.4931367022e-03 -1.0175254688e-01 -2.0451489345e-01 -6.5625150828e-02 1.4088166307e-01 -3.3310832587e-01 9.5383767628e-02 1.7050441967e-01 1.5787897390e-02 1.0558841079e-01 -2.0117229653e-01 -1.7501231008e-02
4.3419976623e-03 -1.6379876462e-01 -9.1610819687e-03 1.6232306207e-01 7.5959670245e-02 -1.0886324175e-02 1.0791859728e-01 1.2218378711e-01 -4.2278174469e-01 2.7801269647e-01 1.1976198481e-01 2.9337681384e-02 -3.1138195829e-01 -5.3878999598e-02 -3.1294186084e-02 -2.1011964795e-01 2.3858054170e-01 -8.2168284835e-02 1.9564788210e-01 -1.1067661806e-01 -8.6277583887e-02 6.3540533294e-03 6.9497699428e-02 -9.6257965482e-03 1.1836179360e-01 9.0691628096e-02 -1.3203651914e-01 -2.6363576584e-01 9.2708471653e-02 1.0392877758e-01
4.5077409292e-02 7.3463996972e-01 1.7169411974e-01 -3.2532886804e-01 1.3223126153e-01 -2.9779317695e-01 -7.8558721512e-03 3.0156712605e-01 -6.3166051131e-02 -1.2983760040e-01 -1.2428277279e-01 -2.3425943781e-01 -1.5218051006e-01 1.9977286902e-02 4.4918985795e-02 1.0779861230e-01 3.4956009410e-01 -4.6092537657e-02 1.8909039918e-01 -1.5393347530e-01 7.8917924766e-03 -1.7271265943e-01 -1.8190425837e-02 3.4078998970e-01 -1.1869670751e-01 1.5807782722e-01 1.2829751969e-02 1.5156355509e-02 -4.1800169860e-02 2.4396996191e-01
1.6733375001e-01 3.3034587817e-02 5.8509732870e-02 7.6318724580e-02 9.2544071274e-02 1.4171228267e-01 1.3499717651e-01 1.8080729393e-01 -2.0298621108e-02 -6.1099565692e-03 1.2619792561e-01 1.4055306704e-01 -4.4058248816e-02 4.7811422589e-02 9.6022101051e-02 5.6772409477e-02 -2.3496659070e-01 -1.2169598087e-01 1.1546011911e-01 -1.4778885150e-01 -1.4030089530e-01 1.7066130228e-01 -1.2473486157e-01 3.3580713524e-02 1.5308240314e-01 1.1661709268e-01 -9.9937458677e-02 -4.8626941429e-03 1.7849459666e-01 -1.8025722582e-01
-1.3578345932e-01 6.7246833091e-02 1.7992169683e-01 -1.4221312156e-01 1.0702586847e-01 -2.3750666800e-01 7.6753317646e-02 1.2126651494e-01 1.2019148101e-01 4.2053524818e-02 -1.4353072400e-01 -2.9947993229e-03 -1.0595958113e-01 1.4848588587e-01 -1.1556193373e-01 -3.2221861369e-02 -1.1722320501e-01 -3.6354814515e-02 -1.2739148651e-01 -6.5253263833e-03 -9.7433916693e-04 -3.2680649745e-02 -1.4508642180e-01 -1.5952147440e-01 -3.9512612059e-02 1.6132221770e-01 -2.9870993407e-01 1.0474737854e-01 -6.0495069464e-02 -9.2575117576e-02
2.0306723896e-01 6.1780540288e-01 -2.3619484199e-01 -1.7310235645e-01 -9.1488869355e-02 -1.5586445102e-01 1.3424995785e-01 -1.6265991591e-01 -1.2528371339e-01 -8.0499315663e-02 -1.3820914335e-01 -2.5119909968e-01 2.5980394278e-01 1.8688368312e-01 6.1916704126e-01 5.5617631565e-02 1.6832998805e-01 1.9726497701e-01 -3.2727106412e-01 5.5867717153e-02 2.5468616501e-01 -2.4218490995e-01 -3.0254727708e-01 -3.2151130640e-01 -4.4084298484e-01 6.0559086960e-01 3.1122345729e-01 5.6358638034e-02 -2.9407823364e-01 4.9402183078e-01
-5.7365323552e-02 3.5790262338e-01 -1.1890567405e-02 9.1076399961e-02 8.5362604037e-03 -2.6338743095e-01 9.8240903204e-02 -3.4589807709e-01 1.9135514957e-01 -3.3999298595e-02 -7.0256454000e-02 1.2643638122e-01 1.0542112035e-01 1.9303390425e-01 -2.5630717016e-01 -3.2724899503e-01 -3.4369168596e-02 3.7593909757e-01 -2.0250340339e-02 7.3332860606e-02 6.5989873215e-04 -1.6875121259e-01 -4.1456204458e-02 -2.0749251871e-03 1.4164226573e-01 7.2721428154e-02 4.3154816382e-02 2.1202536971e-02 -2.2729864273e-01 1.2974127633e-01
-2.7469319399e-02 7.6773028059e-02 -3.2858408353e-01 2.1646560208e-01 3.8230125507e-01 1.4585837806e-01 1.8349116294e-01 7.8156865134e-02 2.0701972315e-01 9.5360663447e-02 2.9401236878e-02 -9.1297819994e-03 2.3130201782e-01 2.1422184534e-01 -3.8208054265e-01 -2.2727884651e-01 -3.8139659243e-01 3.0577245304e-01 -3.2989278961e-01 -4.2207041474e-02 6.4189957308e-02 -3.2086519133e-02 -4.1228622113e-02 4.8273247407e-03 -2.2616056453e-01 1.3866621857e-01 4.0593796662e-01 7.3107651709e-02 -1.9332553253e-02 -4.3642199907e-02
-1.2899187857e-02 -1.2150400213e-01 -7.8417036028e-02 -6.7684580756e-02 2.1893837248e-01 1.4637414570e-01 9.5015560216e-02 8.4536883111e-02 7.3718050194e-02 2.3500091299e-02 -1.4238549513e-01 -1.8083660421e-01 6.7604637822e-02 -7.2523523488e-02 -1.0848650681e-01 4.9264917663e-02 -3.0896994318e-02 -4.3609337457e-02 -1.2093302254e-01 1.0487881792e-01 1.3379295779e-01 4.8454058702e-02 2.0981585418e-01 -1.9566396512e-01 1.7650809818e-01 -1.6646717852e-01 2.5551591584e-01 -3.3108526950e-02 6.5849047073e-02 -2.7481836677e-02
-1.0646216548e-01 2.4629986022e-01 -1.7592776597e-01 4.4516732737e-02 1.3079273314e-01 6.0342227340e-02 3.3593312183e-02 -3.2996975620e-01 2.3897474488e-01 -6.4798672161e-02 1.9356214729e-01 -3.5890958767e-01 -1.1954924669e-01 -1.3192558452e-01 1.2584609540e-01 1.8899885018e-01 -2.7144569583e-01 -4.1223110817e-01 -2.1723939413e-02 -2.0760373409e-01 6.0405063232e-02 -3.6801989545e-03 1.4936520529e-01 1.3560663972e-01 -2.7399149347e-02 1.1656455542e-01 1.4744430546e-01 -9.8179164342e-02 -1.2665418290e-01 -3.1774930180e-01
-1.8250292635e-01 -7.2108439104e-01 -9.7738849412e-02 4.2858040462e-02 1.3633214032e-02 2.3439682912e-01 -1.9947317433e-01 -2.3913276327e-01 -1.5995952844e-01 8.4943958228e-02 1.5066658152e-01 -1.0938631444e-02 3.7681209562e-02 -1.4123492143e-01 -2.4123346422e-01 -1.4643360230e-01 -3.5254719377e-01 -3.3147163034e-01 1.5855418434e-01 3.1576311453e-02 -7.7216701309e-02 1.6278088805e-02 -1.0616156902e-01 3.5213753180e-02 2.9753621711e-01 -7.1368163616e-02 -2.9558649568e-02 -8.4071393492e-02 -2.5049061590e-02 -1.5675707485e-01
4.4091965006e-01 2.9094552206e-01 2.4818692570e-02 -2.4513027014e-01 3.1599569865e-01 -2.0148690900e-01 2.6973682762e-01 3.8364243320e-02 2.6070261700e-01 -1.1840063365e-01 -1.7456233795e-01 1.1872411195e-01 2.0100753728e-01 -1.3845658392e-01 1.1502970563e-01 -2.1689870353e-01 2.7590853074e-01 3.3323550596e-02 -1.7639053556e-01 1.1587428536e-01 -4.0379793683e-03 5.9387361964e-02 -1.3166791150e-01 9.7660085063e-02 -3.4145377903e-02 2.1543836552e-01 4.1440558259e-02 -5.6298524193e-02 -2.8301192066e-01 1.2604698573e-01
-1.3409847212e-01 -3.2318285690e-01 8.9200047867e-02 4.3800403135e-01 -2.0729333731e-02 -1.2310750530e-01 -2.0235473049e-01 3.4247553295e-02 2.6083243487e-01 3.5396904315e-01 2.5247253190e-01 8.6181654556e-02 2.1354985098e-01 -1.5568755954e-01 9.6474519283e-03 -2.2656043539e-01 -1.5784508998e-01 -9.5203774403e-02 -1.8152547540e-01 -7.6634944368e-02 -6.2056954524e-02 -2.4158053790e-02 2.4524429582e-02 3.4142404634e-01 -1.8661777962e-01 1.5671988077e-01 1.1266118210e-01 -6.6944742944e-02 -8.5994848646e-02 1.1224293688e-01
