-9.7773521952e-02 1.9141212688e-01 -3.1488491638e-01 1.1877452951e+00 -3.9086955902e-02 -3.1351491511e-01 -1.7618497958e-01 -8.1323073246e-02 -3.9338834539e-01 -7.2017541950e-02 -7.5710592646e-02
1.9620964418e-01 6.4124315190e-01 5.8198541461e-01 1.0134658295e+00 -8.9299685660e-01 -4.0159368835e-01 2.9175600142e-01 -9.8146637090e-02 5.5290566091e-01 2.3281696776e-01 -5.2647096242e-01
-9.1055679327e-01 -6.5558216673e-01 1.2732594294e-01 -1.9230475373e-01 4.4252020460e-01 8.6606686771e-01 -5.5928400340e-01 5.2793069280e-01 -2.0367221009e-01 1.2183291769e-01 -1.7591056303e-01
-3.6760352478e-01 -5.4637609759e-02 5.2863715550e-05 -1.9028959108e-01 -1.6151449865e-01 -4.2127141089e-01 -2.3978668301e-01 -6.7658887197e-01 2.3961618479e-01 -5.9153712850e-01 3.6806251322e-01
9.4045361670e-01 5.0561544217e-01 -3.7304639943e-01 5.3494474479e-01 9.8542938250e-01 -5.4958190343e-01 -6.7785106346e-01 6.0809886790e-02 2.3266528445e-01 -5.7786154827e-01 2.8849346397e-01
-1.4089950964e-01 -4.2448788901e-01 5.0453731211e-01 -2.4604026191e-01 8.4308978048e-01 -4.6751491944e-01 3.0948553982e-01 -4.7312721008e-01 5.3237912894e-01 -4.8259872827e-02 2.8374516450e-01
2.9484310899e-01 2.5499360519e-01 9.6214048940e-02 -3.6786107764e-01 -2.6285458431e-02 7.0244580712e-01 -4.0182494996e-01 7.9389902766e-02 -1.3362501693e-01 4.2885792930e-02 -2.5736064613e-01
2.2799262907e-01 2.1272244193e-01 -7.9418906445e-01 3.1678745068e-01 -1.7409957974e-01 -1.0437823115e-01 4.1493342467e-01 5.8957858146e-01 9.6393319131e-01 8.5403497516e-02 3.6748951567e-01
-1.0681727136e-01 -3.9055550391e-01 -3.8626029100e-01 -2.9621950879e-01 7.9207185430e-03 -3.3677060051e-01 3.7546035612e-01 -3.2352293202e-01 6.3032301333e-01 -3.4488689183e-01 -3.4629015052e-02
-3.2916555334e-02 1.0566570330e-01 4.1725457160e-02 -3.7883694694e-01 8.0611816254e-02 4.2997889316e-01 -5.1400683954e-01 7.6376499620e-02 -2.0613831722e-01 -9.6851408695e-01 4.4852155177e-01
-2.6665481362e-01 7.7746695284e-01 3.0821012275e-01 5.1554984890e-01 2.9205668381e-01 1.8726058105e-01 2.5829498186e-01 1.9039097759e-01 -1.0085483296e-01 6.8254559872e-01 4.3214076526e-02
