6.1066901941e-01
3.9396379371e-01
3.8283187379e-01
4.9558933280e-01
1.1251115450e+00
-2.8285346651e-01
9.2160467945e-01
1.6665248037e-01
1.1880284663e+00
-2.0869983473e-01
9.0439438669e-01
6.1091866596e-01
2.0297512002e-01
1.1397304473e-01
-8.4797088698e-01
-4.6833261253e-01
2.3337663564e+00
-1.0559894460e+00
7.4459085377e-01
6.6394086803e-01
-4.2495719994e-01
9.4873491760e-01
-3.2134914563e-01
1.2573990218e+00
-6.8321066480e-02
-1.5858072097e-01
-6.9020213046e-01
-7.9516665579e-01
2.0510507330e+00
-7.8129017402e-01
-1.2552534435e+00
1.2794284962e-01
3.5543199008e-02
-2.1750438340e-01
1.3626775017e+00
-3.4376971910e-02
-5.6491116922e-02
2.2402709135e-01
-8.0093668478e-01
-6.7630781715e-01
7.5439667949e-01
2.1321453305e-01
1.3930034035e+00
6.0892551615e-01
-1.0576982763e-01
-3.2830096569e-01
-1.0690717086e-01
-2.0575045652e+00
2.0995521956e-01
1.7690422852e+00
-3.8057957681e-01
-8.1149224677e-01
1.4491555383e+00
3.4622059605e-01
