2.9006355651e-01
-1.7212095787e-01
4.5283436052e-01
4.0651305774e-01
3.9767549540e-01
-1.6671109442e-01
2.1490214733e-01
-2.2181534889e-01
-1.0085056078e-01
1.6431452449e-01
-2.1608085295e-01
3.7595858378e-01
-4.3486744062e-01
1.4131149637e-01
-1.7406800965e-01
1.2267888125e-01
-1.1706366185e-01
5.9896404901e-02
-1.7840915570e-01
-1.1700129604e-01
1.7124056675e-01
1.2281975813e-01
-8.1574605493e-02
-1.3571644071e-03
1.6460428140e-01
-2.0765831729e-02
5.6580847485e-02
-7.3736635486e-02
-1.2214664533e-01
-1.6299305674e-01
2.1119139311e-01
-2.0490838770e-01
1.5504353740e-01
-2.5921586471e-01
8.1398348198e-02
3.3862598550e-01
-3.9266004529e-01
-9.6816320841e-02
3.1797571919e-01
-1.5055463232e-01
-2.3048166872e-01
-2.8405941243e-01
-1.6034161624e-01
4.2291575660e-01
-1.2331109851e-01
-1.9035621177e-01
-4.2087351564e-02
-2.1729131069e-01
-3.7781705120e-01
-2.4932412933e-01
-1.0714355510e-01
-1.7012823027e-01
-3.4223545428e-01
-2.3522503328e-01
