-3.7995921059e-02
-3.3521623582e-02
2.4578241770e-04
-3.1973780984e-02
8.0675863718e-02
3.2401896937e-02
2.6638951886e-03
-5.7963053474e-02
-1.1586897811e-01
-3.7873858765e-02
7.0285921192e-02
-4.1996310324e-02
7.2993601437e-02
-4.6760290269e-02
-9.0781874106e-02
3.0213996382e-02
6.4569697095e-02
2.1506556541e-02
1.0730818350e-01
-9.6096245829e-03
4.5607162994e-02
2.7816447018e-02
6.1359644081e-02
2.7677787528e-02
7.1407065683e-02
-6.0514246562e-02
-5.1865210455e-02
-6.8372935877e-02
5.7708510023e-02
-6.8078595018e-02
-1.1652362166e-02
-4.6033374937e-02
9.6828713503e-02
-3.4811424262e-02
4.0953544173e-02
-1.8134403285e-02
-3.0263939308e-02
-3.7586486468e-02
-6.7070619448e-02
-9.3433235343e-02
7.8551732135e-02
1.1342512609e-02
-7.2934619500e-02
-9.6841779557e-02
1.2160399446e-01
8.1179637231e-04
-8.3776899378e-02
-8.2576489606e-02
-2.3173679060e-02
4.0826691482e-02
5.5648796613e-02
5.3104875409e-02
-4.3883642584e-02
-6.4402897283e-02
7.0165101927e-02
3.0987918595e-02
-1.7532614480e-02
5.3893669508e-02
5.3163609076e-02
-3.4855918618e-02
-3.9695749283e-02
-3.2642218527e-02
-2.5652105512e-03
-3.7100792159e-02
-5.6116963605e-02
-5.1138596497e-02
7.7752065930e-02
8.9221320748e-02
3.7751595595e-02
-6.1696090159e-02
9.3825137427e-02
6.5880358022e-02
-5.0905745336e-02
5.1141938430e-03
6.5002456786e-02
4.0991729649e-02
6.8079142221e-04
7.6791542599e-02
-2.8911872725e-02
-3.8607632553e-02
7.4546586357e-02
4.2787890901e-02
-6.1157224965e-02
-3.5588705949e-02
4.8918795556e-02
5.3844591734e-02
7.0833509809e-02
-3.7320403350e-04
-4.5802513355e-02
-4.5772191455e-02
2.9484231098e-02
5.8533526717e-02
-3.7617378082e-02
5.4154542253e-02
-4.9051261997e-02
3.4537139229e-02
-5.7682265564e-02
3.5318361931e-02
5.3658446682e-02
3.5387534582e-02
-1.3483092811e-01
-7.3245670823e-02
-4.3523281385e-02
-8.5179337648e-02
3.3423256462e-02
-1.5999727783e-01
-6.6962287368e-02
6.4769583684e-02
5.5743320224e-02
4.7812480243e-02
8.8156948097e-02
-6.3935258394e-02
-4.6539850789e-02
-6.2687496433e-02
-4.8687523694e-02
-8.6019660019e-02
4.1487924792e-02
-5.0273323629e-02
1.6999854359e-02
-8.8494621417e-02
6.0942766662e-02
-4.0776057704e-02
6.8402636580e-02
6.6139570314e-02
5.5677471032e-02
-4.6808500282e-02
-9.5335115837e-02
1.0232215333e-01
4.3760509440e-02
4.8790058131e-02
5.3035674644e-02
-9.7314866082e-02
4.9226796877e-02
4.0008907069e-02
8.1620745937e-02
6.5564488244e-02
1.9014927882e-02
5.8604038528e-02
-2.8120848530e-02
4.9408914997e-02
-3.7009286485e-02
-4.6510019148e-02
1.8825999824e-02
-5.8593150285e-02
4.3566866649e-02
-3.8056004850e-02
