1.7881482358e-01 -1.1647261002e-01 -8.1873550778e-02 1.5842844577e-01 1.5353948806e-01 1.6643607558e-01 -7.5276406763e-02 -1.3969482090e-01 -6.3710801712e-02 -1.5350016748e-01
1.8132187192e-01 -1.0939250159e-01 -1.2390921611e-01 1.6173420284e-01 1.5267549111e-01 1.6897555631e-01 -5.4113670147e-02 -1.2740501395e-01 -1.0138941091e-01 -1.8262847008e-01
1.7833554262e-01 -1.1711880885e-01 -7.8283838572e-02 1.6118812556e-01 1.5774122082e-01 1.6886697921e-01 -7.0524228150e-02 -1.3989330017e-01 -6.6600892639e-02 -1.5655237794e-01
7.9108609189e-02 1.2548246160e-01 -1.6983050772e-01 9.2386722052e-02 9.8690759496e-02 8.2369512730e-02 7.0830086954e-01 3.1016242078e-01 -1.4895756913e-01 -2.2671557175e-01
7.5359539968e-02 -3.1122233336e-01 3.4686409405e-01 6.3747308957e-02 6.4062658122e-02 6.4569179040e-02 -2.3884387606e-01 -2.4786053708e-01 2.7902988210e-01 6.9568065163e-02
-1.1508834294e-01 1.8852231719e-01 4.0046053708e-01 -1.1345938912e-01 -1.0498856165e-01 -1.1957419877e-01 2.7183952428e-01 3.8507777520e-01 2.8819600214e-01 3.5780929999e-01
1.8461739915e-01 -1.1906525591e-01 -8.7075877845e-02 1.6267279098e-01 1.5838873896e-01 1.6886974794e-01 -7.5195159351e-02 -1.3962020308e-01 -6.7906496659e-02 -1.6259086983e-01
6.1756863409e-02 9.7296850891e-02 -9.5077587464e-02 6.2868958008e-02 6.5850690739e-02 5.7790477742e-02 4.7766832465e-01 2.6473757649e-01 -8.2210925148e-02 -2.0496027323e-01
8.2931070953e-02 -6.7205259471e-01 6.4453484937e-01 1.0368184403e-01 1.1098116537e-01 8.0719612502e-02 3.6024330324e-02 2.8885262772e-01 5.3677119645e-01 1.8609164158e-01
1.0357237170e-01 -4.9546505483e-01 5.2367554300e-01 1.1403911669e-01 1.1616394067e-01 9.9362222567e-02 -1.1692176918e-02 2.5698446995e-01 4.2664294705e-01 1.3410919642e-01
