-1.1077035590e-01 -1.1024777788e-01 -1.0897209051e-01 -1.0212949860e-01 -9.4586934966e-02 -1.0487713046e-01 1.9046634276e-01 -1.1106562866e-01 2.0164256369e-01 1.8887370974e-01
-1.3655912647e-01 -1.1501821224e-01 -1.3350570476e-01 -1.1087810954e-01 -1.1165742793e-01 -1.0972093610e-01 2.1608815593e-01 -1.3514027304e-01 2.2815596610e-01 2.1503594699e-01
3.1098755796e-01 2.2285963930e-01 3.1634285976e-01 1.9237754790e-01 1.7586546986e-01 2.0073234056e-01 -5.6866684221e-02 3.1756330746e-01 -4.6077064085e-02 -4.5074991716e-02
-1.1488047003e-01 -1.0751345291e-01 -1.1836853607e-01 -9.0936456126e-02 -8.3240382480e-02 -9.8270226075e-02 1.6282061776e-01 -1.1582561431e-01 1.6849238034e-01 1.6177548272e-01
-5.4843630507e-02 -7.4112582277e-02 -5.9367214409e-02 -5.7128569379e-02 -5.5743905300e-02 -6.3600712548e-02 1.3415665552e-01 -5.5215248476e-02 1.3750688724e-01 1.2497011927e-01
9.1795310774e-02 9.9833199911e-02 7.7000841955e-02 7.7657962120e-02 6.4859667292e-02 8.5822915675e-02 1.2534295741e-01 7.6385355006e-02 1.3249037270e-01 1.2917606501e-01
6.5579072792e-02 -2.0857805470e-01 8.6430198610e-02 -1.9904551799e-01 -1.9560357752e-01 -2.0155006967e-01 1.3177535181e-01 8.5629000291e-02 1.4647009602e-01 1.3590133697e-01
-1.0779569590e-01 -2.2839121943e-03 -1.7454716074e-01 -2.5601455434e-03 -3.4651916346e-03 -2.8416273434e-03 1.4895676138e-01 -1.7216107674e-01 1.5519945700e-01 1.4529907853e-01
1.0386730647e-01 2.0422814726e-01 -2.9251585565e-01 1.8820400570e-01 1.7241029234e-01 1.9659606938e-01 -1.5715797106e-02 -3.0627574244e-01 -1.0563835605e-02 -1.5378352337e-02
-3.4648072012e-02 8.3721877639e-02 -1.7759560402e-01 7.7654645915e-02 6.5703816604e-02 7.7278741947e-02 8.6839479816e-02 -1.8295048210e-01 9.7640224234e-02 8.9364678471e-02
