1.0440234788e-01 1.4523007710e-01 -8.2521827317e-03 8.6345411088e-02 2.4576737381e-02 9.8878891607e-02 -1.2752734466e-02 1.4683368404e-01 1.3019760351e-01 2.1853433154e-02
1.1538808752e-01 1.4164915477e-01 1.3819169611e-02 6.6757772124e-02 4.6947577594e-02 8.0902212411e-02 9.9899273844e-03 1.3638501915e-01 1.1508862601e-01 -1.1002273724e-03
2.3319812409e-01 1.7377871930e-01 1.8961505725e-01 -3.5934546756e-02 2.4439590563e-01 1.5902400949e-02 1.7597744696e-01 1.3232579434e-01 7.8389913830e-02 -1.5293776453e-01
7.8201184333e-02 1.6704854165e-01 -7.9693093008e-02 1.5329275714e-01 -3.3881198215e-02 1.6695979241e-01 -8.3966283513e-02 1.9565872409e-01 1.9592698166e-01 6.7233085108e-02
-9.1063097916e-01 -4.1730065235e-01 -1.8938418207e-01 1.1900081690e-01 -4.2551151306e-01 -6.7912373077e-04 -1.7003426587e-01 -2.1123043175e-01 -7.8138346240e-02 4.0470705216e-01
6.9347542615e-02 1.3701246763e-01 -5.1413502518e-02 1.1992550250e-01 -2.2341771281e-02 1.2614134287e-01 -5.4980810589e-02 1.5519451338e-01 1.5040103187e-01 6.4277454308e-02
2.3865692636e-01 1.8582705122e-01 1.7714968952e-01 -2.3593689680e-02 2.3866479306e-01 3.0434664419e-02 1.6290084039e-01 1.4600475883e-01 9.2695075263e-02 -1.5612202876e-01
1.0012791102e-01 1.8518390934e-01 -7.1170307288e-02 1.5081375454e-01 -1.4262592000e-02 1.7260776831e-01 -7.7516801725e-02 2.1043996928e-01 2.0563572971e-01 3.8110087208e-02
5.6387991869e-01 6.1293633943e-01 -1.3652249565e-01 3.9239267427e-01 1.0837157943e-01 4.5254902036e-01 -1.6700228309e-01 5.8239819067e-01 5.2485832938e-01 4.3834514747e-01
2.1493159668e-01 1.2947721314e-01 2.3535963312e-01 -8.4787289009e-02 2.6571945085e-01 -3.9246165061e-02 2.2380538507e-01 7.9071795304e-02 2.0633472533e-02 -1.4073612074e-01
