2.6843574791e-01 -1.6396318709e-01 -5.5317312074e-02 -7.5462297378e-02 3.0364321865e-01 2.9368170484e-01 1.9224882443e-01 -6.2837549379e-02 -7.7101194958e-02 2.6727421339e-01
1.9670848841e-01 -4.2759552897e-02 4.9421900124e-02 4.6652367624e-02 1.7864911249e-01 1.9617637869e-01 2.8565324551e-01 6.7004465673e-02 3.2987081302e-02 1.6786265517e-01
-1.1363629121e-01 2.2146125070e-01 1.9328889673e-01 1.9956739307e-01 1.5491662231e-01 -9.8247509808e-02 -8.4324630244e-02 1.8769287308e-01 1.9648309500e-01 -9.1233960312e-02
2.6018515276e-01 -1.3124939645e-01 -1.3459769075e-02 -2.1001371836e-02 2.4277815197e-01 2.6379494208e-01 2.8753245675e-01 -5.6113870498e-03 -3.3460955732e-02 2.3715538586e-01
1.8445146629e-01 -1.7742736108e-02 3.6801489265e-02 2.5407977213e-02 2.1741272842e-01 1.9068753395e-01 1.9101084988e-01 4.7873956544e-02 1.8473508541e-02 1.6995152305e-01
1.5463218474e-02 1.3592277332e-01 1.5232331713e-01 1.5256302564e-01 1.3639000707e-01 8.6755563496e-03 8.6772494883e-02 1.6483525324e-01 1.4753502903e-01 9.3384438986e-03
2.6747548738e-01 -1.6910588618e-01 -1.3200281232e-02 -1.9356909647e-02 2.2536239677e-01 2.7166596203e-01 3.4335952696e-01 5.7968772628e-03 -3.6423454238e-02 2.3823115259e-01
-1.0015648041e-01 2.1712235792e-01 2.4769715333e-01 2.6054337106e-01 7.3966881139e-02 -1.1719545152e-01 6.4841348455e-02 2.6472120584e-01 2.4669880273e-01 -1.1578732587e-01
-7.1070064006e-02 1.8979333058e-01 1.9975386588e-01 2.0588995773e-01 1.1735147980e-01 -7.6635464648e-02 1.6973590051e-02 2.0559180098e-01 1.9961305006e-01 -6.7655491914e-02
-1.3024165356e-01 2.2094985130e-01 2.3064648223e-01 2.3859133162e-01 1.0501220741e-01 -1.3455700165e-01 -2.8543305321e-02 2.3551573905e-01 2.4597964847e-01 -1.2505738822e-01
