1.6713447711e-01 1.7311953008e-01 1.6421720096e-01 -2.0659410613e-02 6.6720838853e-02 -9.4437831547e-02 1.7035224908e-01 1.3627188130e-02 -3.0589349905e-02 3.6697709904e-02
1.7578869788e-01 1.9124854382e-01 1.7524535242e-01 1.0484757609e-02 4.1649658427e-02 -1.2343931138e-01 1.7718893842e-01 4.2644851663e-02 -8.7009556762e-02 4.0178553679e-03
-2.8432249149e-02 -3.5712348585e-02 -2.7323024357e-02 2.7468170290e-01 -5.7489723512e-02 1.8144730006e-01 -2.6917568290e-02 3.8771778758e-01 -4.4895063941e-02 -6.0275461044e-02
3.1574795872e-02 2.9702381989e-02 3.0770387128e-02 3.1123792646e-01 -7.4303167072e-02 6.3230523090e-02 3.0475881827e-02 4.4924802316e-01 -1.5357704792e-01 -1.5759430104e-01
1.2211232811e-01 1.1531924734e-01 1.2918653150e-01 -3.3527683351e-01 2.7327299282e-01 3.1189806981e-02 1.3229969772e-01 -1.9420848982e-01 2.9110544397e-01 2.1591680921e-01
5.1006627716e-02 6.5986324139e-02 5.6974058091e-02 3.0893353611e-01 -7.6689755507e-02 4.1524341907e-03 5.7115440293e-02 4.3495234926e-01 -1.8156442515e-01 -1.8094487966e-01
-2.0525508985e-01 -2.3922861102e-01 -2.0013642733e-01 1.7466063686e-01 2.5682079570e-02 5.6450756243e-01 -1.9989907742e-01 2.5556218738e-01 3.9691362970e-01 4.3039002270e-01
1.6456264191e-01 1.7643472930e-01 1.6649628950e-01 -2.6623227017e-02 6.2079712158e-02 -9.2114723051e-02 1.6690866443e-01 1.1639719224e-02 -3.6834258200e-02 3.1213291969e-02
6.7913870666e-02 5.5267727468e-02 8.0389630300e-02 -5.3485373862e-01 3.5520039432e-01 1.2934494261e-01 7.6599140916e-02 -2.4988211964e-01 4.5365019703e-01 2.9551142584e-01
4.6958001115e-02 2.4952208221e-02 5.0070353389e-02 -5.8518755985e-01 4.0390309109e-01 1.7077022595e-01 5.0513162125e-02 -2.6080066524e-01 5.4956670964e-01 3.4211522103e-01
