2.2204720077e-01 2.1585852580e-01 1.8903498714e-01 2.5229907574e-01 -1.0134064190e-02 2.1485550368e-01 2.6451848192e-01 -2.3831239886e-01 -1.6825690195e-01 2.0649578463e-01 3.3744016398e-01 -5.0100798413e-02
-1.5456979372e-01 -1.5810538090e-01 -1.0200846753e-01 8.9537409949e-02 4.4400714051e-02 -1.6681602513e-01 -6.9664194700e-02 4.4896102605e-01 4.0508406712e-01 -1.2828217304e-01 -3.7037975255e-01 5.6172711450e-02
8.2692818737e-02 5.4076663296e-02 1.7412765083e-01 -2.0074466565e-01 2.4220615272e-01 3.0278925115e-02 -1.0976546104e-01 4.9654498365e-03 1.4054913960e-01 1.6223387891e-01 1.0858370538e-01 2.2784734859e-01
1.5741426283e-01 1.4723985975e-01 1.9889274941e-01 4.2596179012e-02 1.0049640098e-01 1.4239780102e-01 1.4241040990e-01 -1.7205316016e-01 -7.7828464566e-02 2.0117024642e-01 2.3426769623e-01 6.2890484966e-02
-1.6072416256e-01 -1.6430029872e-01 -1.0700157012e-01 9.2027053324e-02 4.1958887450e-02 -1.7584972396e-01 -6.8965199260e-02 4.6030781029e-01 4.1397895362e-01 -1.3613422994e-01 -3.8431950398e-01 5.2701421723e-02
8.3918401002e-02 5.9588029120e-02 1.6523769348e-01 -1.5342325024e-01 2.1312058134e-01 3.8921304962e-02 -7.3197410134e-02 -9.4991841610e-04 1.2079361199e-01 1.5501919609e-01 1.0897744184e-01 1.9800701620e-01
1.7969231164e-01 1.9356062549e-01 1.2821314067e-01 3.5667449205e-01 -8.0194322993e-02 2.0615693368e-01 3.2269797850e-01 -1.7870553434e-01 -1.3479038199e-01 1.4999445601e-01 2.7351898682e-01 -1.0762459361e-01
-1.1632954954e-01 -8.3613079926e-02 -1.3722040925e-01 2.1065791133e-01 -4.4621097488e-02 -6.4557557095e-02 1.2495423677e-01 3.5383677762e-01 2.6863451601e-01 -1.5601093242e-01 -3.4224143490e-01 -3.8506926364e-02
7.4588889517e-02 4.0076970266e-02 1.7157800644e-01 -2.3473706279e-01 2.6207482172e-01 1.3416516314e-02 -1.5605871824e-01 3.3433040524e-02 1.7792949003e-01 1.5523405784e-01 9.2841680365e-02 2.5059875255e-01
1.7059648515e-01 1.8932458199e-01 1.0323459058e-01 3.9752288895e-01 -1.0681893474e-01 2.0626652339e-01 3.4903389385e-01 -1.6134752136e-01 -1.2679719946e-01 1.2925242096e-01 2.5913156084e-01 -1.3073259576e-01
6.5991554071e-02 3.3266551504e-02 1.6049225203e-01 -2.2394787708e-01 2.5638436477e-01 4.8417168176e-03 -1.6507887113e-01 5.0565202698e-02 1.9380928352e-01 1.4610240855e-01 7.9471013389e-02 2.4747858991e-01
7.1027380749e-02 5.2071585471e-02 1.4195603454e-01 -9.9065755535e-02 1.8114763578e-01 3.3872242147e-02 -5.3966755928e-02 2.1815205673e-02 1.2850551890e-01 1.3202661329e-01 8.3309987964e-02 1.6742528542e-01
