-3.2125159784e-01 3.3016794496e-01 4.6529092604e-01 5.4185226673e-01 5.8359934844e-01 -5.4162310522e-01 5.5019395901e-01 6.0337868306e-01 -2.2700024878e-01 4.9838442260e-01
1.5556122419e-01 1.0720418253e-01 -5.8450581568e-02 2.1910523216e-01 1.2481919421e-01 2.1643537174e-01 4.0399562682e-01 2.3174593767e-01 1.8055887549e-01 8.9290640567e-02
-4.2072626453e-02 6.1871695060e-01 2.1911492599e-01 -6.2910777403e-01 -2.7479106321e-01 1.5608802180e-01 -9.6429989972e-02 1.0629418836e-01 -2.5053764351e-01 2.4086216813e-02
3.7174429833e-01 -1.4662396947e-01 -1.1779653337e-01 1.1414336677e-01 3.8810904386e-01 1.8423037808e-01 1.5902216519e-01 -1.1045291902e-01 2.3748308544e-01 3.1261699851e-01
7.3972267711e-02 -1.7845930212e-01 -5.8677517003e-02 1.6021673462e-01 4.7378121713e-01 1.5712304825e-01 1.9087152958e-01 -1.8622496935e-03 2.7932624142e-01 3.8502061327e-01
-9.2012394508e-02 5.9241332471e-01 3.3569746297e-01 -7.7616446495e-01 -3.6965892018e-01 9.4342805507e-02 -1.0381219910e-01 7.2990990810e-02 -2.9837017987e-02 2.0509661588e-01
7.1425598595e-02 1.4961586369e-01 1.5881910708e-01 -9.7379256732e-02 7.5148535336e-02 7.5142189630e-02 1.2892979786e-01 4.0031745543e-02 1.2990739013e-01 1.5685969413e-01
2.1884017718e-01 -5.0321654743e-02 -1.0842617037e-01 3.0351659855e-01 5.3482264396e-01 7.2186426915e-02 2.3863371849e-01 -5.0586959429e-03 2.3422263050e-01 2.6654031454e-01
-2.0703900101e-01 6.6778089526e-02 3.4061142524e-01 2.6521753007e-01 2.5503943103e-01 9.8409123787e-02 5.0465250812e-01 4.1815494822e-01 9.2753258342e-02 1.5137370800e-01
1.8196604768e-01 -2.3417352624e-01 -3.8747074256e-02 -5.0281251038e-01 5.9615233336e-01 4.5096818124e-04 -2.9988053179e-01 -2.7803138202e-01 1.9171677485e-01 6.1996123230e-01
