1.6067911809e-01 -1.7910517401e-01 1.7208355244e-01 -1.4709518066e-02 2.6520494326e-01 -1.0132807241e-01 1.5308194389e-01 2.9632484199e-02 -7.3008710688e-01 1.4272903420e-01
3.2706236844e-01 7.9168369276e-02 6.0105331666e-02 1.7045968914e-01 -8.5892240197e-02 1.4822137153e-01 -1.5720130043e-01 -9.3172887080e-02 5.8625545571e-02 1.0215640567e-01
-1.3608777827e-01 1.7318706707e-01 -7.5139494142e-02 1.8225108724e-01 -2.2064140486e-02 5.7600130410e-02 3.0932655690e-01 3.8233395790e-01 -3.6374189405e-01 2.0858718553e-03
-4.0626055483e-01 -4.3328657031e-02 2.3073615790e-01 3.2752516668e-02 4.3773044792e-01 -1.1759501438e+00 -2.8955295174e-02 5.5188574213e-01 1.7700505248e-01 1.4597305884e-01
3.7782430989e-02 2.2202347258e-01 -1.4497354145e-01 1.2119336818e-01 -8.3334010059e-02 8.0048794663e-02 1.4181079920e-02 2.0107283946e-01 -3.4647914646e-02 -1.0358527368e-01
7.1497426626e-02 1.2264504244e-01 -2.8259089478e-01 1.1369405416e-01 -2.2646059658e-01 2.3165821516e-01 1.6561591245e-01 4.0443104716e-01 -1.9145781803e-01 -1.4657137185e-01
-2.9365876706e-01 7.6278584568e-02 -2.6139444884e-02 4.4639350415e-02 -1.1114179648e-01 4.9869088027e-03 3.2316255622e-01 5.8381073124e-01 -1.5347593935e-01 -1.2188032917e-01
5.1387599818e-01 1.8578044892e-01 3.2264786190e-01 1.4492687239e-01 3.3426972208e-01 4.6407574231e-02 -2.2731755674e-01 -7.9710294976e-02 2.9899387987e-01 4.3497228704e-01
-4.5936509741e-02 -1.7081021870e-01 2.6073466186e-01 -5.5799986865e-01 1.0268016520e+00 -1.0267435316e+00 3.2041487949e-01 2.8625394503e-01 1.2943021796e-01 2.9239300529e-01
-5.0003070902e-01 4.7224985070e-01 -2.9507139960e-01 3.1260641997e-01 -6.3098710358e-02 -1.8539455471e-02 -1.4459314837e-01 4.3771994100e-01 7.1933149734e-01 -1.0449880241e+00
