3.1227221947e-01 -2.5806652899e-01 -6.4934281961e-02 -6.0862697332e-02 -6.7290839931e-02 2.8992256345e-01 -6.7581517482e-02 -7.2112037962e-02 2.1644297407e-01 -6.6344582043e-02
-4.6399590272e-01 -2.2157653051e-01 -1.1093162325e-01 -1.1491604723e-01 -1.1299844217e-01 2.6432834025e-01 -1.1548817472e-01 -1.2044786584e-01 -3.8210908062e-01 -1.1765196737e-01
3.7616999606e-01 -2.2651624984e-01 -9.9833841933e-02 -8.9457974609e-02 -1.0087876026e-01 2.8604523834e-01 -9.6450533109e-02 -1.0060581440e-01 2.9735026205e-01 -9.5689309900e-02
-3.0341310711e-01 -1.2629870184e-01 -1.0528016317e-01 -1.0735583509e-01 -1.0915647230e-01 2.6276732521e-01 -1.1087922920e-01 -1.1981705905e-01 -2.5920966480e-01 -1.1231944942e-01
-2.3975066917e-01 -6.4136818695e-02 -1.1160534733e-01 -1.1622095211e-01 -1.0978508532e-01 2.6072477191e-01 -1.1843255714e-01 -1.2336386793e-01 -2.1449049927e-01 -1.1738881686e-01
-3.6766700507e-01 -1.6196238657e-01 -1.1060777528e-01 -1.1408001760e-01 -1.1043790401e-01 2.6158828370e-01 -1.1405938096e-01 -1.2588652591e-01 -3.0799512806e-01 -1.1600569677e-01
-1.0290165369e-02 -7.0024748778e-02 1.6110266780e-01 1.6565769595e-01 1.4912763177e-01 -6.2279989233e-03 1.5602144684e-01 1.5319326151e-01 -2.5568577430e-02 1.6132140495e-01
3.6760354450e-01 -2.1995740629e-01 -9.1981310666e-02 -8.3843538927e-02 -1.0242807230e-01 2.7973278643e-01 -9.9392360256e-02 -9.4897520233e-02 2.9272825642e-01 -9.2268833303e-02
-9.3085271306e-04 -4.3198793316e-02 1.2689582712e-01 1.3073866104e-01 1.2426421609e-01 9.7060182626e-03 1.2879161681e-01 1.2259579014e-01 -1.0879670214e-02 1.2400201362e-01
-4.1708184934e-04 -6.3171029626e-02 1.4118234534e-01 1.4501341500e-01 1.4281083651e-01 2.2435739912e-03 1.3717898783e-01 1.3528617076e-01 -1.9329048468e-02 1.3975949044e-01
