-3.2371640404e-02 1.3394115860e-01 1.6843408746e-01 2.9714707457e-01 3.3237241399e-02 2.0036397538e-01 2.1255197854e-01 2.5674983946e-02 1.0302265172e-01 1.2335971437e-01
6.6830853145e-02 -3.2739474242e-01 -1.1629437152e-01 -5.4138713085e-01 1.8935194428e-01 -4.3570015679e-02 -5.9368455368e-01 4.1142436235e-01 8.0417925914e-01 -3.6488288327e-01
5.8692395231e-01 4.6881527669e-01 -2.8883364332e-01 -6.1681015273e-02 -2.5227773705e-02 -1.2680213029e-01 1.8496616143e-01 7.8765393283e-02 -2.1973002775e-01 2.7063388279e-01
-3.7026842449e-02 6.2832065230e-02 2.6094298869e-01 2.2131466922e-01 1.4061808725e-03 9.6405042563e-02 1.8048464632e-01 6.5492725913e-02 2.0076441358e-01 1.9623189104e-01
6.4697209737e-02 1.7342786496e-01 1.6796560948e-01 2.1201079586e-01 1.0367425504e-01 2.2139718013e-01 1.6913507073e-01 7.5665190623e-02 1.7524577945e-01 7.0661681061e-02
4.5013997861e-01 3.6936020964e-01 -1.9686502055e-01 -2.6123514121e-01 6.5048057763e-03 -7.9273477350e-02 -8.1006202674e-02 8.6860543731e-02 -1.7169094199e-01 1.7502278212e-01
-2.0231476816e-01 -4.7749778936e-02 2.9851340649e-01 1.0689569186e-01 2.4599167107e-01 2.8911927581e-01 -1.4669676177e-02 3.1536736879e-01 2.3543086213e-01 -5.8766408630e-02
8.3013468997e-02 2.2149029580e-01 1.5946436797e-01 1.9410676729e-01 -1.4950855404e-01 3.6996448986e-02 3.8275849529e-01 -2.4230543530e-01 5.1580768837e-02 3.4691606749e-01
4.9223526851e-02 1.9835668200e-01 1.5589249561e-01 1.2476884475e-01 2.0933372113e-01 1.2900200453e-01 1.6378094481e-02 1.9943972163e-01 1.0766921004e-01 3.0494257069e-02
8.9584098337e-02 3.5218549865e-01 1.3775045838e-01 1.5133329382e-01 -2.6436249160e-01 -1.0120710622e-01 5.2933520828e-01 -1.8341616930e-01 -1.7537772675e-02 3.2098857933e-01
