-2.8027525386e-02 -5.9953119057e-02 -8.1744374954e-02 2.7633528179e-03 6.1624686160e-02 6.7183679723e-03 1.8968518125e-01 2.1772870196e-01 2.3666700541e-01 9.6598501662e-03
-1.3900817167e-01 -6.6160861318e-03 -2.1880232572e-02 1.5072717869e-01 -8.0466390248e-02 3.0604692246e-02 3.6459601831e-01 2.6351077999e-01 1.5034862540e-01 1.1407122554e-01
7.1132897724e-02 -2.9484691488e-02 7.2904145254e-02 2.5112521784e-02 -5.9624665698e-02 6.3183993420e-02 3.2988523340e-01 1.2216172211e-01 1.4151229111e-01 1.0516619181e-01
-1.5456713696e-01 2.9783717975e-01 -5.7225978450e-01 -1.7450961052e-01 2.0437193511e-01 4.0189453419e-01 -1.7484259233e-01 4.9677651650e-02 -2.7056097172e-01 3.9479806518e-01
-4.0528388227e-02 2.5976759101e-01 -1.2649827486e-01 -7.8183650033e-02 2.9164359475e-01 1.0030512311e-01 1.5093268600e-01 4.7545314135e-01 -9.6900496785e-02 3.3318839716e-01
-1.8673055003e-01 1.3557657522e-01 -3.6174867605e-01 -8.2913571188e-02 2.2222823255e-01 4.5072243440e-02 2.9230802118e-01 2.3303122776e-01 4.9488487305e-02 2.4823660666e-01
-6.8201551880e-02 1.4006381903e-01 -5.7165430018e-01 -1.0124726827e-01 2.8118026333e-01 2.7605396487e-01 6.7365061859e-02 2.4685289866e-01 -7.3289305919e-02 2.6433856228e-01
9.3440985867e-02 -9.6899094988e-02 2.5195890898e-01 1.1217459905e-01 -1.6776890519e-01 -1.2574988893e-01 2.8033189847e-01 5.0335038876e-02 2.1576011167e-01 -2.2759662185e-01
1.2325492159e-01 -1.8268944665e-01 2.2784166920e-01 1.5774367820e-01 5.7266491136e-02 -1.1002615571e-01 2.1103915817e-01 -8.2539910274e-02 3.1244689375e-01 -2.1841226064e-01
5.1434188015e-01 2.6699335612e-01 1.2354145720e-01 2.2245788901e-01 8.4517226172e-02 2.2136011005e-01 -2.0948452164e-03 -1.0548450921e-01 -6.1732419890e-02 -2.1280506552e-02
