1.1634643018e-01 1.4020240009e-01 4.0932464877e-02 5.5406613552e-02 8.1118617327e-02 5.3535212798e-02 7.7988271766e-02 9.0482995735e-02 7.0314277534e-02 1.0837016377e-01
2.6288116727e-01 2.9414726567e-01 -1.2492655400e-01 -1.1861686193e-01 2.1792388039e-01 -1.1846019251e-01 2.1369290903e-01 2.3016073245e-01 2.0509399745e-01 2.5213009771e-01
1.4986934340e-01 1.6535641664e-01 -5.7352730171e-02 -5.5926191571e-02 1.2999351511e-01 -5.5635727421e-02 1.2798559127e-01 1.3479336553e-01 1.2361708464e-01 1.4509731502e-01
1.1483272592e-01 1.5570095511e-02 -4.5171142644e-01 -5.5025660847e-01 2.3127919451e-01 -5.4162719393e-01 2.3934904089e-01 2.0140740711e-01 2.5792711133e-01 1.4348532595e-01
-2.7715487177e-02 -1.2848908843e-02 2.0379969358e-01 2.2784191753e-01 -5.1075095980e-02 2.2515691084e-01 -5.4100923210e-02 -4.3889282636e-02 -6.1831019446e-02 -3.2490470816e-02
-2.9779890346e-02 -2.2882845751e-02 1.7763885253e-01 1.9808365751e-01 -4.0392010413e-02 1.9634214927e-01 -4.3237906113e-02 -3.7563992934e-02 -4.8916523515e-02 -3.1138303332e-02
-3.5875599590e-02 -3.1867502106e-02 1.7526600902e-01 1.9536411146e-01 -4.3763874655e-02 1.9364047935e-01 -4.4924969949e-02 -4.0823439206e-02 -4.9612966254e-02 -3.7373626553e-02
-3.0975162061e-02 6.2403184632e-04 2.6076806135e-01 2.8724014523e-01 -7.8427064160e-02 2.8510418597e-01 -8.3832255404e-02 -6.4523253823e-02 -9.5120893045e-02 -4.1247067335e-02
-3.9610571429e-02 -3.0025790398e-02 1.9920475672e-01 2.2192258974e-01 -5.3761780792e-02 2.1982693741e-01 -5.6239302014e-02 -4.9517419295e-02 -6.2835340616e-02 -4.2904924556e-02
3.3431027486e-01 3.6971232316e-01 -1.8367186591e-01 -1.7712062548e-01 2.8077478046e-01 -1.7782005180e-01 2.7606620452e-01 2.9616060598e-01 2.6566916242e-01 3.2178270274e-01
