3.4371892838e-01 -4.5710022631e-02 3.5640614194e-01 1.4288717847e-02 9.2207034678e-03 3.6571690289e-01 2.3018270904e-01 1.8892962859e-01 1.9389712255e-01 2.0628213550e-01
1.4059437091e-01 -1.2097866173e-01 6.1698028078e-02 1.0868935725e-01 2.4407344558e-01 2.9623953381e-01 2.3516741465e-01 3.5399059227e-01 1.7354462186e-01 3.9102918364e-01
1.0582254929e-01 -1.1857635964e-01 -1.2400374917e-02 1.3494919578e-01 2.5484747995e-01 1.9492844543e-01 6.9654657917e-02 2.1739342309e-01 1.7746652805e-01 1.7240274464e-01
1.6475426187e-01 7.2088258190e-02 2.3279268439e-01 -1.9895006970e-01 -1.1343264374e-01 1.0921612355e-01 1.8011344889e-01 -7.9101443218e-02 2.9797863023e-01 2.8422983608e-01
1.7057416723e-01 2.8885564778e-01 1.9583061841e-01 -1.7590925405e-01 -1.8974719581e-01 -9.8777834969e-02 2.3655981491e-01 -2.7921631445e-01 -2.7843071419e-02 6.3683638829e-02
-4.4550652259e-02 2.7493639713e-01 -1.3461415195e-01 2.9511950492e-01 2.1308764312e-01 -1.8819787928e-01 -2.2493363433e-01 1.4982356830e-01 -1.4588567060e-01 -1.1616930329e-01
1.0896502227e-02 -1.7077308283e-02 3.0541451531e-02 1.6672623798e-01 3.8032941847e-01 2.1893589103e-01 4.3987982636e-02 2.6857949919e-01 3.5626115069e-02 4.8973255389e-02
-1.4689666308e-01 4.0750433370e-02 -9.3346472294e-02 1.2331407186e-01 2.1182216499e-01 1.1428039000e-01 -5.6150910948e-02 2.6735247710e-01 -1.2183214559e-01 -1.1112969145e-01
-1.5161218872e-01 6.9354314298e-03 -1.5695258906e-01 2.8875998832e-01 3.9949959054e-01 1.9173027039e-01 -1.4335075121e-01 3.8686077923e-01 -1.2668684234e-01 -1.5312244858e-01
-2.7859800065e-01 5.6124835900e-01 -2.9288287200e-01 -1.1444506489e-02 1.2819828365e-01 -3.5028956587e-01 -3.4610813026e-02 -6.4436492369e-02 -3.3820999399e-01 -4.1108047046e-01
