-1.5493677137e+00
-6.4441625559e-01
-1.2199295845e+00
-1.3063123402e+00
5.7947054918e-01
-1.0761800152e-01
2.3967403242e+00
-1.1906714254e+00
-7.9261203963e-01
-1.0093196654e+00
8.2834022143e-01
8.6719184855e-01
1.7275056093e-01
3.0223796519e-01
-4.8545305846e-01
-2.0965739113e-02
3.0302545805e-01
-5.8816269488e-01
9.0876532092e-01
1.4059375903e+00
8.4771477221e-02
5.3970747250e-02
-2.2575748784e+00
1.0374270793e+00
-1.0500821976e+00
-2.1268496446e-01
5.0593839411e-01
-2.9083889607e-01
2.5981181107e-01
2.1122951790e-01
4.1474074220e-01
-3.5584076362e-01
7.1423289754e-01
