-3.8890954809e-01 3.9388392651e-01 -1.4829073331e-01 -1.1347423784e-02 -1.9051746987e-02 -2.0949872961e-01 -1.2155948267e-01 -7.3291406273e-02 6.5813098475e-02 -2.5955168512e-01 -2.3287381244e-01 -4.3530422948e-01
-9.7569526380e-02 6.2068664860e-02 -4.0305900583e-01 -4.6976867109e-01 -1.3424052273e-01 -2.4067716811e-02 -2.7264390250e-01 -6.2965173795e-01 -2.3579208645e-01 1.7984272574e-01 3.2429162882e-01 -1.5386412712e-01
3.8488172086e-01 9.5193753302e-02 -2.3687285553e-02 1.2698857596e-01 -2.0435010905e-01 2.1480386182e-01 -7.5048571462e-02 -1.1222011719e-01 2.8444964820e-01 -5.8760448446e-02 -3.1641998255e-02 -3.1664019735e-01
-1.6007741934e-01 -1.5214136522e-01 8.4673456779e-02 -6.9946207981e-02 4.7391339417e-03 1.5240849726e-01 2.5084559604e-01 2.0454886175e-01 7.3971395329e-02 1.1366723093e-01 -6.9330798448e-02 -2.1663849957e-01
-4.4919959991e-01 5.0524353068e-04 -8.5211423539e-02 7.2792542629e-02 -3.1790427356e-01 1.4936771966e-01 -3.3684468247e-02 -5.2115000249e-01 -1.4837026073e-01 -2.3594182332e-02 3.4042204831e-01 -4.2415083786e-02
-5.2901448478e-02 -7.1987385619e-02 -3.1997978595e-01 2.8612685837e-02 -3.6866832755e-02 -4.2979426475e-01 -1.2221691562e-01 3.2797625567e-01 1.1732859151e-01 4.8110141133e-02 1.9892380541e-01 -2.2533186056e-01
2.5910733149e-01 -3.7478126722e-01 2.2895878870e-01 -1.6921467565e-01 -5.0227096493e-01 3.0941119354e-01 1.4745330582e-01 7.0982607042e-03 1.5205325216e-01 1.2367431177e-01 3.6738156915e-01 -1.0406915683e-02
1.6567292988e-01 -2.6016507591e-01 4.0813411127e-01 -1.0234335344e-01 1.8774875512e-01 -2.9704524841e-01 -9.3920602615e-02 2.8242123339e-02 2.0361849066e-01 3.1429219445e-01 -4.2493278311e-03 -1.5345115133e-02
2.0010181752e-01 -5.4648452414e-01 -2.8741545982e-01 2.1724493358e-02 -1.2853936659e-01 -1.3626570232e-01 -2.5491318632e-01 -1.5096872850e-01 -9.7189830112e-02 3.7953076459e-02 4.6229076700e-01 -2.1951729897e-01
3.9091332677e-01 1.0329311380e-01 8.0538920482e-02 -1.0268941872e-01 2.2168460161e-01 2.2829212549e-02 -1.2517649239e-01 -1.2080212679e-01 2.1343337332e-01 -1.5793016307e-01 -2.0783568685e-01 -1.6762835910e-01
-5.7904813411e-02 -3.6116759094e-02 -2.9558743240e-02 4.3206840825e-01 5.2886142224e-01 -2.2715399745e-01 -1.3723356709e-01 7.0227569503e-01 2.9536626228e-01 -2.4001487708e-01 -1.1537974096e-04 -9.6827112511e-02
