7.9758858366e-02 -6.0704906274e-02 -3.4833664756e-02 2.4344507301e-02 -5.4015402323e-02 -1.1233374048e-02 1.0555468218e-02 -2.5345955375e-02 2.9999553250e-03 -1.0161461387e-01 -3.3822592778e-02 1.2047878822e-01 -1.0519453993e-01 -1.2980917198e-02 3.4121893158e-02 6.2097233400e-02 3.1634611295e-02 5.0973623544e-02 -1.7638703980e-02
-1.0760229899e-01 -1.3380199302e-01 -1.7533242093e-01 1.0254845493e-01 8.9759417025e-02 1.2893622455e-01 1.6907910944e-01 -5.2173816146e-02 1.4257133589e-01 2.8482472187e-02 -7.1316982158e-02 3.9046489372e-03 -6.5290729452e-02 4.8995302853e-02 -1.0523896747e-02 -1.1486385656e-01 -1.1257346341e-01 4.3436730814e-02 5.5109828405e-02
4.8229723287e-02 1.1672731203e-01 1.2964514365e-01 -8.3414286413e-02 -3.7160905527e-02 -7.0911234720e-02 -1.0869467764e-01 5.3797151563e-02 -8.0158346995e-02 -1.4920066426e-02 6.2919279505e-02 -1.1691234112e-02 6.5977865462e-02 -3.9957404478e-02 8.4257648118e-03 6.4593040354e-02 6.6194852753e-02 -3.3674737532e-02 -4.2926406105e-02
-9.5312749180e-02 1.2424519956e-01 2.4578889576e-02 -6.3693266281e-02 7.1288039784e-02 4.3632087660e-02 1.7499365097e-02 8.8623814785e-02 3.4588126776e-02 9.6464987134e-02 1.0070871148e-01 -1.2946719641e-01 1.1173209974e-01 -1.9917278321e-02 -3.2451589809e-04 -8.5216695816e-02 -5.6265341866e-02 -2.9158859886e-02 -1.5738463963e-02
9.5624461552e-02 -1.5379434273e-02 9.3323676240e-03 -7.4527668690e-03 -9.5144338153e-02 -6.7676159310e-02 -3.2138477514e-02 -3.9794449497e-02 -4.7850570370e-02 1.9668543310e-02 -1.3712511871e-02 -9.8471233294e-03 -1.1786845141e-02 -5.7974580913e-03 -2.0573799504e-02 6.9855207863e-02 7.0110669739e-02 -2.6228695962e-02 -1.4332280591e-03
-1.7098217051e-01 -1.0955733111e-01 -8.5020841154e-02 1.2624689151e-01 1.7953572477e-01 1.2877170528e-01 9.2967271677e-02 -5.9478416197e-04 8.9135960203e-02 -2.1295118855e-02 -8.6436721652e-02 2.9690187097e-02 -2.5131532003e-02 7.7393488508e-02 1.2056915801e-02 -1.5227239089e-01 -1.5476121575e-01 4.8145572704e-02 6.6843632977e-02
2.2008372462e-01 2.2366572473e-01 1.3751751752e-01 -2.3051389966e-01 -2.3124852658e-01 -1.7235018372e-01 -1.3561933384e-01 2.0826644735e-02 -1.1930671061e-01 1.6923968838e-02 1.5712396954e-01 -3.3120516539e-02 4.4247027935e-02 -1.0728259713e-01 -1.0258152751e-02 2.0729778200e-01 2.1233165444e-01 -6.0433434341e-02 -1.0276399799e-01
1.6796268607e-02 8.4810189279e-02 8.2464676928e-02 -5.7621101701e-02 -3.2030209493e-03 -2.8029975628e-02 -6.3901574291e-02 4.0170189069e-02 -3.9649455276e-02 -4.4105441469e-02 4.1573353810e-02 2.1943496198e-02 3.6160495546e-02 -2.2215354091e-02 1.3952663373e-02 3.8373206639e-02 2.7051498623e-02 -1.0790277992e-02 -3.2230075599e-02
1.8884765203e-01 2.0120510504e-01 1.9093816922e-01 -1.7172737632e-01 -1.8855523982e-01 -1.9468212994e-01 -1.8070072574e-01 4.9323176765e-02 -1.5430778960e-01 4.0426751755e-02 1.1499587038e-01 -6.6748687588e-02 8.3448761491e-02 -7.8349378359e-02 -1.0593441795e-02 1.8320622815e-01 1.9612388619e-01 -7.4675986690e-02 -7.8553751788e-02
4.2334567403e-02 1.3933669307e-01 -8.8507749358e-02 -1.6979927880e-01 -1.0842252477e-02 9.3675204394e-02 1.1999345043e-01 2.7739135863e-01 1.7155231670e-01 -2.6330722535e-01 2.5547932642e-01 2.6617038275e-01 -2.5003694714e-01 -2.4838342873e-01 2.6420668687e-01 7.1809263539e-02 2.2659650988e-03 2.4647314175e-01 -2.4788829657e-01
