-1.4438107496e-01 -1.6717270115e-01 -1.9974232790e-02 -1.2727881457e-01 6.4917485187e-03 -6.0997018137e-03 -1.5289410133e-03 -2.9754253644e-03 1.4811980616e-01 -4.9435098482e-02 1.4753666150e-02 9.3005044132e-02 -2.6501412295e-02 -6.8608970262e-02 4.1285015100e-02 -2.6157383077e-01 1.0044247186e-01 -8.1145056312e-02 -1.1546994382e-01
-5.5996599699e-02 -4.8179896504e-03 1.4742785810e-03 -2.2398859660e-02 1.6718989061e-01 -8.1161825410e-02 -6.6112065589e-03 -1.2937185285e-01 -6.7747334024e-02 3.0823024013e-02 -1.2715066233e-02 4.2186321961e-03 -8.4007598390e-02 3.2813292792e-02 -6.6191095321e-03 -3.6079451780e-01 6.9921758133e-02 -4.3512890390e-02 -6.6666415705e-02
-2.9161809840e-02 -2.5029582200e-01 -4.8087702722e-02 9.1573345362e-02 -1.4629089285e-01 -7.5476951255e-02 -7.5417543632e-02 1.3641290216e-02 -8.7192946765e-03 1.0873493248e-01 -1.3173751511e-01 -5.2290364908e-02 1.7747632811e-01 5.6557421228e-02 -1.3318425397e-01 -9.1529002662e-02 1.5395616102e-01 1.9885104017e-03 -1.1666525411e-01
5.7569654757e-02 -2.0408742579e-01 8.0414740773e-02 1.4420069522e-01 -3.1621035428e-01 -6.6198560523e-02 2.8540936339e-02 1.2780929208e-02 2.0152293079e-01 1.4336690182e-01 -2.4679511934e-01 -1.0196847751e-01 2.6372951155e-01 1.0541171970e-01 -2.0595376314e-01 5.3413443395e-03 4.5832883431e-01 1.4004754314e-01 -2.7726247396e-01
-8.9880041784e-02 4.5506130589e-02 -3.1812479938e-02 -9.9845870176e-02 9.3461845876e-02 9.0587969922e-03 -3.7710808820e-02 -4.5444479659e-02 -4.4003226837e-02 -6.8934555283e-02 7.1498484588e-02 9.7198829817e-02 -8.5757446440e-02 -5.0480558855e-02 8.3082480796e-02 -1.4226831739e-02 -1.1224636728e-01 -1.1286378122e-01 6.1352272805e-02
4.5956893444e-02 1.4542762716e-01 6.6878029038e-02 -2.6375783167e-02 7.4160033499e-02 1.6818149716e-02 5.7282618686e-02 -5.5104174420e-02 3.5657472279e-03 -3.2061886661e-02 7.3677196662e-02 2.6583285022e-03 -1.4507279736e-01 -2.5515553977e-02 7.5728378620e-02 -4.0031317501e-02 -7.9863469505e-02 7.3268631651e-02 4.8142584968e-02
-1.0533106401e-01 2.3320088965e-01 -2.4990243816e-01 -1.0661056628e-01 1.5447952401e-01 1.4540285434e-01 -2.4000320326e-01 1.8130754929e-01 -6.7095366689e-01 -1.1127182757e-01 7.2539958318e-03 1.3445802963e-01 -7.3018588774e-02 -7.3643325398e-03 7.1766408362e-02 4.0524360980e-01 2.4173269506e-02 -2.4627783570e-01 4.4807791654e-02
9.5653595076e-03 -3.2087697927e-02 2.7105122800e-03 7.8658070438e-02 2.5157712317e-01 2.7617667921e-02 -2.5605163904e-02 9.9776910612e-02 3.7372645696e-02 1.3353529492e-02 1.6569033939e-02 1.5140789188e-02 9.9636573758e-02 -2.9136194121e-02 -1.6984281424e-02 2.2264294220e-01 -7.3174657388e-02 1.5445202709e-04 5.5791654345e-02
-1.4229745315e-01 1.8174744097e-02 -1.6868840040e-01 -9.5849418670e-02 5.5495241111e-02 9.1676112684e-02 -2.0132525722e-01 1.3564756059e-01 -2.9934985407e-02 -8.1256019148e-02 -3.4897140841e-03 9.9758226864e-02 -2.9842004676e-02 -5.7779542451e-02 1.8455195413e-02 2.1846611516e-01 1.4081938951e-01 -1.5002055781e-01 -1.6313777468e-01
-2.1908723367e-01 -1.0720249384e-01 -1.0091943909e-01 -1.7427737920e-01 7.3856337309e-02 1.3174692571e-01 -1.6318007121e-01 1.8198420509e-01 2.0365812362e-01 -1.2809245793e-01 8.7673868495e-02 1.5599171756e-01 -7.0456810531e-02 -1.7379524327e-01 8.8603799554e-02 8.4388875817e-02 2.6677418660e-01 -9.5282619549e-02 -2.8429702170e-01
