1.0648047162e-01
-1.9494338346e-02
-7.2600012662e-03
3.1716283042e-02
4.7304836715e-01
3.4825607850e-02
-1.4251780989e-01
-1.0136233229e-02
2.3163076663e-02
-5.4289464958e-02
8.4504399900e-02
2.1050324413e-02
-1.2001937249e-01
-4.8833180367e-02
-1.3438196270e-01
-1.1486554734e-01
1.7299914023e-01
1.5676472974e-02
1.0690525369e-01
-8.6684000409e-02
6.8387099524e-03
-1.6149792928e-01
1.3164226475e-01
1.3258274675e-02
-6.4489059023e-02
1.8968315029e-02
5.0325815341e-03
-1.5514958011e-02
-2.2904039173e-02
-1.1608135152e-01
-1.9172631473e-01
1.9368310715e-01
1.3208100170e-01
-4.9916646275e-02
-1.6510523209e-01
-1.7357535720e-01
-3.0797169019e-02
3.3037970576e-01
-1.8803905887e-02
-4.2132709492e-03
2.1129188508e-01
1.3249146655e-01
5.7095905539e-02
2.3567888519e-03
-4.0712304174e-02
2.0166237147e-01
6.8211079905e-04
-1.3005036443e-01
-4.6466064729e-03
1.0991756946e-01
-6.5431441052e-02
-3.1133732309e-01
-1.5119227177e-02
3.5215702936e-02
3.4282242295e-02
6.5240853207e-02
-1.5660963913e-01
2.0599815729e-02
9.8435146540e-02
-2.4462592442e-02
8.2345549435e-03
1.1114520085e-01
4.5610616519e-02
-7.0677537192e-02
-1.2743477138e-01
-2.8106564934e-02
-3.0544091335e-02
-9.9420162436e-02
