-2.1192012742e+00
1.4550099657e-01
1.2826301643e+00
1.9429370328e+00
1.4372655626e+00
4.6873284720e-01
4.1687591754e-01
-3.4497679941e-01
-1.4763489677e-01
-6.1632332597e-01
-6.1692078116e-01
6.1684339537e-01
2.9765386032e-01
-1.7363358899e-01
7.7689856047e-01
1.8074513595e+00
6.0930867218e-01
-5.3868150528e-01
-4.0719367107e-01
1.9097735314e+00
2.7191169763e-01
1.2119854588e+00
2.8825315446e-01
-9.7439483909e-01
9.5158786415e-01
-1.9853018392e-01
-1.2036531409e+00
-5.3819916609e-01
-1.6010860637e-01
-1.6396961084e+00
-5.0621880612e-01
-2.4868521308e-01
9.0977361721e-01
6.0679865348e-01
3.4226008543e-01
-6.0628440087e-02
-7.0428428320e-01
8.3778751401e-02
-1.0372448364e+00
-6.4949419875e-01
1.0890736145e-01
-7.3701324341e-01
-1.2500954955e+00
-6.4658977152e-01
3.0818234078e-01
7.8488333769e-02
6.2549898284e-01
-8.6569391609e-01
1.1021791868e+00
-3.2822730556e-01
4.5443652521e-01
-2.6427489548e-01
1.9447741229e-01
-1.5679228595e-02
-1.8995282563e+00
-1.2411237124e+00
2.5203490455e+00
-6.3315765874e-01
8.8765607639e-01
-7.7952061759e-01
6.5464957737e-01
8.5379780255e-01
-5.5532177233e-01
2.6236969197e-01
1.1659854899e-01
5.0221497837e-01
-1.0976509702e+00
3.4528610587e-01
1.0130818197e+00
5.9846100431e-01
-2.2734331297e+00
1.6744986739e+00
9.6676215479e-02
3.2542574095e-01
-4.1301761052e-01
7.5359444917e-02
-5.2748470082e-01
-5.5993621471e-01
-4.7541636106e-01
-1.0636264199e-01
