5.6283431042e-01 2.8182397076e-01 2.9158409926e-01 -8.4336864701e-02 1.2461285733e-01 7.5830153835e-01 -3.6317710892e-01 -2.2467685709e-02 -6.7908711800e-01 -2.8622160886e-01 -6.8025112733e-01 2.2650635026e-01
-2.5680359402e-01 2.4956836469e-01 -1.5641524904e-01 -1.8530355400e-01 1.2465626830e-01 -2.4600961962e-03 -2.1790844342e-01 7.6834430535e-02 -4.9823419112e-02 -1.4177900828e-01 -5.6767802937e-02 2.3728325865e-01
-4.1939151012e-02 4.1159616790e-01 -2.8293238363e-01 -1.0107495922e-01 2.0468332124e-01 3.9437398324e-02 -1.3166752617e-01 -7.3122445309e-01 -1.0686701541e-01 3.4695768612e-01 2.3171900688e-01 4.3556031863e-01
2.3813572530e-02 -3.9985860924e-02 -6.7642147991e-02 -7.1692536662e-02 2.5319301070e-02 -3.4210410506e-02 -1.7937828359e-01 3.9107571706e-01 -1.5914346341e-02 5.2841192212e-02 -1.1692548534e-02 -5.3864719094e-02
-2.6751414081e-01 2.7508421238e-01 3.1506722994e-01 -3.2158974361e-01 -5.2394022519e-02 -2.7808031938e-01 -4.6647525535e-02 3.6671059856e-01 7.7296484827e-02 2.5707967088e-02 1.8798786345e-01 1.0639332793e-01
6.7892576920e-01 3.1596505784e-01 -3.4466825152e-01 5.0401363309e-01 2.4308941295e-01 5.9066569614e-01 1.9331840371e-02 -3.1911777344e-01 -3.3632182552e-01 -4.5140708018e-01 -7.6963359622e-02 2.2149901796e-01
-2.4052073605e-01 3.4266594619e-01 -9.5093811163e-02 -3.7980800770e-01 2.1996877448e-01 -6.6361513360e-01 1.3483508770e-01 -4.6487002038e-01 -1.8792911349e-01 2.1266306058e-01 3.2623431031e-01 8.3205538333e-01
-1.0710472558e-01 -3.3194434086e-01 -2.4959980635e-01 2.3469116114e-01 6.0005071993e-01 5.1803126427e-02 -2.3416305210e-01 8.5218167248e-02 -3.3216276689e-01 -2.4622562553e-01 -1.3297575418e-01 3.9373189380e-01
-6.3382567650e-02 4.4341076318e-03 -9.8642985491e-03 -3.5275187633e-01 6.2366232776e-02 4.7416761593e-02 -8.6995986830e-03 4.9282489427e-01 -1.7798085507e-01 2.5642315397e-02 2.5692660020e-01 5.2509011636e-01
2.4707287887e-01 -1.5486688189e-01 -1.8421898226e-01 1.2650559945e-01 8.9610786567e-02 -4.0523917317e-01 4.6248193346e-01 -3.8965968533e-01 3.0621784177e-02 5.1705455168e-01 -7.3384735443e-02 -4.8119507000e-01
