-2.8599601191e-01 1.4199046943e-01 3.2410919670e-01 4.1881642211e-02 3.6659990665e-01 -1.8600178682e-01 -3.0256012797e-01 4.5847463823e-02 3.9516244666e-01 2.6305377732e-01 -1.6542538785e-02 2.2734083518e-01
1.3404101808e-01 -9.8139143613e-03 2.0643801641e-02 -5.4124266991e-01 2.1036154101e-01 2.5722549438e-02 1.4325256230e-01 -4.2037833644e-02 3.4728100247e-02 1.5589229988e-01 3.4206297270e-02 -1.4175227374e-02
7.3081382597e-03 2.1490621901e-01 3.0698584023e-03 5.2532839619e-01 1.7491763061e-01 -4.5176327003e-01 1.1322239270e-01 -2.7175669212e-01 1.3695557457e-01 1.2585144253e-01 2.8178189520e-02 2.3607182738e-01
3.8393811271e-02 3.6052153723e-02 -1.7835848363e-01 1.1532469509e-01 -4.3112186215e-02 1.2520628828e-01 -2.1128920388e-02 -9.0822977289e-02 -9.3437787668e-02 5.1504996343e-02 9.8604817124e-03 6.9973202612e-02
3.5746672320e-02 -8.1268766130e-02 3.8333054766e-01 -1.0088767736e+00 5.8503631963e-02 7.2660639477e-02 2.3247568894e-01 -1.0937022517e-01 -9.3566790812e-02 1.6946487519e-01 -9.8412415570e-02 -1.5359105444e-01
2.7554788296e-01 5.8469149128e-02 -2.4270989042e-01 2.4438008209e-01 1.2755795475e-01 -1.0683895450e-01 -2.0266884030e-01 -2.9387297119e-01 5.1529153842e-01 -4.4144781104e-02 3.7176831052e-01 -1.4386947037e-01
-1.2844734837e-01 3.1374652627e-01 6.1034278600e-02 1.2243263972e-01 -4.2140915964e-01 -1.8394023974e-01 3.4291088020e-01 1.7638654165e-01 -3.6235396741e-02 7.7573686199e-02 2.1033690330e-01 2.5258278612e-01
-9.1449470797e-02 -1.4114785038e-01 3.7311699715e-01 2.1618265793e-01 -4.8603932458e-02 -3.3400200818e-02 5.8713203569e-02 -2.7152633994e-01 6.6202612296e-01 2.4649895537e-01 1.6232269819e-01 -3.5234378769e-02
1.1631303804e-01 -3.1121229097e-01 3.1180061600e-01 7.0605257832e-01 -1.9926093750e-01 2.9716648362e-01 1.4121522508e-01 5.8579709060e-02 1.6059399926e-02 8.5547870105e-02 -1.0056033249e-01 -3.6389386463e-01
-1.2629185877e-01 1.6123382455e-01 -5.6491939508e-01 4.1902182963e-01 -1.6774225007e-01 -2.5975517353e-01 -1.6937472568e-01 4.7448471870e-02 -2.8225191608e-01 -1.0941210776e-01 1.8613400649e-01 7.4908418139e-02
