-6.8340022617e-01 -1.4578399519e-01 -4.2414749493e-01 4.2402568376e-01 -1.3303292813e+00 -6.2552942288e-01 -5.1414107620e-01 5.0206462492e-01 5.6358535843e-01 6.8878404507e-01
4.4167012112e-02 -4.9281262950e-02 9.2404180197e-02 4.1421366876e-01 3.0712109175e-02 -1.4257854419e-01 2.8310335759e-01 -4.8847409280e-02 -2.9033717276e-03 -8.3818656050e-02
-2.1395961999e-01 -1.0824276461e+00 -6.6502430092e-01 8.6849911039e-02 4.4375664841e-01 -9.0972617418e-02 -1.3267911574e-01 -3.2365483285e-02 1.3555851631e-01 8.3093604511e-02
-6.2713301484e-02 -9.7992069353e-02 3.8515482953e-01 1.0743568690e-01 1.8893658848e-01 -6.1985234767e-02 -5.9766670948e-02 8.0399615425e-03 4.3113125410e-03 7.2850017332e-02
2.9400504945e-01 5.6706078011e-01 5.9418466058e-02 6.9880898154e-02 2.7249246506e-01 -5.6769805983e-01 2.4610132199e-01 -5.6921743777e-01 6.6561832154e-01 -2.3388575299e-01
-1.1197370192e+00 -7.5843786949e-01 -1.2265010874e-01 1.2615875753e-01 -9.5317554809e-03 3.8628489589e-01 6.4958070965e-01 5.2342914482e-01 -3.7270836201e-01 1.2541847092e+00
7.1660864631e-02 -5.6821281825e-01 -6.5489679244e-01 1.2720106478e-01 4.7614616522e-01 -3.9064032884e-01 -4.0496962804e-01 -8.0766509116e-01 3.1838671853e-01 8.1090921810e-02
-9.4665954860e-01 4.0191226982e-02 -1.8496126065e-01 -7.7460959743e-01 -8.7888180109e-02 -2.3669490783e-01 -3.2996323306e-01 -1.1367400967e-01 2.9708654766e-01 8.2636805461e-01
-7.8970283346e-02 4.7994808278e-01 5.5639599390e-01 -2.8815386170e-01 6.4676984745e-01 -3.7380513045e-01 2.5277386861e-01 -3.7945404977e-01 4.0045133148e-01 1.4447203772e-01
8.2240487297e-02 -5.0023514902e-01 -1.7793987369e-01 6.5697593368e-02 -3.8396440470e-02 3.6137724934e-01 -1.7408892416e-01 1.2989826264e-01 -4.9331854531e-01 8.9560950864e-02
