4.7128433221e-01 -1.7504178065e-01 1.2694955899e-01 -5.4105989108e-01 -4.6612763115e-01 -1.8097757964e-01 6.8363890847e-01 -4.9469766326e-02 -3.2057266873e-01 -6.5003747316e-01 6.8864351442e-01 -5.8238009024e-01
-4.5914909735e-02 -2.6958807390e-01 4.1489333157e-01 -1.0194310897e-01 -3.2895203168e-01 3.4882924271e-01 1.9186057971e-01 2.5197607711e-01 4.8335186316e-01 6.9708243659e-02 2.4593822977e-01 2.0923804869e-01
7.1209632012e-02 3.2618281496e-01 2.9154049868e-02 -1.8505102375e-01 3.7706316449e-01 7.2000211977e-01 8.1487751654e-01 -1.2464197472e-01 -4.2509102433e-01 3.9512089399e-02 -3.2890146916e-01 -4.5330313744e-01
3.1335937579e-01 -9.8713167262e-02 -1.0501957330e-01 1.6240639028e-01 -5.1876519359e-02 -1.9044570448e-02 7.4340689610e-02 2.3725402868e-01 3.8767478616e-02 1.3662469290e-01 -2.0381788347e-01 -3.7760573125e-01
-2.3776927778e-01 4.9662673491e-02 1.7330840348e-01 -3.2242951865e-01 1.9265621085e-01 5.9248992355e-02 3.4486827414e-01 1.9807937576e-01 6.6944095725e-01 -5.6710212229e-03 -2.1557731162e-02 1.5998285162e-02
-6.0199662039e-01 6.2023075855e-01 8.1339818155e-02 2.0926553440e-01 -9.5407386834e-01 -7.0146532692e-01 1.5643943368e-01 9.4554801880e-01 -4.8701222036e-01 -3.8251737261e-01 6.5051302258e-01 5.6925917672e-03
2.6635304356e-01 8.7217394412e-01 -1.2158618161e-01 -6.9477296192e-01 1.9888895520e-01 4.0802386998e-02 4.7233105209e-02 -4.7452844717e-01 -1.5180686351e-01 -3.0326225092e-01 -3.2705791697e-01 -3.8050660033e-02
-2.9094583465e-01 3.0234107971e-01 -6.7422190404e-01 -1.7344498753e-02 -1.8333994126e-01 1.2553085487e-01 7.9321820421e-01 -3.4968219500e-02 6.3859972962e-01 -2.2108268016e-01 2.9436400399e-01 -5.4914743976e-01
-2.4948113010e-01 -3.1759759762e-01 -3.3948467284e-01 -3.8311807312e-01 -1.4996955002e-01 5.1458949597e-01 4.2263201000e-01 3.9692549792e-01 5.6394369622e-01 7.9147268663e-01 -6.2503348781e-02 2.0289183952e-02
1.1769089669e-01 3.1673153365e-01 -2.9639295319e-01 6.1475905965e-01 6.3698951802e-02 -7.4927576013e-02 -3.8123930042e-01 2.2304817305e-01 -1.6708185388e-01 3.9038489134e-01 4.0854944176e-01 -4.6941113387e-02
