3.3734342008e-01 -1.1058003911e-01 2.5308351960e-01 -5.2640112288e-01 -4.7653097045e-02 -1.8187112209e-01 -4.9634442042e-01 2.8887633912e-03 2.0753943650e-01 2.3830329512e-02 1.4662925103e-02 -3.7141349243e-01
1.7837457065e-01 1.1164855900e-01 -1.4463494179e-01 -1.7049703239e-01 -4.0288281316e-02 3.4046278450e-02 1.7545825046e-02 1.0410386233e-01 -6.0142325474e-02 -1.2376931055e-01 -2.4825485346e-02 1.4542583865e-01
1.2414741569e-01 -3.2627314625e-01 -1.5340501059e-01 1.2059500995e-01 2.4578567919e-01 1.0215508353e-01 1.2815332831e-02 -3.9720977413e-01 2.8540844556e-01 1.4145032193e-01 -7.3600566754e-02 -2.3187954604e-01
8.5087615802e-03 1.5452500663e-01 -8.4075669855e-02 -7.7131095413e-02 2.1751265335e-01 5.0506967998e-02 3.9459493236e-03 -2.0646893023e-01 -2.0597371503e-01 -6.0995637298e-02 -1.5110230903e-01 -3.0341327434e-02
-2.5549811364e-02 7.0519509898e-02 -4.9467579226e-01 -2.8223066136e-01 2.7916832983e-01 1.6466402220e-01 1.9548165374e-01 3.9627411709e-01 -4.3229829607e-02 -1.3699709750e-01 -3.0989935365e-01 1.2171462834e-01
-9.4162201549e-02 2.4172091298e-02 9.3967371461e-01 -2.3594446181e-01 2.2601008825e-02 -3.6192437872e-01 -7.6573950866e-01 -4.2604170236e-01 -1.3033181450e-01 -4.3106248097e-01 1.5441639826e-01 2.3193626843e-01
1.7362891723e-01 -1.6186055150e-01 -3.2698252622e-01 -1.6778936742e-02 7.7713450863e-01 2.7764164768e-01 4.7645539647e-02 -2.6247867853e-01 2.7494246428e-01 8.0894910507e-02 -5.2913156218e-01 -3.7291194494e-01
-1.2033141991e-01 -6.7580238355e-02 2.0575635565e-01 -3.5629889509e-01 2.7659172410e-01 -9.1808306928e-02 -5.0542440216e-01 2.6340675328e-01 5.9720663050e-02 6.6841681352e-02 -2.5712955172e-01 -1.0805990669e-01
-1.8095737441e-01 2.1575453726e-01 -2.4398037123e-01 -6.0985656062e-02 5.8251688620e-01 2.0415443947e-01 6.5529289218e-02 3.8334307606e-01 -2.6930408112e-01 -7.0203327654e-02 -3.5439296088e-01 3.3968565337e-01
1.5807198321e-01 -7.6523678137e-02 2.3719648162e-01 1.3744097625e-01 -6.2057809541e-02 -7.0866774635e-02 3.8065091591e-03 -2.7925985891e-01 7.4804086148e-02 3.7104884733e-02 9.6503287723e-02 -1.9624976438e-01
