3.0230733839e-01 -1.2349416235e-01 3.4738746408e-01 -2.9247514313e-01 -3.2592044201e-01 -1.0701514213e-01 9.2704889083e-03 4.2802742969e-01 -2.5596382688e-01 -1.0047761151e-01
5.8260926940e-02 -4.7227044681e-01 -2.2576451329e-01 -2.3507434044e-01 -2.7556443527e-02 -2.7717978675e-01 1.4949295693e-01 1.2657443807e-01 -5.5085118918e-01 -2.9539401027e-01
5.6557302626e-02 3.0568129594e-01 -1.4433404873e-01 3.8974936734e-01 4.7229713934e-01 3.0906873900e-01 -8.5475490904e-02 -1.3081817405e-01 2.3291813235e-01 1.2746969913e-01
-1.4076923806e-01 -8.4661446924e-02 -2.4426570657e-01 3.2836457865e-03 -4.2904472374e-02 6.5125019975e-02 -5.0604777084e-02 -2.9255054926e-01 1.2493892321e-01 -5.0104361626e-02
4.1896211960e-01 -1.3368790067e-01 2.6850911258e-01 3.8044734958e-01 -5.0968866611e-01 -5.4293632009e-01 2.3631596527e-01 -2.7992875887e-01 -1.5111146672e-02 1.4015039576e-01
3.7389543276e-01 5.2309749048e-03 7.7002107427e-02 -4.7429162260e-02 -2.4007511220e-01 -3.2790613871e-01 3.2066461300e-01 -9.7709058465e-02 2.7340992774e-01 2.8851824415e-01
-1.4650664334e-01 3.9281337606e-01 -1.3317039065e-01 1.9289597689e-01 2.6963582564e-01 3.6735203074e-01 -8.7333805255e-02 -1.7379059996e-01 -1.1901383131e-02 1.5209672056e-01
-3.1069402881e-01 -1.2694790091e-01 -2.2715689000e-01 -8.5307577517e-02 3.1744564107e-01 3.0174446670e-01 -2.2403197037e-01 -6.8020992382e-03 2.5004416411e-02 -8.9346655066e-02
-3.6152331970e-01 -4.8727063967e-01 -2.8555927448e-01 -1.1165352484e-01 4.4672639215e-01 7.6067018748e-01 -2.5463323340e-01 4.9550984018e-01 -1.6923114914e-01 -3.6174806710e-01
-1.1256516975e-01 -5.2252912415e-02 9.7920016678e-02 -2.9902849024e-02 3.1876731285e-01 1.4162224045e-01 1.1055784765e-01 4.6113040787e-01 5.7349890961e-02 -8.8782366796e-02
