6.8079422295e-02 -3.6293120325e-01 -2.8582641297e-02 -1.5183039427e-01 4.3521074010e-01 -3.9770895353e-01 -9.6148273543e-02 3.1973814615e-02 3.5281344384e-01 -1.8440708985e-01
1.6386404797e-02 -8.4906139408e-02 -1.7318537198e-01 -1.0803472974e-01 -1.0498663737e-01 -1.4656248889e-01 5.5231804339e-02 -9.7582756435e-02 1.9647179792e-01 -2.7686235377e-01
1.2063500328e-01 -3.1755995449e-02 3.2901907046e-02 2.4734845681e-01 1.0409415175e-01 1.7538079073e-01 -2.0287038202e-01 -1.8650096786e-01 7.2313451062e-02 -1.1151044181e-01
-1.7586002599e-01 -7.8510239040e-02 2.9309943745e-01 -1.3108757344e-03 -9.6228102106e-02 -4.3536608386e-01 1.4271655832e-01 5.1333806039e-02 2.7749314151e-01 1.2215029663e-01
-7.0890611536e-02 -1.0525060110e-01 -1.6825536512e-01 3.3977786852e-03 -6.0394470767e-02 -1.7589429220e-01 6.2415069578e-02 -1.6501279310e-01 7.1927960253e-02 1.3139689116e-01
2.3631021546e-01 2.8641317026e-01 -9.2885104787e-02 8.4543358420e-02 1.1141385471e-01 3.0791817193e-01 -2.5476904007e-02 1.1610057460e-01 -4.1060138665e-01 -6.5162631850e-02
-3.0986130864e-01 -1.3204086036e-01 8.5840649324e-02 -7.2666652609e-02 2.4716672681e-02 -2.3713947882e-02 1.0143956240e-01 5.2231647891e-03 -5.4702045218e-02 7.9970106549e-02
-4.1541296093e-02 3.7667955055e-02 -3.7645878312e-01 5.0830526924e-02 8.4415705634e-01 9.6862925818e-03 -6.9139593657e-02 4.7099368200e-02 -9.8890783878e-02 -4.4466693550e-02
-7.2447640567e-02 -4.6815945445e-01 2.4219673260e-01 -5.1331199756e-02 -1.1853849996e-01 -2.3127596415e-01 -5.7906759977e-02 -1.0879752336e-01 1.4655745999e-01 -5.5661361177e-02
1.0195151146e-01 3.3837530524e-02 -3.0041791278e-01 3.4611777396e-02 1.0046561773e+00 -4.6305093965e-01 1.9532924450e-01 1.8525108522e-01 3.1133986414e-01 4.5395286394e-02
-1.2172139572e-01 -3.9641814458e-01 8.2192670737e-02 3.0865923565e-02 3.1324894081e-01 -3.6610341610e-01 -8.8578492348e-02 2.6897125252e-01 2.1907399083e-01 -1.6848943015e-02
1.7481013939e-02 -1.5324537793e-01 1.2966330421e-01 2.1274865393e-02 -3.1362750415e-01 -8.8720780383e-02 -1.0298075732e-01 -2.2943835742e-01 4.4099097938e-01 -2.7938009795e-01
