2.4567050212e-01 -1.1037269863e-01 -1.0786694865e-01 1.4679839135e-01 1.4764230483e-01 4.3694480812e-02 -1.1802901235e-01 -7.3965731423e-02 2.4392891540e-01
1.8206835414e-01 1.2921190134e-01 2.0301103397e-01 -3.0041606020e-01 1.5563793152e-01 2.7052554858e-01 -9.1968468254e-02 8.0116438359e-03 2.9877066239e-02
1.1261900471e-01 1.3192984063e-01 4.1756182461e-03 1.5670698028e-02 3.3101254013e-01 -9.9436525657e-02 -1.2037724171e-01 1.9990963663e-03 -3.5769003401e-01
-4.3841005518e-02 -6.7369042725e-02 -2.9038294412e-01 4.9381437320e-01 -2.3124214727e-01 3.3289248346e-02 1.7962601253e-01 8.6785837758e-03 -1.7745228825e-01
2.6468072626e-01 -1.1104316789e-01 1.7413587878e-01 -8.0730378950e-02 -8.0564083769e-02 1.8984594722e-01 -1.1095739037e-01 -1.2622912403e-01 -5.3221371171e-02
1.8829999211e-01 -2.1050694479e-01 -3.6198079713e-01 1.4243892462e+00 -1.0274285108e-01 -2.7575417302e-01 3.0816193164e-01 2.5512783013e-01 1.5452236668e-01
6.5151313460e-01 3.5536952644e-01 2.0257072694e-01 -5.8921177528e-01 4.6750400117e-01 4.7927055794e-01 -2.5657994249e-01 1.3277250329e+00 -1.9635414551e-01
9.0337867029e-03 2.0140824939e-03 -2.1699833863e-02 5.3936134997e-01 -2.5513527124e-01 -2.1184946814e-02 -1.5388617654e-01 -2.5101610170e-02 -6.4335179323e-02
6.3860727380e-02 -2.6335951124e-01 -1.9179812159e-01 2.3808911249e-01 -1.6546546268e-01 -9.0639332122e-02 -1.0109597955e-01 -1.9481461382e-01 1.8123831625e-01
1.8591424324e-03 -6.2917286212e-02 -4.0018457921e-01 -8.4309389148e-02 -2.2319133993e-02 -2.7490238226e-01 1.0533268325e-01 -2.2679455435e-01 -6.3381963889e-02
-4.5213271598e-01 1.2039425042e-01 -3.9551593405e-02 -2.7117479199e-01 -1.2834495908e-01 6.0740544940e-02 -3.9924480160e-02 -6.4871837279e-02 -2.0125977241e-01
2.9167530123e-01 1.7755455706e-01 3.4396726400e-01 -1.3304385157e+00 1.6481131927e-01 -1.8613153724e-01 -3.1539976373e-01 1.0205000041e-01 -3.5634278927e-02
