1.9303265086e-01 1.9206920379e-01 2.7466992601e-01 -3.6470039438e-02 2.2217149737e-01 6.7442806250e-03 -2.2815701107e-03 3.8726314820e-01 5.2456387908e-02
-3.8993951392e-01 2.6155110031e-01 5.9752918339e-01 -4.6701917899e-01 3.6122334833e-01 -4.9469600944e-01 4.9289162608e-01 4.7212294956e-01 7.2705998311e-01
7.2007440583e-02 1.0232613254e-01 3.6394669486e-01 7.1214662344e-03 2.6622467381e-01 4.2548378900e-03 -6.1860921969e-02 2.8646065513e-01 1.9159417814e-01
-4.0829703975e-01 5.5856991221e-01 3.4505833199e-01 -3.3413063957e-01 2.8510895913e-01 -2.5555553470e-01 3.3633600116e-01 1.3029851343e-01 4.3940649801e-01
-3.3792678706e-01 -1.7536457426e-03 -2.9233268334e-01 3.0793918436e-02 -3.8706090149e-01 -2.2304255721e-01 1.2868340641e-01 -1.6066497584e-01 -2.2934361343e-01
-3.5221849569e-01 1.6455060033e-01 -3.6688715270e-01 -2.2729537524e-02 -3.5599841091e-01 8.7349976804e-02 2.1175933390e-01 -1.9447275142e-01 -1.8615034969e-01
1.3626175119e-01 6.1305060238e-02 3.7986951011e-01 1.9742457137e-01 5.4388486208e-02 -1.1571955041e-01 2.6821942013e-02 2.9837367277e-01 5.0466539845e-02
6.4706694958e-01 -3.1982620616e-01 -2.5075744235e-01 1.4156868205e-01 -2.5043657021e-01 3.7140481357e-01 -4.3917719858e-01 -4.3661962933e-01 -7.7458608284e-02
-2.5043856303e-01 1.9108499779e-01 -2.1214961857e-01 -2.8955495389e-01 1.0790365597e-01 -3.7705676322e-01 5.9314917774e-01 1.6873422289e-01 6.8508540605e-02
-3.0112802312e-01 5.6432963884e-01 4.2679616387e-01 -4.8141168710e-01 6.2260133770e-01 -2.6340988743e-01 1.0614225792e-01 2.2853901952e-01 3.5313490125e-01
