2.0553046580e-01 -8.6762889892e-02 7.9340653213e-02 -6.4244889098e-02 -7.8488981183e-02 1.3606126777e-01 2.2123562062e-03 -1.5508589900e-01 3.8471522398e-02
2.8554388598e-01 -2.8652254726e-01 -2.4847791328e-01 -4.9010172226e-02 -1.0902354788e-01 1.8947223505e-01 -3.7703360360e-02 -2.9693610322e-01 2.6786098099e-02
-1.4079250578e-01 1.2373910756e-01 -9.1007660664e-02 -6.0706860409e-02 1.4141598119e-01 2.1368378279e-02 1.4328117163e-01 -2.5034624827e-02 -3.0881161533e-02
-1.1104997625e-01 1.1563951678e-02 1.0526317456e-02 5.1154968352e-01 -1.3023520756e-01 1.3232728293e-01 2.7177573991e-02 -5.7624769010e-02 -2.6037864550e-01
-7.2262544597e-02 -1.7369106156e-01 1.1668369578e-01 -3.1419114849e-01 1.7505443497e-01 -1.8653576288e-03 -2.3255258390e-01 -4.0426040547e-01 2.7954332360e-01
1.9418006071e-01 1.6069753783e-02 1.0617329353e-01 -7.4301039054e-02 -1.2167446520e-01 8.6581281453e-02 -2.6373124675e-01 -2.8426152673e-01 -5.1913139248e-02
-2.4128290224e-01 2.3002810920e-02 -9.3717705891e-02 -2.0373679253e-01 2.2128189191e-01 7.1083704480e-02 1.5854768116e-01 9.1147769385e-02 7.1385992602e-02
4.9850579674e-02 2.7235808676e-01 3.8206119785e-01 -1.8310495868e-01 1.0174353115e-01 -6.9910220040e-02 1.0981904417e-01 2.6454577767e-02 -1.8681519462e-02
3.5318476181e-01 1.7841295805e-01 1.2599117801e-02 8.4063942226e-02 -1.3413210809e-01 -9.4640636111e-02 -1.6740730653e-01 -8.9171852630e-02 -2.3159452241e-01
-1.3895819944e-01 -8.4749812390e-02 -1.0917894515e-01 -2.4779182471e-01 1.9070339540e-01 6.9451099228e-02 3.9067728522e-02 3.7289952872e-01 2.5403560345e-01
