-3.0222365993e-01 4.3610476589e-01 -3.3370877651e-02 -9.9588820568e-02 -7.8695418863e-02 2.7763623076e-01 4.5916669628e-01 1.3355638422e-01 -1.4382506917e-01 -1.0014578122e-01 -2.9074215420e-01 3.7621401189e-01 -6.5253518831e-01 -4.3899929171e-01 -4.1640907754e-01 3.8615995019e-02 4.6878334724e-01 1.6564888817e-01 -1.3756921414e-01 3.5484305317e-01 -9.7501838155e-02
-1.2102670873e-01 -5.3376349623e-01 3.6205036124e-01 -7.6642914360e-01 -1.0706864087e+00 -8.1270753296e-01 2.3276478966e-01 2.0230106787e-01 -4.9156782427e-01 -1.0489036106e-01 1.0601415090e-01 1.2568187512e+00 6.6650876118e-01 1.2585928312e-01 2.9925127433e-01 -3.9150951205e-01 3.0608676559e-01 9.3113102478e-02 7.6579173832e-02 -4.1446592025e-01 2.9897011043e-01
-1.1645932822e-01 1.2588004296e-02 4.9874480692e-01 3.9285794726e-01 -2.5463730826e-01 1.5180642197e-01 -6.6423650889e-01 -8.3770893668e-01 -2.5203639022e-01 3.2117340403e-01 -3.8480841987e-01 -5.3162478173e-02 -6.0652028692e-01 5.8029747968e-01 -2.5499381776e-01 3.0962223553e-02 2.1732207835e-01 2.8166205962e-01 2.5226208084e-02 -4.8101715899e-01 5.4603948830e-01
4.9936067532e-02 3.1254503680e-01 1.9104505217e-01 4.9664142751e-01 7.3456961832e-02 4.1047337795e-01 -4.8235181266e-01 7.1191711486e-02 -4.4761324083e-01 -4.9857203075e-01 4.9076434544e-01 2.4875791357e-02 -5.9794144338e-01 -4.4897243524e-01 3.5860210348e-01 -2.6578299328e-01 2.1143687723e-01 -7.2712276871e-02 3.2443867688e-01 1.8864072090e-02 -1.7438789885e-01
2.3319892817e-01 -1.7904541928e-01 1.8224377638e-01 1.0839239137e-01 -1.2342949308e-01 3.4771831852e-01 -1.6691327020e-01 -4.9865519240e-02 -1.5220788124e-01 -3.0888957421e-01 -1.6368066626e-02 7.5581694579e-02 1.2635830315e-02 -2.4324426659e-02 -1.0771758430e-01 -9.7901162971e-02 9.3334965718e-03 9.7928094303e-02 -2.9530331760e-01 -1.6296864270e-01 -2.4247820811e-01
5.7916610857e-01 -2.8271646556e-01 -2.2881892700e-01 3.1714735015e-01 7.8276076253e-01 2.3441289847e-01 6.8724133015e-01 5.6528881833e-01 -2.0304642728e-01 -1.1680834810e-02 1.5194583653e-01 -1.2145101606e-01 5.9134763184e-01 4.3796639891e-02 5.8749098533e-01 4.0287566791e-01 -3.7231406983e-01 -7.6037144265e-01 7.7703892127e-01 3.0473278360e-01 3.9810366710e-01
-1.3484676820e-02 -2.4692041009e-01 -1.1821355835e-01 -6.4575769222e-02 -1.2137721963e-02 2.0705755887e-02 -5.3651998682e-01 -1.6977639347e+00 -1.5896620106e-01 1.6455225635e-01 4.9736323546e-03 4.1446368117e-01 -6.4431325035e-01 3.1784143381e-03 -1.2181842392e+00 6.7723379960e-02 5.2522809901e-01 6.8318684179e-01 -3.1824708291e-01 3.9171512680e-02 6.4255024397e-01
2.6011555430e-01 1.1528961499e-01 4.2599046301e-01 -7.0424736972e-02 -8.9816707865e-02 -2.4612733992e-01 1.9467980144e-01 -3.1271621595e-01 -2.8768880737e-02 -1.9173684196e-02 1.6172743953e-01 2.3012075752e-01 2.6616666863e-01 2.2321444611e-01 -1.6583200691e-01 -1.9288139137e-01 3.6014641623e-01 3.1842938829e-01 -1.0533983867e-01 -4.2819713665e-02 -2.3804855186e-01
-9.2724612295e-01 -1.3466243776e-01 -7.2554750773e-01 -6.2920141912e-01 9.2388726213e-01 2.6640849959e-01 3.3514232738e-01 5.3112504190e-01 -2.8454403829e-02 -6.6893834644e-02 4.9656176506e-01 -9.0822842966e-01 -4.7877850599e-01 4.6039778775e-02 5.0610993093e-01 4.8784638846e-01 -6.2872669215e-01 -4.0898869176e-01 1.6925422849e-01 5.7637237863e-01 -4.1468295378e-01
-4.0755205107e-01 2.9843912925e-01 -3.4187609485e-01 -2.3795408789e-01 4.4891151012e-01 8.8966316335e-02 3.0465476669e-01 1.2009920805e+00 2.1901984752e-01 1.0484612595e-01 3.2487758214e-02 -5.3179658172e-03 -2.6469780826e-01 -8.2367091110e-01 4.4655987922e-01 3.3517484745e-01 -3.3563673535e-01 -6.0944726143e-01 -2.1187011513e-01 5.3084211295e-01 -6.3187371190e-01
5.8741608430e-02 5.9124202609e-01 -2.3869417958e-01 2.7604798586e-02 1.0296412280e-01 6.5660438244e-02 4.5251623784e-01 2.4253607691e-01 1.4045185710e-01 4.1550950965e-01 -1.2488401072e-01 -4.8739189769e-01 -7.7335552704e-02 -4.9829859667e-01 6.2290738837e-02 3.2989154131e-01 4.1357920651e-01 -2.7676632628e-01 1.5811844845e-01 5.5925608773e-01 -5.9733248899e-01
1.3586449132e-01 -9.8705959035e-02 2.9976888223e-01 2.1379271424e-02 2.9243416646e-01 -1.3610564448e-01 -7.3739261953e-01 2.4768814349e-01 -6.0658490213e-02 -1.2831908836e-01 1.8198857770e-01 1.2351852104e-01 7.5305158904e-01 4.7663892823e-01 -3.4464282630e-01 -2.7101870381e-01 2.6684880292e-01 -3.4693591949e-02 1.7199003163e-01 -6.0108663209e-01 4.5289689240e-01
-3.7320084269e-01 2.9593451915e-01 -2.6454210761e-01 -2.5832297693e-02 -9.0143104903e-02 -5.4340841573e-01 1.0800922493e-01 7.2963852968e-02 -2.5759169218e-01 -4.2537713375e-01 4.8563508024e-02 8.2169111750e-02 4.9357533277e-01 -3.1691871437e-01 2.4424465658e-01 -1.0052319838e-01 8.1969164614e-02 -1.5825745119e-01 1.1273970985e-01 1.4310897084e-03 -1.0059030550e-01
5.4441959627e-02 5.6459664178e-01 -2.1102125378e-01 -3.1249805981e-01 1.0654836063e-01 -2.5149555199e-02 6.0885741319e-02 2.4909140634e-01 8.8024825430e-01 3.7661240084e-01 -7.7593292747e-01 2.8365497776e-01 9.7904893308e-01 2.5701890046e-01 6.7771894283e-02 1.7192099382e-01 -3.2271136586e-01 5.8033528047e-01 -4.3945152034e-01 1.3172403850e-01 3.2125908571e-01
8.2848842287e-01 1.0829750492e-01 1.2166366985e-01 3.4575401522e-02 6.8618877744e-01 2.2954483458e-02 5.3879230696e-01 -5.7776774588e-01 4.4505769198e-01 5.9931426886e-01 -4.4695946823e-01 -6.1323649010e-01 -1.8346334696e-02 4.9531549253e-01 6.4926420733e-01 2.2524352023e-01 -6.0045492738e-01 -6.5620522255e-01 -5.8777000297e-01 7.1417586317e-02 1.1206446769e+00
-5.2498579862e-02 6.1062653589e-02 -3.7655799530e-01 -2.2432257893e-04 9.3866591886e-02 -3.3686315264e-01 -3.9223959232e-04 8.5511019409e-02 1.7757539200e-01 6.1286631387e-02 -4.8938738074e-03 2.7863045223e-01 -5.1274258639e-01 -1.7640037386e-01 -1.1494920582e-01 5.2481423297e-01 -2.5472087717e-02 3.4233039754e-01 -2.7428352253e-01 7.2720701197e-01 -1.7839319424e-01
8.7960489450e-02 7.0589505544e-02 4.3240806529e-01 -5.8019682511e-01 4.3642360111e-01 1.5535895530e-02 3.5084757182e-01 4.5632067255e-01 -2.4656321859e-01 -2.3333057306e-01 4.4487592107e-01 -2.3505757402e-01 1.1203166250e+00 -2.8895673241e-03 3.3344994701e-01 -3.7239974436e-01 -6.8292740574e-01 -9.7373219499e-01 -5.7892217140e-01 -2.9612645959e-01 -9.3412258779e-02
-1.7733352267e-01 -6.6223176675e-02 1.7566748982e-01 3.7712439928e-01 -1.1138359745e-01 -4.3513692372e-01 3.8381180868e-02 2.6923219135e-01 1.3535373753e+00 2.6889545371e-01 -8.1993962012e-01 1.0228860295e+00 6.9855718595e-01 2.1609502697e-01 -4.8276358850e-02 -1.1405985897e-01 -2.5679778101e-01 7.1927394650e-03 -3.5490516755e-01 6.7776784608e-01 -6.3157996743e-01
4.2771911255e-01 1.9603920156e-01 -6.7436214621e-01 2.2035830660e-01 1.3538918411e-01 7.5298782056e-03 1.7209445444e-01 2.7393840528e-01 1.2424950711e+00 9.5537368912e-01 -5.5953781572e-01 -3.3289566636e-02 3.5933307089e-02 -5.5596001393e-02 -1.1613768618e-01 3.7222109723e-01 4.8600307925e-01 2.6365546710e-01 -6.4286440201e-01 -6.2992424495e-02 1.9662844183e-01
3.7412784421e-02 2.6314709581e-01 6.8475886919e-02 -2.9957766999e-02 3.0130594474e-01 -2.9024058019e-01 -2.6061776477e-01 -9.1254524774e-03 -1.1814430050e-01 -1.9367339622e-02 2.6051191643e-01 -1.5877876660e-01 -5.8267404412e-02 -1.3625760394e-01 8.4351249639e-02 4.3928793113e-01 -3.4366323223e-01 8.3381009934e-02 -3.5580706452e-02 4.4059171596e-01 3.0886986183e-01
-1.7288082481e-01 7.0051202472e-02 2.9279203104e-01 6.2973016110e-02 -1.1780907056e-01 2.1953618705e-01 1.9484279054e-01 -4.5156785681e-02 1.0681301712e-01 -3.8449463698e-02 -1.1401187267e-01 1.9051419464e-01 -1.1837636076e-02 2.0050011547e-02 -1.3802277708e-01 1.0575842427e-01 -3.9036103378e-02 -3.9151571973e-05 -1.1634050929e-01 -3.0563421066e-02 7.5258737605e-02
