-9.1221669533e-02 -7.5273660721e-01 1.8147341651e-01 2.5991681742e-01 -5.4811558055e-01 -2.0823424224e-01 3.5644755746e-01 -3.5652025428e-01 6.3572765660e-01 1.2571444749e-01
2.1261843239e-01 2.1010533953e-01 -4.4193079057e-01 8.3332051600e-02 1.7614258965e-01 2.8052601108e-01 -2.6822382025e-01 -1.1149395743e-01 1.9565585331e-02 -2.3950228703e-01
-9.7826210234e-03 -1.3583638393e-01 -1.9320135131e-01 -7.5684754633e-01 -4.7099586085e-01 -2.1728870679e-02 -4.0389977983e-01 2.0131097308e-01 7.1286983943e-02 4.6029130942e-02
5.9989512093e-01 -6.3008599884e-01 -1.1082005043e-01 -4.3966444538e-01 -1.6050011331e-02 3.2843551989e-01 -2.8376797238e-01 1.4621691681e-01 -3.2219779136e-01 -7.8063811767e-01
-2.5004573181e-01 -2.9518664317e-01 3.8202854009e-01 5.1845785117e-01 1.8520265530e-01 -9.5764440819e-02 -1.3187459167e-02 3.5090292774e-01 3.4587962237e-01 7.8778150731e-02
-2.2279287818e-01 1.1315801073e-02 -5.8970981148e-02 -4.5862531131e-01 -2.4764117178e-01 -4.7433080171e-01 -1.6863649958e-01 -4.9256496728e-02 8.7335404940e-01 3.7933051146e-01
-6.3414954456e-01 9.3838235566e-02 2.0166202796e-01 6.3344029414e-01 -5.4555878660e-01 3.2474142300e-01 1.2511620088e+00 -1.7624082539e-01 -1.2458001777e-01 6.4376257098e-01
2.0001537197e-01 6.4962947176e-01 -1.0644886208e-02 2.5548435215e-01 -4.0892059723e-01 1.0308302216e-01 2.4978388928e-01 -2.3234230320e-01 6.7596497470e-01 -1.6576027722e-03
-4.8904097025e-02 8.1972699681e-01 -1.1041778235e-01 1.1379898561e-01 -2.2256642347e-01 4.6162668493e-01 3.0562697416e-01 -1.1173611675e-01 9.4459318794e-01 7.5018720559e-02
3.0039094155e-01 -2.3509910004e-01 3.1800393119e-01 2.9645240466e-01 7.4228558665e-01 1.8210126245e-01 1.9620782138e-01 -4.1275100464e-02 -6.2822332348e-01 5.2172082462e-01
