-5.8009620969e-01 3.2324918850e-02 -5.5458557480e-01 1.5758921662e-01 -1.2702701005e-02 6.4432153097e-01 4.9103618120e-01 -2.1587238004e-01 6.7356353775e-02 -6.4325114103e-01
-2.6008214431e-01 -5.2015536564e-01 -5.4716225507e-01 -5.3444151664e-01 -1.4888181408e-01 2.4066892541e-01 4.6008974744e-01 5.4007063976e-01 -4.3926038442e-01 -2.6649892630e-01
-2.1266235607e-01 3.0788388174e-01 -1.5734919869e-01 -4.0547454088e-01 -7.1777191751e-02 2.8977165341e-01 5.1106489413e-01 8.4595961209e-02 3.5626011068e-01 -1.5298194918e-01
-7.0565411148e-01 -1.9790622630e-01 -3.3777931920e-02 5.4685635860e-01 -4.1488555353e-01 1.2104742566e-01 -1.8762014056e-01 -5.5826576643e-02 1.6507652914e-01 3.4385373736e-01
-5.7181721320e-02 -7.4431673983e-01 -3.0859947697e-01 -9.7886581847e-02 4.3565406530e-01 -5.7431840723e-01 2.7305300984e-01 -5.3036744343e-02 4.4034879287e-01 -1.0956661691e-02
5.3576791278e-01 -3.1050956863e-01 -1.9374426214e-01 2.2374966090e-01 -1.1238321888e+00 3.8741929196e-02 -4.3007556820e-01 -8.5066320928e-03 4.9321822590e-01 -2.4770983812e-01
2.0683583672e-01 -9.8021717715e-02 -6.0197592660e-01 -6.3267731822e-01 3.0034604976e-01 -1.0853867422e-01 3.6324113257e-01 1.0835373759e-01 -6.4152279905e-02 -6.2452252290e-01
6.0851777319e-01 -1.7939335405e-01 -1.1285048780e-01 -1.8034544210e-01 3.4838537545e-01 5.9605354358e-01 5.7056664913e-01 -6.9855587229e-01 -9.4214713870e-01 3.5452946597e-01
5.8161612590e-01 -6.4834093427e-01 -4.4831505519e-01 -4.3357902712e-03 3.5662778923e-01 -3.6949844301e-01 2.9737066588e-01 -3.6807640260e-01 -4.1166344945e-01 1.3509278780e+00
4.6006057322e-01 -4.9826283598e-01 -1.0767736649e-01 -4.1310375556e-01 -2.8135867596e-02 -6.8478692598e-01 1.0390698128e-01 -1.9389462424e-01 -4.0343383152e-01 -4.1702106630e-01
