3.3085500693e-01 9.4017086349e-02 -4.2100976032e-01 3.0404220261e-01 3.7131354096e-02 1.5981842831e-02 -5.4882078522e-01 -2.9786547971e-01 3.8901635045e-01 -9.0587507478e-02 -4.4229138097e-01 -5.7259780620e-01 4.7761634073e-01 -1.0916355608e-01 -7.3866858638e-02 -2.5748795463e-02 -2.1005130314e-01 4.0689694625e-02 -5.0925077983e-02 3.0783970977e-01
-1.3049064514e-01 -3.4030556698e-01 2.5021116844e-01 -1.0269770136e-01 1.3649716594e-01 -7.9859374938e-02 -2.8488052087e-01 2.9290750564e-01 2.8018750489e-01 5.7482547913e-02 3.6077503988e-01 7.7525184207e-02 -1.7720935907e-01 5.3421714600e-02 -8.1889677543e-01 -2.5032686084e-01 2.1709754275e-01 2.9147590329e-01 1.2365904785e-01 -3.0929516816e-01
-2.3215903301e-01 -1.0643619397e-01 -7.5857364590e-02 -1.6053998262e-01 3.0297316658e-01 1.1168830173e-01 2.1782904096e-01 4.7445481318e-01 1.9730190164e-01 5.4868012798e-02 3.9847029742e-01 4.5115609844e-01 2.6005134251e-01 1.5557531000e-01 -2.0347151667e-01 -2.4407540589e-01 1.5831181889e-01 -1.3981795629e-01 -1.0946882367e-01 3.0084204058e-02
-2.1452619462e-01 -1.6356843615e-02 2.5201351940e-01 -1.7899143317e-01 3.2493083346e-02 4.4493294482e-02 -5.5615057329e-02 4.1048262524e-01 -8.0908771049e-02 2.4495566473e-02 -1.9346278780e-01 -5.7661476236e-02 -2.9855072551e-01 7.6468634977e-02 -7.0811303953e-02 -3.2036972258e-02 -8.1840827652e-02 2.1864558494e-01 -8.4327475000e-01 1.4525814742e-01
-3.9699094431e-01 -2.0188914590e-01 -3.8050189695e-01 5.1124946112e-02 -8.6364554477e-02 -4.9722175348e-01 2.7103651524e-01 2.5624300573e-02 4.4687649195e-02 2.2360273602e-01 3.1742345833e-02 -2.6621489728e-01 2.7405339908e-01 -4.5034284965e-01 5.1476244572e-01 -2.2252880765e-01 7.1984244505e-02 -6.6868109857e-03 -4.8957722922e-02 -3.0364098616e-01
-4.5312871403e-01 -3.9231454821e-01 -2.5401893372e-01 4.1940016683e-01 2.6079846199e-01 -3.2882908444e-02 2.0733104614e-01 -1.7068387768e-01 -3.4320529668e-02 1.8594113689e-02 4.6602345827e-02 -6.1753842979e-01 -1.4123598009e-03 3.3938437864e-01 4.9958483838e-01 -2.4240207321e-01 -1.9860718984e-01 -6.5159376724e-01 -3.7307543785e-01 1.3285719488e-01
-1.6447023461e-02 -5.9180297016e-02 -5.4704916923e-01 1.5454096610e-01 -1.3533246000e-01 -3.4023390132e-01 -2.9935013536e-01 4.0808747397e-01 3.8432732068e-01 -9.8337188966e-02 3.5356961847e-01 2.3139184058e-01 -2.6128811082e-01 -2.0934494510e-01 -2.9392872444e-02 5.5328242512e-02 2.2223054023e-01 -3.0547911886e-01 1.4756671616e-02 -8.2225733869e-01
1.0292175436e-01 1.9649839357e-01 2.1006449894e-01 2.5543059670e-01 -1.3659419743e-01 -3.0158910952e-01 -2.0218614043e-01 1.9732895387e-01 -1.6924634035e-01 3.1256459981e-01 -6.5599292588e-02 3.6382741275e-02 -1.0709468817e-01 -1.0617947395e-01 1.8639590416e-03 5.1934893871e-01 -3.5395224898e-01 -3.6488333081e-01 2.3854783866e-01 -8.7843028866e-02
-3.3984012258e-02 2.9339326932e-01 3.3238427035e-02 3.0509978673e-01 1.6290845841e-01 -5.1019405774e-01 -2.3094281225e-01 -7.3057330364e-02 1.2378737519e-01 3.7166269721e-01 7.9418910049e-02 -4.4879424595e-01 -6.2200179953e-03 -2.8507310579e-01 -5.0742978663e-02 -3.4226285250e-01 9.6554780533e-02 -1.4453215016e-01 -4.1821072540e-01 2.2593165216e-01
-3.6535494815e-01 -6.6337861900e-02 -3.1540432764e-02 -1.4198379027e-01 1.5515550292e-03 -2.0150908283e-01 -6.8216284270e-02 -5.7176520349e-02 6.7613086269e-02 -7.6835359062e-03 -1.4415098601e-01 -3.5919000949e-01 1.1868628848e-01 9.7584494268e-02 1.9521065370e-01 -1.4274842042e-01 6.0723092462e-04 -1.6591238886e-01 1.4350291733e-01 4.5126660454e-01
-1.7985237131e-01 2.9502754448e-01 -1.2165721560e-01 2.6607762317e-02 3.7170984028e-01 3.3982444932e-01 -4.3854002074e-01 -5.5929186797e-01 -8.8558392429e-02 1.9962569573e-01 -2.8114166525e-01 -4.6085883789e-02 2.0959938785e-01 1.8139826859e-02 7.1796118435e-02 2.3506162632e-01 4.2874715848e-02 -4.2704776435e-01 -8.8468261732e-03 -4.4665619481e-02
1.5412074469e-01 -3.7907878998e-02 -4.3909619081e-01 3.0283263169e-01 2.4210554978e-01 6.3030299840e-01 -5.9517800555e-01 -2.8758394932e-01 4.4384110299e-01 -3.6874824300e-01 -2.7628647559e-01 3.1893155200e-02 1.1762729473e-01 2.1441243454e-01 -1.3801759216e-01 -1.1746653585e-01 -3.2892057663e-01 5.5087898688e-02 1.9655817820e-02 -3.7363041109e-02
3.6410310379e-01 8.5291367454e-02 5.2598640278e-02 4.6342695158e-01 2.4006195722e-01 8.8600947052e-02 -3.9076402979e-01 -5.2902417784e-01 1.9158923207e-01 -1.8066528569e-01 -4.3354238750e-01 2.6706824169e-02 1.3540995963e-02 -1.6724839092e-01 -1.2928107185e-01 -3.8507821016e-01 -2.8339338513e-01 2.3105900170e-01 -1.0228768236e-01 -1.1215109674e-01
1.9583048779e-02 -1.7334811669e-02 -4.0445947802e-01 -8.9558232365e-04 2.8895358710e-02 2.1319958674e-01 1.2685488618e-01 -2.7504907712e-01 -2.2539183218e-01 3.6801027226e-01 -6.4525599298e-02 -2.0795822444e-02 6.7103834141e-02 6.3411979999e-01 4.2192303477e-01 -1.6101263910e-01 6.5217654987e-02 8.8584410492e-02 -2.2667304401e-01 2.8420693311e-01
-7.9719038642e-02 1.1752271963e-01 2.0342866927e-01 -2.5051418160e-01 -3.3649186998e-01 9.7425120732e-02 -5.1628426135e-01 -5.6188951298e-01 2.7039019932e-01 -1.1090238405e-02 -2.5873747752e-01 -4.6923971468e-02 1.7658218964e-01 -3.2039393731e-01 2.0192890886e-01 -6.2742719107e-03 2.3099206607e-01 2.1574150410e-01 8.4179460570e-02 -2.2829124256e-01
-2.6982793979e-01 -6.2889805002e-02 -3.5475237265e-01 -3.8303580758e-01 -5.8501918853e-02 -9.3257046728e-02 -2.8096967089e-01 -7.2253642603e-01 -1.3242469176e-01 5.3604320358e-01 -9.0604610537e-02 -1.4061142829e-01 -3.0828675085e-02 -6.8953161848e-01 -1.2620627048e-01 -4.8698124977e-02 -9.3751876140e-02 -2.8893879702e-02 3.0654361927e-01 -1.1686745524e-01
2.6661461329e-01 -6.3845946675e-02 -1.9202894234e-01 1.4816122870e-01 -8.8926815295e-02 4.5909535613e-01 -1.8692410709e-01 -5.3758012923e-01 6.0931208887e-03 -5.4439024495e-03 -1.8550615102e-01 -1.2897780448e-01 -1.8217773324e-01 -5.0812515362e-01 3.7825330687e-01 2.8762925824e-01 3.0080506617e-01 4.7718577574e-02 2.9284734683e-05 -6.7397066972e-01
4.8795844589e-02 1.5031540167e-01 -3.3541210114e-02 7.0811686338e-02 -2.1754480973e-01 -3.5346503842e-02 1.6154613391e-01 1.8070743405e-01 1.4646388867e-01 -1.0288720869e-01 1.3433285767e-01 1.2338109432e-01 2.2485634538e-01 4.4850308248e-01 2.4079795481e-01 -2.6873445597e-01 7.7942138009e-02 5.7091589649e-01 3.0776251171e-01 1.7928858973e-01
-4.1913109674e-01 -1.9146137890e-01 -5.3774251492e-01 -2.3708130379e-01 -2.7897408412e-01 -2.1359860118e-01 4.6424877915e-02 1.2701474811e-01 -2.1695686880e-01 -1.2443689063e-01 -1.2691305971e-01 -3.2670528068e-01 -5.2473459371e-02 2.6940481043e-01 4.3722960944e-01 -3.9842911542e-01 -6.6263462876e-03 1.7059183387e-01 -9.9113904718e-01 3.3339443491e-01
4.4733359358e-01 4.3732056096e-02 2.7968347815e-01 6.7411885454e-02 1.2281511595e-01 -1.0915656651e-01 7.1835389629e-03 -7.2644626557e-02 5.6019586923e-01 3.3583883493e-01 -3.5401064533e-01 -1.4299497841e-01 1.4092320224e-01 -1.6269491872e-01 2.3305912458e-01 -2.0840309728e-01 8.5817246274e-02 2.2218812135e-01 -2.4619553507e-01 -1.3063931552e-01
