-6.0279088190e-02 -2.0924063780e-01 5.3190081856e-01 3.9132186245e-01 -5.8522370909e-04 -7.2177636122e-01 2.8180838850e-01 5.8671141683e-01 -3.7495282533e-02 4.4380460143e-01 9.8546166044e-02 1.9069374107e-01 1.8962229873e-01 -9.7099549014e-02 1.1730250149e-01 2.8755053647e-01 3.7297017348e-01 -2.9263602405e-01 -7.6277413735e-02 -7.7031851323e-02
1.1885203210e-01 -1.3479151310e-01 -3.6893188252e-01 2.4361037597e-01 2.5308760080e-01 2.3279507127e-01 -2.1620013450e-01 -3.3219996425e-01 -5.9466356132e-02 -3.6591923312e-01 -1.4591297162e-02 -3.2287974375e-01 2.1939517560e-01 8.2745467633e-01 -2.3064725380e-02 -3.7664441856e-01 3.2312029435e-01 1.8871641900e-01 3.7413857199e-01 2.5485762869e-01
7.9561470012e-02 -3.1501397471e-01 -4.4666854695e-01 1.5821037504e-01 -5.0710581054e-02 2.7047064902e-01 -3.9353974417e-01 -3.4003971596e-01 -6.5944810632e-02 -1.0394757142e-01 3.7537715354e-01 -2.6012717439e-01 1.8055314130e-01 1.8283733378e-01 -1.5682187863e-01 -2.2132130353e-01 -2.6154242144e-01 -1.3785858135e-01 3.3120941186e-02 5.3089806587e-01
-8.9109729110e-02 -3.5359578403e-01 3.5396039940e-01 2.7733066169e-01 2.7607713983e-01 7.2308812426e-02 -3.0587806007e-01 1.5162029593e-01 3.9621433167e-01 -1.9474773102e-01 5.3885002346e-02 -1.0387738491e-01 1.2634938645e-01 -5.1860404813e-01 -4.0520486929e-01 1.9738611477e-01 1.9701983284e-01 1.8221332456e-01 -1.8920342163e-01 1.4880816828e-01
3.9687063887e-01 -3.5513915224e-01 -2.6231985413e-01 -3.0673277584e-01 1.2005190449e-01 2.9694710215e-01 -1.7636256087e-01 -1.9433234399e-01 2.7647907412e-01 -3.2842394483e-01 -2.9841081654e-01 -2.4982433700e-01 3.2516725628e-01 3.4960542971e-02 -3.3009014184e-02 -2.1291514212e-01 1.6254727650e-01 3.7166613612e-01 -5.8913766604e-02 2.4879118317e-01
-2.7337029462e-01 -1.9296394366e-01 2.3921765319e-01 7.0083924865e-02 2.8476192908e-01 -3.8336988195e-01 -6.8197423644e-02 2.5874855565e-01 -1.0646405804e-01 7.0848502219e-03 -9.7469533776e-02 1.7773093001e-02 1.9817459223e-02 6.1424949735e-02 6.1961652007e-01 -2.7962984755e-01 5.0955224193e-02 -2.5292327699e-01 -4.3475901786e-01 -2.3720831164e-01
1.3151952141e-01 1.8118720012e-01 -3.9252439125e-01 -1.8808660528e-02 -4.6835188532e-01 -2.2982924373e-01 1.1584840741e-01 1.9622710354e-01 -2.3483849140e-01 1.0994066204e-01 -5.5568912259e-02 6.4001446835e-03 1.3996760863e-02 7.4597942286e-02 -7.3509476349e-02 -9.9414714327e-02 -1.2961948170e-03 3.0035809089e-01 4.0205929357e-01 -1.3598213056e-01
2.0573271949e-01 8.4021457319e-02 1.7669210013e-01 2.5513670342e-01 5.8768071562e-02 8.3945187595e-02 -1.9037846741e-02 2.6665126383e-01 1.4040382751e-02 1.5900228459e-01 -3.8497707965e-01 1.7123288115e-01 -3.7902934885e-03 -1.8410943867e-01 5.5340536263e-01 2.0725365190e-01 -2.3426443239e-01 1.3088833284e-01 -7.7381544411e-02 1.0563175855e-01
-1.4233038380e-01 2.8393972697e-01 3.2187591709e-01 -2.0585204262e-01 -1.4278735057e-01 1.0160723078e-01 6.5900085971e-03 2.0514674173e-02 -5.5531917258e-01 1.8393888966e-01 5.7112833151e-01 2.9146410094e-01 -3.9412885726e-01 -1.4710455826e-01 7.7809844631e-02 8.0946508374e-02 -2.7762043063e-01 1.7434946395e-01 5.0978839998e-02 -7.7986992455e-02
-2.4839511524e-01 6.6545854168e-01 -2.0062789730e-01 1.3122902993e-01 -5.9723939280e-02 -9.2396674997e-01 -1.0634027124e-01 -1.9008542186e-01 4.0224223655e-01 -9.6058002832e-02 1.5232398107e-01 -6.4821620012e-01 -1.1907179166e+00 1.1243275662e-01 6.0600840728e-01 9.4459644554e-03 2.7149964305e-01 5.6860584424e-01 -9.3700429597e-02 -1.0761787301e+00
4.2021616548e-01 2.3629454050e-01 1.7491866944e-01 3.3007103440e-01 2.7242517548e-01 1.5927324877e-03 -6.0740900600e-01 6.4854047720e-02 6.7358625984e-01 -3.7720694373e-01 2.0397896337e-01 -2.2926611833e-01 -1.2894548609e-01 -2.5433471292e-01 3.7628619005e-01 -6.1736825419e-01 -7.3898349121e-03 -3.6960487359e-01 -3.9327347773e-01 -5.5670656475e-02
4.2529440058e-01 6.9206087244e-02 -1.2343367588e-01 -6.7349254484e-02 -2.3538062475e-02 1.2000409028e-01 -1.9849513996e-01 -2.9473247010e-01 -6.8967185031e-02 8.4088940410e-02 1.4662363162e-01 -1.5971941126e-01 5.1496614017e-01 2.6546030889e-02 1.3647477010e-01 1.4051721268e-01 -3.2107201070e-01 -1.6239291544e-02 7.3084696599e-02 6.2743706158e-02
2.8375169864e-01 1.1719377009e-02 2.8284852596e-02 -1.3238948156e-01 -1.9907360043e-02 7.8875605314e-02 4.7781819543e-01 3.8621729275e-02 -4.2065705567e-01 2.3205260683e-01 -5.7245526311e-01 5.7226598105e-01 -7.6168227331e-02 4.4392438422e-01 -1.0984773971e-02 2.0730966442e-01 3.7851230981e-01 5.9003102737e-01 -2.7232582040e-01 -2.5280073603e-01
-2.4869271011e-01 -5.5189599327e-01 6.6845152883e-01 -5.5020058993e-01 2.0999374601e-01 4.3109118593e-01 1.8966527205e-01 -3.2620734392e-01 2.0686109332e-01 1.7515587468e-01 -1.4594240317e-01 4.7337393747e-01 -2.6039796807e-01 2.0011078102e-02 -2.3675888215e-01 3.6348049063e-01 4.7188919697e-02 3.1122070164e-01 -3.1655189156e-01 6.5939913062e-01
-2.4829002108e-01 -5.2065236429e-01 3.3768342934e-01 1.5167382704e-01 1.0703576938e-01 4.9809667821e-03 2.5230702424e-01 -1.2984665954e-02 2.8885941319e-02 2.6065835209e-01 -2.8664012295e-01 3.7224946608e-01 1.5409402877e-01 -3.2090307258e-01 1.2370203772e-01 6.7633947289e-01 -3.9850541297e-01 1.1432964758e-01 -1.4393858872e-01 -1.1617657044e-01
-3.1090121542e-03 -4.8677514353e-01 1.0049705943e-01 5.5026241420e-01 2.4906929345e-01 2.0640102170e-01 -2.1257345662e-01 1.1862131268e-01 3.1628038560e-02 -4.8011577279e-03 3.1646369958e-01 2.9395152409e-01 1.0157603916e-02 3.8531057989e-01 6.9287093817e-02 2.9416342342e-01 1.7018745888e-01 4.9253527386e-01 -1.0113461732e-01 3.3674685750e-02
6.3893145271e-01 5.4727875063e-02 -3.8045723187e-02 1.9408013367e-01 4.3932649953e-02 2.0630177903e-01 -4.3888747959e-02 -3.1582453490e-01 2.0986848760e-01 -6.4931531652e-01 -6.3857554835e-02 -3.6577162036e-01 -2.1422821431e-03 -5.5651594771e-02 4.4994614949e-01 -2.4402906700e-01 7.6639670895e-02 2.9136155500e-01 -1.3198202111e-01 -3.5601503466e-01
-5.4486459530e-01 5.6532823759e-01 -1.4668760773e-01 -6.5232573034e-02 1.7435492306e-01 3.9351852914e-01 1.5008236262e-01 -4.8367735323e-01 -1.7473013591e-01 6.5341719278e-02 -4.5969363195e-01 -1.8424226622e-01 -1.0750018737e-01 1.9769792271e-01 3.6506796603e-01 2.8430666163e-01 -2.1819190025e-01 5.2670057128e-02 -1.4342167512e-01 -2.0272664854e-01
1.0940572259e-01 -2.8038552832e-01 -2.2690565504e-01 2.8620097091e-02 2.3927935483e-01 3.4356246264e-01 -6.0100846747e-02 -3.4592666327e-01 4.4509300677e-02 1.2856056606e-02 2.2273145349e-02 2.4353944195e-01 1.3123882691e-01 4.2796388138e-01 -9.7793038455e-02 -1.4838712305e-01 -4.0971967587e-01 -8.2427846682e-02 -2.4460476455e-01 -2.3016837264e-01
4.5165449630e-01 -5.7836474337e-01 2.6010816670e-01 6.5369352718e-03 5.1057816975e-01 -2.2784140639e-01 -1.4154246615e-01 -2.7955107979e-01 -1.6475932118e-01 -3.0298440314e-01 -1.6775595280e-01 7.8704138429e-04 2.1193115377e-01 2.9991812258e-01 7.7846325259e-01 -5.1438680449e-01 -1.7390721888e-02 2.2656082513e-01 5.2098540077e-02 1.5186635205e-01
