1.1812104232e-01 4.4444242963e-02 1.7260161778e-01 -3.5175696707e-01 2.9962308472e-01 4.4241462037e-01 -9.7775244114e-03 2.5656330686e-01 1.7938922330e-01 -3.2048522060e-03 -6.3945654047e-02 -1.4587800948e-01 1.0530649293e-02 -3.0556931685e-02 -1.9701078726e-01 -9.8494563584e-02 3.0102817662e-01 -1.8792499708e-01 -2.6322922562e-01 3.0523742435e-01
1.7846531996e-01 4.2093731993e-01 4.5562061432e-01 4.5658580946e-01 2.1984980018e-01 -5.0352619622e-01 2.9726335647e-01 -1.3580393547e-01 2.7335740532e-01 1.2330666708e-01 2.1966551847e-01 -5.5830431836e-01 3.3572657607e-02 -1.5930808003e-01 -3.4344706577e-02 -4.0069601484e-01 -1.5374021444e-01 8.7654111120e-02 -7.2489458847e-02 7.7791889800e-02
-2.5397822575e-01 -7.3092077548e-02 -2.8906652618e-02 -1.5331720233e-01 3.6294336917e-01 3.6832694167e-02 9.5563968605e-02 -1.7570805290e-01 -5.5465400827e-02 1.3572016191e-01 -4.2585817452e-02 -1.1227261149e-01 4.3844857047e-01 -2.7674147668e-02 -2.9500865993e-01 1.7746123649e-02 1.8998378591e-01 -3.4772000730e-01 -4.3741129412e-02 3.1119642009e-01
8.5873102843e-02 4.4282988590e-05 -2.1911580703e-02 -6.4808480212e-02 -2.3977180015e-01 -4.2571798676e-05 -3.1280816747e-01 -2.4898149515e-01 -1.5054815880e-01 -7.0187571709e-02 3.9680562398e-01 2.5333997931e-01 -2.9593500979e-01 -3.3416757100e-01 -4.7776065537e-02 3.0310791683e-01 2.6851488386e-01 1.6290200251e-01 4.6804865999e-02 -1.0602315565e-01
-2.0844634450e-02 -2.8391615550e-01 1.2251378447e-01 -1.1607431466e-01 -3.3110575468e-02 -4.2966602741e-01 2.0406785983e-01 4.3944473353e-01 2.0871420477e-01 -3.0565672889e-01 3.7545686776e-03 -4.8119547347e-02 -9.3674163935e-02 -1.0513513546e-01 2.5317507452e-01 -9.9875930629e-02 1.2444138376e-01 -6.1633129178e-01 -2.6855403446e-01 1.9753774156e-01
-2.2006138873e-01 1.5080756900e-01 -6.5875371419e-01 -2.0766227431e-02 -2.6599915406e-01 1.1639575324e-01 1.9411594482e-01 -1.8677855861e-01 -4.7059676193e-02 2.5214409924e-01 -3.8319623821e-01 1.9678477214e-01 -7.0031034108e-02 2.9131392015e-01 -4.0852157597e-01 9.6355058756e-03 -9.9775615118e-02 7.3200042983e-02 -4.8521146820e-02 6.3003253840e-02
6.2782018330e-02 -4.2325444728e-02 -2.2231467998e-01 2.7799348751e-01 -2.8356074447e-01 -2.0076691636e-02 -2.3344110660e-02 -5.6004874502e-03 -5.9357213608e-02 9.8020203984e-02 -3.5955203829e-01 -6.3984424195e-02 -3.5900201201e-01 1.0731835683e-01 -8.0800040843e-02 -7.4934572739e-02 1.9833958813e-01 -3.7791103215e-02 3.5012812019e-01 -1.1425420753e-01
2.1749709323e-01 -2.9224771332e-01 -1.6941309639e-01 -1.5949020029e-02 2.7417722904e-01 -5.2017017450e-02 9.4278604617e-02 6.2103456499e-02 -2.1854530701e-02 -5.3821788884e-02 2.4548877150e-01 -3.1994443475e-01 -1.6722644203e-01 -9.7656919896e-02 1.5694153277e-01 5.6537701978e-01 -1.2354750758e-01 -2.0456154618e-01 1.1001646440e-01 1.6525863947e-01
6.3108307466e-02 -4.3901879389e-02 -1.3407991550e-01 8.7471317192e-02 -7.6307664094e-02 2.0307035153e-03 -5.9475729183e-02 1.0295047585e-01 -3.6033835007e-01 3.9134136238e-01 -5.2238243484e-01 3.1985398460e-01 3.5741140174e-01 -3.8030139594e-01 -5.3978955494e-02 1.6547330965e-01 3.2442028838e-01 2.1459502096e-01 -1.6066269313e-02 -2.0692819235e-01
-1.0512354677e-01 1.0542822780e-01 1.7524408374e-01 -2.0314765628e-01 -3.6406839259e-01 1.3596666271e-01 -3.1024386541e-01 2.6486783960e-01 2.6514720223e-01 4.9026332578e-01 -1.3361206150e-01 -1.7534127382e-02 3.4677476308e-01 6.4402473582e-02 2.0353416288e-01 2.2469794904e-01 3.5827514602e-01 -8.8175474493e-02 -2.2927109360e-01 -4.2023509232e-02
-3.6460082833e-02 3.6476204275e-01 -2.5448762733e-01 -1.3820117532e-01 1.7187270822e-01 2.5643407165e-01 1.0097202239e-01 2.0468690173e-01 -9.2521544305e-02 1.8745184910e-01 -1.3006625052e-01 -1.3699749152e-01 1.3271657760e-01 -1.6696331356e-01 4.0471418699e-02 -8.9967180984e-02 6.0173898343e-02 -3.9635123656e-02 -8.3966082677e-02 2.1121920167e-01
-1.4900666384e-01 -2.0390452889e-01 1.2823142499e-02 -5.0104802090e-01 -3.9558487175e-02 -3.1546602458e-01 -4.1887624609e-01 2.8666730460e-01 1.9780918178e-02 -3.7292804638e-01 -7.9922285972e-02 -3.2035942020e-02 2.3803155883e-01 -6.8048207350e-02 6.6153311602e-02 9.1093890979e-02 -3.1543134721e-01 3.8005048768e-01 1.7999560199e-01 -7.3898359667e-02
-4.3408583631e-02 2.8575634410e-01 1.4868526415e-01 -2.4600242108e-01 3.2926440039e-02 -2.6236110935e-01 -7.2347148895e-02 8.3123219542e-02 -3.8433969872e-01 -5.1495757110e-02 -1.7129854262e-01 -8.5419057995e-02 -5.7299510183e-02 -3.8161935353e-01 -1.3539545946e-01 -4.6079029245e-01 -3.1303375185e-02 -4.0180869419e-02 -1.5013293411e-02 1.9809459270e-02
-2.8432676406e-01 3.3011969827e-02 -2.6419527399e-01 3.3027566337e-01 -1.3547371531e-01 2.0389833253e-01 -1.3065592115e-01 1.1924331644e-01 -2.3616780384e-01 2.0243620860e-01 1.5167505596e-02 -7.2557508842e-02 -2.3558557481e-02 2.0719771989e-01 -4.6396900333e-01 3.3517559068e-01 3.2461068466e-01 5.4906915421e-01 4.9617727419e-01 -2.2246222362e-01
4.8087900082e-02 -3.9499861711e-02 4.3438642299e-01 1.6690671228e-01 3.4472714241e-01 -1.9477925061e-01 5.6175667441e-02 -4.9432125716e-02 -1.5536253779e-02 -1.6061564952e-01 9.6367076132e-02 -2.4635358743e-01 2.3746422825e-01 1.3459435278e-01 1.5614736073e-01 2.8187297075e-02 -1.4382587563e-01 -5.8058309930e-02 1.6911358546e-01 -2.1677164281e-01
2.8779839797e-01 -1.8757158088e-01 1.7701351560e-01 -2.8764600685e-01 -4.2827163007e-01 3.6718213963e-01 2.9358729565e-01 -1.6838717218e-01 -7.0687697412e-02 8.0391487356e-02 9.8589267504e-02 1.5693639839e-01 5.1940366749e-04 -1.3551949186e-01 -5.9765999166e-02 -4.3520482707e-03 -2.3831708228e-02 1.3718320619e-02 -2.2135139156e-01 1.5881653805e-01
2.9598198549e-02 -2.8520319621e-01 -2.5564617298e-01 2.2340671841e-01 -3.6434029955e-01 -1.9493937111e-01 2.9414171482e-01 -2.1530930390e-02 5.4768654639e-02 -9.6865473370e-02 -1.7209255361e-01 -9.7867414176e-02 -7.3327794682e-02 4.5872905641e-01 1.0924543627e-01 -1.1430591931e-01 -2.0190937163e-01 1.1152534087e-01 2.7042993778e-01 2.7224641644e-01
-5.4454511044e-01 -4.3459324477e-01 -1.7764160999e-02 2.1174486307e-01 1.4589717388e-01 9.4295813303e-02 1.1532876794e-01 3.5014210025e-02 3.9616801227e-01 -3.5884147759e-01 1.1968814535e-01 -3.2678920097e-01 -2.3823505258e-01 9.4558185987e-03 2.8800497702e-01 -7.2983892674e-02 -2.1744284007e-01 -1.1523386051e-01 -1.5704688256e-01 1.3557584276e-01
-2.9697806414e-02 2.5610303402e-01 1.5792847883e-02 -3.4203409854e-04 -4.2641343107e-01 -5.3982956835e-02 2.3121255189e-01 -6.7856168973e-02 -5.7280543918e-02 3.5852992139e-02 1.3310174150e-01 -1.3156850079e-01 3.5628889667e-01 2.5911942564e-02 -2.4759201228e-01 2.1495086377e-01 3.7905285593e-01 1.8785410700e-01 -4.5890367460e-01 1.9890800860e-01
-3.6676471038e-01 3.4606058940e-01 -1.1480030388e-02 -1.7110306571e-01 -2.3893776226e-01 1.9725968703e-01 5.4965790162e-02 3.9758444698e-02 9.5596310933e-03 -1.4307281902e-01 -3.1650274190e-02 -3.2558044162e-01 -8.5805676155e-02 3.6297843798e-01 -1.0483519212e-01 -5.6426178084e-02 5.8524895970e-02 -2.3576097197e-01 1.3679096468e-01 2.8949712009e-01
