1.0148465887e-01 -2.8058539727e-01 2.9142096869e-01 -6.9153389937e-02 1.9382369611e-03 -3.8555488650e-01 2.6645230070e-01 3.7289788266e-01 -2.2317012398e-01 3.1071815675e-02
-1.1416682893e-01 1.2960153426e-01 3.3360616534e-01 2.6721552016e-01 -2.9587116638e-01 -3.1957662703e-01 -1.5260298649e-02 -3.8306016697e-01 -1.8836718641e-01 5.0136121282e-01
2.3087541475e-01 -5.8182316892e-02 -1.5811767046e-01 -4.0306633725e-01 4.4756587590e-01 -5.0662882075e-01 3.3091868418e-01 -5.5967290730e-01 -2.5737706521e-01 -1.2137717507e-01
3.0802961601e-01 8.0384716160e-01 1.6564755479e-01 1.0296654819e-01 5.8762865807e-02 -1.6170373250e-01 -1.4133968404e-01 -3.6040158702e-01 3.2260282533e-01 2.8316508526e-01
2.8508645299e-01 1.8826836566e-01 2.4985837154e-01 -4.9880715604e-01 -1.1711479907e-01 6.6078586579e-02 7.3356178724e-02 -1.0029475307e-02 -4.5030048292e-01 -2.3141030154e-01
5.5463836386e-01 1.9633632946e-01 -8.7890292172e-01 -1.2204400158e-01 3.0038820824e-01 1.3836975701e-01 -5.0996068814e-02 4.3260707732e-01 -5.2826350261e-01 2.0101265131e-01
-3.2507114174e-01 1.4757803043e-01 2.4142563970e-01 -2.1800347162e-01 -1.8301726135e-01 -5.0569519029e-01 2.1520982470e-01 2.5750208148e-01 -5.4464126807e-01 1.2441621570e-01
-1.0565898079e-01 -7.1785587392e-01 2.3091286802e-01 -2.7459299944e-01 5.6275277316e-01 1.1764073170e-01 2.6297978218e-01 -1.2129816889e-01 3.6360158013e-01 -6.6659361724e-01
2.1064119333e-01 -1.5024649771e-01 -2.2402407779e-01 -1.1987897158e-01 7.7484441534e-02 5.1561349417e-02 -7.3148286531e-02 2.6719052424e-01 -2.1790618691e-01 -4.8981759094e-01
-1.1272084736e-01 -4.4620829099e-02 2.7106091041e-01 -3.1227017648e-01 5.7534817435e-01 -2.3012703488e-01 -3.0634615358e-01 5.7430856609e-01 -1.4904352319e-01 -7.1974831299e-01
