2.2030698638e-02 3.6396737531e-01 5.4697231138e-01 -8.2687823481e-01 4.0678345859e-01 1.3024047252e-01 5.2307226375e-01 1.5575390839e-01 2.3851194127e-01 8.0182725408e-02
5.7946138383e-01 -3.6817809912e-01 2.0478694679e-01 7.7823234921e-02 -3.3150905148e-01 -1.1319750396e-01 -2.5107544269e-01 -4.3370984579e-02 1.5251703824e-01 9.4055392017e-02
-8.3262915621e-01 1.4868310762e-01 -9.5426553433e-01 2.7863651864e-01 -7.3072917631e-02 -4.3819672948e-01 2.1784781454e-02 3.1707227837e-02 -4.6966674140e-02 7.4942265106e-01
3.9631587372e-01 1.6204867231e-01 -2.5380140439e-01 8.5428766300e-01 -3.0999841775e-01 2.1552178755e-01 -2.9722908654e-01 6.9063958856e-03 1.7594934329e-01 9.6449122488e-02
-3.9430905667e-02 -3.9641753072e-01 -4.2371531120e-01 4.8861725719e-01 -2.5488024525e-01 -5.1380734670e-01 -2.6509323260e-02 1.7294788022e-01 -3.3883750907e-01 5.6144740368e-01
-1.8474052606e-01 -2.9936661951e-01 6.4085266223e-01 -2.4974786449e-01 3.9793866200e-01 -9.2645616997e-02 -1.6190769632e-02 -5.7343486966e-02 -5.4529971368e-01 -2.9159037895e-01
3.9966142563e-01 -4.1355314400e-01 -2.4488662209e-02 -1.0323226758e+00 1.3829112854e-01 4.1176230371e-01 -4.5627846560e-02 3.0567146855e-01 -1.9982675300e-03 -3.1720201365e-01
-1.9891380021e-02 4.8347533312e-01 1.5827938855e-01 -1.4802448525e-01 4.6291589925e-01 3.3595340595e-01 -2.8374437011e-01 7.5598249015e-02 -7.7436126084e-01 -4.9771140378e-01
1.3159912080e-02 -3.7661471390e-01 -3.1350037312e-01 -4.6100409107e-01 2.8926710843e-02 1.2693541731e-01 -3.2955296564e-01 -2.4191478085e-01 2.8721207981e-01 3.8512496904e-01
1.0037606494e-01 -6.9982249516e-03 2.4194174041e-01 -2.0659102541e-03 5.5035371974e-01 2.5788559841e-01 -5.4660873373e-01 5.1528757362e-01 -3.9129286954e-01 5.2456470277e-01
