-2.7455156800e-01 -2.9301910331e-01 2.9724389584e-01 -2.1383654526e-01 -1.2198373448e-01 -1.1927279480e-01 -1.1863156353e-01 2.4038791191e-01 2.0654820341e-01 -3.1470891021e-01 6.2831420805e-02 -2.9503813291e-01 -1.9394420131e-01 -3.2983253315e-02 3.1195634057e-01 -3.6681477446e-02 6.1167741362e-01 2.9525694662e-02 3.1444931833e-01 1.8644450441e-01
-5.4229608845e-02 -4.6191666968e-01 3.3765277167e-02 4.4104276502e-03 2.1888860653e-02 8.0400653198e-02 -1.0281331275e-01 -1.4927481994e-01 7.2237791064e-02 3.9577483521e-01 1.2886709572e-01 3.0790577290e-01 -2.0057938026e-01 1.9088204946e-01 -2.0043632070e-01 -2.1454327890e-01 3.0296482703e-01 -1.5298402451e-01 2.8905831921e-01 -2.6448855664e-01
1.9917813021e-01 -2.3336126499e-01 -4.7919085930e-01 -1.4937052087e-01 -5.5157429795e-02 1.6151078672e-01 1.7955609750e-01 -5.9772832976e-02 4.1126564961e-01 1.7765781307e-01 4.3546812396e-01 -7.0108618024e-02 1.3728647067e-01 1.8924843101e-01 1.2837143559e-01 2.0205984911e-01 -3.8298639979e-01 -1.3927568424e-01 4.5745460480e-01 5.1082131795e-02
-1.3089786631e-01 -1.6309662357e-01 -4.9025493017e-02 2.4077345837e-01 5.4092520144e-01 -1.4140120310e-01 3.3062253355e-01 4.9751328640e-02 6.5657953351e-02 1.5191471644e-01 3.6863982717e-01 5.0805525821e-01 -3.1380224511e-02 8.8310110810e-02 -1.5516547314e-01 1.0980214928e-01 -3.1470108071e-01 -1.1184810512e-02 4.4655628351e-01 -1.4179016178e-01
-1.4822262241e-01 3.9169285489e-02 -5.9075022757e-02 -2.4606236822e-01 1.6416059389e-02 -8.3017836732e-02 2.0643129021e-02 1.2827226860e-02 -1.7343351607e-01 -1.0752511373e-01 -2.2076564306e-01 7.8771756691e-02 2.7008346912e-02 -4.0888685977e-01 1.5762577886e-01 -2.2742041784e-01 -1.9312372447e-01 -2.0713230574e-01 1.2799965403e-02 6.8584038906e-02
-1.7594322937e-02 -4.6176179742e-03 -4.2731880554e-01 7.6710121996e-02 2.0080081465e-01 2.2160106656e-01 9.0444662042e-02 2.9221876093e-01 2.1007156908e-01 1.8175893871e-01 2.8400614108e-01 -2.0678637573e-01 -1.7209248381e-01 6.4333396758e-02 -1.0154110125e-01 3.1208515320e-01 4.2705233983e-03 -2.1013426934e-02 1.2698505834e-01 -3.4004315974e-03
3.2627170344e-01 -4.2781814923e-01 -2.5155512558e-01 -6.5400100928e-02 -1.4703400925e-01 3.6436932408e-01 5.9041790872e-02 -2.2763732229e-01 -2.4628340820e-01 -7.9569317934e-02 4.2262931240e-02 1.6083536228e-01 -5.5982880413e-02 6.3426859180e-02 -1.7851596349e-01 -1.4813171676e-02 -2.7758046765e-01 -4.0730393114e-02 4.9227849248e-03 1.3937740251e-01
3.1206046708e-01 -1.9541787651e-01 -7.3862410595e-02 2.3018988527e-01 3.4357643853e-01 1.5755513808e-01 -1.5944044132e-01 1.1153172031e-01 1.6054249539e-01 1.8070512862e-01 1.2189785887e-01 2.9036310973e-01 3.4924820604e-01 4.0914801212e-02 2.3337351480e-01 -6.1028837755e-02 -6.1479196258e-02 -7.2516012483e-02 8.8257261927e-03 -7.7993929259e-02
-1.5453990368e-01 -1.7990766217e-01 9.9833904481e-02 -7.4410620027e-02 -4.8832977830e-01 1.8409384365e-01 1.4936359882e-01 -4.6201134822e-02 4.0107914521e-02 1.8286294401e-01 -3.1095748375e-01 -3.6490489327e-01 1.9179997118e-01 5.7621546150e-02 -1.0084294682e+00 -1.5224827437e-01 -1.3255242617e-01 1.5716582444e-02 1.8834703231e-01 -3.7776696703e-01
-7.7656706581e-02 9.5189702354e-02 8.1041692793e-02 -7.3561831113e-02 -1.9270382245e-01 -1.8303093503e-01 1.1080552324e-01 -4.4091265718e-01 6.8007945863e-01 3.8023284030e-01 -1.4256584858e-01 3.1669398132e-01 -1.4799023190e-01 3.0762397579e-01 -1.0536204689e-01 3.0600019403e-01 -3.0203819609e-01 6.9738136061e-02 7.6289715479e-02 -1.6819138642e-01
-2.8613598983e-01 -1.9859358779e-01 6.5999692215e-03 4.0069230091e-02 -1.6348979945e-01 -1.4461665404e-01 -2.8844113160e-01 1.5065199520e-01 -1.8838715013e-01 -3.1462705897e-01 -1.6403376819e-01 3.6537633598e-01 -2.4164571782e-01 1.5048698892e-01 -1.3550988580e-01 -2.0037681420e-02 3.2674884406e-01 -6.3674860258e-03 -1.0027833795e-01 5.5552155124e-01
7.7409147642e-02 1.2930523224e-01 -3.0523670081e-02 1.1256581302e-01 -3.4485394784e-02 3.2932418656e-01 2.4056235390e-01 1.7435247671e-01 2.6615809657e-01 3.1601573785e-01 1.6832017501e-01 1.2731445811e-01 1.7053148349e-01 2.0267779546e-01 -2.1349802569e-01 3.4086852856e-01 5.6194626371e-01 9.7563305220e-02 2.5655080752e-02 -9.9569860084e-02
-2.1509967537e-01 2.8158126099e-02 1.2006576087e-01 -2.4625800523e-03 3.5057477262e-01 -3.1485688400e-02 -2.6246011537e-01 -8.0826815964e-02 -4.1606785891e-01 -2.2258635045e-01 3.4433463566e-02 -9.0867756945e-02 -6.0292865334e-01 -2.2452294370e-01 -4.9984900609e-02 9.2432314724e-02 -5.1687016931e-01 -3.4605354484e-01 1.9367384172e-02 9.7968963477e-02
7.7008957149e-02 -2.4587618024e-01 -9.5572552538e-02 -1.1536930407e-01 9.4353011021e-03 2.2716419393e-01 2.8380197283e-01 -3.2272469248e-01 7.2809614877e-02 -4.6142947042e-01 -1.1506134873e-01 6.5017593124e-02 2.2143012825e-01 -2.2642817580e-01 -8.8627823479e-02 3.4052456010e-01 2.0221289830e-01 1.2969022847e-01 -1.3095647448e-01 -2.4464154027e-01
7.1941118209e-02 -1.5061875745e-01 1.8519449172e-01 -2.6061054143e-02 -1.3847730170e-01 9.8308958069e-02 6.6033017796e-02 -3.3549944962e-01 1.2157434813e-02 1.0377014646e-02 -2.4559072671e-01 3.8699214181e-01 -2.0101749005e-01 4.1673404322e-01 1.9635496347e-01 2.7669622407e-01 -1.1305173969e-01 -2.1850272337e-01 2.7400098456e-01 -1.7867196205e-01
9.5595861965e-02 -1.1349802834e-01 3.0290774581e-01 -2.6769711844e-01 7.4149749179e-02 -8.6254787054e-02 6.5168270195e-02 -6.3182983903e-02 -9.1131091562e-02 1.7830245623e-01 1.7098236764e-03 4.7645901712e-02 4.7181529178e-01 1.2195803741e-01 1.8525398452e-01 9.3030135355e-02 2.4015234178e-01 2.4839202227e-01 -1.7158951001e-01 2.2247883630e-02
1.5673958005e-01 -2.1253396923e-01 -1.3315333951e-01 2.2831633936e-01 2.5816369510e-02 5.3029594883e-02 -7.5458505115e-02 1.3205869379e-01 1.8923802638e-01 1.9621801770e-01 2.9866183362e-01 -2.3965949689e-01 3.8369144379e-02 8.1275775324e-02 -2.8098593044e-01 1.4186811113e-01 5.3033893771e-02 -5.2166596337e-02 3.2977271850e-01 -5.9598687979e-02
-3.2623983217e-02 -2.1306876282e-01 1.4542075620e-01 -1.7648092915e-01 2.4356531884e-01 -6.7854189342e-02 1.2110195597e-01 5.6532148388e-02 -1.1570149613e-01 3.1727475857e-01 -4.6606083380e-03 9.9805396852e-02 1.8518738190e-01 2.3645369592e-01 -1.3670933486e-01 -9.3395744702e-02 2.0992582804e-01 -2.3030772980e-01 -8.7059631598e-02 1.1614905008e-01
-2.7254361480e-01 4.9932309364e-02 1.2393484771e-01 -2.8306879511e-01 -1.6438729901e-01 3.3039517833e-01 -5.9750052228e-01 -9.8255622615e-02 -3.6178621484e-01 -5.1644497394e-02 -8.0855312746e-02 3.1263495046e-01 4.0980378416e-01 -4.7397562559e-01 3.1789551817e-01 -1.1496893701e-01 1.8220576349e-01 8.4290700586e-03 -3.1014838547e-01 -1.0703306547e-02
-4.8449389952e-01 2.6001190056e-01 5.2659878597e-01 -1.0475065965e-01 -1.9613872056e-01 4.4735611830e-02 -1.4120035515e-01 -4.5323212980e-01 7.1695812227e-02 4.7933328015e-01 7.3474476406e-02 2.9640014160e-01 3.0271463819e-01 -3.3400540989e-01 1.9467305093e-01 -3.4816331858e-01 -2.4677274576e-01 -1.7701711307e-01 1.6469378412e-01 -1.5826436271e-01
