-1.6096903268e-01 -5.0889286105e-01 -1.3534631771e-01 -2.0344575333e-01 -2.6870416733e-01 -3.4286536999e-01 3.4878753184e-02 -2.1933748491e-01 3.6026789594e-01 3.2225830756e-01
-4.4822668552e-01 -9.9467812157e-02 -4.7230101363e-01 -2.9114063796e-01 1.0110017897e-01 -5.4903333756e-01 -2.3043269378e-01 5.8781081124e-01 1.6455042076e-01 2.2912076940e-01
-6.7429343845e-02 -1.1774710500e-01 2.3177929129e-01 -4.3052571690e-01 4.6252648888e-01 -1.4933036761e-02 1.2473178278e-01 -8.3012074869e-02 -1.0894817473e-01 5.0033951546e-02
-2.1092331918e-01 5.1159725914e-01 1.7711765000e-01 -4.1135740616e-02 -1.8183923020e-01 2.4616295166e-01 8.6434212025e-02 9.1879264370e-02 4.2402032973e-01 -1.5894100948e-01
2.0934423931e-01 2.8244963807e-01 6.6070679059e-01 -2.4814955344e-01 6.7775257016e-01 -7.5095830141e-01 2.7750119159e-01 4.0253143814e-01 -1.1103055050e-02 -4.8915349440e-02
1.1970547099e-01 2.1025232505e-04 2.6867877148e-01 4.0865879246e-01 6.4320517397e-02 -2.4251154096e-01 8.6552325608e-01 1.6269846713e-01 -5.2460299923e-01 1.9488152264e-01
-4.8353401122e-01 -5.0018092107e-01 1.6751111938e-01 -7.0839035191e-01 4.4831942166e-01 -1.3691926980e-01 4.9339286147e-01 2.7061027221e-01 2.5754993821e-01 -5.5800685893e-01
-2.1273324784e-01 -1.2082132916e-01 -2.7010836186e-01 5.5942479115e-01 -8.3425601970e-02 6.4606625520e-02 -2.1995638613e-01 -4.8682108688e-02 6.5652458373e-01 2.9140973555e-01
5.7073878258e-02 -6.3774414750e-02 -2.8868282016e-01 4.4818490005e-01 2.4939351372e-01 -5.3251595482e-01 5.4214809299e-01 3.1047097921e-01 -1.3742824456e-01 2.8134441469e-01
-2.7101546255e-01 -1.2924136514e-01 -3.2993451666e-01 -4.7750304568e-02 -8.0776627560e-02 -2.6198704503e-01 -2.9905505785e-02 -4.9223736470e-01 -1.1130225076e-02 4.1069438684e-01
