1.6700808628e-01 2.1180988897e-02 -3.6492488829e-01 -3.8254078413e-01 1.1981259696e-01 -2.0004409762e-02 -1.1416167057e-02 1.9567490241e-01 -6.2284514232e-01 -2.4271770007e-01 2.4323292760e-01 -1.9230133975e-01 7.0523535808e-02 2.2160015820e-01 1.4245759571e-01 -1.9774675998e-03 2.9897421041e-01 1.7274230499e-01 8.5940085572e-02 3.5311273732e-01
-8.0379761064e-02 -1.0710842045e-03 1.3800095161e-01 -1.8599085237e-01 1.4423598885e-01 -2.9698418319e-01 2.2662179990e-01 1.2202957666e-01 1.8748492770e-02 -9.3369332858e-02 -1.8219124266e-01 1.6002964976e-01 8.9698699338e-02 1.8690009071e-01 -1.8933969716e-01 -4.3569724392e-02 -2.1222234961e-01 1.0371146406e-01 1.1547389716e-01 3.7009010686e-01
-6.8372022173e-02 -6.8571633399e-02 -2.7028479236e-01 -2.4126365121e-01 3.3532490213e-01 1.0779496687e-01 8.2358868314e-03 3.8210112927e-01 1.8823594024e-01 -2.4280333575e-01 5.9265779393e-02 1.9255516678e-01 -4.3721498976e-03 -5.4866923393e-01 -3.4029893219e-01 9.5691434632e-02 7.0688718623e-01 2.5502749124e-01 -2.7063334164e-01 -1.6360686094e-01
-1.2196425718e-01 4.5940485416e-01 -3.0059796599e-01 2.0049549499e-01 -2.0232879185e-02 1.3821560692e-02 -2.0039545774e-01 2.3264949112e-01 2.1925912535e-01 1.5519731332e-01 2.3949241061e-01 -3.5741163315e-01 2.5864333978e-02 -9.3389307346e-02 -5.0792623000e-01 1.1121879955e-01 -2.3444079965e-01 2.0734377989e-01 1.8047088373e-01 1.3489095270e-01
2.1017875570e-01 5.0820693091e-01 2.1157475124e-01 1.3131798294e-01 -2.1532875869e-01 1.2498337438e-02 -3.8217551750e-02 -1.6105995735e-01 -3.4238266736e-01 2.1798562203e-01 -9.8838639813e-02 -3.4426833718e-01 6.5992336532e-02 3.7842239181e-01 -4.6472573338e-01 -4.4553941352e-03 -5.4023614983e-03 2.2962663166e-02 2.4215016477e-01 -1.3482678985e-02
-9.5989838371e-02 3.8782044680e-03 2.0707994997e-01 -1.2480735154e-01 -8.5012210029e-02 4.9096141629e-02 -1.5279537711e-01 -2.4445017802e-01 -5.5604027734e-02 -1.7145398243e-01 -2.3685894729e-01 1.1157626558e-01 -7.5256114931e-02 3.8110307747e-02 1.4090748671e-01 1.4657417539e-01 -1.0859122444e-01 -1.0783415266e-01 -1.3344292227e-01 1.7429907221e-01
1.1068877646e-01 1.2060756566e-01 -1.1121600889e-01 6.2395239811e-01 7.7888863432e-03 1.9110456784e-01 -2.7084795701e-01 6.6802130210e-02 -1.0049388997e-01 -1.9449300638e-01 -1.9267039695e-01 3.1708497963e-01 -1.0805889102e-01 1.7919388571e-01 4.8215459515e-02 -1.1631963674e-01 -1.1543250960e-01 2.9633490799e-01 4.2478204157e-01 -9.6515091424e-02
-1.6670105156e-01 -1.1413037582e-01 2.1933560556e-01 1.6165184479e-01 -1.6086472576e-01 -1.0980659082e-01 5.5533617291e-02 -2.8689015070e-01 2.1584484876e-01 -1.2872373742e-01 2.2448848029e-01 -1.7594091097e-01 1.0716917309e-02 -4.6771153030e-01 3.3320936293e-01 -8.5595380385e-02 -3.8765684651e-01 1.4863899855e-01 4.8732212298e-02 6.2709389377e-02
1.3451245548e-02 -2.7749866606e-01 -1.0235745301e-01 4.2181320166e-01 -1.5374903958e-01 -3.4824901529e-01 1.1749176313e-02 -2.0240327800e-01 5.5903133095e-01 -1.1247070759e-01 3.0173787079e-01 8.0489551118e-02 -1.4660313005e-01 -9.8396455514e-02 -5.0858437120e-02 4.8841124522e-01 1.3724465655e-01 -7.2487829036e-02 1.3907241252e-01 7.7495300428e-02
-1.8021966869e-01 1.6600108822e-01 -3.6780213079e-02 3.7003025119e-02 -1.7101598942e-01 -1.2979708338e-01 1.7960296062e-02 3.8649990129e-01 -6.4823358665e-02 -3.3404222949e-02 1.1996305381e-01 -3.0446418372e-02 -3.6920795279e-01 -4.4792116907e-02 2.8260091768e-01 -5.4242450986e-01 -8.8553380941e-02 -2.8125735768e-01 -5.2839587854e-01 -1.8076084297e-02
-7.1372438900e-02 1.1854637913e-01 -1.8252254812e-01 -3.0509695481e-02 -8.2307669377e-02 -1.4374912739e-01 2.2476950630e-02 1.4802153668e-01 -1.4401979134e-01 7.1074580717e-02 3.9900240714e-01 6.3513038016e-01 -3.9337603466e-01 3.7108603828e-02 3.1108266677e-02 -1.9928586156e-01 -4.7026660389e-02 -2.6146957984e-01 1.2745793886e-01 -3.0772383040e-01
1.8387871350e-01 -1.2392547441e-01 -6.9754260803e-02 -5.1120635029e-02 -8.5510774907e-02 -3.7427709420e-01 8.5407730956e-02 3.9162618769e-02 1.0809734743e-01 1.3015997875e-01 -2.5962844944e-01 1.7109688748e-01 -5.9634608312e-02 -4.3013423102e-03 -4.4612848621e-02 4.5230609169e-02 4.9451988705e-02 -1.2159922197e-01 1.3531187891e-01 -2.8924954465e-01
-4.6794743186e-01 2.6327003384e-01 8.2804596786e-02 -1.2962676196e-01 -2.1290192145e-01 -1.7080216596e-01 -5.1608211772e-02 9.1272477678e-02 -1.0256400103e-01 -2.0428220201e-01 -1.9272669497e-01 1.0852114629e-01 -2.2566604947e-01 1.7588879547e-02 1.0662193682e-01 1.0620244310e-01 -2.1871347797e-02 -1.8652896156e-01 3.3377933262e-02 5.3896390768e-02
-4.1069980199e-03 1.0319082748e-02 -1.4099852075e-02 1.0007278299e-01 -2.3467905307e-01 1.4284803452e-01 -8.8611820351e-03 3.0241800003e-01 1.7986806049e-02 2.7886117152e-01 1.7500255346e-02 1.7888627724e-01 -4.1802758231e-01 -2.5220049110e-01 -1.5377863325e-01 -4.6558917054e-02 1.9131447074e-01 1.2661639688e-01 5.0047861733e-02 3.6048235333e-02
2.6127942599e-01 2.6003479322e-01 1.4634081741e-02 8.2942642347e-02 4.7140686216e-02 4.4602986560e-01 -1.6248856980e-01 -2.8599561653e-01 1.3166489366e-01 -5.2377298780e-02 -4.2469286290e-01 8.9209219417e-01 1.7513553237e-01 4.8921712122e-02 4.1477044178e-01 6.7253569255e-02 2.3175925109e-01 -1.8016966183e-01 3.1980458431e-02 2.5030822614e-01
-1.5438771159e-03 2.2885365746e-01 -1.5977375771e-01 6.2600233853e-04 2.0529168743e-01 8.2250818890e-02 7.8826569052e-02 4.3970558559e-01 -1.8471475252e-01 -1.0121252696e-01 -2.6571159249e-01 1.7771821752e-01 1.7361312592e-01 -1.2874240730e-02 1.4618004215e-01 -1.3551342862e-01 3.6074162964e-02 -2.8933792497e-01 -2.7520378028e-02 -2.6993914833e-01
4.5916862047e-01 2.9507867054e-01 -1.5443781347e-01 4.8238651018e-02 -2.0166579929e-01 2.1548501268e-01 -2.2213029021e-01 -6.3352249686e-02 -2.5290862553e-01 1.3570810688e-01 -4.0079111616e-01 -2.2893391028e-01 3.9661240380e-01 1.6601017563e-01 -3.8563679655e-01 -2.2730179787e-01 7.0076286165e-02 1.8994509553e-02 4.9507886797e-02 -6.8898976726e-02
2.1774683811e-01 -1.8199474112e-01 -1.2987536244e-01 4.3955678410e-02 -5.8527135912e-03 3.0292908065e-01 2.0797776396e-01 -5.3092790173e-02 -4.2925961818e-02 2.8579846762e-01 -1.1687991640e-01 1.7089019590e-01 3.7798038546e-01 -1.1565401401e-01 -9.6812518756e-02 4.3155641996e-02 -4.2107684274e-01 2.8121908159e-01 2.6183024475e-02 -9.1811455654e-02
-1.9194403269e-01 4.4228163486e-01 -1.2797868399e-01 1.2766379730e-01 2.3494070138e-01 -1.4858687836e-01 -3.7156388053e-02 -2.9887223587e-01 3.6056054458e-01 1.5654223004e-01 5.4728335703e-02 -1.7028129591e-01 3.1298680327e-01 2.4478126598e-02 -1.4118574390e-01 5.3007875892e-02 -7.5569891848e-02 3.9048232800e-02 9.9134711804e-02 -9.0872155198e-02
-6.1580103916e-03 -2.4922172136e-01 3.8933855512e-01 6.9285277149e-02 1.8164318253e-01 3.3910517992e-01 4.3571795604e-02 -5.8201330162e-02 1.4705405446e-01 -1.0875422889e-01 7.7269609998e-02 1.6552362518e-01 2.9504767385e-01 -2.2026518698e-01 -2.2114227277e-01 1.2683237892e-02 1.4907412067e-02 -2.3200536107e-01 -9.1938146904e-02 2.3041704383e-01
