-1.3298589959e-01 -8.7587668025e-03 -5.7106945419e-02 3.5848926122e-01 1.0300485377e-01 9.8201204800e-02 -3.0123385755e-01 4.3061571819e-01 2.7783255115e-01 1.0908014867e-01 3.0243148090e-01 -1.3070679238e-01 2.9892330186e-02 -1.3848925251e-01 4.7105728150e-02 3.5173443837e-01 -6.6627201219e-02 -3.8549502252e-01 6.7853989724e-01 1.4740296319e-01
1.4395161992e-01 -3.5708670019e-03 5.0866989397e-02 1.9196472880e-01 1.6084652858e-01 -3.0499835646e-01 -1.9657708443e-01 -2.3432688772e-01 -9.9220273663e-02 -3.1220585423e-01 6.0336642090e-02 1.5277610027e-01 2.7298371864e-01 -1.5541341933e-01 1.7360844811e-01 -1.5221643235e-01 -1.7741847287e-01 -1.8120552510e-01 2.9436823639e-01 3.5782286761e-01
2.4698007336e-01 -1.3563714146e-01 -2.3707093898e-01 -2.4328736931e-01 -1.7429583822e-02 1.3920001618e-01 9.2896758133e-03 -1.7756135778e-01 1.4950496444e-01 -3.0183951788e-04 2.0617702142e-01 -1.3960807349e-01 7.0690050721e-02 -8.3220133064e-02 -3.3362736064e-01 3.6583560713e-01 8.6608389434e-02 -2.2711248277e-01 -1.0915414274e-01 -1.4597695922e-01
1.1556055320e-01 1.3524279377e-01 -4.4240297254e-03 7.5393582026e-04 1.1652536986e-01 1.7633983091e-01 -1.2152270063e-01 4.8331657441e-01 2.6703528566e-01 -1.4160165031e-01 -1.5534077746e-01 -3.9196308998e-02 1.0638284441e-01 9.5992769412e-02 2.0389735177e-01 -3.4539152601e-01 -2.2378238160e-02 -3.1584134730e-01 1.4764336806e-02 -1.2659208974e-01
5.9407823351e-02 8.4839122121e-02 2.4178845330e-01 3.2235652027e-01 -1.9990944607e-02 -3.2931701145e-02 -9.7241953071e-02 1.1955266308e-01 -4.4059851406e-02 -1.9586153313e-01 -3.0083042273e-02 6.6720652980e-02 -3.9542033736e-01 -1.0165205714e-01 1.0873997361e-01 8.9831448911e-02 8.5588509584e-03 7.0668362611e-02 -4.7383868676e-02 3.2270145069e-01
-1.2873375268e-01 2.1439534611e-01 -3.3209573388e-01 -1.1320182635e-01 2.6289470311e-01 2.5603693951e-01 1.6337113048e-01 -1.4304242291e-02 3.7975927836e-01 3.2304307391e-01 3.4278367373e-01 1.8226606432e-01 -1.6955311779e-02 -6.4946075203e-02 -1.3343848250e-01 5.0123511298e-02 2.1031482121e-01 -1.2759212253e-01 -9.7299404080e-03 7.2083121156e-02
-7.1934490577e-02 -4.0156534050e-01 -1.2145898520e-01 -1.0375236290e-02 -1.0002775686e-01 -1.2254480846e-01 -2.5316185303e-01 -2.2941406188e-02 -3.4722279038e-01 1.3566459567e-01 -1.2005553766e-01 3.2766934333e-01 -4.3737504340e-01 -1.1139612181e-01 5.3919004748e-01 -7.2574582833e-02 -1.7992208294e-01 1.1981648821e-02 -6.6979987360e-02 -6.0643427750e-02
1.3943658259e-02 2.8562181474e-01 1.8634946145e-01 -3.5932689714e-02 -5.2563091219e-02 -4.5147006224e-01 -8.8355165532e-02 -2.2425854398e-03 3.2159502428e-01 9.4209898158e-02 -4.2761772359e-01 -6.2698629457e-02 -3.0050151047e-02 -6.8176668867e-02 -1.8138496759e-01 1.5957842703e-01 1.7641093939e-01 2.7682432949e-01 2.8822954836e-01 -1.2024805253e-01
1.1482422138e-01 -6.1032923900e-02 -1.2773137673e-01 -8.6198825008e-02 1.4994250978e-01 4.9578775987e-01 2.1276123044e-01 -1.2332094513e-01 -8.1689098581e-02 5.1779803558e-01 -2.7655548666e-02 1.5018500616e-01 -2.9794660076e-01 1.5015922444e-02 -2.4330555117e-01 -2.2629848876e-01 -5.6152769526e-02 4.4189433948e-01 -3.5167163593e-02 -2.7365822930e-01
-9.7570826528e-02 5.9892587023e-02 2.0416701585e-01 3.3969254043e-01 -1.6589846990e-01 -4.4230764275e-01 7.0640325941e-02 -4.9693619915e-01 -5.3774724305e-01 -1.6426273802e-01 2.0344298311e-02 -3.3002372864e-01 -8.3820376684e-02 -2.1383230934e-01 -2.8858406722e-01 -7.7534254945e-02 3.4580046181e-02 3.6308145230e-01 1.7890692816e-02 -7.9117188564e-02
2.4834148362e-01 4.2340751004e-02 -3.2492658866e-02 1.0970582992e-01 2.0522550203e-02 -2.5052878282e-01 1.3538361916e-01 2.6085222971e-01 -7.4312375571e-02 -2.8600367210e-02 1.4124739312e-01 1.4071491519e-01 3.8012990817e-01 2.2667552788e-01 -4.2517046351e-02 3.1072461270e-01 -2.9548707531e-01 3.1141388061e-01 -7.2746978244e-02 -1.8686292059e-01
-4.4345764270e-02 3.0562085088e-01 -2.3066726254e-01 5.0275035630e-01 -8.9179328709e-02 3.0995105293e-01 7.7991828186e-02 -3.2836705174e-01 -1.9085660882e-01 -2.3463770173e-01 1.1539838021e-02 -1.5337286689e-01 -7.9992785287e-03 -7.8285641024e-02 2.7398535013e-01 -2.6715441721e-02 7.6966197234e-02 -8.4432852472e-02 -1.3081834049e-01 1.6280820390e-01
1.9481536870e-01 -2.0218201158e-01 1.1582271905e-01 -2.5932361479e-01 -8.7894278630e-03 1.2610370811e-01 -1.8360326517e-01 2.6220112233e-01 -2.7708213218e-02 8.0921287366e-02 7.6883463792e-02 -1.2094584826e-01 1.4480396401e-01 -4.9041148365e-03 3.9147660094e-02 4.2960139566e-02 7.9322583490e-02 -1.4183009445e-01 -7.0092444012e-03 2.2802126376e-02
-3.5560677523e-01 -1.9915698025e-01 -3.9830969925e-01 -2.4348961053e-01 -1.9811888592e-01 2.2053940639e-01 -2.8038575716e-01 -1.3451126571e-01 -3.0134168760e-01 1.1982273044e-01 1.0704704878e-01 -2.8771465351e-01 5.5338155872e-02 3.3598236630e-01 6.8523615960e-02 -1.7379267714e-01 3.5949157645e-02 8.3878241032e-04 8.9756725850e-02 -6.9375474658e-03
3.3553201162e-01 3.9209033790e-01 -2.3249265657e-01 -3.0741461282e-01 -1.4609561463e-02 9.2364339169e-02 1.5960483284e-01 -2.1945633726e-02 -2.8269911781e-02 -2.8621584515e-01 2.4147821576e-01 -5.7722201335e-01 -4.6508896362e-02 -2.4288717027e-01 5.2824721932e-01 -1.1458348236e-01 -4.8016272047e-01 1.4389426345e-01 -3.4106854469e-01 -3.3896901220e-01
-3.5892207424e-01 2.9106202213e-01 -1.8717512149e-01 -8.6316932908e-02 -1.6291516909e-01 -7.2890700695e-02 3.4712176560e-01 -1.3032307257e-01 2.5840017031e-02 3.4044925772e-01 -3.4728893185e-01 2.4282641299e-01 2.0531566893e-01 -1.1137125010e-01 -6.7609861342e-02 3.9708726791e-01 1.7129090983e-01 -4.2766572428e-01 -1.6348360660e-01 2.5591132351e-01
-6.4696366828e-05 2.7430365079e-02 -4.3097216716e-01 3.5343405807e-02 -3.0155378875e-01 -1.2095290660e-01 9.4937154231e-02 -5.9950363775e-02 -8.5230446197e-02 -2.5880591288e-01 2.8169872781e-01 -3.9237512541e-02 -5.8512489807e-02 1.5953617505e-01 2.5095259297e-01 3.2073782202e-01 -1.4701830929e-01 -4.0028082485e-01 -2.6230149019e-01 5.6568865398e-02
-1.4122903151e-01 4.8455623433e-02 -4.1447763939e-01 -3.1472409292e-01 -1.3308448615e-01 -1.0583878166e-01 -8.3624378033e-02 4.8523032038e-01 7.6981112696e-02 2.8237912333e-01 3.5383264150e-02 -1.6593761301e-01 9.8450906099e-02 1.6063351153e-01 -3.9784438561e-01 2.1618156173e-01 -2.1612579570e-01 1.0636756896e-01 -3.0111696499e-02 1.1264078394e-01
2.4729409034e-01 -2.2885987709e-02 -4.8538299032e-01 2.5805797500e-02 1.5180323572e-01 -8.8460529429e-02 8.9702249506e-02 -1.9758188915e-02 -1.3507661917e-01 -1.4862714777e-01 -1.0677895439e-01 -4.4303918353e-02 5.0200386257e-02 -4.8948325896e-02 -4.1667227802e-01 1.6209545275e-01 8.3165492737e-02 3.8417574768e-02 1.6398866850e-01 5.5215890933e-01
5.7534860249e-01 1.2559063608e-01 -3.4955078309e-01 1.1588238709e-01 -6.6302796028e-02 1.0299109990e-01 -1.5565948771e-01 -3.3832836305e-01 3.2862336671e-01 5.1820896865e-02 -2.8975359326e-02 -3.7199798359e-01 1.1071710881e-01 2.7048569072e-04 -2.9677648201e-02 -8.8582680205e-02 -3.9207789083e-02 -3.7200303441e-01 -3.4944216985e-01 -4.0408416993e-01
