-6.0270810880e-01 2.5744803817e-01 -3.2143051533e-01 -1.6313835547e-01 3.2546562196e-01 5.2147410590e-01 4.8163476994e-01 -2.8270917424e-01 2.5180502621e-01 -2.4450108972e-01
-1.0467650245e-01 -2.3998288305e-01 3.6672196303e-01 -4.9277852225e-03 -1.0990222231e-01 3.3705493384e-02 -3.7161113144e-01 3.3273617542e-01 1.2256581715e-01 -4.9021305253e-01
-2.7695337909e-01 -2.4732421437e-02 4.4023576945e-01 2.9842575572e-01 -2.5013270754e-01 -1.6053834859e-01 6.0044297822e-01 2.7660896772e-02 4.6992163506e-02 1.2042696468e-01
-4.2666242255e-01 -4.7581480166e-01 1.8306104645e-01 -1.7889571905e-02 3.5590981436e-01 2.3634414510e-01 -1.4687681577e-01 8.4799989372e-02 -3.5233764338e-02 -7.2817729565e-01
-5.6282415867e-02 2.6398370520e-01 2.3570066102e-01 -1.5020602055e-01 8.5874190761e-01 -3.5951890801e-01 -1.8825971503e-01 6.2139179629e-01 2.7733752812e-02 2.6980221231e-02
1.4550529611e-01 -4.2298888459e-01 -1.5751728112e-01 1.8653182982e-01 8.2376420036e-01 1.6039058600e-01 -2.4332683628e-01 -1.8386190317e-01 -6.2979176231e-02 -1.0987735670e-01
4.8386146541e-01 4.0780300701e-01 -5.6841666842e-01 1.5978576492e-02 4.3786497491e-01 6.3591275072e-01 -1.4463913129e-01 2.1015014156e-01 -2.0406522076e-01 3.1024517306e-01
-2.7119198593e-01 1.3926049882e-01 3.9042091317e-01 7.0838724500e-02 8.5087044099e-02 -2.5054728377e-01 -2.1788483005e-01 -5.0444025503e-02 4.0149282188e-02 -2.4904546555e-02
1.7432563727e-02 1.1400392557e-01 1.6840135164e-01 -2.3958284721e-02 -1.5321863057e-01 -7.0019901836e-02 1.4742981494e-01 -1.3243973140e-01 8.7760343892e-02 -2.3800297158e-01
-6.8324752190e-02 1.7628644410e-01 9.1381091544e-03 1.2615153815e-01 4.8266509038e-01 1.2778232684e-01 -1.7143715641e-01 5.2991013233e-01 9.0391659070e-02 -1.7323374226e-01
