4.4222757265e-01 -1.9053614763e-01 -2.8362882307e-01 9.3610943088e-02 2.1219800571e-01 -5.4249243575e-02 -6.9618007491e-02 3.2782894074e-01 1.0239517570e-02 1.1405833197e-01
-1.1372542833e-01 2.8873350534e-02 1.7403939707e-02 2.8512320927e-01 -1.3181690106e-01 -1.0724080616e-01 -1.5324731678e-01 5.9914300476e-01 -4.5741888229e-01 -1.0113806900e-01
-3.0476797648e-01 -1.7483962353e-01 2.3783636608e-01 -3.4283304373e-01 1.2926513753e-01 -1.8917788982e-01 1.9763991558e-01 4.2459564541e-01 2.2082818530e-01 -5.3209093481e-01
-2.4533969639e-01 2.7398142457e-01 -2.0179638015e-01 3.5795935414e-01 -4.3989042702e-01 -5.1736556184e-02 -5.1255285953e-01 -3.4467979348e-01 6.7922847927e-02 -4.5364833358e-01
6.1185747872e-03 -1.5183732617e-01 -2.7075980869e-01 2.4046752567e-01 2.8962013005e-01 -8.3739133801e-02 3.4571438318e-01 4.4598779626e-01 2.1825639440e-01 -7.0314489618e-02
1.2340994219e-02 5.1526820512e-01 -1.5289413241e-01 2.7010222171e-01 -8.8894445412e-02 -3.9297186374e-01 3.4305162522e-01 -1.9735004290e-01 -4.7791812720e-02 4.8474875634e-01
-3.4338778165e-02 8.9642852061e-02 7.1952809775e-02 3.2523291116e-01 1.7426482332e-01 7.9958889528e-01 -4.2087408692e-01 -3.3840271178e-02 -4.2707868116e-01 3.8803212660e-01
3.2763374012e-01 9.3194497951e-02 2.8695650746e-01 -4.4239458985e-02 -3.7795516972e-02 2.0093051074e-01 -2.1819628443e-01 -7.1638023879e-02 -2.7552449790e-01 2.6819782868e-01
-1.4311984090e-02 1.6934258305e-02 -2.5481771579e-02 3.5071085010e-01 -2.0426708802e-01 2.8488752327e-01 1.7197220711e-01 2.7413138551e-01 3.6820693992e-01 -3.6247797853e-01
1.1865485925e-01 5.1131447453e-01 -5.6838483535e-01 4.7255996918e-03 -2.5879272667e-01 -2.3167365858e-01 -4.6781799677e-01 2.1938849195e-01 -3.9376812004e-01 -5.4267236359e-02
