-4.3586924112e-01 -2.4641751489e-01 -1.9189931101e-01 -2.4796453446e-01 -2.6470873178e-01 9.5716600536e-02 -8.3880689108e-02 4.3531152351e-01 -1.2106521275e-01 2.7487828255e-01 -1.3707559996e-01 -1.0495733968e-01 -1.0591951100e-01 -5.7181860231e-01 -6.0514089031e-03 1.9991551978e-01 3.6391229501e-01 3.6666832189e-01 2.4364528778e-01 4.1041050884e-01
8.3097426227e-02 1.9387235359e-02 -5.9810466431e-02 -3.8198245275e-01 -1.3807698830e-01 1.2691898129e-01 8.4424395231e-02 -1.7545621552e-01 -5.9902942914e-02 -6.8248348486e-01 -3.9513451518e-02 1.9166346738e-01 4.6456406532e-01 1.3031507102e-01 -1.2482958179e-01 1.2960300848e-01 -1.7025001378e-01 -2.3284457789e-01 -2.5079929496e-02 -3.3602226538e-01
4.2932735490e-01 9.8952719041e-02 2.7640282521e-01 -1.4170411267e-01 1.3250495471e-01 -3.5399137286e-01 -2.7296124314e-01 1.6049603894e-01 2.6972380879e-02 -2.0348100327e-01 1.2090141712e-01 -8.3668848195e-02 -6.6073754123e-02 2.1369198818e-01 3.5249433209e-01 8.7576723772e-02 -1.9279047081e-01 3.2274663535e-01 3.9998829976e-01 1.2631957715e-01
9.2561696839e-02 -3.7915556913e-01 -2.6570586847e-01 -6.4729337511e-02 6.5741987975e-02 -3.0356810589e-02 -2.6781955006e-01 9.9561669825e-03 -2.2250770712e-01 2.9310044738e-01 -3.3226215977e-01 4.9493144716e-01 -7.2976989890e-02 -1.7541007938e-01 -8.7311608693e-02 -1.2604696820e-01 -4.3035552415e-02 5.1928299282e-02 1.4183049202e-01 7.5689620630e-02
2.4915978663e-01 -1.2059404115e-01 -2.3783670673e-01 -2.8475007578e-02 3.3215414902e-01 -1.5122663865e-01 1.7035628514e-01 -4.2246271169e-02 -9.9685927669e-02 9.4007021510e-02 -9.4644940054e-02 -1.3309677769e-01 -5.8434514809e-02 -4.2831096436e-01 3.0658766375e-01 1.9882559979e-01 2.0698175915e-01 -2.8615506932e-01 -1.8161228040e-01 -4.6418839135e-02
1.1916274960e-01 -2.1181380339e-01 -8.4200240302e-02 1.5119542091e-01 -1.5347298631e-01 -4.0769898262e-01 -4.2190530203e-01 2.0016387182e-01 3.1091797184e-01 -3.1956443236e-01 -3.2127884362e-02 -5.1361994975e-02 -1.6276925234e-01 4.2141228248e-01 -9.8363716842e-02 3.0622255230e-01 -1.7292903197e-01 4.2708188334e-01 -1.7979637053e-01 1.6336395365e-01
-3.2753239998e-02 2.6520401006e-01 2.9688337029e-02 4.7972020688e-01 1.7744248068e-01 -1.4731986972e-01 -3.7216740326e-02 3.8702229269e-01 -2.9493389927e-01 2.2295690199e-01 -2.0088622561e-01 3.3060446716e-01 1.0226072808e-01 -6.4401112102e-02 -1.6002423186e-03 -2.5016860022e-01 1.7568089449e-01 -3.2180906489e-01 3.7233889083e-01 1.7730416615e-01
-2.0299915402e-01 6.1321196019e-01 -4.7933238554e-02 5.6388251273e-02 -3.2407328422e-01 -1.6486134219e-01 -3.3961768639e-02 1.9068400731e-01 2.4195140333e-02 2.6159429144e-01 -2.3282481416e-01 -1.5886383871e-02 1.0180678794e-02 3.3965859367e-01 6.3733784585e-02 -8.0971575767e-02 -6.1983698709e-01 1.7573316153e-01 -1.1098205982e-01 7.6229944060e-02
1.7395309230e-01 -1.7461870181e-01 -1.1992541709e-01 1.7414175115e-01 3.5081720510e-01 -1.0412719427e-01 1.8355865241e-01 1.0062698092e-01 9.2939421842e-02 -1.5161137514e-01 8.5553118234e-02 1.8113284991e-01 -3.1102538800e-01 -1.0075763546e-01 -1.0424801472e-01 -9.9907884285e-02 4.6901827765e-02 -9.5440613396e-02 7.9238180493e-04 -2.0505641645e-01
-6.7675304874e-02 2.9392072114e-02 -3.3712038350e-01 -1.9826203266e-01 3.2729927563e-01 1.9812832378e-01 -3.4038231303e-02 9.4445098542e-02 -7.1485062757e-02 -2.0602660389e-01 -1.9607145936e-01 -9.7288547220e-02 -2.7389986936e-01 -1.7801126893e-01 -9.9391568227e-02 -2.0919627098e-01 6.3851764907e-02 5.4842403328e-02 1.2044392991e-01 2.9481576450e-02
4.2053535078e-01 4.4285667986e-01 -2.2488714605e-02 -3.6072105058e-01 4.0945729579e-02 4.5069462483e-01 3.1288997034e-02 2.3348956821e-02 1.2662474489e-01 -1.8614275621e-01 1.6111284662e-02 -1.9338591091e-01 5.6897934886e-02 1.1756232299e-01 6.3271249033e-02 -9.1237366147e-02 3.7427048052e-01 1.5770408197e-01 3.7486792815e-01 1.3177565411e-01
-4.1319797721e-02 -1.9263300879e-01 2.1569208212e-01 -3.5444023763e-01 -1.5502676072e-01 2.6281058512e-01 1.2534455805e-02 2.0695516872e-01 -1.3395162809e-01 -6.4928943338e-01 9.2827279043e-02 2.4279168274e-01 -2.2828260429e-01 -2.4172046533e-01 9.8252646511e-02 -3.0278943121e-02 -3.2249333197e-01 -1.2077883727e-01 -2.9285751552e-01 1.5437582070e-01
1.5094996602e-01 2.8835894600e-01 -1.6332771871e-01 -1.9422569815e-01 1.0179526827e-01 4.8891688032e-01 4.0212834784e-01 1.6349558772e-01 -2.4519037765e-01 1.8451353695e-02 1.4363757894e-01 -1.7471808216e-01 1.2609952431e-01 4.6963670447e-02 -1.2646305717e-01 -6.1041139140e-02 -3.0991727358e-02 9.7843860130e-02 -3.0275118502e-01 1.7772391975e-01
-2.8944934400e-01 2.3799338042e-01 -2.9600451744e-01 1.1846184304e-01 -1.9335898405e-01 -1.7463490115e-01 1.9711380102e-01 1.1935851474e-01 -5.9582431214e-02 -4.2826795853e-01 5.2405793187e-01 -3.9938367932e-01 2.1522198149e-01 1.6104282394e-01 1.6783891583e-01 -4.8202667344e-01 2.6083068424e-01 5.8241899444e-02 -1.3917893260e-01 4.2929588774e-02
-2.0341829003e-02 4.5754586898e-01 -2.9900467681e-01 -2.8142211996e-01 1.6602371785e-01 -1.9775413178e-01 -1.2402249347e-01 -1.0340711192e-01 -2.5917507095e-02 1.8875956556e-01 1.7905676035e-01 2.8844062829e-01 -2.8548054967e-01 -2.2673104410e-01 2.0800132689e-01 -1.3539209933e-01 -2.3855402162e-01 2.3577561018e-01 -5.4235582292e-02 -1.0934801000e-01
4.6249632277e-01 7.4949908610e-02 -4.7044560195e-01 -4.3924589545e-01 1.3384678789e-01 -3.0075258439e-01 4.1183440467e-02 1.4815979740e-01 2.8544971528e-01 -1.0584518991e-01 1.2884257421e-01 3.4711317493e-01 -2.7408965209e-01 5.8767599307e-03 2.4571557362e-01 1.5965729960e-02 2.6962325682e-01 2.4173904353e-02 7.4201047742e-02 -2.1915197040e-01
-3.1465454086e-02 2.4059379147e-01 -2.1974640536e-01 4.1357950708e-01 1.4810124711e-01 -3.3851188429e-01 -3.1262940082e-01 3.9598686485e-01 -1.1834233718e-01 7.8202604570e-02 -5.1876702330e-02 2.4438885608e-01 -2.8467099109e-01 -1.6008701066e-01 -2.9822126582e-01 3.8319086252e-01 6.0180087512e-03 -7.9010369684e-02 -1.4902799140e-01 3.7299695244e-01
-2.0693477311e-01 -7.9324875940e-02 -6.1303858541e-01 -1.6658417576e-02 1.6986431868e-01 2.1254947988e-01 -4.0311495801e-01 -5.1708302224e-01 2.0180314643e-01 1.9243672498e-01 -3.9924369524e-01 1.0588469837e-01 2.0815586339e-01 1.3045179793e-01 -1.3702324079e-02 -1.1348850259e-02 -3.0856547736e-02 3.9570412418e-01 2.6011983767e-01 3.1790435651e-01
2.3595136133e-01 -2.3239282216e-01 4.0584367444e-02 1.9136452687e-01 2.8226415309e-01 -8.5371408117e-02 -1.2309901292e-01 1.5376067379e-01 -1.0278295533e-01 1.0729672570e-01 1.9219532697e-01 -2.8519437017e-02 3.8020132605e-01 4.2174479420e-02 -2.6747610251e-01 -1.0345337257e-01 2.8835534638e-01 1.0302356559e-01 -2.2086672888e-02 -1.1212649631e-01
-2.9021739729e-01 1.2908970643e-01 -3.3776382440e-01 -2.6510834268e-01 -2.4520293149e-01 -7.0976655727e-01 2.3855482936e-03 9.3397213865e-02 6.8867735576e-02 -1.9773123090e-01 2.8554996645e-01 2.9072237124e-01 1.3659848689e-01 -3.1012162488e-01 -1.6438724370e-01 -3.6200547243e-02 4.0001420806e-01 -1.7733473594e-01 3.4767132310e-02 -2.7942012406e-02
