2.7959692361e-01 -4.2901875433e-01 5.7956227073e-01 -1.1444316683e-01 5.7816700840e-03 6.6106587094e-02 -4.1843221304e-02 -4.4593870008e-01 1.6819138120e-01 7.6852888851e-02 1.9789001776e-01 7.9835833024e-02 -1.7233533923e-01 -3.2341012877e-01 1.4325545688e-01 3.6730385362e-01 1.2135637319e-01 -1.8582988621e-01 -2.5264626728e-01 1.6182697719e-02
-8.5163394858e-02 -1.1119282990e-01 2.6050250163e-01 -2.3807977843e-01 2.1565922336e-01 9.1002580908e-02 -3.5007775296e-01 9.4010792621e-02 -6.8066049935e-02 5.3570187289e-01 6.1072710825e-01 -6.1883939275e-02 5.2691533495e-02 -2.2638400222e-01 -9.4571944577e-02 -3.0029591272e-01 -7.3976123340e-03 1.2511657814e-01 -3.4656576725e-01 -2.5072894325e-01
-1.8987216208e-01 -5.9096824922e-02 -1.8312690812e-01 2.1041123309e-01 -6.5077244868e-02 1.4430597436e-01 -4.1333982273e-01 -2.2484685099e-01 -1.2175361222e-01 2.2385360234e-01 -9.7981088399e-02 -2.4264624024e-01 7.4571780628e-02 3.2530021685e-01 -8.5749210956e-02 3.7541782216e-01 2.2361395024e-01 4.0511875883e-01 1.6583338243e-01 9.7434553290e-02
-4.1183240367e-01 -1.9277869985e-01 9.9943415831e-02 -4.6649181865e-01 2.4955385565e-02 -3.4678138745e-01 -1.6489955162e-01 -9.6345995787e-02 2.5265733494e-01 -1.9074713671e-01 -2.9984887978e-01 -1.2931744272e-02 2.5392368256e-01 -2.6560027865e-01 -1.5956202990e-01 -1.9006026042e-01 -4.0363438014e-02 -8.8996495718e-02 -2.3201396816e-01 -3.2235370390e-01
-9.8380306101e-02 3.1887555069e-01 4.3963874809e-01 3.2916978259e-01 -5.3171264412e-01 2.8594520573e-01 6.2537942443e-01 1.2769925921e-01 5.6183363540e-02 1.1858442983e-01 6.3721438525e-01 -9.1824540600e-02 5.6690246087e-02 -2.9742819566e-01 -1.0183092060e-01 3.2786891508e-01 -7.3886483382e-04 -1.3494873379e-02 2.5357694777e-01 4.8325237603e-02
-2.4019810729e-01 -5.5786619028e-01 -1.8382338343e-01 3.7196252050e-01 3.2362402986e-02 -5.6825431700e-02 -1.9298825324e-01 5.8335436568e-02 -1.2242711573e-01 -1.5667957762e-01 4.6439828530e-01 1.6842229504e-01 1.9778214127e-01 1.2627498579e-01 1.4340562079e-01 -2.4799441483e-01 3.7092822243e-01 2.3945743650e-01 2.8728096175e-01 -4.9085190283e-01
-3.4155962936e-02 -1.7743641495e-01 -7.6667722786e-02 2.1725529720e-01 -3.7445323705e-01 2.2348973469e-01 -2.6141632477e-02 -1.2207205014e-01 4.2330242511e-01 -3.1594253491e-03 -8.9614156734e-02 2.4775816416e-01 -1.1882676782e-01 -1.1712082137e-01 1.9183709817e-01 -6.7730318218e-02 7.0704415922e-02 -2.4037937283e-01 -1.9325715280e-01 -1.1374427143e-01
-2.5809121107e-01 -4.5504711990e-01 1.9762132019e-01 -1.8093275640e-01 6.9857443821e-02 1.3439369968e-01 8.2584942349e-02 -1.7940568250e-01 3.4369324241e-01 -2.5453109942e-01 1.7452545316e-01 -2.4784135155e-01 -5.6668303878e-02 -3.0485363198e-01 -3.9596774879e-02 8.5442941469e-02 3.7964341782e-01 -8.5219745794e-02 2.2537116101e-01 -2.0227988991e-01
-3.0045719791e-01 -1.3367151996e-01 2.4393477334e-01 1.0823075746e-01 1.4350169251e-01 6.0855562486e-02 -3.8065645454e-02 -7.1813374425e-02 -3.3832393733e-01 -1.4151859346e-01 -9.4855078379e-02 1.0272946615e-01 -1.4411784846e-01 5.1590935715e-01 4.7585756936e-01 1.9386991424e-01 1.3650362477e-02 -4.9941107889e-02 1.5082826181e-01 3.5453731923e-01
7.8736626400e-02 5.6416637229e-02 1.2363146394e-02 5.7940698510e-01 -6.8640775818e-01 3.1003934101e-01 4.6695962055e-01 1.3605475077e-01 2.6528578967e-01 -2.0349858215e-01 1.6656453371e-01 1.2514406529e-01 -1.1386409920e-01 -2.3266790416e-01 9.2690301985e-02 -3.0127211805e-01 3.7293053918e-01 1.1449565849e-01 1.8063325568e-01 2.8799128045e-01
-2.0882139495e-01 -1.8838570020e-01 -1.3784120901e-01 -4.6992984717e-01 6.2099272109e-02 -3.1931159308e-02 6.9013578688e-02 -2.3806250891e-02 -7.3653905314e-02 3.5443175948e-01 1.1730077458e-01 -1.5027872199e-01 -5.2957944032e-01 -2.0786982165e-02 7.4818863000e-02 -9.8229306031e-02 -1.0651855786e-01 5.2161791527e-01 -3.7121322278e-01 6.5438897193e-03
-1.2567360930e-02 -2.3762306972e-02 1.0384369752e-01 -8.2791464071e-02 -2.3678446625e-01 5.4009757243e-02 2.1814052896e-01 4.4001508858e-01 1.8174993501e-01 3.0748285616e-01 -1.8811305019e-01 2.9700093456e-02 1.1365882683e-01 9.9277416196e-02 3.2952515511e-02 3.2876793630e-01 2.3070725159e-01 1.1015822647e-01 -1.9130408196e-02 5.9653689680e-01
1.7547111785e-01 -1.1782244412e-01 7.5179595959e-02 1.5863473028e-01 -1.1625168437e-01 5.6277422946e-01 2.6095058806e-01 -4.2165470716e-01 -1.3352845736e-01 -1.2949618673e-01 3.2762018406e-01 2.7733760132e-02 -1.1445658987e-01 -6.0939608013e-02 2.0133739085e-02 3.1195603563e-01 1.1708082839e-01 2.9382064023e-01 -7.4972945786e-02 6.0703753451e-02
-1.2374332151e-01 -6.4238796422e-02 -3.6354627648e-01 4.0008227103e-01 -1.4383513655e-01 -8.9803967202e-02 1.6087097459e-01 2.2563034303e-01 6.6805300873e-02 3.8397353814e-02 -1.4231379380e-01 -9.2743187031e-02 1.4761701715e-01 -4.6431616634e-02 3.7023909250e-01 4.8949645272e-01 2.4552975452e-01 -1.1823923087e-01 -4.6845061330e-01 -8.0131292395e-02
-6.7690704467e-02 -4.7161119662e-01 -4.7586533992e-01 1.1171835216e-01 -2.0290281942e-01 -7.2793079785e-02 9.0807153186e-02 1.4593594756e-01 2.4629294418e-01 7.8477726404e-02 -1.2914628711e-01 -1.0897044185e-01 5.6930599813e-01 1.2280881325e-01 -1.5383634252e-01 1.8952584992e-01 3.7024011475e-01 -2.0000704955e-01 -1.5973557611e-01 1.6643379723e-01
-1.5242754548e-01 1.3037573572e-01 -5.3795143068e-03 -4.4914436787e-02 1.6584654317e-01 -7.9815465051e-02 1.8949297407e-01 -4.4658962861e-01 -5.3377881379e-01 -5.0490355662e-02 -3.7978562690e-01 4.1278995328e-02 2.6383733261e-01 -1.8600400265e-01 1.3532246056e-01 -2.3061001050e-01 4.7630313926e-02 -8.0762309344e-02 8.8495901861e-02 -1.1297201949e-02
-8.1705829360e-02 9.6930184850e-03 2.9365303182e-01 3.7608065597e-01 5.7823970562e-01 -3.4722939680e-01 -1.1274342643e-01 1.0114038898e-01 -1.2230112329e-01 3.2690932491e-01 -2.7162019680e-01 8.9930197362e-03 9.4940548103e-02 -2.2382069788e-01 4.2800361898e-02 2.1649351280e-01 6.0591074268e-02 -2.2811351663e-01 9.1242622233e-02 -2.3220452137e-01
-1.1968922346e-01 3.3761367233e-01 1.4314934543e-01 3.6058480350e-01 1.4015918510e-01 7.4807593788e-02 2.5054176983e-02 -1.4255727087e-01 -2.7600070517e-01 1.4693815936e-01 2.7409397694e-02 2.9179203199e-01 -1.9834933239e-01 -7.5999143036e-02 2.7180141782e-01 3.6977926793e-02 -1.2169727624e-01 -1.6535099766e-01 4.1307769241e-01 -5.6827181235e-01
2.5537993265e-01 -1.5168915116e-01 1.2893737825e-01 2.4142184123e-01 2.1459125917e-01 -2.9245724321e-01 1.7073298231e-01 -2.4200315755e-01 -6.0094017917e-01 3.2873356981e-01 3.2073953718e-01 4.4079814104e-02 2.4215053253e-01 -3.7303094434e-01 -1.1607239366e-01 -3.6946927662e-02 2.2181106719e-02 -1.4918407640e-01 -1.0285546425e-01 2.8836763796e-01
8.5782732968e-02 -2.4775180478e-02 2.0926245984e-01 1.6825125294e-01 9.7444349801e-02 1.4631919947e-01 -3.3756580528e-01 3.6615290890e-01 2.8216205912e-01 9.3890375415e-02 2.2741569204e-01 -1.6206898858e-01 -1.2796474529e-02 5.7060653734e-02 6.4849808624e-02 -1.1569793908e-01 7.2324678712e-02 3.7420432411e-01 1.9193680209e-01 -1.5699435708e-01
