2.2124254564e-01 6.4758212856e-02 -3.5224966734e-02 -4.7719924124e-01 2.9681026689e-01 -1.0069733465e-01 -2.4018185433e-01 -1.4219609942e-01 1.6008713386e-01 -5.3799859000e-01 3.3226266048e-01 -5.4665236579e-02 -3.8684840039e-01 -2.4459965668e-01 -5.1674842904e-02 3.3835947768e-01 -2.2292997341e-01 -2.2426206760e-01 -2.0298155026e-02 -1.0980972587e-01
1.5383997773e-02 -1.1535624081e-01 6.7016912406e-02 1.2407570734e-01 -7.2067975458e-01 1.3199406426e-02 -8.7802013592e-02 -3.2168414873e-01 -1.2172631243e-01 1.7706998626e-01 1.5335826887e-01 -1.4110476496e-01 1.5967809607e-01 -2.0145012575e-01 -7.7840023454e-02 -4.2176365052e-02 -1.2324492579e-01 6.3127044313e-02 1.8249406622e-01 -1.5600473752e-01
-1.0549183802e-02 2.7973805800e-01 -1.4193292796e-01 -2.3858615594e-01 -5.0025231688e-01 2.0607794584e-01 3.1965074126e-01 4.4260614131e-01 1.2550592742e-01 1.7771215407e-01 -2.8124676110e-01 -2.6877490203e-01 2.1250567888e-01 6.1839738109e-02 -8.1971005295e-02 5.5732339565e-02 -9.0589314058e-02 -1.9285386166e-01 3.9451370281e-01 1.4824562535e-01
1.1085948706e-01 3.3123593077e-01 -5.4660583288e-02 -1.3679958663e-01 -1.1353988359e-01 -9.8410265162e-02 1.6272217647e-01 2.8519209327e-01 1.8047064701e-01 -1.4831440142e-01 1.7022332546e-01 -9.0820774890e-02 -5.7254350862e-02 -3.3040710068e-01 -5.8832683381e-02 -1.7876525313e-01 7.9781954627e-03 5.2756974791e-02 5.3475200215e-02 -2.5318130302e-01
-6.2718937831e-02 -1.9616900899e-01 -2.6227233306e-01 2.9941043580e-02 -4.5167452091e-01 -1.0882680309e-01 2.9314137363e-02 -1.5291011110e-01 -3.2683944756e-01 2.4432051837e-02 2.0562084042e-01 1.8256922412e-01 4.4851015202e-02 3.0236551485e-01 1.0131358931e-01 -3.0504991252e-01 -2.2904978500e-01 2.1882972999e-02 -2.1642233153e-01 -1.9707039705e-02
-1.7952037573e-01 -1.7877721591e-01 -7.6008287533e-02 -7.6846003999e-02 -1.2020122999e-01 2.2124677362e-01 4.0841926537e-02 7.9402132931e-02 -2.0548520439e-01 9.2361867829e-02 -2.7184309037e-01 -1.2821792176e-01 4.3056884608e-02 3.1479587700e-01 -2.1879357495e-01 1.6916452651e-01 2.6510550105e-01 -5.3421951050e-01 -1.3013786852e-01 -4.2314229157e-02
6.0639406218e-02 2.0796197510e-02 2.7405372659e-01 7.9286215577e-03 -2.5397772300e-02 5.5405574920e-01 -3.4973582427e-01 2.3339912167e-01 -9.5028542478e-03 2.1429159470e-01 2.0442832136e-01 2.2878946110e-01 8.7630100558e-02 -8.8800521048e-02 -1.9381249856e-01 -1.5091156920e-01 -8.1816022096e-02 1.7179803752e-01 6.0721376770e-02 -9.6883546948e-02
-3.9795557877e-02 8.7564885649e-02 -2.3216685020e-01 8.0036802556e-02 1.6961848963e-02 1.1750523518e-01 2.8200482401e-01 5.1142485398e-01 3.0699087414e-02 1.3216258389e-01 -5.6352167670e-02 -1.4945768241e-01 1.2478668553e-01 1.0286588539e-01 -2.2862131795e-01 1.5219737827e-01 1.1676073908e-01 5.3332069944e-03 1.7916973133e-01 -1.8188971687e-02
-1.0170298796e-01 -1.2954261580e-01 -1.9139497985e-01 9.4401955413e-02 3.9048106283e-02 5.7591100130e-02 1.6553266543e-01 -3.5156282534e-01 1.2450911264e-01 -2.7067109957e-01 1.4565736269e-02 -6.0887277026e-02 7.0911108741e-02 9.2840085510e-02 7.8629194926e-01 2.1857501656e-01 -1.8909392127e-02 -7.7034697053e-03 6.6346060537e-02 -1.7715354909e-01
1.2790305249e-01 3.4068255613e-02 -1.0743993961e-01 1.5945011832e-01 -3.2202997879e-01 1.0196051613e-01 5.4889231533e-01 -1.4403355434e-01 -3.3790773167e-01 2.2883444256e-01 8.5074277873e-03 -3.5644658371e-02 -6.2812851001e-01 3.0292353476e-01 5.4559584272e-02 4.7914755327e-01 -4.8245322890e-02 4.4245703998e-01 -2.6284661035e-01 -5.8086360777e-02
6.5745240549e-02 6.6114229720e-03 3.6095096194e-01 -4.2833564192e-01 3.7061445781e-01 1.2400836481e-01 -7.3063925268e-02 1.9158450652e-01 3.5762287460e-01 -4.7427271659e-02 2.5173879332e-01 5.0418162020e-01 6.0850518744e-02 2.1567862023e-01 -1.4615754234e-02 -1.3514305444e-01 1.0886824754e-01 -1.5429315722e-01 -1.1708201828e-01 -5.4003835327e-01
3.9108743448e-01 2.4154441342e-01 1.4785926173e-01 6.9373713911e-02 9.2347484671e-02 1.2268622751e-01 -3.5962195553e-01 -2.7038307458e-01 6.5889827546e-02 1.5573035794e-01 -2.5132702541e-01 -1.2307425684e-01 2.2119915384e-01 -7.6774510343e-03 1.8408392838e-01 7.3382733280e-02 -3.5356734386e-01 -3.3820927721e-02 2.4818061686e-01 2.3650992967e-01
2.1083901748e-01 1.9767535619e-01 -4.2748762829e-01 1.9442888170e-01 -3.4805162797e-01 -1.9687619451e-01 2.0701689057e-01 -3.8264339011e-01 -2.7512491615e-01 -2.9149546403e-01 1.0820209873e-01 -3.3503819885e-01 -1.7710174840e-01 -1.3698624105e-01 3.6377555484e-01 1.2897522515e-01 9.5260163901e-02 1.8674902796e-01 1.2528119565e-01 1.7859816624e-01
-1.4752604033e-01 -1.1210112785e-01 4.2054796079e-02 -1.2065411394e-02 -1.0115338165e-01 1.2161310879e-01 7.3322371749e-02 5.3472571381e-02 7.8275925194e-02 3.9089039953e-03 1.4018682078e-01 -5.7512488482e-02 8.6198182260e-03 3.2222945086e-02 -3.3678403337e-01 5.5763159791e-02 -4.7716978223e-01 -1.9555785223e-02 -1.4863834932e-01 3.9881583632e-02
2.4731890040e-02 -9.4441889570e-02 2.0223596163e-01 -3.0383309599e-01 3.1912940504e-01 -5.7926956628e-02 2.0155440539e-01 1.0987465044e-01 2.2376246933e-02 -3.9070236875e-03 9.2686074654e-02 7.9680123904e-02 -1.8092114785e-01 -1.3554886601e-01 8.5484184926e-02 1.3687892961e-01 -2.7831646738e-01 -2.2005912529e-01 3.2779700647e-02 1.3284320205e-01
3.0783246103e-03 3.1262595499e-01 -1.9274910431e-03 -2.8961826137e-01 3.0293574723e-01 1.2395962199e-01 3.1271496979e-01 -4.0101327681e-01 -4.0101775488e-02 4.1681560789e-01 -3.7293537575e-01 -4.8054789154e-02 -3.7768986463e-01 -2.7511381549e-02 1.8197169204e-01 -4.2866652230e-01 3.7058735302e-01 -2.8974938487e-01 7.0349437961e-01 4.5442680999e-01
-3.6613924002e-01 -4.1156293349e-01 -2.0028951934e-02 2.1493820911e-01 -1.0070703413e-01 -2.3756998370e-01 -3.0505966872e-03 1.2352199549e-01 2.1784842363e-01 5.4344097320e-02 -1.7095632741e-01 -2.6890183581e-01 2.8341978054e-02 1.5844424868e-01 3.1202169543e-01 -6.1426228642e-01 1.5424522355e-01 4.3969782170e-01 2.2722918965e-01 1.2346043408e-01
3.4039987151e-01 3.3213540020e-01 7.4081810356e-02 -4.0073625651e-01 4.4745683144e-02 1.4894916721e-01 7.7656663398e-02 -8.2769627013e-02 -4.1615910317e-02 -4.0342310104e-01 9.4818417813e-02 -1.2365445129e-01 6.5325856111e-02 -1.7148595966e-01 7.1116670749e-02 -3.7099171139e-01 -1.0254100065e-01 2.5578966263e-01 -6.3651428003e-02 1.1623241189e-01
2.3488657769e-01 3.5967810153e-02 -1.8570832610e-01 -4.1387002283e-01 -5.2609767081e-02 -3.6427675616e-02 7.5131587739e-03 -3.6845993992e-01 4.5369830338e-02 3.5938703742e-01 -2.5496770181e-01 3.6417421435e-01 -2.0137787752e-01 3.8595849482e-01 5.9836513257e-02 -3.8832698014e-01 5.4273844072e-02 -4.1961721512e-01 1.9566667962e-01 1.0513009162e-01
2.7851205677e-01 -3.1932488733e-02 -3.0953846401e-01 -1.7098914628e-01 1.9624018723e-02 2.7025001443e-01 1.0396670808e-01 -4.4228203003e-02 1.7923010331e-02 4.0849784620e-02 1.3914506104e-01 -4.5028145783e-01 2.6062864250e-03 1.2053453018e-01 8.7587581784e-02 2.8195981440e-01 -2.9333787563e-01 1.9723598479e-01 -1.5702768109e-01 -3.6200729328e-01
