2.6547188506e-01 -6.2009500832e-02 9.0000621916e-02 3.2961710698e-01 -1.3209050485e-01 -7.1188690704e-02 1.0742401706e-02 7.9595771557e-02 -4.7850905513e-02 -1.9400474601e-02 3.8550149969e-01 1.3409661512e-01 -3.5219790877e-01 -1.0126682386e-01 1.6994905936e-01 -2.6894676748e-02 -3.4918112793e-01 5.5139850688e-02 5.1935087709e-02 -4.3608903909e-01
8.5591595817e-02 -1.8218000445e-01 -5.6695583909e-02 -1.7801550118e-01 2.6553275580e-01 1.7444283245e-01 2.3962483986e-01 -3.0336319606e-01 1.3504499470e-02 -6.8330329337e-02 -1.1762800523e-02 -3.3723627504e-02 -2.8556239754e-02 5.8484810785e-01 -6.8383312553e-02 -6.6393894881e-02 -1.7708317728e-01 -4.0316453943e-01 1.4121477715e-01 -2.1322959963e-02
-1.1811186702e-01 3.0471914112e-03 1.1652588611e-01 -1.3284273491e-01 1.2999977160e-01 2.1445971302e-01 -4.1581095810e-01 -4.0792342346e-01 -1.6185223598e-01 8.6732904814e-02 -1.8237737251e-03 2.6624473811e-01 2.6260385289e-01 -1.9895444347e-02 -3.9866592672e-02 3.0003232140e-01 7.0131432531e-02 2.6830959009e-01 4.2819599713e-02 -1.7976817478e-02
-5.3914418171e-01 -4.0973275222e-01 -3.1068790247e-01 -1.8256275751e-01 -2.8457747737e-01 1.2305314871e-01 2.6314531419e-01 -2.5208816918e-01 -2.5652908761e-02 -2.5761139168e-01 2.1985584390e-01 -1.1251653464e-01 -2.3225643721e-01 -1.5178118922e-01 -2.4935859223e-01 6.7286566844e-02 -2.8723126198e-01 2.0577928247e-01 3.0928858507e-01 -1.4503142638e-01
-9.6530820881e-02 8.5402916305e-02 -1.4463515982e-01 -6.6347656310e-02 2.2661429216e-01 2.4772351141e-02 3.9960096730e-01 2.0804072708e-01 -2.3832227914e-01 -4.3959722177e-01 -5.7851024564e-02 4.2688654907e-01 -2.8551991372e-01 1.6250189869e-01 1.7119011582e-02 4.6971031695e-02 6.8242267067e-02 -3.7158990968e-01 3.5330856441e-01 7.6652227061e-02
1.3213315936e-01 7.2302463524e-02 1.4446270433e-01 4.6267509772e-01 8.7658432521e-02 2.5601550613e-01 -1.2453333032e-03 1.3355725567e-01 1.6745090818e-01 1.1737243576e-02 -6.0716944153e-01 1.4419262524e-01 -3.9262158202e-02 -1.2829106012e-01 3.7580715437e-01 1.7108512345e-01 1.1399895287e-01 -1.2385278114e-02 -5.2334497392e-01 1.7376896524e-01
-6.0588192615e-02 4.3378102690e-01 1.0969007799e-01 3.2464720801e-01 -5.6798110045e-01 -4.9735132083e-02 -2.9168780697e-01 -1.0063247821e-01 -3.4807368014e-02 -5.9349873150e-02 -2.6526751909e-01 -8.3934045100e-03 7.9561521402e-02 -2.2686050861e-01 2.1871243848e-01 1.8905062550e-01 2.6336696451e-01 -7.4105132495e-02 3.2662614148e-01 -1.7744286775e-01
-1.3352912056e-01 5.0407167544e-01 4.9847931158e-02 3.5099959724e-01 -1.3721653706e-01 3.2969534854e-01 -3.7207557252e-01 1.4629384336e-02 1.6863601753e-01 -1.6334044023e-02 -5.4612184877e-02 -4.8839696327e-02 -4.7297292855e-01 3.4518033752e-01 1.5453378203e-02 -4.0263380992e-01 3.0028611075e-01 3.7241615686e-01 1.8295476231e-01 1.6808828381e-01
-3.8034457278e-01 1.6046863819e-01 5.1120025338e-01 -1.3236501463e-02 1.5137448859e-01 1.2186238757e-03 -7.9508166891e-02 -8.3451942271e-02 2.2417898334e-01 3.0369621677e-01 1.0279473399e-01 5.9417611666e-02 6.8052540844e-02 2.5558996411e-01 8.0178306708e-02 -2.6775944163e-01 -5.2633876403e-02 3.9160482956e-01 9.1957609276e-02 1.7821692132e-01
-3.5915621370e-01 1.2022377843e-01 1.3432805820e-01 -2.9016609045e-01 -3.8111352824e-01 -5.3447714239e-01 3.6227961689e-01 -5.3204524399e-02 3.0224647222e-01 2.1997084614e-01 -1.2255356990e-01 -1.2041265555e-01 -3.6969621824e-01 -1.5263398943e-01 1.7721193747e-01 -2.0739984450e-01 -5.8699266508e-01 -8.5022306507e-02 -2.6097454957e-01 -1.5008258942e-01
5.6814435336e-01 4.3500967222e-01 2.6986824669e-01 -1.6289761058e-01 9.1600157334e-02 -1.6179863099e-01 -7.7061063423e-01 -3.9342242217e-02 -3.2588112152e-02 -2.9695081443e-01 -2.3383483819e-01 4.0704815970e-01 1.8410588360e-01 -5.1808890127e-01 -1.1195876036e-01 1.0493640054e-01 -2.0158261762e-01 3.0031297097e-01 -9.2555401366e-02 -1.2884461659e-01
-1.8301318297e-01 1.3368367702e-01 -8.0136138233e-02 -2.0909390410e-03 2.2733745673e-02 -1.2218796387e-01 3.7523492510e-01 2.8284528220e-01 -2.5489513170e-01 -5.2431112266e-03 -2.2133806045e-01 -2.6344741727e-01 -8.6670933797e-02 2.5577868521e-01 -3.6224541248e-01 -2.4203434251e-01 -2.7437736760e-01 5.0264809527e-02 -9.9911728955e-02 -3.0550269864e-01
3.0713079328e-01 -1.1398864208e-02 -6.4202701596e-02 1.9212833443e-01 2.7016408808e-02 -3.5636024435e-01 -2.9334805454e-01 -1.2578328871e-01 1.8274603987e-02 3.8792202080e-02 2.2144790652e-01 1.0230815831e-01 -1.5372147127e-01 1.8858925607e-01 2.1196752252e-01 -3.2229672693e-01 -1.1475129287e-01 1.0110616431e-01 -1.1809283817e-01 1.5830814723e-01
-1.4438496029e-01 -9.5296807455e-02 -3.4198134903e-01 3.8037525443e-01 4.9239165138e-02 -1.8589799082e-01 1.0310954984e-01 1.7959626548e-01 -2.7424830826e-01 -3.8708769795e-01 1.2156825310e-01 -8.1756741658e-02 -1.4418848300e-01 1.2658731677e-01 2.1780153383e-01 -2.1610865637e-01 2.4098980996e-01 -3.5213434596e-01 -3.0337666678e-01 -4.5104693818e-02
1.9521576443e-02 3.5640008313e-01 3.2397713034e-01 -8.0199308166e-02 2.1143529883e-02 -1.0130400989e-01 1.4592548624e-02 -5.4014887390e-01 9.9841493955e-02 1.8888115350e-01 -3.2725001424e-01 -1.4080559778e-01 -2.7844648363e-01 1.2692985603e-04 1.9395090033e-01 3.3231566808e-01 -1.1531290953e-01 -3.3020071552e-01 2.5077722259e-01 4.7253340119e-01
-5.7422768305e-02 -2.9004110268e-01 3.0725443815e-01 -4.6391895560e-01 -1.9821439124e-01 2.0414251291e-01 3.6732609723e-01 2.9340639485e-01 2.2802107358e-01 1.5938500061e-01 -9.3813777792e-03 1.7163782983e-01 1.4246461355e-01 3.3633951528e-01 -7.4509367645e-02 3.5533633509e-02 -1.6601774773e-01 -3.1869057147e-01 1.0603009797e-01 5.4388591124e-02
-1.1176471102e-01 1.7833040636e-01 -1.7104137341e-01 1.8135456793e-01 3.0124833139e-02 -3.1522367374e-01 1.7762127874e-01 6.9741965400e-02 -3.4394217248e-01 2.3364702468e-01 1.4444120959e-01 4.5687586596e-02 -1.0462529339e-01 -3.9414220262e-02 -3.5631193003e-01 -1.0395059627e-01 3.6404161292e-02 1.7875742546e-01 -1.7589525216e-01 -3.8775654192e-01
4.9150240296e-02 -2.9297103642e-01 -7.0061552806e-01 5.3568418176e-01 -2.1401272155e-01 -7.9543150649e-02 -9.9996484551e-02 1.0233751038e-01 -1.5354105368e-01 -2.7750582055e-02 -4.5649568428e-03 3.8205088516e-01 2.0502428299e-01 3.6990527728e-01 -2.5322677775e-01 1.0853464739e-01 -2.5656462096e-01 3.1923216026e-01 -6.5962753932e-01 -2.1147077842e-01
4.9681667396e-01 -2.2603719014e-01 -3.1935176080e-01 8.4556294628e-02 -1.3435187369e-01 -9.8966461922e-02 -3.1355690373e-01 3.6291961254e-03 4.4032459428e-01 4.5160169334e-01 -1.3193773526e-02 -1.2107282891e-01 -2.3971322290e-01 -9.2819372859e-03 2.9110572824e-02 1.2803664823e-01 4.2441259932e-02 5.4242680167e-01 -1.6371322665e-01 -3.1526906863e-01
-1.6801752978e-01 -3.9260751633e-02 -8.1216547288e-02 7.2854269429e-02 4.2949953145e-02 2.4175894112e-01 -1.0361240721e-01 6.8296199918e-02 4.9122157507e-01 3.2560681380e-01 1.6748615061e-01 2.1802740426e-01 2.6197819709e-02 -2.0287806893e-01 -1.8330057284e-01 2.2695281372e-01 2.0538404581e-01 2.9372539613e-01 -1.1942395730e-01 -2.0038646837e-01
