1.3539107636e-01 -1.8627187562e-01 -1.7534380332e-01 -4.0640509162e-03 -2.5374742649e-01 3.8069375262e-01 -3.0412898619e-01 1.1200127693e-01 8.7142683083e-02 -6.3389403472e-02 1.0667540571e-01 -1.9079211804e-01 3.9357097307e-01 -2.8527945385e-01 3.9501008381e-02 -4.1841747884e-01 1.5274253249e-02 2.9212707526e-01 -2.6082646127e-01 -1.1537534303e-01
4.7970735875e-01 8.0662834287e-03 2.9483010612e-01 1.7347007466e-02 -3.4454623744e-01 1.9803215835e-01 -1.0052385713e-01 -6.9532932175e-02 -1.2301667967e-01 -2.6502202102e-01 5.7696730446e-02 -3.8322106013e-01 9.5865060908e-02 2.7895230469e-01 -3.0126353350e-01 -2.6076077634e-02 1.0359504633e-01 -1.1913846325e-01 7.5944551115e-02 -1.8132320013e-01
7.6086850276e-02 3.0999207629e-01 -1.6607770684e-02 -2.0425031516e-01 3.1029037619e-01 -1.9707736238e-01 -1.2317433521e-01 4.5018853572e-01 2.1912472058e-01 2.2637604342e-01 2.8972899261e-01 1.7533514503e-01 4.5749302633e-01 -5.9312851503e-01 4.9640493154e-01 -2.1574622358e-01 -1.1791160449e-01 5.3269327059e-01 -3.4281664773e-01 -1.5141826537e-01
2.6271368921e-01 -3.1919111467e-01 9.4792003328e-02 5.4967617896e-03 3.6009005831e-02 -2.6520716603e-04 2.1067001056e-02 -7.3462254024e-02 -9.6447458863e-02 -3.0324711026e-02 -2.4422548695e-03 -2.7806758308e-01 4.4050073236e-01 9.2979020768e-02 3.8565118967e-01 -4.6723393055e-01 -1.3304727023e-01 4.1803472888e-01 -4.4763899840e-01 -2.9515044802e-02
5.4443574389e-01 -3.6443317936e-01 -2.0982006839e-01 6.9873177766e-02 -1.8419707080e-02 1.3996195160e-01 8.6929474010e-02 2.5924891164e-02 -4.3622864775e-02 1.5054826996e-02 -2.0743298851e-01 -2.6467811808e-03 4.0887371050e-01 2.0288246180e-01 1.6041984279e-01 -7.6896398328e-02 -7.3331978647e-02 2.0169025469e-03 1.8344022961e-02 -2.3853030018e-01
-1.5521609293e-01 -1.1857287040e-01 -2.0120923708e-01 4.4606286527e-01 1.8165988452e-02 -2.7137908968e-01 -2.6845109098e-02 1.4717400388e-01 2.8656346126e-02 5.5289298450e-01 -6.1229109603e-04 -2.8787137124e-01 -3.0916856618e-02 7.9107417440e-02 -1.3433461031e-02 1.5143428595e-01 1.6469320974e-01 2.0374326863e-02 5.6981913415e-03 -2.4067592698e-01
2.5441938614e-02 4.3699522738e-01 -1.9292456808e-01 -1.6885121048e-01 -4.0611367265e-01 1.8997065338e-01 3.1852451020e-01 -5.2857118372e-01 4.4680143192e-02 -5.9916660546e-01 1.0116614524e-01 -1.7572014619e-01 -6.9082814648e-02 7.3744525682e-03 2.4322608236e-02 -2.7361364174e-01 1.5752189607e-01 -5.3005319765e-02 -1.4709688712e-01 1.6901161353e-01
-2.2100705109e-01 1.2171482882e-01 3.8952314792e-01 7.8499668940e-02 1.5881678423e-01 -5.1192310481e-02 1.5891825957e-01 1.6938308144e-01 -1.7749134266e-01 3.2947345075e-01 -3.2234171660e-01 2.1834434116e-01 -8.1169752448e-03 4.0231712562e-01 -3.2666257310e-02 1.3716266544e-01 9.0956420577e-02 -1.1076316940e-01 9.0034666538e-02 2.2833208510e-01
1.1011301274e-01 4.1886993768e-01 -1.8780275251e-01 1.6287378939e-01 7.8569050943e-03 1.7736061464e-01 2.5446523616e-02 -4.2170242642e-02 -3.4674909109e-01 2.1923852351e-01 3.3477993194e-01 -2.8234036507e-02 1.6736367617e-02 -6.5722295109e-01 1.6352821845e-01 -6.0162018193e-01 3.0121809342e-02 2.2180159834e-01 -1.5498000020e-01 -8.6080561572e-02
1.7509314756e-01 -2.4688430593e-02 3.7051625121e-01 2.1313556125e-01 4.2305975228e-03 6.8755124568e-02 3.6536942731e-01 -2.0655830603e-01 1.5612677069e-01 -3.1791660914e-01 -9.0857276244e-02 -1.6863875130e-01 3.1016317856e-01 2.8522605388e-01 -2.0141215661e-02 -1.3691828640e-01 1.9904099739e-02 -1.0762400251e-01 -2.6744682562e-01 -1.2588688568e-02
-3.0751231916e-01 -3.5345447453e-01 -1.6833037355e-01 7.6560779482e-02 -3.5705175101e-01 2.2899627386e-01 -1.1249662109e-01 1.7646116058e-01 1.7695234432e-01 -9.0113571757e-03 -1.8200245256e-01 3.8829464401e-01 -1.8479490358e-01 1.8175236949e-01 -7.4058259626e-02 -2.3001421230e-03 -3.1599265587e-01 4.0339821864e-01 -1.2570780688e-01 1.1946709442e-01
2.1165157367e-02 -5.0818113320e-01 1.0723977997e-01 -2.8615584079e-02 -7.5849943400e-02 -4.4016082546e-01 -1.9321359317e-01 -1.3590265906e-01 3.1176198332e-01 2.4229920654e-01 -1.1891664202e-01 4.8237146477e-02 2.9712348361e-01 -6.9628511913e-02 -2.1447142093e-01 1.6109487418e-01 3.2669727441e-01 -5.0194798601e-01 2.1535103752e-01 3.3651184092e-01
5.7256623022e-02 4.5186684612e-02 3.8653186311e-01 -2.5315943039e-01 -3.4106424350e-01 -1.1714771269e-01 1.5213183670e-01 2.3740124665e-01 -5.6213802610e-03 2.8616857348e-01 -1.0868798745e-01 -2.9937267626e-01 -2.7861405668e-01 -8.6597236358e-02 6.0710213898e-01 1.8245243029e-01 -9.3649740234e-02 3.1111619460e-01 5.7112005896e-01 2.5116823184e-01
-3.1916611667e-02 1.0414873017e-01 1.0776829059e-01 7.9768381131e-03 -1.0799816478e-01 -1.7173248434e-01 -1.0696298938e-02 4.3381036853e-02 -4.0537784084e-02 1.1483624846e-02 3.2716212303e-02 1.2889162998e-01 -1.3938696674e-01 9.5968087152e-02 1.2176375078e-01 -5.4518558513e-02 3.0537214710e-01 1.6368709894e-01 -1.1407156359e-01 -7.8566743600e-02
-8.9679800680e-02 1.0038730694e-01 -8.8846530501e-02 -2.0815582885e-01 4.6615324778e-02 -7.0004765772e-02 1.6665618590e-01 -1.4899951518e-01 -1.0923556891e-01 4.1585451864e-01 -4.3886368980e-02 4.1149627731e-02 -1.8984476965e-01 -2.9274674591e-01 3.6651535924e-01 2.6060500738e-01 -5.7689817741e-01 2.9459606700e-01 -3.6749004935e-02 -2.9183545273e-02
-2.0047694379e-01 -7.2316114654e-01 -7.6599716029e-02 -1.8005716136e-01 -1.0011146330e-01 -1.0006323075e-01 2.5482001892e-02 1.5285661199e-01 -1.6199731427e-01 3.0780579564e-01 2.4765981033e-01 -3.8215648719e-02 -6.4618959934e-02 1.9964008208e-02 1.5559637617e-02 2.4361824849e-01 1.0322684598e-01 5.1133320244e-01 3.8431403995e-02 -4.3928861676e-01
-2.2418366854e-02 -5.3831553080e-02 4.8819934619e-02 1.0752370315e-01 -7.5033877839e-02 8.1801170926e-02 6.0029877290e-02 -8.2301016626e-02 1.5938406100e-01 1.4806161605e-01 1.8519255891e-01 -1.8146645615e-01 1.7779899876e-01 -6.7300757467e-02 8.2184065721e-02 1.4244744871e-01 1.2648516769e-01 3.9612086457e-01 1.2885525879e-01 -4.0472121356e-01
1.2239036061e-02 3.7614364075e-02 1.1715953421e-01 -3.2397572591e-01 -1.2580473228e-01 -1.7200554968e-01 1.0866210716e-01 5.7479149280e-02 6.5649721387e-01 1.8906479962e-01 3.9752788495e-01 1.8381904565e-01 3.9176041774e-01 3.1715241097e-01 8.4207655163e-02 -3.5274102925e-01 -3.4078212419e-01 -6.9066510633e-04 -4.3061558392e-02 -1.5320207234e-01
-1.4288584421e-01 5.9068051497e-01 6.6628323062e-02 3.7910921212e-01 2.8501860599e-01 7.0823336243e-02 2.1790428836e-01 -7.7929248773e-02 1.5453189119e-01 -7.1386808548e-02 -2.3482175613e-01 5.5804912525e-02 -1.5521203121e-01 9.3125066191e-02 -6.9139974868e-01 -7.1909158691e-02 -5.5958638072e-01 -1.2498152023e-01 1.7327206924e-02 5.0036247869e-01
-3.0739243604e-01 1.1013090455e-01 -2.8169133267e-01 1.1666695279e-01 4.0222814547e-02 -1.7895956454e-01 -1.1325493605e-01 -5.0105930601e-01 -2.7102406748e-01 -1.2614465365e-01 2.3609823123e-01 -1.3368626135e-01 -1.1615825472e-01 -2.0839072307e-01 3.1673202605e-01 3.4529543351e-02 3.1927897936e-02 -1.0310299796e-02 -1.7303830197e-02 2.6823770342e-01
