-7.1740247616e-01 -2.5381287965e-01 2.4972325467e-01 1.6054506140e-01 -1.7052803462e-01 3.9841112528e-02 -8.3484654996e-01 -1.6283405083e-01 2.5918518770e-01 -1.1807446553e-01
5.0324722269e-01 -4.6312141717e-01 -1.3015954670e-01 -1.3444157931e-01 -1.5908999486e-01 8.0616379210e-02 1.7313294907e-01 7.1207427296e-02 3.8873894045e-01 -3.8864529281e-01
3.3123826385e-01 -1.6695211329e-03 1.3881611588e-01 -4.1051122933e-01 -6.9758615979e-01 -2.5036045673e-01 -3.8530707626e-01 -4.3858382814e-01 -1.8590150840e-01 4.8186879808e-01
6.0823329194e-01 2.1659873897e-01 -3.5748176562e-01 -2.5963012812e-01 -5.5745586391e-01 5.1637113636e-01 -1.1499728001e-01 -1.3296149668e-02 2.3694188077e-01 -6.2899754135e-02
-5.6169290295e-01 -3.2332567647e-01 -2.4209992450e-01 1.6593195285e-01 5.5071808626e-01 7.1185370264e-02 -2.6969768701e-01 -3.0059145299e-02 1.1024389749e-01 -3.8892617643e-01
-4.2380411926e-01 1.3843874219e-01 -1.5151681151e-01 2.7547490121e-01 -2.4442009905e-01 -2.5539443026e-01 1.4212928494e-01 4.8939672286e-01 2.9128538848e-01 -2.3123919243e-01
4.2835458943e-02 -3.2018993444e-01 -7.2980849819e-02 1.1601074123e-01 2.2370053979e-01 2.0853574451e-01 5.8714491485e-02 1.3453152802e-01 2.4180836393e-01 -1.1907225976e-01
-3.0314488412e-03 4.7862420608e-03 -3.4964510760e-02 -1.4081358488e-01 -1.9762442952e-01 -2.8369546339e-01 -3.5047566893e-02 2.0782441614e-01 -5.2477142412e-01 1.7215742482e-01
2.6650016843e-01 -1.7430829366e-01 5.3019327358e-03 3.1427759862e-01 4.9420072801e-02 4.9993869046e-01 1.2275846961e-01 -6.6786090137e-02 2.6640779337e-01 -1.6657700052e-01
-4.3058035025e-01 1.4851900456e-01 2.4629221556e-01 3.1669704413e-01 -4.3193878836e-02 -1.8323187848e-01 -2.5304497292e-01 -4.4899196105e-01 6.6953665644e-02 -2.2371877352e-01
