-1.3911868407e-01 2.8894050305e-01 -1.1448156458e-01 5.9577220276e-02 -1.6267305498e-01 -3.4305808500e-01 5.9493736212e-02 5.7053847280e-01 -4.0998279007e-01 -2.2034012521e-01 -2.4514893009e-01 -1.1377070042e-02 -3.9001750313e-01 3.3393574649e-01 -2.5728854688e-01 4.3616766725e-01 -4.7054516171e-01 -2.1506853658e-01 -1.6642565486e-01 -6.1079281817e-02
1.4600320926e-01 3.7618996503e-01 2.0738496434e-02 3.2001496302e-01 1.8039246712e-01 -2.3616824307e-01 2.3236437383e-01 -1.3307784353e-01 8.5166049773e-02 -1.4052212742e-01 2.3010030472e-01 1.7632990576e-01 4.0913815656e-01 1.5099718902e-01 1.3035000204e-01 1.4575345541e-01 -1.5695943176e-01 -1.2584052540e-01 3.6992043218e-01 -1.1080239322e-01
-1.1451492478e-01 -4.0548819233e-01 -3.3476544035e-01 9.7028339040e-02 7.4007307628e-02 4.1587165301e-02 -7.8254154849e-02 -6.5307119835e-02 1.5876251290e-01 -6.6995980016e-02 1.5625014462e-01 -2.9987036659e-01 -1.8046402322e-01 -1.1829785537e-01 -6.4157452090e-02 -3.2131291562e-01 4.8327086791e-02 1.9802840155e-01 -6.2019783760e-02 -1.5837623333e-01
2.8236916590e-02 -1.9404778643e-01 -1.7592402722e-01 2.8653476966e-02 4.0962935476e-01 2.5278914850e-01 -1.3682197777e-01 -5.7968473298e-01 -6.7929000782e-02 1.8515432802e-01 -2.1031995116e-01 -3.2118990183e-01 -2.9413819023e-01 3.2749777906e-01 4.8092991669e-02 -4.3475475317e-01 -3.6343428604e-03 4.0395043038e-01 1.2335144439e-01 -3.7681647952e-01
5.0590796247e-01 2.4896374740e-01 1.1634204979e-01 3.4301586767e-03 -1.4753718552e-02 -3.5609073071e-01 -3.1916047884e-01 -7.4976921194e-02 -2.8516002840e-01 1.2561384423e-01 6.0790337823e-02 -1.2102272603e-01 -1.8850240533e-02 1.2638492072e-01 -1.5148653022e-01 -1.0513325866e-01 -1.8777235337e-01 -6.3726936064e-03 -2.2893747230e-01 1.8434583920e-01
-2.0610282979e-01 2.3629674712e-01 -2.0625746378e-02 6.5745885883e-02 2.5140342700e-01 -4.1573772753e-01 -1.1977373423e-01 -1.8959095428e-01 -2.0824878372e-01 4.1738651814e-01 1.0154394198e-01 2.1309450585e-01 -1.6342854389e-01 3.3442975432e-01 2.8968814134e-01 1.3598373393e-01 3.1393045448e-01 2.8742860116e-01 -5.7300908571e-02 2.4059682284e-01
-1.8059412220e-01 -1.4029209020e-01 -2.2485790243e-01 -1.7610089000e-01 3.5239752327e-01 -3.9763813354e-02 1.5105331911e-01 -1.1461374402e-01 1.1314277740e-01 -4.9562800212e-02 -5.5751953835e-02 1.7361452470e-01 3.1169325434e-02 2.5514446824e-01 1.4559245095e-01 1.9284613280e-01 6.3792868650e-02 2.6090481884e-01 -1.6311809163e-01 -2.1409008359e-01
1.9190484972e-01 1.4219380266e-01 -2.1405716895e-01 3.3311769171e-01 9.6231170473e-02 1.5948490947e-01 -3.9359385062e-02 -2.7722573464e-01 5.5659758037e-02 -6.8540209656e-02 -3.8421830716e-02 1.0409492061e-01 1.2351031142e-01 -2.6016154775e-01 1.6519366688e-01 4.3042004769e-02 3.4807350604e-01 -1.7142009108e-01 -1.6844335922e-01 -5.4415812390e-02
-5.0385621166e-01 1.7101288380e-01 -4.8755069997e-01 1.3729610152e-01 -1.1868969673e-01 2.2761082142e-01 1.5062513431e-01 5.9595393514e-02 -1.6896104535e-01 2.3798433715e-03 -4.3297713041e-02 -1.8320075112e-01 -7.6467283683e-01 -3.6521378442e-02 -1.9284067493e-01 -2.9664219637e-01 1.4626820631e-01 1.0643122675e-01 -1.4239237061e-01 -1.1118001479e-02
-2.0409587171e-02 -5.9224866111e-02 8.7994801174e-02 -1.8887040092e-01 -1.1213741558e-01 -2.9800121531e-01 -1.2179583784e-01 1.5340487522e-01 6.6322148777e-02 -6.9114291144e-02 -1.6793193022e-01 2.8867941146e-02 -8.6224984283e-02 -3.8967064573e-01 -2.1483656357e-01 -1.5834949209e-01 1.2187419473e-01 -3.2702021685e-01 1.7748961254e-02 -2.7016311276e-01
3.8045312434e-01 -1.2494561621e-01 3.0015388199e-01 -1.3624120923e-01 1.9936454329e-02 -1.7432491976e-01 1.0272340438e-01 1.9217094835e-01 -1.5841976880e-03 2.9040753424e-01 7.1040328651e-02 3.7410647686e-01 -5.8486881079e-02 1.5553015349e-01 3.4667047973e-01 -2.7401746680e-01 9.4221334698e-02 -2.4136292173e-01 -3.9156184579e-02 1.0478400589e-01
1.2334598645e-01 -7.0254738797e-02 -8.8744643157e-02 2.1375168114e-01 1.4959410245e-01 1.0387705628e-01 -5.3974137273e-02 -2.1299615394e-01 9.1851090103e-03 -1.9887073046e-01 3.0018744534e-01 -3.2774709805e-01 -1.1468519087e-01 2.3350556986e-01 -2.5576535305e-01 6.4012857870e-02 1.7089149006e-01 5.3289942864e-02 -4.4069254008e-01 -2.8548979059e-01
3.0778614225e-01 2.0286277098e-01 1.1407742614e-01 3.5701012654e-01 3.2213822819e-01 -8.6994956438e-02 -1.4774756424e-01 2.5652620691e-01 -7.5312810703e-02 -1.9230850044e-02 -2.8257199552e-02 1.2272459900e-02 -1.6139496026e-01 -1.9448271208e-01 -1.4452338728e-01 1.5524156971e-01 -8.3536779023e-02 -2.3774981887e-01 1.7329125774e-01 -1.9212550126e-01
-4.1601865588e-01 8.7318655336e-02 -1.0365053715e-01 -2.4806910027e-01 4.2151360333e-02 -3.1956666489e-01 2.0218520628e-01 -3.5557011575e-01 -2.6883282281e-02 6.4340214858e-02 1.7352394126e-01 1.5831414534e-01 1.8626396660e-01 7.5881466019e-02 1.9798356003e-02 2.7401437584e-01 1.7025070673e-02 2.0487653027e-01 -1.2029560069e-01 -1.6069638027e-01
-3.0134812750e-01 1.5001884883e-01 -1.8506437221e-01 -9.5105257011e-02 -9.8700754592e-02 3.1892313057e-02 -7.9205924451e-02 1.3079386537e-02 -5.4165488750e-02 7.1070615405e-02 4.0189373532e-01 3.3760630777e-01 -7.8350402154e-02 1.8537510923e-01 6.7672232364e-02 1.6972082046e-01 -3.2181941430e-03 2.5473946343e-01 1.0699187198e-03 -1.5848905586e-01
-5.4409539284e-02 -4.2321527493e-01 -6.0191787582e-01 1.9927070144e-01 1.2786136795e-01 -1.7376286737e-02 -6.1736201730e-02 2.0109464289e-01 -2.1251901208e-01 8.2357000230e-02 9.0951445353e-02 -2.0359316815e-01 -4.5058545420e-01 1.7279048636e-01 -2.1437015375e-01 -3.7599663094e-01 4.6420778656e-01 -7.8823695240e-02 -3.8323985420e-01 1.4203437495e-01
2.8498304269e-02 1.4630194192e-01 -1.5541157557e-01 -5.8163608524e-02 2.6503350071e-01 4.2825878064e-03 3.3887437836e-02 -1.1744478860e-02 -2.6618346530e-02 -2.9967297414e-02 8.7702358311e-02 -5.4411954206e-01 4.6484029528e-02 8.4565192047e-02 8.6123459849e-02 -3.7746346841e-01 -8.8820346579e-02 1.5126892161e-01 -1.7611594458e-01 -1.5072861887e-01
-6.8530010808e-02 -1.4134166586e-01 -8.0658737958e-03 -1.7138484154e-01 -1.6839154466e-01 1.5341401411e-01 1.6973450761e-01 8.3309168157e-03 -2.0039089074e-02 3.0945330580e-01 -2.3490358524e-01 -1.1342755118e-01 -1.2161731689e-01 -1.9403687756e-01 -1.2496964169e-01 -1.4897711019e-01 1.9787354171e-01 -2.5836718990e-01 -3.9392730914e-01 2.3550719597e-01
1.1688147751e-01 -2.1170518430e-01 -3.1630295373e-01 1.6726323906e-01 1.6556794021e-01 -2.1435027029e-02 4.1892955825e-02 1.1342034547e-01 -7.0014890644e-02 1.2153564008e-01 -2.0554189012e-01 -2.5056101509e-01 6.4777798810e-01 -2.9618937846e-01 -2.6060101236e-01 5.0474710545e-01 2.9843766300e-01 2.5131685548e-01 -5.6394353256e-01 -2.5675335258e-01
1.2394508367e-01 -9.8795101016e-02 1.5946849955e-01 -9.5753432535e-02 2.7067050665e-01 -1.9880200815e-01 -1.8584138564e-02 -2.7933146605e-01 7.4940616247e-03 -1.6613571120e-01 -3.9165088001e-01 -2.9949679296e-01 1.9930232702e-01 4.5880433034e-01 -3.0665829115e-01 2.2716182524e-01 -2.7215143060e-01 2.1395249126e-01 3.2504358606e-01 1.2004534382e-02
