4.8958404262e-01 -3.0026074309e-01 1.4089315984e-01 -6.8176853951e-02 -2.1420955452e-01 1.9111415462e-01 -5.0549053487e-01 1.6331846406e-01 -1.1942084340e-01 1.4587415042e-01 1.2859284606e-01 6.0657767204e-01 2.3638443623e-01 -3.0082866596e-02 2.9224949895e-01 1.6746197525e-02 -3.4270042391e-01 -4.6366451889e-03 3.3506138225e-02 -1.2982227466e-01
6.2143207452e-02 -1.0345740267e-01 1.1288493728e-01 1.4291915182e-01 6.6620608156e-02 -3.3790518363e-01 -2.1733598138e-02 -3.0463674117e-02 -1.2711377464e-02 7.1452230362e-01 -2.2952975450e-01 9.6907869102e-02 -1.0216104755e-01 -3.5117523797e-01 -1.2059261703e-01 -2.5810388856e-01 -2.8048166897e-01 -1.5714343952e-01 4.4698822046e-01 -2.1400495164e-01
-2.3576814559e-01 -5.4838335085e-02 -1.4159537980e-01 -8.6264486111e-02 1.0894912050e-01 -2.1547881437e-01 -4.8675028613e-01 1.0484383371e-02 -4.5506833636e-02 -2.6671225000e-01 -1.3865618633e-01 -1.5247184220e-02 -5.6345784170e-02 1.6250232190e-01 2.9843091759e-01 3.4213886411e-01 1.2492097583e-01 -2.6023531138e-01 3.5680543609e-01 1.0451469204e-01
1.8468164070e-01 -2.5234061411e-01 -3.3438284065e-02 1.0408871811e-01 -1.5355231603e-01 1.6072789427e-01 -5.0339749374e-02 1.5748709439e-02 2.3592195286e-01 5.1684560270e-02 -1.5427029847e-01 3.9027734642e-01 5.2588766513e-03 2.1451155177e-01 -4.7456704625e-02 3.7530332292e-02 -1.1973009602e-01 2.0884594082e-01 3.0338124332e-02 1.8479703117e-01
1.5453673922e-01 8.7672270714e-02 1.0426856774e-01 -4.2627266953e-01 -9.3135520531e-02 -5.3993781258e-03 1.8984954043e-01 2.7453384815e-01 2.2225055430e-01 -3.4794627683e-01 -3.8282473426e-01 2.5221640332e-01 -8.9421604511e-02 2.7600042968e-02 6.1702383946e-04 8.6912580606e-03 2.3706297580e-01 2.4467768393e-01 8.7671927751e-02 1.4571097404e-01
2.3768418067e-03 -3.1547618801e-01 1.3406109885e-02 2.6251296423e-01 3.4237372075e-01 8.7053515964e-02 -2.0394219972e-01 -2.5029298650e-02 -6.6455431387e-02 5.8274888408e-01 -2.9087466823e-01 -2.7175245879e-01 1.0442039038e-01 2.0330579750e-02 3.0078202862e-01 1.2619073325e-01 -1.5310133223e-01 -2.6295376688e-01 -2.1433762346e-01 1.1648224130e-01
3.8188945662e-01 2.1603833170e-01 4.2003050295e-02 -2.8212173575e-01 4.3486048568e-02 -4.2540000185e-02 2.0442474777e-02 7.7062020828e-02 -2.2131620669e-01 -3.1938094377e-03 1.5559433183e-02 3.8390738350e-01 -1.3635729943e-01 -5.4703303331e-02 6.2057379748e-02 -2.4300567578e-01 -3.6701284597e-02 3.7602479117e-01 1.8323443800e-01 -5.5292846830e-02
1.0366679917e-01 6.5469389738e-02 -2.8577318739e-01 -1.7370608058e-02 -5.0068792213e-02 6.6609873895e-02 4.7494056060e-01 -2.8615855316e-01 1.4527482669e-01 -2.1785420968e-01 2.0507215721e-01 -4.0039998868e-01 -4.3771601536e-01 -3.6890383079e-01 2.6179811832e-01 2.5622392293e-01 3.5907429220e-01 2.7163316326e-01 2.9308679269e-01 -1.0970305727e-01
-1.3957409437e-01 3.6405696793e-01 -3.3930237333e-01 3.0167902550e-02 7.1507392785e-02 1.5848556434e-01 -2.2960449128e-01 8.2460349321e-02 8.1670744733e-02 -9.9574642240e-02 -3.0076863725e-01 1.4095560192e-01 3.4079613082e-01 -7.5646740353e-02 7.4958665165e-02 -4.0221010539e-02 2.1069836927e-01 -2.1781614310e-02 4.4372755986e-01 2.7733437737e-01
-2.8147559557e-01 4.6402814389e-01 -3.0161777188e-03 2.5926749232e-01 -3.8557599670e-01 -4.7653575478e-02 -5.9620354696e-01 -3.0157391735e-01 -2.4501107841e-01 -1.9784451585e-01 2.4399566228e-02 -2.0693635290e-01 -1.0668641010e-01 1.9287840774e-01 1.2480572475e-03 -1.0881755824e-01 -1.2756878747e-01 2.8569087151e-01 -4.7611354490e-01 3.9523973799e-01
5.9166404456e-01 1.0198280743e-01 -2.2982546251e-01 -1.6886774851e-01 -3.3149434520e-01 1.8013028491e-01 -9.8219993995e-02 3.0981410032e-01 -1.1470339583e-02 -2.2072309014e-01 -3.4743931148e-01 2.0187264610e-01 -1.6765270039e-01 4.3423212796e-01 -2.2275663787e-02 2.4408078488e-01 1.0591360271e-02 2.4001668649e-01 -1.2089170018e-01 -4.4558935365e-01
-1.2866925344e-02 -5.3123197100e-02 -1.7270442907e-02 -6.9594480997e-02 -1.8597182752e-01 8.3975115256e-02 -1.8237330114e-01 -2.1141958705e-01 2.7623657879e-02 -1.1528117043e-01 3.1987824790e-02 2.2480489976e-01 4.5772152727e-01 -2.4324117033e-01 2.5964358051e-01 -8.6071792864e-02 3.2253761700e-01 -3.4418449770e-02 1.4491807946e-01 7.0757711716e-02
-1.2727675905e-01 2.1945939935e-01 1.2051503108e-02 -6.0729001327e-02 -9.2709327953e-03 2.0968855011e-01 2.3567915226e-01 -5.5763884663e-01 5.8860722506e-02 -2.1286464218e-01 3.0571803407e-01 3.0690684238e-01 1.6469747692e-03 -1.3826246631e-01 -1.6666169391e-01 1.5948599183e-01 -4.7724867598e-03 -1.9752898819e-01 3.7609399074e-01 -7.6109025556e-03
3.1759860410e-01 -8.4159343597e-01 1.9651620121e-01 -1.8638708556e-02 6.7552706210e-02 -9.4453471012e-02 6.7480968083e-02 3.7285647516e-02 9.1848545666e-02 -4.2368333709e-02 -3.1572350582e-01 -1.4922947819e-01 -1.2899107511e-01 3.6591417178e-01 1.2520037024e-01 -3.1999551858e-01 -4.0004012264e-01 -2.1651490609e-01 -1.1435261984e-01 -3.0985110044e-01
6.8107499648e-02 4.3037225077e-01 -1.9349209065e-01 1.9823675034e-01 -3.6456104598e-01 9.5460355514e-02 -5.7676243029e-01 1.3228786871e-01 -1.7552397262e-01 1.5056654425e-02 -8.0874051479e-02 -3.6635723287e-01 -1.8156432990e-01 -5.6173174830e-02 -9.3824455908e-02 2.2937865829e-01 2.4566558753e-01 -3.9632803620e-01 -2.3313701262e-03 -3.9916745682e-01
-3.9453201895e-01 1.5799887575e-02 3.6600471537e-01 -1.3996421314e-01 -3.6385847475e-01 6.2277854575e-02 -1.3955073861e-01 -2.3442963922e-01 2.9303616264e-01 1.0479795347e-01 6.4935337367e-02 3.3716989024e-01 1.2540440326e-01 2.9566119629e-02 -2.3949128505e-01 1.1321875954e-01 1.0187680739e-01 -3.6681054267e-01 4.7956607819e-02 5.5102465104e-02
1.0756856571e-01 1.9520384490e-01 -1.5270451558e-01 -3.0047067673e-01 9.0947100507e-03 2.0554374911e-01 1.8487030979e-01 -2.3244796551e-01 3.6993692847e-01 1.3399553143e-01 -1.8966031597e-01 -1.9632410485e-01 1.4446957033e-01 -2.1110213487e-01 7.1622479116e-02 1.7055266151e-01 -2.9690966575e-01 -8.6259399270e-02 -9.2428426645e-02 1.9725881815e-01
-1.5729256416e-01 3.3538985103e-01 -3.6544615299e-01 -2.1519185124e-01 1.7109664191e-01 2.6165976534e-01 -1.8597991067e-01 -2.8897207110e-01 9.4730581134e-02 1.4479915681e-01 2.7099609762e-01 3.6180689573e-01 -6.9114475788e-03 -7.7966236499e-02 4.4907976015e-03 -1.0119681305e-01 -6.4405425030e-03 -2.9630304196e-01 2.8140779619e-01 -2.9052836316e-01
-2.4661968614e-01 1.7579085423e-01 -2.2970000875e-02 4.7755023977e-01 3.0812993610e-01 -1.6241273583e-01 -1.2411105723e-01 -3.3599350790e-02 2.5587667325e-01 5.5244082099e-02 -6.7362218155e-02 5.8673858261e-01 -1.8195041656e-03 -2.1637622852e-02 -6.3102279253e-02 4.8389059350e-01 -3.1435955925e-01 -2.5364092081e-01 4.6248683702e-01 1.3765465598e-01
-2.1020574335e-01 -2.1291047800e-01 3.3005387685e-01 -2.4475289322e-01 -5.0118663059e-01 7.2685051709e-02 1.5746202674e-01 2.8550182938e-01 -2.5018217373e-01 3.5387524770e-04 -2.2509409237e-01 -2.1282759530e-01 -1.3566052231e-02 1.2424312025e-01 -3.2532648837e-02 4.0964363800e-01 -2.7856276849e-01 9.0914887106e-02 -2.1242210633e-02 -5.2217139970e-02
