5.3524063133e-02 -4.0998266960e-02 -7.6611706804e-01 5.6791749485e-01 1.2180859102e-02 3.1567627888e-01 -1.9027431355e-01 2.9678665325e-01 -2.4472992853e-01 8.9600693420e-03
2.4637974651e-01 1.7656171455e-01 -1.3836815606e-01 -4.8648941816e-02 -9.6262081400e-02 2.5132135366e-01 3.9349365554e-01 4.4005365672e-01 -2.4435187627e-01 2.6911526316e-01
3.9955543751e-02 2.2009842816e-01 2.1620764060e-02 -2.0013113728e-01 7.7555076373e-01 2.3231160785e-01 -3.5247403561e-01 2.2116415806e-01 2.8141463369e-02 -8.3800654512e-02
6.1589024542e-01 4.3420229948e-01 -2.6596064905e-01 -4.9799578110e-02 -7.7007061583e-02 2.3111642271e-01 7.4725680549e-01 -5.4326219026e-01 1.4317433346e-01 3.6838336048e-01
-2.7470799560e-02 1.9962369553e-01 7.3507632642e-02 -1.4787673784e-01 -2.4826530358e-02 -7.0756313994e-01 -2.8970415961e-01 -3.5448125016e-01 3.8925398820e-01 -3.9718153017e-01
1.1237450884e-01 7.8086901078e-02 -1.3539903851e-02 2.7230866106e-01 -4.9840518990e-01 6.9784258281e-02 1.7927099905e-01 2.8370725397e-01 -2.9428078035e-01 4.5778579198e-01
-3.2554817226e-02 -8.6021455517e-01 -2.5885664823e-01 -3.6249501162e-01 2.4804597203e-01 9.5872969948e-02 8.6546987291e-02 -1.3175987759e-01 3.7637270087e-01 -6.0585978715e-01
9.5740230907e-02 1.5488581741e-01 -7.2462971104e-01 5.5945154628e-02 2.6169202982e-02 2.8745904865e-01 9.6002395681e-01 -5.7920192256e-01 -1.8676032086e-01 3.0282481775e-01
-4.0559364482e-01 4.0847581081e-01 -3.5923557935e-01 -5.2406196791e-01 -2.5064937775e-01 -3.5143710711e-01 -4.6491595855e-01 3.0326868308e-01 1.6426476807e-01 -1.9779189005e-01
3.4059789041e-01 -6.0987551874e-01 2.7592853019e+00 6.7882042123e-01 -2.8349267239e-01 3.8994462277e-01 -1.2375926761e-01 -3.8583340594e-01 -1.0022144031e+00 -2.2051076232e-01
