-1.7709885118e-02 -4.0667355693e-02 1.1686445218e-01 -2.3483980324e-01 -1.0358187907e-01 8.6057749539e-02 -1.1625406221e-01 -1.5804749528e-01 -1.2984221808e-01 6.9228694038e-02 6.0381205795e-02 4.6711762061e-01 -2.8362870450e-02 9.6942929412e-03 1.1098957883e-02 -6.5419100675e-04 -2.4519516807e-01 2.1627996099e-01 1.9279717172e-02 4.4581534299e-02
1.2052290767e-02 1.6031519058e-02 2.9431528781e-01 -1.4549617860e-01 2.3810604760e-02 -5.5840599685e-03 1.9598089374e-01 5.7236967452e-02 -1.1041436652e-01 -7.5073932097e-03 1.0795151641e-01 3.6916419906e-01 -6.6797480617e-02 2.7643502747e-01 8.1032011191e-02 -7.4121934339e-02 -2.6059131882e-01 8.0904756434e-02 -1.3264273098e-02 -3.0068596356e-01
-9.8663685904e-02 -6.0565240105e-02 -1.5329754438e-01 -2.6256801481e-01 -4.1281552397e-01 -1.2851519520e-01 -1.7490300896e-01 4.0655623374e-01 -7.4885632847e-02 6.9412958485e-02 -1.7129191053e-01 3.6205853728e-01 -5.0868757552e-01 -7.6137232537e-02 5.2044536124e-02 2.1616404085e-01 -2.2637355187e-01 4.5717936590e-01 -1.5125878076e-01 1.4155269461e-01
-1.5500615223e-01 -5.6875538402e-02 -2.6072377061e-01 3.5145104921e-01 -1.3075950685e-01 -2.6675012149e-01 5.6432342024e-02 2.3351087795e-02 5.8378750487e-01 1.0851948485e-02 -1.9989664299e-02 -3.7193363095e-01 -1.9492953966e-01 -3.0243158939e-01 2.9810860904e-01 2.5282972693e-01 4.6231157329e-01 4.9588292402e-02 3.2816945089e-01 1.5590230044e-01
3.9922519238e-01 7.6929595375e-02 2.4486890399e-01 -5.1016954661e-02 4.2322200662e-02 -5.3259256112e-01 3.3823603742e-01 5.7901741597e-02 2.3435687551e-01 -8.2358328779e-03 -1.4846337768e-02 -1.2418735284e-01 1.5365324354e-01 6.7734458133e-01 -4.0296284231e-01 4.3422611938e-01 1.2131594571e-01 -1.7601184690e-01 2.5991586155e-01 3.0225459396e-01
6.3862773037e-01 3.4454656227e-01 5.9544383696e-02 -1.5415640817e-01 -3.4595293042e-01 1.5189968707e-01 -1.4078273214e-01 2.8933693140e-01 -5.5593833459e-01 2.3422302315e-01 3.1683805769e-01 5.3673888728e-03 -2.7958878033e-01 -3.7771744841e-01 -6.4767863499e-03 -3.2345062415e-01 1.1022509951e-01 9.6947044506e-02 1.8982553948e-02 2.4866423195e-02
2.2259032679e-01 -1.5669874866e-01 -2.4019288534e-01 1.3842852615e-01 -1.7866138833e-01 -3.2739052966e-01 3.0340436962e-01 -2.1382500383e-01 3.7154387883e-02 -1.5787319692e-01 2.4496188452e-01 -2.0843454294e-02 -1.1116057305e-01 3.9107145644e-01 -2.2001737276e-01 -1.6255805045e-01 3.2221379862e-01 2.8804082956e-01 1.3862826977e-02 -1.5242375523e-01
2.2600556378e-01 2.3343980440e-01 2.2135967835e-01 -2.4248084809e-01 1.3339675860e-01 -2.5545005723e-01 3.2478723301e-01 2.3917617233e-01 -2.8860314588e-03 5.2895262564e-02 1.3505475238e-01 2.8360033707e-01 -9.0846988988e-02 -6.8145175597e-02 2.7540432120e-01 3.0392879961e-01 1.0718192581e-01 -3.6301106819e-01 1.1877636952e-01 -1.2229283531e-01
2.3264801006e-01 1.3946081918e-03 -4.2095083972e-01 1.3036146664e-01 3.1120728515e-01 3.0052777299e-02 5.8925359830e-01 1.6874210390e-02 9.5857484794e-02 4.7043736703e-01 8.3738671844e-01 1.6101359440e-01 4.1569464582e-01 2.9386436997e-01 -2.4882145628e-01 -9.5338691205e-02 1.9351174689e-01 1.0371796915e-01 -2.5733950795e-02 2.1091424544e-01
-7.3479171776e-02 -2.9638828282e-01 -2.3879164503e-01 1.8630291862e-01 -2.2369712515e-01 -6.0842005050e-02 -2.3708847466e-02 4.6446035046e-01 4.0528579045e-02 1.6029469150e-01 -6.8989655499e-01 2.8246472358e-01 7.0504372181e-02 8.2413418078e-02 -1.4832766768e-01 3.5577463991e-01 -2.3962112950e-01 -1.8448619336e-01 3.7519496110e-01 -1.2147712449e-01
-1.8917485113e-02 2.2085983633e-01 3.5722653552e-01 -1.1687219319e-01 5.2661049420e-01 4.4472161998e-02 -3.3682856621e-01 -1.8822274326e-01 1.1340141726e-01 5.3313622697e-02 -5.9604356373e-02 2.9005329635e-01 -5.1567697945e-02 -3.3810859944e-01 -2.4304565964e-01 5.4247140951e-02 -1.0852309614e-01 -4.1492267734e-01 -2.1725849514e-01 -8.9376094797e-03
-3.0198811674e-01 -1.1231035790e-01 2.4732259475e-04 -5.7136357906e-01 5.8752122053e-01 1.8814613257e-01 -3.5783330445e-02 6.5766488680e-02 4.0745865438e-01 2.3357046173e-01 -1.6724279017e-01 1.2497998451e-01 1.1969404462e-01 2.1952656761e-02 3.1587845389e-01 3.5710799320e-01 3.5927762036e-01 -2.6035216315e-01 4.9238122614e-01 2.7772914973e-01
1.8068383919e-03 -5.6289293023e-01 2.6063732346e-01 3.9461958845e-01 -2.9739851176e-01 -1.1131011023e-01 -2.6523968786e-01 -4.3428132358e-02 1.4934410686e-01 -4.4288012731e-01 -3.4799261648e-01 2.3055518902e-01 5.0290636845e-01 2.4419994722e-02 5.0135740386e-02 6.5723570041e-02 -1.7685751017e-01 2.8517337923e-02 2.7591415189e-01 -1.7537228868e-01
-5.5688237471e-02 -1.1895108333e-01 -5.7179057443e-01 -5.5884738273e-03 -1.6122557417e-01 -3.8055432785e-01 -3.8463166459e-01 -1.2908199866e-01 1.3229336066e-01 4.7241017387e-02 -8.2189359147e-02 -2.2896977158e-02 -3.5154977446e-01 1.4061525535e-01 -5.2771624508e-02 1.3422980940e-01 -5.5101082461e-02 -1.9749108083e-01 5.8135127886e-02 -5.1185661140e-02
-8.7396198372e-02 1.0073289289e-01 -2.1944251481e-01 2.5628640709e-01 -7.8531965412e-02 -3.8627708211e-02 -6.8880567478e-02 9.4995073839e-02 -2.8577087775e-02 8.2503058798e-02 2.3063536512e-01 -1.2638163178e-01 -8.5780483173e-02 -1.3753355197e-01 -1.7463803903e-01 8.5086609657e-02 -2.2242532373e-01 -1.9972868512e-01 -1.6513949234e-01 4.2678649300e-01
6.5342928479e-02 -3.0966403379e-01 -3.3872725006e-01 -8.5381645292e-02 -8.7804862196e-02 -1.7179437451e-01 9.5508680584e-02 -1.0545349688e-01 -3.6504938879e-01 1.6872550683e-01 4.5105238195e-01 -5.9525645342e-02 1.5003107240e-01 -2.3601132258e-02 7.4172638188e-02 1.4183045264e-01 4.7744508240e-01 -3.6539543404e-01 -3.2187639656e-01 -2.0338297677e-01
-1.8428963475e-01 -1.3974075106e-01 -2.0585342230e-01 -1.4956918484e-01 -7.4404643190e-02 -2.3594237513e-01 1.2609910596e-01 2.5605309864e-01 -2.9940749792e-01 2.3448684904e-02 1.5141569485e-01 1.5370718661e-01 -8.6272215582e-02 -1.0588960053e-01 1.7808708077e-02 6.0788293751e-02 -1.8732277751e-03 9.2057416849e-02 -1.7595168976e-01 2.0447001714e-01
2.6169836120e-01 2.9831405720e-01 -8.7188903437e-02 -1.2358126076e-01 -2.3109123615e-02 -3.5865442445e-01 2.1786225884e-02 2.4269953963e-02 -2.1005014292e-01 2.8718911454e-02 -4.5594890880e-02 -2.2010167496e-01 2.7989015786e-01 -6.5456201433e-01 -1.7951585547e-01 2.3778031705e-01 5.0151441698e-02 -2.5034130804e-01 3.6470789079e-03 -4.4709742869e-02
4.1085329515e-01 -1.1763569742e-01 2.7489688688e-01 1.1301202792e-01 -2.8071567562e-01 -8.0410624332e-02 7.2530572511e-02 1.3922199148e-01 2.2733134878e-01 -3.6931949054e-01 1.1568674452e-01 -6.9985916237e-02 2.3237116325e-02 3.1145485517e-01 -5.0153149007e-02 2.3437891549e-01 5.6522037744e-01 -2.0691381988e-01 9.0862473477e-02 1.2219203052e-01
1.2629455657e-01 1.9236777466e-01 -1.8830577586e-01 3.0027036226e-01 3.5803224303e-01 -2.3451033073e-01 -1.0397805038e-01 1.0254536778e-01 -3.9801134104e-01 -3.6140251861e-01 -1.4123818676e-01 -1.9372178791e-01 -4.0859501930e-01 1.1037575433e-01 3.4263208067e-01 6.6343478791e-02 -1.8246376919e-01 -3.7634617706e-02 -6.5459136540e-02 7.3370205798e-02
