-2.3083635210e-01 2.0545284579e-01 -3.1062502470e-01 5.7993355226e-01 -2.4195011543e-01 1.9273740771e-01 -1.3881374483e-01 -2.2926965142e-02 1.3658205900e-01 -7.2613159378e-03
-1.9470241131e-01 -6.9560328164e-02 -1.3631278789e-01 -9.7553826593e-02 6.8217511388e-02 -1.3913927648e-03 4.1508205098e-01 -2.5266523045e-01 8.7085988917e-02 6.4284148406e-01
2.4581347553e-01 5.7094690845e-01 3.3190818430e-01 6.6979156101e-01 -2.0967590876e-01 4.0652305598e-01 8.3599456155e-02 3.1217454477e-01 8.6878537103e-01 2.5766951692e-01
3.6953121716e-01 -2.5765439420e-01 3.8625612129e-01 4.7198936612e-01 6.9213297735e-02 -4.4706159411e-03 -7.4504604930e-02 3.3371970718e-01 -4.2790752840e-02 3.3199230113e-01
2.6368041294e-01 1.5500369360e-01 1.9796456853e-01 -6.4856202312e-01 -3.1272225950e-01 1.9044595907e-01 6.9500975752e-02 -2.4159767474e-01 -2.1186031188e-01 4.6008504009e-02
-3.3451518271e-01 -1.6457560221e-01 -8.6670513847e-02 -1.4819655688e-01 -4.5252597743e-01 3.5473718887e-01 -3.0530708947e-01 4.4488257945e-01 5.1225295187e-01 6.6540660434e-01
9.1965477166e-02 -2.2697968909e-01 2.5728573339e-01 -1.0811713570e+00 -2.0312690773e-01 2.4895472178e-01 -3.5538913507e-01 4.8162065290e-01 3.2470331831e-02 5.0778320317e-01
2.1426470379e-01 5.0693469226e-01 -3.5651714393e-01 1.3878207713e-01 3.7100912901e-01 -1.7314690347e-01 1.6480426353e-01 -2.2136078034e-01 3.4523106714e-01 -8.9248352838e-02
4.4948264874e-01 -3.5606820219e-01 -2.3120966939e-01 -4.0104791953e-01 -2.9159463340e-01 5.4638170490e-01 1.7491746077e-02 6.7104786939e-02 4.2889113492e-01 1.4695961260e-01
1.3339120736e-01 1.3466445276e-01 2.9589533981e-01 -7.6721685894e-02 -2.0170502100e-01 4.6414438281e-01 1.2967751887e-01 2.5989737604e-01 1.1052769643e+00 3.2597357565e-01
