1.8671248847e-01 5.8893633022e-02 -2.4077843639e-02 3.7480584411e-02 9.2801697845e-02 -5.0167606280e-01 -2.5756781661e-01 -9.2389819082e-03 -1.4327493662e-01 7.2453334543e-02 6.0289834566e-03 2.4212671921e-01 4.8352605993e-02 4.5878979760e-01 4.6895050989e-01 -3.5277637498e-01 1.0567105929e-01 1.8295854413e-01 2.6870422856e-01 -1.2750993790e-01
3.2023716600e-02 -2.5959764736e-01 -2.2933707367e-01 2.1058901746e-01 1.6572499460e-01 9.0067293168e-02 7.9529589435e-02 2.9387360420e-01 6.9808630668e-01 -4.4628266901e-01 -7.3044391321e-02 -2.2386659389e-01 -2.1791835243e-01 1.5036705788e-01 -2.1006377102e-01 -3.6274176369e-01 -2.5167165469e-02 -3.2368329473e-01 -2.3950964473e-01 2.0533105065e-01
-7.0024907113e-02 1.4088119993e-01 2.6014004706e-01 -1.0712051758e-01 -3.3243837565e-02 -1.3223602242e-01 4.1003648906e-02 1.1562730290e-01 2.0473716951e-01 4.5441270354e-02 -3.9500644045e-02 -1.8689717399e-01 -4.6908574495e-01 -2.0558709271e-01 -1.1746740070e-01 2.9048988751e-01 1.5574011346e-01 4.9006636949e-01 -4.1159778741e-01 1.5035090031e-01
-1.1215946913e-01 2.6618360859e-01 2.8411648533e-01 7.9919493675e-02 -1.6539412934e-01 -7.6476649440e-02 9.1796320042e-02 6.2494481238e-01 7.8431978610e-02 -1.7235447511e-01 -1.0850239575e-02 6.5723091599e-03 -1.9591326338e-01 1.7285699010e-01 4.2209027880e-02 3.1526562531e-02 -2.2555606642e-01 1.7995393543e-01 3.3352551941e-02 4.7538863804e-02
-3.5855185467e-03 3.9697806645e-01 2.8996961546e-02 -1.2499284607e-01 -5.1020412127e-02 1.5305407613e-01 6.3272780455e-02 2.7019153476e-01 -4.9531533489e-02 1.3517020434e-01 1.4201883690e-01 -1.8280563331e-02 1.9000324260e-01 -4.3441001701e-02 -7.4751151982e-02 1.9186700957e-01 3.6582012922e-01 -3.9249351674e-01 3.0550705542e-02 2.7285224576e-01
2.4151208742e-01 1.3949501211e-01 1.9671325155e-02 2.3586864678e-01 4.9077696803e-02 -2.9342325475e-01 1.3490416358e-01 9.1002789611e-02 2.1162216165e-01 -3.1496931475e-01 8.8336114131e-02 -2.5234567302e-01 2.2509628370e-01 4.3424438063e-01 -1.9119644008e-01 -1.8480200023e-01 -2.9826588781e-01 -4.8224570601e-02 2.1745283627e-02 9.6704771170e-03
-2.0534373334e-01 5.0619140305e-02 7.1324168600e-02 2.0256646116e-01 -4.5734274625e-02 -1.7890490427e-01 -7.7834405487e-02 -2.9403709781e-01 -1.1370191920e-01 -7.6054122680e-02 -1.9622627590e-01 -1.6592572738e-01 -2.8406301432e-02 5.9884282414e-02 6.3783868873e-02 -5.6203482321e-01 -3.4027302749e-01 2.9789288333e-02 -9.8744433993e-03 3.0003511024e-01
5.7096926606e-02 -2.5799120842e-01 -4.6441845758e-02 -2.0222883828e-01 1.0154937783e-01 3.4840889434e-02 -2.1133157710e-01 -3.1880675119e-01 3.8601044663e-01 -2.3932217101e-01 9.9019701158e-02 -3.8793550450e-01 2.2336304642e-01 3.5883170377e-01 2.1874674984e-01 -1.5478698448e-01 5.9350060112e-02 -3.9919417801e-01 2.1542587188e-01 1.8085635546e-01
-1.7248528857e-01 6.3953526284e-03 1.0628073825e-01 -2.4306349913e-01 1.9241079338e-01 1.8767268359e-01 5.0831041814e-01 -3.9470670464e-01 -4.4367147986e-02 -1.7257750723e-02 8.0611948027e-02 7.8682014758e-02 1.9905541897e-01 1.1859280316e-01 1.6610056387e-01 2.4734515462e-02 -1.7936937208e-01 -4.3568180104e-01 1.6860885254e-01 2.4422112841e-01
-2.4521066968e-01 2.4458484464e-02 7.5539927467e-02 2.7241207449e-01 6.0752730379e-02 -1.5552591620e-01 -3.3136006079e-01 -2.8891669531e-01 1.8106072794e-01 1.2485078318e-01 2.0073385935e-01 2.8157917153e-01 2.1156016659e-01 -2.1766483038e-01 2.5121136122e-01 3.0180766540e-01 -2.9319836080e-01 -3.2052261256e-01 1.9137708112e-01 4.8118488427e-02
-4.4262471604e-02 -7.0349229552e-02 -3.3450258853e-01 1.6282053425e-01 2.3834442216e-01 2.7647767265e-01 7.9291957175e-02 -5.3272035273e-02 -2.1840849725e-01 -1.4229519543e-01 -2.3794913615e-01 9.3973379170e-02 3.0176328983e-01 1.4354597291e-01 -9.8149012026e-02 3.3202339639e-01 -4.7804052133e-02 -2.3587940622e-01 -2.5103142110e-01 8.5037190733e-02
-1.3997268208e-01 2.3170511414e-01 3.6239230638e-01 1.5993468084e-01 -4.8643885141e-01 -5.1944788614e-01 2.3262407589e-02 -1.3277368198e-01 1.9603574055e-01 4.7922534653e-01 1.6881440469e-02 3.6940828730e-01 -3.4254070252e-02 2.1676200776e-02 -2.2745190131e-01 -8.2149888197e-02 1.9126179038e-01 -2.2949233280e-01 2.3019635705e-01 -1.5935362528e-02
-1.9917119925e-01 -1.8053937223e-01 -2.3807430514e-01 1.1903257161e-02 1.7421683837e-01 -3.0715160548e-02 1.9293116562e-01 -1.7049380680e-01 2.6929538163e-01 1.2092766286e-01 -2.3360765408e-01 -1.0809079693e-01 -1.2005611502e-01 -4.9986112801e-01 -6.6011552913e-02 -5.0019802505e-01 -3.1866413318e-01 2.8446891950e-01 -5.7449184290e-02 8.6467607982e-02
4.6426242733e-02 2.3724357842e-01 3.1841357690e-01 1.3547948409e-01 3.2296412165e-01 -1.4615050161e-01 -4.5928175101e-02 -1.4308742640e-01 2.0744424666e-01 -3.5137858340e-02 -2.4750647123e-02 -9.7559311007e-02 1.1668408909e-01 -2.7715365071e-01 -2.9149359889e-01 3.4926061693e-02 -1.0526502338e-01 1.4707538152e-01 1.6888340787e-01 -1.9208557731e-01
2.2376392154e-01 1.7621722894e-01 2.0578786843e-01 2.4517425512e-01 -2.1372982253e-01 1.2608260664e-01 -7.1177308439e-03 1.4091600744e-01 1.6045564968e-01 -1.4977813653e-01 -8.2608874583e-02 -1.5293219830e-01 -2.0985551174e-01 2.2501412186e-01 -1.6353604197e-01 -1.3465915678e-01 3.0569634808e-01 2.8613702121e-01 -5.4014852225e-01 -1.5575680882e-01
-6.1470111270e-02 1.8216274127e-01 -1.6242209604e-01 1.4075738174e-01 -2.4604426507e-01 -1.2220788672e-01 -1.7185154692e-01 -2.5584986842e-01 -1.9114645331e-02 -2.8015345962e-01 1.8231557787e-01 1.2174969121e-01 1.5969657201e-01 -3.2978192215e-01 7.9828664452e-02 1.2563221873e-02 2.6392466378e-01 -8.2647046184e-02 7.1621140938e-02 -1.6069818074e-01
2.2665168065e-01 -4.7186785237e-01 3.2967651953e-01 -6.3614622905e-01 8.8409701789e-02 -3.0675000635e-01 1.4050108660e-01 -1.7053326548e-01 1.3655114188e-01 -4.5959611856e-04 -1.8957391240e-01 3.1164536364e-01 4.5609906296e-01 2.1416818359e-01 -2.6074234457e-01 -1.4638331848e-01 -2.2335710792e-01 -1.5683537412e-01 4.0577418068e-01 6.1279482821e-03
-7.6089203445e-02 3.1600584488e-01 -1.3480921909e-01 3.6911754449e-02 4.5473384097e-01 1.0294592036e-01 1.3860741428e-01 2.3139001633e-01 1.8528398677e-01 -2.9810972633e-01 1.5043590912e-02 -4.7629957237e-02 -2.3131231512e-01 -2.8944105219e-01 1.9822233833e-01 -5.0087044154e-02 -2.7629469206e-01 -2.6609729634e-02 2.9988378247e-01 7.4546798335e-02
6.3147577496e-02 -1.7021127926e-01 -2.5855339732e-02 2.2542214423e-01 -2.8989339694e-01 1.1371758631e-01 1.7000030322e-01 1.3904056647e-01 -1.5408981582e-01 -2.2533875608e-01 -4.1045252030e-01 -5.3982354454e-02 -8.3328114261e-02 3.2546548127e-02 1.4025246342e-01 8.9395857733e-02 3.4824591394e-01 -1.6026580276e-01 -3.7000942185e-02 2.4908230912e-01
2.1428427855e-01 5.9761333703e-01 7.0967893252e-02 -2.3892870241e-01 7.8544600964e-02 8.6038006610e-02 6.7673586934e-01 -3.5876756017e-01 -1.3296048935e-01 1.7352216518e-01 -9.6603768151e-02 -1.9933639496e-01 -7.8382136081e-02 -1.1045723135e-01 -8.8559589079e-02 -1.2545379125e-01 -1.2088345430e-02 -2.5208399885e-01 6.6388746755e-02 -9.9119285115e-02
