1.3662888418e-01 -5.3308393830e-02 9.8243179521e-02 9.1933472743e-03 -2.7696504795e-02 -2.9666722609e-02 2.3466259122e-01 2.7049322902e-01 -1.4970636729e-01 -1.6836899079e-01 -7.2134462138e-02 4.7840239541e-02 1.2402355078e-01 1.3750509631e-01 -2.0714885441e-01 3.6367618424e-01 8.5685471870e-02 -3.3680277537e-01 1.6639304526e-01 -4.5204517222e-02
-4.3429004294e-01 -3.2832154241e-01 -1.1918294441e-01 -4.7413065772e-02 2.5429726446e-01 -3.2773581336e-01 -1.8946742183e-01 -2.6284913084e-01 -2.8754804911e-01 -8.8716664399e-02 2.2663119001e-01 -3.2149359825e-02 6.2582132686e-02 9.6143664935e-02 -2.8929936050e-01 -2.7767558579e-01 -1.4927514378e-01 -9.1890944297e-02 -1.7863895124e-01 3.9224888939e-01
3.7697840617e-02 -4.6304384820e-01 -2.8087078524e-01 -4.5144861517e-01 -1.3205176740e-01 -2.2929299928e-01 -1.9113304097e-01 -1.1020951135e-01 2.6370729692e-01 -7.7999570360e-02 2.6868771894e-02 5.0467864460e-02 -4.9263753107e-02 1.1314485347e-01 5.5206248692e-01 -1.8596862315e-01 -2.5754408302e-01 -1.1976153129e-02 3.4313530596e-01 -1.3938406373e-02
-1.6527461740e-01 -6.8486041624e-01 -1.7602349053e-01 -1.3914270952e-01 8.7365674096e-02 3.1177778086e-01 -2.5135111125e-01 3.4242839216e-01 7.7894788753e-02 -1.3247084306e-01 -1.9477823716e-02 2.1116876219e-01 5.8531636436e-01 4.9500119691e-01 9.9935532982e-02 7.9446344634e-02 2.0681641774e-01 2.5040342975e-01 -1.7410827970e-01 9.6454867042e-03
5.4580708962e-01 6.9862479676e-02 5.9682608515e-03 -4.5388796794e-01 -2.3205723821e-01 -9.4881724128e-02 6.3716559842e-02 1.3714788316e-01 -2.0482837758e-01 -7.4420641283e-02 -1.3461393246e-01 -1.9741255359e-01 -1.2148721190e-01 -5.9382882251e-02 -9.8425965366e-03 -2.4787065401e-02 3.1316666886e-01 -5.8863411823e-02 1.4186921447e-01 6.3597811524e-01
-1.2621480460e-02 5.5946944692e-01 -1.0733280844e-01 3.7558278224e-01 2.4583003642e-03 2.9559628411e-02 -7.0467563139e-02 5.9431700645e-02 3.6242087454e-01 1.9122581707e-01 -4.6981599706e-01 3.7281692391e-02 -1.0806582462e-01 9.3114765082e-02 -1.1997334694e-01 -1.1881125568e-01 4.2615449590e-01 -9.7370243255e-02 -2.3422410609e-01 -1.8250209139e-01
-8.3885630989e-02 2.0283118178e-02 -9.3145065896e-02 3.2444158766e-01 2.5195808629e-02 -4.9276834806e-03 -3.7068436845e-01 3.3766293806e-01 1.1404265929e-01 -1.9906414148e-02 -1.3622347059e-02 3.5335429510e-02 1.9607205611e-01 -6.4903915507e-02 -1.2703008037e-01 3.5300255225e-02 1.4909007118e-01 -6.0788946341e-02 2.2653317252e-01 -3.9918562090e-01
1.9276196240e-01 -6.4913779422e-02 -3.1471479256e-01 -1.2339186354e-01 3.3104050564e-01 -5.1919807067e-01 4.3603796215e-02 2.7531197421e-01 -4.0384241483e-01 -3.0017916248e-02 2.7939572309e-01 1.1593848897e-01 -4.7452403691e-02 6.9862056563e-02 -2.6970174423e-01 5.1649624684e-02 -3.4636870832e-03 1.9621782730e-01 -1.0175255464e-01 1.7508477386e-01
2.0540971225e-02 1.5047706053e-02 3.2051866016e-01 -3.0578264948e-02 7.1107729856e-02 -1.9214039830e-02 -4.2618572595e-01 -5.8545420355e-02 2.0540836775e-01 -4.6716006030e-01 1.6857963212e-01 -2.3794244852e-01 -3.8405279098e-01 2.7852611129e-01 1.1393121145e-01 -1.8547951161e-03 -1.7057857706e-01 -8.7125404948e-02 -9.2531652839e-02 -1.0762643802e-01
2.1107798650e-01 5.2767075972e-01 2.5781760794e-01 -6.0089889470e-02 -2.0606293324e-01 2.7891754667e-01 3.5926727658e-01 2.3772480801e-01 1.6113037849e-01 1.4640048600e-01 -1.5954881105e-01 -2.0508968669e-02 3.4440773201e-02 6.3976331014e-01 -3.1372183385e-01 1.0617758876e-01 5.4491558818e-01 -9.4059663528e-02 4.0415874995e-01 -5.7483830576e-01
5.0779745869e-01 -8.1193969308e-02 8.5697007468e-02 -1.0774821403e-01 -4.6804602756e-01 -7.7759891260e-02 -6.9488109292e-03 -1.1316533039e-01 2.3592134639e-01 1.1052508666e-01 -3.5312949416e-02 7.1230641023e-03 -1.2941239987e-01 -3.2667584681e-02 2.1979478407e-01 1.0241747436e-01 1.2812032012e-01 2.3354072621e-01 1.3619912081e-02 -3.3684668157e-02
-1.5551610991e-01 -3.3011619594e-01 1.6065901216e-01 -1.5496207067e-01 -1.9539127513e-01 -3.6941274721e-01 -3.5349945166e-01 -2.7853708986e-01 -1.1077291938e-01 4.6201041445e-02 -2.7446803740e-01 2.1566765085e-01 9.3780123125e-02 -2.1605394382e-01 1.8215864699e-01 -1.3248745301e-01 -4.9172330499e-03 -1.3506033353e-01 6.7918963065e-02 -2.7767330875e-01
-2.6320103254e-01 -1.8283975887e-01 2.6196950006e-01 -4.0988543249e-01 -3.7311416959e-01 1.2871237466e-01 3.2249516642e-01 1.0921961041e-01 1.6502097327e-01 -4.4084355268e-02 1.3355748889e-01 -3.1189602329e-01 3.7027279004e-01 -3.2253513346e-02 -1.4893755250e-02 -2.2035330051e-02 -3.3115272572e-01 7.9552816545e-02 1.4468005212e-01 9.5261940897e-02
-1.2045251656e-01 -2.8251439958e-01 -1.2753759070e-01 9.9657468386e-02 3.1098729312e-01 -7.6088132089e-02 3.9792929831e-01 -6.0287972428e-02 2.5363623297e-01 2.1264000187e-01 -4.5013979957e-02 2.7492249912e-01 -3.8335013153e-01 -2.9432654715e-01 -1.3029809803e-02 -1.7331571484e-01 1.3850903761e-01 -4.1330770113e-01 1.4541596723e-02 1.9814006577e-01
2.9540057771e-01 3.4814851872e-01 -1.6353600959e-01 -4.2304239254e-02 3.7543436689e-01 -1.3154127395e-01 2.1347321295e-02 -1.7250715830e-01 5.1643426927e-02 -3.6148184927e-01 2.3078528216e-01 1.7064072979e-01 -1.5313899581e-01 3.9673360796e-01 3.0162421288e-01 -2.1282581465e-01 2.3440073438e-01 -3.3732680234e-02 -1.4842536043e-01 -1.5934286943e-01
6.9727283356e-02 2.0041104471e-02 -2.3850333593e-01 -1.6738988449e-01 -3.0290305013e-01 -9.9559554478e-02 -1.1203970769e-01 -2.8970800276e-01 3.8609786554e-01 -3.3210819273e-01 2.3748507636e-01 -7.6697408998e-02 1.3374916750e-01 -3.1379417877e-01 2.2187143205e-02 8.5247819628e-02 2.2084655233e-01 1.3564075962e-01 1.7107273432e-01 4.1952952415e-01
1.3988725514e-01 1.6020986159e-01 -1.6019594815e-01 1.1434087016e-01 -8.3242253821e-02 1.8099002633e-01 6.3344905041e-02 -7.3694584706e-03 2.4512560420e-01 -1.0031116804e-01 -1.5646466089e-01 -1.4608797096e-01 -7.1621533169e-01 1.7798727670e-01 6.4300775800e-02 1.5929229093e-01 1.5411978079e-01 -3.4035876350e-01 -1.0687646098e-03 -3.2059409576e-01
1.1975374669e-01 -1.2454891955e-01 1.8505497789e-01 4.2523459253e-01 -2.7584052466e-01 -2.3894177831e-01 -2.9948068039e-01 1.5481082438e-01 -2.9902041647e-01 3.3843021204e-01 -4.6611059337e-01 -3.8726345511e-02 1.7499188309e-01 1.9890237091e-01 -2.5926697798e-01 -5.6639084057e-01 9.8549636755e-02 -1.5262823722e-01 2.3430949475e-01 2.9151865199e-01
-1.5990529910e-01 2.6234472922e-01 9.2359540000e-02 3.3261707251e-02 1.0885080812e-01 9.6078430268e-02 -2.5434473715e-01 4.9051864229e-02 3.8627687921e-01 4.7637052481e-02 1.8080674009e-01 1.2853432330e-01 -1.3918786120e-01 5.0105449676e-01 2.5446349562e-01 4.0392559921e-02 3.1382701238e-02 -1.7845994848e-01 -2.1384024532e-01 -2.2529195572e-01
-1.8067601203e-01 1.4985797088e-02 -1.5644281429e-01 -1.3185870013e-01 -2.6766712881e-02 -3.0825454585e-01 1.8313342365e-02 -3.8012513826e-01 4.5780121142e-01 8.3865687394e-02 1.4426830425e-01 3.0750469393e-02 -1.2105515633e-01 5.9641273419e-01 5.4733903692e-01 6.2633953975e-02 7.2155394947e-02 -7.3509502674e-02 -1.4557986970e-01 2.0347702189e-01
