4.3755061891e-01 2.0997941803e-01 -4.1668781388e-01 -2.8362859175e-01 2.1240377607e-01 1.0869417679e-01 -3.6266042514e-03 1.9258765593e-02 -5.1562032702e-03 -5.3071594336e-01 -7.1929697080e-02 -1.6507421808e-01 6.4353504304e-03 -2.3048382288e-01 -2.9441389060e-02 1.8628269305e-01 4.8030720862e-01 2.5414504836e-01 -1.5410117286e-01 8.6318542181e-02
-3.5097446511e-01 5.2079058611e-02 1.1348339450e-01 1.2960191640e-01 -1.1944469519e-01 4.2799695525e-01 3.0135016903e-01 3.8995618343e-01 -1.5417071526e-02 9.7381111710e-02 7.9794051055e-02 3.9842830267e-01 4.3105463992e-01 4.6158197365e-01 3.1685347006e-01 1.8952924186e-01 -5.2899021322e-01 6.1792264671e-01 -1.1077817154e-01 -4.2585324096e-02
-1.2401925938e-01 -4.9731270399e-02 3.1738717116e-01 -3.9196651547e-01 1.6705527344e-01 -1.5415688470e-02 2.7390756350e-02 6.0435482618e-01 -7.2272912274e-02 3.3174362006e-01 3.7817168225e-01 -3.0355444920e-01 5.4536658446e-01 4.0408439983e-01 -2.5553198822e-01 1.5583433279e-01 4.4595054006e-01 -1.2926463433e-01 -1.3406836357e-01 1.1058004068e-01
-3.0569831609e-01 -5.6517387417e-02 9.1214123095e-02 5.6694607206e-02 1.3610712888e-01 -2.5569917789e-01 2.3640531933e-01 -1.4619508153e-01 1.6254207245e-01 1.8196424891e-02 -1.7839252379e-02 -1.6575154405e-01 -3.2694142585e-01 -1.9559300870e-01 -3.7099936258e-02 -1.8768961311e-01 5.6921793581e-01 1.0718808985e-01 4.0942751856e-02 -1.3017300247e-01
8.3312014906e-03 -6.1798045481e-01 -2.5972592430e-01 5.0890182306e-03 -2.0892603918e-01 1.4978266635e-01 -2.0358756844e-02 2.4449870065e-02 1.0891586341e-01 6.0288341642e-01 -1.2842020622e-01 -6.7063302629e-01 3.1624763562e-01 -6.0330662569e-02 1.7471998673e-01 -1.6369826788e-01 -4.3759920070e-01 -6.4721247778e-02 -2.5635352835e-01 1.9520846021e-01
3.9000596670e-01 -6.8122781327e-02 5.2246340755e-01 -4.4938624311e-01 -2.1607391772e-01 -1.7421635653e-01 2.4453476373e-01 5.0155417157e-01 -1.9152248942e-01 2.5723855442e-01 -3.4875153789e-01 3.0265300529e-02 4.0508547742e-02 2.0418512511e-01 1.4102123590e-02 2.9048722526e-02 -1.7602665271e-01 2.1312120045e-01 2.1651943921e-01 -3.3650308143e-01
-1.6312380298e-01 -1.5657341286e-01 1.1731593699e-01 -1.1899001627e-01 -1.4827777601e-02 -4.5277771096e-01 5.2640286737e-01 -1.7003690670e-01 -6.5387689100e-01 1.4046890273e-01 4.9490245041e-03 6.2270708799e-01 4.3097070703e-01 1.3063501766e-02 2.6608395746e-02 1.5223976807e-01 4.2729132140e-01 4.8123663538e-01 5.8091321757e-01 -1.5372983279e-01
4.1751505186e-02 -9.2888179168e-02 2.3610251860e-01 5.5559998036e-02 -4.3231172229e-01 -2.2930388840e-01 -7.7168090760e-03 9.7634764344e-02 3.3241698481e-01 -2.9018488350e-01 2.9600516956e-01 2.9018990903e-02 1.3633617129e-01 -6.3666852567e-01 7.0758906581e-02 -2.3531869478e-01 1.0832916350e-01 -1.0018949266e-02 2.3442993030e-01 -3.3336311192e-01
-2.2806053175e-01 -1.9719048391e-01 2.9625791292e-02 -2.4705365681e-01 -1.3000945275e-01 -2.4297844998e-02 4.5087795479e-02 2.0385814784e-01 -2.0790633106e-01 2.0024686071e-01 -1.8950053118e-02 1.3022777835e-01 8.6577690125e-02 -2.1134610426e-01 -2.4299904164e-01 2.4982778899e-01 3.3180561863e-01 1.4386077462e-02 -2.9649314958e-01 -1.5653156294e-01
-1.0186056995e-01 -8.5705120078e-02 1.1672201681e-01 5.1793908963e-01 5.7250195627e-02 1.9100750663e-01 4.2020819761e-01 -1.2648617993e-01 3.7784510802e-02 4.4121186996e-02 3.2218911102e-01 1.7751706410e-01 2.1591728212e-01 6.1869527699e-02 -3.0161648386e-02 -8.2721604973e-02 -1.1235855658e-01 -1.6420575668e-01 1.1362670660e-01 -2.4055484024e-01
-5.6428533479e-01 -1.1441884916e-01 7.6819905219e-02 -3.1280018820e-02 1.9436465913e-01 1.0411301804e-01 -3.2341636234e-02 -4.1821042386e-02 -1.4419889545e-01 -2.3149948711e-01 -1.0382597931e-01 1.0561268616e-01 -8.1264952065e-02 -2.5258832429e-01 6.8187049310e-02 1.2785394279e-01 1.3848265734e-01 1.7792426667e-01 -3.0924344084e-01 -2.4901764674e-01
-5.0060293332e-01 4.6169377704e-01 1.9859219769e-01 2.5132961449e-01 1.7588642157e-01 9.6919764711e-02 -2.2069718877e-01 3.0501526682e-02 -4.8270229691e-01 5.2207603532e-01 -3.8182505435e-01 1.2417809263e-01 -7.7477122381e-02 -3.4616570107e-01 3.3480110523e-02 -6.5696255463e-02 1.2741126261e-01 -2.7070648568e-01 -2.8576913946e-02 1.8595342307e-01
-2.7801705244e-01 -4.4192495816e-02 8.4414355074e-02 2.1110378357e-01 -7.3029875842e-02 2.4806321277e-01 -1.2719032470e-01 2.1426532890e-01 7.1307396150e-02 3.0092778649e-01 -2.6421391710e-01 4.0295805675e-01 3.2137628558e-01 3.3806288405e-01 -1.2202971475e-01 -9.1108649051e-02 -1.4729119375e-01 -1.7203242656e-01 4.0042907873e-02 -2.6807565018e-01
1.9878518016e-01 -6.4508065278e-01 -2.4289476979e-01 -1.6063722643e-01 -2.2209531444e-01 -2.4254639451e-01 3.7737096250e-01 4.1995388815e-01 -6.0002991721e-01 1.7771404339e-01 -2.2869130457e-02 1.8274663131e-01 -4.2376004823e-01 3.8104064210e-02 1.0579524267e-01 3.6763842172e-01 1.7658776497e-01 -5.4665096882e-02 -6.6977023345e-01 2.8529267753e-01
-7.8150260128e-02 3.0940473375e-01 8.0782608818e-02 3.1476250381e-01 -6.5245228659e-02 -1.4061246185e-01 -3.6676486991e-01 6.1378379583e-01 -1.9156087346e-01 -3.4284123898e-01 1.3436630824e-01 2.1970180293e-02 1.9032301226e-01 -4.6784971629e-02 -3.3841441227e-01 -3.0607234868e-02 -2.1103051230e-01 -1.6404830510e-02 2.9729242758e-01 -1.5627299652e-01
-5.7672125960e-02 2.5906517973e-02 -2.1896541757e-02 -4.4762495651e-02 -3.7386489990e-01 -3.5395171302e-01 1.5781235662e-01 3.2224693254e-01 -2.1355533099e-01 3.0677196006e-02 1.1578643915e-01 -1.5021203536e-01 1.1831591874e-01 2.4400786953e-01 1.1518147826e-01 1.5965302310e-01 5.0423869572e-02 -1.1629079143e-01 -2.9344856915e-02 -1.0317095788e-01
7.2212457771e-02 1.7808241865e-01 9.1922207333e-02 4.2798981412e-01 -6.5165673325e-03 -1.6279669868e-01 2.0292412794e-01 3.0848833692e-01 7.5638828103e-02 1.6336062538e-03 -7.0660072389e-02 1.4305942745e-01 -9.1121160611e-02 3.2475481113e-01 1.3821500981e-01 4.5767613592e-02 1.7358148587e-01 2.6435016936e-01 3.0697975883e-01 -2.2497803803e-02
-1.3992040467e-01 -7.6857369327e-02 -2.4657999214e-01 -2.2643816660e-01 8.6306337477e-02 3.3382646128e-01 1.2439491639e-02 1.0813996431e-01 -1.4797822309e-01 3.8507205294e-02 3.5821630208e-01 1.0060068814e-01 8.2687639909e-02 -3.1545013446e-01 6.1596221116e-02 5.0499633866e-02 6.5636332976e-02 -2.2697935989e-01 1.0018014290e-01 4.8381433863e-02
8.9415646461e-02 -3.6100943563e-01 -3.1770946255e-01 1.0053732604e-01 -3.3628807723e-01 -2.9298253193e-01 9.5086521464e-02 -2.7922580209e-01 2.2259861296e-01 2.0746570708e-01 7.5726470428e-02 -2.1508351170e-01 -4.7117031899e-01 -4.7130993834e-02 -2.8538735883e-01 -7.4967334856e-02 2.1157031107e-01 -4.8971188565e-01 -1.9410553245e-01 3.5792580996e-02
-3.5847398310e-01 -1.3683416336e-01 1.0944753377e-01 3.0039776424e-02 1.1291478104e-01 -7.0499185852e-02 -1.9012331993e-01 1.8524597539e-02 8.6585607396e-03 5.4386958765e-01 7.0861361207e-03 -2.1461978568e-02 -5.1665439608e-02 -3.2683903999e-01 -3.6017176604e-01 5.8143727919e-01 1.6829521268e-01 7.4964243490e-01 3.8362779211e-01 3.2590554864e-02
