-4.2609028651e-01 -4.0253863613e-02 -4.4081169608e-01 4.5080510122e-01 3.3699227364e-01 -3.8730763310e-01 1.9838595588e-01 -9.4877194236e-02 1.0323894276e-01 -2.1856539598e-01 2.4655643086e-01 -2.2207547034e-01 8.3768933094e-01 -5.1191392106e-01 3.1093351959e-01 9.7476375893e-02 4.1831206402e-02 -3.0634213559e-01 -3.8214462767e-01 -3.3768284081e-02
-2.8449541444e-01 1.8628192727e-01 -1.6347445063e-01 2.6152518752e-01 3.6435057831e-01 1.3005217238e-01 -4.3232337006e-02 9.8416817602e-02 3.6713224743e-01 -6.7136357383e-01 -8.8945821694e-02 -2.6400451665e-01 7.7746464734e-02 1.3906233189e-01 2.4749620885e-01 -2.1219095222e-01 1.3784326868e-01 1.5418577119e-02 -1.5414325738e-01 -2.5224657017e-01
2.7679785972e-01 3.5706760056e-01 -4.0936936082e-01 2.9826596908e-01 6.6612946781e-01 -3.4274605478e-01 -5.0861160320e-02 2.0314683190e-01 -3.1708157197e-02 4.7489020993e-02 2.4913463788e-01 1.5001246435e-01 3.1343980070e-01 -3.4342747731e-01 3.5898807047e-02 1.5386051736e-01 1.3372039795e-01 -2.9061921944e-01 -3.2237719113e-01 -2.8496735094e-01
7.7273857836e-02 1.6859354118e-01 3.8684049760e-01 1.1228324089e-01 3.5998961341e-01 -1.9216201600e-01 -2.9895507926e-01 -1.5395429536e-01 2.4781409258e-02 -2.9755587971e-01 -2.2582768638e-02 -1.1880783374e-01 -1.0085657133e-01 -7.0013880685e-02 -6.1640770316e-02 3.5146900831e-01 2.5243279826e-01 -3.7506996513e-01 -5.7085200624e-01 2.7118848331e-01
2.1242780190e-02 -8.3890763518e-02 1.7835157677e-01 5.3354334994e-01 7.3971866217e-02 -1.7109817931e-01 2.9350718006e-01 1.8796448830e-01 5.9692889714e-01 1.8584969062e-01 1.7193294323e-01 -3.1279750532e-01 5.0390496771e-01 3.7315212945e-02 7.2389725118e-01 -5.7534430019e-02 7.5284569023e-03 2.3391355895e-01 -3.8244352135e-01 1.6363214056e-01
-3.1739840293e-01 -3.7307209262e-01 2.6158529219e-01 -3.1722701138e-01 6.5618558826e-02 -2.2947210980e-01 -6.7587017659e-03 -4.1514047537e-01 -2.8582454792e-01 5.3195726987e-02 -9.3672469686e-02 1.3291616216e-01 4.9316461150e-04 -1.2689516129e-01 7.2537408180e-02 2.0915106642e-01 -2.1060450948e-01 -9.8901279392e-02 -1.5143515899e-01 -6.9223190595e-02
9.4753676483e-04 2.7105574089e-01 2.4114566436e-01 1.5764190258e-02 -4.4760539980e-02 3.1370553716e-01 2.1434301849e-01 4.5862389507e-01 2.3053555031e-01 -2.1915917305e-01 5.7869411659e-03 1.7057841216e-02 -4.3595689165e-01 1.0573256498e-01 2.6438260718e-01 2.9058359108e-01 -4.6437334387e-01 4.3951240613e-01 -8.5783585884e-02 5.0978465054e-01
-1.8546236374e-01 1.5612404230e-01 -1.2976206856e-01 2.7236557932e-01 7.4072390945e-02 -1.4182409603e-01 2.0024184705e-01 -1.8695725620e-01 -6.1252420125e-02 -2.8057628382e-01 6.2719310879e-02 1.3799464135e-01 -1.6431558332e-01 3.9351025367e-02 5.8925074751e-02 5.0720516931e-02 -2.1660731766e-01 -1.5487490051e-02 2.3627892056e-01 -3.9427671570e-01
-1.6296321332e-01 5.3985480513e-01 -2.3937693887e-01 7.8721207154e-02 2.5744804016e-01 -4.3408031416e-02 1.6570333737e-01 1.8368729298e-01 -3.1993872905e-01 -1.6853814366e-03 -5.4222937869e-01 1.6133073229e-01 1.4600760127e-01 1.0067738653e-03 6.6603436818e-02 -2.4880585831e-01 -1.5905749911e-01 -2.4693095114e-02 -1.0733308416e-01 -4.0644171859e-03
-2.1838653720e-01 -1.3008465676e-01 -9.0286611578e-02 -1.6069609166e-01 -6.2673814008e-01 -3.5354197558e-02 -8.4581369793e-02 7.5307253226e-02 1.2589734313e-01 5.6908005479e-02 -1.3176382679e-01 1.6615599943e-01 7.3791568490e-02 -3.1458373371e-02 2.9658172179e-01 1.3136396041e-01 -1.7650462582e-01 -2.5098757452e-01 -6.3409042247e-02 1.1605662310e-01
2.2262478935e-01 1.3500382082e-01 -7.9174997232e-02 5.1635931337e-01 -3.7326240272e-01 -9.2237054530e-02 3.7574550308e-01 -1.0303139648e-01 4.5635820199e-01 4.8827371717e-01 -1.5183231207e-01 -1.3872614526e-01 1.2882341856e-01 5.1710198648e-01 2.6074817796e-01 3.4869039217e-01 1.4092280036e-01 2.2467626102e-01 -2.1041469263e-01 1.4453281052e-01
4.3183435479e-01 5.8950078535e-01 -9.4020972683e-02 1.4804275566e-01 -3.9380251911e-02 1.9487936443e-01 5.3804608629e-01 2.1884831967e-01 2.5728113531e-01 5.8749279522e-01 5.0513330080e-02 -3.9224286255e-01 -1.1796803277e-01 2.1643264655e-01 1.5916435384e-01 -8.8842842600e-02 -2.4590617752e-01 5.2952629239e-01 3.7158961513e-01 2.1796950624e-02
-1.7259270053e-02 -2.2549821037e-01 4.5925828677e-01 4.1516637841e-02 2.5702279256e-01 6.9157258425e-02 -3.4211164452e-01 -7.6846662327e-02 -5.2335113853e-01 -2.0624109685e-01 7.2176733418e-02 1.5205109894e-01 -3.2183494895e-01 9.9343327207e-02 -3.3826927484e-01 -3.6589272397e-01 -2.3747562262e-01 -3.4110619783e-02 3.3792333871e-01 -3.1547762910e-01
1.8065377651e-01 3.9276071798e-01 3.1065991670e-01 -1.1742613207e-01 1.8594991980e-01 4.5634899806e-01 -2.3811525973e-01 -1.5102572967e-01 9.2249181971e-02 3.8910371431e-02 1.2918160463e-02 -1.9689518624e-02 1.2853026707e-01 -3.1022464502e-01 -8.1604684061e-02 -2.8281911688e-02 9.4041058334e-02 -6.0249088190e-01 8.6246156187e-02 4.8959590250e-01
4.0540293310e-02 -6.6351416568e-02 -8.6815708502e-03 -1.0727322848e-01 -7.2200813770e-03 3.9345324760e-01 3.3900541459e-01 2.7027796441e-01 -1.0642722188e-02 -6.1782558477e-02 5.9308681865e-02 -9.9845789122e-02 -1.5115702982e-01 -2.1628404353e-02 -2.1317924339e-01 -2.1553136040e-01 1.6235689570e-01 9.9232256917e-02 -4.3346346748e-02 -2.8086351129e-01
1.3843535167e-01 -9.4088045942e-02 1.4181366861e-01 3.1196833034e-01 7.6789236959e-01 -3.9416749246e-01 -5.4265145459e-01 -1.3972097040e-02 8.0919705331e-01 -2.0262348424e-01 1.2857000021e-01 4.6710776202e-01 5.0154644622e-01 -4.6476987270e-01 -8.3247285033e-02 8.0052953313e-01 -1.9023889070e-01 -5.2871347946e-01 -4.6099599282e-01 -2.1604245944e-01
1.4218106397e-01 -1.9667659878e-01 -2.0489184671e-01 -2.6200595558e-01 -2.0718373625e-01 3.5811524741e-01 1.6568932712e-01 2.8442303061e-01 2.1113354469e-02 2.7802424332e-02 1.7103411898e-01 -3.2142147131e-01 -1.4060949627e-01 -1.8919304882e-01 -6.5261527877e-02 3.4453343272e-01 -4.3018130482e-02 4.9369790620e-01 2.5539076769e-02 1.9860113988e-01
-4.3026764956e-01 1.7268246150e-01 -1.8871018514e-01 5.3901264585e-01 -2.7997368652e-01 -4.3157949965e-01 -1.8326464321e-01 2.8724271819e-01 -2.0459757537e-01 -1.1671567871e-02 -1.3276366014e-01 6.4090678559e-02 -1.1753444911e-02 4.6698262307e-03 1.0870678570e-01 -5.8592589852e-02 7.2469645530e-02 3.9814612919e-01 2.7932934869e-02 -4.7145273665e-01
-7.5151794900e-02 -3.3114288941e-01 3.8538855550e-01 2.1707100903e-01 1.9123753888e-01 2.2829112288e-01 -6.2830132392e-02 -2.8615269649e-01 -1.4433152032e-02 2.2756690502e-01 3.1945275823e-03 2.9329050607e-01 1.5859380608e-01 6.9631345084e-01 8.6043784403e-02 1.0119986271e-01 -2.7279075486e-01 2.1375291975e-02 1.7880142564e-01 3.4909009761e-01
-2.7418040932e-01 -2.6939875610e-01 -1.5984958089e-01 -2.4087063370e-01 1.9297353765e-01 9.7434897329e-02 2.0215601719e-01 6.3246903260e-02 6.1922283398e-02 -1.0846030082e-01 -2.8321137756e-01 1.9628515388e-01 -2.7309398812e-01 1.1559443921e-02 -4.7232117344e-02 -2.5257065083e-01 1.1429095516e-01 1.6554196108e-02 7.1113832727e-02 3.1289263896e-01
