9.6881980089e-03 2.6836771588e-01 -1.1904585953e-01 -1.6125107759e-01 -2.1449527056e-01 1.4294823873e-03 -1.6113192626e-01 -1.4530267409e-01 -1.6318857345e-01 1.1931525409e-01 -1.4795634752e-01 -1.7599058617e-01 -7.1500612767e-02 3.2490513068e-01 1.6272951639e-01 -2.8551089020e-01 1.6804215093e-01 1.6515374425e-01 -5.8428233718e-02 -1.7309321457e-01
3.6243012193e-02 -1.8365438940e-01 -6.3432051003e-03 2.1635662490e-01 2.6771973800e-01 -2.8856345579e-01 -2.5245390444e-01 2.4302081188e-01 9.6506674616e-02 1.9985574098e-01 1.7005044454e-02 2.7315608114e-01 1.4177690844e-01 -4.9084152566e-02 4.4825619455e-02 -9.1642798393e-02 -6.5475010220e-03 4.2984533065e-01 1.8427232392e-01 6.6857392375e-02
-1.6876044281e-03 -2.2231464894e-02 -2.4583724104e-01 3.9031654892e-01 -1.8943745935e-01 4.8696024147e-02 -1.6440892649e-01 -6.7101420771e-02 1.6276784796e-01 2.7383093059e-01 -2.0208053220e-02 2.1554520212e-01 6.1587336463e-01 3.4025488574e-01 -2.1584227816e-01 2.9582185058e-01 3.2597015749e-01 5.6098702882e-02 -1.3575197957e-01 -1.1192786630e-01
2.0398228478e-01 -4.8545810120e-01 8.6054278161e-01 1.9270214676e-02 2.7476722389e-01 -1.2727698613e-01 1.3976323558e-01 3.2428748272e-02 -1.9863570636e-01 -1.2728034605e-01 -4.9944365532e-01 -4.8869516441e-02 -1.6133839934e-01 1.4222315710e-01 -1.7216954881e-01 -2.6296526442e-01 5.0969834906e-01 7.7283322105e-01 2.5750867243e-01 5.0168516747e-01
-6.3752331455e-02 -5.1981607051e-02 -2.1293518652e-01 3.8775382916e-02 -9.7797415710e-02 2.6887743790e-01 8.8241153930e-02 -4.5129614377e-01 2.5241025467e-02 -9.2999743383e-02 2.2781343817e-01 -2.3567336311e-02 3.1805071606e-02 -4.8961010171e-01 1.0276603416e-01 -1.0686597287e-01 4.6758255677e-01 -4.3778340098e-01 -3.7466041372e-01 2.0333885760e-01
4.4438366002e-02 1.2435729441e-01 8.2056259543e-01 -3.0494846948e-01 1.9125425023e-01 -1.4299439622e-01 1.5732318963e-01 7.0231117429e-02 -1.1133611281e-01 -5.0411054326e-01 1.5843596766e-01 2.3764380499e-01 -1.6358421205e-01 1.2599618923e-01 4.9071774426e-01 4.1127059298e-02 4.1023099486e-01 5.3929539081e-01 5.6840321842e-01 -4.2647449608e-02
-9.1492355368e-02 3.8222860251e-01 -2.2724519679e-02 5.0543927925e-01 1.4805036591e-01 7.7563728376e-05 4.5702847208e-02 -3.1950597175e-01 3.0147603753e-02 3.1264886212e-01 -2.2199039266e-01 -1.1000170937e-03 6.6536936278e-02 -2.8558420494e-01 -1.4323021695e-01 -1.6281167516e-01 3.7407898989e-01 2.0236178015e-01 3.5285692226e-01 1.1308879771e-01
-1.9880050219e-01 -2.2677914301e-01 -4.1998323724e-02 -2.3927894814e-01 -9.6827561624e-02 1.3088902455e-01 2.4548207381e-01 -5.8271736579e-02 3.3394280064e-01 2.2193409817e-01 -1.1584716480e-01 6.4495232519e-03 -9.7778655175e-02 1.9992502133e-01 1.5442396829e-01 -2.0281010168e-02 -1.2584979668e-01 -2.2057139489e-01 -9.8245590388e-02 -4.4091538294e-01
2.9655349223e-01 -5.1717826306e-02 1.3243674913e-02 1.9363445457e-01 5.5660074792e-01 -6.0281262887e-03 -1.0275103512e-01 2.9373578662e-01 6.6060629308e-02 4.3473857319e-01 -3.3258045921e-02 9.5204333389e-02 1.6823570127e-01 -3.7520834851e-02 2.0404524698e-01 -2.8923934268e-01 4.5367422927e-02 -1.2450555560e-01 -1.3944398833e-01 -2.5398966163e-01
-1.8082724252e-01 1.7153211089e-01 -2.8834197946e-02 2.4309400974e-02 -3.0334886791e-01 -2.4087150632e-01 -2.4262769137e-01 -4.8181803202e-02 1.2377946141e-01 2.3084831057e-01 -6.0114879212e-02 -2.5832029135e-01 -2.8694929229e-01 -1.9855474725e-01 1.4717560156e-01 7.1853885654e-02 -3.3348726429e-01 2.2173957574e-01 -1.4313630269e-01 1.8124250259e-01
2.1045431990e-01 8.2625812956e-02 5.7808854795e-01 -4.3957485191e-01 1.9299608801e-01 -1.9525056572e-01 2.4305243636e-01 -7.1263379673e-02 -1.4890824796e-01 -1.7235127311e-02 -2.1277942714e-01 -3.5457903730e-02 1.3239983463e-01 -1.7492938754e-01 7.0152502719e-02 -1.1256064081e-01 1.9127830380e-01 9.2870936029e-01 7.4231571985e-01 1.0087517974e-01
1.6104227486e-02 3.6048406511e-01 4.6520562826e-02 6.8687330056e-02 -2.2077154881e-01 -8.9894873965e-02 -3.1793556413e-01 -1.0186190817e-01 1.5049669135e-01 1.0639505466e-01 4.9765300540e-03 -7.1112831042e-02 1.0687791215e-01 1.9313888559e-01 4.0145976058e-02 1.3217953292e-01 4.1195120219e-02 -2.2504314283e-01 -1.7787164361e-01 4.2449841337e-01
-2.2666152373e-01 1.2646789998e-01 -8.0729388371e-02 6.5699082276e-02 -3.4517154903e-01 -1.5395647856e-01 8.8764320515e-02 1.5619353884e-01 -2.8836145936e-01 2.2638381473e-01 6.2353186940e-02 -9.2022521819e-02 4.4917872643e-01 -3.3067909227e-01 -3.3409908681e-01 3.0182885497e-01 -3.2248257302e-02 1.7289901110e-01 1.0742353816e-01 3.5124492845e-01
2.5644107453e-01 9.7432619043e-03 -2.2553227732e-02 -7.6858060049e-02 1.9121112884e-01 -2.9065192394e-01 1.3654800684e-01 4.6119523952e-02 4.3760808082e-01 -2.8262445760e-01 3.0040489622e-01 -2.8152929433e-01 2.6698266018e-01 -2.1590904827e-01 5.4391248117e-02 4.2071339075e-01 -5.1457652643e-02 4.8201366366e-02 5.6147010762e-02 -2.8170825256e-01
-1.0003985251e-01 -3.6702987255e-01 -2.1870365767e-01 -1.9379132935e-01 5.5332118145e-01 -2.1413261277e-01 3.3127952468e-01 -1.4255340915e-01 -5.9141135635e-02 -1.1193722351e-01 -1.0555638832e-02 5.6601507859e-02 -1.4351630091e-01 -4.4723757543e-02 -1.9433485260e-01 -1.5350919294e-02 2.7671227997e-01 3.1207599108e-01 1.2746507338e-01 -1.9028292233e-01
2.5007612454e-01 -1.9843099610e-01 6.4343248263e-01 -8.9761841932e-02 1.2954103321e-01 -3.7764309105e-02 4.4222497171e-01 1.3212013278e-01 1.0308355830e-01 8.6613988029e-02 -3.1670271797e-02 1.8032498772e-01 4.3714913554e-01 -8.8837004841e-04 7.9902342691e-02 1.2671137438e-01 1.1811775357e-01 1.4891757858e-01 1.4275253964e-01 -3.9654713658e-02
-1.8622986226e-03 -8.9177714603e-02 2.9568458812e-01 3.6132753552e-01 1.8084527107e-01 -1.0275615767e-01 -7.5056209100e-05 -5.6466424415e-02 -3.6520995724e-03 -1.3859524028e-01 5.8287073223e-02 1.2912047270e-01 -1.0726852302e-01 -2.7534247630e-01 1.4553614264e-03 -1.7624631893e-01 1.9275626205e-01 -1.5852209374e-01 3.9182982459e-01 -2.0095977666e-02
1.8538557307e-01 -1.8287568594e-02 -1.0006284525e-01 8.9691583344e-02 -2.2895419899e-01 -1.7706411897e-01 -4.0398419947e-01 1.2086730731e-01 -1.5087049303e-01 -2.7607893480e-01 -1.1185968373e-01 -1.9418798214e-02 2.5059551672e-01 -3.9351889316e-02 1.5014845476e-02 4.7748977965e-02 -1.8877740830e-01 1.9537934908e-01 1.1790155277e-01 -4.0383685991e-01
-2.2601768044e-01 -1.6659017142e-01 3.2731058460e-01 -1.2540657435e-01 9.7919829601e-03 1.0148396525e-01 5.0866207567e-01 -1.7553792764e-01 -3.0297427590e-01 2.5574366658e-01 5.8380961522e-02 -1.3054114238e-01 -1.4821578242e-02 -1.2322286989e-02 -3.9450027364e-01 -2.8360112646e-01 3.8954560442e-01 -1.5467570964e-01 5.7761878770e-01 7.3196572158e-03
-2.1136868727e-02 -1.8577249713e-01 -1.5119132796e-01 -2.7382197508e-01 4.8097838630e-01 3.5667242503e-02 -2.7811060071e-01 -3.9360174009e-02 -9.9357663471e-02 -2.0170587743e-01 -6.3217076097e-01 -4.5559149943e-02 -4.7189791398e-01 4.8388289189e-02 -1.0570263314e-01 -1.6479537299e-01 1.9381056405e-01 -7.4422700470e-02 -8.9648929901e-02 4.3593256205e-01
