2.8142317098e-01 -4.1698259028e-01 -1.0000922867e-01 1.2527196368e-02 2.7533882221e-01 2.1239839142e-01 -3.3383108018e-01 3.2127700584e-01 -6.8526798921e-01 1.8311172002e-01 2.4252280741e-01 1.3692748661e-01 -2.4747675994e-01 -9.6929130196e-02 5.8815054556e-02 -4.3279451782e-01 4.3567209593e-03 5.8061968972e-01 -8.2450808685e-02 1.3849208867e-01
-8.3133660799e-02 -1.6356713088e-01 2.1714937114e-01 2.8982260358e-01 2.5817369382e-01 -9.0620399094e-02 1.9905679823e-01 4.4551821631e-01 1.9018347303e-01 3.9048070997e-01 4.5702192443e-01 2.5449857520e-01 -2.4138974972e-01 6.2499736863e-02 -6.9965698781e-02 -2.1085438350e-01 7.0370282877e-02 -4.1171312519e-01 -3.4505729082e-01 -1.7424703515e-01
-2.6230230838e-01 5.5056948221e-02 7.3042324626e-01 -1.0006523175e-01 -1.5094331228e-01 3.4898366096e-01 -3.1118449490e-01 1.3070985536e-01 2.5514496292e-01 3.1286916170e-02 -7.7382536636e-02 -9.6273438786e-03 8.8783491991e-02 6.5774546540e-02 1.6971829054e-01 1.8431733304e-01 -2.5899597279e-01 -1.0119396860e-02 -2.1380987309e-01 1.2669806061e-01
-2.4009808731e-01 -2.9162035366e-03 -3.1223401886e-01 -6.1593475289e-01 3.9778066932e-01 9.3096311004e-02 3.7005805172e-01 -2.4898707795e-02 2.0337985196e-01 2.6890063081e-01 7.6139914657e-02 1.0044831843e-01 1.4405884988e-02 3.6473113672e-01 3.9022642757e-02 -7.6926881072e-02 6.4049484029e-02 2.1299180069e-01 -5.0475479418e-01 2.4420056649e-01
-2.8246953345e-01 -8.5143485707e-02 2.8724984631e-01 1.6988062093e-01 -3.3747034624e-01 5.3120733050e-02 2.4106213242e-01 1.1257534710e-02 -2.2597527271e-02 3.2602266901e-01 3.9166725557e-01 -3.6522376419e-01 2.2366823754e-01 6.4081434614e-02 -3.0826815940e-01 8.6467209663e-02 -2.8093042853e-01 1.1370423239e-01 1.0744018321e-02 -1.9104861292e-01
-2.1292310006e-02 -3.7008964177e-01 -4.1264625651e-01 1.4195989392e-01 -2.1636518041e-01 2.5973674655e-01 -2.9014235265e-01 -2.7983703427e-01 -4.6489367527e-02 1.9831873592e-03 -3.0827167120e-01 6.8390842507e-02 1.9267620449e-02 -2.3811993557e-01 -2.4741354861e-03 -1.7947684589e-02 -1.4530695411e-01 -7.9621701968e-02 2.0851291757e-01 3.2493188873e-01
2.4592062243e-01 1.6357387469e-01 1.1767167338e-01 -7.5279731506e-02 2.9356291114e-01 1.7797353874e-01 -2.4433398902e-02 -1.3583152013e-01 1.8233916138e-01 3.5782359607e-02 3.0152928342e-01 3.7522180381e-01 1.7370773644e-01 5.7696135716e-02 -6.2127984149e-02 -2.8338205833e-01 -4.0138387995e-01 -1.3249095137e-01 -2.4223743645e-02 1.0950499729e-01
-1.5074992129e-01 -1.6202029323e-01 2.5777379828e-01 -4.5371833876e-02 -8.1512247172e-02 6.5027953570e-02 -3.8698047374e-02 1.6740671284e-01 -8.9246546531e-03 -3.1914253322e-01 -1.4347552633e-01 -1.2255353227e-02 -4.6127417815e-02 5.8090420894e-02 -7.9492366919e-02 2.4389344037e-01 -2.5740172021e-01 -1.6111056717e-01 2.2134011373e-01 1.2903215826e-01
-7.7969017086e-02 3.9743683371e-01 9.1433868750e-02 2.0752320311e-01 2.4039327428e-01 -1.0632759979e-01 3.0922655148e-01 9.7977975372e-02 8.2766776120e-02 -7.5606332233e-02 -1.9014233121e-01 -3.5261202790e-01 1.6372388691e-01 -1.0086273301e-01 -5.3939769442e-02 1.5805685866e-01 -6.8926227869e-02 -2.7603322025e-01 -5.0724507136e-01 1.8393850074e-01
5.8483462647e-02 1.2234754257e-01 -1.6145867707e-01 9.8868156286e-02 -2.7996173194e-02 -3.3733825054e-01 -3.8008078375e-02 3.2095586922e-01 6.2917775698e-02 1.9993326324e-01 2.4717471479e-01 2.4639931603e-01 -3.1023070465e-01 -1.3069149032e-01 -2.5055760049e-01 8.1304108580e-02 -3.8486737441e-02 9.5344513651e-02 -2.6627338355e-02 -3.9047014729e-01
-2.2353172362e-01 -2.7527806311e-01 1.3004057482e-01 -2.2605419747e-01 -3.8792960909e-01 1.5443761249e-01 5.5074660925e-01 -3.5115119406e-01 8.2919776146e-02 9.6243538346e-02 -2.0981918488e-01 -2.1697225517e-01 5.3009243810e-02 -8.6005881119e-02 2.3210108155e-01 -2.9851281565e-01 1.1620428045e-01 1.0431964126e-02 -3.3416893287e-02 1.4912320974e-01
2.2790662353e-01 -2.3925322639e-01 -1.3676986273e-01 -1.8850585461e-01 1.7998687870e-01 -6.4859122220e-01 7.5861304769e-01 1.4223261843e-01 1.9302834453e-01 -3.5341051120e-01 4.6903226480e-01 -7.7758436982e-02 -9.1946977602e-02 -1.8510156679e-01 -3.5666410372e-01 4.3237945663e-01 -8.4430420400e-02 -4.1778040507e-01 1.1769529535e-01 -3.5572622166e-01
-9.1720447194e-02 4.2933587216e-01 -1.2404084901e-01 -1.3089077988e-01 -1.8430235708e-01 -1.5613010989e-01 -1.2050664433e-01 1.6444450530e-01 1.3660422217e-01 3.3201100664e-01 -9.7903246714e-03 -3.3417128518e-01 2.3215717303e-01 1.9237838194e-01 -8.1972575425e-02 3.2619615805e-01 2.5103377156e-02 -3.1978386531e-01 -4.2886500499e-01 -1.7327975145e-01
2.1060598311e-01 1.3705518966e-01 -1.4981478285e-01 3.5831360447e-02 7.1236713651e-02 1.4935350109e-02 5.4849585217e-02 -2.7656455538e-01 -2.3404421915e-01 2.4965658227e-01 2.1886604620e-01 1.1119126866e-01 2.4605763546e-01 -5.3550332279e-01 -1.0764888697e-01 2.0094371390e-01 -4.1076901444e-02 1.5726697426e-01 -1.4535854146e-01 1.2132654238e-01
-1.2581101363e-01 -2.0118168415e-01 1.0765641247e-01 -1.8179565148e-01 1.0493938083e-01 4.2631511297e-01 3.8896893492e-01 -2.3636580731e-01 3.2334720513e-01 -4.1354440718e-02 2.3362385151e-01 2.6042204409e-01 -3.4514729455e-02 -3.9965034387e-01 1.0923298341e-01 -3.4683608348e-01 -6.0340378397e-02 3.2764751656e-01 6.9096449402e-02 3.4547431794e-01
6.1374248920e-02 -1.1947179956e-01 1.1415354905e-01 2.6339716256e-01 -7.4605339941e-02 -2.8493326423e-01 1.5857243239e-01 1.0923602590e-01 -6.4311728425e-01 -3.7356024068e-01 3.2328586830e-02 8.3353675629e-02 -1.4229930220e-01 1.3499524213e-01 1.7584825560e-02 1.7309066956e-01 -1.7120810818e-01 -7.3752820507e-02 -1.0461482401e-02 -6.0208915893e-01
5.8195542592e-02 -1.6257295801e-02 1.3043376323e-02 -1.5693338575e-02 -1.5737790500e-01 -2.8055851063e-01 2.3257543583e-01 -3.5242119532e-01 -2.9129418374e-02 -6.4200491796e-02 -1.1556037085e-01 1.9131410775e-01 5.1014785615e-01 1.7996672461e-02 9.0207591329e-02 8.6078355541e-02 -7.3925098969e-03 -5.5488248805e-02 2.3617046587e-02 -2.0125931284e-01
-1.0487020555e-01 -9.4189065483e-02 -1.8664925362e-01 3.4523769658e-03 -6.4207516515e-02 4.9117302855e-01 2.3800764288e-01 9.0905977819e-02 -1.4967725400e-01 6.9680796245e-02 1.1216176373e-01 3.7882865053e-01 1.3361832032e-01 5.1636448580e-02 1.4711602987e-01 7.8174386919e-02 3.2861476075e-01 3.5062149615e-01 -2.6509251632e-01 -1.0931191671e-02
-1.4771522314e-01 -2.1946163205e-01 2.9329524847e-01 4.3751143324e-02 7.6381383563e-02 4.3453901725e-02 -4.3702910690e-01 1.9662085792e-01 3.9661079445e-01 8.6972294849e-02 -4.9190944291e-01 9.6003540146e-02 -6.2695038341e-02 3.2361238434e-01 1.0764361864e-01 5.9250190404e-02 1.6683504529e-01 2.3576318863e-01 -5.1396065165e-02 -1.1884462104e-01
-9.2345035980e-02 -1.7994511711e-01 1.4008626923e-01 2.3710636508e-01 -1.7704477327e-02 -1.6527845695e-01 -1.2920570404e-01 6.4359966858e-02 -3.7441291012e-01 4.1645764696e-01 8.2787339675e-03 3.3466444247e-02 1.2371223511e-01 -2.5870211660e-01 1.3273424993e-01 2.3778065315e-02 4.0132628110e-01 1.6030533657e-01 1.9990670916e-02 8.6569057449e-02
