-7.6926935660e-02 -3.7355900710e-01 -1.0344282140e-01 2.8299386783e-03 4.6948813588e-01 -1.6749173566e-01 -1.0476386648e-02 1.9434357647e-01 1.6550131266e-01 -4.4227860345e-02 -5.4035336896e-01 1.4469474952e-01 1.1463315561e-01 -2.0445694397e-01 -1.6253876213e-01 7.3759132873e-02 1.6928922412e-01 -2.0213327834e-01 8.8762542521e-02 1.2497061812e-01
1.8123621402e-01 -1.0757925338e-01 1.8849529338e-01 -7.5745753994e-02 1.5872946922e-01 -3.4257656640e-02 -9.0369117824e-02 -8.4441932743e-02 4.4102873259e-02 -2.7382417107e-01 -2.1331703373e-01 -1.4264324095e-01 4.6445588964e-02 -1.9816333173e-01 -1.8547140062e-01 -5.2790388407e-02 -1.8426452753e-01 1.5440989195e-01 4.0161045010e-01 -2.7236806063e-01
5.9544723674e-01 1.8884828713e-01 -3.8153685964e-01 -1.6876472365e-01 2.1948060791e-01 -9.5020433552e-03 -6.5796563825e-02 1.1459229139e-01 3.8157641216e-02 3.7760405225e-01 2.9327239540e-01 4.3741512171e-01 1.4048632453e-01 -2.1891724318e-02 -1.0574035661e-01 -1.1025161920e-01 -2.3220478232e-01 2.8560887088e-02 -1.9706864740e-01 -2.4429641164e-01
3.5212531815e-01 3.5830484361e-01 2.9383292497e-02 -2.1229983374e-01 3.0358347227e-01 -8.0547802643e-02 2.9450757481e-01 -1.3471399533e-01 -3.8087342894e-01 1.3430912321e-01 -7.1666749596e-02 -1.5026884354e-02 -4.0254602650e-01 1.1167679729e-01 7.6784436638e-02 -5.2226233388e-01 -4.0688887994e-01 2.5005764941e-01 3.4363965571e-01 -1.2544307919e-01
1.6908491042e-01 7.7185885264e-02 4.5546653733e-02 -1.9038988999e-01 1.0255423719e-01 5.1863909138e-02 -3.2014712063e-01 2.6014342004e-01 3.4395235909e-01 5.7854069202e-02 9.8906603270e-02 -8.4509553558e-02 -1.0568421941e-01 -5.6253683131e-01 1.0740337707e-01 -1.4113805929e-01 4.0395620981e-01 5.0393962385e-01 1.4663743271e-01 8.0386932159e-02
7.6949181765e-02 7.1667678300e-02 -1.5037113827e-02 9.0433357783e-02 7.3592611614e-02 1.9895491515e-01 -5.7881375603e-01 1.4711119708e-01 3.7298302756e-01 -1.2907362383e-01 3.8851993289e-01 -1.0468007470e-02 -4.3910658582e-02 -1.9825157451e-01 1.6722248283e-01 2.5628179971e-01 1.6109099091e-02 8.2598962085e-02 -1.7208686750e-01 2.5197945972e-01
3.2495519011e-01 -3.1658067299e-01 -2.9866989504e-01 -2.4580206464e-01 -3.4263790756e-01 -3.4179779342e-02 1.6301083571e-01 -1.5768002965e-01 2.3066226358e-01 -9.2805072932e-02 -4.3349288540e-02 -2.2484124067e-02 -1.3251027468e-01 -9.0717181176e-02 -3.1822357090e-01 -2.5851149039e-01 -7.9995078440e-02 2.2007160031e-01 9.3515659087e-02 -7.7615422321e-02
-4.0654112276e-02 -3.4391628916e-01 -5.4305894087e-02 1.8109260090e-01 -2.0545483218e-01 -4.6156310639e-01 3.2892867349e-02 -2.6505347599e-01 1.8102161853e-01 -5.3699635355e-02 2.6081896149e-01 3.4363817557e-01 -4.3544693280e-01 1.1968924544e-01 -3.3756124077e-01 3.3768327868e-01 -3.4521171443e-01 1.2189993185e-01 2.0918785618e-02 2.7340786678e-01
3.9043834314e-01 -1.2822684882e-01 -1.3197744415e-02 -7.1143196398e-02 1.1380346522e-01 -2.7309663711e-01 -1.0386528119e-02 -4.2983653614e-01 -4.0203092843e-01 4.1933429922e-01 3.3884406802e-01 -5.5153461034e-01 1.2715536749e-02 -4.0958408958e-01 2.0230759279e-01 2.9252042716e-01 -1.2892026992e-01 -2.5503785462e-01 8.2093393932e-02 -1.1140013837e-01
1.5944257876e-01 -3.2652762778e-01 -6.0436823130e-02 4.5898467613e-01 5.5550479100e-02 -2.2164885290e-02 -5.4642722578e-01 4.0046884371e-01 1.6551671868e-01 -2.4205369842e-01 -4.5816646294e-01 1.4665156046e-01 -5.0691502025e-02 -6.5141166039e-02 2.5859237751e-01 -1.4303570662e-01 1.3646736889e-01 -2.3520642464e-01 -7.4090821217e-02 1.2498384031e-01
3.8395786197e-02 2.5645053601e-01 2.5557849193e-01 2.3428242826e-01 -4.5911552855e-02 -1.2573366239e-01 7.1829228436e-02 4.3772651114e-03 -2.4324407329e-01 -1.7609123733e-01 -3.4657652936e-01 -1.1151810602e-01 1.2253981872e-01 8.1999588858e-02 1.7093820898e-01 -5.7506225257e-01 -3.5058519258e-01 2.3457196310e-01 -2.2369492908e-01 -1.2311123491e-02
2.1571579162e-01 -2.3961717525e-01 -3.1396242994e-01 3.9823574990e-02 4.8998358097e-01 -1.8728172544e-01 7.3078953128e-02 1.9660449843e-01 -3.6779866936e-01 2.9040616237e-01 6.1825573264e-02 1.6369401441e-01 4.9420246029e-01 1.1620797850e-01 -1.4272317595e-01 3.6326578254e-02 1.6852010601e-01 2.3996531710e-01 -2.4860526168e-01 -7.4192223569e-02
-1.9316326715e-02 1.4952462837e-01 5.2057382031e-01 1.4357565798e-01 2.2896016149e-01 -1.5008767240e-01 1.5721046485e-01 1.4563081748e-02 4.7470699906e-02 -2.7886133422e-01 6.0794296721e-02 -3.5968960609e-02 3.6327819691e-01 -2.0105744324e-01 -6.6573753092e-02 1.3536513207e-01 2.5888930145e-01 7.1709640211e-02 9.7453149554e-02 1.5524147671e-01
-1.1456331440e-01 2.8645813790e-01 2.7779002471e-01 -9.7329734723e-02 2.6503164871e-01 -1.6714663831e-01 1.7842157275e-02 9.8080848989e-02 -4.7333663464e-02 -2.2208496517e-02 3.0201544662e-01 7.0112621552e-02 -1.1122965540e-01 -1.5511708021e-01 -7.1112400358e-03 4.3821071289e-02 3.7611285720e-02 -1.8745105094e-01 2.7988114896e-01 -7.7183090667e-02
2.2553990769e-01 -4.6260809493e-01 1.3097656237e-01 1.1311739808e-01 -2.3455103878e-01 2.0106102259e-01 1.4586690114e-01 -1.4204901618e-01 2.4432582130e-01 -1.7614122817e-01 1.4879255748e-01 -1.2048638897e-01 -1.3762236117e-01 1.8160547523e-01 6.5358034873e-02 1.4290040031e-01 1.4680612117e-01 -1.6734349133e-01 -3.8656435623e-02 2.0508226371e-01
-2.3091687936e-01 -2.1792613883e-02 5.1030303987e-01 5.5619698131e-03 1.3647718293e-01 5.6261518918e-01 -1.2010435383e-02 -6.5310335838e-02 -1.2812958061e-01 -2.8386428846e-02 -7.4165298957e-02 -9.3755179745e-02 4.1381535009e-01 -6.7288592306e-02 -2.0398456622e-01 -5.1128901297e-01 -2.1148405038e-01 -3.3524775433e-01 -2.3392036736e-01 -2.5090884832e-01
4.2819143467e-01 2.1499561169e-01 6.9404874233e-02 3.6232888490e-01 7.9475485187e-02 3.9163837140e-02 1.6824983365e-01 4.0616114020e-01 3.5697476840e-01 7.4049801826e-02 -1.5987145530e-01 -6.5940371399e-01 -2.9520601304e-01 -7.4699619651e-02 -1.9094709333e-01 -5.2507587540e-02 -3.9418868392e-01 1.6482866948e-01 6.6135157477e-02 -2.5657431916e-01
-2.6892812298e-01 -4.9631856419e-02 1.8443571110e-01 3.2075943537e-02 1.2270657224e-01 -2.7507860018e-01 -3.1949125744e-01 -8.7486184786e-02 -1.7486671095e-01 -1.8407069873e-01 -4.1466278036e-01 1.4599462487e-01 -2.5835770743e-01 1.5460864569e-02 4.2323259949e-02 1.8633168088e-01 -2.2707510573e-02 3.4032458876e-01 1.0404974624e-01 3.3705459444e-01
-3.1042087709e-01 -4.8392646611e-02 -2.6647447004e-01 -4.1500428212e-01 -1.3066774818e-01 5.8091678785e-02 1.5227749311e-01 9.4190711280e-02 -5.3437442597e-01 1.5503288728e-01 -9.6085666908e-02 -5.6601395753e-02 1.6447813432e-01 -5.3086094911e-01 7.6258721046e-02 2.9025176086e-02 1.9451512227e-01 1.9726107028e-01 -5.5413093552e-02 -1.9043253913e-01
1.8657568852e-01 -2.2453227753e-01 2.6241705691e-02 4.0432114558e-01 4.6217768076e-01 -4.8687401592e-01 2.8732552610e-01 1.4961593240e-01 -1.3452704940e-01 -1.8676235813e-02 1.2954255234e-02 2.1888838058e-01 8.4686623704e-02 -2.6401506330e-01 -1.0224393269e-01 8.8302488692e-03 2.7181078843e-01 -1.6305733220e-01 -3.0862557851e-01 2.9174958509e-01
