-4.5171545831e-02 6.6519895506e-01 4.5930812765e-02 -1.6870433155e-02 -5.3077493685e-01 -4.2288829281e-01 -1.2528552527e-01 3.3884967952e-01 3.6298220194e-01 2.5299632091e-01
1.6286818535e-01 2.2762120170e-01 4.4093819877e-01 3.0847166423e-01 -9.7432608868e-02 -4.8987915917e-02 8.0924343338e-02 -8.5754516756e-02 -1.2331594116e-01 1.2658393044e-02
1.8718260552e-01 1.8329731568e-01 -2.2832943047e-01 1.2963819889e-01 -1.2649102137e-01 -7.2639101228e-01 9.7151142107e-02 2.3327836299e-02 1.5323959159e-01 -1.3236997191e-02
2.6884828416e-01 -7.7106602433e-01 -1.3470218809e-02 -4.6611930002e-02 1.1195441588e-01 -9.1663330370e-01 -1.4603094076e-01 -7.2324390010e-02 -3.1331655230e-01 -1.5964858776e-01
-2.2747810055e-01 1.9747710239e-01 -3.8835449952e-02 2.4539396491e-01 4.3564865975e-01 4.6334048056e-01 -7.0110321826e-02 -5.5978665190e-02 9.7022341328e-02 -2.4748087194e-01
4.0345502851e-01 -4.9029683836e-01 3.3476566516e-01 -6.3767059199e-02 6.2124677896e-01 5.5577301635e-01 1.0993539716e-01 2.1630894457e-01 7.6437449832e-01 1.5643749117e-01
4.9843685269e-01 3.0853755159e-01 -1.2030668682e-01 6.9548533852e-01 -3.3202963782e-01 -7.1869110419e-01 -1.1934462896e-01 -1.3634499095e-01 4.0281952295e-01 2.2407479717e-01
-5.2470779969e-01 -1.4274595466e-01 -1.2446828264e-01 5.4942370224e-03 -3.3137075198e-01 -4.1006900481e-02 1.8512749659e-01 1.8647068116e-01 4.2394346461e-01 8.0850475968e-01
5.6309554179e-01 -2.4443487769e-01 3.1663527468e-01 -1.7793742921e-01 -3.2520488861e-01 2.9533428386e-01 -5.3163836190e-02 -8.6741585229e-02 -1.3160516115e-01 3.5302277533e-01
2.2051791440e-01 -1.0605118503e-01 -2.3367976953e-01 3.2757832321e-02 2.7129501073e-01 3.7680300543e-01 -3.5367040321e-01 -2.8956032818e-01 2.9017090290e-01 -5.7027170905e-01
