-2.7843861995e-01 3.7179359695e-01 8.0463764394e-02 7.9154668794e-02 -1.0717959204e-01 6.1742713049e-02 -1.7111437648e-01 2.3316809656e-01 -3.5036931874e-01 -2.9356035603e-03 -1.0653107548e-01 1.7276775227e-01 1.0787696891e-01 -2.0560383189e-01 7.5089667121e-02 5.7795196942e-02 2.7342257110e-01 -6.8897869206e-02 2.3431295683e-01 2.0149274591e-01
2.1094255178e-01 -9.8754087187e-02 -1.1944030394e-01 -1.0813766606e-02 -1.9656939017e-02 -2.2717771686e-01 -2.2146165941e-01 5.2619245233e-02 -3.1872745943e-02 1.9610023359e-01 4.8722602392e-02 5.4120822494e-02 5.0471527293e-01 1.9916571002e-01 1.0088280585e-01 -4.2133811266e-01 5.6508344597e-01 -1.4158323767e-02 -2.9801098933e-01 4.2515436831e-02
-8.3531362268e-02 4.9826478065e-02 -6.5162594423e-03 5.5822622993e-01 1.2177020626e-01 -6.1515084075e-02 3.6268311960e-01 1.9501183052e-01 7.2781924907e-02 -1.0756536810e-02 2.1908760271e-01 -1.6547306101e-01 -2.1640861049e-01 9.4443942862e-02 1.9505890644e-01 -8.6462092118e-02 7.2032014926e-02 1.3084456645e-01 3.2091096693e-01 2.3579006920e-01
-4.0387250109e-02 3.3948887782e-01 2.9916374427e-01 2.3261788365e-01 -1.6630641939e-02 3.7084482892e-02 1.9959134546e-02 -2.1492764669e-01 2.3044638687e-01 4.9579588858e-01 5.8480520890e-02 -1.8416615890e-01 8.7759234751e-02 -8.0321409464e-02 -1.3792492346e-01 8.6940234336e-02 2.3841831695e-01 4.0255939795e-02 -2.9982929996e-01 -1.7314853095e-02
-1.8533592026e-01 -4.9547052542e-01 -4.7937097256e-01 -9.7755761106e-02 8.5393525259e-02 -7.4655804539e-02 -1.1710923588e-01 -3.2021488770e-01 2.0201261038e-01 6.8038471204e-01 3.1868994767e-02 -8.7359166116e-03 -1.8542563637e-02 8.0787075138e-02 2.1840675571e-01 2.5469236909e-01 6.0935269450e-02 1.2961273599e-01 -1.6300812945e-02 4.2236099729e-01
2.2455405451e-01 -1.1913409519e-01 1.7935772242e-01 1.5768156262e-01 -1.9942374629e-01 4.3657957793e-02 -7.3167278422e-03 3.2056317978e-02 1.3872965178e-01 -1.6069958992e-01 5.9715249612e-02 2.7512569166e-01 7.6154707812e-02 -3.0741551632e-03 -1.0110375728e-01 2.4828626827e-01 -3.4268425955e-01 -9.5327326877e-02 1.9465580518e-01 -1.3798965381e-01
-8.0936400587e-02 -2.2177141820e-01 -4.6359738915e-01 3.6236683190e-02 -1.1095310035e-01 4.3492122617e-01 -7.4302008210e-01 -2.0570313650e-01 -1.0257059110e-01 -3.2072497479e-01 2.2459813513e-01 1.2214984790e-01 1.5201422307e-01 -2.3418466590e-01 7.5049565438e-02 6.3492777398e-02 -1.4534585145e-01 3.7075334235e-01 1.5515117854e-01 8.9079999093e-02
-1.0587311579e-02 -9.6886374584e-03 -4.7358269432e-01 -1.3233315058e-01 3.2075340628e-01 1.2623589561e-01 2.2466274248e-01 8.8984713480e-02 2.2723574130e-01 -1.9279803824e-02 8.5741691109e-02 -3.6959187910e-03 1.7341209123e-01 -1.8947011418e-01 3.1180071641e-02 3.1441330446e-01 3.4317738823e-01 1.1183738473e-01 -1.9686484712e-02 -6.4617652179e-01
-2.6209453304e-01 2.2575586571e-01 1.0647478024e-01 -5.0246016592e-02 -1.3742767977e-01 -1.4333884027e-01 -4.8446563363e-01 3.9362116285e-01 3.7345542460e-03 -1.0784044419e-01 2.8732189654e-01 -2.1740374220e-01 -2.9022987622e-01 -3.4991659738e-01 -2.7374661944e-01 1.9888952012e-01 2.6967287683e-02 -3.7963089507e-01 -1.6647807402e-01 -2.3207793346e-01
4.0489371575e-02 5.2912835226e-02 4.2983095624e-02 -5.4223071689e-02 1.2772426408e-01 -1.9735982093e-01 -3.6431599200e-02 -3.0894813544e-01 -7.3912830213e-04 -1.3157907014e-01 -1.4158793909e-01 -3.1218558707e-01 1.3461719909e-01 -1.7674668301e-01 2.2682687101e-01 4.8498861997e-01 1.0321728482e-01 -2.3160086918e-01 1.0485372915e-01 -1.1079023736e-01
-1.8067206695e-01 -8.5607259941e-02 -1.4519182257e-01 -1.1942606427e-01 1.3069873383e-01 -5.0359747187e-02 2.3188676102e-01 -1.5267113030e-02 -4.3739263932e-02 1.1256123199e-01 -1.1111622061e-01 -2.7983989171e-01 -2.4317185988e-01 -1.4653063781e-01 1.9425150573e-01 -1.3419738153e-01 9.1187955671e-03 -4.0496483357e-01 -4.5351280369e-01 -3.3261225446e-01
-1.8168538550e-01 2.3645094285e-02 -1.6155195373e-02 -7.7374860822e-02 -2.2538279059e-01 -7.1694847475e-02 -5.7221646878e-02 1.3634442066e-02 -1.0092666049e-01 1.0668780831e-01 3.7412457982e-02 -4.7932486380e-02 -5.9565661710e-02 4.0647262398e-01 1.5652013923e-01 2.5550658005e-01 -1.6991833507e-01 -4.4884953857e-01 -4.9156600056e-02 -8.9899225038e-02
-9.9988458361e-02 -2.0288807124e-01 -7.5985320930e-02 -1.4820495172e-01 -1.4057369609e-01 -4.3357528909e-02 -8.0442264794e-02 2.7221870506e-02 2.6539517563e-01 4.7346263638e-02 -4.3164508211e-01 6.5841877674e-02 4.3623711505e-02 1.5374379831e-01 1.2324491992e-01 -5.3144464269e-02 -2.4243465480e-01 -1.8375533983e-01 8.3612245187e-02 -1.0895575014e-01
-3.5852847753e-01 6.7748535434e-01 4.2162464233e-01 -1.0326502341e-01 -1.7743820262e-01 1.2806133647e-01 -5.0408155214e-01 -2.3888682654e-02 5.4922065436e-02 2.8726148229e-02 3.1639909967e-01 -9.1186252466e-02 2.0596994083e-01 -2.0027134252e-02 1.8050995796e-01 -3.1298976574e-01 4.3865989979e-01 -1.0356972255e-01 1.2889288375e-01 -7.0895940677e-02
-1.9995814882e-01 1.7957064833e-01 4.9768813418e-02 2.1870828619e-01 -1.3214891219e-01 -4.0240114687e-01 -3.8096164231e-01 1.1192820355e-01 -5.7519573281e-02 -1.9634857112e-01 -2.2732083333e-01 -6.2597711774e-02 -4.1065243855e-03 -8.1274319143e-03 -3.8812361979e-02 2.6837844007e-01 -7.8221834034e-03 -2.1001256570e-01 -4.1636309290e-01 6.3309560594e-02
-2.6972010397e-01 6.4411353807e-02 8.4879637692e-03 -4.6841626827e-02 2.9593178135e-01 -5.2576195934e-02 3.3249009841e-02 -9.9626946106e-02 4.9098850619e-01 1.0678460258e-01 -3.5649217706e-01 -1.0475959351e-01 8.5304365142e-02 1.6529753456e-01 -1.3282483787e-01 -8.5397168972e-02 -4.4193992852e-01 -2.6141629957e-01 1.0750668827e-01 2.2767901765e-01
-3.0353332792e-01 -2.1675111233e-01 3.5741578603e-01 3.0985727419e-01 -2.6036786096e-01 -1.8786709498e-01 1.8798965471e-01 -3.8484600507e-02 1.5799272322e-01 -2.7573099132e-01 -2.4850175804e-01 6.5563630513e-02 -3.6471032721e-02 3.7892907834e-01 -1.0478886486e-02 -6.0114275623e-02 -8.7956166881e-02 -1.3317753924e-01 -1.8402603643e-01 1.2720522076e-01
-1.6831781130e-01 -9.0179126949e-02 3.8482022765e-01 -9.2072044844e-02 1.9740999810e-02 -2.0593526150e-01 1.1685706634e-01 -2.4707134974e-01 -1.0965214154e-01 5.3780889768e-02 1.1354980246e-01 -6.9675959933e-02 -1.5523652983e-01 -1.6204704039e-02 -2.8307414699e-01 -9.3653561751e-02 -5.4512558010e-02 -2.8717343905e-01 3.4203434140e-01 -1.0408902076e-01
-1.6325822280e-01 1.5904428588e-01 -2.5804800613e-01 3.5064540338e-01 -1.2029061772e-01 7.8733816910e-02 2.3114534545e-01 -2.0300264993e-02 2.4276972986e-01 -1.1732495174e-01 6.1059223526e-02 -8.5125259960e-02 -9.3836460487e-02 5.6203589902e-01 2.5101896859e-01 1.0297884548e-01 -2.3001084851e-01 -4.3399081312e-01 -2.1630084448e-01 -1.4672787113e-02
-1.0911388385e-01 1.7768223210e-01 -7.2229800491e-02 2.7446258215e-01 1.9558225692e-01 -2.9869567060e-02 3.3227619955e-01 2.9539817059e-01 4.1492538405e-02 -3.4535510197e-01 2.1565985757e-01 -3.2042095374e-02 3.4691605763e-01 -1.9022700630e-02 -1.3537088378e-01 -7.2497271983e-02 3.3626474067e-01 -9.9347084808e-02 1.6998942784e-01 2.7472612687e-01
