1.1755625043e-01 2.4609654252e-01 3.8790304940e-02 4.2506276434e-01 -4.0187285555e-01 7.2440751108e-02 2.5187633394e-01 1.8691631901e-01 -2.2473242400e-01 -7.3459734267e-02
2.5731012677e-01 3.9201645038e-02 6.2022514310e-01 1.7919285192e-01 -1.4497961004e-01 -4.8178754494e-01 -4.1187206478e-01 1.8170286342e-01 -2.0704349528e-01 -1.8452129631e-01
-1.4709184488e-01 -3.7492499758e-01 -1.2529219692e-01 -4.3457540838e-02 4.4948065074e-01 1.1833069468e-01 3.9850427259e-01 -1.3390399816e-01 6.6707189626e-03 -3.3328357554e-01
5.8684540054e-02 -2.5388957106e-02 -3.3174983924e-01 -3.0836586073e-01 1.5824546082e-01 -2.5255652064e-01 -2.3792303434e-01 -1.8014891042e-01 -6.9783194407e-01 -4.3504350852e-01
-2.0967022198e-01 1.1310327923e-01 9.9067038024e-02 1.6745933103e-01 2.7160389380e-02 2.6219515875e-01 -3.7477349241e-01 6.8664270636e-01 -4.0288148843e-01 1.2165444824e-01
-1.7125713334e-01 -1.5533623708e-01 -2.9370167963e-01 2.0677650383e-01 6.5383646047e-02 7.3123436350e-02 -5.9401662849e-02 -2.5383187638e-01 -8.3410941524e-02 -3.3199728519e-01
1.2581543308e-01 -9.6719037848e-03 9.9109260769e-02 2.3369696550e-01 2.6363713104e-01 -2.1727587393e-01 2.0820048204e-01 -5.6987239257e-02 4.8260903620e-02 -1.5591364185e-01
-5.2598255907e-02 4.7441023123e-01 1.6547126339e-03 -2.7848325075e-01 -2.0648814008e-01 -7.3634048271e-01 1.8283099889e-01 2.5513422339e-01 2.5272554862e-02 -6.0097127844e-01
-3.1965211276e-01 -7.2821913910e-01 -4.1207652711e-01 -1.6602991002e-01 -3.1109864817e-01 -1.2760368672e-01 4.6719250948e-01 -2.5125151633e-01 -3.4950629003e-01 -6.7449953545e-02
-3.1716142493e-01 7.0507300285e-01 -2.9859249835e-01 1.0164258161e+00 -2.5226829467e-01 3.3432803110e-01 5.0188543833e-02 1.3224463169e-01 3.7147302945e-01 -1.1126038414e-01
