-1.9665392648e-01 -5.5509249321e-03 5.1890891709e-01 -1.5220331695e-01 -1.6068229764e-01 -4.4333319874e-01 -4.7473831351e-02 7.6013789633e-02 4.5338499651e-01 -1.4366975261e-01 -1.9170327414e-02 -2.7852392107e-01 1.2253105919e-01 -1.7229533162e-01 -1.2105958890e-01 3.7496952568e-01 1.6996357554e-01 1.0012919740e-01 -2.3412939054e-01 -9.0304545936e-02
-8.4089997853e-02 2.6793642939e-01 4.3521025594e-02 -1.4838002897e-01 9.0639094856e-02 1.3834474363e-01 6.6821741107e-02 -8.9876930741e-02 -2.7445728396e-01 -9.7457938241e-02 1.3242554632e-01 -1.1427385798e-01 1.0502777679e-01 -1.2604388748e-02 -2.2864670257e-01 -4.7601140577e-01 2.9532798200e-02 1.4450664482e-01 2.8701997745e-01 -1.7994934751e-01
3.2675496785e-01 1.8843198641e-01 -1.2217090478e-01 1.3891619281e-01 -6.9046127545e-03 4.4623601147e-02 -3.9539878306e-01 -2.1696629361e-01 4.4704966172e-01 5.5811097044e-02 -5.1161818566e-01 1.8130846304e-01 -2.7213236992e-01 5.9413471471e-02 -4.8197269997e-01 1.3121709121e-01 3.0215242701e-01 1.2271580281e-01 -1.6554040353e-01 -5.0672260750e-02
1.1891707132e-01 -1.8142133987e-02 -2.4118741868e-01 -3.4747777708e-02 1.8796690884e-01 -2.4709119901e-02 3.5893783574e-01 1.7967246961e-01 -3.4146091046e-01 1.0569162860e-01 -1.1503104191e-01 2.2269814643e-02 8.0050417762e-02 2.7518745578e-01 2.4551950563e-02 1.6220640097e-01 4.8563624142e-01 -8.8924387791e-04 6.0270086596e-02 -6.3016954403e-02
6.7440729594e-02 -1.4342928446e-01 5.1345587967e-02 7.3826180633e-02 -6.2691377520e-03 2.4374953254e-01 -3.5635621462e-01 -1.8367316909e-01 -1.8697602770e-02 -1.0582122289e-01 -1.6032444563e-01 -2.7106177321e-01 4.8305610579e-01 -4.9779135877e-01 -2.3679576830e-01 -6.5763514943e-02 -7.2011529558e-02 4.1157117467e-01 3.8082250928e-01 -5.4728162398e-01
-1.1013594101e-01 -1.6474607862e-01 -1.8727182273e-01 -2.5098055214e-01 -2.9413551705e-01 -2.2138837878e-01 1.1813871642e-01 8.6827400995e-02 -3.0197259631e-01 -1.4014261445e-02 6.0459825695e-01 -2.1452940060e-01 9.0475360173e-02 -2.6316252512e-01 2.4789747896e-01 4.7427150418e-02 4.7139129367e-02 3.9349860626e-01 -1.6440693739e-01 -4.2545751261e-02
3.8370152116e-01 2.1687699533e-01 1.0137343568e-01 5.8516047779e-02 -2.4142677636e-01 1.9613691192e-01 -2.8858478785e-01 1.4557349680e-01 -2.3059502013e-01 -4.4266668675e-02 2.2652358777e-01 5.7972830912e-02 2.1876587516e-01 -1.4608030112e-01 -4.1967191293e-01 3.5777089694e-01 -2.5677912288e-01 -4.5185603680e-02 3.6598615543e-01 -1.7149150020e-01
-1.4848082882e-01 2.3610680328e-01 -1.0458993311e-01 2.2153798584e-01 -3.0994679235e-01 4.0693737539e-01 1.4838943808e-01 -1.0236620270e-01 1.0011232686e-01 5.9742786816e-03 -8.5206201075e-02 -3.5537550717e-01 -4.6250787921e-02 1.1756900058e-01 -1.5735365125e-01 -3.8343168524e-01 5.6426497560e-01 3.4106790822e-01 -3.6807286386e-01 -5.0473783586e-02
4.1154605518e-01 -2.9082175928e-02 -2.3570626212e-01 -1.0546717501e-01 -1.5699979492e-01 1.6092960146e-01 -2.6463982781e-01 1.9152915209e-02 9.7971636387e-02 3.6060352637e-01 1.3810715201e-01 1.8931167473e-03 -1.8159931543e-01 1.5621303636e-01 2.4865301721e-01 1.1375432411e-01 -8.1612904519e-02 1.7048290046e-01 2.3768826129e-01 -6.2217485265e-01
-7.0374529070e-02 1.9315294800e-01 -4.5296097324e-01 -8.2806269555e-02 -3.6896060714e-02 -1.9001776494e-01 2.5146987141e-01 1.1436021407e-01 -1.1294305711e-01 3.1508623004e-01 -3.5197539521e-01 1.4195787262e-01 -3.6986234192e-01 -2.1159664103e-01 3.5562596779e-01 2.4215643740e-02 -3.2500928917e-02 -1.2063951845e-01 1.1033742263e-01 -1.3647155736e-02
-3.1406741870e-01 -1.9197677485e-01 1.6181955422e-01 -7.2185049056e-03 -4.0832268300e-02 -2.2128156587e-01 1.7794859788e-01 1.6398652547e-01 -3.3375130551e-01 -3.8409004007e-01 1.0636896790e-01 -4.2923217903e-01 -2.4776911587e-01 -1.1169163379e-01 -2.2369553782e-02 1.2341205982e-01 3.5339909893e-01 -2.0442110507e-01 8.0310670793e-02 1.5544939509e-01
9.8371296292e-02 -3.5622653701e-01 -1.5146257163e-01 -1.1202286949e-01 -8.3429982426e-02 -3.6916416183e-02 1.1085764374e-01 -2.1802879958e-01 1.1634954370e-01 3.7425983960e-02 -2.2223252791e-01 1.3761436759e-01 1.9627579335e-01 -3.3713305656e-01 -3.5983683146e-02 2.2183577247e-01 9.6504246867e-02 2.4704674866e-01 1.7137681739e-01 6.2702493138e-01
9.7583076062e-02 -2.7987200575e-02 -6.4902031918e-03 -2.8744676605e-01 -1.2630801486e-01 2.5358143770e-01 1.2575514988e-01 1.8052890115e-01 1.2867089115e-01 -1.9565122689e-01 -1.3873783962e-01 -5.5890850096e-03 -1.5880282717e-01 2.1517465500e-02 -1.0196381329e-01 6.8443461574e-02 -2.2996371655e-01 -1.4299156392e-01 1.6784854531e-01 -8.5174626009e-02
-5.5331749284e-02 -1.5522901700e-01 -2.2291684831e-01 5.7628750478e-02 7.5510424554e-02 4.1487084294e-02 1.6413590620e-01 8.6416961679e-02 3.4932250650e-01 2.7097338938e-01 -3.2418613993e-01 -1.4478759310e-01 6.0705008364e-03 2.3359862334e-01 1.1728703079e-01 -1.3336813319e-01 -1.6902638747e-02 1.1894946665e-01 3.4320284798e-01 -4.1236151833e-01
6.0955952162e-02 8.9114126133e-02 1.6424566176e-01 8.9696998493e-03 9.2355313550e-02 1.2441964531e-01 -1.5675513441e-01 -1.7874668259e-01 1.0302920546e-01 -2.4713863876e-01 -3.2697790909e-01 -8.3537219198e-02 1.7673904080e-01 2.2853303808e-01 -3.5698362406e-01 1.4306924829e-01 -3.2536440550e-01 2.6313753625e-01 1.1202350244e-01 -1.9880503833e-01
5.1792184336e-03 3.3634742066e-01 2.9128312349e-01 3.6578389296e-01 -5.0138181788e-01 -5.7755618593e-02 2.6908167578e-02 9.2211858968e-02 2.6787880199e-02 -5.8764080933e-02 -1.6463010369e-01 8.0314017354e-02 -7.6931342177e-02 -1.4174754312e-01 3.1836594196e-02 6.7746049398e-02 -3.1684562043e-01 1.6810358736e-01 -1.2852252203e-01 4.1368128659e-01
-2.1065683971e-02 -5.5188100511e-01 -8.6949470560e-02 3.7163251202e-01 -1.0992447560e-01 -1.4184235646e-01 -1.5865350914e-02 1.1570753732e-01 -1.1011402719e-01 9.7645848376e-02 -1.3206531080e-01 1.4232084916e-01 -3.8896436157e-02 4.2875686197e-02 -3.1365450601e-02 4.6271123679e-01 -2.1666524315e-01 -2.5653847832e-01 -2.5052768837e-01 -4.1016525349e-03
4.2255446462e-01 1.2498109861e-01 1.1641605773e-01 1.0123848752e-01 8.8914229539e-02 2.9441403334e-01 9.6971008005e-03 -1.0593430629e-01 -4.6920072112e-01 4.2192684371e-02 -1.1667151989e-01 -2.4271641731e-01 1.8384184775e-01 -1.8246094939e-01 -1.7011274259e-01 -2.3195291561e-02 -1.0255322387e-01 -1.2857014093e-01 -3.7441498817e-01 4.6390446433e-01
2.3434829251e-01 6.6480544046e-02 3.3531387015e-02 5.4004644094e-02 1.5813550197e-01 7.6464020662e-02 6.8289326987e-02 -4.7923370979e-01 -3.5399503549e-01 -1.8084146379e-01 -6.8777056966e-02 -3.1087600621e-01 -6.0652124016e-02 7.1732988851e-02 -8.5930649305e-03 4.6120018449e-01 -1.5023086004e-01 1.6015941111e-02 9.4530926411e-02 4.6711125289e-01
1.0726065057e-01 8.9837947114e-02 -4.6130024293e-02 -1.4135811887e-01 -9.7518862931e-02 2.1293423585e-01 5.5287760418e-02 -6.4419583658e-01 -1.4309017801e-01 -1.1589428694e-01 -3.3670226452e-01 -2.4431965223e-02 -7.7866862741e-02 1.2731385136e-01 -2.3351500444e-01 -4.3346430879e-03 2.3475251030e-01 -1.5019213430e-01 -2.0690229070e-01 1.2198235209e-01
