2.4225346186e-01 1.0102243563e-01 -4.7500928901e-01 -7.8634863491e-02 6.0351584665e-02 -3.4899288670e-01 3.0666677211e-02 3.8370412219e-01 2.4854277847e-01 1.8186101159e-01 6.0932715410e-02 -4.8756183532e-01 1.2730268629e-03 1.5537070852e-01 1.8669150580e-01 -2.4783688290e-01 -4.9914542337e-01 7.8434518998e-03 2.4697969637e-01 -3.4580519033e-02
-1.7693480058e-01 -7.0390247194e-02 -2.0472128087e-01 1.7833143565e-01 -2.7094153677e-01 -4.7597676688e-01 -9.0954501109e-02 -1.4860768379e-01 3.4135680264e-02 2.1294704933e-01 1.3050863154e-01 4.8703548500e-01 -1.9590963332e-01 -1.6669529306e-01 2.3928578890e-02 3.3976605333e-01 2.7415576493e-01 5.0224153615e-01 2.6523162441e-01 -1.8503563792e-01
2.5942409893e-02 4.6607147991e-01 2.4953343370e-01 1.7192996136e-01 5.0678877371e-02 -7.8423348953e-02 1.8085326110e-02 1.7556924046e-01 -5.7489101891e-02 -3.1942041950e-01 2.1397209079e-01 -4.6984403483e-01 3.7691041679e-01 -2.4954640510e-01 2.4577162106e-01 2.3408956400e-02 -5.5280901718e-02 -2.7931532879e-02 -2.7785614270e-01 9.3172405448e-02
2.9203673537e-01 1.0180440241e-01 1.8180333206e-01 8.8971418483e-02 1.8328135139e-01 2.0556258648e-01 -2.2162713801e-01 1.0091174559e-01 5.2515322455e-02 -5.9405156269e-02 2.0487107569e-02 8.5598558058e-02 -8.5635583193e-02 2.0573951418e-01 3.8375972568e-02 2.6287691277e-01 1.4029791535e-01 -1.2077356225e-01 1.7213309630e-01 -4.9199355725e-02
-6.2746186663e-02 -1.2629659130e-01 5.1356130867e-01 2.4583604139e-01 3.3977907904e-02 2.7298752341e-01 1.6442688744e-01 -3.0801420720e-01 2.7484746705e-01 -8.8779855648e-02 3.5913444774e-01 -1.5617017574e-01 5.2551047107e-01 1.8888968163e-02 9.1485728862e-02 4.1624180239e-01 -2.1800981725e-01 5.8936126228e-02 1.2412919125e-01 1.2853388315e-01
2.2560248809e-03 -6.0259566160e-02 -7.8430528567e-02 -1.8022215073e-01 -2.6550891559e-01 1.2400266351e-01 5.6544281292e-01 -3.3676192284e-01 1.3798144245e-01 4.5520746611e-02 -6.5228710433e-03 1.8360966079e-01 -9.7578844604e-02 -1.2720500567e-01 1.5427943131e-01 2.4132734954e-02 5.9003175753e-02 3.9304054638e-01 3.4526447544e-01 -1.1995124566e-01
1.9818711299e-01 -6.9099160699e-02 -2.1364162628e-01 1.0057645093e-01 1.0254345478e-01 1.7783132813e-01 7.7395948417e-02 -1.2922258832e-01 -1.3664987649e-01 2.3584263986e-02 1.9254277498e-02 -1.0228747659e-01 9.0385966371e-02 -1.2927655726e-01 -3.0086683294e-01 1.0486505156e-03 -2.2454407843e-01 5.1494242154e-02 -6.5103693765e-02 -3.4226199732e-01
-6.0672383330e-02 -3.3633964428e-01 -1.1055001701e-01 2.7253942166e-01 3.0787250871e-01 2.4430646705e-01 2.7716186435e-01 3.5725015216e-01 4.3015429564e-02 -8.2856767296e-02 2.6349999463e-01 -9.9438035172e-02 -1.5859758512e-01 -1.5673025982e-01 -2.5860893779e-02 -5.8203749098e-01 -6.2489209498e-01 -2.8092833027e-01 3.8949739702e-02 1.5597994790e-01
-1.8303753245e-01 -1.9518923145e-01 -1.5144673023e-02 -4.0619773736e-02 8.5071129495e-02 -8.5381341456e-03 5.6836189612e-02 -2.9547074715e-02 -7.0673471013e-02 1.9295785588e-02 -9.2732115186e-02 3.1234859605e-01 -5.0378005663e-02 2.1720274906e-01 2.1913336236e-01 -1.3714160152e-01 -6.7330266311e-02 -2.4352335663e-02 -3.3709709559e-01 1.1760210090e-01
1.9961368444e-01 -3.7333461524e-01 8.3880110964e-02 -5.9983408809e-02 2.8801507884e-02 1.4993027011e-01 2.0775090095e-02 2.1943622615e-01 -3.9853958879e-01 2.8576418945e-02 -3.8216657485e-02 6.9440698454e-02 -2.0226991164e-01 4.3208937197e-02 1.6183488292e-01 -1.1864833493e-01 -1.7528456937e-01 -2.1471664351e-02 2.3150796124e-01 -1.6137057384e-01
2.9535675874e-01 -2.2881027625e-01 5.6587105150e-02 1.0883367710e-01 1.4815725507e-01 -1.5676044367e-01 7.3171287485e-02 3.6065023266e-02 -1.0112742295e-01 -4.2844784999e-02 -2.0676206532e-01 -2.4895682382e-01 5.2725763922e-01 2.8098693225e-01 -2.8853026900e-01 2.2653924989e-01 2.1025089971e-01 9.1010625734e-02 2.3774083902e-01 -1.2137168429e-01
7.5557821777e-02 -9.2127462166e-02 3.2948802051e-01 4.1370848423e-01 -3.2217175821e-01 7.7680442304e-03 2.1978085359e-01 2.7532052979e-01 -2.3854681712e-01 -2.7431725757e-01 -2.8900852456e-01 1.0579852232e-01 -6.5972966172e-04 3.2600337869e-02 5.0418315626e-01 -1.4231666074e-01 -2.0595919615e-01 -1.1967774486e-01 -1.7358263896e-01 1.6010331210e-01
5.1545416910e-02 -4.3359364691e-02 -5.7303732273e-02 2.5693411049e-01 1.7919711736e-01 -2.0921538956e-01 -1.1700216889e-01 -6.3150775140e-02 -3.8985225710e-01 2.3403008799e-01 -3.6098390513e-01 -4.0486120034e-02 -1.3008807848e-01 -2.2759377946e-01 -4.3013704363e-02 -3.4470116114e-02 1.6223781689e-01 2.4777082670e-01 4.1324748406e-01 -1.1733427153e-02
-2.9157043870e-02 1.5519997543e-02 -3.2339983885e-01 -1.2729015149e-01 -2.0803626897e-01 3.3885736715e-02 -3.5384395715e-01 -1.2867717053e-01 -4.7526068138e-02 1.4258338343e-01 -1.6711825135e-01 2.2611085550e-01 9.7820908296e-02 1.2164435755e-01 3.4008338188e-01 -1.0085817963e-01 -2.8716485546e-01 3.6248772399e-01 -1.5669707147e-01 -6.8099943889e-03
-7.7552796906e-02 -5.1382952630e-01 1.6731389786e-01 -2.1922757563e-01 1.5934604997e-01 5.0063889208e-02 -1.1944336425e-02 -5.8739972397e-02 -3.3181401450e-02 -2.0520737316e-01 -5.7092064945e-03 4.1828465334e-02 1.2108292013e-01 -2.3257405903e-01 -5.4273466091e-01 -1.9695650280e-01 -1.1065793198e-01 -4.1350595182e-01 5.3002296284e-02 -1.7375939534e-03
-3.9225536178e-01 -7.6213012579e-02 -2.5412920616e-01 -3.8065439434e-03 -2.6845681835e-01 -9.1812813650e-02 3.3022586204e-02 -1.8252135446e-01 8.0071935732e-02 1.7734247617e-02 6.8211374933e-02 -2.8988957794e-02 2.5568898897e-01 -2.8376002852e-01 3.9748414809e-02 2.3569363333e-02 2.0939961167e-01 -1.9152036395e-01 -1.2477060739e-01 -4.8130138673e-02
-2.7564039797e-02 -3.8665839101e-01 -3.5907521097e-01 -7.7562818868e-02 -3.3660740081e-02 -3.3352797548e-01 2.6851138364e-01 3.5153256781e-01 5.3696768840e-01 4.7317095989e-01 -5.2524147376e-02 -1.3591293135e-01 -3.0870411280e-01 5.2489959439e-02 3.6746227951e-01 -8.8383439702e-02 1.1422085076e-01 4.7742790298e-01 -2.2133585866e-01 3.8373623999e-01
-5.1266744273e-01 9.6084026245e-02 2.2795797027e-01 7.6545691776e-02 3.6803878618e-01 2.5844557005e-01 9.8572220566e-02 1.9860558045e-02 2.2568350044e-01 -3.3964090586e-01 1.3372902345e-01 -3.1271296087e-01 -2.6121028433e-01 3.1324105397e-02 -1.4373592438e-01 5.2419010756e-02 3.6565434120e-03 7.6462253681e-02 2.2084069522e-01 -5.4690695156e-02
1.2880154874e-01 3.5334018594e-01 -2.6021158679e-01 5.4415072466e-02 1.1164651025e-01 5.7850563243e-02 1.7281677036e-01 1.5337415618e-01 -2.9550849208e-01 -3.7298897545e-01 -1.9706722878e-01 1.0329836989e-01 2.8932783936e-01 -1.7705227490e-01 -1.4007565572e-01 5.9394012195e-02 1.6179918693e-01 -2.8902204942e-01 -1.4354207392e-01 3.4254434683e-02
1.5411188550e-01 1.6044423533e-02 -1.1388436698e-01 -1.2397083008e-01 5.3489303274e-02 1.7605314910e-01 2.1348752459e-02 1.3058123631e-01 -3.4187719807e-01 -5.0179515324e-01 -3.2077459187e-01 2.0515325697e-01 -7.4733874515e-02 -1.7150346991e-01 -1.3461521666e-01 1.8476858339e-01 1.9410061144e-02 2.5897366831e-01 -9.1863297481e-02 -2.7274935639e-02
