1.7703997857e-01 -2.0695292344e-01 -9.5989777633e-02 -3.6201842975e-01 2.5311653746e-01 -1.1028411010e-01 -1.7625896889e-01 -3.9705195473e-01 -4.6713309282e-01 -6.4941981168e-02 -1.3089042461e-02 4.4266535783e-02 1.3864425620e-01 -2.6265505859e-01 -3.5046259804e-01 -2.6357568664e-01 -2.7148653745e-01 1.8829457232e-01 1.3153841335e-01 2.7532066596e-01
-4.8096369248e-02 -1.0399105029e-01 -1.1167746142e-01 -5.8993201824e-02 -2.6171592472e-02 -2.1860649625e-01 -1.4563875765e-01 -6.1818050867e-01 -4.7539193748e-04 -1.3600976493e-01 2.4336882708e-02 5.3596449994e-02 -1.3757750631e-01 -4.0584608995e-01 -3.0835156442e-01 -9.1698215746e-02 -2.1334078473e-01 6.0793234132e-02 -5.7010136525e-01 9.9700523111e-03
-1.8559579500e-01 -1.1194211446e-01 -1.4698194741e-01 3.0007153960e-01 1.9595840442e-01 7.4457649640e-02 8.3856021837e-02 -9.0400563195e-02 7.1943944639e-02 4.7505210603e-04 -5.0780987204e-01 1.2499845896e-01 -2.3542630348e-01 3.1536635653e-01 8.2242219572e-02 -1.4500763250e-01 2.8078874049e-01 1.8424758884e-01 4.3485350754e-01 -1.3263663536e-01
-1.8993690234e-01 1.6415741041e-01 -1.9908529886e-01 -5.0042009867e-02 -1.6420917427e-01 2.5231511642e-01 2.3930238146e-01 2.9377871388e-01 8.2004245805e-03 -1.0448931358e-01 -1.6747886840e-01 9.2993296451e-03 -2.6649637585e-01 -9.6584378090e-02 1.7232466818e-02 -8.4516243410e-02 -7.1890214444e-02 9.1247704047e-02 1.5838696912e-01 2.0874517702e-01
1.2596843972e-01 4.5964517213e-01 -2.9667605541e-01 -2.7545585706e-01 -1.8987003150e-01 3.6129027796e-01 2.7684158701e-01 -3.5102031555e-01 -2.0595799292e-01 -2.6678917894e-01 -1.9292692613e-01 -2.0023372311e-01 -1.1018826131e-01 -4.0158899503e-01 -3.5265275625e-01 -1.5868219859e-01 -2.9390598590e-02 3.5476086194e-01 6.7369587825e-03 -7.1263347102e-02
-4.5422929219e-01 -1.0075032071e-01 3.9923259522e-02 1.8308774764e-01 -1.1188830701e-01 1.5982270270e-01 -3.2985376268e-01 -3.4542700452e-02 -1.0680892932e-01 -7.3009981613e-02 1.9891712537e-02 1.1924281351e-01 1.5852060792e-01 -8.0612645719e-02 -4.1335380302e-01 -2.2842075287e-01 3.5225868117e-01 -7.2602241815e-02 7.2956160600e-02 9.6243074354e-02
2.5501824821e-01 -8.9358830334e-02 -4.7988192496e-02 -2.7345834817e-02 -7.7959700884e-02 -1.8824927256e-01 6.8666093276e-01 -3.2895137564e-01 -3.3165331741e-01 2.5323848360e-01 -2.6135056440e-01 -3.0042517185e-01 -2.6615996879e-02 2.6042515355e-01 1.5346089315e-01 1.2458995678e-01 1.3963898947e-01 1.9819981920e-01 2.3925980280e-02 -2.0139446730e-01
-7.5040265814e-02 -1.4180874668e-01 1.8058627242e-02 -1.4705440877e-01 2.1320796123e-01 -2.0656498531e-01 -2.7984576947e-01 -1.1117569865e-01 -2.2439275116e-01 4.3514059941e-03 -1.5859335021e-01 -1.4229927061e-01 3.3745854749e-02 -2.6635633880e-01 3.9481360784e-01 -1.1753429893e-01 -2.8067527472e-01 -2.7662019490e-01 -1.8563409778e-02 -7.1697799801e-02
6.2912835749e-02 -2.0902163684e-02 -2.2801507246e-02 -1.6208479712e-01 -5.9804865247e-02 8.8704366040e-02 -2.0864284009e-01 1.5498440187e-01 -2.1261548069e-01 -3.0131198376e-01 2.6810398334e-01 -1.7565090127e-01 -1.0621228362e-02 1.2408958902e-01 8.7752746278e-02 4.8665605966e-02 -3.6348923853e-02 -4.2892630897e-02 5.1560742729e-03 2.4928118958e-02
3.6082568268e-01 -9.2958823592e-02 6.5933058649e-02 5.1369585459e-02 2.4691858423e-01 -1.0360582565e-01 -4.1982185389e-02 -1.1502859657e-01 2.2100788864e-02 1.8055053518e-01 -1.2968646551e-01 6.1531701298e-02 -3.9785801783e-01 -9.3662520134e-02 2.2636921589e-01 -1.7023382016e-01 -2.3699985279e-02 -4.2901492068e-01 -6.6607815780e-02 -2.7233947632e-02
-3.9603714010e-01 2.6418315370e-02 5.0942232367e-01 1.6424953828e-01 7.9697576877e-02 2.8905646318e-01 1.2775465367e-01 2.4258278257e-01 2.5107595801e-01 9.8262826779e-02 1.5357314353e-01 5.8777201560e-02 -2.8087801373e-01 -8.1322010223e-02 -7.3201005448e-02 -1.0345686518e-02 -2.7775007462e-02 -3.5811226188e-01 -3.7968269105e-02 -5.9267444812e-02
1.1261172456e-01 4.4063630396e-01 -1.3436143788e-02 5.2562313638e-03 -1.7797269408e-01 -5.9330015243e-02 -3.0384608773e-01 3.1746396673e-01 -1.5450115833e-01 -2.6871543141e-02 -9.0458192008e-02 2.0488659801e-01 5.4590338263e-04 -3.4850098972e-01 8.6585838834e-02 -5.6785170049e-02 -1.3253542183e-01 3.0459060014e-01 -5.1761086184e-01 2.3560091713e-02
-4.1132955729e-02 -9.0879163992e-02 2.2020720203e-01 1.1488117422e-01 2.1361127950e-02 2.4009679982e-01 3.2669098054e-01 -2.8029276337e-01 -7.6379458722e-02 -2.4718565179e-01 1.2407581932e-03 1.2638215472e-02 2.2346272774e-01 6.3828926831e-03 -7.7537726675e-02 3.3867230709e-02 3.2173959439e-02 3.0354378807e-01 -1.9405426679e-01 2.1969949737e-01
-7.0778043741e-02 1.1045268378e-01 2.1952897685e-02 -1.9050138928e-01 -2.0102984259e-01 -1.5797042413e-01 -4.0409903351e-01 4.2456945524e-02 2.2969964074e-01 -2.3560425290e-01 -5.9082270698e-02 6.1852624687e-02 1.9767316876e-01 -1.5657554735e-01 2.1878447633e-01 3.5955744899e-01 -2.7287238989e-03 -4.0648607987e-02 -2.2491704802e-01 9.2507981321e-02
-5.6387936438e-01 5.6607634384e-02 -9.5537598262e-02 -3.7906126262e-01 5.2710790623e-02 -4.1441595021e-01 -1.4279526535e-01 1.8265237099e-01 -1.4519642786e-01 -1.5525724383e-02 1.0448943765e-01 -6.0435554131e-02 -4.0398196601e-01 7.6990645127e-02 1.8312701997e-02 -1.9280203118e-01 8.4196277281e-02 1.3487901402e-01 -2.1850889112e-01 -2.1534295934e-01
5.6011241219e-01 -2.7228570326e-01 -2.8991750023e-01 -1.2687281206e-02 -3.4898164812e-01 4.3255351397e-02 -1.7323385663e-01 -6.5844098854e-02 1.6320734936e-01 1.5300826715e-02 1.7012953167e-01 1.5598688879e-03 3.8956350485e-01 2.4067055847e-02 2.3221765017e-01 1.6073463344e-01 1.7216682833e-01 -9.0330919181e-02 2.6500727565e-01 -2.4221236868e-01
1.7228287699e-01 4.4987405490e-01 2.6672195663e-02 -2.1830205348e-01 1.4913857950e-01 2.4213259438e-01 2.7400831600e-02 1.0931151573e-02 -3.8214599821e-01 -2.3120241927e-01 2.1970803653e-01 -4.2732077757e-01 2.4483882110e-02 -1.3572705794e-01 -1.0896364039e-01 -4.8326179011e-03 -5.1809799983e-02 -3.2216990932e-01 1.4390741599e-01 8.5941468861e-02
6.8321759679e-01 2.4384496877e-01 2.3907719834e-02 1.5060866193e-01 1.3083233503e-01 -1.8669595601e-01 -2.4918173768e-01 -1.4075927773e-01 -7.4616629686e-02 -7.2816971028e-02 -8.7139758717e-02 1.7260367930e-01 6.5089036718e-02 -4.8140193826e-01 3.3104301866e-01 3.4603373293e-01 -6.8267048915e-02 3.9861387391e-02 -1.4178762887e-01 -4.5016781540e-02
-1.1419221069e-01 -9.9988895387e-02 -6.1647649906e-02 -2.6823296267e-01 1.8075873962e-01 4.1738588087e-01 3.3623722024e-02 6.1366873597e-01 2.9923517131e-01 7.5951006954e-04 -2.9691506457e-01 -3.0695991784e-02 3.7316712770e-01 2.3010933276e-01 -3.0455217888e-01 -4.6514136467e-01 8.0583823301e-02 2.2159873494e-01 -8.6241654321e-02 -2.3127527193e-01
9.2134279413e-02 6.9918877559e-02 -2.1598251970e-01 1.8066428645e-01 2.5277327447e-02 -3.9097919091e-02 -8.7261724680e-02 1.6454547294e-01 -1.5831417445e-01 -3.1237071075e-01 -2.3282962873e-01 5.4617821562e-01 -3.0497835364e-02 1.0514496731e-01 -1.8555837454e-01 -2.3388662614e-01 -7.6749025115e-02 -1.5150246446e-01 -3.1058348580e-01 1.8166864616e-02
