2.7781353338e-01 2.9135710949e-01 6.4900857058e-02 3.3942430848e-01 -1.2996274535e-01 -1.9686008011e-01 -1.6603639916e-01 -4.9045795808e-01 -1.2441938376e-01 -1.8506807270e-01 -4.0606684697e-01 2.4897064086e-01 1.8285133074e-01 -1.7930721648e-01 -6.1076063249e-03 -2.7724039189e-02 1.1553695562e-01 6.0737578662e-02 -1.4866096407e-01 -1.3433102457e-01
-1.4080712493e-01 1.9402539527e-01 -2.3480010641e-01 4.0291430103e-02 3.7011504925e-02 -2.2025662038e-01 -4.6182984391e-02 -1.0487719942e-02 5.6667214223e-02 -6.6786208795e-02 -1.0608915387e-01 -7.5406889196e-02 1.2827475728e-01 2.4802404037e-01 2.2393725382e-01 -5.1187926477e-01 3.1177913904e-01 3.9642452626e-01 -8.7967416003e-02 3.6117662635e-01
-6.8235381740e-02 2.3628124377e-01 -3.5740393675e-01 -1.8869122570e-01 -1.6980431694e-01 3.0057510987e-02 -4.4774039252e-02 -1.9443020355e-01 -7.1842399181e-02 2.6955546545e-01 -8.5713874483e-03 -2.9173339141e-02 -1.6970276444e-01 3.1168100362e-02 3.9145114513e-02 -1.8697234981e-01 -5.1280172428e-03 -2.7214800924e-02 -1.5041369756e-01 1.8490840432e-01
-1.8464813669e-01 -5.3266443480e-01 -5.4779288733e-02 1.7825541901e-03 -1.7718762087e-01 4.7807703134e-02 -3.2665291707e-02 -2.8856190194e-03 -7.4648659920e-02 -7.7183807996e-02 -2.5933191001e-02 1.1216520867e-01 -6.4105156391e-02 4.5175613753e-01 3.3277819980e-02 -2.1600430200e-01 8.2682989182e-02 -2.2830966516e-01 1.8309447580e-01 -7.8684815746e-02
-2.3181478039e-02 8.3533752500e-02 2.4412684088e-01 -1.4659257918e-01 1.3539889442e-01 1.1889722404e-01 9.4241630449e-03 3.6027041034e-02 1.1885870855e-01 8.5094066412e-02 3.5111161417e-01 -8.7143751891e-02 8.6179655439e-02 -2.6161375115e-01 2.3426632900e-01 -6.6509217224e-02 -1.2410193450e-01 -3.1344175682e-01 6.3052209214e-02 7.8810291093e-02
-3.3797698979e-01 -2.5173161786e-01 3.0433224048e-01 7.0002852292e-02 -3.1057231156e-02 3.4436481008e-01 7.0412019347e-02 -1.4654631724e-01 3.2161188314e-01 -2.2943520731e-01 9.1018905377e-02 3.0419532715e-02 -7.8432886218e-02 7.3852593504e-02 3.2225151772e-01 -5.1427962236e-02 4.8609214232e-01 -4.4909385058e-01 -3.3244913894e-04 5.0403854607e-01
-2.0499039231e-01 3.0504347729e-01 8.2633211954e-02 1.2968668509e-01 7.9006283814e-02 3.9651637665e-02 -3.2882972726e-02 3.4409321325e-01 7.7274549493e-02 6.7522556514e-02 -3.3039916531e-01 -1.5297556972e-01 2.1620516455e-01 -1.6045958809e-02 1.1525131337e-01 4.4365750039e-02 2.7882289803e-02 1.6766065064e-01 -3.6905363381e-01 2.4214007144e-01
3.1185538419e-02 -5.3580871760e-02 -3.7887992584e-02 2.3986753959e-01 -4.0068448478e-02 -1.1768575723e-01 -1.0843476410e-01 3.3304820069e-01 3.8339101618e-01 1.2807514809e-01 1.8871209635e-01 7.9592523555e-03 -1.3710397498e-02 2.8614656478e-01 -2.5811968806e-01 2.2333679965e-01 5.2136048401e-02 -2.7388091552e-01 -1.1205820523e-01 3.2265812018e-01
2.1158046947e-01 -1.1690442252e-01 -6.5151143209e-02 -1.1119526803e-01 2.0893054592e-02 3.4477738403e-01 -1.2074185254e-01 -1.3675811862e-01 -5.6165918405e-02 1.4481338954e-01 1.5407839141e-01 -9.0991868540e-02 9.7275538346e-02 -3.7105445616e-02 8.5519620875e-02 1.0397052807e-01 -5.5393756584e-01 -8.2067824357e-02 -3.4420821613e-02 6.6244005029e-01
2.3483669228e-01 -1.0911169156e-01 3.4271367691e-02 1.1718583904e-02 -9.4540715873e-03 -4.7722872190e-04 2.2206271795e-01 2.4115117505e-02 9.3449322448e-02 1.7904536432e-01 -7.7099892768e-02 -1.5350013914e-01 -2.7907847446e-01 -1.0793011119e-01 -6.2662212659e-02 3.1363709996e-01 -9.1106868307e-02 -3.1363210531e-01 -1.1430427517e-01 1.2602456637e-02
-7.6478090735e-02 -4.6211763443e-02 -9.6586159807e-02 -1.1083954167e-02 8.1887047820e-02 -1.9321338457e-01 -3.9424611662e-01 -1.1885230187e-02 3.1584285565e-01 6.6077765437e-02 1.4341301714e-02 -9.9855313239e-02 -9.7686766167e-02 -2.2900021189e-01 -2.1709921431e-01 -3.3075487383e-01 1.4675052329e-02 -2.8522488520e-01 -1.4961714367e-01 -1.7756371883e-01
6.8311864389e-02 6.7629924489e-01 -1.1416111886e-01 -2.5281610346e-01 3.4871668155e-01 2.6048720865e-01 2.0167162990e-01 2.4150742036e-01 -2.4793717881e-01 -1.4669989643e-01 9.0139053840e-02 -1.9607153561e-01 3.5116616955e-03 -7.3419960839e-02 -1.0801101642e-01 -3.4407838504e-01 9.5979899958e-02 2.4689251909e-01 1.0690555760e-01 5.3228816880e-01
1.6300552998e-01 4.2383221632e-02 -1.8573806242e-01 -3.0880982008e-02 -9.6094576165e-03 -1.2178968954e-01 -1.0145154259e-01 3.0878024744e-01 -2.3209747778e-01 -3.5929523699e-02 3.5664037737e-01 -1.9566324824e-01 1.7336580270e-01 -7.4452632389e-02 -3.3660092157e-02 2.6283748936e-01 -1.7978040508e-01 6.3251314985e-02 2.7506580357e-01 -1.4270415659e-01
-1.2617374084e-01 -2.2137106547e-01 -1.1777667911e-01 3.2124361575e-01 7.7222615402e-02 3.9540342868e-01 -4.3805567048e-01 1.7740079687e-01 -8.5251269010e-03 1.6563447799e-01 -6.9007117830e-02 -1.9460637121e-01 -1.4441486347e-01 -3.7814213940e-01 -2.0128240350e-01 1.1386239377e-01 7.6756180767e-02 2.4859637740e-02 4.6373187713e-01 -7.0920792983e-02
3.3714285612e-01 2.7767175341e-01 -2.4987470187e-01 -4.1352904400e-01 -1.3925875629e-01 -3.1136564970e-02 1.7859242784e-02 -3.7547871029e-02 -1.1226369356e-01 3.1345919873e-02 1.5668043968e-01 -1.8410058036e-02 1.6280648633e-02 -2.5321198556e-01 3.0799387305e-03 7.2802512134e-03 -4.4537742309e-02 7.3875180390e-02 1.5663914808e-01 2.0379764375e-01
-2.6318396633e-01 4.5409254541e-02 1.2321387829e-01 2.0509567598e-01 -3.5754783375e-02 -4.5291319333e-01 1.0417792243e-02 -1.3080596166e-02 -2.4235224890e-01 -6.0425297880e-02 4.1833149725e-01 -2.6695103329e-02 -8.3530069985e-02 1.8151613018e-01 8.0545399661e-02 2.9085956238e-02 -1.6232649765e-02 3.5163218596e-01 9.3657783140e-02 -1.5105356538e-01
2.2236465779e-01 1.9119740706e-01 3.1503100385e-01 -1.0914587990e-01 -8.5434812179e-02 9.3833513253e-02 -1.0072692652e-01 -2.7995014522e-02 7.5919607003e-03 4.9877782693e-01 -2.1828643731e-02 -1.7630315650e-01 -2.6082658266e-01 2.7678344413e-01 -4.5347830468e-01 -1.6247641564e-02 2.0545350138e-01 -6.4424605105e-02 2.8128763970e-02 2.9599714560e-02
-1.6104669832e-01 -1.7337165707e-01 2.6554565029e-01 6.5671716441e-02 4.1880770846e-01 4.2700449145e-01 -9.2750550317e-03 -1.3577396858e-02 3.2263476767e-01 -5.0475626153e-02 2.1230172602e-02 -1.1454549439e-01 -4.5742365099e-01 3.9783754765e-01 2.2577421508e-01 -1.1045565602e-01 -2.8883697118e-01 -2.9678262518e-01 1.4732523291e-01 1.1070901581e-01
-1.3494067963e-01 -2.6259466861e-01 3.4082845143e-02 3.0382159086e-01 5.0083531159e-03 7.2017044323e-02 4.9959941063e-02 3.5343151408e-01 1.1958508944e-01 3.4333605257e-01 5.6138158539e-02 1.5559371411e-01 6.5097110230e-02 2.2821469534e-01 1.9044033286e-01 7.4755735189e-03 -4.6734308478e-01 1.9806495189e-01 3.4856011691e-01 -2.3154895304e-01
2.3495227030e-01 4.9805121497e-01 -9.3395109975e-02 1.2857361326e-01 6.1861693999e-01 -2.0688565069e-01 -1.3530779796e-01 1.9878233103e-01 1.8674268321e-02 2.4177567384e-03 3.3696705669e-01 -9.2729289708e-02 7.7228332176e-02 -1.0914274869e-02 -4.2207802881e-01 3.2771966887e-02 2.4227322006e-01 -1.9556159824e-01 3.5661531328e-01 -2.4328918274e-01
