-6.6007370790e-02 -7.6185921527e-02 -2.4111647674e-02 5.2056414800e-03 4.2997494088e-02 -2.0943051218e-01 -6.2999438268e-02 1.0711590088e-01 -9.3803099407e-03 1.3710419095e-01 -1.3241281708e-01 -1.2891616702e-02
1.4007502736e-02 -4.9385392569e-02 2.3629106099e-02 8.6330231104e-02 1.2638520807e-01 -4.0752984894e-02 -2.0360362877e-02 5.1914083297e-02 -6.9520379145e-03 6.1675218898e-02 2.7226592741e-01 1.3852227433e-01
6.8561788978e-02 4.1712683352e-02 -8.8203406505e-02 -3.2944526105e-02 -1.1410807680e-02 -1.2016451891e-02 6.9402897069e-02 -1.1111178350e-02 2.9194587570e-02 -1.2614324303e-01 -3.2216619676e-01 -2.4631692397e-01
-4.1528247609e-01 -1.6283541300e-01 2.2074996539e-02 1.9407005161e-01 -3.6745009127e-02 -1.2414198338e+00 -6.4974214704e-02 1.7900200195e-01 -2.3074619438e-02 7.6768312979e-02 -4.6633485726e-01 -3.3735934377e-01
-1.7443049270e-01 1.5945415182e-01 -2.3044831009e-01 -2.3544299398e-01 -1.8156960815e-01 2.3262574814e-01 2.0743868005e-01 -1.9783465659e-01 -4.0894975972e-02 -1.8942326512e-01 -3.8092978666e-01 -2.6222270720e-01
3.9931962254e-02 6.8414805118e-02 -8.1315346643e-02 -3.1268227605e-02 -5.9251603068e-02 1.9762620836e-01 1.1566306638e-01 -1.1147496308e-01 2.2267965523e-02 -2.4870235229e-02 1.8121582318e-02 -1.2711760998e-01
-3.1414013228e-01 -8.1871016227e-02 1.7065225444e-02 1.1445352028e-01 5.1487260549e-02 -5.9772014585e-01 -2.6097583412e-02 1.1230473207e-01 -1.6086234354e-02 5.6109179339e-02 -2.7334610601e-01 -2.8643447280e-01
3.5401841073e-02 -3.7164884664e-01 2.3016491979e-01 2.9334636640e-01 2.2216744402e-01 -5.3516348154e-01 -2.5389674472e-01 3.1405510666e-01 2.5634440724e-02 3.2013744256e-01 2.1736016826e-01 2.3804173163e-01
-1.9626497696e-01 -1.9040580815e-01 1.7808980062e-01 2.2103588297e-01 2.3508128939e-01 -8.6735784387e-01 -1.4098202106e-01 1.9221248108e-01 -2.3255700670e-02 1.2270905216e-01 -4.3361269787e-02 3.9032587204e-02
-2.3329401812e-01 3.0812263874e-01 -4.1200599992e-01 -4.0566851779e-01 -4.0670019357e-01 1.4713909318e-01 3.9116771945e-01 -3.4475319984e-01 -1.8201562202e-02 -3.0121703953e-01 -4.5045040128e-01 -4.5552991944e-01
-4.5936025704e-01 -1.2322377294e-01 -5.3962735446e-02 1.1247221102e-01 3.6268415907e-02 -1.0523819417e+00 -9.8420895289e-02 1.5745505978e-01 3.7965272411e-02 3.3297739639e-02 -5.2140459337e-01 -4.7928884955e-01
-1.2332900466e-01 -7.7159728848e-02 -7.9350782753e-02 1.3899608885e-01 -6.4002309512e-02 -2.3408926844e-01 4.6503339856e-02 1.1427277637e-01 -1.1209962786e-02 8.1697281939e-03 -2.9817283937e-01 -2.1676729942e-01
