8.3137051974e-02 -8.6372365772e-03 -8.2578413840e-02 3.1481492703e-02 -1.5205414998e-01 3.7783809806e-03 9.9919537311e-02 -1.2770247790e-01 4.1604885167e-01 -7.3366306025e-02 -1.1488226531e-01
-1.7659274840e-01 -3.5789954011e-01 2.6668198087e-01 -2.2098926997e-01 -2.0573669033e-01 4.3728374309e-01 2.7196289363e-01 -3.7927003452e-03 -1.0507854104e-01 1.9063992447e-01 9.3656660865e-02
1.4767359025e-01 8.7957904380e-02 -1.1420923503e-01 4.2837918754e-02 -2.7068138201e-02 1.9116021011e-01 1.0976145775e-01 2.5111281144e-01 -2.5573088633e-01 1.0770655168e-01 5.2678963867e-02
1.2269828543e-01 -2.1059135548e-01 -2.6206427899e-01 -5.6035951807e-02 -1.8723759002e-01 3.6262398933e-02 1.2941625730e-01 1.5709617523e-01 -7.7878047155e-02 7.7887660701e-02 -8.2554329980e-02
-2.8449955909e-01 -2.3480975901e-01 1.5822367562e-01 -2.3128835774e-01 -8.0004396339e-02 1.4974982677e-01 2.0864518218e-01 2.4125313108e-01 2.1013758211e-02 -3.4711627906e-01 2.1430514413e-01
1.0962713247e-01 2.2697711304e-02 -5.0452454266e-02 -1.8605573326e-02 -2.4336322121e-01 -1.1503804540e-02 7.8201571324e-02 1.9604300798e-01 -2.8086818277e-01 -2.2961728807e-01 1.4548129052e-01
8.5391845520e-02 7.0221474034e-02 -9.8628139777e-02 9.7581379205e-03 6.3270930962e-02 4.8945189413e-02 -5.1057412932e-02 2.6025783893e-02 5.2001990770e-02 -1.5077222066e-01 -3.2738240912e-03
1.4189380783e-01 -4.4565243529e-02 9.1507887517e-02 1.7940265597e-01 1.3766086512e-01 -6.0859590992e-02 -2.7329355809e-01 -8.4139028390e-02 1.6179727161e-01 1.1559452842e-01 -7.0259226105e-02
9.0735236824e-02 3.5962243693e-01 2.4933196893e-01 -8.5015042785e-02 9.4841058682e-02 -1.1818167257e-01 -1.1509163594e-02 -2.2473835697e-01 -3.8021616325e-02 2.0189714497e-01 -1.0225436049e-01
1.2287627771e-01 9.3760165732e-02 -6.8566739490e-02 3.0850794530e-01 2.4739588070e-02 1.1349230375e-01 -5.5831533886e-02 -7.3418571528e-02 1.1847081619e-01 5.4206395981e-02 -1.2904578175e-01
-7.7638557608e-02 -2.4665142417e-01 7.5207164522e-02 -2.2119394215e-01 -7.2637816712e-02 8.3541240806e-02 -1.5149251626e-01 -2.7538307983e-01 -1.0793850773e-02 1.5604920789e-01 1.5575148204e-01
