6.1503849968e-01 1.4354260775e-01 1.2120082270e+00 -1.7450801599e-01 3.0303442418e-01 -1.3578695390e-01 -9.0955802909e-02 1.2102381852e-01 2.1757119762e-01 1.2701794741e-01 -9.2585162867e-02 -2.4411200347e-01
7.9357620288e-01 3.0999134125e-01 7.3329476222e-01 -5.1877780781e-01 5.1637258982e-01 -3.0103252378e-01 -3.3764024972e-01 5.5203079206e-01 7.8137200396e-01 2.8403385232e-01 -3.3269530809e-01 -3.7470778510e-01
8.4431520308e-02 8.1381252482e-02 2.3151634360e-01 -5.1296772890e-02 9.8207710828e-02 -6.9605115139e-02 -7.5359558968e-03 3.6502261348e-02 1.5445960284e-01 8.5804579581e-02 -5.4198231251e-02 -1.2885162269e-01
2.1540110380e-01 3.7822063024e-02 2.0138731378e-01 -6.6607982750e-02 1.7149461420e-01 -7.0539367691e-02 -1.3100321319e-01 1.5015279944e-01 1.4508886566e-01 7.5794888838e-02 -4.9682928398e-02 -6.9920587273e-02
-4.6428539321e-02 -8.9287744958e-02 -1.1387501301e-01 2.0504313651e-02 -3.0833724064e-02 -1.0896334692e-02 7.7664875877e-03 8.1651135310e-02 6.8186358596e-02 -1.6481232758e-02 6.5857971770e-02 8.5118878951e-02
1.3522099329e-01 3.0346991340e-02 1.2843574714e-01 -5.1433410793e-02 -8.3606671037e-03 -4.8983928971e-02 -7.4709690515e-02 9.6710405605e-02 1.4170657256e-01 4.5841019924e-02 -1.3976796181e-02 3.9978886318e-03
6.5295248266e-02 1.2003881301e-01 1.3036587434e-01 -3.5998209228e-02 1.3586250323e-01 -1.7464906612e-02 -6.6529381001e-02 6.8791241296e-03 -2.3723655186e-02 5.3078361997e-02 -8.5555269674e-02 -1.6145973444e-01
6.6868009537e-01 4.3511324983e-01 7.6880404546e-01 -5.5958279964e-01 5.8197111196e-01 -4.2110389859e-01 -4.1557374236e-01 3.3961653251e-01 4.2827250602e-01 4.2907475836e-01 -4.4411845752e-01 -5.1799327428e-01
1.7211519046e-01 3.9259621083e-02 8.3992902810e-02 -4.5631812228e-02 7.6491056233e-02 -4.8666286745e-02 -6.9199325263e-02 1.1256855359e-01 1.3338286909e-01 5.4378781992e-02 -4.9477816759e-02 -6.0628782297e-02
-1.9252434512e-02 -5.4841576641e-02 -1.0097177882e-01 2.8688673960e-02 -8.5831232178e-02 3.0345377712e-02 3.8336756076e-02 8.4114734249e-02 8.6489996945e-02 -6.3403634258e-02 2.5585613392e-02 2.3611931999e-02
-1.7197035120e-02 4.7693104980e-02 8.5146217348e-02 -3.8604054961e-02 6.8143889213e-02 2.5179336443e-02 1.6332636778e-02 -1.0036291379e-01 -1.3893842870e-01 2.9240504040e-02 -2.9358267897e-02 -6.7928220262e-02
-2.1861911439e-02 8.1632471919e-02 1.4228365067e-01 1.0863881953e-02 6.1377751244e-02 5.3982745764e-03 1.2668536208e-02 -9.6732622745e-02 -7.4292995371e-02 6.6835847657e-03 -8.7687087002e-02 -5.7530532981e-02
