-5.1851940833e-02 1.0973000088e-01 -1.8041535092e-01 9.9361393669e-02 1.5279174178e-01 3.1305050404e-02 7.0278098367e-02 -4.8343656009e-02 4.6122241773e-02 6.7511056326e-02 -5.0970823731e-02 3.7282907432e-02
-4.6610741309e-02 2.9259918012e-02 -9.3195140950e-02 6.5722087695e-02 8.6869632908e-02 -3.3461561917e-02 6.2018332820e-02 -2.0781930142e-01 -1.6410818444e-01 2.4510338594e-03 1.0991844845e-01 1.1078738180e-02
2.0709241880e-02 6.6983123649e-02 7.8505086893e-03 6.6684717490e-02 5.9515559533e-02 -1.8426631835e-02 3.9835173008e-02 4.1671128448e-02 1.8596811556e-01 1.7903044445e-02 -4.2784674076e-02 2.9173103004e-02
-7.7134482545e-02 5.3783799200e-02 -1.2477445993e-01 1.4566068733e-01 8.6440797662e-02 -2.2611325609e-02 7.4462322491e-02 -1.2868906308e-01 -2.2595362210e-01 3.1406282253e-02 -6.6150966479e-02 -1.7752439262e-02
-4.1692513631e-01 6.8991971705e-01 -9.1899647337e-01 4.4990210012e-01 6.9872867559e-01 4.5940166080e-01 4.8418372068e-01 -5.8894647834e-01 -5.8905474339e-01 4.6795760504e-01 -3.3960962328e-01 -2.5314550032e-01
-7.9878684770e-03 -3.6612391315e-02 1.0285211582e-01 4.3243201631e-02 -6.9751322148e-02 1.3964102736e-02 6.5593330275e-02 -6.1909891242e-02 -1.3557570370e-01 -2.7522358883e-02 4.0679569789e-02 8.5724094517e-03
3.9004297041e-02 2.4455388649e-02 1.4992507456e-01 -8.1592343546e-02 -1.2874714201e-01 1.0161161163e-02 4.5341556007e-03 1.7707539572e-02 -1.5353867720e-01 -7.4271269108e-02 5.1333851368e-03 3.5809148522e-02
1.0795839507e-01 -8.9930317922e-02 1.4317675587e-01 -1.3205520747e-01 -4.4013359396e-02 -1.1100003513e-01 -3.8178201437e-02 1.9830426194e-01 1.6537822005e-01 -2.3691580660e-02 -3.5510289980e-02 5.6728783206e-02
-2.2295019115e-01 3.9741415334e-01 -3.2832682529e-01 2.7371130743e-01 2.4683438084e-01 3.0115726841e-01 3.2135185327e-01 -2.3666014233e-01 -7.2326880810e-01 2.7051720504e-01 -3.4260045432e-01 -5.4493502678e-02
2.5456977983e-02 -1.0245827142e-01 -1.4582000953e-03 -6.4995893669e-02 4.2133589600e-02 2.5100680889e-02 -1.8817601204e-02 7.2027871199e-02 1.4163500469e-01 1.0528740970e-01 -4.2462447584e-02 -3.2927178906e-02
-1.7041472779e-02 1.6271429552e-02 -9.7377835240e-04 -2.5053810633e-02 6.9391984694e-05 4.3649255838e-02 -8.7901370190e-02 6.5806958417e-03 9.5482511314e-02 4.1924436314e-02 -3.1632487929e-02 -1.7656360494e-02
1.7686134604e-01 -8.9581055654e-02 2.0746076833e-01 -7.6187060984e-02 -5.4866910852e-02 -1.2157498256e-01 -1.5328853295e-01 7.5956600349e-02 2.5593691335e-01 -9.1987708170e-02 -6.8037327876e-02 1.1100767913e-01
