-3.7328701746e-01 2.0090590520e-01 2.1958254467e-01 -2.0592840719e-01 -2.5317818560e-01 6.7071814026e-02 6.9509543945e-02 -1.0823000860e-01 2.3141842501e-04 2.0986879168e-01 -1.5038351126e-01 3.1267967719e-02
-2.6681516815e-01 9.1484100881e-02 1.4499288047e-01 -1.9976809209e-01 -2.4926247494e-01 1.1483181270e-01 5.0898514141e-02 -7.2425412872e-02 -1.2368535520e-02 1.8226235804e-01 -1.1738055464e-01 -3.4301591065e-03
-2.2173780962e-01 2.2795134537e-01 1.2724095188e-02 -2.7058692522e-01 -2.7014091620e-01 2.0395391230e-01 2.1294839407e-01 -1.8652730179e-01 8.7806861733e-02 2.5569191279e-01 -2.1754584000e-01 -1.7884603618e-01
-1.1848087270e-01 -7.1102047773e-01 -7.0949605823e-01 2.6071770419e-01 1.1793358589e-01 4.3762336734e-01 8.9464847618e-02 -2.0147188434e-01 -2.0913038949e-01 2.3338434267e-02 2.7856859937e-01 -3.9938737466e-01
-1.0183359758e-01 -1.1411675851e-01 -4.5926395132e-02 1.1285705263e-01 1.1289172465e-01 6.0418989957e-02 1.1347901316e-01 -2.0536909174e-01 2.7766536937e-02 -7.2982218929e-02 1.9803928098e-02 -9.0380359837e-02
-6.1319259184e-02 1.3017784831e-01 -5.1630334393e-02 -2.3251208078e-01 -2.5533109714e-01 1.6878037041e-01 9.6607393245e-02 3.8090064899e-02 1.4961768275e-02 2.1088106927e-01 -1.0721770896e-01 -1.0065388498e-01
-4.9020598819e-01 2.3721397633e-01 5.1974173283e-02 -1.3464703304e-01 -4.7472558470e-02 1.7887772960e-02 8.2858946150e-02 -4.4933747291e-01 -2.4363657153e-01 5.6674396902e-02 -1.8512149196e-01 -3.7284174346e-02
3.3942777847e-01 8.4387416990e-02 -1.8711869028e-01 -1.6509829334e-01 -2.1387847331e-01 1.5483605234e-01 9.7115350901e-02 5.0517708949e-01 3.8746797732e-01 1.8698793764e-01 -5.2734981794e-02 -1.4605546602e-01
-4.2144952316e-01 -1.3969384815e-01 -4.2695570315e-02 9.3098424934e-02 6.3150703376e-02 -3.2389938810e-03 -3.9192772144e-02 -4.0437602718e-01 -3.3486978631e-01 -9.9328123672e-02 1.0507709291e-01 4.4535371797e-02
-2.7200928935e-02 7.7771304654e-02 -4.2469447848e-04 -6.4061124361e-02 -1.0963275290e-01 -1.7774477538e-02 -8.9213866378e-02 -6.1959500892e-02 -1.7253058181e-01 8.0789911521e-02 -1.8073841390e-03 9.3890911014e-02
-3.4317781441e-01 1.1595259236e-01 2.9254948525e-03 -1.1735569214e-01 -2.0297374328e-01 9.8533857268e-02 3.2429057004e-02 -2.5491401177e-01 -1.0747457978e-01 1.8615275939e-01 -4.1099635857e-02 3.3391559824e-03
2.5118809053e-01 1.0306995770e-01 -4.4885434390e-02 -1.4666249525e-01 -1.8379002994e-01 1.2170190869e-01 8.2257729565e-02 4.2888337128e-01 3.6564033664e-01 1.7680089483e-01 -1.0909758167e-01 -1.1180842615e-01
