-2.2988705539e-01 -4.3549358723e-01 -5.5958645133e-01 -4.9522223276e-02 -4.4390051899e-01 4.8191766373e-01 9.2823635722e-02 5.6830758513e-01 5.4595801711e-01 2.9775423958e-01 -5.2650160007e-01 1.6695117186e-01
7.1740687962e-02 3.3720266854e-02 1.1167534984e-02 -5.3990031846e-02 2.1492089857e-02 -2.3974920488e-02 -3.4109417354e-02 -1.2846649295e-02 -4.5775366965e-02 -2.0302073329e-02 1.2581145418e-02 -5.5383492665e-03
-2.5193802767e-02 -5.8069478470e-02 -1.1907972984e-01 -5.9467044256e-02 -8.7755459348e-02 8.5275467289e-02 -4.7206623665e-02 1.3649819738e-01 1.0080940893e-01 8.2653110228e-02 -1.0170685467e-01 5.6805515345e-03
4.4835998185e-02 1.0688958022e-01 9.0985301788e-02 7.7911281894e-02 1.0497167457e-01 -5.7283197109e-02 -1.5726797641e-03 -1.0467329541e-01 -6.9283978033e-02 -2.5821980492e-02 8.3386860583e-02 -1.0670572460e-02
-1.7232806841e-01 -2.4392317423e-01 -3.1837921916e-01 1.8043201328e-02 -2.9833586370e-01 2.7950330867e-01 9.0714268835e-02 3.8065368920e-01 3.7149547867e-01 2.0742019459e-01 -3.6499411689e-01 1.5290589924e-01
-1.1246497114e-01 -1.3637834913e-01 -1.3224176561e-01 7.7534782607e-02 -1.2997800951e-01 1.1192089075e-01 6.1772338720e-02 1.6620376767e-01 1.7137934061e-01 1.3608119583e-01 -1.3339871080e-01 7.6926571266e-02
1.0869198438e-02 -5.1617793392e-02 -9.3590834881e-03 -1.2678006953e-02 -3.7434351690e-02 9.5710676272e-02 -2.7410215102e-02 2.7205321546e-02 5.3113641447e-02 -3.3417528208e-02 -1.1128086789e-01 -2.6264670270e-02
-9.3548036783e-03 -1.4026090183e-02 -4.4084323928e-02 -1.0787221477e-01 -6.9360771175e-02 4.1690598146e-02 -5.1446584082e-02 6.3314207657e-02 6.7125697297e-02 2.4347807495e-02 -7.3095824125e-02 9.4983343564e-03
-1.0512011707e-01 -2.3506905309e-01 -2.5024034447e-01 -8.2575521021e-02 -2.5379920020e-01 1.9430014669e-01 6.4641232472e-02 2.6850447275e-01 2.5968016349e-01 1.2489201666e-01 -3.0193749670e-01 9.0486545160e-02
2.0148534498e-02 -2.2008248737e-02 -1.4302346470e-02 -9.7648638457e-02 5.9146585439e-03 -2.3634455268e-02 -2.1888294000e-02 -3.2257124890e-02 -1.5360281492e-02 3.4737767931e-03 6.5893089197e-02 -2.5225269196e-02
-1.1852035995e-01 -1.7302081885e-02 -3.0176284036e-02 -2.2921188993e-02 -2.7540293722e-02 3.6418671727e-02 3.8850163626e-02 1.0533985994e-01 6.4034158776e-03 6.3654628015e-02 -5.5752516457e-02 6.4664534617e-02
-6.7864421400e-02 -1.8907416729e-01 -2.0153798051e-01 -2.0581301482e-02 -2.2822019423e-01 1.7346297781e-01 -2.9002637958e-03 2.3292924310e-01 2.0201320886e-01 7.2252154263e-02 -2.4369636031e-01 -2.7341382049e-02
