-2.3392927097e-01 9.8708278447e-02 3.8199933638e-01 -1.2943676835e-01 -1.1484073587e-01 -5.8782281695e-01 -2.5192100750e-01 3.3416735306e-01 -3.7582630356e-02 3.2570377407e-01 1.4542350042e-01
1.6619784479e-02 -3.3677341794e-01 6.3503667271e-02 2.5785436247e-01 -1.1147623559e-01 -3.7606645046e-01 2.9147600243e-01 3.0242043523e-01 6.5021613926e-02 2.1839154599e-02 3.0565188096e-01
-2.0476270072e-01 2.9840881335e-01 -2.5716075737e-01 3.8831217664e-02 1.7956059447e-01 2.1746627197e-01 1.8020012075e-01 1.9263056051e-01 -1.2861924455e-03 1.1489786926e-01 1.7011100379e-01
2.4410591470e-01 -1.5358704696e-01 1.5196307940e-01 -1.4859487152e-01 3.7384456636e-02 2.4868768248e-01 -4.0568586782e-02 3.5798186451e-01 2.0396280060e-01 -6.2052059170e-01 -1.0234588324e-02
-4.2215400338e-01 1.5871328881e-02 -1.1543812200e-01 5.6241357774e-02 -1.5617091172e-01 -4.0560045630e-01 6.8385732254e-02 -4.1359516326e-01 1.0601173091e-01 5.7321136953e-01 2.1769195201e-01
-7.3546766822e-02 -1.0784540526e-01 -3.5135972376e-02 1.7382447776e-01 5.6255290531e-02 9.7346468000e-02 -2.2631993961e-01 2.9934627473e-02 -1.2812671215e-03 -1.8788279749e-01 1.0348431998e-01
2.2546073285e-01 -6.1978252933e-02 -8.8876776129e-02 7.6498406550e-02 2.6432066486e-01 -1.3166926399e-01 8.9092752928e-02 -2.8353186624e-01 1.5425371172e-01 8.5980771134e-02 -1.2689278979e-01
1.6650787024e-01 2.1539190190e-01 -1.1028540319e-01 9.6150016149e-02 6.8039923615e-02 -1.4369768373e-01 2.9111052842e-01 -1.2772958138e-01 -1.0509091013e-01 2.9399037590e-01 -5.7921114890e-02
1.7026411935e-01 -7.5995121841e-02 2.6728197358e-01 -1.1214472186e-01 -1.0694630342e-01 3.4467431101e-01 1.3604224502e-01 6.2217980940e-02 9.3950529265e-02 -3.9809454402e-01 1.0124742411e-01
-4.2936071023e-01 7.7174819601e-02 3.3771405722e-01 6.4638828923e-02 4.7040750016e-02 -2.6680679278e-01 2.4254025985e-02 -1.3669301350e-01 -2.5630746184e-01 4.5709569879e-01 1.3739561084e-01
3.9124649071e-01 1.7732506513e-01 1.6305507304e-01 2.2767515764e-01 -3.1949552406e-02 1.2912619004e-01 -7.6737911541e-02 3.2907569221e-01 -1.7554355779e-01 -5.3407141919e-01 -3.1495393559e-01
