-7.9948700704e-02 -1.9990017760e-01 -1.2564416012e-01 -1.2646780820e-01 -1.2990539832e-01 -6.9417995707e-02 1.1231409460e-01 8.6203677767e-01 4.4020869775e-02 3.4071210030e-02 -2.5391050945e-01 3.0699992601e-03
2.1650578273e-01 -1.2065137018e-01 -2.4334977444e-01 -1.5318019818e-01 -2.4081326046e-01 3.1577396901e-02 1.9962660706e-01 -5.7959185155e-02 2.4285784440e-01 -1.6388393234e-01 -2.5041351176e-01 1.9621247548e-01
6.3222188072e-03 -3.5988385548e-01 -6.9014401729e-02 -4.6943124522e-02 -1.0784180553e-01 -1.1630519804e-01 2.8836324919e-01 2.8138403445e-01 1.1568291369e-01 -1.1352580738e-01 -1.6233436505e-01 1.0062641584e-01
9.4911152418e-02 -8.9279927965e-02 7.2294349035e-02 -4.4440286503e-02 5.8342065798e-02 4.2015121796e-02 1.6071401336e-01 -1.1351847448e-01 3.1698772843e-02 -1.4238162234e-01 1.8993069340e-01 1.1586897774e-01
2.4254353600e-01 -1.0638952809e-01 -3.6252967238e-01 -1.8291407263e-01 -2.8398309487e-01 5.3216853897e-02 7.0623526910e-02 -4.9886024012e-02 1.6121752905e-01 -1.9732891278e-01 -2.3165226064e-01 8.4115286324e-02
-1.8828983849e-01 2.6907827668e-01 -7.1344356664e-02 1.3967147967e-01 -1.0136682440e-01 -2.0316966586e-02 -2.2709668265e-01 -2.4223676009e-01 -5.6222192085e-02 1.2048163770e-01 -3.4610965929e-01 -1.1827633725e-01
2.8111397227e-01 -1.8174317519e-01 -3.0819222831e-01 -2.6885487608e-01 -2.1734770508e-01 9.9350831110e-02 1.9749763337e-01 5.4879487459e-02 2.8597924476e-01 -1.8602999795e-01 -5.2379630905e-01 2.4747028103e-01
1.4659244626e-01 -9.0941474143e-02 -1.9625848396e-01 -1.8286256765e-01 -1.7384310227e-01 5.4596609436e-02 1.4004017448e-01 5.5874899799e-03 7.0683928564e-02 -1.4132238504e-01 -4.6736051371e-02 2.0738446735e-01
-3.1287036952e-01 2.7839789714e-01 1.4294684279e-01 1.6929728381e-01 2.0255023274e-01 1.0457917288e-02 -1.3730839315e-01 -2.0845312756e-01 -2.2897400203e-01 2.5606541551e-01 3.2907216202e-01 -2.2295904796e-01
-1.1696419140e-01 2.8819474622e-02 -3.5015067461e-03 8.1408421520e-02 4.6919336010e-02 -1.2592593121e-01 -1.2729920054e-01 1.3300385912e-01 -4.2488234075e-02 1.3956948152e-01 -4.8462289008e-02 -1.0523170108e-01
1.6622150824e-01 -7.4275692643e-01 2.5896998201e-01 4.6627877226e-02 2.5085468598e-01 -4.1078575629e-01 6.5699807279e-01 5.6886497120e-01 1.1086728810e-03 -5.1590122801e-02 8.3001813001e-01 1.1127390709e-01
1.6324992264e-01 -2.6057012778e-02 3.2816875326e-02 -1.4976681859e-02 9.2184050961e-02 8.0365036366e-02 8.7654417505e-02 -1.8734116981e-01 3.0266081659e-03 -7.2330267347e-02 1.5412769375e-01 1.4567835690e-01
