9.7520353605e-02 -2.2196039435e-02 -1.2932571654e-02 -1.4030241341e-01 -9.3811293490e-02 6.0677498431e-02 1.0696192642e-01 2.0796709698e-01 2.9595809588e-02 1.4005254935e-01 4.1288432514e-02
3.5990736267e-01 3.8627594999e-01 -2.7518853413e-01 2.4059857512e-01 3.3222061208e-01 1.3201969055e-01 -3.8288519472e-01 -5.2724718763e-01 -1.8555868740e-01 -6.0326608870e-01 -3.0535514218e-01
2.7182747673e-02 -1.7639475235e-01 2.1558675328e-01 -3.1326190068e-01 -4.8230027355e-01 3.0579565598e-02 3.3519128842e-01 2.0019725688e-01 -8.7783149845e-02 3.6353013156e-01 6.0840805185e-01
-2.4098741752e-02 1.6616803013e-02 1.5247412470e-01 -5.1383513085e-02 -2.0293355876e-01 2.1088504216e-01 3.2180390601e-02 -1.4444320877e-02 -4.2065158038e-02 8.4979229400e-02 -4.2894523436e-03
-1.6459631644e-01 -2.8341106898e-01 8.9831257696e-02 -2.4680968428e-01 2.2941143538e-02 2.1625950650e-01 6.2672100689e-02 -3.3103513157e-02 -1.4581680147e-01 -9.3343120410e-02 -5.5977986148e-02
-3.2905623264e-01 -4.7966758462e-01 3.3935060343e-01 -7.9130830089e-02 -6.2897056302e-02 -2.6016736908e-01 9.3456416753e-02 2.0382952781e-01 1.4488527688e-02 9.5725582516e-02 -2.2291336063e-02
1.1392622821e-01 2.2162818646e-01 6.1770887126e-02 2.7575042468e-02 6.7213468169e-02 1.3066519377e-01 -2.6310797218e-01 -2.4302573319e-01 -4.6856173520e-02 -5.7104109791e-04 -7.7808752308e-03
-1.6040358308e-01 -3.0751058728e-01 6.3686807754e-02 6.7782171930e-02 1.9811771810e-01 -2.2869559217e-01 -1.0085059329e-02 -2.1074144820e-01 -1.3152681601e-01 9.0178063414e-02 -1.2347627953e-01
1.2315517725e-01 -3.0405495488e-01 2.5571598567e-01 -2.9351861840e-01 -4.0300018888e-01 1.4359233814e-01 2.9421332203e-01 4.3133868318e-01 7.3123678059e-02 -2.3794803187e-01 3.4004433430e-01
1.2359931865e-01 4.9404955520e-02 -1.4835953510e-01 1.4940566338e-01 -3.6465555770e-03 5.0517268911e-02 -1.0732491519e-01 -4.2157135783e-03 2.4855013186e-01 -2.1776129955e-01 1.0628907767e-02
-1.3977348084e-01 -1.0564570414e-01 -7.3008442930e-02 1.9467314054e-01 8.5560038675e-02 -1.2499277895e-01 4.4009655981e-02 -5.5822161834e-02 8.0643717769e-02 5.4183760548e-02 -9.5500960290e-03
