-1.0255349503e-01 1.6158909087e-01 9.8200407721e-02 -9.6380848760e-02 -1.2065700279e-01 -9.5964688497e-03 4.6885704603e-02 -1.9230151328e-01 -1.0285309352e-01 -1.2606668522e-01 4.8353281330e-02 1.3933947644e-01
6.2150325594e-02 1.4695912403e-01 1.9447174554e-02 -1.5959679807e-01 5.0053545350e-02 2.1063738109e-02 5.5157160907e-02 -5.4576215069e-03 4.4789317741e-02 -1.1658025746e-01 -1.0107359384e-03 6.5420311239e-02
-1.3105725213e-01 2.1069977747e-01 -1.4993465206e-01 -1.9188288616e-02 -1.5146146369e-01 1.5784886252e-02 1.1306349591e-01 -1.5104170063e-01 -4.5062793111e-02 -1.6878380702e-01 1.0301331179e-02 1.3250776918e-01
1.7534446428e-02 1.8995047138e-01 1.3972548193e-01 -3.6463349699e-02 -4.6590174385e-02 4.5241298479e-02 8.9181889927e-02 -9.6115267727e-02 -4.5528726431e-02 -1.8331183000e-02 -5.7705043234e-03 7.8812505555e-03
-4.5492261568e-02 -1.1704392001e-01 -3.1406776088e-02 1.7089127951e-03 -4.6214597175e-03 -4.1818563173e-02 1.1296156161e-01 6.5195160594e-02 6.5705064727e-03 1.0946803741e-01 1.7562823664e-02 4.3043869151e-03
-7.3957802735e-03 -3.3930704801e-01 -3.2339369239e-01 1.4429717959e-01 4.4804502214e-02 -5.4950166309e-02 -5.8347881912e-02 2.3047656132e-01 1.3303664928e-01 2.7871552514e-01 -2.3950287044e-02 -7.9710911381e-02
-4.3732472474e-02 2.2448961662e-02 -8.1410522928e-02 -1.2522692086e-01 -1.0950556412e-01 -1.0445347291e-01 9.6880804616e-02 4.2701628407e-03 -3.0752352882e-02 1.5050241453e-01 5.0914541875e-02 -5.1872549003e-03
-7.8556133537e-02 1.6202977622e-01 2.9589922528e-02 -7.4444390585e-02 -9.6921799663e-02 -6.3913673942e-02 5.0514642868e-02 -1.1446343848e-01 -1.7049981568e-01 -2.2108024334e-01 3.3473345372e-02 1.5271839404e-01
-3.6958655184e-02 2.0457594485e-01 1.8852693572e-02 -7.7678506800e-03 -1.1039470872e-01 -1.2067672783e-02 1.1967799099e-02 -3.1897358870e-02 7.8353320697e-03 -1.5378069013e-01 1.5727904112e-02 1.2244869149e-02
-1.4279884002e-01 2.3823192862e-01 -5.0438891283e-02 -3.8675368947e-02 4.7095941521e-03 4.2940782971e-02 7.2705155368e-02 -9.2175891825e-02 -8.0930882818e-02 -1.3981826321e-01 1.8340435761e-02 4.3379044086e-02
7.4555966333e-02 -9.7888190753e-02 2.8551207293e-02 7.2872668525e-02 8.9420089906e-02 -2.5220478606e-02 1.5441077208e-02 1.7102045451e-01 5.2423945498e-02 1.2986123238e-01 -1.7607313394e-02 -4.9634578452e-02
-1.0385062844e-01 1.4790883336e-01 1.9078977379e-02 -4.5836784489e-02 -7.7185376330e-03 1.7598255448e-02 -2.9884478464e-03 -9.5903083871e-02 -1.9872010256e-02 -1.1666635367e-01 9.0964980697e-02 2.8699517164e-02
