3.5365267046e-01 -1.6536666083e-01 1.2145609725e-01 4.0831014551e-02 -8.1772091142e-02 -1.5620116933e-01 1.0147634051e-01 -4.3007031960e-01 1.0589141630e-02 -3.0467191869e-02 -1.4617498747e-01 2.1937738742e-01
5.9866995732e-02 1.2561952801e-01 -6.2922816715e-03 -6.9312217160e-02 1.8200307836e-01 -1.7168632714e-01 -1.9937147003e-01 -2.8194946485e-01 -1.9078786375e-01 -3.5421537102e-02 -1.5489190585e-01 -1.0948831696e-01
3.4228790585e-01 -2.1449384922e-01 3.7898840614e-01 2.3903314369e-01 -3.8324060904e-01 1.8398650163e-01 2.6253895780e-01 1.2381553101e-01 2.3649062875e-01 -1.8511739373e-01 1.6995707665e-01 2.6641739884e-01
-2.4607653813e-02 -1.7181715579e-01 2.3811604097e-01 1.0815861987e-01 -1.1689050139e-01 6.7270821021e-02 1.1105778852e-01 1.6141598027e-01 1.0346824083e-01 -1.0300360684e-01 9.8912540851e-02 1.3473554965e-01
1.6070047015e-01 -6.3000920470e-02 1.0056936122e-01 2.3454736534e-01 -2.4182332963e-01 1.8315256086e-01 1.6802568750e-01 1.3335220165e-01 1.2550810400e-01 -2.3848527033e-01 1.6903916875e-01 2.0276364267e-01
-7.8846222015e-01 -2.1955285505e-01 2.8751554412e-02 8.1329320646e-02 3.9570203050e-01 -4.4093250901e-02 1.0438326040e-01 1.5793964722e-01 7.9254571135e-02 9.3913968060e-01 9.7969996195e-02 1.1264110157e-01
-1.2651362483e-02 1.9801989324e-01 -1.8681728465e-01 -1.3433565849e-01 2.0851214481e-01 -2.3318083251e-01 -1.5321570101e-01 -2.2352995539e-01 -2.1883643551e-01 1.0527714671e-01 -1.5973697798e-01 -2.0111935398e-01
-8.5719028776e-02 -9.8547270002e-02 6.8599034824e-02 1.8005002978e-01 -1.7075035421e-01 1.0272682347e-01 6.8456976801e-02 2.2704966701e-01 9.6459325637e-02 -2.0407294049e-01 1.3786874028e-01 9.7010208138e-02
-1.8646467532e-02 -4.5860660421e-02 7.6550096857e-02 2.3748636685e-02 -1.3852925611e-01 -9.7954517365e-02 4.4724607591e-02 -5.9382697785e-02 3.2738839990e-02 6.0512011072e-02 -3.3624542299e-02 1.1977168019e-01
9.2578362005e-02 -1.7562991329e-01 2.0870631347e-01 1.8051692222e-01 -2.2191902486e-01 1.8642182116e-01 2.0410563348e-01 2.0907590629e-01 1.8963008278e-01 -1.0605776639e-01 2.7134908743e-01 1.9280028803e-01
-2.4212575595e-01 9.4816571548e-02 -2.5050281096e-02 -9.1574442962e-02 -8.0503487281e-02 -1.0315415751e-01 1.1409079517e-02 -6.7907253820e-02 -3.2115231514e-02 1.8049713302e-01 -5.3565153884e-02 -4.8488089212e-02
-1.7625277842e-01 4.6087387723e-02 -2.1305345674e-02 -2.7055720145e-02 -6.3533618008e-02 -6.6816032599e-02 -8.9622586122e-02 -1.2479103673e-01 -5.4411510741e-02 1.4407032707e-01 -1.2555582447e-01 -6.4924859366e-02
