-6.2523621595e-01 3.9287146391e-02 4.3480392827e-02 -3.2353311541e-02 -7.2719814284e-02 4.1949635832e-02 4.5082690083e-02 -5.6633171355e-02 -6.0282889549e-02 1.9109305067e-02 -1.6088727710e-02 4.8418849629e-02
3.7097141476e-01 -1.2575112211e-01 -1.3634538899e-01 1.5789718372e-01 1.7360320282e-01 -1.4048639462e-01 -1.5368435709e-01 -1.2679222362e-01 1.8947663030e-01 -1.3554906667e-01 1.2642290435e-01 -1.2232741241e-01
4.4335274555e-01 -8.3224402705e-02 -6.4340575011e-02 8.3951055741e-04 -7.9527194741e-02 1.0008535586e-02 6.5281459530e-02 1.0916764300e-02 -8.4683220094e-02 -1.7896799522e-01 4.1053807899e-02 1.0562944842e-02
3.9318729503e-02 2.0606740122e-02 4.5277344156e-02 -4.5575247990e-02 -5.1442998282e-02 4.3871005053e-02 7.8405938194e-02 2.9291817136e-02 -1.0230356461e-01 3.7300038065e-02 -3.7662204761e-02 2.8647606965e-02
1.5437924834e-01 -1.2364873007e-02 -2.7821838152e-03 2.6136917658e-02 -1.8433452912e-02 3.1248171998e-02 1.0915958468e-02 -1.8660946719e-02 -3.6226275544e-02 -3.1606265695e-02 9.4817797567e-03 9.6501409927e-03
-2.1132973252e-01 1.6273277315e-02 -5.3249454919e-03 1.6857250024e-02 1.7478621398e-02 8.7980202117e-03 -3.6147875045e-03 1.7386247079e-02 4.5949093437e-02 3.3478952541e-02 -8.9075356200e-04 6.2951779874e-03
2.0120026329e-01 -2.6717214502e-02 6.9584408116e-03 -1.5527103811e-02 -5.0485419375e-02 1.6812982367e-02 2.6596966661e-02 1.5213928086e-02 -5.2608779459e-02 -3.3709573399e-02 3.9610926315e-02 4.0920273089e-02
-1.5559396963e-01 9.1532228108e-02 1.2456086112e-01 -1.3296809184e-01 -1.5770402293e-01 1.2187848971e-01 1.0985900809e-01 7.4771316673e-02 -1.5863195488e-01 7.5307016963e-02 -8.8701090813e-02 1.2008372472e-01
-6.4558109663e-02 -2.6982430668e-02 -9.0836932070e-03 4.1326482076e-02 3.7787475199e-02 -6.5149267001e-02 -7.6155029591e-02 5.2144119563e-03 8.1972794531e-02 -1.5622895096e-02 -9.2860248574e-03 -3.8171728279e-02
-3.8726174811e-01 -1.1533972170e-01 -5.7305327415e-02 1.3216478871e-01 2.2060038686e-01 -1.6803422384e-01 -1.3666956406e-01 -1.5590308392e-01 2.0862523517e-01 -4.2968356513e-02 9.7577727531e-02 -1.5417456877e-01
6.8020257791e-01 -3.2629462101e-02 -6.2792492343e-02 -6.8016320134e-02 -1.5795929445e-01 5.3447479641e-02 4.6649458114e-02 1.9200565499e-01 -1.9887522113e-01 -1.2017821970e-01 1.9243116122e-03 1.0507462150e-01
-3.3578748234e-01 -5.2669767274e-02 -5.5066635893e-02 3.8875110344e-02 3.3602371128e-02 -5.9350461532e-02 -1.6190353111e-02 6.3954100828e-03 1.5302259107e-02 -1.2960223916e-01 3.6667429335e-02 -3.1974945680e-02
