-1.5958264660e-01 8.1462689189e-02 1.1782124483e-01 3.1910593285e-02 -1.0876629308e-01 1.0540424098e-01 -2.6809040931e-02 1.2772911597e-01 6.4441807940e-02 -6.8762961232e-02 1.7803466542e-01 5.2814759809e-02
1.0675892956e-01 3.9191356925e-01 -3.7646261103e-02 -5.2434286061e-03 1.1344069468e-01 -7.7088805800e-02 8.0171061764e-02 -9.7190119958e-02 1.6507592241e-02 9.5225075366e-02 3.7826454152e-01 -2.2854664130e-02
1.7448838846e-01 2.2508516937e-01 -1.4438701756e-01 3.2686360142e-02 9.2337252935e-02 -1.5543298651e-01 1.4975128681e-01 -1.9465287807e-01 6.2238030796e-02 1.6068020310e-01 1.9759614345e-01 -8.4672642959e-02
2.0667789752e-02 -4.4287241751e-02 9.5713833450e-03 -7.5757761165e-02 3.2823216872e-02 5.4323455134e-03 2.9102105118e-02 -2.9900986106e-02 -5.9528895523e-02 1.3430314521e-02 -6.5587926256e-02 5.2519351680e-03
1.1934890166e-01 4.8137396328e-02 -1.2958251970e-01 7.7575626923e-02 5.9074755764e-02 -7.7967495609e-02 1.2754466538e-01 -9.8812590518e-02 5.1008048991e-02 9.0949111553e-02 1.0232445062e-01 -8.7823203435e-02
1.3955610113e-01 2.8552876264e-01 -6.2302530378e-02 -1.0161438963e-02 8.2076337669e-02 -1.2642761948e-01 6.0494461674e-02 -1.5179098823e-01 2.8294543149e-02 8.7272441986e-02 1.8934497540e-01 -7.5275217828e-02
-3.9097492806e-02 1.9428410720e-01 5.1206065281e-02 1.0918515556e-01 -6.6486539750e-02 2.0882174719e-02 -3.2702349100e-02 1.0708089515e-01 7.8798889258e-02 -9.7356476184e-03 2.3370448427e-01 -2.5949320249e-02
-2.6739895642e-02 2.3223553824e-03 -4.0840514656e-02 6.0986175076e-02 1.0244983697e-02 -2.0275135715e-02 2.5382332630e-02 -3.4739876953e-02 8.3270892912e-02 1.7811552841e-02 6.9363560006e-02 -6.1830672088e-02
2.6824839567e-02 8.8022019921e-02 -7.9753076715e-02 1.0805510700e-01 2.6051171033e-02 -5.7303400292e-02 6.8049456937e-02 -2.5917084943e-02 1.0666583059e-01 5.2738061334e-02 1.2940169438e-01 -9.3816625572e-02
-9.3982542912e-02 -1.5140558339e-02 5.1431771074e-02 3.6198915362e-02 -6.3320623322e-02 6.7154725529e-02 -3.2247688915e-02 8.2149033810e-02 5.8031125653e-02 -2.0518973739e-02 7.0042838048e-02 5.8994675007e-03
-1.2603000294e-01 -1.1990477398e-01 8.6247197654e-02 1.7759389405e-03 -4.5542421971e-02 1.1803765609e-01 -6.9513640710e-02 1.2836290067e-01 -1.7232517851e-03 -1.3339621171e-01 -8.8171758780e-02 5.1389761528e-02
5.5065720779e-01 2.0631530973e-01 -4.1936639934e-01 1.8667699277e-01 4.4002560641e-01 -4.1941612698e-01 4.9022522358e-01 -7.0081474237e-01 2.4154113839e-01 4.2287293347e-01 2.0791759542e-01 -3.3883472948e-01
