2.3331645433e-02 9.7665581427e-02 -4.9362600422e-02 6.3375144500e-02 1.5745185357e-01 4.7229867791e-04 1.0087839117e-01 -2.2217355287e-02 -3.3517597714e-02 -5.4785161859e-02 -1.7297647790e-02 2.4758236292e-01 -4.9021740979e-02 1.0880866509e-01 1.9729015681e-01 1.2548476964e-02 6.0404529697e-02 2.1081688190e-01 -6.8120918285e-02
1.1780542891e-02 -9.9230257274e-02 -4.1230310739e-02 2.3238690799e-02 -9.8284649401e-02 -3.6760577202e-02 -8.1505593492e-02 -6.8673148043e-02 -3.0275654693e-02 -2.8222372354e-02 9.5080138022e-02 1.3423523024e-01 1.1647153149e-01 1.0297442342e-01 1.1692359727e-01 -6.5329125197e-02 3.4447795265e-02 3.8150088029e-03 3.9850478557e-02
-1.8125954598e-03 -2.5729918035e-02 3.3748317842e-02 -1.0744395120e-02 9.2034014154e-02 -6.4181522397e-02 7.0912907574e-02 -1.3035792755e-01 -4.5905058316e-02 2.4534009484e-02 -6.5423791925e-02 1.7693046380e-01 -6.4469221385e-02 9.8740135521e-02 1.0053196246e-01 -1.7600921362e-02 1.9115675610e-02 5.5878718946e-02 3.4965813205e-02
-4.8947856162e-02 -1.5491334790e-01 -2.4752201344e-02 1.6392314962e-01 -2.0438953271e-02 -1.5101722854e-02 -6.7137487850e-02 -9.2988458838e-02 1.5854327005e-03 -2.6687145262e-03 -9.3222595109e-02 -1.1821874231e-01 2.1087645587e-01 6.0398282619e-02 -6.8106394464e-02 -2.5696004217e-02 2.2066249639e-02 -6.4719633329e-02 -2.8851083054e-02
-1.3233631176e-01 -1.0182014766e-01 -6.1580705456e-03 1.9296883982e-01 -3.9229850982e-02 -8.4965388078e-02 3.9885949466e-02 -2.6473292288e-02 -9.3409555730e-02 -9.2827134804e-02 -5.3710211737e-02 3.3951289837e-02 1.0898252108e-01 4.5788720485e-02 -1.2041396145e-01 -3.9452374460e-02 -4.3203566750e-02 -4.6825670075e-03 1.2435955389e-03
6.5102620483e-02 1.0402413239e-01 -3.3828602689e-02 -7.2974465086e-02 2.3823706098e-01 -4.4610403242e-02 4.1281189854e-02 -1.8548116216e-02 3.6867875743e-02 -7.3105540107e-03 -8.3682599271e-03 1.2996991903e-01 -2.8693148319e-02 1.6212247770e-01 6.8638316368e-02 -4.8773811443e-02 -7.0397427707e-02 5.6977130838e-02 4.7214359997e-02
4.0591811041e-02 3.9634127452e-02 1.6385251872e-01 -5.7701263593e-02 3.2624352880e-02 8.8081474586e-02 8.3689384359e-03 -1.2103723539e-01 1.2104332322e-02 1.3646752624e-02 -9.4855380980e-02 1.8501312234e-02 8.4196434853e-03 7.8432037854e-02 -8.0270296262e-02 -7.3282502668e-02 9.0053892843e-02 -3.7457467447e-02 4.6158746212e-02
8.1233847314e-02 8.9241299944e-02 1.8774390469e-02 9.7119012433e-02 3.9075552713e-02 -5.3224680041e-02 3.9590423876e-02 1.0537368898e-01 1.6613032291e-03 -2.5065335773e-02 1.0844090918e-01 8.3667975316e-04 -2.0110055336e-03 5.9909814735e-02 8.8159438115e-02 -6.2433443744e-02 -6.3432081811e-02 9.2900426006e-02 -4.7335212541e-02
-1.1492849154e-01 -1.2668179025e-02 9.3753513087e-02 -5.6903657794e-02 -1.0424032983e-01 4.6899167354e-02 6.6438136258e-03 -1.2913450432e-03 2.7803882187e-02 4.1617287536e-02 5.8745610884e-02 3.3802829072e-02 -1.6005484634e-02 -5.6920443267e-02 1.9685047624e-02 -6.6234941656e-02 1.0403278086e-01 6.3139584601e-03 -1.8606062657e-02
-6.1774747521e-02 -1.1952936063e-01 4.6444548725e-02 7.9154801591e-02 1.3900818571e-02 -5.9934802746e-02 -1.0705454796e-01 5.2282917799e-02 -4.8346237297e-02 -2.4640397733e-02 -1.7544864810e-02 -1.7980212349e-03 1.4379660200e-01 -3.8583760943e-02 -3.0108972287e-03 -9.8338164673e-04 -2.1309016221e-02 2.5812648185e-05 -7.3065049133e-02
7.5105087155e-02 -2.3689095241e-01 -1.0169245060e-01 3.1415854045e-01 -1.4089394226e-01 -7.9047754054e-02 -2.1356137605e-01 -1.2317768063e-01 -1.1705748055e-01 3.1521393883e-02 -8.4992730382e-02 -1.7594643207e-01 2.3457912235e-01 -1.1492587660e-01 -2.1112235482e-01 -7.3830729568e-02 5.1560532517e-02 -1.0014016100e-01 -1.3568811186e-02
4.5779238509e-02 -4.0037380432e-02 4.6419290306e-02 2.8176460445e-01 -9.5228054483e-02 -2.4688241328e-02 -1.4576930945e-01 7.0613378777e-02 -8.0444048219e-02 1.9699556669e-02 3.9592906061e-02 -1.4830949349e-01 1.1010227287e-01 -1.1634724916e-01 -1.3471322482e-01 6.5785363533e-03 7.7150036335e-03 -1.0958981322e-01 -3.2422135129e-02
-5.0806026045e-02 3.7256530095e-03 5.6588305451e-02 6.0703577375e-02 4.6858975840e-02 -2.4968276571e-03 2.0707206154e-02 -6.6192778620e-02 8.3697249798e-03 4.2503509040e-02 -9.9928432036e-02 -3.3035083952e-02 -8.8224354508e-02 2.2641558549e-02 -6.0659198865e-03 2.0003165427e-02 -1.2711087415e-02 3.6854315113e-02 1.2567288508e-01
2.9700333614e-02 -1.8115000099e-01 9.6471643891e-03 1.5576769748e-02 -9.3599014293e-02 -2.2452279496e-02 -1.7944137368e-01 3.6812922378e-02 6.3382548849e-02 2.8353225956e-02 8.3920700742e-03 -4.8842048517e-02 1.5627423268e-01 -7.9890404004e-02 -1.2600691363e-01 -3.3320022970e-02 -7.6093994827e-02 -1.1125892879e-01 -3.0988461073e-02
1.0886635960e-02 -1.1185929703e-01 -9.5943834198e-02 1.7082389546e-01 6.4183370961e-02 1.1759782544e-02 -1.0277523711e-01 -1.0156803705e-01 6.6217915646e-02 -3.5133840499e-02 -1.8065629209e-02 -9.0132693148e-02 6.0259238369e-02 1.0675168365e-01 -1.3266851614e-01 5.1435683923e-02 4.9902863014e-02 9.9472268093e-04 2.8083075911e-02
-7.5971672565e-02 1.1220049501e-01 -5.7600962563e-02 -5.3441829205e-02 2.7857390289e-01 5.5018841573e-03 1.2227572477e-01 -4.2485422400e-02 -1.3192223837e-02 -2.7832010225e-02 -4.0349083894e-02 2.6141077323e-01 -1.2297613902e-01 1.9460903679e-01 1.9253569554e-01 -3.1984769547e-02 -5.3391366106e-02 1.0976444113e-01 -1.1039657631e-02
5.5922429495e-02 -1.6607230401e-01 -4.7267979561e-02 1.7681162963e-01 -8.5656035779e-02 8.1357070509e-02 -1.7286088260e-01 7.1616902770e-02 1.0072238914e-01 -3.9035143871e-02 1.1830921371e-01 -4.9638857699e-02 2.3671761917e-01 -1.1823110477e-01 -1.5820830717e-01 -6.6402879637e-02 -4.4884057516e-02 -7.4962951424e-02 1.1968474783e-01
-5.2291912171e-02 9.0333055566e-02 1.7192434539e-03 -2.2155953069e-01 2.5356919973e-01 2.2713746365e-01 1.6013743401e-01 -1.5845517978e-01 1.1468232196e-02 -5.4113062612e-02 6.3562452658e-03 2.8392875803e-01 -1.0964218663e-01 1.4450913541e-01 2.7551722856e-01 1.4175106364e-01 -5.4388581423e-02 2.4850721179e-01 5.8518309170e-02
1.8582192601e-02 1.2996378982e-01 -3.4411203558e-02 8.7140611237e-02 2.0510553189e-02 2.5836270222e-02 -1.1352929080e-03 -3.3055279831e-02 -1.5471996866e-01 1.3564290151e-02 -4.5064778146e-02 3.1570081067e-02 -1.1965522794e-01 3.7462721694e-02 1.9220661697e-01 4.5213085940e-02 -1.1564523937e-01 5.5141629661e-02 5.1929588656e-02
