1.0427431457e-01 -1.3066736590e-01 -1.2687046680e-01 1.2317825888e-01 4.7389582062e-02 -6.8555484076e-02 6.3126334574e-02 -3.6186571535e-01 3.5165332898e-01 -1.2164786341e-01 -2.5005827698e-01 -2.6817191243e-01 3.9742688312e-01 4.0236219857e-02 1.1930225960e-01 1.4226965765e-01 -2.4538689911e-01 6.4997098150e-02 -3.9176381882e-02
8.1968639085e-02 -3.3374207779e-03 1.8326732874e-01 1.4848172119e-01 6.1136806144e-02 -5.2422459041e-02 4.4110791837e-02 7.7783222023e-02 -2.5813301152e-03 -2.8819750642e-02 1.1744298261e-02 9.3400859480e-02 -7.9213610103e-02 -6.2197200267e-02 1.3572154908e-01 1.3694765188e-01 1.3508158939e-01 2.7778910435e-02 1.7832361241e-02
-2.9234913367e-03 -3.2625343641e-02 -8.7229501909e-02 -1.0679043196e-01 -4.6689722374e-02 -1.1549810100e-02 -2.9267965437e-02 6.6454053583e-02 8.0578095895e-02 -5.3831723795e-02 -1.0596945462e-02 8.0633776552e-02 4.3586477979e-02 3.4777821077e-02 3.1870813522e-02 -1.8075353361e-01 -4.7345805037e-02 2.3676128297e-02 5.6970270129e-02
-8.3144255504e-02 6.7168443730e-02 2.0157404347e-03 3.5694338691e-02 -9.6565979249e-03 -8.8603689857e-02 2.8636723993e-02 -1.0309863519e-01 -5.0894983370e-02 -6.1621353947e-03 -2.6657590768e-02 -3.3516810370e-02 -6.4889555138e-02 -1.3160778507e-02 7.3771100310e-02 7.1941836720e-02 6.7421816955e-02 7.2779755177e-02 8.9633153697e-02
1.9546257561e-01 -7.2235859976e-02 7.6078602745e-02 2.9949868595e-01 -5.2904349650e-03 -2.9906846503e-02 -1.2215970343e-02 3.8954643125e-02 -1.1863986853e-02 -6.3429484755e-02 1.1879426185e-01 7.5674332165e-02 1.1782793211e-01 -7.3561030181e-03 1.1153505171e-01 -3.9261752751e-02 1.0969210112e-01 7.3188283716e-03 -1.2129622351e-02
7.7185567740e-02 -1.1817222500e-02 1.5576070193e-01 3.0464908483e-01 -2.6039953655e-02 7.8729312473e-02 1.5347015814e-02 1.6926667601e-01 -1.3564036337e-01 1.1061760964e-02 1.4167190616e-01 1.5203764002e-01 -1.9049725146e-01 -1.0251386097e-02 -4.3471952386e-02 -5.6893814557e-02 1.8982639461e-01 -1.4621784212e-02 -1.2048143650e-01
2.0614546696e-01 -8.4050763188e-02 2.2944125020e-01 1.4692996825e-01 -9.7383046158e-02 -1.1099668215e-01 -1.6807743329e-02 1.8744860590e-01 -1.1333770024e-01 1.4365494905e-01 1.7189249073e-01 2.2334130709e-01 -8.7933450317e-02 -6.9370820516e-02 -8.1033224612e-03 -1.6367566733e-01 2.8654630236e-01 -5.2787301428e-02 -5.4793635525e-02
1.7011608484e-02 5.5727523720e-02 1.7179600425e-01 3.3643481815e-02 -5.8601893603e-02 2.8604468284e-02 6.4723074166e-02 -1.0893155677e-02 -2.1547214660e-02 2.0410856129e-02 -2.8356521976e-02 -5.1459227394e-02 5.0055957195e-02 3.1152987498e-02 -4.0135728009e-03 -8.9515222779e-02 -5.4001112115e-03 -8.7385637167e-02 1.6422707199e-02
-4.0381357072e-02 -8.4739621425e-02 -7.3378288565e-02 6.7047839166e-02 8.3165820272e-03 4.2664129401e-02 -2.5656588151e-03 -1.3332699951e-01 5.7188303886e-02 3.2321351845e-02 -4.0458043183e-02 -9.2623785732e-02 -1.2037740948e-01 4.4131781401e-02 -1.4473438512e-01 -1.1464692866e-01 2.0079973329e-04 1.2804476948e-02 7.3045531005e-02
1.4342611439e-01 4.1387022276e-02 1.3551550933e-01 1.1683088971e-01 1.8612574988e-03 -6.3216035946e-02 -7.6838396731e-02 2.1218300093e-03 5.0406221923e-02 1.1259835531e-01 6.5405294794e-02 1.2610136632e-02 -4.1136013159e-02 -3.1091474482e-03 2.1510194010e-01 6.0233795760e-02 1.6570659003e-01 -5.2406524667e-02 -1.3895103801e-02
1.9628233646e-01 -4.4745452563e-02 2.9896437428e-01 1.0443338021e-01 -4.1334232190e-02 6.1690057365e-02 -6.2629865185e-02 1.4993861389e-01 -1.0939257781e-01 1.8965028843e-01 1.3816195311e-01 2.7091157993e-01 -8.0124301948e-02 1.2198137914e-01 -5.6963190295e-02 -1.9466544135e-01 1.8957172648e-01 1.1297521304e-01 -6.4770003829e-02
2.1850556111e-01 3.1421799951e-02 1.1295291411e-01 2.2105855276e-01 3.4191785422e-02 2.7055103939e-03 -3.4262915124e-02 1.4952405042e-01 -3.4872043503e-02 -7.8726719277e-03 3.8708867862e-02 1.7754308421e-01 -4.0777540221e-02 -3.4698577226e-02 1.0052320318e-01 -7.2971720085e-02 9.2280341230e-02 -8.2447184548e-02 -4.2976880359e-02
1.2829865683e-01 -6.7135902112e-03 -6.5555658503e-02 7.2635818487e-02 9.2124142854e-02 3.9602023173e-02 1.0160532999e-02 -1.1119544665e-01 1.7271174454e-01 -1.8767063836e-01 -1.6563260873e-01 -1.1592659431e-01 2.0642708683e-01 -1.1705076966e-02 1.2766808192e-01 2.4476303255e-01 3.4935049288e-02 -1.2156835536e-02 -5.2091073310e-02
1.2680475737e-01 -4.7823278329e-02 1.1700088451e-01 1.1435781528e-01 -5.9354505727e-02 3.7172865800e-02 -2.5387080545e-02 5.4166675762e-02 -2.5883877035e-03 -3.4580175947e-02 9.0832735813e-02 8.7239711330e-02 -3.8774427553e-02 4.1723481585e-02 1.1335427656e-01 8.9741291220e-02 3.3617740789e-02 -1.0273531004e-02 8.8013796323e-04
5.0437694603e-02 5.9914653147e-03 -3.5230641511e-02 2.1467879070e-01 -7.0559825775e-02 8.8160280814e-03 -1.5021499668e-02 -5.3270494963e-02 2.0496749033e-01 3.2712615192e-02 -8.6085447803e-02 3.6680481411e-02 2.4700648712e-01 -5.4787056433e-02 2.0296068882e-01 2.2892799622e-01 -5.6392779601e-02 -4.9433894870e-02 7.6282070197e-02
1.3468022924e-01 7.8149242927e-02 4.9408454393e-02 1.8278846581e-01 -1.2877924925e-02 2.4378857190e-02 2.9998627896e-02 6.3967794075e-02 1.2658142496e-01 -6.9782275977e-03 -1.4943650859e-02 5.1213008390e-02 9.9845734160e-02 7.1226654862e-02 2.9276145275e-01 1.1543969079e-01 4.0451846723e-03 -1.4315490428e-02 -1.8578561104e-02
1.2915470547e-01 -1.5668985422e-01 -3.2713575352e-02 5.4359516134e-02 4.3233961130e-02 -4.4155574508e-02 -7.5131869699e-02 -1.8033044013e-01 2.4826763508e-01 -6.5874413728e-02 -1.2725249822e-01 -1.0513718618e-01 2.1575574168e-01 8.3861424841e-03 1.5916888603e-01 2.3854062865e-01 -1.1086972756e-01 -6.6572536914e-02 1.9115034830e-02
-2.3373940313e-02 2.3959905015e-02 1.0211800111e-01 -8.1537473895e-02 3.3809468055e-02 8.3242933519e-03 -2.2192956796e-02 3.6437228900e-02 2.2098559728e-02 7.5241495690e-02 -6.6435020263e-03 1.0412845938e-01 -1.0033843107e-02 -9.9642700800e-02 -3.4141549538e-02 1.2686385665e-02 -2.7957832637e-02 1.0359254712e-02 -1.0906862048e-01
1.1251261934e-01 -9.2335996926e-02 1.4790267516e-01 1.8258473423e-01 -8.2135131865e-02 9.8622827652e-03 6.0165069364e-02 4.9073640755e-02 -5.6989740662e-02 -6.7448737563e-02 1.2790570530e-01 1.7709787388e-01 8.1679624165e-02 3.4921363953e-02 1.3140390356e-01 -7.5091627772e-02 1.1405553381e-01 5.4294332188e-03 -5.2196199633e-02
