8.7971188459e-02 -1.4456332313e-01 8.7735931545e-02 -8.5503496877e-02 -2.1185112625e-02 -5.2604516054e-03 1.4305059872e-01 2.0901981447e-05 2.9659139228e-03 6.3838032079e-02 -2.9098890173e-02 -8.0034081834e-02 -3.1609840982e-03 1.7836898326e-02 -1.6806312849e-02 -7.0724025860e-02 -2.8238609500e-02 3.5456811266e-02 -1.2905231295e-01
-1.1591257162e-02 -5.4933859686e-02 -5.2625309738e-02 2.9381719142e-02 -2.1935497755e-02 3.7394767248e-02 7.1241655088e-02 7.6204305137e-02 8.9279510276e-03 4.3099890511e-02 1.3696277541e-01 -1.3357854373e-01 1.4297035206e-01 -8.1170500058e-02 -3.6284229449e-02 -1.4787456046e-01 -5.6856804003e-02 6.0272653018e-02 7.1081565341e-02
1.6050216570e-03 -1.9006034895e-02 1.3355822953e-01 -2.6194566553e-02 -1.2543402221e-02 -9.4506077624e-02 2.5389083791e-02 1.1493333743e-02 -1.5712523086e-02 -4.1106106282e-02 1.2337960823e-02 1.6075020055e-01 6.5730200137e-02 -7.0685544836e-02 1.3560798344e-01 5.1891619949e-02 1.6338851285e-02 -6.9988508125e-02 1.6085412559e-02
-7.1505984732e-02 2.4037568285e-02 -2.8438904638e-02 -4.4982142063e-02 -5.2933832621e-02 8.9905520389e-02 1.0087053194e-01 9.3835984498e-04 -7.3531912687e-02 4.5464680749e-02 4.0137783926e-02 1.7276240010e-03 1.3368156351e-01 -6.1220381666e-02 5.3533896533e-02 -5.8037287843e-02 -5.0079540225e-02 1.0089511882e-02 1.2925150743e-02
3.9887005982e-02 3.3764488825e-01 8.4971778999e-02 -2.4784185386e-02 -1.9589182990e-01 1.2064356887e-02 -1.9789773138e-01 -2.6874505593e-01 -8.0836747753e-02 2.9870917198e-02 -9.3286050564e-02 1.7824143117e-01 -8.5785225925e-02 -2.0298704654e-01 1.7438827453e-01 2.6024049095e-01 -3.2993575980e-02 3.2116910124e-02 -2.4880693039e-01
2.1335049146e-03 2.7019812762e-01 2.1895104098e-01 1.6272942471e-02 -1.3298809185e-01 -4.4108673336e-04 -8.6094441438e-02 -1.3529559465e-01 -7.3264106528e-02 4.4516087596e-03 -1.6798438711e-01 1.3117601054e-01 -1.3440722355e-01 -1.0843373687e-01 2.1672145167e-01 1.9628590795e-01 2.9837883221e-03 9.9900069338e-02 -9.4333631214e-02
3.3712925168e-02 -2.3046347530e-02 6.6500737093e-02 -5.6273152040e-02 1.3372206282e-02 -5.1862619710e-02 -3.7219484141e-02 4.1843247397e-02 4.3013691227e-02 2.3444258298e-02 -4.6793054616e-02 1.0117907949e-02 -7.8949704408e-03 1.3469730733e-03 4.1442913707e-02 4.4588625384e-02 1.5798905489e-01 -4.7642241514e-02 6.7498873636e-04
-6.5291401847e-02 7.4213620653e-02 3.3866781822e-01 5.1264312655e-03 9.9975134614e-02 4.1955126666e-03 1.3298487768e-01 -8.7695626658e-03 -1.4921382409e-02 -2.0582372722e-02 1.9518995721e-01 1.6430926176e-01 -1.5780243891e-03 6.6721471806e-02 3.0968157045e-02 -5.3967577228e-02 5.9727295598e-03 2.1519567196e-02 1.6885796803e-01
-3.2329919380e-02 2.5572454303e-01 2.2606522930e-01 -4.6332887085e-02 -1.3544813193e-01 2.1006628350e-02 9.3472892704e-04 -1.7511300844e-01 -1.3650383386e-03 -6.2392076837e-02 -1.5017061125e-01 1.0162521432e-01 -3.7306446011e-02 -2.3824070244e-01 1.0838513821e-01 1.2774423245e-01 -6.0888798019e-03 -2.4166808254e-02 -1.3434792376e-01
2.3867170451e-02 2.6974958405e-01 1.1349750893e-01 -1.9716160190e-01 -2.3960271099e-01 2.1426468552e-01 -1.1286151858e-01 -2.1658105638e-01 -2.9365185424e-02 7.2988970646e-02 -7.9184181577e-02 1.0008210491e-02 -7.3116381388e-02 -1.9981363210e-01 1.4015850846e-01 2.6807630756e-01 3.7047211615e-02 -1.6116856812e-02 -2.4621478567e-01
-1.6438758769e-01 1.9535331362e-01 1.2861344326e-01 -8.0861222589e-02 -1.8046993248e-01 1.5529924356e-03 -1.6914962229e-01 -2.6735203969e-01 4.8788717694e-02 1.1358338466e-01 -1.5183591373e-01 1.8969153999e-01 -1.2234310748e-01 -2.9100299056e-01 2.6372056669e-01 2.1355560190e-01 -3.9143693269e-02 3.4947147624e-02 -8.4936437770e-02
-7.5402408488e-02 1.6009516180e-01 2.3569201474e-01 7.1799875917e-02 -1.4259706664e-01 -4.4890223212e-03 -8.4604358592e-02 -2.3573693211e-01 5.4562741340e-02 -1.5699123471e-01 -2.6790809634e-01 2.9108820785e-01 -3.9656429388e-02 -2.3595652820e-01 1.8106690506e-01 2.2159523404e-01 -1.8833490782e-01 -5.3258504823e-02 -1.7835228044e-01
-1.5081554081e-02 -3.8084090499e-02 1.2909878082e-01 4.7469997530e-02 4.4178338535e-02 -7.0138832413e-02 6.9150675537e-02 -4.9819636282e-04 5.9682324596e-04 -9.5585954598e-02 2.0211655637e-01 2.6994332375e-02 1.1867879296e-01 8.2253019523e-02 6.2956444309e-02 -9.8163672673e-03 -4.1888319971e-02 -1.0470766827e-01 2.5130561924e-02
1.3997407306e-02 2.4511295608e-01 2.8879758284e-01 -1.0085129607e-01 -1.5330957954e-01 -9.1642077493e-02 -1.4567672389e-01 -2.5838687018e-01 -2.5264273234e-02 -7.4039456312e-02 -1.1531606104e-01 2.5525722027e-01 -2.4386880035e-01 -2.4721546949e-01 1.7312429333e-01 2.5854549348e-01 7.6583518284e-04 -1.8376824960e-02 -2.8848125119e-01
-9.6714246696e-02 1.1153137726e-01 2.1729168673e-01 -7.3221430498e-02 -1.1793743033e-01 1.8553236102e-02 -1.1465265959e-01 -1.3408038952e-01 5.1733075609e-02 4.0241127168e-03 -7.8830460539e-02 1.6402670049e-01 3.7551303572e-02 -8.6428951610e-02 1.2119859444e-01 1.3335723243e-01 6.0838053942e-02 -4.5555520975e-03 -4.8917052367e-04
-6.7931274536e-02 1.2633726736e-01 2.9221909998e-03 3.3728930757e-02 1.8049703727e-02 4.7371966612e-02 -1.1541083940e-01 -6.7650930532e-02 6.4433193922e-02 4.5125839920e-02 1.8754314022e-02 -4.3504591680e-02 -8.9679457722e-02 -4.8063783680e-02 -3.3189401404e-02 -3.1766859286e-02 1.8585025203e-02 -8.9348776414e-02 -5.6185783281e-03
-6.7663317242e-02 -1.0584576033e-01 7.4000631786e-02 -5.8423796140e-02 2.2401212757e-01 -2.2059054825e-02 1.1855963548e-01 1.5414843709e-01 -3.3635566887e-02 4.6208464314e-02 2.5574437219e-01 1.8646252647e-01 1.4913306594e-01 2.1093026767e-01 -1.9352879361e-01 -2.5504460283e-01 -3.2144874716e-02 -5.0114551405e-02 1.8920872107e-01
5.6692211816e-02 -9.1857944369e-02 3.0548983795e-03 3.2486525740e-02 2.0468586925e-02 1.1845745146e-01 4.6319074088e-02 -1.9738932061e-02 -5.2447842761e-02 5.7420915903e-03 8.9645753028e-02 4.4262334535e-02 -1.7883069596e-02 -5.5804848737e-03 -4.2491769133e-02 3.9130216921e-02 1.8771729494e-02 -9.9636812743e-02 1.2432271851e-03
7.3010867787e-02 3.4175757376e-02 -8.0256346700e-02 -1.6860657775e-02 1.3196449123e-01 -1.0230396865e-01 6.6331142304e-02 -2.0234358011e-02 -1.5023885790e-01 -9.6763231262e-02 1.5396606682e-01 1.2328272427e-02 5.2462052445e-02 -3.7546636104e-02 -3.4954111010e-02 2.6071213544e-02 8.1422844790e-02 6.0707819236e-03 7.3518742755e-02
