-1.8898404851e-02 -8.6913397026e-02 2.8608390881e-01 -1.6202967028e-01 8.2240473100e-02 -5.8633284732e-02 -8.6184956924e-02 2.8217981557e-02 -8.0125402625e-02 -2.9569937695e-02 -2.1004859796e-01 -8.3608127873e-02 -2.1742706412e-02 -8.9762687138e-02 -3.0566704564e-02 3.2694401206e-02 1.7514842048e-01 6.2944048185e-02 3.1496101148e-02
2.3260607814e-01 2.2125122050e-01 -1.4867302886e-01 2.7983193450e-02 -4.2001160749e-02 9.6454827114e-02 -1.1159253106e-01 -7.2848464206e-02 -6.3732919813e-02 5.8230325144e-02 7.6246340848e-02 1.3675207835e-02 6.9374053754e-02 1.6665200181e-01 2.5843727379e-01 -8.7881895373e-03 -3.5866239787e-02 -1.3729891521e-01 2.7030561091e-01
2.5589229680e-01 9.3206259493e-02 7.9166162025e-02 -6.7979464331e-03 -1.1683508080e-02 4.9097253628e-02 -5.1419461473e-02 1.8293751900e-02 -9.2841223199e-03 7.4101188605e-02 -3.0484577795e-02 9.5504896919e-02 -6.6131920752e-02 -2.8127483764e-02 1.8491695066e-01 -3.2845225425e-03 -1.2881554981e-03 -1.1070711010e-01 1.8631723969e-01
-7.2674028681e-02 1.4672119557e-02 -2.5600451451e-02 -8.5707369666e-02 -1.7520779276e-02 -4.8867566592e-02 -1.2728199744e-02 7.9851420986e-02 1.7765964213e-03 4.8650540410e-02 6.4624006828e-02 9.1098442051e-03 8.8197202956e-02 3.5634320625e-02 8.9201453697e-02 -5.3448813698e-02 8.7396858514e-02 8.7789683632e-02 -8.3604471225e-02
1.4103071813e-01 -2.6760468067e-03 6.4077147379e-02 1.7370363834e-02 -6.3435339922e-03 3.6023673427e-02 -6.2864197664e-02 -6.2674796551e-02 3.0987756069e-02 -4.5277202377e-02 -8.3698856431e-02 -7.8108453542e-02 3.6151992147e-02 2.7020110849e-02 8.0404624609e-03 2.4257058689e-02 1.3554042471e-01 6.0548547662e-03 8.3027456736e-02
2.2968268204e-01 1.6220725671e-01 -1.2540872317e-02 -3.0268642782e-02 3.3156803388e-02 1.7279925335e-01 5.9740188783e-02 -7.1055132639e-02 7.2562597458e-02 5.8646232766e-02 1.9047652320e-02 1.4388910789e-02 3.0278738405e-02 1.6799484466e-01 1.5307947676e-01 9.7327252244e-02 1.1871385831e-01 -4.2829277364e-02 1.9627280266e-01
-6.2270722929e-02 -5.3091415861e-02 2.1340801917e-01 7.3058972051e-02 -7.3951975210e-02 -3.0196280175e-01 -4.8503340241e-02 2.6432798432e-02 -5.1139562941e-02 -1.3325379255e-01 -2.1910436188e-01 -4.5173182656e-02 6.4588181534e-02 -1.1750879457e-01 -1.8571767099e-01 -2.6328847641e-02 1.7492831264e-01 -1.2091814772e-01 -1.3455327357e-01
-8.8777268846e-02 3.4934767769e-02 -3.2103383231e-02 -6.7030019309e-02 3.8567742339e-02 6.4842737074e-02 -1.8793982775e-02 -8.9987919727e-02 -2.9085047041e-03 -5.5593762355e-02 1.9606024547e-02 -4.3275135794e-02 -7.5339664906e-02 -9.6376170925e-02 -9.0375208628e-02 -2.6295394865e-02 1.2482607956e-02 -5.2200919172e-02 -5.1126051142e-02
-1.5463118342e-01 -2.9814096699e-01 2.4594126360e-01 -1.6426772355e-02 -3.3821699640e-02 -7.8065758158e-02 1.0939762287e-01 1.0142294489e-02 -4.0707633083e-02 -1.4614785164e-02 2.4346088401e-02 -1.0019646851e-01 -5.0189182803e-02 -1.4938026527e-01 -1.1832024910e-01 7.3248504062e-03 4.4829295988e-02 -5.1798381576e-02 -1.7589790486e-01
-7.2928915893e-02 -1.4423089710e-02 -4.5272628764e-02 8.0930222282e-02 -8.2990785509e-03 -2.0175378343e-02 -5.8553419812e-02 -8.7261087494e-04 -1.1575873747e-01 -2.2964664398e-02 2.7132603587e-02 2.1990350906e-02 -1.3891061541e-02 6.0033398674e-02 3.1451501607e-02 1.4456488472e-02 5.4923694687e-02 3.7971038774e-02 8.7498170489e-02
3.9783265235e-01 4.4915111069e-01 6.0063417437e-02 8.1596060153e-02 -5.5204544632e-02 3.7263218022e-01 6.3992268561e-02 3.3160918211e-02 7.3215871565e-02 3.2298712884e-02 4.1928172066e-01 9.4037927193e-04 -4.2261464893e-02 3.4761656735e-01 3.4618591212e-01 2.3903587637e-03 -3.6319264679e-01 4.7960766492e-03 3.6013725271e-01
-4.8517558820e-02 7.4836563249e-02 -1.6911107736e-01 2.4520988814e-02 -3.2332915325e-02 2.7362783680e-01 1.0017744212e-01 -1.6038620222e-02 -4.2122025259e-02 9.8413178552e-02 1.0665142534e-01 -2.0810602104e-02 3.8624033221e-02 2.1336828883e-01 9.1260671506e-02 -2.4570603174e-02 -1.0504964040e-01 2.5321486191e-02 1.5926065263e-01
2.7815580381e-01 2.8749468882e-01 -1.8613342996e-03 3.1053264480e-02 3.7674532104e-03 3.7514112535e-02 -6.6366605888e-02 -5.6096635454e-02 -5.9970391312e-02 8.3085925347e-02 1.1385487760e-01 -1.3986065123e-01 1.3869422020e-01 1.4146390790e-01 1.4450457129e-01 1.9880786716e-02 5.2608343269e-02 -7.8812188290e-02 1.6441562222e-01
8.3854855305e-02 2.5623458925e-01 -1.0138476286e-01 -7.4714723552e-02 -1.0900436198e-01 4.9804782596e-02 -1.5067389022e-01 -4.4621047713e-02 -5.7221005336e-03 -1.0552115431e-03 2.3442507138e-01 -1.6167555003e-02 6.2741485802e-02 1.3272152899e-01 2.3371284557e-01 1.7974349984e-02 -1.3553595582e-01 -2.1649178785e-03 1.2776453010e-01
1.3731822782e-01 1.2391120085e-01 -1.4501866173e-02 -5.7243153182e-02 6.3020510581e-02 -1.7235537857e-02 -7.6564358710e-02 -1.8429131991e-02 -3.5640402900e-02 7.1677827059e-02 -1.3814204557e-02 -1.0137111396e-01 4.3915103995e-02 1.8117529448e-01 2.7812357304e-02 -8.3435866859e-02 8.6782337699e-02 -9.0145398980e-02 1.5881320629e-01
4.3950139293e-02 -3.1634865811e-02 2.0569439640e-02 -1.2679697647e-02 9.5503760591e-02 4.1823057466e-02 -4.8019345508e-02 -7.0526840458e-02 -5.7377698077e-02 -9.1371526056e-02 -4.7983683660e-02 -1.1939164331e-01 -5.0481917763e-02 6.2671649405e-02 3.1024425124e-02 2.3263136577e-03 -4.1926347361e-02 2.7911058635e-02 -1.4775774772e-01
1.3467519226e-02 -5.6561074693e-02 1.0079202514e-01 -6.2666922496e-03 3.8094832672e-02 -7.9977621255e-02 1.2557825401e-02 1.6052655090e-01 3.0531221225e-02 -8.2587680905e-02 -1.0953118509e-02 1.0739338262e-02 -1.4340635742e-02 2.8027373007e-02 -6.1713916885e-02 2.5828951371e-02 4.5456565772e-02 7.4405978046e-02 -1.0431986208e-01
9.4497372006e-02 9.9430149395e-02 4.8781868841e-02 1.9215570130e-02 1.6899636716e-01 -3.8861328197e-02 1.9730780069e-02 5.5147478523e-02 -2.6466299703e-03 -3.3555882797e-02 6.5503721849e-02 -1.5835028668e-02 4.6542138656e-02 7.7231743308e-02 -4.8565675435e-02 -5.9297160356e-03 -1.7544354285e-01 3.8840690618e-02 -1.1006275694e-02
2.6140339301e-01 2.3777558676e-01 -1.3961579104e-01 -3.9959804076e-02 2.6318680521e-02 1.0684286003e-01 -1.4749195263e-01 -3.6016644584e-02 4.8871388977e-02 1.5369538685e-01 1.6104228224e-01 -3.1463066859e-02 -3.0119965024e-05 1.3015185662e-01 3.1752477597e-01 -8.6697705833e-02 1.4350756751e-02 2.8253131300e-02 8.8669818868e-02
