-9.5478770822e-02 -1.6191841400e-01 2.6612774474e-02 -2.3998300260e-01 2.0803803613e-01 5.3093213888e-04 -3.0893558085e-01 1.2842525100e-01 -7.1320244478e-02 -1.9546941115e-01 -1.4094836347e-01 9.5842187163e-02 -3.0889822263e-01 2.8728650135e-01 -1.8864696986e-01 -8.3794669756e-02 -1.4136352593e-01 -1.3056980016e-01 -3.5959421973e-01
-7.3907411059e-02 -4.3828472791e-02 -9.0481895970e-02 3.8173322836e-02 1.8441033461e-02 -5.0138544438e-02 -4.5255513639e-02 -4.4581111423e-02 -1.4876292063e-02 -1.8468291855e-02 -3.5981371173e-02 1.1114438735e-01 8.0640101628e-02 -5.6129571138e-02 2.4740319932e-02 8.1170310612e-02 -3.7594531453e-02 -4.9517940327e-02 -3.8435535105e-02
-1.2757740315e-01 2.9584249118e-03 -9.0081439759e-02 -7.7334470684e-02 1.0188312797e-02 7.4173633158e-03 1.0656917542e-02 -5.7917504972e-02 -6.2778080678e-02 3.0607000003e-02 6.9676822820e-02 -4.6035521138e-02 3.0393640608e-02 3.5291007282e-02 -3.4905390433e-02 1.1680779606e-02 4.7888827871e-02 1.4905391617e-03 -1.8397391488e-02
-8.5198938534e-02 -6.8921416712e-02 9.2052095638e-02 -6.3009930125e-02 2.9293152277e-02 6.6808874797e-03 1.2105971645e-02 1.0359432841e-01 -6.0965056647e-02 -4.6496394979e-02 -3.6558870347e-02 -6.4204490356e-03 -7.0803010745e-02 -4.5100247866e-02 2.9409665929e-02 1.8738767722e-02 -2.0197120742e-02 -7.9328934891e-02 1.3537790965e-01
6.7103457939e-02 3.9671056453e-02 -7.8690713144e-02 6.5628309018e-03 7.6370881800e-02 8.7261498366e-02 -3.7401941278e-02 5.1559264152e-02 -3.0190196766e-02 3.8871408141e-02 -3.2307631764e-02 -1.3592425334e-01 1.3573105525e-01 2.5681920623e-02 2.0575848934e-02 1.5413667835e-01 1.0494403852e-01 1.5622787880e-01 1.0960952881e-01
1.2263869996e-01 1.8654338070e-01 -2.2863287376e-02 1.9198544899e-01 -1.2620840789e-01 -1.1000996431e-01 1.5692082439e-01 -1.2069257046e-01 4.7039163811e-02 1.8877262152e-01 1.3077464046e-01 -9.7575033278e-03 1.6481217874e-01 -1.5970566694e-01 2.2645044954e-01 1.3275140438e-01 1.2518383088e-01 2.0662652076e-01 7.6796800335e-02
1.5177518441e-02 1.1246928384e-01 -2.2274867312e-02 5.6657476472e-02 -8.7464256588e-02 -8.0885718909e-02 3.8242802745e-02 -6.1061508809e-02 7.0480509127e-05 6.0676492004e-02 1.8115095668e-01 -3.9000668471e-02 1.8941494980e-02 -2.3697613564e-02 1.9647680666e-01 1.3739942556e-01 4.1304585526e-02 1.2964076887e-01 1.1307466572e-01
-6.4418812424e-02 -7.8918551660e-02 1.5356341010e-02 4.9749606495e-02 4.0282496636e-03 1.3146051008e-02 4.1143249267e-02 -2.6283214416e-03 -2.0636410789e-02 -3.9797831064e-04 -3.9899708518e-02 -3.0521573541e-02 7.8643275279e-02 1.1150418146e-01 -3.7963329087e-02 3.2374036630e-03 7.4441611268e-02 -4.9685055103e-02 8.1230135047e-02
1.2790788303e-01 -3.2896141403e-02 9.4231042612e-02 3.2625705354e-02 5.3852019188e-02 2.0117263438e-02 -6.9389942689e-02 4.7676124405e-02 9.2011372358e-02 -7.1275269527e-02 -6.6692996894e-02 5.1400351300e-02 1.3607677069e-01 -3.3449173499e-02 8.2630378178e-02 2.5903521204e-02 -5.6928823609e-02 9.0492749731e-02 -2.5575486590e-02
2.8350775035e-01 1.6466494447e-01 -2.1737401469e-03 2.5214751702e-01 -1.1010176029e-01 8.7596550532e-02 5.8879252715e-02 -7.6127418021e-02 9.0531362402e-02 2.4249020594e-01 1.6599703071e-01 -4.3164281974e-02 2.7801913146e-01 -1.2735714696e-01 2.6786622907e-01 1.8881026992e-01 1.9232002281e-01 1.8000677852e-01 1.9528208472e-01
-1.6755323749e-02 9.3936555197e-02 -5.2219163390e-02 4.8531075943e-03 -7.3475888220e-02 -8.9257396127e-02 -1.0460978097e-02 1.1223704463e-01 -4.1125423321e-02 9.8782176902e-02 2.8638354810e-02 -7.5352475279e-02 -3.3734071557e-02 5.8734851836e-02 7.7181916419e-02 1.3021607280e-01 1.3220843505e-02 1.0907208143e-01 1.0527662580e-02
4.5752636766e-02 8.3430545203e-02 -3.1658904951e-02 1.1034551052e-01 -8.2021459745e-02 6.3018703928e-03 -1.5100685539e-03 -2.4029586663e-02 -2.0409040314e-02 1.3466371919e-01 1.0423683480e-01 3.1878350037e-02 9.5774181076e-02 -8.9143941763e-02 2.0795980363e-01 -6.7203576950e-03 1.6218119154e-01 9.8619157275e-02 -4.2965229524e-03
2.2572033177e-02 -9.0530036303e-02 -1.4358348508e-02 2.5097414908e-02 -1.0953985995e-01 -1.0348956752e-02 1.2811250156e-02 -9.3520942594e-02 2.0157233174e-02 -2.5203517106e-04 -1.1162694274e-01 1.1531176818e-02 8.9021473983e-02 2.4128766579e-02 2.4330636598e-02 -1.5537269914e-01 5.0546538464e-02 7.3641200672e-02 4.4323941776e-02
8.9549277910e-02 8.2919061733e-02 6.6911643281e-02 -2.6142081794e-02 -2.7426214686e-02 -4.7112837519e-03 7.1661071515e-02 -7.7958670794e-02 -9.3237953983e-02 1.0505494541e-01 -2.2441044418e-02 -1.8775839011e-02 1.3288532093e-02 -7.4562793637e-02 9.6964235335e-02 1.6781660995e-01 -1.5131591477e-02 4.3975539979e-02 9.5529175700e-02
-3.2130460188e-01 -7.6662873652e-02 6.8937157721e-02 -6.8915992153e-02 1.3784073251e-01 -9.3566618683e-02 -3.6711614129e-02 1.5911653552e-01 -5.4348153920e-02 -1.0660920805e-01 -1.4717215721e-01 -7.7080498676e-02 -8.5379334272e-03 1.5328866894e-01 -2.6939638360e-01 -2.8243253869e-02 -1.9113267125e-01 1.1175425444e-01 -1.3499793642e-01
1.3695494132e-02 6.0872642463e-03 -2.0598835521e-02 -4.4704116111e-02 3.3998652264e-02 5.5386675512e-02 -6.4537587844e-02 -4.2179991335e-02 1.5461292458e-01 6.9675194374e-02 -2.9264872018e-02 5.5728542363e-02 7.4810589561e-03 9.2234333875e-02 -1.6029912087e-01 -1.2099732661e-02 -9.3209391717e-02 -3.0529257394e-02 2.0135623811e-02
4.1510122255e-02 1.2291146884e-01 4.0358192689e-02 6.0976958549e-02 -6.9842084210e-02 -8.7852581805e-02 1.5765812476e-01 -1.2015615590e-02 -3.2806754843e-03 1.2756667561e-01 7.2170528753e-02 6.4190962069e-02 1.0880277144e-01 -9.2805998753e-02 -2.9982476044e-03 4.4941326074e-02 1.8369289574e-01 2.1331472613e-01 1.5761666948e-01
1.8148905263e-01 2.5906129955e-02 -3.2934795084e-02 1.2902930229e-01 1.6700300871e-03 -2.8050453918e-02 -9.6253576859e-02 1.4090106943e-02 5.8541746493e-02 1.1449894978e-01 6.2593989506e-02 -9.5708411102e-02 1.9455043444e-01 -9.0072345258e-02 4.5786905181e-02 5.0573778348e-02 5.9439331375e-02 1.0928493864e-01 3.4737339576e-02
5.4392317172e-02 1.6314187644e-01 -2.1502879568e-02 8.0060080834e-02 -7.8701337258e-02 -3.8363026515e-02 -2.2680119423e-02 1.9228668573e-03 -1.1982650862e-01 1.6387247404e-01 1.0859844805e-01 6.2936378794e-03 -8.5070835680e-03 -4.2582573982e-03 5.0149370045e-03 1.2675762773e-01 1.3426689878e-01 1.0755368427e-01 1.2912932321e-01
