-3.8307672282e-02 3.1805595710e-02 6.3058063814e-03 -1.0966050065e-01 -9.5616135570e-03 -9.4191886678e-03 5.7781871712e-02 -1.7299814149e-02 -1.1133780921e-01 -5.3750159485e-02 8.2980274307e-02 1.6444479421e-02 4.5919976401e-03 1.2200246624e-01 1.0880892196e-02 -8.0109851509e-02 2.3005467523e-02 7.9074211869e-02 -3.8798864800e-02
-6.5924821907e-02 -8.9480527158e-03 8.3434829654e-02 2.2053431527e-03 1.0505236710e-01 -5.4681185973e-02 -3.4996962144e-02 -1.7094008877e-01 3.2234258854e-02 2.2943307299e-02 -4.1395084510e-03 3.1202085120e-02 1.7189314499e-02 -1.3675422966e-02 5.0296945406e-02 2.1801196198e-02 1.0817746040e-02 8.9047235177e-02 1.0483567514e-01
5.6916923385e-02 1.5009149667e-02 8.8024746073e-02 -2.8375310623e-02 1.0848360746e-01 7.6913356039e-02 -5.2072911565e-02 1.1052034391e-01 1.2900611450e-01 8.7986579102e-02 8.8507502454e-02 1.5692591368e-01 1.8249108362e-02 2.3110456914e-01 -6.4185469325e-02 9.5678168510e-02 -7.5850942897e-02 1.6369599828e-01 1.2820147102e-01
-1.1448667066e-01 -3.9315178265e-02 -1.4800497399e-01 8.3221036335e-03 -8.5833426410e-02 8.4216473385e-02 3.2689194279e-03 4.4018452369e-03 1.1774345657e-02 2.2833241816e-02 4.8898942841e-02 6.0851803418e-02 1.9050479816e-02 -2.5376850486e-02 -9.8410033507e-02 -1.9723771895e-03 8.0166275059e-04 9.5278651580e-03 7.5400179896e-02
-5.4733030895e-02 1.0212198879e-01 1.7670878957e-01 8.5499473207e-03 1.2433189941e-01 9.8497001014e-02 -6.5778386667e-02 1.3919260797e-01 3.5455402789e-02 3.3984859982e-02 1.3794183513e-01 1.7552622367e-01 -4.6129646795e-02 1.0277540210e-01 6.0261217067e-02 -1.5130965395e-01 -2.8035863326e-02 1.7928250342e-01 -4.9652478727e-02
7.5661464995e-02 6.0813207496e-02 -4.0356414843e-02 -1.5448858210e-02 -1.4406460990e-02 -5.2937854875e-02 -4.0595175728e-02 -7.6271856165e-03 -1.9573198069e-02 4.9883650201e-02 9.4070266445e-02 -5.5037748281e-04 7.7854952699e-02 -2.6237406176e-02 1.1595882405e-02 2.9835944945e-02 -3.8619226997e-02 7.7054290611e-02 -6.6642849213e-02
7.0673623549e-02 -5.7465534691e-02 -3.2079936584e-02 -1.3583544844e-01 -1.1228468602e-02 -1.0482017662e-01 4.5783112051e-02 -6.0757678650e-02 3.4112462095e-02 -1.1889173995e-01 3.9884052725e-02 -9.9990018583e-02 -4.6127448211e-02 4.9912373005e-02 5.2409842210e-02 -6.7888122291e-03 1.2404047167e-02 2.9978236780e-02 -8.6708005890e-02
-7.7850313285e-03 -1.1458026171e-03 2.0280340811e-01 1.1151050763e-01 1.6683263341e-01 1.6544891867e-01 3.4121067029e-02 1.1412316305e-01 -1.8763632471e-01 1.4776319439e-01 1.5933325447e-01 1.0310635426e-01 4.8385776754e-02 -4.9387614340e-02 -2.9633206305e-02 -6.1643712705e-02 1.0039811642e-01 1.0736975191e-01 -8.6141789812e-02
-1.0326048550e-01 2.0967151075e-01 1.4837317826e-01 -8.0915015255e-02 1.3953396957e-01 2.3354352726e-01 -1.3015215296e-02 2.0932350574e-01 -1.4710214719e-01 2.3536361856e-01 1.3833478377e-01 9.6646293945e-02 1.4142790826e-02 -1.6168059052e-02 5.4247547602e-02 -6.4267444744e-02 -9.4595533330e-02 1.0967155815e-01 -1.9947444033e-01
2.4871952327e-02 -2.2743673344e-02 -1.7461560782e-02 2.4196933311e-02 4.6319899913e-02 7.1553719088e-03 1.0187798770e-01 -4.9283768420e-02 1.4082197863e-01 6.2200933306e-02 3.8783640919e-02 -5.7953169872e-02 -4.5639607548e-02 2.0999767389e-01 1.2238856418e-01 1.1928019537e-01 -9.7989813239e-02 -4.9386102345e-02 1.3328761054e-01
1.9057554642e-02 2.3033683454e-02 6.6195732955e-02 2.0654909377e-02 -2.6570145547e-02 7.2448498286e-02 5.3593632427e-02 -8.6153004060e-02 -9.3629692005e-02 1.4742301898e-01 -5.7871088416e-02 9.8206264605e-02 -3.4155464466e-02 -1.1543117664e-01 9.6333244839e-03 -3.3431057032e-02 7.5704436378e-02 1.3332900436e-02 -5.1279050281e-02
8.4255550363e-02 1.9004185684e-01 6.5778710098e-02 -5.5738980516e-02 1.1280966197e-01 9.0871919006e-02 1.5033951689e-03 1.0695534474e-01 4.5247924713e-02 1.0969768381e-01 7.4916514588e-02 2.0254441084e-01 -1.0370625034e-01 2.2860428788e-01 -2.2743705522e-02 1.7087281722e-02 -4.5796922088e-02 1.1761000652e-01 4.4223368443e-02
-3.6685724430e-02 3.3484497261e-02 2.1498256566e-01 7.0388244566e-02 1.8291526285e-01 1.4954802243e-01 4.7681472479e-02 1.0516816637e-01 -1.3601427637e-01 1.4361945551e-01 1.7898756880e-01 1.6374637800e-01 -1.0827028822e-02 1.7874545318e-02 -6.6113907610e-02 -9.2409625681e-02 -9.8829533107e-02 2.5544063655e-01 -1.0047432916e-01
-4.9643949125e-02 -1.1597660080e-02 -5.9406753378e-02 7.7159163490e-03 2.0767233272e-02 -5.2035007361e-02 -1.8752218810e-02 -7.7029983158e-02 -1.0663875477e-01 -1.1739890975e-01 -4.4658775979e-02 -2.4443535913e-02 -8.4021402132e-02 -1.0231333652e-02 9.1634884782e-02 3.1269800295e-02 -5.0624244849e-02 7.0979203131e-03 2.9839016188e-02
-3.3967618976e-02 -1.4505911208e-02 -2.3895292125e-02 4.4068641535e-02 -1.8513208543e-02 3.1252733299e-02 -1.0187029523e-03 1.1726767586e-02 1.2405893037e-01 2.1123349736e-02 7.5144494978e-02 3.1076144108e-02 5.1375677874e-03 -2.7910094652e-02 2.2566926549e-02 -8.5713690223e-03 -1.1283676493e-01 -3.6360835772e-02 7.3238469684e-02
6.7591922938e-02 1.6984275077e-01 6.3896517402e-02 3.3466268201e-02 1.1390848350e-01 8.7261979819e-02 6.3993161037e-03 6.4262952428e-02 1.4531667235e-03 7.5619535759e-02 1.9746945774e-01 1.0182726142e-01 8.3136174644e-02 2.2463139799e-01 -6.9491212383e-02 9.6820074596e-02 1.1237465598e-01 3.0676732264e-02 -4.7014100150e-02
1.3166038400e-01 -8.3287546070e-02 -3.6635135647e-02 -4.1686184018e-02 -2.4784317359e-02 -4.2628264380e-02 6.9287016214e-02 -1.5267574936e-01 1.4631224074e-01 6.3052400623e-02 3.7017969505e-02 -5.2386475997e-02 -1.2563254545e-01 1.2427702851e-01 -7.5636069187e-02 2.1056998844e-01 -1.0874027399e-02 1.0984862446e-01 1.6812059401e-01
1.5684435786e-01 -1.5961108007e-01 -6.2413138535e-02 -8.3082920653e-03 -1.0931582756e-02 -5.0251354695e-02 1.0123088035e-02 -2.5313452673e-01 6.0766051374e-02 1.3622578660e-02 -3.2044929955e-03 -7.6734450045e-02 5.1403145274e-02 1.2055467424e-01 3.5531620460e-02 2.0461890203e-01 1.4228005058e-02 -1.6235721687e-01 1.7093279326e-01
-2.4249813229e-01 2.3323135018e-01 1.4774033825e-01 4.4960052514e-02 1.2842570205e-01 1.7190365918e-01 -1.0323321809e-03 1.6021987465e-01 -1.4220011777e-01 1.9486943538e-01 1.2883215502e-01 1.4727899429e-01 6.8251981862e-02 -2.4368567788e-02 7.0923513702e-02 -4.2626086998e-02 6.8455432347e-02 7.5730644464e-03 -5.1889704703e-02
