-8.9445564331e-02 -1.0622654584e-01 -7.6840946339e-02 6.6584095046e-02 -4.1110740035e-02 5.7483109179e-02 1.0252259181e-01 -1.0627784338e-01 2.5859337981e-02 1.1712896805e-01 -1.3887528924e-01 1.2499816260e-01 -6.5342808038e-02 -7.2758595971e-02 8.4049517289e-02 1.8422806883e-01 -6.4422720131e-03 9.9098437756e-02 7.1545535732e-02
-1.2698343256e-01 -9.4606926678e-02 -1.4521548800e-01 2.5380849805e-02 -6.8454772269e-03 3.7082127952e-02 1.7618215168e-01 -4.2820498154e-02 -8.6979400924e-02 6.5811901026e-02 1.3592315341e-03 -1.1979807326e-01 7.8404893268e-02 -1.9929051919e-01 -5.4514998675e-02 1.9349501383e-01 -1.1004333471e-01 -6.6132677304e-02 2.3270155709e-01
-8.2315423215e-02 6.2481026562e-02 -1.1157519303e-02 -6.8214720814e-02 1.0448089805e-02 -3.8702324127e-02 -2.0350183866e-02 5.0719385527e-02 -1.6101516553e-02 -4.2835186216e-02 5.9345445569e-02 -5.5605291735e-02 4.4241979079e-02 -7.0017029410e-02 2.3306966377e-03 3.0903537897e-03 -4.3315763677e-03 4.8660581481e-02 4.4223011172e-02
-7.3109732960e-02 -1.1100310057e-01 -5.2209417151e-02 -7.7543994254e-02 -1.1630760703e-01 -2.5722547172e-02 9.5333424328e-02 -2.1974806512e-01 3.9826604445e-02 9.1055268046e-04 -1.1284806882e-01 1.0174066921e-01 -9.7587817557e-02 -5.3382157301e-02 3.1193749993e-02 1.0759562633e-01 5.0073308077e-02 2.5649560939e-02 1.9907756525e-01
9.1355108816e-02 6.3062871128e-02 5.7657543768e-02 5.6010203426e-02 7.7263988564e-02 -2.7777501737e-02 2.3212150078e-02 1.1056389578e-01 -1.6847461521e-01 8.8769299461e-02 1.2764494781e-01 -1.0027001258e-01 -1.8521723656e-01 5.1723917673e-02 -4.4686131591e-02 1.5788985117e-01 1.2435579778e-01 5.2405835880e-02 4.6026451652e-02
-7.4472466688e-02 -4.0235913281e-02 1.2911646152e-02 2.5046812966e-02 3.4429194918e-02 -4.7155098871e-02 -1.0316861199e-01 6.4185063022e-03 -7.6679773114e-02 -7.1162945843e-02 -2.3993514407e-02 8.6203112444e-02 1.6145947309e-02 5.4565778182e-02 8.7446016826e-02 -7.6339378612e-03 -1.9543560274e-02 1.3716164718e-01 -1.2464426502e-02
2.5430935474e-01 1.3810986481e-01 2.9256218610e-01 2.0241405767e-01 -6.4914054037e-02 -6.2167995473e-02 -1.5858324619e-01 1.6202289760e-01 -1.0070319497e-01 1.7114576203e-01 1.1629873506e-01 -8.8596416929e-02 -1.3907763454e-01 2.4124635313e-01 5.1104602855e-02 1.5895654599e-02 1.7545820058e-01 9.4715931365e-02 6.5986268752e-02
8.4358722846e-02 1.0782690561e-01 1.8416927730e-01 1.1208267422e-01 1.0002178205e-01 5.7705327211e-02 -1.4727831477e-01 1.4301820761e-01 -8.6390725874e-02 1.5971164903e-01 1.3736141547e-01 -1.4709263153e-01 8.9968462106e-02 7.1545619851e-02 -1.7360750487e-02 -2.1723430410e-01 7.1102738452e-02 -7.4987368334e-03 1.8417483168e-03
-9.2361379328e-02 -6.4070823775e-02 -8.1579473502e-02 -9.4614148455e-02 -4.2059904869e-02 -8.9717058238e-02 1.4340151779e-01 -1.5441333037e-01 9.0710462301e-02 1.1002200590e-02 -1.3481371803e-01 2.7862099700e-02 -8.4453348081e-02 -7.6365800050e-02 -7.3834606888e-02 9.6729326317e-02 7.4126361933e-02 1.7303563599e-02 1.9229317421e-01
5.7124250234e-02 -1.9695783459e-02 1.8688675407e-02 1.2328653747e-01 1.6303513863e-02 5.0341009642e-02 7.2055945061e-02 1.3671137276e-01 -6.9981172149e-02 1.0518616200e-01 1.2757252617e-01 -1.9489379695e-02 -8.6814330167e-02 1.2631185393e-01 -1.6700083825e-01 -2.8318005526e-02 1.5861114868e-01 8.1282574609e-02 1.4779879804e-01
1.5315933947e-01 4.7200452407e-02 1.1391582933e-01 1.0072577591e-01 -5.1908103213e-02 -1.4156089198e-02 -8.4918804980e-02 8.6015539159e-02 -6.2740711816e-02 8.7777002113e-02 1.6657074698e-01 -4.0240073038e-01 -2.0463503571e-02 1.2202665935e-01 -2.6086171534e-02 5.3830604415e-02 1.4990572477e-01 -4.9994736250e-02 -8.9002280798e-02
-1.8535252574e-02 -4.4278189540e-02 -9.1499746999e-04 -4.4896614184e-02 -1.6843031120e-02 1.0320215982e-01 1.6844837961e-01 1.7346688626e-02 -4.3555444154e-02 -6.0902543255e-03 8.0889895877e-02 -5.6622853982e-02 5.2107432483e-03 -5.5353083525e-02 -5.9386566205e-02 3.7680778051e-02 1.0936295830e-02 1.5290985158e-02 -7.0434450271e-02
2.5483130150e-01 1.5810826482e-01 2.1603323355e-01 2.0053001757e-01 3.1879291761e-02 -1.0050007111e-02 -3.9783562508e-02 1.2104279992e-01 1.4647311190e-02 1.4983119368e-01 5.9570848457e-02 -7.4689586181e-02 -6.8246466242e-02 1.3390751413e-01 2.0262327581e-02 -2.6136929769e-02 2.1055103562e-01 -7.9695940989e-02 -5.4966936341e-02
-1.1678485638e-01 -2.3542674141e-01 -1.6392937350e-01 -1.6708981260e-01 -9.8560580508e-02 8.4299744497e-02 1.2902517758e-01 -1.5565916895e-01 -9.1279586901e-02 5.4797325690e-02 2.0745250436e-02 7.9487558421e-02 -1.1964359804e-01 -1.8363526401e-01 7.3905481113e-02 7.9067437013e-02 -9.3035261542e-02 -5.1823867118e-02 1.8980791313e-01
-1.0846634673e-01 -7.3935026489e-02 -2.1006662388e-02 -1.1783944945e-01 -6.7332719640e-02 -1.8107351508e-02 1.1297855326e-01 -1.8909413619e-01 7.5751611639e-02 -8.8295799390e-02 -2.9203129202e-01 8.7215222696e-02 -1.1416314619e-01 -3.0311395071e-02 -6.2092097960e-02 1.4144146621e-01 -6.4516094325e-02 -8.3760829160e-02 1.5547019725e-01
-2.2045857254e-01 -7.9991151899e-02 -1.4164888492e-01 -1.2944913003e-02 -5.9343076459e-02 -2.1151838779e-02 1.6113914801e-01 -9.4674030689e-02 2.7407002535e-03 -3.1473703416e-02 -1.3706545016e-01 8.8948170289e-02 -8.3894238407e-02 -1.3912328647e-01 -3.4773201150e-02 7.9997444598e-02 -1.2821192120e-01 -4.9197716799e-02 1.7053414863e-01
1.4842970090e-01 7.4144817557e-02 6.4592004036e-02 2.8077539497e-03 -9.8988994834e-02 -3.5606087352e-03 8.6722677223e-02 9.3209610307e-02 8.6569245053e-02 1.0628914300e-01 1.3111221058e-01 -4.8728293546e-01 -1.5235905618e-01 2.0255361182e-01 8.5030001753e-02 4.1202167960e-02 1.2991344915e-01 2.4592802793e-02 2.7450707259e-02
1.4625440174e-01 1.5020030400e-01 2.2237769236e-01 1.0394340033e-01 -4.0610631336e-02 -1.7288236278e-02 -1.3374026221e-01 2.2128348382e-01 -1.5852132233e-02 2.2676828181e-01 1.0168179647e-01 3.0893449775e-03 -6.5995889210e-02 1.5515916629e-01 -2.8662889265e-02 -8.0520047941e-02 9.9576353901e-02 -6.0664273271e-02 -9.9616203061e-02
-1.1545482208e-01 -1.8467584062e-01 -1.2516475408e-01 -8.4317598341e-02 7.0818920524e-03 -2.2103948578e-01 2.7026832052e-01 -9.3325945592e-02 -7.0839975882e-02 -4.7941272798e-02 -2.4268164907e-01 4.8817525377e-03 1.5491697824e-02 -1.7034704516e-01 -2.4135845834e-02 1.1743574955e-01 6.5264565547e-02 -1.1199762854e-01 1.9075552856e-01
