7.0571799938e-02 -1.3343218757e-01 -1.0197751536e-01 1.4036991433e-01 2.4725800721e-01 1.0049237356e-01 1.4893635156e-01 3.3454628125e-01 2.1256483309e-01 -1.9918917115e-01 -9.9687338156e-03 -8.9806893077e-03 -1.7285011798e-01 1.0984337407e-01 2.7801223740e-01 -2.2720997996e-01 2.3891675469e-01 1.2027153943e-01
-5.9547904318e-02 -1.2382251172e-01 -7.7466614098e-02 9.9056395959e-02 1.8769141742e-01 9.9074539647e-02 4.0438739132e-02 2.0107664046e-01 6.6129273354e-02 -7.7906332445e-02 -6.7674373668e-04 -3.6991336966e-02 3.7642022838e-02 9.3089690965e-02 8.9124572295e-02 -1.6848885935e-01 7.8451230636e-02 1.4277823411e-01
1.5608726033e-01 -2.8347460294e-02 -3.1415394680e-02 1.0964357024e-01 -5.0737211323e-02 4.8599619255e-02 1.0902100581e-01 3.4353592599e-03 -1.1081436799e-01 9.2115616231e-02 1.1357359440e-01 -1.0005162645e-01 2.0881096875e-02 3.3775562936e-02 -2.3818392910e-02 -3.2363087876e-02 1.4386255369e-01 3.6244594557e-02
2.7246632970e-02 6.0896600646e-02 1.0922030245e-02 -1.0732224572e-01 -1.5610428868e-01 -4.3297780622e-03 2.0421438486e-01 -4.2352840438e-02 -1.1847784254e-01 3.8697800411e-03 6.6216122214e-02 -6.8208987044e-03 5.2976563765e-02 4.5574677047e-02 3.2596379708e-02 1.3350071637e-01 5.4537575665e-03 1.4076930337e-01
-7.4935274570e-02 4.1233322398e-02 -3.7354099449e-02 7.7741105032e-03 -1.6999640757e-01 -8.1980646500e-02 -1.2355471176e-01 -1.1508686503e-01 -7.0078793949e-02 1.1854078940e-01 -5.6133320738e-02 -1.8974978494e-02 3.1782793316e-01 -4.2512852867e-02 -1.5243079089e-01 -6.8825393239e-02 -8.4857979698e-02 -9.4430935330e-02
1.2380661104e-01 1.0706004562e-02 4.5138954305e-03 1.9773102438e-01 2.6263316042e-01 3.5604018771e-01 -1.2182455898e-01 2.9519455780e-01 1.9946041034e-01 8.1408495568e-02 2.1204143260e-01 -2.3702781132e-01 -1.1989810495e-01 1.7515819933e-01 1.6984036171e-01 -1.6458859635e-01 3.0314613792e-01 -1.9533263743e-01
-1.0539924376e-02 -3.3910978006e-03 -8.7627206554e-03 5.7933447341e-02 1.1799097928e-01 -3.4809260715e-03 2.4415405021e-01 6.6468977939e-03 -1.3323982942e-02 -9.1291813942e-02 -4.7846225516e-02 7.8752835836e-02 8.6070798877e-03 -1.5645330511e-01 3.5576650205e-02 -9.7723799789e-02 1.0611381778e-01 3.4121929391e-01
-3.4761886726e-01 6.1071315135e-04 -8.2666457703e-02 -2.4273596666e-01 -2.0839253709e-01 -2.1476854851e-01 3.2880515444e-01 -2.0677065619e-01 -1.3078014955e-01 -1.6401281390e-01 7.7360435619e-02 2.1682514806e-01 1.1844513590e-01 -9.2311199582e-02 -2.1481148394e-01 -3.7033525489e-01 -1.3034522739e-01 6.1049316483e-01
1.1225896412e-01 1.2865560250e-02 -1.5348987469e-02 7.0367857368e-02 6.2557465299e-02 5.7590873621e-02 -7.4197712767e-02 8.7045264000e-02 1.9642310187e-01 2.7109441500e-01 2.1380179937e-01 -4.6843827512e-02 9.9642400538e-02 4.2285406736e-02 6.6818555548e-02 1.0479940790e-01 6.6532729592e-02 -1.6069392445e-02
-1.4849468695e-01 9.2945095214e-02 3.6623703133e-02 9.0548094190e-02 1.7430372153e-01 1.6160215510e-01 5.5119672950e-03 2.0306960471e-01 1.7995173904e-01 5.1088340168e-02 8.0073198406e-03 2.2420204532e-02 -6.3557265689e-02 -3.2779723361e-02 1.0114363404e-01 -1.1118028604e-01 1.6793207140e-01 -1.3353289063e-01
-1.3891644275e-01 -1.5366652492e-02 2.7989027373e-02 9.2583282801e-02 1.6062374866e-02 3.6544972120e-02 -5.8719076437e-05 -2.2702996916e-01 2.2139943703e-02 -8.1746791073e-03 -4.9617809875e-02 1.1093773527e-01 1.1927201210e-01 -3.9972694534e-02 -3.4935032644e-02 -1.7981179410e-01 -1.2387235485e-01 1.7220999590e-01
1.1754264038e-01 8.4945279931e-02 -5.9454411274e-03 7.1554731756e-02 -1.6106461296e-01 1.2316501326e-02 8.1801024720e-03 -1.1944783498e-01 8.8086108353e-02 6.3986732120e-02 1.0339442433e-01 1.0012737579e-01 1.6545369121e-01 5.2946661256e-02 -1.1337570348e-02 3.0506601497e-02 2.7705138392e-02 1.3551395543e-01
-2.5904184136e-02 -1.5798094307e-01 -6.0658925102e-02 1.2949318320e-01 -1.8962364917e-01 -2.5342819546e-02 -6.8957565078e-03 -2.0964808412e-01 6.5760340235e-03 7.2889033879e-02 -7.9760035037e-02 1.4289068738e-02 -6.5963768961e-02 -6.5246171891e-03 -1.2899272517e-02 -1.9156310967e-02 6.8312922391e-02 2.7767794265e-02
-8.6596088678e-02 -4.2379677756e-02 1.2017871291e-02 -7.8411095990e-02 -2.8913775946e-02 -2.5137689546e-02 2.3956742140e-02 -4.3178904997e-02 6.9098063362e-02 3.8512303866e-02 1.6454484708e-01 -2.1031905063e-02 1.1562218572e-01 2.3324126833e-02 1.7064138513e-02 -6.9592074478e-02 1.0153902682e-01 -4.8028592122e-02
1.1701083745e-01 -4.9044846288e-03 -6.2311825267e-02 4.1319090168e-02 -3.1611043363e-02 1.2022796180e-01 -1.0302886938e-01 4.7148318716e-02 7.7459498128e-02 1.0373971419e-01 1.0924438285e-01 7.5832241596e-02 2.0170660967e-02 8.4114716221e-02 -1.4610499412e-02 9.1846058104e-02 6.3888160057e-02 6.2549145498e-03
-2.6044093954e-03 -8.7021593217e-02 -8.5719184949e-02 9.7091964353e-02 1.7328634209e-01 2.9770306834e-02 1.9321691046e-01 4.8031596084e-02 2.3470849437e-01 8.2508445485e-03 1.0460222737e-01 -6.1608788925e-02 -2.5272162622e-02 1.3978764243e-01 5.5132057092e-03 5.4335508817e-02 1.8555865371e-01 2.9735741177e-01
-1.8910502828e-01 1.1669365500e-01 -1.5515739243e-02 -1.1266102246e-01 4.5328202072e-02 -5.8603928795e-02 9.0203869634e-02 -4.3018642132e-02 2.1456413797e-01 -1.3534850250e-01 8.3309571137e-02 1.0723939103e-01 4.6498488718e-02 -1.1866811729e-01 4.2386171984e-02 -1.4892777163e-01 4.0118109743e-02 1.8719081297e-01
1.5815088669e-01 -7.7484322397e-02 2.8447244273e-02 7.7380090125e-02 -9.6749661164e-02 1.1423259386e-02 8.0992465391e-02 6.7192221220e-02 5.3581173106e-04 3.0494821968e-01 2.1401427399e-01 -1.0415934060e-01 6.0437757150e-02 1.1892895042e-01 -3.5017733613e-02 5.5398784070e-02 4.7083530920e-02 2.5204079688e-02
