3.8682816207e-02 3.1904410957e-02 7.0216053719e-02 -1.2007957420e-02 1.4959717603e-01 -9.3652610152e-02 5.8416588832e-03 2.7192648748e-02 1.1433967584e-01 -2.0065604204e-02 -3.3326856170e-03 -2.8097467231e-03 2.0503903058e-02 6.9327633160e-02 1.1010687138e-01 -2.2619174743e-02 2.6232867923e-02 -1.6563344773e-01 -2.1603824474e-02
1.1060647320e-01 2.3357204281e-01 7.7135063168e-02 -4.2088086012e-02 1.1941198050e-01 -8.8859889261e-02 -3.6879219318e-02 -1.3008315130e-01 2.0382908530e-01 -6.9608047127e-02 1.6184965371e-01 1.3044172151e-01 2.5956052117e-01 5.1990032129e-02 7.6901452180e-03 7.9127808343e-02 -1.2902511480e-01 1.3721540860e-02 1.2272993980e-02
1.1785104814e-01 1.6510415642e-02 1.6780649152e-01 3.0667447328e-02 1.0930846144e-01 1.6728880566e-01 -7.3514739168e-03 -5.4573202157e-03 5.5778876805e-02 8.1566326637e-02 7.6605069018e-02 4.4413219992e-02 1.6332731361e-01 -3.5689551714e-02 -9.2272558111e-04 -4.0344164447e-02 5.7317661674e-02 -7.6309081088e-02 2.5210068105e-02
3.3399270888e-01 2.2124281790e-01 2.1700479030e-01 -2.5495290794e-01 2.0028104273e-01 -1.7393455528e-01 -1.6970714441e-01 -1.2245526276e-01 2.3813701575e-01 -1.5219367088e-01 1.7429117185e-01 2.4617355723e-01 2.8216390095e-01 5.3921474077e-02 1.7227702374e-01 7.8748027662e-03 -1.4523118676e-01 2.7075738528e-02 -3.7941168263e-02
-1.5924468123e-02 5.7111463333e-02 4.5907835873e-02 1.6595248245e-02 1.9836922097e-01 2.5289064354e-02 7.9880390971e-02 -3.0691045388e-02 -8.7143287757e-03 5.9310048936e-02 -6.8501403471e-02 -1.0306218212e-02 3.1966857501e-02 1.7804496812e-02 1.6195458232e-02 -4.6679486343e-02 7.3950677903e-02 -6.3370008544e-02 1.3266434584e-01
1.1102388658e-01 1.8223069036e-01 1.7869874816e-01 -9.1579131741e-02 7.0255469623e-02 -5.2283980088e-02 -8.0231433985e-03 -3.8989562547e-02 1.6780485880e-01 -6.1167139119e-02 1.6430614942e-01 1.2504035098e-01 9.9788493928e-02 -2.9250226945e-02 1.3185227629e-01 6.1838012937e-02 -6.3530583911e-02 -8.4253681105e-02 -1.7388320156e-02
6.6848500015e-02 1.3985243939e-01 -1.2245792472e-02 -5.3383147695e-02 -1.2228011611e-02 1.2347584659e-01 6.4394015368e-02 -1.1892847058e-01 4.4685868798e-02 3.5109569034e-02 4.9502448821e-02 -3.5973873416e-02 -2.9059449550e-02 2.8863315593e-02 3.7003791515e-02 8.8206568995e-02 5.2385621705e-02 -5.5712752028e-02 6.7223579665e-02
7.9812746703e-02 4.0577075805e-02 6.2969296100e-02 9.3773647907e-02 1.7272793333e-01 -2.4514429281e-02 -5.2866091632e-02 -1.9613856714e-02 7.9313848979e-02 4.4517630995e-03 1.1429268087e-01 5.9846733338e-02 8.9511441557e-03 -1.3883497227e-03 1.3412344333e-01 -3.3193855647e-03 -1.3938702128e-01 6.8594669128e-02 4.0473881386e-02
1.0026588897e-01 4.5769859740e-03 8.7432311040e-02 -3.2799760169e-02 1.5348623236e-01 3.3990481021e-02 -7.4282203252e-02 3.7718566375e-02 7.9398878074e-02 2.3827446243e-02 3.1979786762e-02 7.5250032014e-02 1.3615935576e-01 4.1772525083e-03 1.3982383019e-01 3.0128901016e-02 -4.1214949431e-02 -1.0986326120e-02 -8.7133505726e-02
-2.4855084677e-03 -1.9483653725e-02 1.4417600254e-01 -8.1382840765e-02 9.3241330191e-02 -6.1882994110e-02 -1.2535821796e-03 2.7104781115e-02 1.9059025030e-01 -7.5964705718e-02 6.5246143591e-02 -4.7881308879e-02 8.3539712327e-02 -5.7577394609e-02 9.7045722274e-02 -4.5028666475e-02 6.1355602135e-02 2.1169032134e-03 -4.0849890627e-02
6.3650099539e-02 -3.4601201961e-02 1.5272966989e-01 1.5951583079e-02 -1.4976945460e-02 5.7638795725e-02 -6.6277608676e-02 2.2189283873e-02 -4.8873471703e-02 -9.6818315007e-02 3.5005437246e-02 -5.8579029926e-03 -3.8320518686e-03 -5.8107868537e-02 -6.0364776486e-02 6.9801956513e-03 3.6081911225e-02 3.2423967558e-02 -5.3718636821e-02
5.7865010165e-02 1.7021640873e-01 9.0880733592e-02 -2.0004381834e-01 1.7222766466e-01 -7.6821005933e-02 5.3244241036e-02 6.6330067266e-03 1.1403252079e-01 -8.7011821790e-02 1.0959438033e-01 2.9688266195e-02 7.4081316456e-02 -4.8719448287e-02 1.6899278580e-01 2.6459040301e-02 1.3593547020e-02 -7.5057765343e-02 -1.6590483817e-03
-1.9570625394e-01 -2.5437783287e-02 -7.3727320433e-02 3.1911105869e-02 -1.8652761174e-01 -4.1696958246e-02 5.9874175724e-02 -4.6501143229e-02 -8.5265568338e-02 6.9795796586e-02 -7.0619985833e-02 -7.6451326918e-02 -5.4530237642e-02 -1.4950145163e-02 5.0421018675e-02 -1.1838427011e-01 1.4112721579e-01 -2.6665776767e-02 -3.8062881469e-02
1.2669747590e-01 2.0185605278e-02 8.6754049279e-02 -7.5577851022e-02 1.0009179091e-01 -2.0561048785e-02 -5.8051965378e-02 5.3888784201e-02 4.1313811435e-02 6.0363718068e-02 1.1887545522e-01 1.8356472293e-01 8.3385512411e-03 -6.0171562046e-02 1.5099677911e-02 -5.7645955286e-02 9.5414480657e-02 7.9005521412e-02 1.6558347942e-02
3.1704399043e-03 -6.6071751917e-02 -2.6414413727e-02 1.1546772067e-01 -9.1834245385e-04 -1.0874708704e-01 1.2181351244e-01 -2.2398427583e-02 -5.8086840905e-02 7.2974079759e-02 6.2345689661e-02 -2.7220668120e-02 -1.1181973879e-02 -4.8687644194e-03 5.3113462626e-02 1.4669462750e-01 2.7362261771e-02 1.3839681750e-01 -3.2271337400e-02
1.8086620489e-01 7.2930876775e-02 3.6606061849e-02 -2.3551006387e-02 2.4807389519e-01 -1.5248949078e-01 8.0525933057e-02 7.2526538057e-03 2.9439882362e-02 -2.8981125012e-02 1.5802245350e-01 7.3114181162e-02 9.8259143421e-02 1.9893263872e-02 3.9123179395e-02 3.3144966330e-02 1.8496866500e-03 8.3933072389e-02 1.0584808203e-01
3.1351643927e-02 7.6926954555e-02 -3.6186919569e-03 2.7912095780e-02 1.7836460465e-03 8.6597855819e-03 -1.0807606213e-01 -9.8308278783e-03 -3.6617496666e-02 9.8297739588e-02 -2.2065113156e-02 -7.1164772717e-02 5.6259074567e-02 -9.3265584965e-02 8.6082461732e-02 -8.7364707967e-02 8.4357796514e-02 -1.0348683941e-01 -5.5160252665e-02
1.8702586959e-02 1.2959600967e-01 6.0908180117e-02 -1.2765208344e-01 5.1448656030e-02 -4.1345630939e-02 -8.3029772647e-02 2.5530106347e-02 3.0748333706e-02 -2.1852366576e-02 9.4319913880e-03 -1.0208314710e-01 -6.9752123357e-02 6.4295460393e-02 6.9551705525e-02 -3.5758021451e-02 -7.4764543906e-02 -1.0705619490e-01 -2.1001683167e-02
1.7193017257e-01 1.3534751790e-01 1.2784275537e-01 -2.1650044465e-02 1.0953235746e-01 -5.2413587061e-02 2.3984157591e-02 3.0671105114e-02 2.0296543566e-01 -3.3645106614e-02 1.4477528969e-01 5.7411677610e-02 1.2907329995e-01 5.2519172720e-02 1.0001240686e-01 -2.2230891387e-02 -4.6990562795e-04 -8.1973996589e-03 -1.4445161067e-02
