9.2310561338e-02 3.3157263441e-02 1.1770915320e-01 -9.2234058502e-02 -1.7180083522e-01 2.1766990231e-01 8.8719457464e-02 1.8262885108e-01 1.4236251931e-01 -1.3127409162e-01 6.2901719079e-02 1.7418434376e-01 -6.7544123527e-02 6.4282290808e-02 -3.0548467211e-02 -8.6199334746e-02 1.0456764990e-01 -1.5598682272e-01 -1.3282767154e-01
1.0298679440e-02 -2.5374901280e-02 5.6882851636e-04 1.0134178440e-01 -3.5029848760e-02 4.7623439142e-02 1.2999937381e-02 2.9698089188e-02 4.6555269846e-02 9.9834377762e-02 2.0807620301e-02 9.1729005759e-02 8.8286822080e-02 3.6024310291e-02 -9.2223286385e-02 -3.1466019393e-02 1.0455375816e-01 -7.5104519864e-02 -2.2373497762e-02
3.4612790911e-04 7.1142040678e-02 -6.4992966755e-02 1.2211089627e-02 2.5064987008e-02 -3.9528245971e-03 -3.4355607603e-02 -3.0476247651e-02 3.1252424378e-02 -1.9885268159e-02 -1.1512364476e-01 1.4609310303e-01 9.1604669537e-02 2.4961748137e-01 -2.1106320796e-02 1.3874805271e-01 7.0620544996e-02 -1.5969091134e-02 8.3180128036e-02
7.6490735875e-02 -1.1222854924e-02 7.6227019091e-02 -1.8058840658e-02 1.9458301667e-02 2.8853329063e-02 5.2677639483e-02 6.1817270805e-02 1.0688051676e-01 -3.7866306197e-02 6.9472651770e-02 7.8988254869e-02 -1.0386304800e-01 -3.2057410737e-03 2.6806524364e-02 4.0015751754e-02 1.1753605933e-01 -8.7345487364e-02 -2.1494384236e-02
6.3379049662e-02 2.7401779438e-02 2.4465343045e-01 -2.6030498533e-02 6.6351649622e-03 1.6942438814e-01 -6.9262768427e-02 1.2015233970e-01 1.5931924358e-01 -3.1384592429e-02 1.1347321663e-02 4.3636990897e-01 3.2179031810e-02 1.2099581623e-01 6.6628401220e-02 6.2031783317e-01 1.3299151098e-01 -1.3656085698e-02 2.0776012666e-01
1.5621621410e-02 -6.3625199680e-02 -5.1896685588e-02 -9.2572787600e-05 4.9584837671e-02 6.2332169949e-02 -7.3137353748e-02 -1.6682276810e-02 -5.8259710825e-02 1.9054880453e-02 -5.6236807123e-02 -5.0958508846e-02 5.6295918741e-02 8.3896907308e-02 1.3912606769e-01 -3.9190326790e-02 1.8289941595e-02 3.5072458727e-02 -1.4614055409e-01
-7.4420672612e-02 -3.9650445391e-02 -2.2791379460e-02 4.9760427930e-04 1.2600734054e-02 -4.3567490121e-02 -5.2367921934e-02 3.9504144574e-02 4.5916888043e-02 -2.0247794586e-02 -3.8251857195e-02 -7.0280886780e-02 -2.5559339203e-02 -2.6445457722e-02 -8.4458909452e-02 8.0451130561e-02 1.0573133925e-01 3.7770372560e-02 -1.1729658100e-01
1.6166668998e-01 -5.4551174770e-02 3.2645243880e-01 -1.3761314373e-01 -8.0509809327e-02 2.3462495173e-01 -4.1350311167e-02 5.4934469312e-02 1.5887115643e-01 -1.0275326318e-01 1.7280746325e-01 5.8967955299e-01 -4.8872253609e-02 1.9284807562e-02 -5.1550672593e-02 5.2418911990e-01 2.3286289401e-01 -3.3254020199e-02 -1.1218854089e-02
-4.3388615198e-02 -5.7403280423e-02 -3.0673514241e-02 1.1882745566e-01 8.4049355474e-02 1.7080377609e-02 1.0546500702e-01 -3.9323745200e-02 6.6790845858e-02 1.2772479645e-01 -2.0975543045e-02 -2.9690003771e-02 3.6622407864e-02 8.2264126382e-03 -2.3987519688e-02 -1.5201083834e-01 -4.8824221968e-02 4.7507105702e-02 5.7725192165e-02
1.6788596093e-01 -5.1697357388e-02 1.6758570475e-01 -6.4230095939e-02 -1.4921342950e-02 7.3186131590e-02 6.8534646463e-02 9.7098682636e-02 1.4250582955e-01 -2.6594774434e-02 -6.0732616959e-03 6.3246079797e-02 -1.4900183603e-01 -1.0224714725e-01 7.6921262415e-03 -2.5189620739e-02 2.4201294429e-01 9.3311906546e-02 -1.2244390575e-01
5.0386797584e-02 5.2620613105e-03 9.4021738447e-02 -5.2186787735e-02 8.4222135424e-03 1.3447588018e-02 -7.3290719943e-03 8.9254178262e-02 8.5060146021e-02 -5.2309790940e-02 1.0522084264e-02 1.5781233237e-01 5.6585880924e-03 -1.2498778284e-02 1.9617539261e-02 6.6840858050e-02 3.0062919802e-02 8.2817331595e-02 5.8510359943e-02
1.6139609351e-01 -8.4946242310e-03 2.2990704972e-01 5.1734706874e-02 -4.2310027839e-02 1.5805998020e-01 -3.9777309387e-02 2.0742613079e-01 2.1767806091e-01 -8.2834122566e-02 3.2393398399e-02 4.8838468659e-02 -6.7108247222e-02 -6.5719756494e-02 -4.2793887354e-02 -9.0726736091e-02 2.3802488242e-01 -5.7861914044e-03 -5.2844746776e-02
2.3078237509e-02 -2.9763126076e-02 7.0215183028e-02 -3.1558139486e-02 1.0832066714e-01 2.2788436031e-02 -5.6803912904e-02 -7.9748586946e-02 -3.5050533351e-02 1.4263452135e-01 -9.1930898589e-02 4.2709368417e-02 5.5846616602e-02 2.0559374452e-01 -4.0755384478e-03 -1.2321721618e-02 -2.0522404778e-02 -1.4238567118e-03 1.0350152034e-01
-9.2544888700e-02 1.5055183107e-01 -8.7517395275e-02 2.8086058653e-02 -2.3086862463e-02 -6.7209894072e-02 -2.1971725766e-02 -4.9518783201e-04 -1.6373594895e-01 1.1420606648e-01 -2.5014774516e-01 1.4440830529e-01 2.2463367812e-01 1.2166076086e-01 2.8312959846e-02 1.4201928426e-01 -5.3125969996e-02 8.6815266362e-02 2.3644381954e-01
1.5683197840e-01 1.0011017739e-01 1.8383289003e-01 6.3925564320e-02 8.6453305062e-02 2.2552027511e-01 -7.8506654188e-02 1.3027251390e-01 2.0669503778e-01 -1.9028431913e-01 7.8266552284e-02 1.0579038518e-01 -1.2584762522e-01 -1.3743864158e-01 5.2839512247e-02 2.0384775594e-01 1.7213123436e-01 -4.9835932269e-02 -4.7059553183e-02
-2.6197870215e-02 -7.9664253607e-02 -7.5491909811e-03 -1.4148081927e-02 -1.4539403096e-01 -2.0043583965e-02 -2.4319673714e-02 6.0628023602e-02 -4.9337258924e-02 1.0110114569e-01 -6.2105392830e-02 -8.2159706199e-02 4.7789046217e-02 6.6225024879e-02 1.3785659430e-02 -8.8615332813e-02 -6.6485836011e-02 -2.1308102414e-02 8.5292293907e-02
-1.3128462679e-01 -1.4599768992e-01 8.3757069129e-02 5.8590057131e-02 -3.6302996620e-02 -1.0897054893e-03 3.0039209111e-02 7.8977792936e-03 3.7405027082e-02 -1.2351669452e-02 -1.5693356902e-02 1.4681672583e-01 5.5415745747e-02 1.4550261156e-02 -1.2491432241e-03 6.1874007692e-02 3.4620558580e-02 -7.2615192500e-02 3.0177695902e-02
-9.4727197480e-02 3.9406081670e-02 -7.2093134535e-02 -2.1142251794e-02 -6.6815638918e-02 7.3691606489e-02 2.0402918818e-02 -5.0080211825e-02 4.2209858704e-02 4.7190812497e-02 -5.3754349702e-02 1.3079313902e-01 5.0595556955e-02 1.5456744887e-01 -6.0410773520e-02 1.5461420124e-01 7.9782760545e-02 7.8812826418e-03 6.6081845312e-02
1.0150710107e-01 -1.2844516596e-01 1.3994577257e-01 -2.7977528167e-02 4.0248598201e-02 7.5300623675e-02 -4.8727841379e-03 7.8635212749e-02 6.7933122808e-02 4.1286235617e-02 -8.0461748600e-03 2.2061335765e-01 -5.7700245065e-02 4.5872409540e-03 -3.0984810156e-02 6.4280941303e-02 3.9664941019e-02 3.4979297089e-02 8.4460833217e-02
