-4.8837981062e-02 6.4013737668e-02 -5.0907352430e-02 8.0375022359e-02 1.2381835207e-01 -6.7792245764e-02 2.3214800162e-02 2.8758086815e-02 5.9406131617e-03 1.3141737648e-01 -4.1389742868e-02 4.5548450062e-02 2.8834310694e-02 1.1650267117e-01 4.3758057743e-02 2.6145486212e-02 2.4830520531e-01 6.3607137992e-02
-5.8201986359e-02 -9.7308120615e-02 2.8905693116e-02 -6.7239941573e-02 -1.2194729120e-01 5.7343683179e-02 -5.8760729477e-02 1.3410500722e-02 1.2096433815e-01 4.6927313943e-02 2.3424654373e-01 -1.4926660442e-01 -9.5665676375e-02 1.0158819893e-01 1.1848066152e-01 8.5972964863e-02 -2.7696062640e-02 1.9554266277e-01
-3.6928713318e-02 4.2171951012e-02 -7.1909572055e-02 1.3052403305e-01 1.3017997762e-01 -1.9068450149e-03 1.9305319192e-02 1.1904841617e-01 -1.7336786477e-01 -1.2153179788e-01 -2.5806372804e-01 2.9131803337e-02 2.6245203061e-01 -7.6224099833e-02 -2.2224157500e-01 -2.0907855747e-01 -1.3721611774e-01 5.6000750596e-02
-4.2769928147e-02 -1.4497007279e-01 -5.4438824950e-02 -9.4878684903e-02 -1.3780543417e-01 -4.1270600416e-02 -8.5933296889e-02 -2.1063504860e-02 1.9824051140e-01 -1.6804475545e-01 4.6069041500e-02 2.6652570990e-02 -6.1339283926e-02 8.5061694139e-02 7.3168722982e-02 1.7273726263e-01 -5.4147432728e-03 8.1101824142e-02
-7.6322258219e-02 2.3604292904e-02 -2.0563181652e-02 1.4008314434e-01 5.9855203183e-03 3.1522942055e-02 -8.3292179069e-02 3.0929359889e-02 -1.1394826372e-01 2.4011236151e-01 -2.2790297901e-02 3.8177183635e-02 8.6243464012e-02 -3.9175437932e-04 2.0332572632e-01 -1.0019618930e-01 3.4776420763e-01 -2.5881621212e-03
7.3424113408e-02 -1.6940941941e-02 2.0624358528e-02 -7.6922893717e-02 4.6582511131e-02 1.7555557544e-01 -8.4735775651e-02 1.0271436810e-02 -1.2795366521e-01 2.6611786824e-02 2.5668575543e-02 1.0642008489e-02 -9.8837174726e-02 1.6889898019e-01 -5.5013158014e-02 -9.7853624847e-02 -8.9702520072e-02 1.0420009129e-01
5.5636881074e-02 -1.1113974284e-01 -6.8326100584e-02 -3.2680167566e-02 -5.5609322972e-02 -1.5218599084e-01 9.2569645821e-02 -2.0611703625e-01 5.6116251120e-03 -7.8566523303e-03 8.5643454225e-02 -2.7438900251e-02 -7.4845636595e-02 1.0851049643e-01 7.2797748693e-02 -3.1674434567e-02 1.5162401925e-01 6.2910355283e-02
-6.7589522560e-02 -1.0076921716e-01 -1.1730924676e-02 -1.3443071373e-01 -1.5536422098e-01 -7.0236000981e-02 -9.7677380861e-02 -1.5694375750e-02 1.5212729542e-01 -6.5091635935e-02 9.7685896314e-02 1.3270987184e-01 -1.3610825477e-01 8.1314482441e-02 9.2912357473e-02 -2.8786126827e-02 -1.1091040966e-02 -1.1906397246e-02
-6.4715438882e-03 2.1375960707e-01 -6.3863258776e-02 4.4281878246e-01 2.1905608968e-01 2.3826998836e-02 3.1914760534e-02 1.9104345774e-01 -2.9644055921e-01 1.0079408737e-01 -4.9179206827e-01 -5.6902412988e-02 6.3881190120e-01 -2.0551750155e-01 -1.9712754403e-01 -2.3403104043e-01 2.5109529303e-01 -3.1295812555e-01
-7.9235926764e-02 -6.8373684171e-02 -2.8790604921e-02 -1.4604948642e-01 -4.2153357545e-02 7.4251581432e-02 8.7445773724e-02 4.5858553931e-02 2.8998662460e-02 2.5137162520e-02 1.3568193814e-01 -4.4511071695e-02 -2.9815490697e-02 1.4573867007e-01 -3.0314262944e-02 1.3250848135e-01 1.2582572850e-02 1.2147346610e-01
-2.6956797213e-02 -1.0170400601e-01 3.8414743862e-02 -8.1666385910e-02 -9.4156742946e-02 -2.3044105427e-02 -1.3294659533e-01 3.3664638745e-02 1.2676928259e-01 -8.0982626516e-02 1.0336049350e-01 7.5531423185e-02 -1.1852155739e-01 1.5793639540e-01 1.1051971165e-01 2.5752454874e-01 -1.3020707443e-01 1.2555106960e-01
-6.0135898542e-02 -2.1638273815e-01 -2.5020045807e-02 -3.8494811933e-01 -2.9504318701e-01 9.8510701226e-02 -1.3104867944e-02 -2.9501220054e-01 4.2684436335e-01 -1.0768177589e-01 2.8005422687e-01 5.8084831114e-02 -4.2216187781e-01 3.8851229595e-01 7.2690038211e-01 5.2023364879e-01 8.6062967882e-02 3.9473053451e-01
2.0468025878e-03 1.4211399430e-01 -3.2145165020e-02 6.8622592850e-02 -1.1537671400e-01 2.2196829721e-02 -8.4950816121e-02 -4.3363465626e-02 1.5533515684e-01 1.4115556423e-01 7.7775527532e-02 1.8172109471e-02 -3.0950521587e-02 5.0950648409e-02 1.1188124132e-01 1.7204028283e-01 1.6403595175e-01 6.5878237531e-02
1.1179671887e-02 1.3100021479e-02 7.3650575614e-03 1.0141059999e-02 1.0815589549e-01 6.1849196011e-03 8.2166993183e-02 -9.6849906115e-02 -1.9054200872e-02 5.4339270242e-02 -6.7404724667e-02 -1.9962837233e-02 -3.4628776943e-02 -5.2533911098e-02 -1.6843010965e-02 1.0913876618e-01 9.8041745612e-02 -1.6266743999e-02
3.8322951083e-02 -3.9531430396e-02 2.9485904116e-02 -1.6548912482e-01 1.1356567951e-01 -5.8425093435e-02 -7.4398724986e-02 -6.7428667468e-02 1.2097306165e-01 1.8265796931e-01 1.6576217620e-01 3.0629905969e-02 -1.1078661861e-01 1.8607560963e-01 2.7790027147e-01 2.1089508060e-01 3.8818681275e-01 9.9926522206e-02
-6.1655686390e-02 -1.9566552328e-01 -5.4570885864e-02 -3.3495732770e-01 -4.6471922292e-01 -3.5219744092e-02 -5.5242343361e-02 -1.7516380871e-01 5.1645959332e-01 2.0093010716e-01 6.2767275396e-01 -2.5539874892e-02 -3.9404104358e-01 7.8665874731e-01 1.8898577264e-01 5.5404164087e-01 4.2625324603e-01 2.9496317264e-01
1.3123922756e-01 -1.1337979580e-01 -5.3685049896e-02 -1.4820246914e-01 -7.1273094934e-02 3.0048768883e-02 -5.4416734246e-02 -5.5872184400e-03 1.3251230667e-01 -4.9071235345e-02 5.0593627650e-02 -8.4951072288e-03 -1.4305678190e-01 -3.7142524243e-04 3.8218032638e-02 4.0127451627e-02 -1.1722482202e-01 1.3877690616e-01
3.7544831838e-02 -1.9771788323e-01 -6.5568811129e-02 -2.0241075422e-01 -2.2835022537e-01 5.6306810266e-02 -3.7243245531e-02 -1.5321900058e-01 1.2665982030e-01 -8.9993160304e-02 1.7784269994e-01 9.3286681826e-03 -1.8620260269e-01 -3.5639791670e-03 2.9424729986e-01 1.1112467215e-01 2.5702996263e-02 2.0725809242e-01
