-2.1405074459e-02 -6.7889457289e-02 -2.7862475206e-02 9.5950404423e-02 4.1515844799e-02 1.2840625425e-01 1.2233081132e-01 4.5064905644e-02 1.1393355891e-02 5.2194918759e-02 1.0712600446e-01 -2.7597729711e-03 3.7755952550e-02 -3.5972710996e-02 -2.3309196889e-02 -9.3993933346e-02 -2.0726415874e-02 5.0502256111e-02 1.2423107119e-02
-1.6989473384e-02 -9.7553835200e-02 -1.0058639935e-01 3.6324253388e-02 1.0523206625e-01 1.7581572944e-02 7.0750940812e-02 6.8126058209e-02 8.2484397109e-02 -3.7612137581e-02 -3.3341762829e-02 1.5014181123e-01 2.2502915658e-02 -1.5213866980e-02 -2.5404288279e-02 -4.4839019377e-02 -7.6117371088e-02 -2.0383648428e-04 -1.2060432438e-02
6.5401675323e-02 1.6742203043e-01 2.6316198084e-01 -3.3507896485e-02 1.9345555336e-01 -1.1860523270e-01 2.3459094934e-01 9.4661382804e-03 -3.5326317549e-02 -8.2289033093e-02 -6.6806150616e-02 1.2949326618e-02 2.6145018021e-02 8.2949565867e-02 -6.2447294324e-02 6.5562434314e-03 -4.9117980939e-02 -1.3689205503e-01 -9.8407240648e-02
5.3968483567e-02 9.7446432411e-02 3.7177660702e-02 1.8610932640e-01 2.7325402332e-02 1.1743329043e-01 3.7898681938e-02 2.8674742253e-02 -7.8326867292e-02 2.1107531470e-02 2.3115271958e-02 8.8224249422e-02 6.3040231703e-02 1.2604715986e-01 -6.0930915053e-03 -2.6761735408e-02 2.7187072833e-03 1.0495057246e-01 -2.9052393003e-02
5.2651405308e-02 -8.8777938369e-02 -1.0544026025e-01 2.1915313524e-01 -1.7761045737e-01 2.1161918688e-01 -6.7578098297e-02 6.9284249912e-02 1.0521500667e-01 1.5231757554e-01 -9.6578608421e-02 2.2448172810e-01 7.5537248785e-02 1.4425997778e-01 1.4880391565e-01 -7.7654701799e-02 4.9612467305e-02 2.2518505245e-01 -2.0044259804e-02
1.5512893448e-01 -8.9556376501e-02 -2.2769397774e-02 1.0804853170e-01 5.7699396568e-02 2.8067826965e-02 5.3231851288e-02 -4.5530687932e-02 -2.1867125283e-02 1.6659628767e-01 3.5488517108e-03 -9.2692611213e-03 -9.2843178834e-02 1.3033044466e-01 7.3927042496e-02 -8.6504264104e-02 -2.1691558364e-01 2.3900678374e-02 -6.9955592196e-02
-1.2447252419e-01 5.3511311268e-02 1.8208762761e-02 9.3045844263e-02 -2.6361074549e-02 -4.8174517488e-02 -4.5796012827e-02 -6.5255363664e-03 -6.7432425377e-02 -1.2976128056e-01 2.2550612375e-02 3.4701330418e-03 3.5554431283e-02 -2.7695965307e-02 2.5841857546e-02 1.5020104045e-02 5.5628314159e-02 1.1026225593e-01 -1.8401535482e-02
1.6657014554e-01 -1.0113611949e-01 -3.8782153948e-02 1.3512551057e-01 -1.0544686580e-01 1.1071655965e-01 -1.4859650700e-01 -7.8201946822e-03 -1.2897969747e-01 1.5123455738e-01 7.6918343501e-02 1.1857494753e-01 -1.7431977422e-02 1.8043632112e-01 6.8115962413e-02 1.7842155068e-02 -8.7330990780e-02 1.7856254147e-01 -7.9072407767e-02
4.6324498411e-03 2.1374454127e-01 2.4336201896e-01 8.0712061412e-02 9.6664571457e-02 1.9478288829e-01 1.2346342013e-01 -6.7150673065e-02 -4.4382100221e-02 1.0334060711e-01 -1.1734230753e-02 -1.6274499071e-02 -1.0325041303e-01 -2.3945982515e-03 3.2979431472e-02 -9.4917856176e-02 1.3085223090e-01 6.7162395077e-02 3.1973943928e-02
-2.2503327271e-03 -1.9913216479e-02 -7.5382096116e-02 -4.9905297749e-02 -4.4671516154e-02 -7.2451130116e-03 1.7976755228e-01 -7.4704865831e-02 -3.4850429132e-02 -3.4126310697e-02 3.9313823867e-02 6.3303408031e-02 1.4094226863e-01 -2.1319995876e-03 1.1210468486e-01 1.8755487666e-01 3.1697400452e-02 -2.9849456346e-02 9.7684096919e-02
-3.0156974457e-02 -5.4843743742e-02 -8.3023529197e-02 -4.1108045720e-02 1.0496161522e-01 3.0982717693e-02 2.2001613078e-02 1.0166605853e-01 2.8009900852e-02 8.6355033556e-02 -1.9456030286e-02 8.1026548012e-02 5.9092080828e-02 3.1317872448e-02 -1.1364639510e-01 -1.1647746188e-01 -4.5618066550e-02 8.5682502339e-02 1.4519194266e-03
7.3481113688e-02 7.5579222823e-02 -7.4063427122e-02 4.5808999276e-02 2.9689423031e-02 1.6752717018e-02 1.0179220236e-01 -1.2935934425e-02 -9.4286360942e-02 6.3471043119e-03 5.4611676163e-02 -2.8649140330e-02 -3.4583441064e-02 -5.4769159342e-02 1.6929214801e-02 -1.3583493639e-03 -4.1235301057e-02 1.8331203917e-03 1.9224921794e-02
3.1492260098e-02 7.6642270831e-02 2.3966548208e-01 -1.9018122092e-01 2.6109562203e-01 2.3725785171e-04 2.4443784504e-01 5.7860630710e-02 3.0727014964e-03 -1.8692603495e-01 -5.1542991776e-02 -1.3021218952e-01 -2.0217682678e-02 -4.6212460190e-02 -1.1781285812e-01 2.8959221575e-02 3.7589286135e-02 -5.7811388727e-02 -7.4665768194e-02
5.0884326992e-02 -7.0275406458e-03 6.6279312486e-02 1.1556011125e-02 1.7406400268e-02 1.6387340358e-02 -3.8223953705e-02 -5.6007546052e-02 -8.9603364951e-02 1.2694859056e-01 -2.1478692217e-02 -7.8413844666e-02 -1.0153012573e-01 3.3831868855e-02 1.3406695566e-03 2.1907685024e-02 3.3030215185e-02 6.4808889363e-02 -5.5479836830e-03
-6.2925725687e-02 9.2508600389e-02 5.2021484621e-02 -7.3527291135e-02 1.2659278413e-03 3.1969141015e-02 -4.5168569815e-02 6.6768547851e-02 -4.3941989361e-02 -6.9316055707e-03 4.1149157611e-02 -2.2639148422e-02 5.3851463742e-02 -9.0445369495e-02 4.9910089675e-04 -3.1680433916e-02 -4.3459429662e-02 1.4772315719e-01 2.6443094321e-02
1.7633192271e-01 -8.7103140731e-02 -8.0918490965e-02 1.3769175272e-01 -1.1845354285e-01 9.9539721502e-02 -4.9564209545e-02 4.0343287973e-02 -3.0928459152e-02 1.0273294649e-01 7.4770338674e-03 1.2182839111e-01 -2.8452337516e-02 1.3429998968e-01 2.0550030195e-01 -8.4834078645e-02 -1.7614643362e-02 1.8303583168e-01 8.1495804393e-02
-7.8789174848e-02 1.8641002792e-01 1.0807862347e-01 1.0596751275e-01 1.7007786409e-01 -1.9168334100e-02 9.6661777049e-02 -4.6261639086e-02 2.6175591796e-02 -9.4768698616e-02 -1.0524285712e-03 -1.4581143492e-01 9.0326692852e-02 1.9116048323e-02 -5.3863720337e-02 -3.5872465970e-02 -8.9885125502e-03 -3.9059014939e-02 -9.2374148398e-02
1.2942738820e-01 -1.5298773751e-01 -1.5872381222e-01 1.7312864881e-01 -1.5209812865e-01 1.9064816546e-01 -1.0461533769e-01 -4.0749116702e-02 -1.5515330446e-02 2.7473903459e-01 -4.2455448233e-02 2.4519834056e-01 2.2322786987e-02 3.3641793566e-02 9.7657535447e-02 8.5777087875e-02 -4.5510024499e-03 1.5312417885e-01 -6.5203497932e-02
1.0131202036e-02 1.3787289204e-01 3.7081411746e-02 -4.7848252337e-02 -2.2116382366e-02 2.9458499429e-02 1.3736081682e-01 -2.6325131727e-02 9.4709946930e-02 2.8394638824e-02 -6.7543682652e-02 -5.8338948169e-02 -6.9286434012e-02 6.6761658945e-02 -7.3149018167e-02 -3.6987434296e-02 6.2926056444e-02 -1.1286405931e-02 -5.3181535038e-02
