-3.7583546800e-02 3.3297663511e-02 6.5073621129e-02 1.3806782866e-02 -7.1131029421e-02 4.2360972976e-02 -1.6607838877e-01 -1.3594501793e-01 3.4166247333e-02 -2.4570373413e-02 -2.1223444591e-02 -7.0053641110e-02 4.3889249977e-02 7.2608940545e-02 4.9983484099e-02 -3.0908868877e-03 -4.3673176039e-02 -3.5509926578e-02
-7.3026425165e-02 -2.8799905210e-02 1.2572222680e-01 1.0582460934e-01 -2.2986977253e-02 -8.7978572158e-02 1.9668786149e-01 -1.9538519241e-01 9.3332802279e-02 -3.2999916382e-02 1.7468151076e-01 1.5536555127e-01 1.0119755688e-01 -4.7485957938e-02 6.2183928325e-02 1.2674047539e-01 2.0806871820e-02 1.1059551570e-01
6.4116311554e-02 -8.1972665817e-02 3.7293419569e-02 -2.9681900552e-02 -4.9898572171e-03 1.6480747131e-02 7.1175063533e-02 9.1709874181e-02 -3.3206419571e-02 6.9406446041e-02 7.6973524895e-02 -1.0419163436e-01 -4.7598985572e-02 -4.2406443014e-02 -2.7737267294e-02 1.2352160675e-01 -1.0156705375e-01 4.9709901877e-02
-4.5415480213e-02 1.3653072853e-02 -9.3509588833e-03 -4.5299310996e-02 -1.5696621687e-02 -2.2218188714e-02 -9.6915413614e-02 -1.6906980642e-02 4.1169634986e-03 -1.6165959670e-02 9.4407182342e-02 -2.3453167567e-02 -6.4588737898e-02 -2.6014206503e-02 -2.7346229748e-03 -3.0485600931e-02 8.0619993178e-02 -4.0360397183e-02
-6.9528406528e-02 6.4090224062e-02 -5.8223156976e-02 5.9566498977e-02 6.8988459538e-02 1.3715363474e-01 7.4347609503e-02 -9.5801281868e-02 -7.5602384694e-03 5.2144049353e-02 2.2201483564e-02 4.3304912034e-02 6.0643574919e-03 4.8768670412e-02 2.6807517242e-02 -1.1101511432e-01 -9.3313920473e-02 -4.3213927697e-02
-1.1854063685e-01 1.2641914968e-01 -2.3058185799e-02 1.8232349036e-02 5.6015965732e-02 -9.6187378828e-02 4.7831474558e-02 6.3887899226e-02 -1.4383729669e-02 4.6336578159e-02 -3.7286898151e-02 -4.7969940838e-02 -4.0690123190e-02 -6.7206548098e-02 6.8610280794e-02 -7.6632733354e-02 -3.5875294078e-02 2.8015568421e-02
-1.0905473923e-01 -6.4061676551e-02 -1.3631661054e-01 -2.1082360233e-01 2.1139664756e-01 -5.8871093354e-02 -1.8024301301e-01 2.3335054611e-01 -9.6267170891e-02 -3.9255514284e-02 -1.5727821732e-01 -1.8040048646e-01 2.3597323676e-01 1.5381500036e-01 2.7735010852e-02 -2.7092557072e-01 -5.2777862014e-02 9.6427722209e-02
7.4427326930e-02 4.7320998859e-02 2.7093369371e-02 -5.9886873175e-02 4.1245078254e-02 4.9641410784e-02 4.1541118489e-03 -4.1389496746e-03 2.2196286493e-02 6.0912394886e-02 8.0766061441e-02 2.4148695930e-02 1.5558441153e-01 -2.6182788435e-02 -5.7935473921e-02 -5.4786951126e-04 -4.2616119699e-02 6.9150179884e-02
-5.1873507835e-02 -3.9519500148e-02 -2.8903304914e-01 -1.2633082321e-01 2.4609331473e-01 -1.3585401334e-01 -1.4931564963e-01 2.3073283384e-01 -1.0923044893e-01 4.2869233758e-02 -1.1095453458e-01 -1.4605355175e-01 3.3772206250e-01 1.2673951411e-01 1.4454956311e-02 -1.5895446359e-01 -9.8930231484e-02 1.8606001270e-02
4.4625526390e-02 -8.0957306834e-02 7.6335166861e-02 1.4099740210e-01 5.9062117699e-02 -6.6613877727e-03 8.5603446402e-02 -1.6368216395e-01 2.0907462548e-01 7.8113639786e-02 -8.5504659826e-02 9.5134158479e-02 1.2470206863e-01 1.1256611147e-02 1.7726035010e-02 1.6934538794e-01 -9.9862977735e-02 -2.1723188352e-02
-4.2148334079e-02 -1.1451144290e-01 -1.6965790768e-02 -8.1811941871e-03 6.9987215112e-02 -8.5523668556e-02 4.7217207811e-02 4.3719364679e-03 1.7534536060e-02 -1.0899763056e-01 -5.3533136740e-02 -4.6831015237e-02 1.2888040995e-01 8.7968080516e-02 -1.2297406906e-02 8.2487273057e-02 -3.1498870324e-02 5.1186717103e-02
8.3159037446e-03 -9.7938107829e-02 -1.6101672874e-02 -2.7369519605e-03 2.8335189313e-04 -1.1983516610e-02 -1.0325448468e-01 -1.2249065865e-01 -9.1682103251e-03 -5.0903722961e-02 -2.0464397840e-03 -7.5496946796e-02 6.4749260102e-02 3.8766619105e-02 1.9883780541e-03 -8.0682729157e-02 7.1039488759e-02 6.3703842599e-02
9.3159845449e-02 -9.3155951933e-02 -1.6125652288e-01 -1.5229473269e-01 1.0452198470e-01 1.9680595057e-02 -6.0901068093e-02 4.7327323906e-02 -8.1432127558e-02 4.8658420839e-02 -5.2244863338e-02 -1.5893449842e-01 8.6294778018e-02 1.3050568931e-01 2.3577722440e-02 -2.1473254250e-01 6.6419807562e-02 -4.2795389212e-02
-1.4626273791e-02 -1.2143978794e-01 -1.3207451743e-01 -1.3814867400e-01 1.0242540170e-01 -4.3392665656e-02 -4.4215293427e-02 1.7957265434e-01 -1.5484231182e-02 -8.4241450908e-02 -1.1198930852e-01 -1.2228831129e-01 1.2469427850e-01 1.0194848917e-01 -4.0491220853e-02 -6.1203132540e-02 -1.9505500110e-02 -1.8112715294e-04
1.0321731033e-01 -4.6074554935e-02 -1.5403760140e-01 -1.6220666987e-01 2.1594554039e-01 1.2038841018e-02 -2.1012750915e-01 2.9053775186e-01 -1.1067114624e-01 -5.7874480375e-02 -2.6539787668e-01 -2.0097782123e-01 1.8155197711e-01 2.5801412403e-01 -6.7248404028e-02 -2.6092789723e-01 4.5176924678e-02 8.8633246371e-02
-1.1860702446e-01 1.0086807708e-01 1.8910849423e-01 1.3984735967e-01 -3.1469326054e-02 -2.5631771257e-02 4.0569319375e-02 3.1006390779e-02 8.2952535164e-02 3.6356652912e-02 6.3209507716e-02 8.5593326986e-02 3.2959856933e-02 -7.1818448130e-02 -9.8255135585e-02 1.9767222081e-01 -1.1318583970e-01 2.7258269667e-01
2.9402048220e-02 -4.0636600067e-04 -9.1464253208e-02 -1.2596078779e-01 1.2303968953e-01 -9.4267545346e-02 -1.5219996452e-01 2.1378426709e-01 -2.0289726950e-02 -1.4215016770e-01 2.2289240963e-01 -1.4591755539e-01 1.7027230710e-01 1.6458419035e-01 -6.0080339036e-03 -3.7005844120e-02 1.2110179170e-01 1.5563559926e-01
-4.9792190050e-02 3.9720042945e-03 5.9859362187e-02 8.3189580566e-02 -6.8857562840e-02 -1.1051320067e-02 1.9429510873e-01 -1.1716377408e-01 2.2902559522e-01 -8.5667847789e-02 3.3769371396e-03 1.5984122611e-01 8.4387809066e-02 -3.8197918338e-02 1.1221264243e-01 1.8945786090e-01 -6.8661390543e-02 1.8085877066e-01
