-7.9385501653e-02 2.2808907169e-01 -1.6763926248e-01 1.0153927498e-01 1.8272685270e-02 1.1733269001e-01 1.3938940441e-01 -3.9106717525e-02 -7.2297553372e-02 2.2473436223e-01 -1.9212477617e-02 -4.2858764240e-02 7.7629673160e-02 1.4843297049e-01 7.0589316083e-02 -4.8744555911e-02 -2.6972364274e-02 -3.6506928777e-02 4.2322222521e-02
-2.1766927813e-02 -1.8605013311e-01 4.6004401890e-02 -2.2276809453e-02 1.5484136489e-01 -1.7723296910e-01 1.8984991776e-01 1.6080858483e-01 1.6882209407e-01 1.6576571690e-01 -1.3009688915e-02 -1.3397980795e-01 2.9118782522e-01 2.3922269537e-01 -8.8565103535e-02 -1.2891860005e-01 -6.9691554887e-02 -8.1439950485e-03 1.5780903512e-01
-4.6976111836e-02 1.9796358526e-01 -1.0710863078e-01 3.0652839319e-01 -2.7003498443e-02 1.6806579023e-01 3.5387920609e-01 -1.0455791591e-01 -1.8398623497e-01 5.3515755843e-01 -9.6646691928e-02 2.9392345470e-01 -1.1525013189e-01 1.7667700479e-02 3.3510961530e-01 -8.4423551315e-02 -4.2373768639e-02 -1.1683917701e-01 -8.5854386647e-02
-5.3700265836e-02 1.9020606167e-02 -6.7553561566e-03 2.1746773479e-01 1.0558234956e-01 1.2065392648e-01 -4.4868234191e-02 1.0737665575e-02 -1.6328375289e-01 -3.3863663440e-02 -1.6371250082e-02 -2.3390328082e-02 5.7278556170e-02 5.3120109307e-05 1.8228900707e-02 -1.0510483810e-01 -1.9396719627e-03 -1.2070938554e-01 -6.5554601429e-02
1.1289655580e-02 -4.6397201594e-02 4.5116124410e-02 -8.2206650351e-02 2.1032358740e-01 -2.8994932382e-02 6.7553226056e-02 1.7123214832e-01 1.2702875648e-01 1.0716301053e-01 1.5246106372e-01 -6.1027006699e-04 6.0755087350e-02 1.5598885200e-01 -1.0992842231e-01 6.1544100469e-02 -1.2332745143e-01 -4.8337029432e-02 9.9441239003e-02
3.5014764828e-02 2.7743173025e-01 -1.5080087556e-01 3.3101562868e-01 2.4251655962e-02 1.8144641636e-01 3.7284576961e-01 -2.3117109431e-01 -2.0642858428e-01 7.0465136057e-01 -3.2176152802e-01 3.3239943892e-01 -2.6776401549e-01 -3.5370967449e-02 4.0499829167e-01 -7.4745257986e-02 -6.1212400365e-03 -3.0497936045e-02 -1.6600325595e-01
-2.4470593769e-02 -8.0999531879e-02 8.3417522331e-02 7.9714824628e-02 2.1485869709e-01 -3.4280285996e-02 2.0934138332e-02 8.1513498242e-02 7.7157373943e-02 1.8176026458e-01 1.2845868083e-01 -3.0817723502e-02 8.4934704798e-02 3.1623698722e-02 -1.0983504998e-02 -1.0927047252e-01 -3.2282062684e-02 -4.7004764835e-02 1.0294177794e-01
4.5579790160e-02 1.2500756481e-01 -2.4406176286e-02 5.6156974886e-02 -6.0129544486e-02 -4.5065048479e-02 7.7648206638e-02 -4.2394940019e-02 1.2268224426e-01 8.0803277223e-04 4.2161939006e-02 4.8969322804e-02 -7.7197906056e-02 -2.1971493140e-02 -1.1656443858e-02 4.3947356710e-02 8.0804056014e-02 5.5088448265e-02 -7.0532800726e-02
-2.2924263293e-02 6.7504324838e-02 -2.8835610074e-02 7.2795771310e-02 -7.6441579061e-02 1.3214861702e-01 1.9818575017e-01 -8.0623354327e-02 -4.4838632244e-02 3.1291166400e-01 -1.5864764190e-01 9.1902147678e-02 1.7762978248e-03 3.2736573619e-02 1.0593627059e-01 1.3488432110e-02 7.9264771910e-02 -2.6323484374e-02 -9.9359409157e-02
-8.7529639628e-03 -1.0732180963e-01 -1.0803111897e-01 -1.4523254987e-01 2.0414230519e-01 -5.4756498503e-02 1.4012172083e-01 1.8091659289e-01 1.7674872832e-01 2.4508035303e-01 1.6328026022e-01 -1.3950361327e-01 2.5204840317e-01 2.5497398686e-01 -5.9253540796e-02 -1.9964920682e-02 -2.4333182285e-02 -1.9440500444e-02 6.5933216122e-02
-9.3745286495e-03 3.8349796118e-02 1.0744550514e-01 -6.1209553670e-02 1.1910662405e-01 -4.4056067606e-02 5.8791316572e-02 7.2110295823e-02 1.1471450078e-01 2.0039931255e-01 2.4100505283e-01 -4.4954710161e-02 1.9203367846e-01 1.7944255122e-01 -5.8896039947e-02 1.7732294898e-02 -3.9246018726e-03 2.5411913730e-02 7.0117387545e-02
-7.4027924249e-02 1.8514460046e-01 -1.0483122934e-01 2.0635367960e-01 -3.6203260214e-02 1.1972277213e-01 1.9296373411e-01 -5.5107044476e-02 -2.2052189339e-02 2.7967582147e-01 -5.9453764410e-02 2.5267051588e-01 -4.5622884571e-02 7.7866298252e-02 2.4061894847e-01 3.7422536850e-02 -5.4454983880e-02 7.3525822393e-02 -2.1750146622e-01
-9.0893947440e-02 -1.3795711821e-01 2.8847269101e-02 -8.1089114831e-02 1.2458328555e-01 -8.9323777136e-02 7.9328768520e-03 1.1441351547e-01 1.4129104630e-01 1.3092555167e-01 1.4624799394e-01 -1.0692271065e-01 2.7275647208e-01 2.8794806115e-02 -1.8223863546e-01 -6.5109504538e-02 -1.0983920115e-01 -1.8292766169e-01 1.6045514092e-01
-4.0120217298e-02 3.6668741632e-02 -1.1642434023e-01 9.1477963691e-02 2.5707760128e-02 1.6431371889e-02 2.6795450930e-01 -1.0720985121e-02 3.7063763543e-02 1.0825548882e-01 -1.3290605132e-01 1.1099190434e-01 4.7315619585e-03 1.2546434563e-01 8.9717291131e-02 -1.5291037425e-01 -5.2767431631e-02 4.8267841244e-02 1.0384820281e-01
-4.8766822031e-05 5.0084092289e-02 -5.6603587435e-02 7.6635965927e-02 3.6501172825e-04 -8.5191830545e-03 2.7560222762e-01 5.8895585573e-02 8.9883874243e-02 1.7688664369e-01 4.6902194626e-02 -1.2780154479e-05 8.7965841702e-02 7.9199104049e-02 4.1155321480e-02 3.7435689180e-02 -6.5163060980e-02 -4.8891522953e-02 1.2050993020e-01
5.8613660295e-02 -7.5121487540e-02 -5.8458220525e-02 8.7387937633e-02 1.1311061896e-01 -1.1537737461e-01 5.3099807190e-02 6.5219654213e-02 1.0711626167e-01 1.1236307210e-01 9.6999771431e-02 3.1990680377e-02 1.5630929417e-01 1.1461915747e-01 -3.2080485251e-02 3.3744300797e-02 3.8333653063e-02 -3.1111957144e-02 9.8915647475e-02
6.4803343389e-02 1.8679247052e-02 2.0704897872e-02 1.5467435045e-02 -8.5344767929e-02 4.1607489443e-02 4.6143846158e-02 -3.7456907047e-02 1.5580576463e-02 -7.0961468715e-03 3.2914807653e-02 -4.8832461966e-02 -1.9064965237e-02 -4.7906435983e-02 -4.0113723254e-02 -2.3412105117e-02 1.5479062117e-01 -2.9278693193e-02 -2.6799683581e-02
1.4650294303e-02 -8.0401927425e-02 -4.9817856497e-02 1.0408123445e-01 -4.1544656500e-02 -1.0293278766e-01 -3.6503335847e-02 -3.5235067679e-02 1.1263906133e-01 4.5019362207e-02 -1.1276993565e-02 -1.0518544594e-01 1.0653520408e-01 2.1632846393e-03 3.6724328869e-02 1.1188068261e-02 1.3225593754e-01 1.7597341419e-01 2.9936294199e-02
-1.8284540224e-02 1.8822904209e-01 1.4909126455e-01 2.2923967818e-01 6.4025916546e-02 1.3164666825e-01 1.7224699782e-01 -2.0593029986e-02 -1.0931733967e-01 3.5243638640e-01 -1.4675109744e-01 1.9062629116e-01 1.5319139652e-02 3.7993437121e-02 1.3724355430e-01 -2.0471038932e-02 6.7564628894e-02 9.4448400726e-02 -1.0359970745e-01
