1.5981253846e-02 1.4572452110e-01 1.4899751839e-01 -4.2905658256e-02 -4.7201814796e-02 -3.7979424047e-02 4.4357094072e-02 4.4576043520e-02 -4.6217418383e-02 -1.2215076821e-02 7.4261554049e-02 4.2101209849e-02 -1.1083440788e-01 1.8871233065e-01 -8.0164915081e-02 2.7722611929e-04 -8.1855554358e-03 1.0312130426e-01 1.0222505430e-02
1.6927181337e-01 4.9815826221e-02 -1.7309823206e-01 2.4062481258e-01 -5.5552264931e-02 2.3509740581e-01 -1.1876470259e-02 2.4120783189e-01 -3.7990391088e-02 -2.0499168043e-03 3.7679352850e-02 -1.7199317841e-01 -2.2159790456e-01 1.3508124304e-01 1.1180160490e-01 4.7924236030e-02 -1.1338545024e-02 1.1933810368e-01 4.9583346545e-03
2.5172538336e-02 2.2350896857e-01 2.0564971642e-01 -2.5136850274e-01 -1.4319046652e-02 3.4268501867e-02 8.9994590572e-02 -8.2522013669e-01 -2.9492908733e-01 1.9503751289e-01 1.2007816561e-02 -4.5411140136e-02 -7.9925576836e-01 1.3712010199e-01 2.8634530848e-01 -3.1999638588e-02 -9.4148947652e-02 3.3935443842e-02 -3.3455732817e-03
9.2273488014e-02 1.1119109444e-01 1.2708859178e-01 4.7932400294e-03 2.8561053569e-02 -2.2034724556e-01 4.4197924537e-03 3.9576451938e-02 -1.1072993675e-01 2.0349936182e-01 -9.6931136946e-02 -4.1606778753e-03 -1.1515269691e-01 6.5148801825e-04 3.0610337515e-02 2.7303294408e-02 6.0422213401e-02 2.2969996520e-02 7.3855679509e-02
-1.2722109504e+00 -5.4377247133e-01 -5.3102483092e-02 -1.1575608109e+00 -6.5667427214e-02 -1.0685436592e+00 -8.0015163857e-01 1.0668164779e+00 1.0330562883e+00 -5.7067726937e-01 -2.8036838258e-02 -7.1625770422e-02 1.0348477652e+00 -8.1035171862e-01 -4.0093666071e-01 1.3958730111e-02 5.0265057874e-02 6.1222728949e-01 4.5554296817e-01
-1.7674677165e-01 -2.8839965414e-01 3.5251331418e-02 -7.9642867820e-02 -1.3715440699e-01 -1.1835309138e-01 -9.8285373307e-02 3.4826450369e-01 8.2279863304e-02 -2.4300901768e-02 -1.0238084012e-01 4.2457552014e-02 2.3534734681e-01 -1.1599496793e-01 1.0395050851e-02 -4.3111687803e-02 -1.4837775940e-02 4.8087823906e-02 3.5281627650e-01
-5.3175155574e-02 -2.4756332018e-01 -1.0323059270e-01 1.3458708387e-01 -2.0580275706e-02 1.1709293114e-01 5.2146145640e-03 1.7624443913e-01 8.8895370851e-02 -1.7060253716e-01 -7.7911406994e-02 8.9913341760e-02 5.3292328187e-02 -1.4330117034e-01 -2.2526310297e-01 2.1884270064e-02 7.6669759165e-02 1.6591117243e-01 1.2308759083e-01
8.4692171183e-02 1.2163057555e-03 -4.9161355439e-02 2.1612596793e-02 1.2576121573e-02 4.1299358338e-02 2.7374116535e-02 5.8142320208e-02 -1.5445940104e-02 -8.1536260383e-02 -9.3414009244e-02 -1.8147078088e-02 7.8563537576e-02 -6.4852506865e-02 -2.8911578465e-02 -9.2059880736e-03 -2.7420610719e-02 6.1604508356e-03 4.1588065350e-02
1.5099086811e-01 1.0948143075e-01 3.8300181423e-02 3.0989173180e-02 -4.3524970536e-02 -5.5403120589e-03 1.5822867625e-01 6.6914597687e-02 -8.7923740240e-02 8.0379073525e-02 -1.0246574136e-01 4.6596714749e-02 7.8502614635e-02 1.3374343068e-01 7.0918541783e-03 -6.5325977646e-02 4.0479229139e-02 2.9521514834e-02 4.4715843872e-02
4.9270195570e-02 2.9336900455e-01 4.5313979122e-01 -1.9480102180e-01 -1.0588952328e-02 -1.7266795170e-01 3.0883685521e-01 -2.4350584159e-01 -9.5482167352e-02 3.4280046518e-01 1.0542400625e-01 9.5556021775e-02 -5.9443246187e-02 3.0584208271e-01 3.2044339870e-01 -5.3171250428e-02 -2.5490489328e-02 -1.2064549823e-01 -2.4965736256e-01
7.3769765399e-03 1.0385921039e-01 2.3573520480e-01 2.6786864229e-02 -1.6916695537e-01 8.8738675104e-03 1.4635988443e-01 -2.1148675504e-02 6.8358851377e-02 -1.3519935359e-02 -2.2890706855e-02 -3.1940719073e-02 -1.4315287637e-01 7.9200925385e-02 2.9488055975e-02 1.5762606751e-02 -5.6833978981e-02 6.2102223370e-02 4.2458594240e-02
1.4363084940e-02 1.4860431666e-01 -1.1111732473e-01 2.8216588290e-02 5.2855259201e-02 1.7803629383e-02 -7.2520799297e-05 2.9804721755e-02 -2.5786883182e-02 -5.0338903857e-02 -3.5015943911e-02 -1.5884444443e-01 -7.5062869077e-02 -4.9342597942e-02 -1.3631864157e-02 1.7060034584e-02 1.2485506421e-01 -1.2481234150e-01 6.5799926370e-02
-1.7251349913e-01 -2.6745053638e-01 -2.6256009280e-01 -5.7628924686e-01 5.4897389437e-02 -3.4673663530e-01 -9.0057053308e-02 3.5570244847e-01 4.8273601995e-01 -3.7000484421e-01 1.4145968123e-02 1.7668798765e-02 2.4520871236e-01 -2.7376541823e-01 -3.7855692238e-02 3.3827665980e-03 8.2569057432e-02 2.2597316349e-01 7.2745377488e-01
-8.7045128023e-02 2.1010790786e-01 1.5970585906e-01 -5.3807807865e-03 -3.0016272393e-02 1.0910627462e-01 2.4174920710e-01 -7.2211845617e-02 -1.1391017548e-01 2.1701930437e-01 -1.7392015891e-01 -8.3128601413e-02 -2.3241934550e-01 1.7445495774e-01 2.5733732353e-01 -5.7106414545e-02 -3.2049281041e-02 -1.1124811952e-02 -1.6457172584e-01
-9.6716918827e-03 7.1829520887e-02 1.0482177118e-01 3.0739161974e-02 -2.3257186689e-02 5.0417581928e-02 2.9001868765e-02 -1.1673935531e-01 -1.1964632539e-01 6.4272515452e-02 -5.4801532830e-02 7.8215276218e-02 -4.5894573233e-01 6.4758045942e-02 1.6913677080e-02 3.8916365171e-02 6.3195060652e-02 -1.6331914169e-02 1.5323536054e-01
5.9623402107e-02 2.8233596087e-02 -1.6849410206e-02 -4.7677900886e-02 -4.8363129642e-02 8.7508591960e-03 2.7117609747e-02 4.0694796343e-02 6.6328988612e-02 -1.0716262980e-02 -1.7986086998e-01 -1.0800530961e-01 4.8309268661e-02 -6.9246262264e-03 -1.1651408562e-02 -2.6218664730e-02 2.6050908675e-02 -1.1623548336e-02 1.6307229564e-02
5.0831552404e-02 6.8326631289e-02 1.4047386568e-01 -3.0194534362e-02 -5.6551718960e-03 -9.4803691283e-02 4.3632580200e-02 6.7467597949e-02 -3.5143325708e-02 -8.3557868657e-03 -4.8865028776e-02 1.0223879784e-02 -5.9849758036e-04 9.0710941685e-02 -8.6898749752e-03 -6.3747101385e-02 -5.8986827040e-02 1.0564187073e-02 1.6317777795e-01
2.1982596079e-01 2.6742012337e-02 1.2079297435e-01 -2.2142183350e-02 2.9438846448e-02 -1.4410470474e-04 2.4633516195e-01 -2.2574992344e-02 6.8608748307e-02 5.9738751697e-02 1.6919377023e-01 5.9166504131e-02 7.2754132493e-02 1.1995978163e-01 -9.4265506712e-02 -1.1953391669e-01 2.8743353245e-02 -9.7732038041e-02 -1.7844152030e-01
1.7317722452e-01 -2.0282387319e-02 3.7079792636e-02 1.8919962077e-01 2.2089463648e-02 -1.4453645097e-02 1.6125515604e-01 1.4988976559e-01 7.2034714323e-02 1.3304063102e-01 -4.3186125710e-02 -2.5530528921e-02 9.4132903343e-02 1.4701826920e-02 -1.3178671800e-01 5.1892928090e-02 2.9640415969e-02 -6.8845464899e-02 1.7172665835e-02
