-2.1998271212e-02 1.6119091788e-02 -3.5854102250e-02 -2.2811160234e-02 4.5515768032e-02 1.6625750480e-02 -4.7966254676e-02 7.1823155818e-03 3.4268740776e-02 -5.7337049258e-02 -1.9199828365e-02 1.3435496586e-01 -8.2863174766e-02 -5.0775502041e-03 -3.6364465554e-02 -6.5558152189e-02 1.4039923805e-02 9.0813637677e-02 2.6656827833e-02
-8.4390336863e-02 -2.0499946400e-01 2.9170441223e-01 8.8348189496e-02 5.5883454207e-02 2.3260775123e-01 1.6888697463e-01 4.2457338997e-02 5.6507296582e-02 1.5832852566e-01 -1.7410217297e-01 -8.4103988347e-02 -2.5652544925e-02 7.6645763148e-02 -3.3160454292e-05 9.4875734458e-02 -2.4000924051e-02 -1.1612265939e-01 2.8878431627e-01
-1.3013986437e-01 -1.0729313506e-01 1.4320882494e-01 1.7698034271e-02 -2.1534641899e-02 1.7357381495e-01 1.4429238363e-01 5.7810286540e-02 7.1298912014e-02 9.6238254126e-02 -1.2012972914e-02 2.8215192086e-02 6.9738768747e-02 -4.3599879549e-02 -1.0041335232e-01 1.6473191261e-01 2.7652050656e-02 -5.9181743705e-02 1.4671998204e-01
-2.0809703287e-02 -6.2994526154e-02 1.1901224618e-01 4.1820462014e-02 5.8500897952e-02 -3.4947507597e-02 -8.4775537153e-03 -3.5197670158e-02 1.5736269411e-01 5.2599165231e-02 -1.2678105253e-01 1.1870567152e-02 -4.7055174916e-03 -9.1750467232e-02 2.5981138156e-03 4.9907408804e-02 5.7190456953e-04 -5.7507151144e-02 -1.3970845223e-02
-2.0361505407e-02 -5.2666584850e-02 4.0554009319e-01 5.1875793074e-01 -1.1680863626e-01 5.4824738874e-01 4.1768038756e-01 1.0859038993e-01 4.7037248700e-01 4.3228572365e-01 7.2669083335e-02 3.7102709314e-02 7.7588854208e-02 -7.2677898059e-02 -2.9101779904e-01 3.2567722970e-01 8.5715651914e-02 -8.0783641485e-02 3.4600070340e-01
-1.5940958518e-01 1.9490224941e-02 1.5492833040e-01 1.7417004281e-01 -6.5916683387e-02 1.3919770642e-02 7.5841706756e-02 -3.5562654129e-02 1.4597985471e-01 1.4816542535e-01 -1.3334139446e-01 5.2990717261e-04 -8.5660275328e-02 -5.6252324276e-02 -1.0673723519e-01 5.3122743907e-02 2.2533827618e-02 -9.6512924964e-02 1.3498820358e-01
-6.7483455443e-02 6.6713031319e-02 -1.3088566190e-01 -5.2927660489e-02 -2.3010447870e-02 -2.7288738479e-03 -2.6668456650e-02 -4.4231174000e-02 2.9633575084e-02 8.4259046985e-03 7.6160134927e-02 -5.4005909494e-02 9.7055443846e-02 -7.4185015005e-03 1.8419227322e-04 -1.7534484344e-02 8.2622574779e-02 5.0842632340e-02 1.4012704890e-03
5.8596988955e-03 -4.9107204816e-02 -1.1755173123e-01 4.0006595812e-02 7.9168826758e-02 3.6477368331e-02 -9.3134078447e-02 1.9026894611e-02 3.4318076776e-02 -2.0948859104e-02 -2.0485179625e-02 -1.3435907519e-02 4.3791763644e-02 4.1847304401e-02 -2.1060228486e-02 -4.2039633468e-02 -4.2418130776e-03 -6.0999175978e-02 -2.3543295011e-02
1.3693800464e-01 1.2156202292e-01 -1.6072879330e-01 -9.0906027533e-02 3.7814038599e-02 -6.9918787041e-02 -8.9841124609e-02 -2.9121053986e-02 -4.8319464787e-02 -1.9785293900e-01 1.4605027855e-01 -6.4056735101e-02 -1.7751010503e-02 -4.1262072661e-02 1.2117585273e-01 -1.3063892258e-01 1.1932096600e-01 9.3451362409e-02 -1.6991789603e-01
-7.9969526189e-02 -7.1667943478e-02 1.3888507735e-01 2.0122378230e-01 -1.9649073831e-02 6.6423981938e-02 8.8240002335e-02 4.0255703356e-02 9.4660704436e-02 1.6453903356e-01 -1.4310894532e-01 3.8358646043e-02 -7.7312451283e-02 4.0537606567e-02 -8.3234893443e-02 2.4778628870e-01 -8.8389381852e-02 -8.3602827222e-02 1.7915909034e-01
-7.0340940320e-02 8.6600467512e-03 2.0864291556e-02 2.5136201962e-02 1.7168638984e-01 1.1919702815e-01 9.0861219067e-02 4.9662777899e-02 5.6373290891e-02 5.0038287418e-02 -1.6215967014e-01 -2.5048861045e-02 -6.9005430680e-02 5.7775488173e-02 -1.5660795548e-01 8.0306310584e-02 -1.8595374138e-02 -1.0828646261e-01 1.6405704111e-01
1.1903989236e-01 6.8810661559e-02 6.7343095132e-02 4.2785551856e-02 8.3481021791e-03 5.9036895930e-02 2.2428192223e-02 1.2235139047e-01 7.7109590749e-02 9.1623522170e-02 -3.6053965013e-02 2.9845365621e-02 -1.0775233409e-02 1.3400928860e-03 -1.0999171142e-01 1.4570222093e-01 -3.4092859629e-02 4.8244258469e-02 1.3393858813e-01
7.2200166420e-02 6.5667666603e-02 5.8765610392e-02 3.9807463780e-02 -5.1899874351e-02 8.8413413387e-02 -8.9547357984e-02 6.5417936531e-02 -2.3994589619e-02 6.2870435995e-02 -6.0229411439e-02 2.8714659104e-02 2.8696396610e-02 -6.7541828665e-02 1.4837197013e-01 -2.7157379478e-02 -6.9274131979e-02 1.0011124204e-01 6.2346464618e-02
9.7533663189e-03 2.9927166066e-02 -1.2159591769e-01 -8.1047185428e-02 5.2604483087e-02 -1.6077042415e-01 1.0097698344e-01 -3.3901595141e-02 -3.2609330712e-02 2.3011796248e-02 2.7371308979e-02 8.9048024486e-02 -3.0067273418e-02 2.7965506163e-02 -2.3353287139e-02 1.2860272390e-02 3.9231394935e-02 4.8319917613e-03 -4.8825336735e-02
4.7722905117e-02 -3.8800282801e-03 -2.8262228785e-02 -9.1984395155e-02 -3.9516120049e-02 6.2962611671e-03 8.8186001887e-02 -5.8720250596e-02 -5.2453877743e-02 -3.1993965488e-02 1.2036431963e-01 -4.3020631942e-02 1.7589227177e-02 3.9264178950e-02 5.7045940076e-02 9.0701762833e-02 4.0255862936e-02 1.7816162704e-01 -1.0993788201e-01
5.3222460968e-02 1.1294791032e-01 -1.4380083257e-01 -4.8071044894e-02 3.2071838641e-03 7.0693109675e-03 -8.6967907703e-02 9.4971806851e-03 -1.0690246902e-01 -3.1360643977e-02 1.3953369935e-01 -7.5934940251e-02 3.8285140832e-02 -4.3992510279e-02 8.2296937723e-02 7.3232280105e-02 3.5832853709e-02 1.2591918719e-01 -9.6891720964e-02
2.0623155365e-02 -3.2075680664e-02 2.0993963117e-02 1.0900802661e-02 1.0743280468e-02 4.6829408183e-02 9.7485805401e-03 -3.9377381531e-03 5.0908726446e-03 3.8264107037e-02 -1.5070356317e-02 -3.5019350258e-02 -3.7820280994e-02 -5.7648229517e-03 1.7666384227e-02 4.0763087672e-02 -3.4864016033e-02 2.9889894609e-02 5.6249625192e-02
-7.0716104836e-03 -8.0294268681e-02 2.5930415785e-02 -9.3846899118e-02 6.9797529111e-02 -3.1163698166e-02 -9.6341999091e-03 3.6053928745e-02 2.1455048546e-02 2.3548140461e-02 1.4250696849e-02 1.1765860693e-02 2.2085205959e-02 2.4520864877e-02 4.1159716015e-02 8.6997457478e-02 5.1986557194e-03 4.8524132459e-03 6.7100303968e-02
-4.0956053411e-02 5.0409576769e-02 7.3198959785e-02 4.7074443317e-02 -1.3302763224e-01 -6.1084661391e-02 -2.1567008986e-02 -9.6792810838e-02 2.9346628079e-02 -4.5928006628e-02 2.4891126378e-02 3.6779975731e-02 4.4833711603e-02 -4.7252158550e-02 9.7410109088e-04 -4.1751749108e-02 5.3540037396e-02 -8.5213153989e-02 4.1940028944e-02
