6.2084601756e-02 -2.0201508644e-02 -2.0776080212e-01 7.7639554458e-02 4.8672707265e-03 1.8186920905e-01 3.6471573640e-02 -1.1627945369e-01 -3.2787581058e-02 -9.4872919835e-02 -2.9611908045e-01 2.2760476493e-01 -1.1000210358e-01 -3.1087337267e-02 1.0044014834e-02 -7.2760893589e-02 -6.5122232451e-02 -2.2637888143e-01
-6.9492961880e-02 2.0649228992e-02 1.2270305912e-01 5.4421966890e-02 -3.4448191363e-02 2.0048272941e-01 1.7555973348e-01 -1.5401183795e-02 -1.1604271161e-01 1.5666109693e-01 -2.1649566736e-01 1.3136642503e-01 -1.7537591447e-02 -1.4513751285e-01 1.4787986236e-01 8.0728484761e-02 -6.0807173713e-02 -1.2344876116e-01
2.6761389106e-01 7.3303690295e-02 2.7482182711e-01 -1.6650473788e-01 7.9521262465e-02 -1.5586396222e-01 -1.8177979341e-01 9.4078501799e-03 2.1024097822e-01 -1.6604090093e-01 2.5407018335e-01 8.8588393530e-03 1.3699012376e-01 8.4138284232e-02 -1.0406872089e-01 -1.0374649217e-03 1.1624175311e-02 2.0768443580e-01
-6.4015183501e-02 -2.0577057021e-02 1.0309328026e-01 2.8687943026e-01 1.4322118727e-02 1.4676832921e-01 1.7221218981e-01 1.3736453290e-01 2.6227898344e-02 7.6017403789e-02 -9.0365695131e-02 2.8964259228e-03 3.3353716522e-02 -9.6087621006e-02 1.1217879640e-01 -8.7372341784e-02 -1.4139337217e-01 7.4784585577e-03
-1.1853719117e-01 -1.3361932091e-01 1.5653709143e-01 1.1996757333e-01 -2.7296522940e-03 7.4086682448e-02 -4.2526784199e-03 1.5680574828e-01 2.2566140857e-02 1.9804281913e-01 7.9072580912e-03 -1.6376001718e-01 1.9318318195e-01 5.5756289657e-02 2.2801767583e-01 6.7770101088e-02 8.2168091894e-02 1.2779710784e-01
-5.2876658660e-02 -5.9139582077e-03 6.0522418010e-02 1.3053668251e-02 -2.4857506630e-02 -1.1301877017e-02 4.3416101762e-02 1.7271995508e-02 3.7037530509e-02 1.5262169970e-03 -1.3576991470e-01 -3.6358941311e-02 3.0700387133e-02 4.3161345030e-02 -3.8870764028e-02 5.0670576042e-02 4.8823891063e-02 -3.7041712574e-02
-8.5638858378e-02 4.7050778320e-02 3.0491204936e-02 7.3951001504e-02 -5.7872860985e-02 1.1271385999e-01 7.6965100272e-02 -2.6538874293e-02 -2.0218046021e-01 4.4532575418e-02 -1.9994002616e-01 4.7766076609e-02 -2.6817703412e-02 -1.6475532666e-02 1.1801358153e-01 2.3429152235e-02 2.7092534711e-02 2.4569740765e-02
-3.6198974365e-03 4.0886121294e-02 1.1772905848e-01 -1.4542080627e-01 7.0328109658e-03 3.8656389449e-02 9.2155852487e-02 1.3147805688e-01 9.4390420558e-02 6.5986146731e-02 1.4677778945e-01 -4.0825848886e-02 2.1429237626e-01 1.6320559000e-01 -2.8691867513e-02 -1.4663078153e-02 -2.5075520103e-02 4.2733071425e-02
5.3922771154e-02 -1.2323985860e-02 5.2118975883e-02 -5.9822912072e-02 -1.0957881385e-02 8.2375958018e-02 -2.0870154859e-02 9.9127571987e-03 2.4990009236e-02 2.1177493452e-02 4.9642714964e-02 -5.8308162026e-02 6.8216992800e-03 -3.0546305426e-02 -4.7217106831e-02 7.5284624202e-02 -6.0709842830e-02 -2.2820590218e-02
-6.0119924830e-02 -3.1127724934e-02 1.5357329484e-01 9.4702229112e-02 3.1438797392e-02 5.2214345315e-03 7.6308774205e-02 9.9537304098e-02 1.4858106290e-01 6.0721427483e-02 9.7464484004e-02 -7.8829827768e-02 8.4968340499e-02 8.7697349776e-02 4.6206570065e-02 -7.0899268772e-02 -1.8731194946e-01 9.2530381510e-02
4.1713946641e-01 1.0327919082e-01 -1.4432342208e-01 -1.9543215614e-01 -4.5206203741e-02 -2.3832539586e-01 -1.9839150667e-01 -2.9199238001e-01 2.3008896182e-01 -1.3369568817e-01 -9.1692187718e-02 2.8478984463e-01 -2.7033057016e-01 2.6028438861e-02 -3.3558437843e-01 4.6386239446e-02 -2.7119765722e-02 3.1619545465e-02
-1.2212280710e-01 -3.2615915122e-02 3.4543267619e-02 1.1638982546e-01 -7.1977015969e-02 3.7020239814e-02 2.1450955353e-01 1.3868528369e-01 -3.1293414361e-01 2.5461740926e-01 -1.4773926351e-01 3.0731214746e-02 -6.1492644403e-02 -7.9280699488e-02 1.0243389922e-01 -1.0919680219e-01 -1.0460027567e-01 -7.9780102103e-02
5.8458286753e-02 -1.3005014460e-01 1.4544429814e-01 9.4058686211e-02 9.5819815324e-02 -3.8603038429e-02 -9.9536459781e-02 1.1367316289e-01 1.0991853927e-01 3.1543102376e-02 1.9024032063e-01 -6.3026579101e-02 1.5168669227e-01 1.1902527660e-01 -2.3998911361e-02 1.3710349698e-02 -3.5110554362e-02 1.9675258360e-01
6.3577572265e-02 1.6982758918e-03 2.6214612688e-01 -1.0833879447e-02 -1.3113659648e-01 7.6576928947e-03 4.4586551513e-02 2.3445810776e-01 -2.8789107255e-02 5.4728090994e-02 1.3053561261e-01 9.1593067217e-03 1.3356778153e-01 7.8053066961e-02 1.0112385966e-01 -3.5692368552e-02 -3.0600005398e-02 1.8611618169e-01
-8.9138342258e-02 4.9775288011e-02 -3.1363688985e-02 -2.2911368631e-02 9.2530920242e-02 -1.2104556012e-01 -2.7369508215e-02 -4.3724402774e-02 1.7554887101e-02 -1.5136509055e-02 7.3010679688e-02 -1.5848580811e-02 5.4120191321e-03 3.8759809679e-02 7.7848014675e-02 -2.3602752160e-02 -6.0821170119e-02 -8.1143858590e-03
-3.4984440298e-02 2.6524743625e-02 1.0456210064e-01 -7.0336428343e-02 -6.4643258414e-02 -6.0077080764e-02 -1.1205057580e-01 1.2297209234e-01 1.0765692322e-01 -5.7963329444e-02 9.5158323169e-02 -2.6228157970e-02 3.4328889412e-02 2.0588407355e-02 -2.5477493975e-01 2.3758687715e-02 -1.2402234969e-01 1.4010447142e-01
-2.1287237650e-02 8.4101144797e-02 -1.2095975511e-01 6.7412040065e-02 2.5300617726e-02 -1.4040391328e-02 4.3534377426e-02 2.7032058037e-02 -1.4178773697e-02 -8.2842325007e-02 -2.7897232725e-02 3.2237794165e-02 -7.4714999757e-02 -2.7801130049e-02 4.1735460414e-03 -4.5618569044e-02 -6.1264137992e-02 6.1295024912e-02
6.2956830192e-02 1.5575202251e-02 -3.5612269144e-02 9.8875089772e-02 -1.0307388700e-02 6.0765423885e-02 -1.1592702017e-02 -6.1517552425e-02 1.6898786075e-02 -1.5420216279e-02 6.8252245716e-02 -5.0831237255e-03 -6.2240117719e-02 -3.5350557888e-02 2.9323765636e-02 8.9069326567e-02 -6.2378726506e-02 -6.7036371182e-02
