4.5569850528e-02 -6.0190291569e-02 -7.5030509345e-02 -3.6138775046e-02 -5.7005244867e-02 -7.5169882488e-02 -3.0968991050e-03 1.7243277788e-02 5.7376879221e-02 4.8522470064e-02 5.3841609940e-02 -1.6702551533e-02 -3.6826285146e-02 -8.3116347305e-04 1.1996353024e-01 3.5256177079e-02 -9.0512930498e-02 7.1217747788e-02
-1.5087216419e-01 4.4754601458e-02 6.7486688715e-02 4.7159034316e-02 6.2726742990e-02 -5.0025577541e-02 -1.0371366872e-01 -6.9952357343e-02 1.1511017243e-01 1.6901277362e-01 -1.2974082246e-01 1.6028671979e-02 2.1529434750e-02 1.7018538935e-02 -6.0813270765e-02 2.0734163101e-03 -1.7884310271e-02 2.6139312524e-02
9.9467262316e-02 -3.3842354143e-02 3.2164064981e-02 3.5744415478e-02 7.4880104219e-02 -5.3740118085e-02 -1.5609704240e-02 -4.0810369108e-02 -8.2932584189e-02 -3.0622453408e-02 4.9116031827e-02 -6.8050026770e-02 1.8637184858e-02 -2.8684840604e-02 2.9460777056e-02 5.0099233436e-02 -4.3412367602e-02 1.2283479834e-02
-4.8911779946e-02 5.5891304283e-02 -1.0961233407e-01 -6.2411859562e-02 -1.7385770230e-02 -5.5300522489e-02 1.4152669081e-01 2.3472951528e-01 1.3766569943e-01 1.6390374427e-02 -1.3227848542e-01 -7.3796951956e-02 -7.9715610639e-04 -1.2876677196e-01 3.2284029639e-02 2.0297811576e-01 1.8955943863e-01 -1.3288592267e-02
-6.3216086778e-04 -1.1640318538e-01 -1.3541967021e-01 3.3116420677e-03 5.1504553451e-02 3.9188821639e-03 1.8541928241e-01 1.3883987442e-01 2.2024562168e-01 -3.1087179806e-02 3.8082931436e-02 2.4203953372e-02 1.2788780947e-01 -6.5055702345e-02 1.9860137078e-02 2.4308584433e-01 2.2529721125e-01 -5.3819974025e-02
1.7088778877e-02 1.1442850934e-01 -1.3252987021e-02 -5.9496519543e-02 -1.5838622530e-01 -6.5931414013e-02 1.0990728356e-01 8.2042704549e-02 4.7240776028e-02 4.1121131459e-02 -1.4246097430e-02 -1.4353711220e-01 3.7439584621e-02 -4.8380164824e-02 9.4609253879e-02 1.0311219281e-01 8.5411640105e-02 1.8411990501e-03
-3.6582606141e-03 -1.8558744679e-01 -1.0792247518e-01 5.8575745036e-02 9.4117503629e-03 4.3010448092e-02 1.3801476627e-01 2.8420056982e-01 2.4477576721e-01 -3.5840630340e-02 -1.4516624404e-01 -4.4169817302e-03 -5.0569656660e-02 -9.9116336755e-02 -9.3934048876e-02 1.4248857746e-01 3.3215916103e-01 -4.4763615077e-02
-1.0752070086e-01 -1.0740356431e-01 1.3517127188e-02 1.7609048715e-02 -4.2026293792e-02 -8.5305608443e-02 8.2472269166e-02 1.9521273824e-02 -4.2769833287e-02 1.7902272437e-03 1.1956406106e-01 -2.0450343947e-02 9.9460880856e-03 4.6656058906e-04 -7.3531158442e-02 3.5729052777e-03 7.8584949404e-03 6.1857097378e-02
-4.6863054629e-02 -9.2511540726e-02 8.7040121248e-02 2.2291810067e-02 8.3789183974e-04 1.0457264936e-01 5.4423963506e-02 -1.8975737096e-02 -1.1960514897e-01 -7.9856770108e-02 1.3286727172e-01 -4.1766271676e-02 1.7001062536e-03 -3.2363471604e-03 8.3263522405e-02 1.0077049427e-02 3.9514732745e-02 -8.5580156654e-02
9.2267147554e-02 -4.6837870917e-02 -1.2414895654e-01 -8.3907185789e-02 1.7617680420e-02 2.2620813183e-02 -1.2197597350e-02 4.3423054332e-03 -9.6240643026e-02 2.2328627373e-02 -1.6735182682e-02 5.4217444956e-02 -6.7967107734e-02 -2.0561250796e-02 -4.5407971044e-02 -3.0600436205e-02 3.1727602928e-02 -2.3170433580e-02
1.9467782328e-02 -7.6007997294e-03 -1.1927457154e-01 2.1433201434e-02 -6.1262565480e-02 7.5723994212e-02 2.1416724882e-01 1.0090591617e-01 6.5278350776e-02 7.8783476601e-02 4.1659867265e-02 -3.6248101568e-02 3.4848854718e-02 -5.5810244589e-02 -7.4585024921e-02 1.7850009145e-01 1.3474770324e-01 -8.0937892956e-02
-5.2766052155e-03 6.5477342824e-02 6.8042971634e-02 -5.1091558380e-02 -4.5810487579e-02 -3.4187376359e-02 -5.6432416499e-02 8.7574150704e-02 -1.1931333345e-02 -1.0971822136e-01 9.6993715591e-02 3.9084328505e-02 2.5475663640e-02 -3.6481319446e-02 8.0928689298e-02 9.3104310703e-03 -1.7020086090e-03 1.1883695330e-02
8.1196469361e-02 9.6806849479e-03 1.2466602606e-01 -5.7624474038e-02 3.6195273979e-02 -2.3646678846e-02 -6.5880196481e-02 8.1449182646e-02 -1.5978557531e-02 -4.5668800337e-02 -6.3961925153e-02 1.4674221994e-01 -3.0736555152e-02 -3.2361578877e-03 4.6513043362e-02 -1.5654179394e-01 -1.9253836883e-02 3.7061744518e-03
4.6832668611e-02 1.0909428846e-01 3.5344129436e-02 2.5712205985e-02 -1.0083787772e-02 -1.3215237378e-01 7.6484149046e-02 3.5912275587e-02 9.0769716497e-02 -7.4040574811e-02 -7.4703174586e-02 -5.8730095048e-02 4.9217964845e-03 -5.9422415356e-02 1.0346172590e-01 1.3486601062e-01 5.3562218623e-02 -3.8311947778e-02
-5.5265142900e-02 -6.6113919988e-02 8.1131401556e-02 3.0653554473e-02 -6.4190578048e-02 -4.5399172571e-02 7.7456408833e-03 -5.1351643367e-02 -3.7471509646e-02 -3.8604606942e-02 9.4210693835e-02 3.6253813970e-02 -2.4440789797e-03 8.4539446604e-02 2.7935570755e-02 -3.6545425824e-02 3.3628656932e-02 4.3384504672e-02
-4.2456166550e-02 2.5113690146e-01 1.2735140437e-01 -5.6945400098e-02 4.2486009566e-02 -5.3120174782e-02 -2.8261887414e-02 -1.1510596340e-02 -9.3846393905e-02 1.0915990459e-02 8.2833078668e-02 -2.3552118690e-02 -1.7722965714e-02 7.8069868671e-02 -3.3795449283e-02 -3.7908291620e-02 -6.4200710949e-02 -1.5814221843e-01
3.3655001469e-02 8.6458571617e-02 -1.0161309082e-01 -2.4656152083e-02 3.0805360786e-02 4.7054721733e-02 1.5559085056e-01 2.1489220569e-01 3.9446904716e-02 -6.0061261166e-02 7.2605275844e-03 -2.3826644867e-02 -4.6632107675e-02 -1.5293466807e-01 -7.9677560451e-02 4.9806481872e-02 6.7462900022e-02 1.0174057162e-01
1.0919772499e-01 5.4885613447e-02 1.0360263938e-01 -8.6166084232e-02 4.3627100019e-02 3.8992875613e-02 4.9756465563e-02 -6.2703387934e-02 -2.0638927061e-01 4.3802151302e-02 -5.3631121497e-02 -1.6500659314e-01 -1.6397077004e-01 1.0081358263e-01 1.0153052920e-01 -1.7738470207e-02 -2.4147499255e-02 7.3011119478e-02
