1.1539711737e-01 1.2862569292e-01 1.0038599173e-01 -1.8278198304e-03 -8.6152004153e-03 -1.9844040098e-02 1.4309627469e-02 7.4563712947e-03 -6.4031193499e-02 8.4385309089e-02 -1.1135337745e-01 1.2610469045e-01 1.3110121883e-01 1.6840018511e-01 -4.9228672932e-03 1.4977046584e-01 -3.1962361164e-02 -1.7351424005e-02 1.2427209708e-01
1.8297565956e-01 2.4111102508e-01 1.1037038004e-01 -6.7231140070e-02 1.2561026042e-01 -8.7919796202e-03 -1.5374416613e-01 -1.1675369239e-01 1.3873534239e-03 1.2842140118e-01 1.0437838417e-01 1.8844747171e-01 1.2756031448e-01 3.0519063329e-01 -6.7023622528e-02 1.1272388528e-01 -1.3731218275e-01 -3.0438137768e-02 1.8644586993e-01
9.8144127888e-02 1.6994451780e-02 7.8247546153e-03 6.5592579858e-02 -1.6606786879e-02 -5.4575178654e-02 -2.0802119873e-02 -6.6166223425e-02 -3.8709895745e-02 -3.1602601104e-03 2.0884725706e-02 4.7977099876e-02 -6.1442044293e-02 -1.2952943393e-02 -8.1899723345e-04 4.4354959054e-02 7.9674337489e-02 2.9988038013e-02 -4.9684849301e-03
-4.7895269380e-02 -3.9511449201e-02 6.8166587981e-02 -4.3078561226e-02 -2.3855457092e-02 -7.1644831711e-02 -1.3679541677e-02 1.8617623804e-02 -7.2987579403e-02 4.1018057728e-02 -3.3023550470e-02 2.8872303567e-02 -4.2127993900e-02 7.9672065292e-02 8.9387237993e-03 -1.8889420895e-02 -1.9453752091e-02 -4.4722545522e-02 -1.3314725676e-01
1.0574835152e-01 9.7652068602e-02 2.7054848641e-02 -6.8607897989e-02 -9.2440399476e-02 3.0090000401e-02 -5.3020692429e-02 -7.3170214579e-02 -4.6994653432e-02 6.9621061518e-02 7.3453855703e-02 5.6259164247e-02 1.3559915799e-01 1.5846019772e-01 2.0631128661e-02 1.8517761032e-01 -9.3514520361e-02 -8.6681274840e-03 1.2419864787e-01
8.1673925034e-02 1.4126617463e-02 -1.1640728962e-02 9.0413524516e-02 -1.3099827458e-02 -3.3135233998e-03 -1.0722544950e-01 1.2896787844e-01 2.8129141339e-02 5.0643678629e-02 -4.0274030445e-03 -4.0268829810e-02 6.3136824039e-02 -1.1183996781e-01 3.0326756027e-02 8.7263068669e-02 2.9209328593e-02 -6.1472254198e-02 -7.6445382458e-02
-6.0235624680e-02 -2.0109014759e-02 -1.1035410112e-01 -8.0964425468e-02 2.4877641216e-02 5.3415819965e-02 1.5120207671e-01 7.3478474434e-02 -6.8810349799e-02 -7.0857916902e-02 -2.3399433595e-02 2.0391661683e-01 -8.0974026834e-02 2.4420495894e-02 -3.9761182859e-02 -9.3086421891e-02 2.0749284661e-02 8.0347468391e-02 8.0299512283e-03
-5.3772014926e-04 1.0945885566e-01 1.0857509129e-01 -1.1520007846e-01 -9.9560999267e-03 5.3279646493e-02 -1.3674657580e-02 8.7078781528e-02 2.6963065911e-02 -2.1826785590e-02 2.7303340608e-02 9.6008968366e-02 8.9892952848e-02 8.5957702039e-02 -8.6983962629e-02 9.1842628762e-02 1.6816880385e-02 5.1161200166e-02 4.4926839681e-03
-1.1867178384e-01 -2.1487884079e-02 -1.1500331396e-02 -4.3806105003e-02 5.3764425545e-02 -6.5768006578e-02 3.1491336360e-02 3.1632440814e-02 -4.3620234263e-02 -1.2793021053e-01 -1.9014536988e-03 1.3763490197e-01 -7.8124437321e-02 -4.1490617232e-03 7.8856809193e-02 -2.7732926522e-02 -3.4393611952e-02 1.1207126286e-01 7.9992837842e-02
-8.9551449129e-02 8.2261698750e-02 -7.8552865506e-02 1.4948472467e-02 -5.3458203640e-02 3.7095793928e-02 1.1061209346e-02 5.5114086326e-02 1.8618540679e-02 -7.1113704762e-02 -8.4123366369e-02 1.8224482217e-01 6.3836227467e-03 1.8564974535e-02 -2.6139532651e-04 2.2968200887e-03 1.9396770362e-01 -4.2518161212e-02 1.8945821237e-02
-4.8576031102e-02 -5.2623470075e-03 -6.8585055927e-03 5.0316281738e-02 -8.3553584013e-02 -2.9267563823e-02 -5.7157086374e-02 -8.5260011251e-03 6.4184591592e-02 1.8322410935e-02 9.7162520303e-03 -6.8122386531e-02 -1.9203600572e-05 -3.4931800842e-02 2.0633960748e-02 1.6235306984e-02 -2.7557882237e-02 1.1127913949e-02 -5.0416254456e-02
-1.7238516130e-01 4.0670545196e-03 -1.0456640446e-01 -6.0769573685e-02 4.2169796207e-02 1.6213073113e-02 1.9553436594e-01 1.7310143302e-01 2.5016907175e-02 -8.9282310711e-02 -5.4978087349e-02 3.5981314698e-01 -8.7515393312e-02 -1.2945099733e-01 -2.0976419399e-03 -9.4653513795e-03 3.1355183082e-01 -5.3773984557e-02 5.8149619696e-03
6.0986606373e-03 -5.8437484725e-02 1.2750200338e-02 4.7491840486e-02 -9.6582987699e-02 -6.1732084838e-02 1.7101641790e-02 1.0168978504e-02 -6.7104375102e-02 1.6038985547e-02 -4.4360808517e-03 -6.9534383938e-02 -7.8798516638e-03 -8.2539975268e-02 4.8709424705e-02 2.6587506461e-02 6.3847920215e-02 1.0854132154e-01 4.8587582393e-03
9.7049033689e-03 1.8017629290e-02 -2.4989769629e-02 -6.3899108724e-02 1.0383778558e-01 -7.0415038560e-02 4.7692247032e-02 -3.1034362582e-02 -2.6580487587e-02 -4.0878627340e-02 -4.7965564772e-02 1.8792143236e-01 -7.6801580729e-04 3.5963827902e-02 -1.1223090402e-01 9.2852455044e-02 3.2239487019e-02 4.5272962663e-02 -4.1483107619e-02
-4.6200092361e-02 1.2660822455e-02 -5.8926560420e-02 -3.0969102454e-03 -2.0106535930e-03 -1.1417851753e-01 1.0406838961e-01 1.3080454100e-01 -1.2247033151e-02 -8.9844220716e-02 -2.2278117227e-03 1.1266878270e-01 -4.4252789078e-02 4.9538268124e-02 6.3867993391e-02 3.4659903101e-03 3.1483330939e-01 -4.4502135048e-02 7.8604185383e-03
1.5379257444e-01 1.0647286145e-01 1.5996077810e-01 -5.0884604299e-02 -1.0908119641e-02 -7.1444644847e-02 1.2449641776e-02 1.7905344116e-02 8.8921642687e-03 1.5727275513e-01 -1.0040428427e-01 7.2849165148e-02 1.2371588064e-01 8.6656898551e-02 -1.7808381414e-01 2.0189543857e-01 -7.1614404086e-02 1.6042336075e-02 1.6385745780e-01
2.4278940103e-02 7.1822436170e-02 -1.9860709681e-01 -5.3423102826e-02 -5.1802123671e-02 -2.2864520064e-02 7.6034233366e-02 2.1285086012e-02 2.5163708904e-02 1.6435718420e-02 1.0147425273e-01 -3.9287889906e-02 -8.6819083803e-02 8.6663902218e-03 -3.6264640525e-02 6.1062457166e-02 -7.8859616490e-03 -6.0796486033e-02 -1.4701470959e-01
-1.3350826166e-01 -5.8363702398e-02 2.2303847327e-02 7.9001656444e-02 7.8179986012e-02 -3.1246783994e-02 2.7221845715e-01 2.1776978143e-01 2.9735630823e-02 -2.7759498871e-02 8.1023279616e-02 4.1365619957e-01 -3.4431219277e-02 -9.5153186671e-02 -2.7926876734e-02 -8.6050361536e-03 3.1270285981e-01 5.9954124875e-02 -1.0924916638e-02
-1.0734511507e-01 -6.9989208415e-02 -2.6343832486e-02 2.2667307386e-02 -7.3420747103e-02 2.4927969848e-02 9.8210396212e-02 1.4814236300e-01 7.2413123202e-02 -4.7915070760e-02 3.0411169341e-02 2.0436300938e-01 1.2003540929e-02 1.4671299678e-01 -6.9085184032e-03 -4.3847887612e-03 9.4137459810e-02 2.2359478397e-03 -2.1190258484e-02
