-1.2872636314e-01 -1.1375447557e-02 2.1146525505e-01 -5.7415230027e-02 1.3118185527e-01 -6.4929198820e-02 1.0463890763e-03 8.4889649719e-03 1.1888264986e-01 -8.3235537502e-02 -2.8310666377e-02 1.9795833671e-01 -2.3511673126e-02 4.2691140355e-02 2.1321752560e-02 9.9362243650e-02 2.2424634801e-02 1.2069764306e-02 1.7239968860e-01
-9.4572301344e-03 -3.1671379616e-02 4.5386733239e-02 5.4495998203e-03 -1.3448581058e-01 -5.9338531531e-02 -1.6073171228e-02 -3.7478163988e-02 -1.7002412631e-01 1.5111816995e-01 1.8376701167e-02 -3.7889954332e-02 -1.2549177967e-01 6.9142449687e-02 2.7952900681e-02 2.4155670254e-02 2.3029286651e-01 4.7399550347e-02 -2.0369315375e-01
-8.3823297854e-03 -4.9661497128e-03 1.2829412592e-01 9.8041834267e-03 5.0744892602e-02 -7.0390084548e-02 -6.4634471847e-02 -1.1444496163e-01 -1.0472617419e-01 -2.7328072261e-02 4.2069744485e-02 1.3662814636e-01 -7.1287845580e-02 -1.3738557619e-02 -7.0052779039e-02 1.3141293719e-01 1.6688227573e-01 9.1806262318e-02 -9.3901977617e-02
-6.9305148024e-02 1.2517876656e-01 1.7371637181e-01 5.5459230924e-03 1.1456212111e-01 5.0462169915e-03 5.0142234907e-03 2.0733254396e-01 6.7651303828e-02 3.4147226122e-04 -1.8264298343e-02 3.0492992476e-01 1.9096933935e-01 -3.7581092716e-02 1.8560258284e-02 1.1910091973e-01 -1.7403995599e-01 7.8527874398e-03 1.3793834990e-01
-1.5603051029e-03 1.1699987763e-02 8.8690829842e-02 3.9307640966e-02 -4.2568260060e-02 -6.1398852777e-02 -4.1220799807e-02 2.1894095546e-02 -8.4848884469e-02 1.5051009280e-01 -2.9565057322e-02 8.5994517037e-02 -3.3274490348e-02 -1.1086510208e-01 5.5577954357e-02 -7.2222145333e-02 -9.2740329688e-03 -8.8700847308e-02 -2.3434732132e-02
4.4162690408e-02 1.2236512090e-02 2.3574053545e-01 -2.1937207317e-02 -5.9711264730e-02 -4.0443663061e-02 -3.3868292276e-02 -3.0403396282e-01 -2.5647238028e-01 1.6608935203e-01 8.1770597801e-02 -2.8708153906e-02 -1.9162377710e-01 -1.4492988156e-02 5.9391771975e-02 7.9316492916e-02 2.1925751686e-01 2.4334777198e-02 -2.8036907641e-01
-7.2738367521e-02 -8.0690635382e-02 1.4729464933e-01 1.2994479784e-02 -2.3481929221e-01 -3.2575868877e-02 1.3663814222e-03 -1.6144124454e-01 -1.7322268045e-01 4.7424929303e-03 -3.6385824213e-02 4.2465889036e-02 -1.7189231122e-02 -1.4941729182e-01 -7.0413898637e-02 -1.6152652580e-02 1.5856992836e-01 6.5942964587e-02 -1.6948665889e-01
-6.5313531334e-02 -1.9548609605e-01 1.3304852359e-01 6.1536495994e-02 9.5837307089e-02 -1.5844132540e-03 3.5101353202e-02 1.8393085263e-01 1.7371772414e-01 -7.0479103351e-02 5.0981672659e-02 1.8352488306e-01 1.4152250482e-01 -5.9004895829e-02 -4.3232554347e-02 1.9250107395e-01 -1.5708611980e-01 -1.4729018017e-01 1.6671583701e-01
2.8539297075e-03 -6.7741211676e-02 2.1842184475e-01 -2.5148352379e-02 4.2616208125e-02 -9.3723210720e-02 -4.4546326474e-02 6.6305335183e-02 -5.5304951249e-03 -4.1079612566e-02 1.2396637809e-02 2.7024932406e-01 5.6547393934e-02 1.7715707888e-02 -1.0664480633e-01 1.3503960434e-01 1.0449928944e-01 -3.5957383099e-02 6.5452151289e-02
7.3233675755e-02 -1.5997624729e-02 1.5408815716e-01 -3.4486098678e-03 3.1511611156e-01 3.9012691988e-02 -5.7409188221e-02 2.7558301839e-02 1.5512591836e-01 -5.4479500205e-02 -1.3206091410e-01 1.4934985127e-01 2.1012559051e-01 -6.1935303234e-02 -3.3348471759e-03 2.4369629089e-01 -1.1373853072e-01 -1.5078053711e-01 1.8810357274e-01
-2.3560780175e-02 -9.4574823302e-02 1.5978501924e-01 -2.4551580924e-02 2.0259578290e-01 -7.4684144696e-02 6.4622549738e-02 1.2901720234e-01 1.2735528608e-01 1.0692310336e-02 2.5761151198e-02 6.2588844036e-02 2.7177603459e-01 -1.7155686804e-02 -3.9881654653e-02 2.6501428326e-01 -7.6916882142e-02 -1.0493664602e-01 1.1797604709e-01
1.8305598207e-02 -8.0452005977e-02 2.1359952250e-01 7.2595747716e-02 4.6841194106e-02 6.4741115492e-02 6.2088159092e-02 4.5441526047e-02 4.0499175488e-02 6.8328934406e-02 7.1535315066e-02 1.1099353564e-01 1.1388854467e-01 7.3917696449e-03 -6.6454393807e-04 1.2179805977e-01 5.2702614856e-02 -1.2299290219e-01 9.9522981242e-02
-1.7804615677e-02 -2.2723187528e-02 1.1418150796e-01 -3.4545345720e-02 -3.4035385039e-02 1.0874286309e-03 -5.5927076720e-02 -9.7700221352e-02 -1.2545011320e-01 2.2313021454e-01 -3.9551335400e-02 -9.6462925189e-02 -1.4229227461e-01 -3.8722622588e-02 7.9374066895e-03 1.2802402675e-01 1.6817526212e-01 6.7342742285e-02 -1.8870226149e-01
3.4757133658e-02 -7.2669744038e-02 2.5470640772e-01 -3.5294871188e-02 1.7671184722e-01 4.1935253130e-02 -4.2937451536e-02 3.0397618172e-02 1.2072624926e-01 1.2330571763e-01 -1.0569353065e-01 1.6464207758e-01 1.6128617881e-01 3.1210816714e-02 7.9498307795e-03 4.8746209941e-02 -3.4889787507e-02 9.1197632919e-03 -6.9399463527e-03
4.0167772143e-02 -4.9956608838e-02 1.5404327479e-01 -6.2871985932e-02 2.1515612566e-02 -2.7725954506e-03 -7.9001578960e-03 1.3840222525e-01 2.0900229014e-01 -2.4888490677e-02 -1.8665394033e-02 1.9782712914e-01 1.1597373143e-01 -1.6785767069e-02 -6.0862230771e-02 1.8508382911e-01 7.6239871569e-02 -7.8366804520e-02 7.5564959844e-02
-1.5573601694e-02 4.9973833732e-02 2.5938191402e-01 3.7418622744e-02 7.6889812741e-03 5.2673446679e-02 6.4013842940e-02 8.0276697812e-02 1.1921266816e-01 -9.6445597392e-03 -7.6687710171e-02 2.1143624732e-01 1.1644109743e-02 -1.4472416779e-02 2.0892565585e-02 1.9144759628e-01 7.6249230874e-02 7.0225350996e-03 1.0844471745e-01
-2.0331468249e-02 -8.2108915554e-03 -3.5867306951e-02 -1.1426232464e-02 2.7295183515e-02 5.8149303621e-02 -2.3544463928e-02 -3.5648283274e-03 -1.0075195013e-01 7.0938104990e-02 -2.8858472729e-02 -5.6895760475e-02 -2.9870780000e-03 -3.8826539323e-02 4.9095869413e-02 -8.1493098336e-02 -3.5606955176e-02 -1.5246467322e-01 6.0304792776e-02
4.4364625411e-02 1.3152770766e-02 -6.0965064050e-02 -4.8184608493e-05 9.3441667733e-03 9.2651969956e-04 -5.9181637666e-02 4.5440812674e-02 -7.6024765686e-02 2.8785018874e-02 -4.0695435690e-02 -3.7414741604e-02 4.6304518753e-02 -6.4399842374e-02 2.8987444450e-02 -3.2996988643e-02 9.2922574307e-03 4.0667281773e-02 -8.0702963681e-02
1.0496815742e-01 -6.4000034005e-02 1.2687709877e-01 -4.9999935880e-02 -1.6551464562e-01 -4.0339507126e-02 4.0999991929e-02 -8.8935748021e-02 -2.0060736328e-01 4.3951691028e-02 6.5665876121e-03 9.7036276999e-02 -1.6247949170e-01 -5.1022144493e-02 -1.3160537482e-02 6.0517226052e-02 2.1533436829e-01 1.0974560628e-01 -4.5309888395e-02
