-7.2232086444e-02 -1.9799167410e-02 -3.4708544088e-02 -2.0420540570e-02 4.2578341546e-02 8.7820957880e-02 -3.6637955878e-02 -2.0768989961e-02 7.0302709500e-02 -1.1754572774e-02 -3.6216666067e-02 6.6266491370e-03 2.4638738486e-02 9.4598513084e-02 1.5593378862e-01 9.3199267922e-02 -1.2137578984e-01 1.6732710293e-01 -5.7569657537e-03
-8.7951551743e-03 2.9718173057e-02 4.0878274184e-02 4.8910218936e-02 2.9333326793e-02 -5.7133788735e-02 -5.7601567925e-02 -6.6172463618e-02 5.4121517381e-02 8.9629614149e-02 -4.9067256756e-02 -4.7575014356e-05 6.4782265773e-03 1.7550848812e-02 1.0852001054e-01 5.9273183543e-02 -1.2458171147e-01 -1.6327544977e-02 6.2775622704e-03
-5.4321048716e-02 -1.0901355745e-02 -6.3495997741e-02 -2.1432810511e-02 -1.2813012601e-01 -1.0681690492e-01 -1.9206234387e-02 -3.5710071089e-02 6.7149287603e-02 8.1428652442e-03 2.2118574249e-01 7.8232264751e-02 -2.8838388423e-02 4.9098985595e-02 -1.0760544459e-01 -8.1163027072e-03 4.9463515930e-02 -1.2372907804e-01 8.3349201391e-02
-5.0043088934e-02 6.7225128650e-02 2.9992804415e-02 4.9784979654e-02 2.5497616072e-01 -5.7635826707e-02 5.2794198238e-02 -3.4614453468e-02 1.0158528649e-01 -1.2738304009e-02 -2.4716460660e-01 -2.1928086062e-02 4.1577796159e-02 6.8095460137e-02 5.9304374607e-02 2.1395752277e-01 3.2358095279e-02 -3.3195322760e-03 2.4845964009e-01
1.1540752002e-01 -9.7598222028e-02 -3.0771507429e-02 1.0065749490e-01 1.2523624317e-01 -8.7688127040e-02 -1.4627299693e-02 -6.9233352025e-02 1.2808830576e-01 1.0709533501e-02 -6.3175618994e-02 -6.5483433549e-03 -6.2557673610e-03 1.0066269674e-01 2.1090044272e-01 7.3988004129e-02 -3.0873985156e-02 -6.1809690505e-02 1.3961157519e-01
-2.7379178013e-02 -2.2042627909e-02 8.7893619839e-02 2.4281711494e-01 1.2664755214e-01 -4.7240470824e-02 8.7360617502e-04 -9.8849573835e-02 5.0991610058e-02 -2.4387401806e-02 -1.9873945808e-01 5.4949228410e-02 -1.1042323410e-01 1.8392183967e-02 -6.7906727645e-02 1.2308955915e-01 1.9365429103e-02 -4.3341086725e-02 4.7878846001e-02
1.8738640774e-02 7.1205398702e-02 -7.5936465166e-02 1.0522083407e-01 4.2404107365e-02 6.2363883746e-02 -6.7348778026e-03 1.2281175028e-03 1.3317034985e-01 -8.0810837686e-02 -5.3255485640e-02 -1.9502818012e-03 8.4187772595e-03 9.8395502997e-02 9.3008051964e-02 1.5688030191e-01 -1.4953168131e-02 1.5255411475e-02 1.8558787115e-02
1.1347734910e-02 7.7913192778e-03 9.0542590522e-02 7.3945093640e-02 1.5256896681e-01 -5.2087622570e-02 -1.5889484081e-02 -5.7900998997e-02 1.3073003894e-01 -4.9188335987e-02 -9.8920271452e-02 -2.4268672658e-02 5.6575568346e-02 -1.2053072302e-02 8.4130183351e-02 1.2514665376e-01 7.1818189070e-02 -5.8542184932e-02 1.2283582835e-01
-9.8487734249e-02 2.6193105540e-03 -2.3749176715e-02 -3.3344403136e-03 1.2724907652e-01 2.5911719835e-02 5.4818756262e-02 7.6244359254e-02 8.2927758105e-02 -5.5003067534e-02 -1.1292691003e-02 -9.2304670799e-02 3.0049797263e-02 4.9590566663e-02 1.1535903800e-02 -5.0017362512e-02 -1.3914023272e-02 6.7221708093e-02 -1.0655975483e-02
1.0961932080e-01 1.1235676938e-01 -9.7177345984e-02 -5.3653131135e-02 1.0839507504e-01 1.7191801497e-01 -1.0625660157e-01 1.8303642146e-01 -1.2896075018e-01 -1.3799265335e-01 -5.1898002183e-02 5.2115258732e-03 2.4989148034e-01 6.9004385378e-02 2.1814637833e-01 -2.2396790341e-01 1.1261894399e-01 2.2260396608e-01 -1.3009335180e-01
-4.4176552593e-02 9.0820137452e-02 -7.9174117048e-02 -1.4190001911e-01 -6.5594424321e-02 7.0224762995e-02 -8.4970647277e-03 7.8169776131e-02 -9.0660858264e-02 2.4571788250e-02 1.0632521797e-01 -3.7942806409e-02 1.5380141428e-01 -1.9362655149e-01 1.6141182679e-01 -1.6387155725e-01 -1.9149862172e-03 1.3124677306e-01 -9.6929218750e-02
-3.5952688814e-02 -6.5855792821e-02 -2.4081213851e-02 1.1023394057e-01 7.1870212383e-02 1.8282287582e-02 -2.6850706469e-03 -4.8541945300e-03 -1.0045935863e-02 -2.7174174077e-02 -6.3016316788e-02 1.5033598636e-02 4.4788982603e-05 4.5235969108e-02 3.1568463744e-02 5.6801684210e-02 1.0008605514e-02 -2.8626204342e-02 -2.7946712927e-02
-5.9858896439e-03 -2.7303096429e-02 1.1641308710e-01 2.7427741826e-02 2.1029528188e-01 -8.0089054834e-02 -2.7534364614e-02 -1.7074321305e-01 6.5686111298e-02 4.1375387462e-02 -3.7650153528e-03 3.7226282810e-03 -1.4101839351e-01 1.5938494179e-02 7.6433250822e-03 1.0538825821e-01 -2.0777775985e-02 -2.0640735365e-02 1.1694544108e-01
5.0672135791e-02 -8.5792161508e-02 -3.7140233804e-02 -1.3917122592e-01 5.6991239517e-02 1.6752358478e-01 3.8055152217e-02 4.1284222312e-02 -3.4433084216e-02 1.9901230945e-02 -8.5405825664e-02 -2.1221708927e-02 7.0540353856e-02 -1.5483552699e-02 -5.8469233374e-02 -5.6868916817e-03 -1.9584573653e-02 5.4163904122e-03 1.3923358309e-02
1.8637137871e-01 4.1390363735e-02 -1.5837670656e-01 -1.9640208263e-01 -9.6820879527e-02 2.9946842139e-01 3.7383968305e-02 1.1577814642e-01 -4.3313948589e-02 -4.3452903845e-02 1.0799629120e-01 -2.5249111381e-02 2.5032865422e-01 -2.5034388506e-01 1.7541617241e-01 -2.1879726554e-01 7.4399744382e-02 2.5388485904e-01 -2.1778005406e-01
-7.4701397914e-02 -1.2742662850e-01 2.2968686814e-01 4.4060530881e-01 3.8472020711e-01 -2.4885012088e-01 -8.3963918488e-03 -3.5830399724e-01 6.7049554288e-02 -8.8758404325e-02 -8.2864964078e-02 -3.4850189556e-02 -2.3131044629e-01 3.6283173268e-01 4.2278677944e-02 3.6037297594e-01 2.0301540266e-02 -2.3162939692e-01 3.9813044010e-01
4.0564738936e-02 7.9871997097e-03 -6.4404907383e-02 3.0551930714e-02 3.5178698068e-02 1.3391796329e-01 -8.8849513743e-02 1.5389178675e-01 -2.3888751463e-02 -2.1118327445e-02 1.9716320376e-01 -4.2467741920e-02 2.3972899071e-02 -2.3219329803e-02 2.6439824641e-01 -1.6027480814e-02 -7.3765590003e-02 1.2468931471e-01 -1.0479453001e-01
-1.1274430646e-01 -1.0343617684e-01 -1.8683504629e-01 2.3673022158e-02 -1.5545288188e-02 8.1489801199e-02 4.3924235053e-02 6.7650658125e-02 3.0900354036e-02 -4.0040995213e-03 -1.1011197834e-01 2.1323607266e-02 8.5554026719e-02 -6.9571997068e-02 1.6571546958e-01 -1.2938991009e-01 3.5740407125e-02 8.6228538764e-02 -1.1325585224e-01
5.0057248205e-02 7.5872281600e-03 3.2534712829e-01 3.2344069186e-01 3.6416265049e-01 -2.7380271230e-01 8.8416484832e-02 -1.7256569423e-01 1.2360126355e-01 1.2558676933e-02 -1.0102456335e-01 -3.7970512105e-02 -1.8540869054e-01 3.8431503375e-01 7.9761776408e-03 3.4111842065e-01 7.3454161930e-02 -2.5155984432e-01 3.8346788815e-01
