9.8919832104e-02 7.0418967172e-03 1.9705321360e-03 3.7454435409e-02 -5.5169422753e-02 -4.3466707210e-02 1.1807161604e-01 -2.0316612015e-02 2.3459099927e-01 2.6478618828e-01 1.0688825530e-01 2.0580588009e-02 1.3765420720e-01 -1.2139183383e-01 -1.4205376200e-02 -9.6245766478e-02 7.3949867094e-02 5.9833297733e-02 6.5557526795e-02
6.4503233692e-02 6.2856098716e-02 -4.8418424945e-02 6.0352327236e-02 -7.4383794756e-02 -7.8890405665e-02 1.0285477391e-01 -1.6403675017e-01 9.3944910935e-02 1.6913568503e-01 1.4170664254e-01 -1.6587340182e-01 2.3756971492e-01 2.6956278212e-01 -4.8851546232e-02 -1.7241549544e-01 6.6874341400e-04 2.2271016444e-01 2.0212756698e-01
-1.5468479184e-01 -3.3040178376e-03 -2.2944165820e-02 -2.9697785988e-02 -1.3071459819e-02 -5.4326785519e-02 5.3828014299e-02 6.6730479959e-02 7.0044413051e-02 6.2718724073e-02 -1.9373167800e-02 1.4491832045e-02 7.1669299181e-02 5.6806656106e-02 -1.4409787475e-01 4.5105843002e-02 -2.5460062541e-02 6.4967910076e-02 6.8206850779e-02
-1.4477991773e-02 -1.7529946249e-02 -4.6344117388e-02 -5.6232536934e-02 1.7882099044e-02 -7.4918912235e-02 3.5844335820e-02 -1.1737340472e-01 3.1952073429e-03 5.0181257409e-02 -6.4732071934e-02 1.2278754451e-02 -7.6479595486e-02 -8.9940179226e-02 1.3042986324e-01 -4.2184926723e-02 -1.0120295595e-01 -4.6549322813e-02 -4.2999850120e-02
-2.2478154443e-02 3.6296696892e-02 9.4051258008e-02 9.1195314480e-03 -5.6439780415e-02 1.5265926822e-03 -9.8744039160e-02 1.2353542072e-01 -1.5828916012e-01 2.9775354146e-03 2.8643681356e-02 -1.3415119431e-02 -1.3925482058e-01 1.5589595885e-02 2.3509439803e-03 -1.6722886276e-01 -1.5250330460e-01 -6.6688788700e-03 7.3792075403e-02
3.3312239479e-02 4.8116483321e-03 -5.9887150051e-02 -1.8968850517e-03 2.1468556135e-02 -1.8481257651e-01 1.7869659312e-01 -1.5095898347e-02 1.7980106592e-01 1.0696468136e-01 5.6386692754e-02 8.6696467142e-02 7.6481510192e-02 5.7946603120e-02 -6.7280060856e-02 -4.1601201771e-02 -7.7493335725e-02 1.0804593108e-01 8.0949780052e-02
-7.6688814231e-02 -6.5146528323e-02 1.0856777282e-01 -1.4148522109e-01 -7.9655270112e-02 -4.0129877496e-02 -7.8263864608e-03 -2.2307137914e-04 -6.3344448012e-02 1.6360873280e-02 -1.3805222280e-02 -7.6236511870e-02 4.5753343457e-02 5.9032423757e-03 -1.2428853347e-01 3.8890173850e-02 2.1712879098e-02 1.7693570573e-02 5.5880726321e-02
2.7790585817e-02 -7.5209598706e-02 1.6701985750e-01 -3.5718707074e-02 1.9249342105e-01 1.3113144533e-01 -1.0117827357e-01 1.7667307136e-01 -1.9643123340e-02 -5.3409106172e-02 -1.6976575414e-01 1.4227260265e-01 1.0994427868e-01 2.1520172040e-02 4.9229567513e-02 8.3038790846e-02 5.9996769147e-02 -5.9868450410e-02 -8.4628639377e-02
-1.3809662904e-01 9.1478462450e-03 -6.5490222579e-02 4.3101434768e-02 -4.9949543681e-02 6.3875163972e-02 -2.1194109040e-02 9.7452687367e-02 2.3580064292e-02 -9.4521960712e-02 -4.6310663032e-02 -5.1065581859e-02 -1.1718190849e-02 1.3329933379e-01 -2.3217640506e-02 -1.5955841443e-02 9.6555001839e-02 1.9771886219e-01 1.5795288364e-01
5.3478584928e-02 -1.1897921083e-03 3.1647278601e-02 -8.8578966524e-03 -1.0673520916e-02 3.1076452191e-02 -6.3032095236e-02 1.6438205417e-02 -1.6666099494e-02 -2.0691491752e-02 1.9272588676e-02 -5.7443978639e-02 -1.3207283584e-02 1.6948436411e-02 -2.3392121766e-02 -7.4976881354e-02 -1.7398053707e-02 -5.7345677969e-02 2.0589995353e-02
-2.0571675750e-02 -8.5096711124e-02 4.7537363670e-02 -6.5379729701e-02 -8.4954084113e-02 -1.0435287930e-02 8.6105683022e-02 6.3977899974e-03 4.7047057588e-02 1.1014113438e-01 -1.0849525085e-01 3.4802324957e-02 1.6135331919e-01 6.6979515466e-02 -4.0770896528e-02 -5.5339811480e-02 2.2621314968e-02 1.2509902945e-01 1.0629646140e-02
8.2552806764e-02 7.3510929092e-03 -2.9061723699e-02 -4.8491445106e-02 -6.5492826899e-03 5.5025412657e-02 -1.2073010994e-01 4.4237967916e-02 3.5699756989e-02 -3.0344413667e-02 4.6646393104e-02 -1.2981210857e-02 -8.5759020726e-03 3.8233195730e-02 7.9083308258e-02 5.9308415577e-02 4.6633035850e-02 -1.3936120038e-02 8.6278377361e-03
1.6029055548e-01 5.7448202897e-03 -7.6587637691e-02 -2.2507404250e-02 -7.5481866830e-02 5.4905448179e-02 6.5685719483e-02 -4.0280327743e-02 9.8746594303e-02 1.2406829009e-01 -6.2234341349e-02 3.5958082203e-02 5.1162266866e-02 5.1276581928e-03 1.4976205209e-01 -6.9736480584e-02 -1.1837676910e-01 1.6171990371e-01 1.9265048011e-01
7.8212887818e-02 1.4557196682e-01 -7.4905156777e-02 5.5478881570e-02 2.9668911944e-01 1.3823252023e-01 1.6715643954e-01 -1.1754263126e-01 6.9648281248e-02 1.9437855885e-01 1.0328621257e-01 1.7166107493e-01 1.7987651592e-01 -1.7513395801e-01 -1.1000239950e-02 -2.9181707210e-01 -1.5389915192e-01 4.1698203223e-02 1.5196138237e-01
2.8263657881e-03 5.3584740212e-02 -1.1773229828e-01 4.3969362539e-02 1.4230903171e-01 8.8380811688e-02 -2.2574467034e-02 3.2498788944e-02 -2.1041044037e-02 -1.7540289947e-02 -5.8400468502e-02 1.2196922148e-01 -2.9022470404e-02 2.0409538438e-02 -7.0151641724e-02 -8.8581107553e-02 -3.1995019604e-02 2.0593440601e-02 -3.5597479177e-02
-4.0363572989e-02 -2.6111968623e-02 -5.7631758940e-02 7.5307526172e-02 2.7968659155e-03 -1.1612212647e-01 -9.9896458135e-02 1.4327438597e-02 -6.1340076184e-02 -1.3595308440e-02 4.9880683238e-02 -5.9196611510e-02 -2.9194978964e-02 1.0264034331e-01 5.2670292942e-02 -6.0861983642e-03 1.6001392149e-02 6.3797683770e-02 2.0801945080e-02
-8.9723339298e-02 -1.1824825853e-02 1.0802813795e-01 -1.1073462881e-01 3.5668141522e-02 9.1528926023e-03 -4.8675936028e-02 1.2644021455e-01 1.1227130754e-02 -4.4622811233e-02 7.5163113620e-02 1.9236497160e-01 -9.6662520020e-02 3.8125214789e-02 -7.0412121466e-02 4.7080192504e-02 1.4262257139e-01 -3.2654398738e-02 -7.2103699241e-02
1.6959943825e-01 -7.3901497387e-04 2.8310328631e-02 -5.6670229132e-02 -9.3385047588e-03 -4.6487343295e-02 4.5064766018e-02 1.7234112801e-02 8.7086679113e-02 6.7194547325e-02 -1.3558736774e-02 -1.0933041324e-01 5.7536544850e-02 -1.1579442119e-03 -6.9385732533e-02 -7.3868552215e-02 3.5129561215e-02 8.5735524960e-03 8.8721438937e-02
2.0106440786e-01 -2.7537800150e-02 -1.0202407253e-01 -5.0522985456e-03 3.2728640983e-01 7.6855461533e-02 9.6268605939e-02 -2.0935562493e-01 1.0994019979e-01 1.1738930082e-01 1.1562546918e-01 2.5728329485e-01 2.1575752184e-01 -1.9605257277e-01 5.6593470831e-02 -2.2008880511e-01 -2.3911262337e-01 1.0677751457e-01 9.0693986680e-02
