-2.2708073301e-02 -1.2286470586e-01 3.2592347955e-01 -7.9710678538e-02 -5.0968136789e-02 -1.7617877997e-02 1.6355702726e-01 -1.8204043968e-03 1.4355356776e-02 1.2948608245e-01 -6.0086947249e-02 -1.6028061576e-02 3.7937417143e-02 2.6507491302e-01 -9.6828939475e-02 1.4803010978e-01 1.0681681701e-01 1.2706178718e-01 -6.2222097747e-02
2.3341019069e-02 3.3566109624e-03 1.5242515432e-01 -1.4061187656e-01 -1.2002472160e-01 -5.0592784135e-02 9.4924720761e-02 1.3994694800e-02 -6.4055214936e-03 1.6993425354e-01 -4.0744142545e-02 -3.2041426961e-02 1.0585797544e-01 1.8659290716e-01 -4.3783085301e-02 1.0545872064e-01 -5.0586516826e-02 -5.3134830252e-04 -4.8154071433e-02
5.3816451254e-02 -1.4066148322e-01 2.0869974021e-01 9.8340313076e-02 3.2233753860e-02 -2.4594982294e-02 -4.7886953108e-02 2.2780342518e-01 4.3985812280e-03 -1.2496801064e-01 -2.8436150808e-02 1.5833512409e-01 -2.0916337906e-01 1.1978039637e-01 2.6861425332e-02 1.9240370593e-01 1.6663583501e-01 -9.6445549745e-02 1.5193337215e-01
1.6199114666e-02 6.1767354110e-02 1.0284509844e-01 -2.2340960454e-01 -8.8108601370e-02 1.5588694106e-01 1.6671871883e-01 -1.0062243723e-01 4.5822324055e-02 1.5411858620e-01 -2.2271820028e-02 -9.0613683835e-02 1.4164252799e-01 2.3638637228e-01 -4.6472864628e-03 -1.1325927952e-01 -1.6310647922e-01 2.2927870313e-01 -1.7731078708e-01
-3.3954181916e-02 1.7541409881e-01 1.2165981394e-01 -1.3474149415e-01 -5.4859143254e-03 1.7394800111e-02 1.5342879325e-01 -1.2240074541e-01 3.1255584548e-02 1.6823434531e-01 -5.1927311590e-03 -1.9410661067e-01 1.2448287187e-01 1.5113517697e-01 2.5592730835e-02 2.3516484805e-02 -1.5729009380e-01 2.0876826442e-01 -2.0230497289e-01
-1.5783462732e-02 7.6432113383e-03 4.0769659132e-01 5.9268031316e-02 -1.3950648556e-01 -1.0899275061e-02 -6.4224461989e-02 6.6312271592e-02 -3.6574022138e-02 1.0637487410e-01 1.5538405012e-01 2.7781348589e-02 1.9576474731e-01 3.8381855359e-01 -1.4869583415e-01 9.5410343773e-02 6.6665390476e-02 4.9969510951e-02 9.7975268324e-02
-9.4293898465e-03 -6.4704778172e-02 2.3947303654e-01 8.0049534039e-02 -7.8670205362e-03 -3.1557673928e-02 -3.0144540289e-02 2.0894467173e-01 -1.0561146865e-02 1.4497535372e-02 8.5984879144e-02 6.6712332811e-02 3.1938482429e-02 2.1426966448e-01 1.5080903793e-02 8.8180405227e-02 7.7588310568e-02 3.3251886917e-02 1.4910156726e-01
-2.9025780822e-02 1.2481391855e-01 2.1472820727e-01 -1.3527723715e-01 7.4295014583e-02 1.1777175063e-02 2.1100091048e-01 -9.3625095709e-02 -7.3140966212e-02 2.7958353524e-01 8.0054639200e-02 -1.6430693749e-01 7.3367493509e-02 1.5800797734e-01 6.7828578392e-03 4.3213420406e-02 -1.3064300412e-01 1.7467169709e-01 -1.7554185014e-02
3.3019421028e-02 7.2002081761e-02 -8.5211527039e-02 -1.7499866494e-01 -3.8980570282e-02 -1.2277694624e-02 3.0047301371e-02 -2.1149688776e-01 1.3116522141e-01 5.7592619091e-02 -7.3884193809e-02 -1.2444014342e-01 -5.5644933098e-02 -1.3149950026e-01 1.0971415076e-01 -2.2329123359e-02 -2.8223708346e-01 8.0987875826e-02 -1.6853616386e-01
2.7682243144e-02 1.0476843133e-01 -3.6598494095e-02 5.4572905647e-02 1.0784685933e-02 7.1105583235e-02 1.1092640984e-02 6.6114193749e-02 4.2516166469e-02 -9.2960919914e-02 -1.1600585787e-01 -1.3542197608e-01 -4.4599347495e-02 4.3708216998e-04 4.7506189774e-02 1.8509353353e-02 1.3019541983e-02 1.1221698158e-01 3.1919620168e-02
1.3553588642e-02 -3.1917744337e-01 4.0541337281e-01 3.5808640305e-01 9.2425692031e-02 2.3076971094e-02 -1.4370270866e-01 4.4625206943e-01 -5.2703015393e-02 -3.9959498967e-01 2.6757353507e-02 4.4080522670e-01 -3.0571176701e-01 4.3310007994e-01 -1.4724892895e-01 4.9608549101e-01 4.0422049506e-01 -2.8415071922e-01 3.5989116688e-01
9.6945976929e-02 3.7167474496e-02 3.7166621047e-02 2.6179338270e-02 1.0226031397e-01 1.7256486839e-02 -1.0957261865e-02 7.4307714418e-02 2.4241596888e-02 6.0515790201e-02 -2.5579643630e-02 -3.1306384967e-02 -9.1774855043e-02 2.0046134630e-02 -6.1883313968e-03 9.4914658555e-02 8.7980290489e-02 5.7814286284e-02 5.3717414054e-02
7.3395391081e-02 -4.6861972126e-02 2.8245718926e-01 7.2992637033e-02 -2.7180092798e-02 -1.3700994664e-01 9.2858135059e-02 8.7400141685e-02 -2.1217906394e-02 3.2806200452e-02 -2.0509404682e-01 4.9237629998e-02 2.6239689919e-02 1.8859439017e-01 -9.9097246799e-02 1.5628250694e-01 -2.4402082409e-02 8.7259895882e-02 7.8690085033e-02
2.4619374618e-02 -2.1013268625e-02 2.9960549261e-01 2.2924714448e-01 -1.8238880889e-02 -4.7820671484e-02 8.6269497843e-02 8.4459633193e-02 -2.4368348515e-02 1.3406482922e-02 -2.7399445623e-02 1.2128628245e-01 6.8023537884e-02 2.3083975689e-01 6.1245953386e-02 1.5134737403e-01 9.3748090543e-02 1.0262858936e-01 1.9041116968e-02
-1.4415429993e-01 2.7441905121e-02 4.2828204814e-01 8.0118816520e-02 -3.3173444391e-02 -1.1602189103e-02 5.1028092761e-02 1.9262731604e-01 7.2337767722e-02 -3.5266498605e-02 4.9196973788e-02 6.6233608526e-02 -4.6002530091e-02 3.0628981558e-01 -2.2307444441e-01 1.4030318127e-01 2.5792000314e-01 1.0741900477e-01 4.6052023698e-02
-8.6578807048e-02 -1.8415561595e-01 1.5266854538e-01 1.9239334712e-01 -3.5615763319e-02 -1.1223108991e-01 -1.5613033812e-02 1.7486670429e-01 3.4029637317e-02 -8.8887647665e-02 1.2331813374e-02 1.4684996267e-01 -1.3586443110e-01 1.0822512592e-01 -2.1080892207e-02 1.3063989516e-01 1.0351830241e-01 -1.9353458457e-01 2.5429766688e-01
-1.8759159237e-03 6.4845797462e-02 6.3176918389e-02 -5.6442772182e-02 -1.4810114162e-01 -8.5276905137e-02 4.6236885147e-02 -2.1259316835e-02 -3.4725424839e-02 3.6803208663e-02 3.0625425371e-02 -7.5818951748e-02 -7.0078474017e-02 -4.6692888834e-02 1.0817939199e-01 4.0777217898e-02 5.3492025953e-02 1.1211360101e-03 2.3161124582e-02
-8.1067698340e-02 -4.0101409346e-03 1.3906778477e-01 -9.6642189386e-02 6.5063055270e-02 -4.9382727866e-02 3.5797760935e-02 1.0336885175e-01 -9.4611644427e-02 1.6603388397e-02 -7.4014564413e-02 7.0080534305e-02 1.3360405547e-01 1.4042541642e-01 5.2911119788e-02 1.3945368518e-01 4.8022975598e-03 2.1289774256e-02 8.1263702955e-02
-7.4722199879e-02 8.1674359498e-02 2.3403603331e-01 -1.1760778839e-02 -9.9498009554e-02 -1.8549331201e-02 1.0028783893e-01 -9.2817217446e-02 6.5778914520e-03 2.0119233816e-01 -3.2604127945e-02 -4.3950998670e-02 1.7072171622e-01 1.9630075275e-01 -1.9486699479e-01 -7.4236058400e-05 -1.8893975882e-01 1.4560453458e-01 -1.4621903820e-01
