-3.0834581191e-02 -1.2094629042e-01 6.7604092913e-02 5.5231843758e-02 -4.1291661742e-03 1.1819266478e-01 1.8270683770e-01 1.7906023589e-01 -6.9597087796e-02 -2.1167151947e-02 7.1652433418e-02 -2.2272242794e-01 2.1286194267e-01 -1.1395229509e-01 -6.7993957822e-02 1.3513491520e-01 -4.7915034640e-02 2.3625267096e-01 -6.1485062159e-02
-7.6438501631e-02 1.5468487311e-01 -4.8423937535e-04 -3.6693665133e-02 1.2774020659e-01 -1.8364046276e-03 1.2450838400e-02 -5.9208298365e-02 1.7690070034e-01 1.1683202234e-02 3.4859107437e-02 1.6087819635e-01 -8.4500201708e-02 -7.6140900835e-02 -3.8055437006e-02 -3.7376098012e-02 1.4215199501e-01 4.4748450072e-02 1.4989319820e-01
6.4275201509e-02 1.3658602537e-01 -7.3713306964e-02 -6.8601501109e-02 9.2464791648e-02 -1.4040520670e-02 -1.4269422371e-02 -1.0030075005e-01 2.7033848710e-01 8.6200370901e-02 -1.1976459603e-01 1.6985733893e-01 -5.8501122761e-03 8.9733571851e-03 6.3235004987e-02 -8.3541851112e-02 2.2580755793e-01 2.5413455116e-02 2.3094770743e-01
-1.0774944649e-02 8.6364706060e-02 -7.4801076550e-02 -4.1342659158e-02 3.6272838014e-02 -4.5799909627e-02 7.5717847521e-02 2.7403400182e-02 -1.2040378715e-01 2.7026236537e-02 -1.9529517197e-02 1.3057326257e-01 -4.2312436310e-02 -9.6197275566e-02 -2.9423012049e-02 -1.2186746733e-01 2.6721473339e-02 2.8263680721e-02 1.3081154847e-02
-8.8162558192e-02 7.6080083131e-02 4.4270070031e-03 9.2526982907e-03 1.2805646713e-01 7.1807946837e-02 1.2662140367e-02 8.9584753345e-02 -4.5469482929e-03 -7.5089439547e-02 1.1759567234e-02 1.0463879053e-01 -1.1793702713e-01 2.0557355235e-03 -1.1908510882e-01 -8.6023744104e-03 1.6401249687e-01 5.6164777318e-02 8.0861701562e-02
4.9645722990e-02 1.6025542398e-01 9.1463050037e-02 4.9105290884e-02 7.0966632880e-02 1.6578619992e-01 3.5234910985e-02 -3.8347816008e-02 3.1750577997e-02 -4.5418902108e-02 -9.0801575939e-03 2.5764293616e-01 -8.7725981909e-04 3.5427142287e-02 7.1062663871e-02 -1.3966017628e-01 1.7334528831e-01 6.8022244883e-02 1.2302424995e-01
5.5251326320e-03 -2.4940424549e-02 -9.5099615684e-02 5.0697523413e-02 -2.6684774218e-02 3.7209787011e-02 1.0289702932e-02 -5.2854400159e-02 8.9833137041e-02 6.4924594432e-02 3.2184176721e-02 -1.1805783052e-02 -3.7132495591e-02 8.8231279890e-03 5.6813895875e-02 -8.7307589611e-04 -3.3485960164e-02 -1.5792063859e-02 7.6778945278e-02
-9.1231141324e-02 1.5122994475e-01 -1.2430922886e-01 -4.5637470772e-02 1.2236072221e-01 -7.1488637444e-02 -4.4797492285e-02 -1.0347996246e-01 2.2017533236e-01 -2.4005485550e-02 -2.9279829694e-02 1.9939401283e-01 -8.7845836754e-02 -5.9457887902e-02 -2.2562205621e-02 1.9493689071e-02 1.5957193687e-01 -9.5134556629e-02 2.2093411092e-01
-1.5145926988e-01 -1.4517036284e-01 2.6272212351e-01 -2.0134865422e-02 -1.2496292049e-01 2.0769444929e-01 6.8968147816e-02 1.4722260277e-01 -1.3322501526e-01 -2.6362930174e-03 8.9410236682e-03 -1.6831861563e-01 1.4356655824e-01 1.4032367447e-01 -4.4339505293e-02 8.9351475411e-02 -1.3269778359e-01 1.2917535089e-01 -1.1703135720e-01
-2.6061544964e-02 4.8919161409e-02 -1.6653020073e-01 3.2332050075e-02 1.2683139057e-01 -5.2296493463e-02 -1.7372291927e-01 -1.3815809602e-01 2.3862951947e-01 7.1000634457e-02 1.1824948951e-01 1.5368883387e-01 9.8959220999e-04 7.1402551438e-02 4.7120093421e-03 2.0242150727e-01 1.6799053243e-01 -2.9151049035e-02 1.2372427966e-01
-7.1552697996e-02 2.1410551607e-01 -1.2837375683e-01 4.7848727400e-02 1.7840685219e-01 -2.0028903385e-02 4.5066595567e-02 -7.1939454274e-02 1.7201306990e-01 -9.2419148065e-02 -1.0102161777e-02 1.9760249269e-01 -2.1200271940e-02 -4.5506646719e-02 2.0562152227e-02 5.0014069763e-02 1.7352364941e-01 4.6450660019e-02 2.3059327714e-01
1.3074276698e-02 1.9636824220e-01 -3.2978435722e-02 -1.5984153101e-02 1.0972529861e-01 7.1095066561e-02 -6.7430819780e-02 4.1114965682e-02 1.7927940237e-01 -8.0735576513e-02 -8.0342427653e-02 9.6239849858e-02 -1.5169087618e-02 5.1530904456e-02 -8.1685918168e-02 -4.9778888892e-02 2.0951367494e-01 2.7734327793e-02 6.9608237036e-02
-1.0623699753e-01 -6.7519931264e-02 -4.8398793370e-02 2.6240193434e-02 -3.9250688959e-02 -4.9326912189e-02 3.8170238222e-02 7.4249232137e-02 -2.7924598914e-02 5.4427732850e-02 -8.9034381507e-02 -3.4986145877e-02 1.0022017453e-02 4.9364787371e-02 2.7448920519e-02 -3.5935297640e-02 -4.0870714484e-02 -5.2418527142e-02 -3.1201723304e-03
3.2721295636e-02 -4.7756643014e-03 1.2401412117e-01 5.9221414522e-03 6.2323886866e-03 6.6352628595e-02 -3.7655802415e-02 2.1163567967e-01 1.2244721721e-01 -1.3192018302e-01 -1.3774600934e-01 2.7777568827e-02 9.3107298533e-03 -5.0012459913e-02 2.2103182837e-02 -3.3880473378e-02 4.6907103359e-02 1.3912858800e-01 1.3357427838e-01
6.6623735925e-02 -6.5410330416e-02 5.8333712366e-02 -6.2349065666e-02 4.9317426658e-02 -3.2042760937e-02 7.5790351345e-02 -4.5961540877e-02 -4.8404803236e-02 -5.4472004155e-02 6.1002942826e-02 1.8398128168e-02 2.9408596774e-02 -2.4857186051e-02 -1.8726093582e-03 -8.6829062662e-03 2.3541567003e-03 9.9994414409e-02 2.0250425178e-02
1.1502201185e-02 -3.5127918724e-02 2.0450656738e-01 6.5902942428e-02 -1.4090716268e-02 1.8476246306e-01 -3.2713600035e-02 1.5550407258e-01 6.6751819447e-03 -5.9121433898e-02 -4.2756912456e-02 -2.3040302758e-01 6.3249485506e-02 -3.3839315942e-02 1.0265075511e-02 -1.5145063549e-02 -4.9053591502e-02 1.5347968150e-01 -2.8453054208e-02
-1.8739422313e-02 -5.7291325658e-02 6.6226172612e-03 8.4106013572e-03 5.0003656299e-02 -9.7407400694e-02 -1.0288008851e-02 -1.0984491245e-02 1.8681678001e-02 -2.4495602628e-02 4.6880476686e-02 -8.2262564003e-03 -2.1505229135e-03 6.7174154539e-02 -6.2378931816e-02 1.2797748945e-01 -1.0490866120e-01 2.0375690807e-02 -9.0842443346e-03
-2.5516357560e-02 5.7920476978e-02 7.0752700077e-02 3.7951364314e-02 1.2137394814e-01 2.6775078608e-02 -4.6816033359e-02 5.8964405501e-02 1.2953311838e-01 1.1667440813e-02 3.0493834835e-02 8.0587937504e-02 1.4901833012e-02 -5.5226482730e-02 -1.3601507249e-01 -6.1126506667e-02 3.8725272316e-02 2.6699350467e-02 1.5291123934e-01
8.9085151942e-02 -1.5341389960e-01 1.7643243553e-01 -5.2639660825e-02 -1.6148600940e-01 1.2461488832e-01 9.3524487205e-02 2.0895987018e-01 -1.1199524233e-01 -3.3657159670e-02 -3.2055719756e-02 -1.6697702953e-01 1.1327888705e-01 8.5334678360e-03 1.5277256463e-01 2.3388708690e-02 -9.0889718721e-02 1.8110061127e-01 -5.9798559833e-02
