5.8824120499e-02 -1.6076931330e-01 -3.0282769370e-02 -2.5672014692e-02 2.8318128380e-02 7.2426677400e-02 5.7614378557e-02 2.5974086359e-01 1.8968255929e-01 2.4491749739e-01 1.1890964876e-01 8.4952663701e-02 6.4785083464e-03 -1.4959330346e-02 4.7120780060e-02 -8.6552581979e-02 1.1028139264e-01 2.5130248025e-02 -4.2647997210e-02
1.5795644449e-01 -1.4270728057e-01 -9.5911847810e-02 -2.8777173750e-02 3.6313201175e-02 7.0701128696e-02 4.6916434322e-02 6.9238855564e-02 2.6818072661e-01 1.8751181685e-01 1.0652938562e-01 2.1682518815e-01 -1.4973579937e-02 6.9753185150e-03 7.3180245989e-02 6.3951488108e-02 7.9429454550e-02 1.1606854033e-01 7.6209253999e-02
-1.5778583652e-01 1.4155681476e-03 4.4579701309e-02 -7.2883530361e-02 3.8494658407e-01 9.3708130540e-02 4.8807576932e-02 3.4169552707e-03 -1.9016781126e-01 -9.7921267865e-02 -1.3155133834e-02 -1.2694457287e-01 2.5752486055e-01 -1.8572071270e-02 2.2307856442e-01 -2.3056577812e-01 -5.0008522722e-02 2.1152064088e-01 4.4548642347e-02
1.4985194438e-01 -4.0162929075e-02 -1.8150390472e-02 9.5774281241e-03 8.9408331787e-03 -3.4450256749e-02 -9.2685524433e-02 9.8317792571e-02 2.4698048048e-02 -4.4322459823e-03 7.6631188253e-03 7.6360862330e-02 -5.3636510620e-02 -1.2555445256e-02 -2.2419183513e-02 9.7807716385e-05 -7.0911281381e-02 -4.9308176699e-02 1.3662647273e-02
-6.9802846361e-02 -8.7757977829e-02 9.4791009355e-02 8.4057087816e-04 3.1559669836e-02 -2.5147365945e-02 1.2445691759e-02 -1.0589606660e-01 -2.4034420196e-02 -3.1507141632e-02 -1.9577117421e-02 -5.6070300929e-02 -2.0297621541e-02 8.5219033031e-02 3.1337927613e-02 9.9125828464e-03 7.8083101558e-02 -8.0367667197e-03 3.9155948408e-02
2.7841067646e-01 -6.8998766621e-03 7.2687594145e-02 -1.7501683472e-01 -1.2768459160e-01 -8.3740830687e-02 -6.7984376112e-02 -1.2138149607e-01 1.1904759429e-01 1.6590067793e-01 -5.4691471384e-02 1.8260295907e-01 -1.0862466778e-01 3.3619004561e-02 -1.6602986428e-01 1.5437456828e-01 1.5911249045e-01 -1.4038203110e-01 2.1137638822e-02
-1.5706588694e-01 -1.1042525910e-02 3.9447065453e-02 4.1809621478e-02 8.1172995014e-02 -1.9064434823e-01 -2.2226046903e-01 2.8567730776e-02 -1.3675194048e-01 -1.4535793042e-01 7.9087344744e-03 -1.4757954275e-01 -1.2261944080e-01 6.8331374444e-02 -9.3630322724e-02 -6.8684423324e-02 -6.0949988274e-02 -3.3733020791e-02 1.3495295806e-02
2.0171258075e-02 4.6329479918e-02 -1.6371846950e-02 1.9639909351e-02 2.0679869056e-02 -1.9531461664e-02 -4.2856806702e-03 -1.2481246967e-01 -4.4659338713e-02 -4.9989228495e-02 7.5479969442e-02 -4.5467431221e-02 2.1331987192e-02 9.8248432168e-02 1.8207101917e-02 -8.0548704442e-02 1.0975242438e-02 6.3891533393e-02 -1.4008100999e-02
-2.9153308231e-03 6.5175728281e-02 -8.6677395296e-02 5.5456031274e-02 -7.4496877911e-02 3.8376326229e-03 7.8534695134e-02 -5.6785205160e-02 8.1580240566e-02 -4.8153002421e-02 -3.0443542958e-02 8.4739326327e-02 -8.7464858674e-02 3.1304157075e-02 2.4049355987e-02 5.9237081298e-02 5.6867085666e-02 1.0953941976e-01 1.8012513717e-02
1.7840097074e-01 -5.3103417756e-02 1.1045295482e-02 1.8737014372e-02 -1.2318772697e-01 -1.0996222955e-01 2.6889948854e-02 -1.6208026968e-01 5.1998718975e-02 -4.5757497831e-02 -7.2004671313e-03 1.6814919839e-01 -3.0252200877e-01 -4.7203734587e-02 -5.6147993812e-02 1.1693735839e-01 4.2431914179e-03 -1.6792151945e-01 3.0776497091e-02
2.3907049253e-01 -2.4696555753e-02 -3.0369907416e-02 -3.5478789206e-04 -3.2131538788e-02 -1.2771945458e-01 -8.0557491019e-02 -1.0044481347e-02 2.1593486405e-01 -4.3818929565e-03 -1.3082552779e-01 1.9560082825e-01 -2.1088050905e-01 -7.1712412809e-02 -1.1040311585e-01 1.0686555387e-01 1.8431887943e-01 -2.9989488226e-02 -6.4627715621e-05
-1.7564777213e-02 3.3960627828e-03 -1.2162675451e-02 2.7638873303e-02 3.8142083825e-02 1.3483888907e-01 5.4464928079e-02 -8.5656987084e-02 -7.6015417201e-04 -1.2289077590e-03 -3.3887778234e-02 2.9041704757e-02 4.9479087756e-02 4.5628086283e-02 -5.4776407531e-02 -2.4508551318e-03 -4.8378973433e-02 5.6525031889e-03 9.2559442250e-02
-1.0441072036e-01 -8.2576686521e-02 -5.0204471571e-02 -1.5110643453e-02 5.1396366014e-02 -7.1417281466e-02 1.3417514417e-01 -4.7598922577e-02 -6.4910543531e-02 -1.1374520652e-01 -1.1041767857e-01 -7.3735194660e-02 -2.9164504359e-03 -8.0988065143e-03 3.5166726652e-02 3.4915759132e-02 1.3043289434e-03 -2.5245413091e-02 3.5202166209e-02
1.8147689631e-01 -1.1044941440e-01 -1.0348586393e-02 4.0849837753e-02 -5.6269174324e-02 3.3031006442e-02 -1.5025848020e-01 1.0137564383e-01 2.5022383805e-01 2.6233876609e-01 3.9363556809e-03 1.5846094014e-01 -6.5534492248e-02 4.3548213964e-02 -5.4014334528e-02 2.1385007878e-01 1.3045056471e-01 -1.0181075884e-01 -1.0956096459e-03
1.4322286224e-01 -1.0381975509e-01 6.8339290122e-02 3.0744346748e-02 3.8698266766e-02 6.4641445221e-02 -3.9166749801e-02 1.3327797280e-01 2.1794810620e-01 1.7018270456e-01 1.1660840646e-01 1.8919381677e-02 6.0493894462e-02 -1.0313506902e-01 -1.0460565310e-02 6.6409197857e-02 1.7593638504e-01 -9.0465235637e-02 -9.6681010528e-02
1.7340787052e-02 -3.9580362877e-03 4.2872233927e-02 5.1516088640e-02 7.9174315385e-02 -4.1341611123e-02 1.1426556192e-01 1.2334995368e-01 -7.7825111908e-03 -5.6518715514e-02 1.1402223073e-02 4.2801706219e-02 -9.8141984740e-02 -1.0179404037e-01 1.4712054645e-02 -1.3262580098e-01 8.0639055421e-02 -6.4732132726e-02 3.0275405018e-02
-2.0340195649e-02 -5.2131094434e-02 2.3256832835e-02 9.7783871073e-02 8.7912503186e-02 2.1966636949e-02 -3.7653437693e-02 6.5895244082e-02 2.0845677869e-02 1.6386895380e-01 4.8459012596e-02 -1.8387083715e-01 2.6624223970e-01 2.1500356614e-02 9.0272084333e-03 -1.0883031243e-01 -6.0812177286e-02 1.7514158632e-02 5.3515338856e-02
4.4717509864e-02 -2.5713164563e-02 3.9757412635e-02 -1.0885878376e-01 9.1735701724e-02 -2.2988872171e-02 -6.6401405605e-02 -7.2603271724e-02 5.0479269075e-02 5.1486862197e-02 -5.1874600310e-03 9.3763458599e-02 -1.7931530388e-02 -3.1937487585e-02 7.6507452513e-02 -4.8501547456e-02 -9.3895692494e-03 1.7030970245e-03 -3.0463169265e-03
2.3952877571e-01 -9.3122182841e-03 -1.6027826363e-02 -1.2581515446e-01 -3.6853219413e-02 2.1695513728e-02 -1.1899305867e-01 2.2818893227e-01 3.5527985971e-01 3.3866141765e-01 1.2849531507e-01 2.2893710331e-01 1.3812833579e-02 -8.5582880617e-02 -1.4577016343e-01 8.0682712135e-02 2.0669452120e-01 -3.7848697967e-02 3.9892354120e-02
