-1.6856320091e-01 -3.3699413589e-03 4.7480587817e-02 -2.1588751237e-01 -1.7919201079e-02 5.3979579559e-02 -1.1693249294e-01 9.8534544059e-02 2.0234121668e-01 7.3034609464e-03 1.4284572569e-01 -9.9684224466e-02 -1.1639341516e-01 -3.0189265893e-02 1.5808979111e-01 4.5845366833e-02 1.9737696961e-01 -1.1687379723e-01
-3.1685522322e-02 -1.7996994941e-02 2.2725193004e-03 -6.2248841063e-02 1.1199415206e-01 1.6307358244e-01 2.0885245611e-02 1.3559868550e-01 7.3436676091e-02 -1.0688167823e-01 9.3018440343e-02 -1.5131826951e-01 -2.8319360781e-02 1.1911422120e-01 1.0547243490e-01 1.6719336241e-01 8.0382918080e-02 -8.1837404977e-02
-3.4101310155e-02 4.5984251967e-02 7.5131423738e-02 1.3584312949e-01 -1.3985693735e-02 7.0468157235e-02 -5.1972220412e-02 1.8489064806e-01 9.7117518074e-02 -3.4722567845e-03 7.4950091597e-02 9.0258588624e-02 -2.4029746607e-03 -5.5032820749e-02 8.4451136364e-02 2.6937423963e-01 1.1180358046e-01 -5.2849709816e-02
-6.1096795157e-02 -2.6540248892e-03 4.0460123887e-02 5.1358054083e-02 -6.0119633937e-02 7.8543907026e-02 3.4567006665e-02 1.6961424124e-01 3.0737273144e-02 2.4638009527e-02 8.1901378513e-03 2.1865193317e-02 -1.1849304288e-01 1.2597350023e-02 5.9585851774e-02 2.7851179543e-01 3.0476685287e-01 4.6189023013e-02
-9.6795095915e-02 -1.1532676794e-01 2.3245673454e-02 1.6413522010e-02 7.7989383556e-02 -1.5158186913e-01 3.4808552955e-03 -3.1558543695e-02 -1.7226044895e-02 4.2615417713e-02 -3.3793928586e-02 -8.4734434372e-02 1.1129527383e-01 1.0648720917e-03 5.9949095904e-02 5.4349244582e-02 -7.3176667518e-02 -5.3156262362e-02
1.1516160996e-01 -7.8123587437e-02 -6.3131138510e-02 -4.1237792037e-02 -1.5696295973e-02 -1.2894416139e-02 1.2611439248e-02 -3.7034942599e-02 -4.9167597473e-02 -5.0032074574e-02 -7.6103197867e-02 -1.1346950678e-01 1.0504615335e-01 1.4846023980e-02 -9.6169077461e-02 -9.4709607932e-02 5.3178233819e-03 -5.0622718205e-03
-4.6360718328e-02 -2.2863222108e-02 -1.1838231287e-01 -6.3518774411e-02 -4.7605715392e-02 1.5491972105e-01 -1.5414676435e-01 1.9278022438e-01 -4.7490252897e-03 -1.1196440023e-02 3.9345318833e-02 -5.0764708644e-02 1.8524966373e-03 -1.0376067704e-01 1.2355538429e-01 2.2328625521e-01 7.4836350512e-02 -7.0803770650e-02
-2.5396345475e-02 -1.7015399842e-01 6.5363467766e-02 -1.1268295531e-01 -5.1926025356e-03 6.0562457262e-02 -5.0342661270e-02 4.1462389221e-02 4.3757154181e-02 -5.4356144309e-02 2.0165476037e-01 -1.2026671012e-01 -1.0153360148e-01 1.5843544714e-01 1.3574449229e-01 7.7990395602e-02 3.0836277432e-01 4.6574031320e-02
-2.0551204748e-02 -4.4579653311e-02 -4.6835269996e-02 -6.1925902899e-02 -2.3777416323e-02 2.3934429942e-02 -6.6652274520e-02 -7.3971595033e-02 -1.1075457137e-02 -1.3990437960e-02 9.4858315050e-02 1.6535026950e-02 9.9117571227e-02 -1.6539969719e-03 1.8847150618e-02 1.3346594238e-01 2.4843356114e-02 1.2680989970e-01
-4.5854843829e-02 -1.9565746302e-01 3.0845017989e-03 -7.1577016183e-02 -3.6674894938e-02 9.0511508797e-02 4.3692882720e-02 1.3598833969e-01 1.1685710776e-01 -1.0792432296e-01 -4.3548773815e-02 -2.2347791967e-01 -9.1474244686e-02 1.1989511685e-02 9.9426999379e-02 9.3092387552e-02 3.0648602293e-01 -7.7802434332e-02
-5.8382070145e-02 4.0772519953e-02 -8.3807152644e-02 5.2753852687e-02 1.9500358516e-01 -2.7348652395e-02 -9.0794465078e-03 -2.8640188471e-02 -1.7970565585e-02 -4.5484354619e-02 8.9580739487e-02 7.1265274396e-02 1.1054156310e-01 -5.7413467527e-02 -2.7405593668e-02 1.6128268916e-01 -1.8863573682e-02 6.6953589825e-03
1.1711988251e-01 -1.1327526300e-01 2.3746369666e-03 -1.2296676910e-01 -6.2417714458e-02 2.6802967689e-01 5.0924207673e-02 1.0251726037e-01 1.5442931191e-01 -2.7314510282e-02 4.2985774712e-02 -1.4768852835e-01 -8.3120454564e-02 1.3829006191e-01 1.5144729029e-01 1.1466865937e-01 1.4848632052e-01 1.6214256610e-02
-2.0152400210e-02 -8.6227161383e-02 2.8393936483e-02 -1.2346042528e-01 -7.1919964281e-03 7.7285171465e-02 -2.6356623004e-03 1.4927639908e-01 1.4735318586e-01 4.0353674258e-02 -1.4064541819e-02 -2.3837723344e-02 -2.6158762818e-03 -5.1994342541e-03 9.5605006362e-02 2.7220703104e-01 1.3825261071e-01 -3.3974785333e-02
-1.5048721005e-02 -1.0068090742e-02 7.5295590105e-02 -8.2027917937e-02 6.8519686016e-02 -9.9624187012e-03 -5.8694737169e-02 1.1396566568e-01 4.9972251711e-02 -6.0502088565e-03 -6.4653567644e-02 8.1500867305e-02 7.4852967935e-02 -1.1082793390e-01 7.5578201925e-02 9.3552244055e-02 -4.8826266960e-02 1.2995562321e-02
-1.8052703292e-02 2.5044155740e-02 -6.4746211016e-03 1.3428215498e-01 -1.0307830004e-01 -7.8303521948e-02 -6.1137339153e-02 1.9213706031e-01 -4.8787862460e-02 1.2220253454e-01 -1.3760338843e-01 1.5595327952e-01 1.4675508647e-01 8.9270421406e-03 5.3496539736e-02 2.0594793496e-01 6.7089747077e-02 1.4428331594e-01
-1.8175297666e-02 -8.5929507584e-02 -2.1335714072e-02 3.3210768992e-03 -1.6817105661e-02 1.8193996903e-01 -5.8639763381e-02 9.6369838489e-02 5.9960101784e-02 -4.4039230267e-02 7.1833047014e-02 -1.1737470824e-01 8.1287651592e-02 7.2743028053e-02 2.3528644531e-01 1.0438240427e-01 1.3632445677e-01 -9.2380444094e-02
4.5346965035e-02 9.6979213546e-02 -1.3375717933e-01 6.9800556136e-02 -1.9466962598e-02 5.3809056007e-02 -8.3700662910e-03 2.4678404512e-01 7.6079172639e-02 -3.1137207635e-02 2.4643788813e-03 1.2001377444e-01 7.9252899358e-02 3.3268238756e-02 4.0717796109e-02 1.7507443579e-01 2.2312671218e-01 -1.3692594581e-02
3.3706233581e-02 4.3761984131e-02 1.0616976525e-01 -1.0048910489e-02 -7.4383412396e-02 -2.7829716551e-02 -5.5880038793e-02 -6.0367498737e-02 3.8135560599e-02 -2.4131683882e-02 -3.5092003091e-02 -7.7372602197e-02 4.1254631611e-02 1.4730703699e-02 -1.2340151628e-02 -5.1059843685e-02 -1.0099864522e-01 5.2654194244e-02
