1.2110544256e-01 -4.3097377302e-02 1.2051486237e-01 1.7947983303e-01 -3.5843071530e-02 1.5498773302e-02 -1.5967009167e-02 9.1804267194e-02 -3.4543576542e-02 1.6399683705e-01 -2.5789923266e-02 1.1903711874e-01 1.1524893448e-01 4.5311171745e-02 -1.5163340189e-01 -4.8027022365e-02 8.2335856533e-02 1.6674655230e-01 1.0039207036e-01
1.7956985492e-01 9.4245561307e-02 1.4003593223e-01 2.8603375060e-02 -3.4493285793e-02 1.8109473670e-02 -1.5577116087e-03 5.6607769184e-02 -1.6806239858e-02 7.5374796408e-02 -6.4025490726e-02 1.5618599245e-02 5.8347730601e-02 -1.4901007208e-01 -1.0051587427e-01 -5.6998375720e-02 8.2383363007e-02 1.0031538997e-01 1.1611866252e-01
1.5589944710e-01 -1.3137164957e-01 5.7313989651e-02 1.5954773262e-01 -3.9061898849e-02 -1.3210146312e-01 -2.9622925294e-02 7.2657188245e-02 -5.3802765873e-02 1.9945888153e-01 -1.4572998543e-01 6.7236405702e-02 1.6482056371e-01 4.5135299390e-02 3.4255051207e-02 -1.3982095281e-01 1.0166289030e-01 1.1969764772e-01 1.4920434786e-01
8.8601790654e-02 -9.2476958074e-02 1.2672221060e-01 2.2118874810e-01 2.0482095588e-02 -3.8349672441e-02 2.6987125900e-02 -1.0290300484e-02 -6.8498238634e-02 2.6004495462e-02 -1.1507871256e-01 6.5928631291e-02 6.4797798775e-02 1.3738440119e-01 -1.0073112902e-02 -4.6727996004e-02 2.1942586634e-01 1.4322270940e-01 1.8817878681e-01
9.9032137695e-02 4.5745424673e-02 2.0658714315e-01 1.4007988265e-01 -7.3403728806e-02 5.4656227970e-02 -8.0515500699e-02 1.2453089086e-01 -3.5626319334e-02 7.7993167985e-02 -4.2130471828e-02 3.9255823917e-02 6.7378233665e-02 5.2865056743e-03 4.7683142722e-02 -9.3845832148e-03 2.0838715514e-01 1.1905734520e-01 5.3559482287e-02
9.9129512010e-02 -6.9081286045e-02 6.0453540681e-02 6.9083488543e-02 7.3644201261e-03 -9.6773704836e-03 2.2328365164e-02 5.4995204609e-02 1.0133612033e-02 2.4850999204e-02 -4.0165818391e-02 1.8900523684e-01 9.6839745847e-02 -2.2990769640e-02 -3.5484772429e-02 -2.0751883117e-01 8.4060987588e-02 -1.4442951215e-03 7.8346211353e-02
6.9184950140e-02 -8.7716274554e-02 1.4128178948e-01 1.6401412862e-01 4.7605328402e-02 -2.3713060545e-02 -4.6984390646e-02 2.6215289930e-01 9.4340428004e-03 -4.8340088681e-03 8.3838754943e-02 2.0891269879e-01 2.5577897778e-02 8.2673354299e-02 -6.2187634428e-03 1.0861247717e-03 1.4211759610e-01 6.6237739023e-02 1.2071368242e-01
-1.5418953299e-01 -8.2088994085e-02 -8.4520062152e-02 -4.5277943966e-02 1.2119754457e-02 -5.3603712327e-02 6.9558069916e-03 -5.9229758798e-02 -5.6960650880e-02 9.0428685362e-03 2.2717470221e-04 -5.5062954814e-03 -2.0152795145e-02 -1.1478734865e-02 -1.7136358573e-02 -5.6312679085e-02 8.2716146651e-03 -5.7003994800e-03 1.1084617914e-01
2.4885918193e-01 -7.1766350474e-03 1.8898483780e-01 1.5300844090e-01 -1.1954645598e-01 -1.4986765704e-02 1.2806951350e-02 1.2576568425e-01 -2.6391044867e-02 1.3084267634e-01 -1.3590462835e-01 2.3435723047e-01 1.4283096472e-01 1.2491500841e-01 -4.8280151555e-02 4.4003243821e-02 1.9967663459e-01 2.0253515428e-01 1.9650228067e-01
8.9313352278e-02 -3.6456261568e-02 -1.1977801809e-03 -5.6903049376e-02 -3.7213798167e-02 3.4164575404e-02 3.7776172172e-02 7.3596881833e-02 6.8589568615e-02 -3.4055984656e-02 -4.1695424228e-02 5.9866514970e-02 4.0218559719e-02 -8.4986118525e-03 8.4944445212e-02 5.6657856003e-02 1.1478891423e-01 4.0218272559e-02 -8.7314675521e-03
-1.9312880934e-02 -7.5456161018e-02 3.6514522223e-02 -4.1041227296e-02 4.5393598166e-02 1.1796762721e-03 9.4191299511e-02 1.0818229667e-01 -4.7136962860e-02 -4.0467577868e-02 3.8330410067e-02 -1.5124777257e-01 -1.0368333199e-02 -8.0326454513e-02 -7.2885051351e-02 -4.3819460966e-02 1.4615997983e-02 -1.3784148525e-03 1.8342918679e-02
2.1647136112e-01 7.6343362119e-02 4.7100695072e-02 1.1090725280e-01 -7.0361910494e-02 -4.4953111196e-02 -6.8047738234e-02 3.8309413040e-02 -4.9641026358e-02 6.7817123473e-02 -1.1896677383e-01 1.9330696499e-01 4.4857738888e-02 8.6989236339e-02 -5.2469520124e-02 5.4321039537e-02 6.8108221894e-02 5.0687101121e-02 1.2922175542e-01
3.9226748429e-03 2.0231299358e-02 -1.3994590193e-01 1.3983175830e-01 2.5743508716e-02 1.0763092797e-01 -3.2762738219e-02 1.6841436713e-02 1.1816613226e-01 1.0415288931e-01 1.5419164850e-02 3.4195959439e-02 -1.6535878668e-02 -4.4228622855e-02 4.1647262162e-02 4.1439144273e-02 1.1236825065e-01 4.0456633873e-02 4.1193135835e-02
1.5593289665e-01 7.6041377912e-03 -3.0470561359e-02 -5.6028092321e-02 -1.0187415004e-02 -1.3169913483e-01 -6.6992604048e-02 -6.2521797960e-02 -4.3935463097e-02 7.5155219962e-02 3.2336563865e-02 -1.3720092167e-02 -2.9703346644e-04 -1.6642650259e-02 -1.1302886802e-01 -1.2402638441e-01 5.0245246098e-02 -4.7592695780e-02 3.0270679186e-02
-1.5226978712e-02 4.8504575060e-02 -6.2730974960e-02 -1.0872489340e-01 1.3883608198e-01 1.2656011985e-01 -2.2679601114e-02 6.0162473399e-03 7.3442321402e-02 -1.9444031225e-01 8.8485721794e-02 1.5739525331e-01 -9.2617807528e-02 -4.8526193851e-02 -5.4104318362e-02 -1.3719747745e-01 -8.9597561192e-02 -2.6347206712e-02 7.0611084920e-03
3.4698619131e-02 2.7194173308e-02 -2.3776154023e-01 -1.0619701394e-01 -2.6387233337e-03 -6.1900971856e-02 -9.0962480639e-02 -6.8567621397e-02 -2.2401667362e-02 -1.8504660423e-01 2.0985351270e-01 8.7976248663e-02 -6.0937243980e-02 1.4854504934e-02 4.2703159769e-02 -2.0456695179e-03 -7.4110085826e-02 -2.3785947062e-01 -2.6806496332e-02
2.3437260117e-01 -2.6079929833e-01 1.0667502251e-01 1.6517478599e-01 -1.3592773452e-01 -4.4513059100e-03 -4.4593949719e-02 3.0748048314e-01 -5.3181366144e-03 2.6319828803e-01 -1.9848944871e-02 1.2765658371e-01 1.5006095152e-01 2.1691080830e-01 3.8881535686e-02 -1.3930029518e-01 2.2455778010e-01 2.6906940313e-01 3.0229776938e-01
-3.5651041112e-02 1.8917077340e-02 5.7976286575e-02 -1.0290571202e-01 -4.9230040058e-02 -4.4921100881e-02 -4.4925228186e-02 1.3597929538e-01 1.1361710442e-01 -1.4704407551e-01 -1.1849863004e-02 5.2656135839e-02 2.0489267389e-02 3.6985435169e-02 1.2792469891e-02 8.0692439210e-02 -8.9047627733e-02 6.9445316725e-02 1.3348283499e-02
1.9824330968e-01 -3.8162726448e-02 1.0259534152e-01 1.4571453936e-01 -2.0841190425e-02 4.2960641411e-02 4.4760949351e-02 -3.3480895873e-02 2.9547502581e-02 9.8528589115e-02 -2.0079340464e-02 1.8183702631e-01 4.1708902552e-02 1.0192198878e-01 -7.4275940646e-02 -1.2111736145e-01 7.7426539143e-02 1.2799915692e-01 1.1777121481e-01
