-8.1087472643e-02 1.1686722022e-01 -7.5427257434e-02 1.2131164774e-02 1.3282054781e-01 -2.4065684754e-02 1.6110902332e-01 -5.0952207023e-02 -2.0104333078e-01 6.0247174467e-02 -6.3594094063e-02 3.0471299808e-02 9.7042992669e-02 -1.7274526121e-01 3.5762212801e-02 1.0787110844e-01 -4.6332437377e-02 6.2114466114e-02 -3.5964179181e-02
2.6923566872e-02 1.0769317423e-01 -1.3465232543e-01 6.6215517149e-02 4.0918018728e-02 -6.6848092825e-02 1.4322249895e-01 8.0447131359e-02 -9.5923390679e-02 -1.0039962742e-01 -4.9201796489e-02 -9.1629287093e-02 1.2744581287e-01 -1.7365375867e-02 -9.9252758299e-02 -1.9820149117e-02 -1.1455146994e-01 2.3612962114e-02 4.1504750358e-02
-3.4811949411e-02 -8.3255603466e-02 3.3315906785e-02 1.7433503748e-02 2.1173906813e-01 -3.3186991587e-02 2.6759287300e-03 -3.4015132153e-03 -5.4357676106e-02 1.6211379631e-01 5.5371710100e-02 2.1738388087e-01 -4.7809824569e-01 2.8480677978e-01 -6.9295576915e-02 9.8776404265e-02 -3.7966276409e-02 1.6125402979e-01 7.8123798766e-02
-9.0359829724e-02 3.6443806610e-02 3.4133122387e-02 -2.2850512148e-03 1.5823269520e-01 6.2704919069e-02 -8.2658271868e-02 1.9398134865e-02 5.7184108077e-02 1.5511721577e-01 1.3848674324e-01 1.7484317547e-01 7.3139726392e-02 8.7330132090e-02 -9.1520944240e-02 -4.3753240800e-02 8.8021224510e-02 6.7307024948e-02 -4.2489018377e-02
1.3271580982e-02 -8.3686758779e-02 5.4804520564e-02 4.4247762566e-03 5.5555987079e-02 1.1444594763e-01 -1.7358183719e-02 -1.2208127641e-01 -2.0831134843e-03 8.4899742708e-02 6.7606239299e-02 1.7717190541e-01 -1.6593405537e-02 1.1268614625e-01 3.4349174542e-02 1.3108218102e-01 3.2701456981e-02 1.3130463247e-01 4.3615129870e-03
-1.1955080250e-02 -1.0431330289e-01 8.1220108875e-02 1.9134456805e-02 3.8652022636e-02 -2.5004921853e-02 -8.5891430756e-02 -5.9215294884e-02 -5.9106673940e-02 -2.6311421194e-02 -4.3247840055e-02 2.1417260724e-02 3.0122911039e-03 -4.2445690746e-02 -3.3681933149e-02 -5.1067614802e-02 6.5499300547e-02 4.7964644535e-03 -1.1846239931e-01
-1.4584472957e-02 -1.5698752032e-02 1.6620596756e-01 -4.1944704480e-02 3.1864577611e-02 -5.3145013699e-02 5.4932097453e-03 -3.3910542573e-02 5.4323881053e-02 1.7262108833e-01 1.4364138604e-01 4.7474008157e-02 -1.8564698018e-03 2.1276010881e-01 7.1902241998e-02 4.3083307920e-02 1.2794437670e-02 -2.8536691019e-02 -3.4002904092e-02
2.1530978775e-02 2.5082138251e-02 -6.5616796745e-02 3.1356832619e-02 -2.2784876591e-02 -2.7370853417e-02 -9.3713856233e-03 -3.4761352508e-02 -3.2469438073e-02 1.8408544764e-02 2.4698568333e-02 -1.0883671126e-03 1.2677603993e-01 -4.3141591217e-02 6.7004152312e-02 9.1302276842e-02 -2.3624059575e-02 2.9705566298e-02 7.0285279167e-02
-1.1510671738e-02 -7.5327853636e-02 5.1059231578e-02 -1.5016542266e-02 1.0174202808e-01 -4.1225749438e-02 -4.1205054645e-02 -7.6068080622e-02 -3.3714165225e-02 1.3284257709e-01 1.0724319381e-01 4.6967761500e-02 -5.4862265759e-01 2.0374550426e-01 -4.8144196457e-02 8.5100514248e-02 -1.0038433744e-02 9.8699731087e-02 -3.1085961970e-02
3.1281783013e-02 4.4412213381e-02 8.0913944750e-02 -4.5096617389e-02 1.8169670629e-01 -2.8728239278e-02 -6.0369364231e-02 4.9044118767e-02 -7.7056868638e-02 1.5844441034e-01 1.7360123774e-01 7.5832737877e-02 -2.7914445449e-01 1.0682864305e-01 -2.9340821315e-02 2.2222905499e-01 -1.6663488365e-01 1.1148748125e-01 -8.3998145244e-02
-2.8716368361e-03 1.5277087949e-01 -1.5979424381e-01 -1.1701690217e-01 -8.1254328582e-02 7.5422923184e-02 2.9307072399e-01 -4.5051854498e-03 -1.1002313230e-01 -2.3121597004e-02 -1.8680249825e-01 -1.1933422993e-01 3.0392632757e-01 -1.9106849891e-01 -3.5770647265e-02 -1.8996629735e-01 -1.3151876206e-01 -1.5183031487e-01 -8.3685332809e-02
-1.1466962541e-01 1.0232810327e-02 7.1146236701e-02 -6.3850573676e-02 9.8822900136e-02 -7.0405509086e-02 -2.2319615649e-02 2.5443240265e-02 -2.5887637593e-02 5.2663182590e-02 9.3902856391e-02 5.1690259741e-02 -6.2063640049e-02 1.3268305035e-01 -5.0647795398e-02 2.4041178221e-01 -2.5774530333e-02 8.9386997691e-02 -1.3254656971e-01
-9.3210583014e-02 -1.1794567751e-01 6.2407372714e-02 5.5836347874e-02 2.5100911369e-01 -1.0311769035e-01 -2.5757972926e-01 -8.1511813302e-02 -2.7028591296e-02 1.7576918813e-01 8.9445283913e-02 2.0401938161e-01 -2.3316388907e-01 1.1500243983e-01 2.4226601826e-04 1.4411530996e-01 2.7587771471e-02 1.4833945678e-01 5.5309824958e-02
4.9951490962e-02 1.4087699818e-01 -1.6093119344e-01 3.0113462159e-02 1.3101878600e-03 -5.4790335847e-02 1.9687472171e-01 -7.1821351406e-02 3.3312469157e-02 -1.2187055055e-01 -1.7710709418e-01 -3.6280583980e-02 1.3657888162e-01 -5.6380631004e-02 6.0879856515e-02 -9.0739440160e-02 3.6956629570e-02 -2.8586103023e-02 -3.2125501099e-03
3.7734488521e-02 -2.7866787614e-02 5.9705606842e-02 -8.8035659371e-02 2.6074223919e-01 6.2375553579e-02 -8.6542469180e-02 -7.5586009339e-02 -7.6962242015e-02 8.5329072507e-02 5.6445544097e-02 8.4592768106e-02 1.4901438401e-02 4.4256971826e-02 2.5074864637e-02 1.0167401006e-01 -9.0379614812e-02 2.2906721418e-01 -5.6056746835e-02
-1.7943102347e-01 -4.4470866534e-02 -9.8970502683e-03 -9.6875737269e-03 3.7969929212e-02 3.7150939867e-03 -5.9413605656e-02 -7.2130605448e-02 -1.3589974526e-02 6.5848296557e-02 7.7810244593e-02 -3.1265497074e-02 3.8182148770e-02 -6.2819413598e-02 5.1810397926e-03 -9.1078009821e-02 -3.8460576274e-02 -5.2026734766e-02 -8.7485413619e-02
6.3888498317e-02 -1.7214255234e-01 1.7038161209e-01 -5.9200169066e-02 1.0497013785e-01 2.8801288324e-02 -3.4719241162e-02 5.5134002181e-02 9.6892355448e-03 9.1626582733e-02 1.1035194316e-01 6.5515301138e-02 -1.8696178724e-01 2.0517169337e-01 1.4191237057e-01 1.0785042984e-01 1.1431401125e-01 2.2162919582e-01 2.9710235745e-02
-2.6255266713e-03 -1.9975513743e-02 7.4699055435e-02 2.3483698846e-02 1.3967282376e-01 -1.1453386744e-01 -1.7905900074e-02 8.2351912238e-02 -1.9161239858e-02 9.6174705505e-02 4.4929967827e-02 2.0506146014e-01 1.5305318497e-02 3.9719400832e-02 -3.5358284718e-02 7.7016591990e-02 2.5986620551e-02 1.4733778031e-02 8.2916218292e-02
-3.8620042621e-02 -7.7484901427e-02 -2.9503868456e-02 -3.4255976041e-02 7.7496842574e-02 -4.8790325451e-02 -1.3610631119e-01 -3.3570277131e-02 1.3478692019e-02 -7.7829628097e-03 -3.2627598411e-02 -6.6879490841e-02 -3.8499206468e-02 8.8562982190e-02 -1.3497716806e-01 -1.2779943935e-02 1.1994221284e-01 4.7894134588e-02 -3.6032159184e-02
