-3.2471370961e-02 5.7341646974e-02 7.3358898730e-02 -6.9637705375e-02 -5.2837059157e-02 5.9017489065e-03 -7.6276461339e-02 -2.5390315458e-02 -2.7388488987e-02 5.5292283841e-02 1.0029892627e-01 2.0123887468e-02 -1.4849699802e-02 -5.0412813570e-02 5.3846875027e-02 1.3567311442e-02 5.0499200981e-02 1.2547937304e-01 -4.8561242683e-02
-6.9847126313e-01 -3.7183820655e-02 -6.3732025260e-01 3.8677296936e-01 -6.6422224816e-02 -1.8569405042e-01 4.7126758932e-03 7.5250032796e-01 5.9436802065e-01 -4.5564125088e-01 -6.2125661022e-01 9.8472905136e-01 -9.4277623440e-01 -4.5086911012e-01 6.2559951893e-02 -7.8586428404e-01 -4.7791841680e-02 -4.4744866975e-01 -1.4107842166e-02
4.6645851654e-02 -1.0673361058e-01 -4.4372233638e-02 -6.2566750177e-02 -1.3468978793e-01 -3.8279042208e-02 -7.0876527952e-02 7.2784817654e-03 8.1277819173e-02 1.1756739207e-02 -2.9859747927e-02 3.4820469123e-02 2.1071205213e-02 -7.5138306893e-02 -4.0737908514e-02 -1.3116378911e-01 -8.9708370505e-02 4.4118982470e-02 1.0196581767e-01
2.8900517331e-01 1.3129788483e-01 2.6343083218e-01 -2.1901538522e-01 2.8488535714e-01 3.6111936906e-01 1.3068767208e-01 1.2750120619e-01 1.6170938007e-01 3.7259271816e-01 2.6639112588e-01 -2.4306740586e-01 3.5201061520e-01 3.1810414227e-01 2.4019021700e-01 2.0416342931e-01 3.0102020712e-02 2.5124748738e-01 8.0439633861e-02
4.9844382081e-03 8.5006657798e-02 8.6383666821e-02 2.8038765157e-02 -2.5078963298e-02 2.2648772296e-02 -3.4049118351e-02 -7.0221266516e-02 -4.7518674017e-02 -1.1626520091e-01 5.5959233003e-02 -4.6268247349e-03 1.9825905456e-02 4.5690153092e-02 7.4481651469e-03 2.9788732179e-02 -4.2251455587e-02 6.2061398480e-02 1.1167884409e-01
4.0167747734e-02 1.2444951923e-02 4.1392052160e-02 4.5440766918e-02 4.9166043307e-02 4.5297516303e-02 -1.2119039163e-04 9.5106561861e-02 -4.5563598622e-02 5.0044333488e-02 1.8656178852e-01 -4.5406125206e-02 1.0756102884e-01 2.6840326953e-02 4.4578040173e-02 7.3997730162e-02 -4.0127200726e-02 1.5639690195e-01 -3.5306440426e-02
1.0145433220e-01 -5.2329293915e-02 -1.6578987704e-02 -1.5766224833e-02 1.9631923401e-01 1.6568636336e-02 -4.7943321770e-02 1.5891470950e-01 7.4322640194e-02 3.3106005704e-02 7.4117147174e-02 -1.1987744810e-02 6.6595525186e-02 -1.6513742902e-02 1.2459525551e-02 1.9906585080e-02 -6.3411383231e-02 6.5304532682e-02 -1.3530945921e-02
1.0268128452e-01 -5.0922403927e-02 7.7223166482e-02 -9.1090064377e-02 9.1556821650e-02 1.3862319048e-01 -1.6346126550e-02 -2.4067637984e-02 3.2393308197e-02 2.1282438212e-02 1.0500248992e-01 2.7633561320e-03 7.3825461332e-02 1.7223929893e-01 1.6934143453e-01 -1.8771597115e-02 -8.2765591639e-02 1.8532981635e-01 -2.0335320637e-03
-7.4609189647e-02 -1.4426854694e-02 -7.8473697938e-02 1.3953562387e-01 -7.9154038808e-02 -4.7416584500e-02 -6.5797090619e-02 1.0384427454e-01 -2.0233491872e-02 3.0105012965e-02 -8.7845047819e-02 1.1550254669e-01 -6.2288850665e-02 -8.2579778155e-02 -1.2200799357e-02 -5.9208265358e-02 -3.9450176271e-04 -6.5320070458e-02 -7.1615902342e-02
-1.6394732866e-01 -1.2780837036e-01 -2.0184745120e-01 8.2020119121e-02 -2.3169663654e-01 -1.4612023009e-01 -1.5042821421e-01 -9.4141202010e-02 -7.3800231241e-02 -1.6868833387e-01 -2.7172364516e-01 3.1763851623e-01 -3.5973815864e-01 -1.5012323220e-01 -1.9022649427e-01 -2.8850233421e-01 -1.2200118106e-01 -2.8569364485e-01 -7.9791138107e-04
1.0007603036e-01 -1.5563969244e-01 9.5266467123e-02 -4.0919482511e-02 5.2475100386e-02 1.6510404652e-01 2.6480604566e-03 -2.1730016004e-02 1.4439033245e-02 1.0187332545e-01 8.8586543344e-02 -1.9755658447e-02 -2.8567648345e-02 1.0419032670e-01 6.4109343933e-02 1.8311985768e-01 -4.9815807101e-03 2.0144518427e-01 1.4137709133e-02
2.1275731664e-01 -3.3364361566e-02 2.2196027622e-01 -6.4451440971e-02 3.6580359104e-01 3.4316159837e-01 8.2220601418e-02 1.0942855629e-01 -1.4990041646e-01 3.2130778378e-01 3.2720459011e-01 -7.5409054506e-02 3.1803549367e-01 3.7934283639e-01 3.2195557205e-01 3.6049703811e-01 7.9256615087e-02 4.2904325428e-01 -7.4118762661e-03
-1.8216242819e-01 -3.9806410549e-02 -2.5391373855e-01 1.4964078760e-01 -4.8110368813e-02 -1.0521585641e-01 7.1507967243e-02 -8.1493550277e-02 7.9754065114e-02 -3.2127074863e-03 -2.4359110853e-01 -9.3029593503e-03 -1.6758081822e-01 -1.3166807659e-01 -1.4530584052e-01 -2.2219135214e-01 5.1484922687e-02 -6.3830633392e-02 1.6282480456e-02
1.4426848107e-01 2.5242423805e-02 1.0495463146e-01 9.0287955932e-04 6.5535038932e-02 7.0337367201e-02 4.5880799351e-02 -9.8821723823e-03 9.8048126775e-02 8.1402675689e-02 -1.1403579227e-01 5.0039783434e-02 4.6509578172e-02 1.3009769602e-01 6.1303000538e-02 1.7433202324e-01 -1.9755975458e-02 -6.4174683482e-02 -7.3711101649e-02
2.4893428008e-02 -8.6074380508e-02 1.0626772273e-01 7.2729346577e-03 3.7417439141e-04 1.7569136883e-02 1.1466491049e-02 -3.5242911466e-02 4.9148613468e-02 1.9385829493e-01 1.3953354082e-01 -9.9062190142e-02 2.0910846767e-02 2.8417822920e-02 1.0195500170e-01 5.5459212293e-02 -1.6011903420e-01 4.1175409438e-02 -3.8800886458e-02
9.9561096840e-03 -1.1897801332e-01 4.5092073401e-02 -1.3670598504e-01 -4.2425750616e-03 9.7662723615e-02 -1.1197728249e-01 -7.5552414909e-02 2.6385321332e-02 1.6552189150e-02 3.7949260660e-02 3.3203994430e-02 -8.2391804627e-03 6.8452884737e-03 8.2095707514e-02 1.0407197131e-01 4.0817444607e-03 1.7102294268e-01 4.5951862742e-02
-1.0989905868e-01 -9.0795928122e-02 -8.9024101485e-03 -1.5305472822e-02 1.9567704023e-02 -2.5480126072e-02 2.1269093839e-02 -9.3610023529e-02 -8.0060416371e-03 -1.3469959643e-01 -1.4702662640e-02 -3.9797539024e-02 -5.8993434496e-02 -1.3445903004e-02 -7.4197831048e-02 -7.2354207902e-02 -5.0292448012e-02 9.7991054435e-02 -1.7937679482e-02
2.4841551555e-01 2.9589644460e-02 5.7475754326e-03 -6.4892930268e-02 1.7386548013e-01 1.4557289245e-01 -2.2042995166e-02 1.7787566618e-01 1.6772183617e-02 3.0544604193e-02 1.0810132249e-01 -5.7102801395e-02 1.5850722778e-01 6.9773419938e-02 8.9887597918e-02 1.1374503103e-01 -1.3956449686e-02 7.9458873464e-02 5.8743721206e-02
-4.2351588489e-02 -8.3619532130e-02 -1.2466993902e-01 -3.5130198120e-02 4.7987828017e-02 2.7434334163e-02 -3.2595797550e-02 8.6343786440e-02 9.3185698471e-02 1.6768292968e-02 -4.7272428987e-02 1.1658001829e-02 4.1477106710e-02 6.9682418989e-02 -2.7136456696e-02 4.0224516829e-02 3.2082427727e-02 5.9975288777e-03 -2.7510226747e-02
