-1.3392526157e-01 2.4707320689e-01 1.8377135115e-01 1.9850714935e-01 2.5283364094e-01 -2.2267680175e-01 -2.2961533502e-01 2.7243431684e-01 -3.5120018073e-02 1.7146460294e-01 -5.2782423001e-02 2.6097538872e-01 5.0522509750e-02 1.9097016703e-01 -7.4116512734e-02 -1.4871378349e-01 -1.0927978099e-01 2.7969590208e-01 -4.9402739675e-03
-1.9377681541e-01 1.7865832840e-01 1.5172858303e-01 1.8827981345e-01 6.0967891941e-02 -2.4716829382e-01 -2.0578734230e-01 2.4915088847e-01 -1.5513578838e-02 1.9702696564e-01 -2.4795792041e-01 2.0188920736e-01 1.3533498384e-01 2.9886160919e-01 4.2363871414e-02 -8.4188507438e-02 3.4201988286e-02 2.0664214318e-01 5.9788629091e-03
5.4377058081e-02 6.3198601371e-02 8.0106042211e-02 -8.1649361643e-02 -1.3302198028e-01 -1.1179940219e-01 -4.6829013443e-02 3.1217873570e-03 -1.0243584226e-01 -6.4009961567e-02 1.0449706395e-03 -2.6099835921e-02 8.5689680202e-03 -1.1071408582e-01 2.9497925191e-02 1.0593616417e-01 -2.6495836124e-02 6.5868224906e-03 2.3440963387e-02
1.6026792008e-01 -1.0691197052e-01 -1.5501210057e-01 -3.7869943931e-02 -1.0284078960e-01 2.0553252498e-01 1.7822659149e-01 -6.2404107178e-02 1.6593497715e-01 -2.3800356462e-01 1.3766547673e-01 -9.4321478514e-02 8.2275234257e-02 -2.4546958869e-01 -7.5824953618e-03 1.8715128946e-01 1.1516141186e-01 -1.3182544435e-01 7.4712401036e-02
1.0216472983e-01 -1.6558723158e-03 -5.7492425127e-02 -1.0400203289e-02 2.2421945434e-01 1.1634981343e-01 1.1090171470e-01 7.4294692458e-02 8.0136209356e-02 -7.1987706019e-02 8.1194873422e-02 3.8108432809e-02 -7.5340577111e-02 -1.0409617059e-01 5.3497000017e-02 1.7488842733e-01 3.2575882688e-02 3.0686213007e-02 -2.4813714821e-02
1.2991622805e-01 -5.2271459105e-02 -6.1795492494e-02 -9.9267318658e-02 9.5506096570e-04 9.9731604433e-02 6.5959132127e-02 -4.4822180134e-02 -2.4307009036e-02 -8.3842242006e-02 2.3263512951e-01 -1.9873053945e-02 -5.3660905575e-02 -3.2760151823e-02 -3.4430909824e-02 9.5443022243e-02 7.7213915009e-02 -2.0271937745e-01 -1.1113674975e-01
9.8717934846e-02 3.8061209355e-03 -1.0790406852e-03 8.5715029328e-02 -1.0562488396e-02 -3.7832650124e-02 -2.1121824383e-02 -1.3365766553e-02 -5.5569454380e-02 1.1220326854e-01 5.7777746700e-02 6.3370526137e-03 4.4027533035e-02 -2.0633959213e-01 3.9598968617e-02 5.1387743500e-03 4.2380422627e-02 4.8151648557e-02 -7.8052848715e-03
9.2206720967e-02 1.1050321555e-01 1.7174530543e-01 1.4819931567e-01 5.8328098888e-02 7.8782495877e-02 -1.5807824907e-02 -3.8115070067e-03 -5.2893035191e-02 5.6876759205e-02 1.3001958650e-01 1.7086733451e-02 1.6585770191e-01 4.9228928887e-02 3.0001570589e-02 2.8013760279e-02 3.8471518039e-02 1.1526696535e-01 7.9970030868e-02
7.0194539626e-02 -1.1587504154e-01 -2.0371578218e-01 -1.5141936626e-01 9.2212589990e-03 1.4950870924e-01 2.1627208934e-01 -8.6160328920e-04 -1.4108474178e-01 -2.2816392423e-04 1.2538549346e-01 6.5543288604e-02 -1.7513969121e-01 -1.9042449267e-01 2.8957435889e-02 2.0119844486e-02 1.5385741176e-01 -1.2982903017e-01 1.7111387759e-02
1.6487933665e-01 -1.6974065280e-01 -1.0779936141e-01 -8.0514231205e-03 -1.3538341058e-03 1.7956018712e-01 1.5448160367e-01 -2.9357746577e-01 1.4438112004e-01 -1.1281606252e-01 1.0043540057e-01 -7.4993676138e-02 -4.6290754854e-02 -9.7012716349e-02 6.1446466899e-02 3.5242048443e-02 1.3796137915e-01 -7.8722652770e-02 4.8259425872e-02
-1.9267311634e-01 1.0086250838e-01 1.6395289599e-01 3.0986185562e-01 2.0819334362e-01 -3.7234049464e-02 -8.8983810067e-02 1.7702631587e-01 1.0433835780e-01 1.0601668647e-01 -1.0747998204e-01 3.3615642648e-01 8.1702746029e-02 3.0715925810e-01 1.1852440284e-02 -1.1241262499e-01 9.9921050326e-03 1.9725351248e-01 6.1537673975e-02
1.2977236708e-01 -9.4989631906e-02 -2.9310847996e-01 -8.6160311791e-02 -5.1370183594e-02 1.0481717115e-01 6.1298007203e-03 -1.5584057457e-02 9.5903858438e-02 -1.0095299536e-01 1.5089071102e-01 -3.0019131536e-02 -1.6886930948e-01 6.3316609005e-03 -6.0021654399e-02 1.0056343196e-01 9.0630120531e-02 -2.1787619201e-01 4.7800329367e-02
-1.1776070046e-01 6.1578831333e-02 1.3962738499e-01 1.8870979775e-01 1.0412863428e-01 -1.6632975522e-01 -1.5050902385e-01 2.7664349890e-01 -2.4524596562e-02 2.1889818190e-01 -1.0535423581e-01 2.6704564365e-01 2.4750922976e-01 2.1377531662e-02 -6.0097083389e-03 -1.9267776970e-01 -7.8864041274e-02 4.5707206940e-02 -5.1483433715e-02
2.0161378683e-03 -2.9954293966e-02 1.1646640146e-01 1.0126917402e-01 1.0180701272e-01 1.7173442194e-01 -3.5360380441e-02 1.9270202591e-01 -7.5507240371e-02 1.1347531879e-01 -3.7756815297e-02 1.7005480193e-01 1.2480384428e-01 2.9797640843e-02 -3.3108426021e-02 -1.0176027026e-01 1.4775357551e-01 7.1762648272e-02 -8.7331755232e-02
2.3979327198e-01 4.2893744686e-02 -1.3708345868e-01 -1.1029720213e-01 5.6165978714e-02 5.9414581690e-02 3.2948543554e-02 -1.0649674822e-01 1.3048252022e-01 -1.9141880550e-02 3.6684927498e-02 2.8756524295e-02 -2.6629540711e-01 -1.4596372655e-02 2.3850338870e-02 3.3314776644e-02 2.0152299380e-01 -2.3291314500e-01 -4.7025130616e-02
-8.7004175726e-02 2.8629995914e-02 1.7075208524e-01 9.0698189559e-02 6.0948096820e-02 -2.1870149156e-02 -1.1949794192e-01 1.6167583679e-01 1.0108305890e-01 2.8215774896e-02 -5.7593733937e-02 2.3329316588e-01 1.2824516913e-01 6.3009109871e-03 -5.1660786024e-02 2.5174268056e-02 7.2990419513e-02 1.1520817569e-01 -7.7190936379e-02
-8.6437865327e-03 -6.1204732987e-03 7.7460205418e-02 4.6777921852e-02 3.9721371058e-03 1.8678530652e-01 9.7160508585e-02 -9.6306188030e-02 6.3618323312e-02 -3.9785595334e-02 1.2021473034e-01 1.0123222197e-01 1.7129456812e-02 -2.7716133968e-02 4.3996854334e-02 1.6543876034e-01 6.6013541958e-02 5.6642175371e-02 9.8124765274e-02
-3.3118131528e-02 -6.2035216349e-02 -1.0539863484e-02 4.0331609936e-02 -2.9417934512e-03 1.7654694342e-02 -3.5098952932e-02 5.4532779963e-02 6.2301409885e-02 1.2488202401e-01 1.1739460386e-01 -3.9965972739e-02 5.9469383577e-02 2.4726047503e-02 4.3642285572e-02 7.0859012043e-02 -3.8640732041e-02 -6.6717508432e-03 -6.3144217818e-02
1.8607252681e-02 -5.6312291055e-02 3.7381448808e-02 -4.6036426553e-02 1.3994895249e-01 1.2697322001e-02 -2.2015172108e-02 -5.1711900062e-02 4.0419494207e-02 -4.4726914971e-02 7.0231901598e-02 2.5891800178e-02 4.1917193011e-02 2.1836710380e-02 -3.5013695476e-02 2.8510694119e-01 -6.8345414303e-02 -2.7047857584e-02 -3.6824352980e-02
