7.2292538278e-02 -1.7638507158e-01 -3.7973535136e-02 9.9670209188e-02 3.4392512374e-02 6.5682831942e-02 -5.6456734230e-02 3.6220852618e-02 2.4858166014e-01 8.1055661007e-02 -4.4030526811e-02 1.3810671574e-01 8.2357478114e-02 1.8958826624e-02 1.6219492525e-01 7.2647945340e-03 -3.0138697920e-02 2.4217609059e-01 -1.1806219141e-01
-4.8615600553e-02 1.4504800029e-02 1.8817308043e-01 9.2453326835e-02 -4.2912870266e-02 1.2289168253e-01 9.8429228205e-02 2.1523515754e-01 1.8109174591e-01 4.8412975853e-02 -1.0937589608e-01 -5.6837683257e-02 1.6211708165e-01 1.8785425783e-02 1.7158022933e-01 1.6545606376e-01 5.0101018226e-02 5.6169511445e-02 7.0616457718e-02
3.3581018144e-02 -5.6649213695e-02 1.2520831433e-01 9.0591721762e-02 9.5251559932e-02 1.6851281424e-01 1.7351118133e-02 1.7623089325e-01 1.1864095146e-01 1.6243280914e-01 -9.4725637703e-02 7.1130902485e-03 4.6634821745e-02 -5.3489016453e-02 1.5112139249e-01 1.2824702839e-01 -1.3391385239e-01 3.0075786924e-02 8.6653607393e-02
3.2246714825e-02 2.6591883390e-02 3.0718853723e-02 4.8253674436e-03 6.5167940229e-03 -5.2988077495e-02 3.7128617934e-02 8.0865907713e-03 -7.4449247411e-02 7.0915650127e-02 5.4510497817e-03 -9.8324902096e-02 -8.0660255796e-02 8.2316678127e-02 1.5075991456e-02 -1.1322949741e-02 -2.1219690476e-02 2.8988588643e-02 -6.7617830003e-02
1.5218083715e-01 1.2459435552e-02 -9.4218776015e-02 -6.7342725030e-02 4.0472168129e-03 4.1796134099e-02 -6.5562653802e-02 -1.8672143859e-01 2.1995276406e-01 -1.7572313806e-01 -6.3866487753e-03 2.3265035565e-01 -5.9575189611e-02 -1.0298091089e-01 6.4957935568e-02 -8.6034766144e-02 -3.4265585876e-02 3.1490491743e-01 -4.7572463038e-02
7.3308298384e-02 1.2627445575e-01 7.0313911480e-02 9.0081211186e-02 5.2942094317e-03 1.8218139800e-01 -3.1752229818e-02 -3.6634444921e-02 2.5322469414e-01 1.4233210176e-01 3.4733045943e-02 -7.2193255492e-03 6.3018286735e-02 -2.9465678164e-02 2.3247771155e-01 1.2503734550e-02 -9.8312192320e-02 1.8906373168e-01 -1.0424846187e-02
-1.1042150630e-01 1.3833210846e-02 7.5958533783e-02 1.4985451903e-01 -1.7120335789e-02 1.3140298060e-01 2.2309471233e-03 4.9889892586e-02 1.2175256989e-01 7.1913376990e-02 -9.1247329520e-02 -1.1220510818e-01 1.3974399854e-01 -1.0735722548e-01 1.9775703546e-01 2.8173671948e-01 -4.7636298277e-03 1.4768179133e-01 9.4968711559e-02
-5.7425653115e-02 5.7890991888e-02 4.7648402260e-02 8.8308000178e-02 -2.2961562073e-02 7.0859105149e-02 2.8810045797e-02 1.9323998805e-01 2.5014015482e-01 6.9606720978e-02 -1.8975001103e-02 -2.9071352435e-02 9.3198375716e-02 -7.3691274542e-02 2.1257437738e-01 4.4856595238e-02 -1.0029422291e-01 1.1159300540e-01 5.3031370918e-02
-1.4537578407e-01 -6.8669638813e-02 1.2052152115e-01 1.5615576013e-01 -1.7895192789e-02 8.3519382387e-02 -3.9122032327e-02 1.5181667449e-01 3.0193783770e-01 2.4480875178e-01 9.5828428090e-03 -1.4043823085e-01 1.8432632712e-01 -9.7317942212e-02 1.6421365835e-01 2.3975621555e-01 1.0065688787e-01 9.5083984236e-04 6.2781766518e-02
-5.6937387052e-02 -5.8368130701e-02 6.1484684156e-02 1.4144137756e-01 3.5362853893e-02 7.7015123232e-02 -1.0922755402e-02 1.0143625475e-01 1.9551854091e-01 1.1518716431e-01 -6.9624015905e-02 -1.7367924366e-01 9.2846339307e-02 6.7044267810e-02 1.5803231609e-01 1.3516153457e-01 9.0745928762e-02 1.1367878948e-02 9.0656829398e-02
-8.1687120637e-02 1.2594877412e-02 1.2870455694e-01 -7.5571558210e-02 -2.9341017504e-02 -6.9564553888e-02 -1.0104952408e-01 -2.6308171713e-02 -1.1147849999e-01 1.6799781348e-01 -9.0363836793e-02 1.0071108542e-01 -2.9468410067e-02 -1.4148411275e-02 8.8691039884e-02 -2.1154948436e-02 -2.6618361289e-02 -1.2824659693e-01 3.9440357327e-02
2.1633630858e-02 -1.9085326408e-02 8.6333036566e-02 -1.0833536779e-02 -9.7286376077e-02 -1.5901770155e-02 -8.7048001905e-02 1.6420828812e-01 1.2379331182e-01 8.1757665722e-02 -2.8528425935e-02 9.5493119701e-02 9.4622053210e-02 -1.1756150322e-01 2.3663620243e-01 9.4410152282e-02 2.5958728816e-03 2.1330547832e-01 9.3631812207e-02
2.4715994442e-01 -6.4482920561e-02 -6.6573855981e-02 1.6883613450e-02 -1.8495786012e-02 -2.9584144636e-03 -1.3159665950e-01 7.5975739734e-02 3.3005685315e-01 -2.6944051763e-02 -1.4992612768e-02 2.5988134858e-02 -6.5815814122e-02 1.0779752308e-02 1.1280404673e-01 8.9062934107e-02 -9.0410149014e-02 2.4566399831e-01 -3.5415830258e-02
-1.6099037467e-02 1.6422338418e-02 -5.8934610209e-02 1.0388173374e-01 3.8562967559e-02 -9.4175865742e-02 -3.9102516024e-02 -5.1838062374e-02 9.2468771383e-02 2.0748025852e-02 9.6709524504e-02 4.7088834251e-02 3.5660656231e-02 1.8095307833e-02 2.1828276290e-02 -7.2389979910e-03 -3.6586831885e-02 6.7476092483e-02 6.1288951973e-02
-1.3371934802e-01 -5.5223233161e-02 -1.2758831835e-02 6.3941937582e-02 -1.2308854705e-01 1.2234201028e-01 -2.8676147105e-02 1.5866216958e-01 2.5371104424e-01 1.3153676612e-01 -1.3990880595e-01 -1.8152273264e-01 2.0613284926e-01 2.5191215417e-02 1.7909954972e-01 4.2217928672e-02 1.0316488733e-01 1.9894170905e-01 1.9781240599e-01
-3.4831258984e-02 -4.3048697251e-02 1.0016927990e-01 -5.4057804325e-02 6.8110249554e-02 4.4937115452e-02 -9.3953418242e-02 6.6262417279e-02 2.3875700824e-01 2.6504944407e-02 -1.0151723257e-02 -9.7466013582e-03 1.6664994171e-01 8.5816468524e-03 1.5223089151e-01 2.3242298425e-01 -1.1448871389e-01 7.2311244142e-02 1.2556127706e-01
1.2029915201e-01 4.5560846455e-02 -7.4535875540e-02 -1.0039495716e-01 -3.8016628399e-02 -8.4734118918e-02 1.3442916135e-02 -7.9618410734e-02 2.7230209247e-01 -3.6026149521e-02 1.2805531413e-02 1.3479633624e-01 -1.2016638979e-01 3.5051242783e-02 7.6893432934e-03 -9.7707072204e-03 -2.9410730692e-02 3.5980836914e-01 -1.6797886552e-01
-1.2854362873e-02 2.6963633569e-02 -3.6800442290e-02 5.7308712812e-02 -2.1364695610e-02 2.3692669132e-03 -1.6914524974e-02 -3.9437881591e-03 2.6816304268e-02 -9.9922845222e-02 3.6869398870e-02 -6.5028134936e-02 -3.6220329970e-02 -4.5199699744e-02 -1.9304615260e-02 9.2942699609e-02 3.3534645752e-02 -3.7784528012e-02 -3.8411143855e-02
3.7610913780e-01 1.3142852198e-01 -2.2005991776e-01 -1.1042944057e-01 1.1309310333e-01 -4.5576065967e-02 -3.8526088871e-02 -2.9502754899e-01 4.9759768334e-01 -3.8352296748e-01 7.7660649573e-02 3.6248055852e-01 -3.9432130191e-01 4.9147814698e-02 1.9899976632e-01 -1.2976835223e-01 -1.7802028834e-02 5.8184920994e-01 -3.6027141696e-01
