-1.7099992298e-01 -1.4667974195e-01 -9.7177772164e-02 1.2044378194e-01 3.0235576040e-02 -3.9108240774e-02 1.3353711779e-01 -4.2608409415e-02 2.3945724345e-01 1.3783813338e-01 6.5889083470e-02 1.9404049755e-01 -4.0145068704e-02 -2.1799218849e-02 1.0254280561e-01 -7.9585964197e-03 1.6728942238e-01 7.7747141748e-02 1.2203570195e-01
1.1627828380e-01 5.8111468612e-02 9.5765571222e-02 6.9359074831e-02 -8.1775737777e-02 -1.4149551475e-02 -2.4237320012e-03 -6.7235665693e-02 8.0495875347e-02 -1.9554487103e-02 -3.7219277401e-03 -1.4814118569e-02 -1.6193267783e-02 2.4818541195e-03 4.5738182572e-03 -4.2919381225e-02 1.2658751599e-01 -3.9806344286e-03 1.6123435178e-01
-3.1249437583e-02 -3.4061130509e-02 -3.2339815056e-02 1.8692095089e-02 -1.0622612929e-01 -1.2128947619e-01 9.3169390176e-02 -4.5872329403e-02 2.9544505148e-02 3.4235778646e-02 -7.3010720200e-02 -9.6579787837e-04 3.4248917606e-02 -4.1541776348e-02 1.7598415712e-02 -3.3025977330e-02 3.4330270809e-02 -4.4409434470e-02 1.0894925400e-01
-1.1943886731e-01 -8.5889733731e-03 -6.0030623967e-02 6.2572088849e-02 -9.7812777340e-02 -2.8035243527e-02 -4.0789925449e-02 -1.7421933637e-02 -8.8673469195e-03 9.3784664735e-02 -5.7575828124e-02 3.3607419585e-02 -8.8785055760e-02 6.6462015711e-02 3.5200129287e-02 -7.9607951203e-03 4.7576127808e-03 2.3018920668e-02 -2.3964929730e-02
5.1057918603e-02 1.7036447787e-02 8.1741848239e-02 5.1764122842e-02 9.8637586547e-03 1.0891956647e-02 4.1810975398e-02 1.3329987304e-02 1.4264424314e-01 5.9864884775e-02 1.2121236574e-01 8.3569407167e-02 -1.3420910775e-02 3.6913989190e-02 1.1322779781e-01 3.0003735225e-02 7.7401429281e-02 6.3218266168e-02 9.6820012028e-02
-2.2526219650e-02 3.2304740551e-03 4.3942532998e-02 1.1690051244e-01 1.5783380066e-01 2.1777791219e-02 9.3857900778e-02 1.9152744178e-02 1.7068937668e-01 -1.1235741584e-02 1.6821709760e-01 1.5081596433e-01 -4.0103401381e-02 -1.2716338249e-02 1.3211635025e-01 -7.4363828965e-02 1.6132055951e-01 1.9175283478e-01 1.3343726913e-01
-7.9454061109e-02 -1.2995389245e-01 -8.4353514277e-02 9.8686039288e-02 -5.6864467946e-02 1.8266892184e-02 1.9003161151e-01 5.0731813413e-02 1.4555073224e-01 1.6243294175e-01 6.4663311957e-02 2.2667205624e-01 -1.1119156958e-01 -1.3626268878e-01 1.6936406313e-01 -2.6568040672e-02 1.5417445412e-01 1.8553836762e-01 2.1264385221e-01
-2.1539959358e-03 7.6063104539e-02 -4.8623487769e-02 -3.9664700624e-02 -4.9731023808e-02 -1.5197979644e-02 -3.0365967618e-02 5.0839209995e-02 3.9797297266e-02 -2.2055623000e-02 -5.6787736162e-02 -1.2407130872e-02 -1.3232106951e-02 5.9856063318e-02 1.2727800789e-02 -1.6812848092e-03 1.4390322533e-02 1.1045673385e-01 -4.2215093101e-02
3.8441729382e-02 -8.8931057560e-02 -2.3734368162e-02 1.0007460913e-02 4.1592993771e-03 1.3589663438e-01 -6.9052069669e-03 5.9281998076e-02 -6.7284159721e-02 -1.0528430109e-01 -2.6371363909e-02 -4.8438102001e-04 8.0883051175e-03 -5.6671035922e-02 9.9276824479e-02 1.5377964152e-02 6.2593687640e-02 7.7555993506e-03 -7.1167045364e-02
-1.0769711263e-01 -1.1328264257e-01 -1.1113354695e-01 1.9987713907e-01 -6.4973392802e-02 -5.3929708138e-02 1.7156363525e-01 -2.3443076065e-02 2.3423036856e-01 2.4151939530e-01 2.1708143437e-01 1.6531817362e-01 2.1047526772e-02 -4.7973545327e-02 1.1182538166e-01 -2.0215707764e-02 2.4066729718e-01 1.3255682175e-01 1.1482840198e-01
1.6588782640e-01 9.4041044626e-02 4.5739147913e-02 3.1926417482e-02 2.7452602039e-02 1.8579781364e-02 -9.7900621905e-02 3.6438157076e-02 -3.3078346159e-02 -1.1221039206e-02 -2.3595497028e-02 -3.1021737936e-02 6.1796808443e-02 9.7307014332e-02 5.2228964165e-03 2.2114359925e-02 -2.5432589860e-02 6.1074364526e-02 -9.8581062476e-02
-3.5542297337e-02 -9.9182557198e-02 -1.6566182379e-01 2.6977877684e-01 -5.6565472120e-02 -4.9494616787e-02 2.1515077619e-01 5.5558730518e-02 1.8528911607e-01 2.1026984929e-01 1.8178467616e-01 1.9226316275e-01 -7.4023998189e-02 3.6550707704e-02 2.2238988417e-01 7.2827243626e-03 1.4978836523e-01 2.1285442113e-01 2.1467571549e-01
-1.2283799956e-01 1.9826392085e-02 -2.6778776311e-02 1.2568293012e-01 1.2066449330e-02 3.3261032037e-02 9.7345042071e-02 -1.7380347095e-02 1.3016641196e-01 2.0916452616e-02 1.0197420977e-01 1.4432220965e-01 -3.8394552086e-02 1.1136719468e-02 1.6543062544e-01 3.7849147696e-02 1.5102515478e-01 2.5573920548e-01 1.9684112030e-01
2.7129657500e-02 -1.0268595523e-01 1.1244162993e-01 -5.9936003278e-02 -9.1361885228e-02 1.0243320874e-01 -8.5559477668e-03 4.0986362497e-04 -7.9923521194e-04 8.0018277580e-02 2.7200113076e-02 -1.0085011158e-01 -7.6199741352e-02 4.1861458889e-02 -1.7773429046e-03 -2.0649530643e-02 -7.9822036837e-02 -5.6525880059e-02 -1.1867587088e-01
-9.2700071661e-02 -7.0774014237e-03 -9.0387941673e-02 1.2893521720e-01 -6.7395530866e-02 1.9609202284e-02 1.6143266466e-01 3.7410719142e-02 8.3402658729e-02 1.3555924866e-01 4.3103753514e-02 9.9236346438e-02 -4.4206748808e-02 -1.4252705702e-01 2.6496367992e-02 -2.7927085472e-02 1.2899845987e-01 1.3513562967e-01 1.2147107579e-01
9.6805447578e-03 5.3739026340e-02 -4.7255819137e-02 -5.9664043663e-02 9.5843769157e-02 2.8074535740e-04 -9.0563956332e-02 -2.7192208445e-02 1.1172258256e-01 1.1826886170e-01 1.3422560142e-02 2.5153843259e-03 3.9188226498e-02 6.4742626452e-02 -4.2949515722e-02 -8.3607217184e-03 1.3092311684e-02 3.2465574751e-02 6.2830361394e-03
-6.4207864184e-02 1.3383313163e-02 -6.1560021328e-02 1.1458664231e-01 -8.3057193568e-02 -1.9183400518e-01 1.7197370104e-01 7.8003944258e-03 2.3034026727e-01 1.1525504629e-01 1.8119724825e-01 1.2818581502e-01 -6.7616889474e-02 -4.7394891845e-02 1.2600309591e-01 -6.9051811860e-03 1.3728273102e-01 1.4757678081e-01 1.3424690010e-01
7.1372108444e-02 8.1106404482e-02 1.4842754094e-02 7.6629704580e-02 2.1331745995e-02 3.3582161441e-02 2.0569462217e-02 -2.9106652215e-02 6.2602011615e-02 3.4995627403e-02 -4.9963939525e-02 7.5898951336e-02 4.3757162109e-02 5.7321087665e-02 6.1013393284e-02 -3.8932229323e-02 -4.4219590749e-02 5.3226957401e-02 1.2846766672e-01
1.3447945349e-01 1.1967036506e-01 7.0619569653e-02 -2.2486233685e-02 6.2871052317e-02 -5.8652977208e-02 -1.2238343987e-02 3.1335649653e-02 6.6057121213e-02 -1.7377218269e-02 -6.4501507434e-02 5.8072030648e-02 -2.3734466431e-02 2.8387727921e-02 -1.3808202852e-01 -5.0768499527e-02 -8.9667028921e-02 1.1415523041e-02 8.1497992541e-02
