-7.6128888511e-03 7.3433844569e-03 5.5461405397e-03 -3.2059551051e-02 -8.1699415751e-02 -9.7112319196e-03 7.6673075783e-02 -3.1452528645e-02 -5.6208495582e-02 -6.2510345679e-02 -1.0151813982e-01 -2.7821420626e-02 9.1492570248e-02 1.3932401346e-02 -1.1167526218e-01 1.3271895581e-02 -2.5738396880e-02 -6.2473873298e-02 -1.0329598587e-02
-1.4090859278e-01 1.7831030929e-01 -9.4974861838e-02 3.0952142295e-02 6.8369167034e-04 6.1659629793e-02 -7.3814000952e-02 1.8829167043e-04 -2.7940913612e-02 -1.8913956418e-02 -3.7349875486e-03 2.9885948986e-02 -3.4786362831e-02 4.8620744737e-02 8.8779419655e-03 2.6621140955e-02 7.8664966945e-02 -3.6269331131e-02 1.6906202351e-02
-6.3655048868e-03 -1.4438254988e-02 4.6284085624e-02 -2.3757775755e-02 2.6068402275e-02 -5.8515937708e-02 -1.0858326612e-01 -7.8198106544e-02 -4.1851324045e-03 -5.7822918783e-02 -7.5840452164e-02 5.6193551406e-04 -8.5184409215e-03 -2.0688715379e-01 -6.2576280994e-02 2.6505909084e-02 -3.5944226868e-02 3.7523980201e-02 4.9967858790e-02
-3.4467067605e-02 -4.9957476287e-02 -2.2845805098e-02 -6.2159656939e-02 1.1413751892e-01 -5.9302056466e-02 2.7805215961e-02 1.1738544235e-01 -6.4734840158e-02 1.5772726709e-01 -1.0315191290e-01 2.1228235861e-02 -1.2401114548e-01 -1.7054116854e-01 -2.5733036184e-02 -6.2534922079e-03 6.2823621386e-02 -2.5378077322e-02 8.0757750015e-02
-1.3657004439e-01 1.2121094826e-02 6.4954118252e-02 1.0954274703e-01 -6.4516827123e-02 -4.6871558298e-02 -3.3970379026e-02 -2.4378694221e-02 -4.5418547549e-02 -3.4554705827e-02 -2.7432216192e-02 5.1876729543e-02 9.3530662711e-03 4.4529108366e-02 2.9670540224e-03 -1.4834074037e-02 8.3124835028e-02 -1.1745784024e-02 -5.7872096817e-02
1.3720641182e-01 9.7799520279e-02 2.3653791000e-02 -4.8715368636e-02 2.9187606982e-02 2.1296701462e-03 -1.4645952140e-01 -1.7063867430e-01 -5.6553379882e-02 -2.0389856027e-01 1.8666828734e-01 8.3993200217e-03 8.2323431429e-02 1.5347438170e-01 -1.7400500020e-01 5.7373158851e-02 5.0264170466e-02 -4.8395010489e-02 5.6405083454e-03
-6.3145316452e-02 -8.1660663555e-04 -5.4568004830e-03 -1.0130635309e-01 -8.3777358272e-02 1.9089360874e-02 6.4583890632e-02 7.8544783381e-02 -2.7684463996e-02 1.4598179448e-01 -3.4128852608e-04 -3.1440361486e-02 3.7227206705e-02 -5.7716795946e-03 1.1986027013e-01 -2.9110349507e-02 -1.1088537611e-02 3.5968200266e-02 -1.2895686451e-02
1.2228147454e-01 9.6995329409e-02 -6.4993274296e-02 7.8001539480e-02 -9.8298158977e-02 -3.3572070063e-02 -2.9950260408e-02 8.3453532134e-02 5.9661521113e-02 1.3274053802e-02 -6.0804339988e-02 -1.0848861005e-01 5.2880267241e-02 -1.0166270300e-01 -1.8465639808e-02 -5.3211718705e-02 2.0956775318e-02 -1.2329482076e-01 -1.7087111486e-02
6.7129989180e-03 -1.0103149164e-01 2.0907204810e-02 -9.7054023665e-03 -1.8189961818e-02 -3.6888025018e-02 2.3572772526e-01 1.7987160990e-01 1.9683296995e-02 1.6796493535e-01 -1.5779870146e-01 7.2967981810e-03 -2.8953452549e-01 -1.8309080233e-01 9.9462798729e-02 -2.6570532943e-02 5.9519218316e-02 -2.4284969597e-02 2.4316073842e-01
-2.7380797439e-02 -1.3614329938e-01 3.4804391862e-02 -5.8795712927e-02 9.2725105102e-02 -9.8236863386e-02 2.2497173176e-02 -9.5415714508e-02 -8.0031740332e-02 -2.5569956056e-02 -3.6706037886e-02 2.2577309931e-02 1.5081457312e-02 7.0293254499e-02 6.1857396497e-02 -2.6780273924e-02 2.9485911072e-02 3.1825214097e-02 4.1092585929e-02
-1.2475790332e-01 5.2165887306e-02 5.9442960619e-03 -1.6906403261e-02 7.1398340653e-02 3.9722485092e-03 6.0528124567e-03 8.8845823034e-02 -2.3201500500e-03 4.4498840067e-02 -3.6221510515e-02 2.1442599263e-04 -7.7681109856e-02 5.0259607520e-03 1.7770295501e-02 7.4462985226e-03 -7.8647266566e-03 -1.7085972663e-02 7.7671956869e-02
7.7180061711e-02 1.3133560351e-01 -4.1584825543e-02 -4.3003999063e-02 -4.0747326204e-02 2.6708152922e-02 6.2404208083e-03 -1.3967613063e-01 2.0480212269e-02 -5.2647392139e-03 1.5133005041e-01 5.2618997956e-02 1.8553576316e-01 9.8416311328e-02 -1.6049555753e-01 -3.1909884454e-02 3.2384807974e-02 4.1347149797e-02 -1.1761696623e-01
-1.0259629277e-04 -5.0787940446e-02 -4.0276195558e-02 7.6118454801e-03 -5.5163417433e-04 3.6409813460e-03 -1.4597560467e-02 4.3698687113e-02 -3.3752270176e-02 1.2038274006e-01 -4.3808810297e-02 6.7639570979e-02 -1.3587848883e-04 -4.0424044401e-02 1.0181501935e-01 -9.0319014551e-02 2.7701782915e-02 -7.2264804598e-02 1.6699623654e-01
1.1070127645e-01 -5.2644205539e-02 6.5134403674e-02 -3.0181501547e-03 -2.4692763188e-02 -7.1785812875e-02 5.7561269266e-02 3.4095473759e-02 2.7023913701e-02 5.9712144067e-02 -2.3637055261e-01 2.9908879970e-02 -1.0456834792e-01 -8.2329804534e-02 2.0434944661e-01 1.1068415630e-02 -4.7804838145e-02 -7.2322736085e-02 1.5346880471e-01
-1.1287134150e-02 1.1613229813e-01 -2.3903297735e-02 -5.0848237046e-04 -3.3573328885e-05 -1.6983411210e-02 2.0463741482e-02 5.5164286441e-02 8.6927931137e-02 7.4757260357e-02 4.6121732512e-03 -1.4250688033e-02 1.2528605291e-01 6.3175844801e-02 -9.2555395241e-03 -1.0587443425e-02 -4.7515585437e-02 7.3126407605e-02 -3.5090271451e-02
3.2578897429e-02 6.9532313106e-02 6.1916122197e-02 2.3471317895e-02 3.7573967814e-02 -9.3235167846e-02 1.4527341388e-01 2.1793122967e-01 3.0312905494e-02 1.0170856412e-01 -4.4586773987e-02 1.3939511813e-02 -3.9479307611e-02 -9.6425862667e-02 1.4599555855e-01 -1.0567049830e-01 -2.9481128037e-02 8.9886183131e-02 1.9452979293e-01
-3.0899943069e-02 1.6894221613e-02 -6.6086157809e-02 -8.5158684154e-02 7.4679298642e-02 -1.8607602984e-02 1.1441313643e-01 7.3731473438e-02 -5.6824898106e-02 1.5634119520e-01 -9.5169024287e-02 -5.0342694953e-02 -1.2454933219e-01 -1.4938952685e-02 4.8309025885e-02 1.1260016403e-01 -2.0422364451e-02 -8.8126479726e-02 1.9174472909e-01
-5.6809780079e-02 1.2622758737e-01 1.0998362446e-02 -1.2741879715e-01 -1.4444488366e-01 -2.0934609946e-02 4.5682523042e-02 -2.7747631670e-02 -1.6302166309e-03 -6.1481843589e-02 1.5944018949e-01 -1.2928272943e-02 6.7594142856e-02 1.2191542693e-01 -1.2155209618e-01 -7.9916818461e-03 -4.6971201289e-02 2.1581606228e-02 -2.8859419307e-02
1.7256509971e-03 -1.6889625185e-01 -3.5025376664e-02 -3.7538900875e-02 -5.4776432700e-02 8.7477634332e-02 2.8973130581e-01 1.7361093811e-01 -5.3662423681e-03 3.4241757082e-01 -3.5283246314e-01 -3.1692349440e-02 -2.7669473535e-01 -1.8162646586e-01 3.5010252568e-01 4.2640915215e-03 2.1437543192e-02 4.2272243491e-02 2.9604037203e-01
