-3.8894460263e-02 -3.2832415454e-02 1.4338301568e-01 1.5842025000e-01 9.5711642067e-02 1.8765967345e-02 -9.3448097239e-02 2.2152053554e-01 6.8302850244e-03 5.6603879546e-02 -4.7180392737e-02 2.8655035084e-02 5.8013093157e-02 3.2873386389e-02 -1.2364698270e-02 2.1305953748e-01 3.0238168699e-04 3.9439277829e-02 1.3501335403e-01
6.1073290451e-02 7.2428400701e-03 1.8956154960e-01 5.4342060302e-01 -2.5544865788e-01 -4.1458998046e-02 7.2293138219e-02 3.1789692078e-01 -1.8817970244e-01 1.1922819506e-01 -1.3308450921e-02 -3.3960770059e-02 -9.2252808944e-02 9.9858648965e-02 -6.3943638665e-02 2.8085338473e-01 -4.4395512073e-03 4.3141035374e-01 3.7112553918e-01
-2.5336869678e-02 2.1812233198e-02 2.5965777357e-01 -2.5128556920e-01 2.5368464131e-01 3.0497948693e-01 3.5385201103e-02 -1.6176092510e-01 3.3464626366e-01 -4.0032604775e-03 -3.1293151342e-02 9.1472628230e-02 3.2300715206e-01 -1.4741037930e-02 3.2457856573e-01 3.6779990513e-01 1.5854726968e-02 -2.9870110416e-01 4.5931264420e-01
4.6452321416e-02 7.2385299100e-02 2.6807665090e-02 6.1149425986e-02 -8.9998991931e-02 -3.0531084281e-02 -1.2087505904e-02 1.2408412474e-01 6.5749680556e-02 -1.6066800335e-02 2.4888670437e-02 -3.5799980246e-02 -9.1878627740e-02 1.5534533055e-02 -6.9020979698e-02 3.8435604819e-02 -1.4666507629e-02 2.0077997005e-01 3.7708254665e-02
-5.5929004988e-02 5.7274936620e-02 1.8994623951e-01 5.3020236825e-02 1.8425342288e-01 1.0773985199e-01 -2.9113816114e-02 -6.0624821338e-02 1.0304960114e-01 3.4985585787e-02 -7.3833379941e-02 -8.3407750677e-02 -9.5828553268e-04 -5.0705360753e-02 1.6833186961e-01 1.1076949489e-01 5.1246291542e-02 -2.1337912046e-02 1.7249998504e-01
7.1089890236e-03 5.6576331488e-02 1.2555912358e-01 -4.0553821421e-02 1.1083239413e-01 1.0458567896e-01 2.6805366530e-02 -1.7859004430e-02 8.8219466041e-02 8.8921816612e-02 -1.1367220625e-03 1.4476511440e-02 8.2114981426e-02 2.1700644855e-02 1.2331495490e-01 1.5381415399e-01 4.1272237444e-02 -2.5978930225e-02 6.1285829025e-02
-1.3091204591e-02 3.2387226176e-02 3.9006513948e-02 1.5271867672e-01 -1.9507763775e-01 -5.1566587912e-02 4.2150093559e-02 1.4691820255e-01 4.2803766967e-03 3.9933555019e-02 3.3918182358e-02 -1.1410032888e-02 7.1344380506e-02 -3.9888377360e-02 -5.9085857413e-02 6.9761519647e-02 -2.4906040875e-02 1.9631285724e-01 -2.7158806554e-02
1.0582921619e-01 -1.0783114939e-02 2.0158205732e-01 5.7946047712e-03 5.9017700404e-02 1.2295009296e-01 9.7129794336e-03 1.3387786355e-01 1.0890705722e-01 9.2324458974e-02 -2.3173427448e-03 -4.5236025414e-02 1.1390307081e-01 -5.8296140849e-03 1.8233615081e-01 1.1271896788e-01 3.9514472728e-02 5.6184932598e-02 2.0304702213e-01
-1.4104975422e-02 1.3792546998e-01 -1.0796523122e-02 7.1021011184e-02 5.4808631432e-02 4.6730972459e-02 -6.0552363834e-03 -1.7916601125e-02 3.2105067655e-02 3.2131105070e-02 -3.7084381556e-02 6.6833002595e-02 -2.5448453031e-02 1.1092404260e-01 -1.4800746734e-02 -1.9233256475e-02 1.0121678929e-02 -5.1558310300e-02 -6.3925976715e-02
1.2394315272e-02 -1.8054647364e-02 1.6005454509e-01 -2.0164943855e-03 6.4065142947e-02 -3.6202216531e-02 8.3700642311e-02 -1.7174378175e-02 8.0995377601e-04 -9.9872926885e-02 -4.1000395432e-03 -1.3031622698e-01 -2.7760917350e-02 2.0185000444e-02 1.7136955735e-02 4.4534669973e-02 1.5578056853e-02 -6.0478250402e-02 -1.3587934121e-03
2.2082336928e-02 -6.7255098397e-02 2.5175745676e-02 -1.0893156651e-02 -2.8714238138e-02 4.1308401516e-02 -1.1120561461e-01 -4.8748568152e-02 4.5090644197e-02 -9.1400142889e-02 -2.2639384197e-02 -2.9069892408e-02 7.2935700835e-02 -5.4659099027e-02 7.8541270892e-02 -6.1518485987e-02 -5.1061853976e-02 -4.6215241981e-02 -1.3929442339e-02
-3.2169111507e-02 6.5867828326e-02 6.6427757919e-02 -6.4285741235e-02 -2.5589855519e-02 -2.2277009241e-02 7.7692238021e-02 4.1069966033e-02 -1.8082798209e-02 4.1215440854e-02 -4.2294934340e-03 -2.3874725263e-02 -3.2775939384e-02 8.9999080632e-02 -1.8183940034e-02 -1.6340119788e-02 -4.1178313796e-02 -1.3767292024e-02 3.7926816446e-02
1.6644711769e-02 -9.1022109944e-02 1.4963471326e-01 7.9059547962e-02 1.0912639432e-01 3.2385213499e-02 1.9582682275e-02 -1.7160378581e-02 7.3154401618e-02 -8.4665764936e-02 -9.0337797974e-04 4.0768447748e-03 3.1763785738e-02 9.4540065589e-03 7.7621207371e-03 1.0917255001e-01 -4.4958107345e-02 -1.0015584526e-01 1.4921097760e-01
7.4969834711e-02 3.5591856567e-03 2.5791470196e-01 -1.0034213226e-02 4.8322267296e-02 7.0171258034e-02 -7.0644737698e-02 -6.2067354568e-02 3.6909148727e-02 8.1578689732e-02 -3.5186452302e-03 8.2350586413e-02 7.4497070142e-02 -9.4675124637e-03 4.4355882259e-02 1.5875175483e-01 -2.2279226641e-02 -1.0542342058e-01 7.5238421815e-02
-6.0860496688e-02 5.4559568895e-02 -1.4740066332e-01 1.4812565398e-01 -5.3731254600e-02 4.3636152295e-02 -4.5139391848e-02 1.7915387529e-01 -4.2559133662e-02 5.8958296770e-03 -5.3376936554e-02 4.0379159984e-02 -4.4678003898e-03 1.0574572689e-03 -1.5139005779e-01 6.6341605616e-04 -1.8239971039e-01 1.5926337969e-01 4.2155538999e-02
1.1601719643e-02 1.3545062788e-02 7.9315365128e-02 5.8144991135e-02 8.5023386237e-02 1.3479180662e-01 1.1863187495e-02 1.6397140455e-02 1.4853581002e-02 -2.8357141890e-02 1.9283409798e-02 -1.4086346452e-01 -5.5542545545e-02 -1.3958637920e-01 3.2350728076e-04 5.2399689754e-02 3.9990131840e-02 -1.1357660069e-01 1.4720787180e-01
-8.2896306953e-02 1.1363969227e-02 1.5100370023e-01 1.9091879579e-01 1.6513284152e-01 1.2396832668e-01 -3.6492039042e-03 2.6342581313e-02 -3.4190027614e-04 -1.0078489271e-01 -1.6848764397e-01 -3.5625727120e-02 4.4434739613e-02 -1.2352870710e-01 4.7004803957e-02 1.0936735882e-01 -8.0692321782e-02 4.6851048507e-02 1.6305806819e-01
1.6589363532e-02 -3.9623533579e-02 1.8220390189e-01 -1.2984702440e-02 9.0930441731e-02 1.3088573736e-01 -1.3198549261e-01 -4.1761640471e-02 7.8909852335e-02 -7.8494900892e-02 -1.4744006908e-01 1.1303325719e-01 1.2632916822e-01 -6.9121154378e-02 4.9357432957e-02 2.9282125785e-01 9.3414834202e-03 -1.0572482529e-01 1.5935193451e-01
-1.7816680425e-02 -1.6059356527e-01 7.6214908758e-02 3.3333775417e-03 2.2842590544e-01 1.2122260083e-01 -1.2226122609e-02 -3.5254984489e-02 1.4683460409e-01 -5.4407326300e-02 1.1310937220e-01 -1.1399896773e-01 1.1373868564e-01 -4.1165782483e-03 1.1531701258e-01 5.3909522970e-02 -1.2285173183e-01 -9.0208507871e-02 1.7205853225e-01
