-1.7831611589e-02 -1.1227488837e-01 -2.8678160373e-02 -8.9595018515e-03 -1.0829181987e-01 -1.2321999954e-01 6.4481656374e-04 -6.5333946069e-04 7.0573939002e-02 1.3467776225e-02 2.0860085260e-02 -1.9150043631e-02 -3.2270299502e-02 1.0543909210e-01 -4.5500830590e-02 6.1477018622e-02 1.3340091723e-02 1.2140054046e-01
-4.9478676453e-03 1.6132207400e-01 4.0155289810e-02 -1.1531834831e-02 -4.7523651986e-02 1.3298410959e-01 1.3794914776e-01 -6.4592990872e-02 2.0482519520e-01 3.7042135389e-02 1.4213108596e-01 1.4514657628e-01 4.9389893667e-02 -8.1141990269e-02 1.3715102144e-01 1.5463475217e-01 -1.1402777319e-01 6.0694025152e-02
2.5375703032e-02 -3.8845880978e-02 6.8489258103e-03 1.0338544601e-01 1.2726243810e-02 1.0754882496e-01 -9.5986150906e-02 -1.2255096343e-03 1.3530620952e-02 -2.9492072402e-03 -6.2066025002e-02 -5.4294044780e-02 -5.9746489789e-02 1.1243026984e-01 -1.6025153760e-02 5.0386115171e-02 7.8050834518e-02 3.4499390968e-02
-9.2543227856e-02 9.1959236768e-02 -1.1434267577e-01 -2.9705672039e-02 -4.6214711136e-02 2.5960825262e-01 1.8953970943e-01 4.8125338251e-02 1.1073394597e-01 1.3206728202e-01 2.4433274479e-01 1.9841790401e-01 -4.5516224536e-02 1.3023277397e-02 2.9106919355e-01 1.7343973434e-01 -1.3173075961e-02 1.3826636049e-01
-1.8301740527e-02 3.3086485105e-02 -3.0674956031e-03 -2.4376509205e-02 -5.4109097773e-03 1.1088672342e-01 -2.4093070888e-02 1.4661984523e-02 -1.5380950257e-01 5.7184648671e-02 -3.4071661846e-02 1.1743764250e-01 -1.5996959900e-01 -3.6063344832e-02 -6.1765451305e-02 5.0724245477e-02 4.5762468750e-02 -1.8388517740e-02
4.0021881295e-03 -6.5929144783e-02 2.1837931161e-02 1.1746187508e-02 1.6863468884e-01 4.6919821752e-02 -1.4332221283e-01 -3.0002574222e-02 -1.5381065866e-01 -3.1404691884e-02 -6.0964013872e-02 -1.0505150890e-01 -6.0310358221e-02 2.2486253620e-01 -4.3548541373e-02 -1.0492468347e-01 -7.2559802435e-02 -2.1462290897e-01
3.2560083744e-02 2.0651067689e-02 4.1673116334e-02 -1.1177112344e-02 1.0631437646e-01 -5.0295721063e-03 3.0458908132e-02 4.6378352849e-03 -7.7822994385e-02 1.4104119200e-01 -7.4871586843e-02 2.1169904676e-02 -6.8602270954e-02 3.7851097285e-02 3.2861250448e-03 -2.4190759339e-02 1.0032683689e-01 -3.4520338097e-02
-1.8632613253e-02 1.2081139105e-01 9.7040145474e-03 9.3779869173e-03 3.2069924714e-02 1.9319495804e-01 5.9397223742e-02 2.3016864335e-02 8.7968993210e-02 1.5251624093e-01 1.4556080477e-01 1.1193846107e-01 3.9594326719e-02 -3.0718817275e-02 1.2227914650e-01 1.7445928211e-01 -3.9098491297e-02 1.5675986052e-01
7.3855999896e-02 -1.4123458572e-01 -3.5813362785e-02 -6.4582265577e-02 8.2939064035e-02 5.4604730957e-02 5.9340748752e-03 -6.0516686580e-02 -6.0294240226e-02 -6.6343351681e-02 -7.3628263004e-02 -1.0134277223e-01 1.0872307437e-01 -1.2067134071e-02 5.2168541370e-02 -1.0423061340e-01 1.1619482536e-02 -1.0749158586e-01
2.6920356926e-02 -4.6715287796e-02 2.7507013390e-02 1.1597910517e-02 5.0083060268e-02 -4.7345743677e-02 8.8001973824e-02 -4.3827421180e-02 -1.3150058227e-01 -5.8824633498e-02 -3.9009004177e-02 -2.6840569525e-02 1.6557024672e-01 5.2061042510e-02 -2.5370003331e-04 -7.4311090584e-03 3.1413235099e-02 -2.8830245670e-02
9.2560427961e-03 -9.2592773387e-02 -1.3905342750e-02 -8.9191591175e-02 1.3663762486e-01 -1.1784905563e-01 4.0961710985e-03 5.7838320487e-02 -1.3310321800e-01 -1.0929264017e-01 2.0552380127e-03 -1.6264890360e-01 -2.3145321815e-02 1.1667793004e-01 -1.8990117142e-01 -1.2336906136e-01 1.2254273637e-02 -1.9197316671e-01
3.8566027250e-02 1.9899373230e-01 -4.7439897164e-02 3.4122798994e-02 -5.0592149072e-02 1.9216226189e-01 1.9127380351e-01 -3.6830599210e-02 6.6382953335e-02 3.5450408966e-02 1.0783496135e-01 1.0699371737e-01 -1.3290203763e-02 -7.6301230754e-02 -1.2756912650e-02 2.1076044432e-01 -2.4188843328e-02 2.3617331494e-01
-1.0448543030e-01 1.3737569791e-01 4.6226509482e-02 -9.5978589411e-02 -1.5289402638e-02 1.6507393423e-01 1.0000285409e-01 -2.0487556700e-02 9.7383351081e-02 8.2419235953e-02 1.1719841582e-01 1.2879123517e-01 -5.9113849340e-02 -4.2948505879e-02 1.3912160858e-01 4.5746518004e-02 -3.6321193091e-02 1.2786789765e-02
-6.0690234704e-02 9.3385972242e-02 -1.8487317827e-03 -1.1125936407e-01 1.6956386526e-02 1.1610619450e-02 -5.2743559556e-02 3.0072001350e-02 1.2205060537e-01 5.5744936275e-02 7.4171882195e-02 9.0677807135e-02 -2.9423246755e-02 4.5675904897e-02 -1.9216977794e-03 1.2413028399e-01 -1.9375766641e-02 1.8190123660e-01
-1.5222317154e-02 -9.5761164136e-03 -6.8418912208e-02 1.1899827992e-01 9.1145842480e-03 -5.5369524593e-02 -8.0673278925e-02 1.3004423090e-01 7.5632140498e-02 -3.3799722339e-02 -5.7484469788e-02 -1.2651106057e-03 -1.4539199249e-02 -1.3729665267e-01 -1.1110104854e-01 9.8713056288e-02 -4.4772535618e-02 6.9068883889e-02
1.2303189573e-01 8.2570643761e-02 7.8292737806e-03 3.9763841146e-02 1.6089339297e-02 1.1534387649e-01 2.9139367844e-01 -4.0646837137e-02 6.5447707497e-02 2.6284193577e-01 1.7993145001e-01 1.2814097350e-01 -2.5887179259e-02 -5.6401361362e-02 2.0912964334e-02 5.6727432863e-02 5.1770236457e-03 2.2436847632e-01
-2.1278747541e-02 -2.0054361241e-02 1.7937491842e-02 2.1255410948e-02 1.4989181426e-01 -1.4467447978e-01 9.1413701758e-03 -1.3292891964e-01 -1.7245439325e-01 -2.1751159465e-02 -4.1287290409e-02 -1.9226643649e-01 1.8085043236e-02 1.3693509030e-01 -1.3196809746e-01 1.2478679306e-02 1.0116667676e-01 -1.6745448775e-01
-1.1507826619e-02 2.5590883819e-02 1.3874833180e-02 1.5412623803e-01 -7.3865987348e-02 9.6308623151e-02 1.7690131665e-01 7.4832357784e-02 1.9610342709e-01 9.1678718928e-02 1.7367881229e-01 1.0770739296e-01 3.2766819159e-02 4.0292872016e-02 1.3312755838e-01 1.3941316632e-01 3.8777892038e-02 7.2542650251e-02
