-1.6139047124e-02 2.1056528349e-02 1.9372055659e-02 -7.0026005791e-02 -1.2199206691e-01 6.1044577651e-02 -3.1251161169e-02 1.5564292396e-01 2.5848335793e-02 5.0484413310e-02 9.0286797436e-03 1.0627831147e-02 4.9206611851e-02 1.2948544966e-01 3.4308787286e-02 3.1077586984e-02 -7.1609549032e-02 -4.0534270831e-03
-6.9451635466e-02 -3.0640413977e-03 -1.4704516029e-02 -8.4348151672e-02 -2.0491888876e-02 9.2404318686e-02 1.1958636385e-01 5.8426544554e-02 -4.8140618559e-03 1.2938288922e-01 -7.2403810332e-02 -1.2776572697e-01 1.7622859950e-02 8.1267603904e-02 1.6914411131e-02 -2.4751824633e-02 -1.9703333812e-02 1.5680036350e-02
8.8014258590e-03 -1.5434408178e-02 5.9749408658e-02 1.2451983627e-01 9.3729583797e-02 9.1976785101e-04 2.5280657720e-01 9.1377917748e-03 -8.8579210658e-02 -8.2454842160e-02 1.3459312126e-01 4.8996933603e-02 -5.5263957618e-02 -1.0499748915e-02 9.2744691179e-02 1.7359272440e-01 6.3267316095e-02 1.2531793253e-01
9.1810817140e-02 -1.4032635495e-02 -4.1643412777e-02 1.2469993969e-01 1.7928247474e-01 -1.8193521372e-01 1.0894259549e-01 -2.4272330312e-02 -1.1625719218e-01 1.9337026935e-02 2.0711598922e-01 -5.7542561255e-02 -7.8997654576e-02 8.8190665930e-02 1.6031444810e-01 1.0283279376e-01 1.3723180726e-01 2.1909043466e-01
4.9456497568e-02 9.9950421719e-02 6.8808900334e-01 -2.8332185521e-02 -1.5266241244e-01 4.4335082882e-01 3.2071686401e-01 3.2455961089e-02 3.7990802765e-01 3.6926092006e-01 3.8635622386e-01 3.1243099512e-01 4.6031992432e-01 6.3229968039e-01 -2.1750462689e-01 3.4782446044e-01 -1.9288072279e-01 -2.0468734971e-01
-3.0446327437e-02 -1.2350285828e-01 1.5319135293e-01 1.8238629931e-01 1.5960107429e-01 3.1607714335e-02 1.2549035214e-01 -1.0493219341e-01 5.4956744646e-02 -1.4556171764e-02 -4.5546662528e-04 -6.3425314040e-02 -4.5828223548e-02 2.0962963297e-01 6.7769434299e-02 1.1648086032e-01 -1.1015620686e-02 7.0219109244e-02
-8.7908561427e-02 -6.7510602402e-02 8.9511015675e-02 1.0773255748e-01 1.7112477765e-01 4.3184888854e-02 2.3038797999e-01 -4.1253975254e-02 -2.9942416536e-02 7.7573545384e-02 7.0606700471e-02 -4.7687594361e-02 4.8663711573e-02 1.6709059539e-01 1.5351331668e-01 1.6122776253e-01 1.7210107274e-01 9.1630829986e-02
3.0497811986e-02 -5.5245507186e-02 2.9842797912e-02 1.0769263600e-01 2.3283915729e-02 5.0844675184e-02 -1.7133512633e-02 9.3323659479e-02 8.9531415326e-02 -1.8094546351e-02 -4.3193420194e-02 -9.0199090479e-02 -9.1679111130e-03 4.2612719478e-04 6.1700628031e-02 -4.4699094863e-02 -8.5603665218e-03 -5.7999395374e-02
-1.5937118555e-02 -2.0076774008e-02 -6.8023201135e-02 3.8251872890e-02 2.4249063990e-02 -1.1561594858e-02 -6.8876953191e-02 -1.0979710834e-01 -4.3168717200e-02 -3.0137724982e-02 8.0512205800e-04 -1.1749498696e-02 -8.6679613792e-02 -6.9368754321e-02 -1.6147837461e-02 2.8401579858e-04 2.4547077639e-03 5.5829167916e-02
2.3609448007e-03 2.7400433281e-02 7.9823339066e-02 1.9204364627e-01 2.5164351267e-01 -1.5197043185e-01 1.3365910325e-01 -7.8769787991e-02 -2.0805944169e-01 -1.3088675463e-01 2.2144716937e-01 -1.4300957719e-01 -4.6674175200e-02 4.8378886355e-02 1.4883994356e-01 9.5693255333e-02 2.2002809914e-01 1.0195893711e-01
5.9128724150e-02 -4.7478527129e-02 8.1417088498e-02 2.0294681193e-01 1.6639993177e-01 8.5217491884e-02 2.2811476977e-01 -2.8692293532e-02 -8.9037901871e-02 -9.3686812714e-03 1.8169054076e-01 -4.4355522114e-02 2.5152734101e-02 1.9138399034e-01 7.5024548146e-02 2.0487831869e-01 8.3638220178e-02 3.5425496868e-02
-2.5396003284e-02 -2.4705974903e-02 1.5773994593e-01 2.3230367753e-01 1.3272471871e-01 3.6684827292e-02 1.6347777694e-01 -3.9748555300e-02 -6.0442009544e-02 1.7429010861e-02 1.3926956855e-01 -4.0596421122e-02 -1.1361131262e-02 2.0800492784e-01 7.2369434895e-02 1.6837195356e-01 1.0589318847e-01 2.4247767533e-01
-8.9170931329e-02 -7.1714856537e-02 1.0212635829e-01 1.7485551752e-01 1.7363690673e-01 7.2772259253e-02 1.2815097654e-01 1.5458886974e-02 3.0663247859e-03 -1.6699332828e-02 1.2786320312e-01 4.2578028564e-02 1.6790677268e-02 1.0237315510e-01 1.7598733493e-01 1.0468148285e-01 1.2505074712e-01 4.4321071986e-02
-1.2978729690e-01 -2.2183789357e-02 -9.2667481756e-02 2.5808598052e-01 1.5267801524e-01 -1.0066069792e-01 1.7105580213e-01 1.0993287551e-01 -1.9005672679e-02 -1.2826198080e-01 2.6288399429e-01 -1.0207512184e-01 -6.9532980646e-02 7.6747170829e-02 1.3125525177e-01 1.8963559315e-01 1.1448482828e-01 1.1109645642e-01
-1.4643317953e-02 7.0387551598e-02 6.9433876380e-01 1.5806456338e-02 -2.0355110865e-01 5.4313759819e-01 5.5280664725e-01 7.3761642013e-02 6.1587299654e-01 3.9384775437e-01 5.2736915023e-01 2.6316009050e-01 4.8373132379e-01 7.1899287198e-01 -2.1144807140e-01 4.7781281198e-01 -2.5815565475e-01 -8.2761930562e-02
-6.1449678022e-02 2.8650714414e-03 5.7444180201e-02 2.3321531426e-01 2.2557641811e-01 -7.0637494634e-02 8.0916799223e-02 -4.3009027288e-02 -5.7948640946e-02 -3.6549732469e-02 2.0417959228e-01 -6.2924802750e-02 1.8600293464e-02 1.0912515210e-01 2.5343312107e-01 2.1884385945e-01 1.8693920406e-01 5.4526125458e-02
-1.1037358188e-02 -2.3136171488e-02 1.0661223482e-02 1.2092951294e-01 4.3448647130e-02 -1.3614786027e-02 -8.2616916813e-02 2.0418653578e-03 9.3339972716e-02 2.7751833390e-02 1.4108062716e-02 -7.2569673288e-02 -5.6867902843e-02 -1.1181772459e-03 4.2435342338e-02 -3.2450146766e-02 1.1285869172e-02 -5.7121667925e-03
-5.2645671851e-02 1.0050775809e-02 -1.2465442892e-01 -9.0651820071e-02 4.9999592977e-02 -6.3350702505e-02 -5.5244624065e-02 -5.9128358281e-02 6.5227070062e-02 3.5597289443e-02 2.1185956397e-02 2.4031615995e-02 4.5464345193e-02 -1.8477352730e-02 2.1661663676e-02 -4.0710406512e-02 4.9268509879e-02 -3.8151505737e-02
