7.3343874227e-03 2.5764011022e-01 2.4444433939e-01 9.0062256662e-03 7.0049922280e-02 7.5700848751e-02 -3.0270141177e-02 -8.3085682686e-02 -1.6106903374e-01 -1.7063287695e-02 -1.2958231294e-02 8.7850739195e-02 2.1980458558e-01 1.5316191124e-01 2.3899608521e-01 1.4526624545e-02 1.8887096894e-02 7.2812493222e-03 1.5240851559e-01
2.4096298634e-02 1.5735006364e-01 1.8314639162e-01 6.4105422438e-02 3.5409227818e-02 2.0925619178e-01 -1.0835299743e-01 -1.2901403358e-01 -4.8961119443e-02 -1.1115888618e-02 1.8571344765e-01 1.8935365987e-01 2.1306305484e-01 -5.5970080465e-03 2.8868417137e-01 -5.9120895784e-02 -1.7927526747e-01 5.3501536135e-02 1.9529318934e-01
-2.6131120882e-02 5.5266775148e-02 -3.2279167630e-03 3.8944284639e-02 -2.5345204379e-02 3.1276917831e-02 -2.0301941700e-01 -8.8776430642e-02 -3.1531582727e-02 -7.8711210179e-02 3.2549631246e-02 -3.4366321368e-02 1.4882116715e-02 7.6058031151e-02 1.1015077984e-02 -8.1033820847e-03 1.0110310806e-03 3.5553699742e-02 1.1628456151e-02
3.8385752520e-02 1.2015220291e-02 6.1845811927e-02 1.5218226961e-01 7.2600952172e-02 -2.7303315904e-03 -1.7937154795e-02 -6.1648707947e-02 1.4621416053e-01 1.0908566989e-01 5.2602745050e-03 -3.5465589254e-02 4.3514744475e-03 1.4288879918e-02 1.4026396281e-01 -5.3280694647e-02 -1.2041326230e-01 -1.3969376720e-01 4.6718084691e-02
1.1858764357e-02 1.9643496249e-01 1.6174188364e-01 -5.6755079656e-02 7.7833307450e-02 5.5700055806e-02 -1.1827608108e-03 -2.9156827113e-02 5.7110868147e-02 -4.5902239005e-02 9.8045005016e-02 1.3627661028e-01 9.6448382354e-02 4.3431030199e-02 1.0945592957e-01 -4.3828831483e-02 5.7336443387e-02 -3.5209500863e-02 2.0710225219e-01
3.5062348947e-03 -9.3491383718e-02 -6.9997060266e-02 4.9679302497e-02 -1.9328287153e-01 -1.3596717915e-02 -9.0003273796e-02 8.6196441142e-02 3.8040165822e-02 -4.7249223853e-02 -8.6382042913e-02 -7.0529994662e-02 1.2655572573e-02 -2.0140367878e-01 -2.6320323451e-03 3.3407385906e-02 1.4847577972e-02 -7.0271622294e-02 -4.3102998271e-02
-1.0791262902e-02 1.3217203979e-01 1.7311058071e-01 -7.7658959525e-02 5.8548122926e-02 1.5193500962e-01 -5.5744051641e-02 -7.8679343499e-02 3.4332016373e-02 -3.3526701309e-02 1.3640572012e-01 2.4877075891e-02 1.6835697302e-01 1.2077865069e-01 1.9162351206e-01 -3.9462130568e-03 5.0296708861e-02 9.7163385010e-02 5.5445341901e-02
3.1905657466e-02 -3.2067017672e-02 7.4336787568e-02 -1.0587139224e-03 1.9167243014e-02 8.0340492397e-02 -5.3659744665e-03 -1.0523009820e-02 1.1155401418e-02 -7.2225166404e-02 1.0080291890e-01 1.5230356621e-02 -3.9087608962e-02 1.1468316208e-01 6.0446092186e-02 2.7588304006e-02 5.6520386971e-03 -2.8670246407e-02 3.2554047027e-02
-1.6920341448e-01 2.1548690788e-01 2.7510236654e-01 -2.8138613758e-02 1.9132814711e-03 1.8483030034e-01 -1.2490357736e-01 -5.2010610376e-02 -3.2146757571e-01 -1.0443196616e-02 1.7389159138e-01 1.8169233925e-01 3.0537267956e-01 1.9662389660e-01 2.3130743123e-01 -7.7696146849e-02 5.6053090325e-02 -3.5549109395e-02 2.2173524817e-01
1.9711441427e-01 -2.3994505419e-02 -9.7620898918e-02 1.0499344863e-01 8.7422595030e-02 -8.4920623972e-03 6.9196840291e-02 -5.7434266733e-02 1.5829584311e-01 -2.6521105935e-02 -2.7040781450e-01 -7.7518792603e-02 -4.9400455175e-02 -9.3073970460e-02 -1.2236166981e-01 -7.4638645670e-03 -7.7404528692e-02 -1.3973058593e-01 -8.2178989242e-02
2.6779680090e-01 -1.5059377253e-01 -5.3433581010e-02 2.1275793353e-02 1.4374479147e-01 -3.0835735746e-02 1.0148607393e-01 1.1046044885e-02 1.0792130051e-01 -1.0878872275e-01 3.0374259208e-02 -1.8208432995e-01 -9.2133372280e-02 -1.6476701892e-01 1.5521633043e-01 7.0475907407e-02 -5.5830765980e-02 5.4316704919e-02 -9.6999195814e-02
2.9141716218e-02 1.7676617590e-01 2.0436434007e-01 -3.4379625352e-02 -7.6251337702e-02 2.5951293917e-01 -8.6836341204e-02 -4.2072728887e-02 -2.9471628676e-03 -1.0280441287e-01 1.4075891175e-01 1.1860531868e-01 1.9524890896e-01 1.4964559172e-01 2.1927599923e-01 1.1551986889e-02 -9.5421370746e-03 -2.9271820705e-02 1.0067153454e-01
1.9665473833e-01 -7.3498662274e-02 1.0663145673e-02 2.3750252733e-02 1.5433730173e-01 -1.8770621512e-02 1.2748457514e-01 1.7985701139e-02 2.7351439787e-01 4.4774529365e-02 -3.4894739740e-01 -1.2925853702e-01 3.0024300102e-02 -1.3651951484e-01 1.3411091133e-02 6.2088685702e-02 1.0808994595e-01 -6.4199522084e-02 -9.9220387484e-02
-7.6394626520e-02 -7.0601237022e-02 -2.3286265926e-02 2.0300506429e-02 3.8946108647e-02 8.1546108154e-03 -1.5542154940e-02 -2.2961358410e-02 -1.1026046362e-01 7.3025239373e-02 -7.6406965550e-02 -1.2908076168e-02 -3.7111491340e-02 5.3589310618e-02 -3.4852772512e-02 1.2902101885e-01 6.5432965385e-02 -1.0257953979e-01 3.7877797015e-02
-4.7920690612e-02 2.0043603825e-01 4.5512107902e-01 1.0069979091e-01 6.5121289710e-02 2.2031675218e-01 -1.3056667409e-01 -4.1472942305e-02 -1.7025085917e-01 5.1383841663e-04 1.6998708161e-01 8.3806116044e-02 2.7863926280e-01 9.2176012651e-02 3.2459711057e-01 1.7146323303e-02 -4.6623221175e-03 2.7916128680e-02 2.4589638473e-01
-1.1410332660e-01 2.0394312028e-01 2.4897468688e-01 -3.4800535840e-02 1.1128031545e-01 2.0755065374e-01 -9.1905348546e-02 -3.2093907133e-02 -1.7922827437e-02 1.1588964721e-01 5.2685387952e-02 -1.2757402297e-02 1.3978348523e-01 9.4736157106e-02 7.8974782615e-02 -7.3043719928e-02 7.1116374805e-03 -4.0367421108e-02 2.3676033594e-01
1.0422881229e-01 -2.1146734691e-01 -2.5335580525e-02 7.7137521449e-02 1.1059813992e-01 -7.7103331082e-02 1.9478897461e-01 -1.5072434668e-02 9.4400067409e-02 7.2800493083e-02 -6.4473151214e-02 -1.7580436635e-01 2.3616296925e-02 -2.7721063351e-01 -3.6213855865e-02 -1.7152979050e-01 -2.9862680996e-04 -3.7499245977e-03 -2.5473277245e-01
1.8634404753e-01 -1.2324404804e-01 -5.2536396504e-02 -6.5427228051e-02 1.1990943522e-01 -6.1650237014e-02 1.4934169391e-01 -1.9014138479e-01 1.5094677462e-01 -5.9551871951e-02 -1.8288607999e-01 8.1499982651e-03 -2.6736712808e-02 -1.2527803217e-01 -7.0454595592e-02 8.3971039010e-02 -9.0305286600e-02 4.4035203217e-02 -1.2423423072e-01
-1.3334111539e-02 2.2954196792e-02 -2.5510808678e-03 -1.7791101738e-02 7.9789145932e-02 -1.0620829095e-01 -5.1476708348e-02 1.4031927235e-02 4.7263264539e-02 -2.0448543428e-02 3.5742059469e-02 -6.6972220927e-02 4.1010790445e-02 -2.5361833867e-02 -1.1022487913e-01 -1.9114047161e-02 -7.9840140228e-02 1.3869429951e-01 9.5786475543e-02
