1.6059346849e-01 -1.3577384508e-02 -2.1677100410e-01 -3.7698041923e-02 6.4362589683e-03 -5.6410808796e-02 -3.5572400074e-02 -8.7176579873e-02 2.9762657162e-02 3.4689484130e-02 1.7125238702e-01 -1.0421129381e-01 2.6498640317e-01 2.1034134656e-01 -9.9357148528e-02 -9.1535921602e-02 -2.4669795958e-02 -2.0580043507e-02 1.3669109792e-01
-1.3863000658e-02 -5.3819326229e-02 -6.2381379515e-03 -4.8069541807e-02 2.3408152502e-02 -7.3788815529e-02 1.0447883657e-03 1.1307780138e-01 4.2409745101e-02 -1.0397964902e-02 -3.9545544512e-02 1.1686054186e-01 8.0457721190e-02 -5.8953656647e-02 4.3644669414e-02 8.7806727492e-02 8.6694063584e-02 -5.8158038160e-04 1.3782878165e-02
-1.9682370061e-02 -3.0144862222e-03 1.7437781704e-01 1.1098591650e-01 7.0057717792e-02 1.8433117873e-02 -1.2627312883e-01 1.0277517154e-01 -1.1998456216e-01 5.9541408429e-04 9.9296405698e-02 -3.5591792828e-02 2.7122620529e-01 -3.9619271785e-02 -2.2931900854e-02 -5.7485909965e-02 2.9839773068e-02 4.5469239901e-02 5.5699092822e-02
-1.1659880040e-01 -6.0300894415e-02 1.4781105452e-01 7.5962897348e-02 -4.4860050957e-02 -5.5133407979e-02 4.7700241328e-02 2.6156100849e-02 -7.2441086806e-02 -1.1121840056e-01 -6.1831159672e-02 1.1554662749e-02 2.2332248936e-01 -2.9757898238e-02 -6.5626563830e-02 -3.8214478002e-03 1.0009468681e-01 1.9265459027e-01 1.7730615169e-02
1.1876986259e-01 -5.0772298481e-02 -2.1330352691e-02 3.1806941003e-02 -8.0228249286e-02 -5.3672525849e-02 9.9866545188e-03 1.2001330323e-01 -1.3397865197e-02 -4.8743581111e-02 1.1892540935e-01 -3.0724270378e-02 2.8539578209e-01 3.9180708070e-02 5.8524315334e-02 -8.1138447879e-02 3.6203685477e-02 9.6391660333e-02 7.1064587754e-02
1.1684748772e-01 9.9049037039e-02 1.4487928739e-02 8.0933791289e-02 -1.8592251104e-02 -1.1175468150e-01 1.1545371037e-02 7.9217671190e-02 -1.9429211239e-02 1.7938533248e-05 1.5630470568e-01 -2.2467077212e-03 2.5293491626e-01 1.2448097506e-01 -4.3271021581e-02 8.8533593269e-03 1.8117206867e-02 4.8949045396e-02 8.0858015456e-02
1.7601856314e-02 -2.4490532473e-02 -4.8291688873e-02 -1.2400656847e-01 1.0725688580e-01 -7.0320294080e-02 3.0545263070e-02 8.4381164052e-03 8.7060966316e-03 3.7918666650e-02 -2.1075655132e-02 1.3136260307e-02 1.1200601241e-02 6.3428258443e-02 -3.8593524261e-02 1.9595529854e-02 -4.0251404813e-02 -1.2274815199e-01 -3.5111729538e-02
-9.5190372041e-02 4.0142587254e-02 2.5132361995e-01 9.8322583344e-02 1.9444762106e-02 -4.8581548473e-03 -1.9214848883e-02 8.0510606496e-02 2.2828499270e-02 4.7132925034e-02 -4.1902062442e-02 -7.6862699895e-02 1.5297349971e-01 7.4768640138e-02 2.2925369823e-02 -1.5143585003e-03 1.0324996205e-01 2.0967320901e-01 2.7333582584e-02
-2.7908920299e-02 7.1137942630e-03 1.2845223795e-01 6.6468043935e-02 -4.0849588039e-03 -2.3964461597e-02 -9.8832918875e-02 1.0267441063e-01 3.3451453255e-03 2.7528797766e-02 -6.9439073059e-02 -1.0156530470e-01 2.7878486860e-01 1.9879609434e-02 -3.4609134956e-02 1.9012174871e-02 1.4832475972e-01 5.7542534730e-02 -1.1831431751e-01
-1.3615358211e-01 -1.9292417122e-02 1.7297604848e-01 1.7276208992e-01 4.3893279102e-02 -8.7349860872e-02 -1.0102453690e-01 1.2054429812e-01 -8.7990382183e-03 7.5818785647e-03 -1.9971896512e-01 -1.0508472903e-01 1.0955894634e-01 -4.9024771132e-02 -4.7987596343e-02 2.8545571511e-02 2.9471556874e-01 5.1696613752e-02 -9.4547398681e-02
1.6081988185e-01 -5.2917796745e-02 -1.0982127789e-01 -1.9170994554e-01 -3.3255976098e-02 -1.7362262175e-02 -2.8287920072e-02 5.6801979224e-02 -5.2227147989e-02 -3.0944874312e-02 1.3374536765e-01 9.0164672780e-02 2.5289728588e-01 1.5778800182e-01 -8.8541887134e-02 -3.3103510428e-02 5.0595984342e-03 -1.3030767400e-01 1.0434104851e-01
-1.1044887264e-03 5.6193331907e-02 -1.0839195097e-01 -3.4448374570e-03 4.7223955380e-02 1.0089492361e-01 4.4063631823e-02 1.6127133927e-02 3.3797762763e-02 6.7591968026e-02 1.2948122831e-02 -1.3740831294e-01 2.6005404754e-02 9.4514659930e-02 5.9284396244e-02 -1.2644809737e-02 -5.9203451389e-02 -5.9265605004e-02 -2.6883142882e-02
2.5550237943e-02 -1.5745682056e-02 3.1084886499e-02 1.8928876140e-02 1.3120667401e-01 1.9024306420e-02 -4.0146509188e-02 -5.6076723422e-02 1.1439815836e-02 -7.4601957413e-02 5.5975855074e-02 1.0444614085e-01 -5.3946957477e-02 1.9542108040e-02 1.1169949732e-01 9.6315640562e-02 1.6202423166e-01 -3.5095585558e-02 -5.4032340524e-02
-7.0551838313e-02 1.4461623186e-02 2.0786885148e-02 -8.8993499590e-02 -2.2169097727e-02 1.8436009847e-02 -6.1849378483e-02 -1.5014132945e-03 -6.4498527331e-02 -3.9457390413e-03 -5.1737773000e-02 -7.5209759538e-03 -1.1329631770e-02 -2.6745421960e-03 3.9838251723e-04 -4.2793395789e-02 -9.8765976160e-03 -7.5113887867e-02 9.9355101615e-02
-3.7946553952e-02 1.6247603393e-02 1.3512514763e-01 5.5459790912e-02 1.9227468319e-02 -4.8316900276e-03 4.8301232919e-02 1.7411476680e-01 -4.9965865441e-02 1.9869698087e-03 -9.2062592392e-02 -1.8851364930e-02 1.9021888355e-01 -7.2731986349e-02 -3.7729692680e-02 1.8571205329e-02 1.2488510723e-01 1.3004520373e-01 -7.0219545027e-02
1.8390901231e-02 5.1623590632e-02 1.1157267855e-01 5.5828149142e-02 -7.5007961241e-02 5.9887127073e-02 -7.5161865124e-03 6.0316863606e-02 1.5224618950e-02 -2.6741647427e-02 6.1647092769e-02 4.1963416434e-02 9.3504548419e-02 -2.9960339695e-02 7.9023374204e-02 -7.7787520758e-02 4.2872363820e-02 4.2371533531e-02 -7.7397609838e-02
1.1750542406e-01 3.6128770370e-02 1.3406403056e-02 -9.6184771272e-02 7.5311992926e-02 -6.0374667366e-02 -4.0408888293e-02 2.9037219739e-02 3.1767424797e-02 6.5488185036e-03 1.2763224390e-01 9.9525873556e-02 -7.3281662106e-04 -4.5342223395e-02 -1.4044781902e-02 9.0507200041e-02 7.9283404972e-02 -4.3524799526e-02 -1.1618424940e-01
4.2923171580e-02 -6.8902296986e-02 9.7602534389e-02 1.0716470326e-02 2.3591697695e-02 3.4957835100e-02 1.8269913351e-02 1.8107673777e-02 -2.9182967202e-02 -5.4022528263e-03 -2.7273995016e-02 5.8977996184e-02 -4.1359678374e-02 -4.8814660725e-02 -1.2394170968e-02 -7.4480406659e-02 -6.4876980582e-02 1.1103703736e-01 -5.4736237282e-02
2.7791621090e-01 -6.4813470463e-02 -1.0847402375e-01 -5.9723438578e-02 9.9234361433e-02 -2.2001677998e-02 -4.2456779189e-02 -7.9468031181e-02 -4.6327062753e-02 -3.0538973755e-02 1.8291085872e-01 5.6462394416e-02 2.8668111650e-01 2.5147573204e-01 9.0543133257e-03 9.6257933882e-03 -6.5335009096e-02 -1.3455265976e-01 1.1082585394e-01
