9.0761916596e-02 1.3751803476e-01 1.6710930533e-01 1.4191521899e-02 1.8037564687e-01 1.8381299818e-01 1.5990657457e-01 7.3829409909e-02 1.1533597565e-01 6.2774033402e-02 7.7033637815e-02 -7.4375669351e-02 3.6726056866e-02 -1.1356049905e-02 4.7415545369e-02 1.7369052238e-01 5.8648891470e-02 -7.7092331324e-02 -1.5841280051e-02
1.0592926885e-01 1.1227809296e-01 -2.1821259177e-01 -6.8305326767e-03 -2.0814854341e-02 -1.0959075988e-01 6.9045074471e-02 4.6644178743e-02 2.7235556475e-01 4.1032614161e-02 -1.5265686625e-01 -8.9715964056e-02 -1.5727753388e-02 -9.8550483904e-02 5.3189420621e-03 -4.1729846760e-02 -2.4772687119e-02 3.1693115054e-02 -6.8859876848e-02
-1.8287030712e-02 2.4281332734e-02 1.0644400206e-01 -8.5204097595e-02 9.4568228475e-02 1.3242540726e-01 4.6706147092e-02 -1.3420110947e-01 -1.2677637733e-01 -1.3024478297e-01 8.3437370820e-02 -2.6967168595e-02 -1.2445186170e-01 1.9295330635e-01 1.0946905444e-01 1.5134639289e-01 1.7621708202e-01 -4.9560044897e-02 1.5509609093e-01
-3.0531782901e-02 -1.0888834859e-01 2.4335966673e-01 2.3060832036e-02 -2.1502028567e-02 1.2735646484e-01 1.6234811401e-01 3.1683705985e-03 -6.9408802296e-02 -1.0571289317e-01 2.2719632581e-01 2.9752557936e-02 -1.4517664590e-01 1.4361851705e-01 1.2904097531e-01 1.9576308680e-01 1.5015040962e-01 -2.2686523089e-02 6.3942192486e-02
1.9478760821e-01 2.3928529003e-01 -8.7190934479e-02 3.9796098053e-02 1.7222921043e-01 -2.4906891909e-02 -8.7477681921e-02 2.2186624459e-01 1.6130973914e-01 1.9296963342e-01 1.1263720432e-02 7.0965428399e-02 2.3355312487e-01 5.0449328790e-02 -1.6022427292e-01 -9.4652441654e-02 1.8827724982e-02 4.5368315972e-02 -1.7196724092e-01
-1.4413175812e-01 8.2592270959e-02 5.9761142101e-02 -4.7019881928e-02 6.4951608900e-02 1.0131159292e-01 4.8879923497e-03 -8.8954428782e-02 -8.6261371762e-02 7.3561294222e-02 -2.4613659579e-02 -3.9647943653e-03 -6.7173141786e-02 -9.0302232731e-02 -3.7931576175e-02 1.8711799728e-01 1.4140672017e-02 -4.2395673882e-02 -1.5046956334e-01
-1.8485177873e-02 -3.0710122512e-02 2.4422643366e-02 1.8963840326e-03 9.7986586753e-02 -1.1606879452e-01 -3.4490098595e-03 1.2636514277e-01 8.9540708950e-02 3.5524720378e-02 8.0433241704e-02 2.2256867934e-02 9.1563713211e-02 1.3999489779e-02 4.8047026787e-03 -8.7649671436e-02 -3.2645595541e-02 -2.0315019485e-02 -2.5993742201e-02
1.2103736335e-01 1.4331163601e-01 -6.2396895956e-02 2.0147854521e-02 2.4242001872e-01 -9.2010317923e-02 -1.1848279377e-01 2.1645873289e-01 8.6220856690e-02 2.1262816015e-01 -1.3999582714e-02 -8.8620309694e-02 1.6760653643e-01 -1.3300049605e-01 -8.4939774440e-02 1.7692516963e-03 -1.0852720439e-01 -5.0341007078e-02 -7.6389731302e-02
-1.1573655607e-01 6.7651977810e-02 -6.4378205850e-03 2.8141047473e-02 6.2803473215e-02 -4.6171213625e-02 6.7189028221e-02 1.0211078241e-01 1.3319264591e-01 -8.8849044457e-02 3.3234307453e-02 -1.8068062524e-02 3.2375742833e-02 -4.0852148060e-03 2.0145356853e-02 -2.8102298965e-03 -8.7519622581e-03 1.1194951048e-01 -5.8525412464e-02
9.6109077585e-02 1.4138518407e-01 -1.3416939438e-01 -6.3042895175e-02 6.0351331752e-02 -1.1899740460e-03 -2.7771149816e-01 1.2109910477e-01 1.9423261333e-01 5.8357401324e-02 -5.4364195783e-02 -4.5921911423e-02 2.0070491280e-01 -3.6234945880e-02 -1.3897578666e-01 -1.4703506188e-01 -1.8086053149e-01 -2.1736019592e-02 -4.8008161837e-02
-7.6892922236e-02 -9.8803985054e-02 7.1146114749e-02 7.5686139744e-02 -8.3343584187e-02 4.3094443173e-02 3.4614553039e-01 4.9182709272e-02 -1.0542080932e-02 -3.4051900255e-02 1.0657085429e-01 8.4968517302e-03 -1.6865477666e-01 9.8525230443e-02 1.3938864836e-01 1.6475772103e-01 2.1918152879e-01 -7.3992445603e-02 7.3516109743e-02
7.3789424187e-02 1.1704698045e-01 6.7199811913e-03 8.8548949896e-02 1.5086727716e-01 7.9782545434e-02 1.8662681462e-02 6.3064567470e-02 2.4326237344e-01 1.2818455229e-01 -9.5852901371e-02 1.4523836638e-01 6.7512113345e-02 2.1775315021e-02 -1.6104622126e-02 3.6573145304e-02 -7.7484393121e-02 -2.5189122896e-02 4.5413402795e-02
3.8539693909e-02 -7.4237811469e-02 -5.4855458832e-02 -3.2075868004e-02 -7.7289133173e-02 -2.1103675986e-02 4.1857439317e-02 5.3317102239e-02 1.3096025408e-01 1.0704983244e-01 7.2758981063e-02 1.4832687552e-02 8.8586451526e-02 -6.0372006282e-02 -3.5809053182e-02 -3.5065058152e-02 -9.6049890588e-02 -1.1218784307e-01 -4.7293633371e-02
1.8863312361e-01 7.8132730908e-02 -1.0217419207e-01 -7.6285502400e-02 1.8160858204e-01 -1.1117734583e-01 -2.0561326319e-01 2.7570469816e-01 2.4191284001e-01 1.4506617981e-01 -1.9160706951e-02 9.2179429954e-03 1.4284245999e-01 -1.4316267920e-01 -9.8597920519e-02 1.2195964854e-02 -1.4688042305e-01 -3.2507717160e-02 -1.7411516303e-01
1.7605760235e-01 2.5170726931e-01 -4.7600990096e-02 -7.0490862847e-02 3.1852063342e-01 -9.8807986514e-02 2.8650489837e-03 2.5072020358e-01 2.5100879414e-01 1.9644306453e-01 -1.1132713592e-01 -1.2467705782e-01 8.2275368748e-02 -1.0524289794e-01 -7.7408902258e-02 -1.5114356919e-02 -1.5213159945e-01 6.1945138496e-02 -2.0018941555e-01
-9.3068201742e-03 -2.1804711462e-02 1.7404176464e-01 2.3840463061e-02 -1.9966666062e-01 1.7432164256e-01 1.0703328624e-01 -4.4512828824e-02 -1.0340056877e-01 -3.5780825732e-02 1.4527456599e-01 -2.6294315722e-02 -8.8867092470e-02 6.6085395461e-02 6.2087639250e-02 1.5572276178e-01 8.0677830212e-02 -5.5576339425e-02 1.1186070699e-01
-1.8945680640e-01 -9.1303039585e-02 2.3661432899e-01 -6.3680666901e-02 -3.6442353248e-02 2.4696010904e-01 1.0814421564e-01 -8.6103865403e-02 -1.2281197086e-01 -1.5551290105e-01 1.1373716052e-01 -4.4446881325e-03 -1.0744522127e-01 1.3060580701e-01 1.0698058604e-01 2.2361182535e-01 1.2187096921e-01 -4.9004031466e-02 1.7820181313e-01
-3.5257851005e-02 1.6082645892e-01 5.3156547261e-02 -5.6938945443e-02 -8.0426966544e-02 -1.0916946775e-01 2.6966300479e-02 2.8934634842e-02 8.7147936721e-02 6.0893093954e-02 5.8433576895e-02 4.2768627867e-02 -2.0202521742e-02 -1.9001227531e-02 -3.4164714182e-02 -1.0185623787e-02 8.8601506914e-02 2.5763100374e-02 1.2411674567e-02
-9.7260714126e-02 -1.0879688575e-01 1.4123909010e-01 -7.4312813954e-02 -9.2957008072e-02 2.6378106974e-01 1.6555475083e-01 -9.7710751579e-03 -1.1940631508e-01 -5.8058202579e-02 2.6699561634e-01 8.8702946200e-03 5.7624436806e-02 2.3136936129e-01 1.9944305582e-01 1.2379001601e-01 2.1527682733e-01 4.5924682208e-03 1.8954308225e-01
