5.7260367990e-02 8.2230559179e-02 5.8982249739e-02 -1.2416902159e-01 1.4431825048e-01 -1.4542815580e-02 9.1416840521e-02 8.7067788143e-02 9.1341818630e-02 -7.5583535279e-02 2.5373335190e-02 2.5979955710e-02 -1.0159057737e-01 -5.0467344629e-02 4.6197555920e-03 -5.1205796608e-02 -1.8652383412e-03 1.3410517113e-01 1.0322436190e-01
5.6997740706e-03 -3.0168766676e-02 -2.4019842769e-01 -1.2235200523e-01 -1.5710282311e-01 -1.7981804091e-02 -1.2451915651e-01 -9.2285507689e-02 -1.3157142236e-01 1.4792958488e-01 9.9761274300e-02 2.8206867084e-02 -6.3634031431e-02 -7.3822909421e-02 2.2933353510e-01 -1.8321095868e-03 2.1062275067e-02 -1.9729789155e-02 -2.3779850180e-01
1.7479239422e-01 -1.2705433921e-03 1.2599305687e-01 -4.5387327624e-02 9.1189538013e-02 1.1108967551e-02 6.6101658094e-02 1.2044354775e-01 -8.9696941298e-03 -1.1211945692e-01 9.7110914724e-02 -1.8234229419e-02 -5.7197232784e-02 -2.5755559902e-03 -9.9165560701e-02 -1.3530633356e-02 -6.0649130158e-02 5.7971889789e-02 1.6432072519e-01
1.0269672031e-01 -1.1814175978e-01 2.7729921300e-02 -1.7356076631e-01 3.4828842368e-03 -1.7285360179e-02 1.0208710838e-01 1.3153863788e-01 1.2289445661e-01 -5.7530844009e-02 1.6946133959e-01 5.9045869562e-02 -2.6334010845e-02 -1.3183778825e-02 3.2343243370e-02 -1.1682788324e-01 -1.2713602627e-01 1.1749129522e-01 6.4990541043e-02
-3.8108099153e-02 4.6925452259e-02 -1.2479037217e-01 2.3551717549e-01 -2.1301538957e-01 5.6623839815e-02 -2.2767533062e-01 -2.0061700933e-01 -2.3155063806e-01 9.1898893104e-02 -1.0089581831e-01 1.1619731316e-01 -1.1722580073e-01 -3.0671893430e-02 1.5458489892e-01 6.1625984319e-02 1.6714504807e-01 -2.7482244091e-01 -8.7664478288e-02
-2.5835089037e-01 1.2310503034e-02 -1.5755899502e-01 -1.4710400439e-01 -9.6626911342e-02 -3.6074932107e-02 -1.7985780290e-01 -2.0744824319e-01 -1.4992518192e-01 2.4118293665e-01 3.9749976021e-02 2.8474878117e-03 -7.6119024148e-02 6.1473754472e-02 2.6947228779e-01 1.3120716909e-01 8.7783889146e-02 -2.7609512292e-01 -2.0974807144e-01
6.1390464686e-02 -1.4133109686e-01 1.2868198193e-01 -7.6874202413e-02 3.7181268525e-02 4.1053418288e-02 6.8444246166e-02 8.2981652676e-02 9.1911056855e-02 -1.6156717413e-01 -4.2642441739e-02 -8.4334726498e-02 -2.1361289480e-02 -4.3455896786e-02 5.3764330770e-02 -1.5309803097e-01 3.6916208816e-02 8.7636121269e-02 7.3660799144e-02
1.2195465258e-01 2.6807600739e-02 9.1945739856e-02 -1.5371495173e-01 1.1491136000e-01 -3.0708458399e-02 1.7243469249e-01 7.6315786007e-02 7.8533969628e-03 -4.7641900049e-02 5.7102492115e-02 -1.1471741078e-02 1.6199647658e-02 6.7017160194e-03 1.1380268341e-02 -2.5567623735e-02 9.1701088958e-02 1.6147433605e-02 -2.0485520634e-02
2.0131179777e-01 -8.3309021422e-04 1.7590626800e-01 -2.3821730595e-01 1.7469087463e-01 1.0208906062e-01 2.2700121062e-01 9.2564458635e-02 1.8099410990e-01 -2.3592002452e-01 1.3855522198e-01 -1.0479734437e-01 2.2740719431e-01 -7.1909420587e-04 1.3318359756e-02 -2.0678307227e-01 -1.2894306155e-01 2.8820650037e-01 1.7133179747e-01
-1.2134672635e-01 2.0255423157e-02 -6.9020841392e-02 9.3338898178e-02 6.1811660715e-03 -4.1759031333e-02 -2.0206879096e-01 -1.7817721399e-01 -5.4797194355e-02 2.5396664557e-03 -1.2315710193e-01 -3.6282955985e-02 2.1220698631e-02 -1.1067339685e-01 1.7071573570e-01 1.8053130348e-01 1.9660944136e-01 -1.2963834741e-01 -1.6839690998e-01
1.0031924869e-01 5.1578945147e-02 4.0173485101e-02 -8.1215678925e-02 1.3363308735e-01 -7.6509017603e-02 8.0853473259e-02 1.4067685262e-01 6.8732669603e-02 -4.9971949353e-02 1.5782148080e-01 -3.1105140571e-02 5.7967739152e-02 -1.3647157765e-02 4.9541643395e-02 2.1123067019e-02 -2.3407399210e-02 6.7151790811e-02 9.3439360403e-02
-6.0623049922e-02 -3.0500199951e-02 -5.2078080726e-02 9.7563066250e-02 -8.8019870744e-02 -1.3292145470e-02 -2.3470012485e-02 -4.4202494100e-02 -5.7285596148e-02 1.8687542737e-01 -4.0956228035e-02 -3.6698975747e-02 -7.5539596306e-02 -3.1619972974e-02 1.1713176011e-01 7.8486497570e-02 1.3414662248e-01 -4.0586959828e-04 -3.8439819427e-02
2.0120826035e-02 -1.6605053217e-02 1.3020048407e-01 -1.2107303520e-02 1.2620166942e-01 4.4579447276e-02 1.3835389428e-04 1.2550531421e-01 1.1245633020e-01 -1.5454568775e-01 9.5478869874e-02 -6.3805961217e-02 1.1479386297e-01 -2.9882800943e-02 1.0086937121e-01 -8.7315811278e-02 -1.0152423031e-01 8.7025810776e-02 4.9691501784e-02
-1.3863527534e-01 1.2998694534e-02 -2.1679755158e-01 1.0055346361e-01 -1.0399109786e-01 6.5689016889e-04 -1.6097989514e-01 -9.4205445577e-02 -7.9795590864e-02 8.6077367919e-03 -1.1784444698e-01 -5.8587861813e-05 -1.0371402319e-01 -1.4789312910e-01 1.3634869420e-01 1.6180864115e-01 9.8204288712e-02 -1.0229286279e-01 -9.0991150678e-02
-1.1303419873e-01 -3.4695344735e-02 -1.6871885915e-01 1.2989646994e-01 -2.3527310294e-01 -3.5765872545e-02 -1.2567056163e-01 -1.6060207631e-01 -1.3674311432e-01 1.7990093725e-01 -5.3669897670e-02 6.2281277592e-02 -3.0632251851e-02 -8.5288019811e-02 1.7061294952e-01 1.6641189417e-01 3.1079223466e-02 -8.0237226199e-02 -1.9115307029e-01
7.1300369089e-02 -4.4996323977e-02 2.1587286036e-02 5.8401632459e-02 8.7108019551e-02 5.1649315929e-02 1.1081870205e-01 2.0851678025e-01 1.9181643943e-01 -9.2329141562e-02 -7.9385432798e-02 -1.4012051790e-02 1.2510302894e-01 -4.7915122862e-03 -5.8004425493e-02 -1.0044130847e-01 -1.3307803067e-01 8.9042161471e-02 -6.0406916615e-02
-1.7953550750e-01 4.4320162532e-02 -1.5429528236e-01 2.3083221645e-01 -1.0885893431e-01 5.4882909161e-02 -1.8722987104e-01 -9.1162537841e-02 -7.4252629297e-02 1.6115541481e-01 -7.1764680976e-02 1.0895157774e-03 -8.3077304806e-02 6.6218061569e-02 1.8686321162e-01 2.4883166392e-02 8.7801446889e-02 3.5364745459e-02 -6.7707565677e-02
-1.3733949592e-01 1.0210840937e-01 -1.0512730356e-01 5.2918081095e-02 -2.2923917033e-02 -6.2247511481e-02 -1.8877530244e-01 -3.9476862296e-02 -1.4733813757e-01 1.2962889422e-01 -4.0314373695e-02 -2.6543749522e-02 -1.4966721936e-01 4.1512987121e-02 1.9225840137e-01 1.5414828966e-01 1.0543060449e-01 -1.7515640296e-01 -1.4498870519e-01
-2.2772089776e-02 -3.3052420559e-02 -6.5287704264e-02 3.7788695155e-02 -1.1470812301e-01 -1.3225052759e-01 2.8720382299e-02 -2.4041461818e-02 -4.0849995895e-02 -2.0592377105e-02 -4.1047200207e-02 5.5271655378e-02 -8.3262921068e-02 9.9269621514e-02 8.6631659388e-02 3.4561392794e-02 -1.0158441768e-01 1.3876410107e-01 5.3112175892e-02
