-8.0021328406e-02 1.0615043410e-03 -1.3786956296e-02 -5.1073510910e-02 -6.9743130701e-04 -1.5059093327e-01 4.1797371076e-02 3.4202650658e-02 5.9515212954e-02 -6.6540530542e-02 9.5164633860e-02 6.4429412476e-02 -8.1182438099e-02 -9.1190139239e-02 -9.4222607070e-02 -1.1513386504e-01 -2.5532884234e-02 1.1214916099e-01 2.0341832033e-03
-2.8532311054e-02 -3.5969436623e-04 -2.8913333655e-04 1.3301076573e-01 -3.1806719365e-03 1.7521983701e-03 -1.6836333098e-01 1.6881976068e-01 5.3086197188e-03 -1.1658510279e-01 6.4430833848e-02 -1.0691303716e-02 -7.1784209584e-02 4.7865433038e-02 -8.9798761707e-02 1.1858831107e-02 3.9636675415e-02 -5.1293644716e-03 -1.0921973666e-01
-4.8658731528e-01 1.3369707323e-01 2.4131245484e-02 3.3038161324e-03 -3.9974630561e-03 5.0941773439e-02 3.1818452846e-02 3.6502922589e-02 2.0464538805e-01 7.0088486814e-02 6.8934500720e-02 -3.3445094122e-02 8.4528837778e-02 -9.8117111174e-02 8.1177714774e-02 -1.0554513729e-01 1.0659618754e-01 -7.5689831619e-02 -4.9753551609e-02
-7.4344481727e-02 9.2835734172e-02 1.7913612723e-01 5.2145584500e-02 7.7983863658e-02 -1.3623479531e-02 1.4171421748e-01 5.0329663683e-02 2.2365103935e-01 -1.3879055494e-02 1.0761864614e-01 -1.8024958634e-02 9.7938281991e-02 1.7445177243e-02 6.5853365811e-02 8.4109243203e-02 -7.7427695434e-02 -9.6074284772e-03 5.7966527872e-02
-2.8832709803e-03 1.6678184485e-01 -1.1669760539e-02 -4.5229901019e-02 -5.9130176005e-02 -2.4741406155e-02 -5.0940020190e-02 -4.4262633776e-02 2.0914499920e-01 9.9657462604e-02 -4.1394225931e-03 9.8448468716e-02 -1.9902157412e-02 -1.4129892180e-02 7.4042386158e-02 7.5035935830e-03 9.4656406107e-02 5.4850189806e-02 -4.7775604528e-02
-4.2584227947e-03 1.8599162162e-01 -1.9259450718e-01 -5.4854749434e-02 -2.3369565548e-01 -8.0303238567e-03 -2.4430163410e-01 -1.3400103576e-01 2.4178828595e-01 2.8531390496e-01 -2.1765771959e-01 1.4591289579e-02 -1.9862786824e-01 2.2314511713e-02 2.5831806427e-01 -1.2821519103e-01 2.4050149551e-01 -6.4486274614e-02 -2.5255887565e-01
2.7829399522e-02 -2.0980115906e-02 -8.5827660323e-02 -7.5305962145e-02 -6.3777897519e-02 -2.3219582586e-02 -9.8192116364e-03 6.8130965463e-02 -2.5762821474e-02 -4.9970644404e-05 -9.1830748702e-02 1.7396897562e-02 -6.2499047505e-02 -4.8573077820e-02 -6.0867104990e-02 8.0823388748e-03 5.3259599459e-03 4.8669991994e-02 -7.5759746898e-02
-6.8718420994e-01 9.9078351514e-02 3.8493997049e-01 2.0085368945e-02 1.8240298837e-01 6.4618326206e-03 2.0385871400e-01 -6.1303589879e-02 4.7829941723e-01 -4.5085898472e-03 3.9468820744e-01 9.9057159666e-03 3.0679990974e-01 3.4014296309e-02 -3.9634398263e-02 2.1450160671e-01 -1.3962538839e-01 4.6383500763e-02 1.1764223782e-01
6.3987805005e-02 1.3077761902e-01 -6.5442213565e-02 -3.6283039074e-02 -1.5263630676e-01 -2.6437514654e-03 -2.6274153820e-02 5.5419553479e-02 2.1641984732e-01 1.8808092147e-01 -1.8619782652e-01 3.9134720581e-02 8.8912534526e-03 -1.0540245055e-02 7.4484872513e-02 -1.5367129442e-01 1.8314300894e-01 -8.3299353545e-02 -1.2296810903e-01
-4.3479943636e-02 4.9962617049e-02 7.3313060068e-02 4.8294867759e-02 -5.0662454306e-02 4.8462802262e-02 4.0850154373e-02 3.5053798803e-02 -1.0424814705e-01 -7.4534573500e-02 4.1681169445e-02 -2.9629576611e-02 -1.0381892835e-02 -2.6607383631e-02 9.8866992853e-02 -2.6189851077e-02 1.2162292698e-01 -2.1763985024e-03 -7.3877690026e-02
3.7390126661e-02 2.0885422731e-02 -8.6672687984e-03 -1.5569948508e-02 6.5834007100e-02 -6.0728034014e-02 3.6372055929e-02 -2.8970783614e-03 -9.2950413242e-02 8.1714789013e-02 -2.6067071960e-02 2.3445921877e-02 1.0732914536e-01 -2.3379379550e-02 -2.7854765830e-02 9.2052222309e-02 6.3637281548e-03 -2.8277895957e-02 1.6768401066e-02
2.2795737951e-02 -7.1820117521e-02 4.6300318880e-02 1.6217704688e-01 1.0123316652e-01 -6.3038814313e-02 2.0600872078e-02 2.3873405091e-02 5.5527414128e-03 1.6511697581e-02 -1.6445220432e-01 6.7958711151e-02 -2.8205590442e-02 9.9927117062e-03 6.1389775250e-02 -1.4452937847e-01 4.6510369788e-02 -5.3730334139e-02 -1.2865891547e-02
-5.0129892283e-02 2.5655136006e-01 -9.3858251013e-02 2.9255010227e-03 -7.5492390517e-02 -4.4475934098e-02 -1.9544431777e-01 -6.5213359403e-03 2.0802472470e-01 1.4330683921e-01 4.8783838593e-02 -2.8304803539e-02 8.3438851557e-02 -1.1113776619e-02 1.0691735337e-01 -4.5451744592e-03 1.8735242674e-01 1.8465229713e-02 -1.0237918725e-01
-3.4255585317e-02 4.6367379146e-02 5.7286576170e-02 3.0897611662e-02 5.8099408571e-03 8.2473725414e-02 2.9811341208e-02 -1.1275029416e-01 -1.1149711064e-02 1.5833442585e-02 -1.5004931239e-02 -3.2736272388e-02 1.3624254351e-01 9.0194174526e-02 2.7592614854e-02 -2.9554348565e-02 -1.0898003547e-01 -3.2955725628e-02 7.9780170444e-02
-6.0714475721e-01 1.2065081701e-01 -7.5781170670e-02 1.5184920904e-02 -2.3291654574e-02 -8.3184890063e-03 -7.7505196994e-02 2.9594264692e-02 2.6753631391e-01 1.2288164729e-01 -6.6508079098e-02 6.3328132871e-03 2.8414979750e-02 -9.9789556664e-03 9.7592236223e-02 -1.1650244879e-01 7.2725611133e-02 -7.8289446471e-02 -1.0734974196e-01
-9.9835912170e-02 1.1250018561e-01 -2.7887801739e-02 -9.7045449753e-03 5.2919063870e-02 -1.1603638642e-01 -2.7880042840e-02 -7.7155913089e-02 1.6718881066e-01 1.1487700034e-01 1.2044195378e-01 -1.5357447671e-01 2.1444461016e-02 1.0419619743e-02 1.2061590427e-01 1.9552579559e-02 6.9763480120e-02 9.6575526896e-03 -2.7592034269e-02
1.9262081256e-02 8.2079754659e-02 4.2992327462e-02 1.1890097123e-02 2.5667175954e-02 -2.8084874597e-02 -5.3413372664e-02 -5.4950062209e-03 1.8965376268e-03 9.1374141780e-02 2.6651695759e-02 -9.8859003387e-03 -6.6297204229e-02 -2.7000139163e-02 -1.3406527819e-01 2.4564948925e-03 3.6297853905e-02 -1.2554538074e-02 -6.5705880632e-02
-1.1750613157e-01 -2.2095403393e-02 1.5235401269e-01 -5.7042001104e-04 1.4322118865e-01 -1.6017360252e-02 1.1506720483e-01 -6.0917907014e-02 1.0393927765e-01 -1.6836270029e-01 1.3632019050e-01 -3.9035363192e-03 2.2860291394e-01 8.0590989018e-04 -1.6009955129e-01 9.4011038842e-02 -6.5376321245e-02 3.4811686032e-02 3.1857522932e-02
-8.0678194409e-02 1.2841561496e-01 -1.2616971452e-02 5.9670113261e-02 4.4979354906e-02 1.0877201696e-02 -1.8501025836e-02 1.4950184187e-02 2.5489621821e-01 1.0993808408e-01 3.5243392522e-02 -6.2908229457e-02 8.4582189144e-02 -4.4984074606e-02 1.2429866598e-01 2.5470378380e-02 1.3430206394e-02 5.4845631701e-03 -7.1276327724e-02
