-1.2965146655e-01 -4.1581762106e-02 -8.6852473734e-02 2.1700417362e-01 8.6397284983e-02 -3.8426746408e-02 1.7887630554e-01 6.8609825078e-02 -9.0918096777e-02 9.7049626084e-02 8.5348344556e-03 1.7664109390e-01 1.3681067418e-01 5.9344232524e-03 4.6996577374e-02 -5.8860042420e-02 1.6886028205e-01 5.9254147377e-02 -8.0806062405e-02
-2.9895104634e-02 -9.6948373179e-02 -2.8037004191e-03 1.6962876783e-01 -7.2702085185e-02 1.1494973546e-01 2.2453605943e-01 1.8715729051e-01 1.1430045179e-01 1.4521275390e-01 4.4991168057e-03 1.1418598117e-01 3.6593837269e-02 -6.1019211846e-02 -8.7102453038e-02 7.2085825334e-02 1.7560295591e-01 -1.2314665861e-02 -8.9019980679e-02
-1.5256629214e-01 -7.9356785291e-02 -5.5724487328e-02 9.8096127601e-02 -9.1528150556e-02 -1.3043397411e-02 1.8735274825e-01 1.6299783048e-01 -9.3367557733e-03 2.1373180274e-01 -9.2684271415e-02 6.2651569830e-02 1.1538649599e-01 6.8625115203e-03 5.4119696992e-02 -1.4033424446e-02 1.1178494545e-01 3.0745589267e-02 -4.2979287311e-03
1.2096377190e-01 -5.1740866165e-02 -8.2155827509e-03 9.8313914807e-02 2.3967669955e-01 1.6724999122e-01 5.5825751916e-02 2.1807827885e-01 -1.0084827883e-01 5.9563569135e-02 -8.8484226081e-02 4.9255652937e-02 -8.6513379239e-03 -4.4824878302e-02 4.8641985773e-02 2.3666426946e-01 7.7311183592e-02 -4.4096307233e-02 1.1015516707e-01
2.1667358200e-02 1.1369014600e-01 5.8289452249e-03 1.7885171725e-01 4.0490297858e-02 1.1846316057e-01 1.2564106505e-01 2.0525906337e-01 -4.7436643065e-03 1.1653092921e-01 2.5878614495e-02 1.2960018300e-01 1.0381914706e-01 5.0084756378e-02 -4.4401112281e-02 5.8377585091e-02 3.8735699221e-02 -2.0158125558e-04 -7.1299416464e-02
2.3722142865e-01 1.9916109709e-01 1.0772882126e-01 4.4363136818e-02 1.9560805435e-01 2.2003959766e-01 5.3754783918e-02 8.7995402074e-02 1.2454380097e-02 -4.6090873541e-02 8.5759974107e-02 -9.8859955370e-02 -1.2969168820e-01 -3.2572067940e-02 4.6031604169e-02 2.5286784602e-01 -3.6666499945e-02 -4.9513650776e-03 1.9773494096e-01
2.2908917720e-02 -6.3850142715e-02 -7.8513415067e-02 2.4577364892e-01 -1.1869324799e-01 -5.2336589053e-02 3.0119449646e-01 1.3614176209e-01 3.5828539474e-02 1.2154874862e-01 -5.5113370739e-03 1.5439595345e-01 1.1056495865e-01 -2.2510150449e-02 7.9187605809e-02 -3.4803432706e-02 2.0793028687e-01 4.7035433411e-02 -1.8282085895e-01
1.3818789887e-01 2.8212914958e-01 7.3396583932e-03 -9.2484532926e-02 1.7992077903e-01 1.7319428117e-01 8.1682591879e-02 2.1798439796e-01 1.0556821449e-02 -2.0350955132e-01 1.6285198339e-02 -1.8699716610e-01 -8.5223228085e-02 -1.0651226394e-03 2.4354522961e-02 1.3193861829e-01 -2.1532713354e-01 -1.4924464443e-01 1.9907857239e-01
2.5974494407e-04 4.0171303789e-02 1.5564391978e-02 -4.7940980043e-02 4.9578760926e-03 -3.5559257997e-03 5.1709393289e-03 -1.9055887098e-02 4.8012072255e-02 7.4337943301e-02 -1.0184696629e-01 -2.6059162650e-02 -4.5328983578e-02 4.9365172234e-02 -9.1457033937e-02 3.6916684124e-02 1.1173292009e-01 -2.5298282490e-02 4.3953260590e-02
2.7345246431e-01 2.6186119862e-01 -3.1962212038e-02 -3.2372988537e-02 2.2645980607e-01 2.6029878867e-01 5.3267111407e-02 3.2520251105e-01 -9.6053309432e-03 -1.4748441327e-01 -9.8977219061e-02 -2.4591600292e-01 -1.5702081829e-01 -8.9648692241e-02 2.1941745738e-03 2.5382856464e-01 -7.2828325419e-02 9.3323354583e-02 1.8428746569e-01
-3.2163338291e-02 -1.0118216891e-01 -3.9834348397e-02 2.2616782551e-01 -1.2002623597e-01 -4.7535977041e-02 2.1901069054e-01 1.9026963251e-01 5.3973055029e-02 8.0141095052e-02 6.8300311233e-02 1.8816847763e-01 1.6599139347e-01 6.2011776440e-02 6.9459134365e-03 -1.6210446012e-01 1.2709556148e-01 -3.3077933192e-02 -3.7295553577e-02
-8.6227048741e-03 9.9611586439e-02 -4.0048608187e-02 7.8608927142e-02 -2.3687563601e-02 2.2173469757e-01 1.3116842345e-01 1.5733716694e-01 -1.3033782422e-02 5.9554229383e-02 -9.3785185394e-02 5.6555032521e-02 1.5581896012e-01 2.4524863738e-02 -1.4233186268e-01 9.8115698907e-02 8.7144346044e-02 -1.0538089720e-01 6.2842524966e-02
8.6185523291e-02 2.0579473470e-01 7.5507975875e-02 -5.6313319544e-02 2.3290003595e-01 1.0988143650e-01 -1.0051098636e-02 2.0195410438e-01 -5.0729417812e-02 -2.5988091068e-02 -5.0929781296e-02 -8.5251508757e-03 -7.5259428315e-02 -3.1786748169e-02 4.5308462980e-04 1.3634573343e-01 -1.0147008881e-01 -2.2284097415e-02 5.1517379533e-02
6.8873277263e-02 -3.6889334542e-02 9.5350730910e-03 3.0078097829e-02 -1.1785574320e-01 8.0550019450e-03 -1.2097357590e-01 -4.6662375805e-02 5.8446718545e-02 -9.4287199755e-02 -3.2304989863e-03 -9.5025397573e-03 -1.6931836193e-02 -6.8808283976e-02 1.7527870415e-03 -1.5728372869e-02 -2.3714379156e-02 3.8351595276e-02 -2.5500793592e-02
7.3625408757e-02 -1.5979120424e-02 1.3192694025e-02 1.1611957550e-01 1.8622167686e-02 1.3669605168e-01 2.8614826101e-01 1.7681948269e-01 -4.9044081818e-02 8.9485878876e-02 3.1279111949e-03 2.2908895385e-01 1.9242415111e-01 -6.9916911936e-02 1.5068241678e-02 1.1382496043e-01 1.7436770482e-01 -8.3769501627e-02 -9.7554569646e-02
1.7843176596e-01 2.1344115526e-01 4.1510974301e-02 -3.4083684897e-02 1.5424225188e-01 2.6675091245e-01 2.4085588208e-02 2.0220610420e-01 -1.7136218450e-02 -1.3515243201e-01 -5.5391239693e-02 -6.8630494512e-02 -1.5965414104e-01 6.2971821727e-02 -1.0948206278e-01 1.6640303807e-01 -1.0629084115e-01 -1.1278002146e-01 1.0217934343e-01
2.5020843217e-02 1.5353388997e-01 6.2980925454e-02 4.3892544371e-02 5.5491917655e-02 1.8361157149e-01 -5.2129817349e-02 1.6375697600e-01 9.1370682775e-02 -8.1233368437e-02 5.7717499947e-02 -5.8127799323e-02 6.4162047912e-02 9.7153845820e-03 -3.1897113296e-03 4.0621431166e-02 -1.1058197763e-01 -4.7929691228e-02 1.3219842189e-01
-8.8347330803e-02 -1.3141738578e-01 -8.8172466170e-02 2.6506421258e-01 -6.6156191136e-02 7.8931661562e-02 1.5943372351e-01 2.8876046728e-02 -1.2977270796e-02 1.7361853597e-01 -2.7095814225e-02 2.3002527897e-01 8.3745100419e-02 2.0742951978e-02 -3.5558928403e-02 -9.2071032187e-02 1.3616109758e-01 -4.6865523564e-02 -1.0808404053e-01
1.2781221679e-01 1.0522985396e-01 8.7308478838e-02 8.7209415436e-02 -2.1485056162e-02 2.6472291674e-01 2.3928441990e-01 2.2044468635e-01 8.9639010554e-02 1.4769561193e-01 1.8442178298e-03 -1.7217394283e-02 2.8165423203e-02 -7.9467918928e-02 -4.9246824611e-02 1.1307870709e-01 2.2227784000e-03 1.3902398184e-01 1.1695170663e-01
