-3.8130991745e-02 -9.3877564137e-02 8.0019820855e-02 1.9664964056e-01 2.0076317046e-01 6.6174596265e-02 -7.5036161011e-02 -2.6245297157e-02 -3.7881578088e-02 8.1611819041e-02 1.7796289487e-02 -5.8135138693e-02 -2.4590601991e-02 -5.8064689111e-02 2.3571690756e-01 -5.9135052663e-02 -8.0199978123e-02 2.1831111015e-01
-1.0309957169e-01 -4.3111228508e-02 -3.3348882869e-02 5.3293520400e-02 1.4135195527e-01 9.9986762672e-02 -1.5174432199e-02 1.0572014259e-01 8.0235500536e-02 -8.6573221619e-02 -1.0961525125e-01 -2.4967380715e-02 -8.5137616147e-02 -5.5141241478e-02 2.5522992454e-01 5.0421000993e-02 3.8769107416e-02 9.3270956600e-02
1.3243278751e-01 -1.2305410290e-01 -3.1435091418e-02 4.3360094761e-02 1.1948278861e-01 3.5663459683e-02 4.1203142436e-02 1.3411901467e-02 -5.9880196324e-02 9.1429962445e-02 -2.3558076086e-02 -5.4302039947e-02 2.1396230901e-02 1.4659250963e-02 3.5392961897e-02 6.0875978752e-02 1.0499915148e-01 4.5176406582e-02
-1.7881057930e-01 -3.6923278078e-02 8.2423743339e-02 7.3564575049e-02 1.6063547319e-01 1.2497338673e-01 1.0919596152e-01 9.7006178525e-02 -3.2079775973e-02 -1.3262565855e-01 2.4904466837e-02 -5.1323988414e-02 1.7853401736e-04 -8.8469483203e-02 2.1511026788e-01 -5.5599401652e-02 6.2380347447e-02 3.0106278337e-01
-3.6113814572e-02 -8.4012585638e-02 1.3399396437e-01 2.2716338289e-01 9.3928593337e-02 6.3023934686e-02 9.5487321742e-02 -2.1592204384e-02 2.5510141683e-02 2.0318894962e-02 3.4365127590e-02 -3.8985878023e-02 5.8879422244e-02 2.3633030535e-02 2.2451958007e-01 -7.1876685734e-02 -1.8991389659e-02 1.8179077217e-01
-7.6352695155e-02 -1.1367834125e-01 1.6642453417e-01 1.8672662764e-01 1.6148450848e-01 5.4657960611e-02 -2.2737028023e-02 4.4919661456e-02 5.8574377437e-02 -1.5246463397e-02 -9.3569926703e-03 4.0376276903e-02 -5.7855291179e-02 -5.9016022291e-02 1.2991979098e-01 -8.9842631802e-02 -1.2025900177e-01 1.2597551887e-01
2.8180438739e-01 -2.5873753571e-02 -1.7971255958e-01 -2.7195612841e-01 -1.6974588221e-01 -2.9670646653e-01 2.4267530858e-01 7.6560458195e-02 -1.0758382094e-01 2.5917507788e-01 3.4954387258e-01 8.8575967361e-03 1.7326533067e-01 -4.4586305565e-02 2.8980650917e-01 1.9155979634e-01 -3.5944354919e-02 -4.6212397856e-02
3.0261236371e-01 -1.4425617274e-01 -1.0469236444e-01 -2.9275125130e-01 -8.9800800375e-02 -4.0464486979e-02 3.0453754952e-01 -2.0093894459e-01 -3.5851008274e-02 2.3983990717e-01 2.3928476646e-01 -1.3283560863e-01 1.6796100941e-01 -8.9669675533e-03 2.1313257274e-01 2.3198576628e-01 5.7331145791e-02 1.2482952939e-01
1.4166465447e-02 -1.1721246588e-02 3.7813544540e-03 1.3032277629e-01 5.3462086994e-03 4.2874634217e-03 9.2769340056e-03 8.2325514457e-03 -1.1128801973e-01 4.6002709666e-02 3.3514334880e-03 6.4782636743e-02 5.5731293526e-02 -2.0272360306e-02 3.1717764003e-01 -3.3581504482e-03 4.3142645441e-02 1.3911107687e-01
7.0931278051e-02 8.2516184360e-03 -1.5882911236e-01 -8.2419402775e-02 2.7587769279e-02 -1.5358162034e-01 1.9169994906e-01 -3.4982034673e-03 3.2187464320e-02 1.7424940075e-01 1.3547430140e-01 5.4425167632e-02 2.2814469053e-01 -3.1644207042e-02 2.1697980760e-01 1.4514396572e-02 -2.5167273554e-02 8.5531656850e-02
5.3682950122e-03 5.3144905128e-02 -5.8843960555e-02 1.7512005298e-02 -1.0640727761e-01 2.1926893665e-02 -5.8991760885e-02 -4.2245380184e-02 5.3090308175e-02 8.8865748246e-02 4.7003705599e-02 -5.6867012403e-02 -2.0642164864e-02 -1.3574732798e-01 -7.9510721312e-02 2.1363733961e-02 -2.5316548004e-02 4.0444797558e-02
1.2262894369e-01 7.0912564521e-02 -1.7178617139e-01 -1.2586228377e-01 8.4710488513e-02 -1.0266126717e-01 2.3877559811e-01 -6.3483544382e-02 -1.3566669693e-02 3.4082741038e-01 2.0501277922e-01 3.9814706261e-02 1.8930958704e-01 9.1406688319e-03 3.3489245957e-01 2.3698827017e-01 4.2607680708e-02 1.1382489221e-01
-2.8829529969e-02 5.1789430074e-02 1.5244994773e-02 -2.3487222981e-02 -1.1026947225e-02 -3.0722746670e-02 -6.8494529140e-04 3.8529800473e-02 2.4953163474e-02 -1.0916502064e-01 -1.5876176477e-01 -1.4747594829e-04 -7.5392960854e-02 5.6962879013e-02 -4.2713383272e-02 7.6260419198e-02 -1.0792218494e-01 7.5852894920e-02
7.8232350245e-02 7.6667142217e-02 -1.3115189400e-02 4.4412639676e-02 -2.4315785391e-02 -1.8633759527e-02 -4.5950702995e-02 -2.5331725398e-02 -6.1931927300e-02 -1.0245514218e-01 -2.3663958548e-02 6.9473336653e-02 -5.1831063026e-02 1.9009714319e-02 -5.5614769389e-02 -9.4718677533e-02 3.5532434010e-02 -2.4618659238e-02
1.0005021667e-02 2.0419009595e-03 7.1484311682e-02 6.0467796489e-02 4.7631507399e-02 -3.0499903888e-02 9.4979940760e-03 -1.5518968816e-02 -4.9949216109e-02 9.2566163822e-02 9.7836596336e-02 -5.9720329365e-02 3.5251056498e-02 6.2750712656e-04 3.1015834677e-01 4.2800349471e-02 -1.1808763810e-02 1.4662209381e-01
-1.7727680234e-03 -1.0342246567e-01 1.2529274267e-01 2.5325340103e-02 2.2640635527e-01 -6.2859273048e-02 3.3208818836e-02 -5.0841714391e-02 -1.4099480606e-01 9.8059644784e-02 1.3099693980e-01 -4.9687670614e-02 -1.7210252476e-03 -1.4669785724e-02 7.7421897692e-02 1.9077360818e-02 -1.0555098574e-01 2.0279722275e-01
-1.1739826175e-02 -1.7230538867e-02 -5.6651413153e-02 1.4531817879e-02 5.8625178339e-02 9.2720431713e-02 6.1280382612e-02 -3.0293624425e-02 -3.4987980127e-02 -5.9765272854e-02 -4.0125910643e-02 1.9192847990e-02 -6.5433146660e-02 7.7081454268e-02 7.1888875186e-02 -2.2666239783e-02 -8.4375576240e-02 1.2303699087e-02
-2.4365058855e-01 -5.5036349999e-02 1.9465387054e-01 2.0056504691e-01 3.3248756732e-01 2.0290229186e-01 -3.9086315297e-02 6.9112073565e-02 -6.5321255556e-02 -1.2059371568e-01 -1.8134176135e-01 6.4226649207e-02 -1.2544682630e-01 -4.3054898216e-02 1.5493982162e-01 -1.0958321378e-01 -1.0717523360e-02 2.4797803767e-01
