-9.6499369206e-02 1.0093153386e-02 4.2768424315e-03 -3.9236676921e-03 5.8044295419e-02 -6.7201011613e-02 1.3485742686e-01 1.7291587819e-01 5.2791876635e-02 -4.2620261483e-02 -3.6598884695e-02 2.4179384585e-02 5.7944762155e-02 1.6301384975e-01 1.9634880072e-02 -1.3263568271e-01 5.0023459884e-02 6.1274447831e-02 2.2209017167e-02
-4.3275182108e-02 -7.2320210298e-02 6.6402144432e-03 4.9105900053e-02 -4.4823232296e-02 7.6893212814e-02 -2.1647032949e-02 4.1554005609e-02 -8.0508857330e-02 5.1260884428e-02 -4.0258256723e-02 -4.6425418450e-02 8.2177820516e-02 -5.7206781071e-02 -3.8017465089e-02 8.2967035059e-02 -3.4849214787e-02 1.3595754447e-01 -6.1102958034e-02
1.3962556188e-01 -1.3850999414e-01 -4.4926088765e-02 -2.7346001838e-02 -8.0250359580e-02 2.0786932802e-01 -8.4247832444e-02 -5.0723632663e-02 -2.4158167358e-01 -4.2182560194e-03 -4.2987648360e-02 2.9395149783e-01 -1.6435798610e-01 -9.5028171704e-02 1.3907036578e-01 1.0877219010e-01 -1.5925116168e-01 1.1776647611e-01 1.1046603552e-01
3.2918788543e-02 1.9429284103e-02 -1.9260668013e-03 -6.5618862458e-02 -1.1353745458e-02 -1.8585679139e-02 -1.4084671091e-02 4.5747501129e-02 3.5212066576e-03 4.6660540537e-02 4.1206594677e-02 -6.5969876496e-04 -1.6451164738e-02 -8.7816516662e-04 -2.8710077971e-02 6.8836245492e-02 -1.9841023262e-02 9.2383403672e-02 -1.0425210689e-01
-1.8357057252e-02 -4.0047499670e-03 -7.5458774062e-03 -7.2232244299e-02 6.9344544670e-02 -7.1141554851e-02 -4.2468966549e-02 1.7086640005e-02 6.6951308769e-02 3.9159447396e-02 2.5211728653e-02 -6.8824449163e-02 6.3391439183e-03 -3.3505594459e-02 2.0366782252e-02 -1.3268595567e-01 5.0859389301e-02 6.1099832737e-02 -7.0433266067e-02
-1.5960433159e-01 3.5810982067e-02 -1.0296875617e-01 -8.9522449218e-02 1.4432499659e-01 -1.4494617354e-01 1.9295462319e-01 3.0849152536e-01 1.6879247378e-01 -3.4087089293e-02 -6.0767381791e-02 2.5800991444e-04 2.0813651833e-01 2.1653480416e-01 -1.3511373869e-01 -1.3146498055e-01 1.3881461583e-01 1.7655114534e-02 -1.6551839658e-01
3.4592563432e-02 9.0272971282e-02 -1.3652476991e-03 -7.5244848531e-02 -7.7249852326e-02 1.3010912349e-01 5.2518306014e-02 5.2465649738e-02 -9.3489638671e-02 -5.4906175162e-02 -9.4840673402e-03 2.3835928497e-01 1.7561563023e-02 -3.5415667135e-02 9.8218605778e-02 1.8772411389e-01 3.3026274727e-02 1.1411855754e-02 2.1622638210e-02
1.8503896079e-01 8.5274936624e-02 4.5672579232e-02 -2.9714063483e-02 -1.6588039915e-01 2.9494644625e-01 -2.4004082872e-01 -1.7311646821e-02 -2.8939654302e-01 -4.6649021158e-02 -3.5807705560e-03 2.3247225854e-01 -2.9457160208e-01 -1.4965933666e-01 2.8341531833e-01 2.6706303639e-01 -1.4030870369e-01 1.2145719946e-01 1.7293003310e-01
9.2925759453e-02 6.6158486563e-02 -7.1152389976e-02 -6.6792246953e-02 -6.1650329197e-02 -8.3478421478e-03 6.6388914266e-02 -1.6881529778e-01 7.7653018048e-02 -4.8631934218e-02 1.6241677461e-02 3.1303909811e-02 6.8173669101e-02 2.9401780770e-02 3.2993819838e-02 -3.7468993729e-02 -1.9108330407e-02 7.7752206762e-03 6.5388932877e-03
2.1532477792e-01 -9.6162639316e-02 -5.1933184467e-02 -5.9240077101e-03 -2.7452960131e-01 3.4797138799e-01 -1.8857019436e-01 -9.3032359152e-03 -2.7550603813e-01 -8.9426471384e-02 4.8964585632e-03 2.4780819824e-01 -3.0582082272e-01 -1.2874723050e-01 1.8736212188e-01 3.1977450100e-01 -1.9832018149e-01 -3.7935940994e-02 3.1721997759e-01
-3.4450937890e-02 -1.7984674229e-02 -2.8919239564e-02 3.9946951142e-02 1.2292444255e-01 -1.5722868948e-01 2.5745383569e-01 1.2538327305e-01 2.6090807999e-01 4.6166345133e-02 -9.7430980489e-03 -1.3902279389e-02 1.9125623412e-01 2.5346369291e-01 -2.8520107386e-01 -1.1775809375e-01 2.5324487178e-01 6.0674115246e-02 -1.0125809519e-01
9.5253284196e-04 -2.4824371549e-02 -3.7574716556e-02 5.6766282145e-02 1.0610807076e-01 3.2302110064e-02 -4.4020582863e-02 9.2399495037e-02 6.0335011592e-02 5.6814690347e-02 7.9591548076e-02 -1.6467633953e-02 -3.3316829466e-02 5.0331052868e-02 6.6598536710e-03 -1.8282321502e-02 -6.0850422975e-02 7.3261135207e-05 -1.2349550340e-02
-1.1780260138e-01 -1.7776552281e-02 2.5266820212e-02 1.0206406572e-01 -9.9608011940e-02 6.1583647309e-02 1.1527259759e-01 1.8086292477e-01 1.0250736619e-01 1.9045445823e-02 -7.0589702227e-02 1.0201970552e-01 1.5342925342e-01 1.4897922975e-01 7.8635099603e-02 -2.1744032680e-02 1.6054250933e-01 -6.2104488231e-02 7.6938096152e-02
-3.5324435005e-02 -3.6118620627e-02 -1.1903903186e-02 -4.5843524245e-03 -3.5500239360e-02 6.7645601441e-02 -1.7508969887e-01 1.7243870549e-02 -8.1798520371e-02 -6.0875700552e-03 -1.9137698260e-01 6.1705414301e-02 -1.9888292999e-01 1.2145220470e-02 1.6904281925e-01 1.9064870190e-01 -8.0024073697e-02 -2.0193788892e-02 1.1940598971e-01
-1.3922757858e-01 2.2619998782e-02 -7.8249848688e-02 -9.8197179892e-03 1.2240599843e-01 -9.8000651218e-02 5.5013233558e-02 1.9859424381e-01 7.0542875228e-02 -5.2506137789e-02 1.2834863908e-01 -2.8512450610e-02 -2.0185204863e-02 2.1139525943e-01 -3.7063189480e-02 -2.5870314454e-02 9.9912366055e-02 -3.2696631699e-02 -8.0266050877e-02
2.7479070402e-01 -1.9796721979e-02 2.4956990354e-02 5.0556047150e-02 -2.3836878010e-01 1.5964225171e-01 -7.8753134808e-02 1.3875520691e-02 -2.6950702179e-01 1.1530488895e-02 1.0388600631e-01 2.3798820053e-01 -1.8215465994e-01 -1.8968147120e-01 1.8965047024e-01 2.0874749841e-01 -2.4639639805e-01 -4.7753259001e-02 2.3707233253e-01
5.0749854399e-02 -9.8715041586e-03 -3.7601328866e-03 3.2834001368e-02 -4.1374233871e-02 -1.3806677108e-02 5.9803559946e-02 -9.2052128361e-02 -6.2547440489e-03 1.8860891846e-02 4.6063821848e-02 3.1886105900e-02 1.1613105884e-02 6.8469055673e-02 3.4981665732e-02 -3.1760700897e-02 7.6553950819e-02 -1.4284143701e-01 -2.9263200057e-02
2.4826666363e-02 2.0459127497e-02 -1.2994189735e-01 9.8716145251e-02 8.6513762860e-02 1.1607948435e-02 -3.8623973033e-02 -3.2102085867e-02 1.2043862785e-01 6.0272902209e-03 -2.0695752724e-02 -7.4944852009e-03 -2.7082393963e-02 8.8479619636e-02 -2.1964943708e-02 1.6324270453e-03 -3.8693492979e-02 9.8687217023e-02 -4.2833188560e-02
9.5008243777e-02 8.1060105413e-04 -3.3810144260e-02 3.4435838647e-02 -1.4810299711e-01 1.7325544624e-01 -1.6816534141e-01 -1.6201180774e-01 -1.0546627295e-01 -1.2089865938e-04 -9.2181406425e-02 2.4404147066e-01 -3.0723683421e-02 -1.0988225980e-01 1.6316025169e-01 6.7583839796e-02 -1.4207734858e-01 -4.5737814177e-02 7.7842081321e-02
