-1.9922238262e-01 -3.7535603494e-01 1.3938500763e-01 3.5364773843e-01 -3.9446126666e-01 9.3637964000e-02 3.2013367043e-01 5.2664437658e-01 -1.2675812836e-01 6.6929816398e-01
7.7924024090e-02 -1.9722095351e-01 -2.6848541444e-01 5.5550385962e-02 5.0161848442e-02 1.9001652668e-02 2.5464024355e-01 6.6978222810e-01 1.5027697265e-01 -8.6152967043e-02
-1.0147854011e-01 5.8232892426e-01 -1.9858731450e-02 5.1262674433e-01 -3.2858291371e-01 -6.5091381169e-01 3.4908616171e-01 5.3348420123e-02 -6.8432805826e-01 -3.8145385082e-02
-2.2734953314e-01 2.9858684104e-01 3.6182376176e-02 1.3832403288e-02 3.6060458280e-02 1.6713780909e-01 -7.5503073636e-01 -9.3586280136e-02 1.9090587197e-01 -1.4259525699e-01
-5.4929450425e-01 -2.4612179677e-01 -6.0320917965e-01 4.3668045318e-01 -7.4421649053e-02 3.2527095514e-01 -6.2973710956e-03 1.1036328364e+00 3.8252724670e-02 1.8596698594e-01
4.5828401114e-03 1.7901372170e-01 3.6457008723e-01 3.0415500871e-01 4.1652801985e-02 -1.4560372912e-01 3.7360153241e-01 -1.1405018583e-02 -7.0303234864e-01 -6.6151891789e-02
-5.2346579838e-01 -1.1824460143e-01 -2.8928785514e-01 4.5815377448e-02 -3.1838327439e-01 -9.9981233568e-02 -8.4949392655e-02 -5.9350196628e-01 5.7363704515e-02 6.0457031665e-01
-4.9403294337e-01 1.2043667896e-02 7.2722689960e-03 -9.5692619292e-02 -5.8584173662e-02 4.0681690721e-01 4.8932726746e-01 -4.9647762050e-01 -6.7888882515e-02 -3.2189356541e-01
3.5275773781e-02 1.7793757295e-02 2.6061415786e-01 3.3003707526e-01 -2.7847625655e-01 5.7688303410e-01 2.8594991592e-01 2.4039883862e-01 4.9751352465e-05 2.3992101423e-01
2.7743188971e-01 -3.6729017945e-01 1.2376864272e-01 -1.8352772246e-01 3.6285784776e-01 -3.4370688859e-03 -4.3436599387e-02 1.1801994477e-01 -1.8247972545e-01 3.0233856811e-01
