-5.6099082644e-01 -3.9609823070e-01 3.0636416189e-01 -5.0717633223e-02 -5.7169307982e-01 -4.2664415539e-02 3.5018353452e-01 -2.5046021700e-01 -6.9252321337e-02 4.2710203484e-01
-2.3341619842e-01 1.3813293180e-01 -1.9123307673e-02 -3.7033924293e-01 -2.1218584526e-01 6.3173535363e-01 2.6224896402e-01 -5.0391315771e-02 1.6521944379e-01 1.9642586034e-01
-2.7135404314e-01 -4.3739664146e-01 8.4239339220e-02 -7.1900002504e-01 1.5978386244e-01 -3.9491851685e-01 -9.7696859371e-02 6.1653630154e-01 -5.3747776734e-02 2.1514972395e-01
6.1421405946e-01 7.5393455283e-01 3.0605930853e-02 5.4832170481e-01 8.0318116450e-02 4.8158463811e-01 3.1289812502e-01 -3.8155368944e-01 -1.6190489149e-02 1.4357033216e-01
-4.4673972021e-01 -3.3079522969e-01 -4.9566319244e-01 -1.9615543838e-01 -7.1584234437e-03 2.4079079224e-01 -2.9414980467e-01 -1.0746470095e-01 -3.6379612111e-01 2.0677234724e-01
-3.8221793473e-01 1.4969760212e-01 -3.1023642053e-01 5.8648881677e-01 1.7108716180e-01 -4.3199047308e-01 1.1229383165e-02 1.1744412981e-01 -2.5822303590e-01 2.4580988881e-01
-4.0611017257e-01 -1.8790117988e-01 2.2586731681e-01 3.4093756278e-01 -4.3302058849e-01 -4.8897101374e-01 1.5761021083e-01 8.1197955987e-02 -1.2029424436e-01 1.2993609898e-01
1.9841603283e-01 -1.9714839500e-01 2.2990671706e-01 -7.4829216955e-02 -6.7437857329e-02 -2.1199174993e-02 -1.3704958816e-01 4.4445962701e-02 2.5459464894e-01 7.1804350686e-02
-2.8892312316e-01 4.2994749659e-01 -7.9836452488e-02 1.7784157856e-01 -9.5144689832e-02 4.1745287907e-01 -1.0150963441e-01 -2.6014179221e-01 4.4838346961e-01 -2.7294334480e-02
-1.9458673578e-01 2.5364808215e-01 -3.8131768888e-01 -1.2255420434e+00 1.0498288891e-01 4.3052681665e-01 -3.2916272766e-01 -5.4506253115e-01 -3.3177359146e-01 1.2196118082e-01
