-2.1299983360e-01 1.4299961400e-01 1.0777471805e-02 4.5970786680e-02 -3.2952230706e-01 7.8676425349e-02 -4.0889678486e-01 -2.7744960067e-01 -1.5319624340e-02 9.3660746433e-02
-3.2153064826e-02 1.4587396004e-01 5.9320076156e-02 1.8521964944e-01 -1.1900949385e+00 -7.8721356879e-01 7.4626806202e-01 -2.1515513971e-01 1.1997905249e-01 6.3681006964e-02
1.0388447414e-01 -9.3003649155e-02 -4.9699239324e-02 9.5785193025e-02 -1.3559888771e-01 -1.4069339839e-01 1.0045828229e-01 7.7918877950e-02 1.6383705850e-03 -6.5306341113e-02
6.7854586311e-02 -9.4507430237e-02 1.9300431942e-02 3.8860998010e-02 1.7757925044e-01 -5.1969339053e-02 9.6212420349e-02 2.6122695656e-02 3.2263980018e-02 -1.1399935118e-01
-1.2045284958e-01 2.2174353905e-01 5.0032522404e-04 -9.0754017085e-02 -3.1429743155e-01 2.1027237986e-01 -2.4839741242e-01 -4.9865027710e-02 -4.5071414581e-02 2.8136191829e-01
-4.7436634836e-02 -5.4285707530e-02 2.7306203585e-01 -2.4123066229e-01 1.1767142491e-01 -3.0871367347e-01 -7.1259767271e-02 -1.1399937055e-01 2.5399904829e-01 -1.1727271155e-01
-6.3888160181e-02 -1.4413257269e-01 4.3537669672e-01 -4.5554049036e-01 1.1030587549e-01 -6.1159425885e-01 -4.4568091682e-02 -1.9291769775e-01 4.2091992507e-01 -2.4078894691e-01
-3.2024207273e-01 2.9256386895e-01 1.1015158036e-03 -2.3533465287e-03 -4.2079864575e-01 8.9614708508e-02 -3.1902346526e-01 -2.1523117710e-01 -3.7108534222e-02 1.9275098644e-01
9.7312710367e-02 -9.9565860216e-02 -3.3707542043e-02 7.0954830839e-02 1.3608525029e-01 4.4937261761e-03 1.0144140591e-01 6.6551364451e-02 3.9605900615e-03 -9.2659574611e-02
-2.5957321890e-01 1.6883626098e-01 -3.4227482202e-02 1.0566452590e-01 -3.5482623257e-01 3.4972146979e-02 -5.6741725959e-01 -2.9858295528e-01 -4.4576778382e-02 1.3583755700e-01
