-1.4616335606e-01 4.9550519879e-02 2.8696392252e-01 1.2927830481e-01 -1.4045061743e-01 6.9516538530e-02 -1.3816636073e-01 -1.4390411261e-01 -2.2212825982e-01 1.1751809722e-01
-1.5407727396e-01 -4.0928498684e-02 6.0140724485e-02 1.5690917067e-01 -1.2932925996e-01 1.3298182422e-01 3.4287076865e-03 -1.6597087512e-01 -1.8908114006e-01 2.2416317190e-01
-3.8134996718e-01 -1.0881342178e-01 4.0140322899e-01 1.5065364158e-01 -2.0311130217e-01 -1.4019225652e-02 -9.4119923751e-02 -2.5470731704e-01 -2.7189914212e-01 2.1777047921e-01
1.6243710873e-02 2.3134866422e-01 -1.2063264209e-01 1.0955675237e-01 -8.0865168504e-02 6.9246986348e-01 -7.5561129136e-01 -3.0027025725e-02 6.1688808169e-02 4.8184105098e-02
7.5855351639e-02 -2.5238130563e-01 1.2441897085e-01 1.7102039805e-02 4.1520980158e-02 3.4945132670e-01 -5.7469459261e-01 4.5885697546e-02 -5.0524494247e-02 -9.1043552900e-02
-1.0597172754e-01 -4.6082003316e-01 1.1125168414e-02 2.8461618958e-02 -2.8370370408e-02 3.6883967160e-02 1.8831847213e-02 -9.5963363976e-02 -6.8966207323e-02 1.2006656648e-01
3.5556142933e-02 2.4106048049e-01 1.3857323117e-01 1.7276158691e-02 -3.7013823306e-02 -1.0919203146e-01 -5.3131365559e-02 1.9163892178e-02 -9.8087978215e-02 -5.7718904730e-02
-8.5334490212e-02 6.7361322473e-01 2.1530613045e-01 8.1393853153e-02 -1.3176078627e-01 -6.4857905941e-02 4.4755907034e-03 -8.5366897436e-02 -1.1541028887e-01 6.1841715368e-02
1.0213123700e-01 -2.4553640201e-01 1.6520668201e-01 2.2321001332e-02 -1.0443572574e-02 -3.4066903219e-02 -1.3342387179e-01 1.2978181054e-02 -2.2630580874e-01 -6.7793583915e-02
2.2518418198e-01 6.9352460132e-02 -8.3126519484e-02 -2.4538186304e-01 3.0761045459e-01 1.4340552914e-01 -1.7806896165e-01 3.1350113551e-01 3.5881745031e-01 -3.4546408654e-01
