8.7766224871e-02 -9.4168380280e-02 -2.9768240980e-01 -7.9430989188e-02 -1.4073330634e-01 -1.1759720856e-01 1.6273360383e-01 1.7982985894e-01 -1.0340112306e-01 -1.3502867895e-01
-2.4730149806e-01 2.7728373963e-01 3.3288177071e-01 2.4498483967e-01 3.4117626211e-01 3.0998395151e-01 -2.3616373374e-01 -3.7644887522e-01 1.4486510111e-01 3.3663596457e-01
-4.9813802951e-02 6.5163702097e-02 -7.5018580012e-02 5.8452529071e-02 5.2408853090e-02 5.8332289336e-02 2.2344086989e-02 -1.4641799711e-02 -5.3822349464e-02 5.0458221216e-02
-7.9575301014e-02 1.0159266020e-01 1.2404053224e-01 9.1097716118e-02 9.3979746924e-02 9.9492469425e-02 -1.2064928046e-01 -7.0013728992e-02 5.8509455120e-03 9.7031696154e-02
-2.0282586153e-01 2.2881787372e-01 3.2800288448e-01 1.9443352186e-01 2.8924735250e-01 2.5668186194e-01 -2.0048727593e-01 -3.2282111343e-01 1.2207073063e-01 2.8016979409e-01
-1.9601835401e-01 2.0770658395e-01 3.3473419304e-01 1.8959774056e-01 2.5139564759e-01 2.2958009530e-01 -3.0093806094e-01 -2.9312384404e-01 1.6049517941e-01 2.4386886261e-01
6.5335366389e-02 -6.2440189136e-02 -2.9345374849e-01 -4.9401362505e-02 -1.0108572432e-01 -8.1979599842e-02 1.6006766607e-01 1.4066293325e-01 -1.1403919825e-01 -9.8426455117e-02
1.7434822027e-02 -5.7751841866e-03 -1.9252438692e-01 -3.7932901761e-03 -4.2163419952e-02 -1.7402916402e-02 1.0445926276e-01 9.0814316643e-02 -8.2571564256e-02 -3.8908637064e-02
-8.7713533875e-02 7.1121202493e-02 -7.8322762957e-01 8.2326448090e-02 7.9357419522e-02 7.3658275970e-02 5.4662522452e-01 -1.3391902486e-01 -3.9064387198e-01 8.5179903920e-02
-2.1024089198e-01 2.2859015437e-01 3.1543054041e-01 2.0917161433e-01 2.8278088914e-01 2.5165826321e-01 -2.6678318962e-01 -3.4008218212e-01 1.5609332702e-01 2.7760980177e-01
