-6.9669267486e-02 4.0057832861e-01 -9.1552078855e-02 -1.6999560572e-01 5.7765922065e-03 1.4436579948e-01 -5.8072004975e-02 9.2549183606e-02 -8.6047818486e-02 6.0744456928e-02
-6.8998804009e-02 2.1180466705e-01 -9.0318846048e-02 -1.3746139473e-01 -1.2665793391e-02 1.2604367886e-01 -5.9248663702e-02 2.2868062706e-02 -8.7005996242e-02 6.3883173854e-02
-1.1109773250e-01 -5.4367662740e-02 -9.4990286234e-02 -5.3214833503e-02 -1.4542847771e-01 6.6816366400e-02 -1.1346828338e-01 -1.7227517732e-01 -9.5890641486e-02 1.1096245331e-01
7.2453815567e-02 9.1260457362e-02 5.4384607163e-02 8.2565660363e-03 1.1164899232e-01 -2.1780320797e-02 7.6188795427e-02 1.4181749899e-01 5.3709647819e-02 -7.4361722504e-02
8.7212974938e-02 -9.2743612986e-03 7.7988456628e-02 6.2886454027e-02 1.1651602673e-01 -6.8027491782e-02 9.4764251296e-02 1.1968937720e-01 8.2386660696e-02 -9.3671379143e-02
-2.1275414507e-02 1.5396129031e-01 -4.1081122265e-02 -8.3500365997e-02 2.9740180283e-02 6.9256683545e-02 -1.6081798221e-02 5.8309134981e-02 -3.8270225522e-02 1.3470667759e-02
-5.1016730362e-02 4.2233702910e-01 -7.3522731018e-02 -1.6912453574e-01 2.9943041366e-02 1.4021682563e-01 -4.2017522419e-02 1.3110583651e-01 -6.9731964989e-02 4.3513073533e-02
2.3379641599e-01 -4.4770648208e-02 2.2330854453e-01 1.8483415348e-01 2.4920602145e-01 -1.9328388974e-01 2.3149073746e-01 2.8115514916e-01 2.2372108768e-01 -2.2913418530e-01
-7.4845438022e-02 -7.1305764022e-02 -5.9264859641e-02 -2.2506952977e-02 -1.1493732829e-01 3.3952888401e-02 -8.1300798097e-02 -1.3840238636e-01 -6.2117014258e-02 8.2511057459e-02
-1.5071915332e-01 -2.6579768049e-02 -1.3948010928e-01 -9.6639456243e-02 -1.8548725703e-01 1.1362365910e-01 -1.5564991988e-01 -2.1349555555e-01 -1.4385806991e-01 1.5440785671e-01
