2.1373382518e-01 1.9490034776e-01 -1.3781175421e-01 -1.6743786898e-01 -2.0004514674e-01 -1.8774292359e-01 2.2509522367e-01 3.0761424109e-01 5.2270877512e-01 -1.9160550302e-01
9.5304663859e-02 1.2884147829e-01 -2.5663186658e-01 -1.2043801910e-01 -1.2333575395e-01 -1.3586634390e-01 7.5612072864e-02 2.4755913276e-01 1.6836822861e+00 -1.4390570013e-01
3.4017351843e-01 2.8849687207e-01 -2.0062067230e-01 -3.0303832980e-01 -2.9303983374e-01 -3.0554488363e-01 3.9549405328e-01 3.0102824002e-01 7.2720329897e-01 -2.9310729483e-01
1.1314989994e-01 1.0735905463e-01 -1.1354726118e-01 -1.3472410504e-01 -1.0592256602e-01 -1.1974933407e-01 1.1911439147e-01 5.1010440755e-02 6.7126918961e-01 -1.1581302450e-01
6.2209541140e-02 4.6206079458e-02 -2.5837046250e-05 -1.8566574722e-02 -5.3326196342e-02 -3.6374497100e-02 6.9374491365e-02 1.6535823335e-01 3.8458820049e-02 -3.7476592556e-02
-1.2678019763e-01 -1.1953195303e-01 1.1475624331e-01 1.4565648376e-01 1.2011148113e-01 1.3377346102e-01 -1.4566259230e-01 -6.8008904318e-02 -6.1469383358e-01 1.2790095487e-01
1.5262538026e-01 1.2955048017e-01 -7.6794455085e-02 -1.0119885049e-01 -1.3634865685e-01 -1.2535750150e-01 1.6540863627e-01 2.5067564912e-01 3.5649658619e-01 -1.2396263960e-01
-5.1823021699e-02 -3.4862375957e-02 -1.3405562884e-02 7.0806020809e-03 3.7819919032e-02 2.5128647976e-02 -6.2467001318e-02 -1.5715357087e-01 1.4093741500e-01 2.8430771544e-02
3.8975943742e-01 3.3495843799e-01 -2.2102861155e-01 -3.3610180914e-01 -3.4299530165e-01 -3.4992947961e-01 4.4991595770e-01 3.5454489209e-01 7.9301751287e-01 -3.3504930880e-01
-1.5283741899e-01 -1.3350261118e-01 7.7722492432e-02 1.0212609533e-01 1.3602041808e-01 1.2712067595e-01 -1.6228296177e-01 -2.4053827936e-01 -3.6704055950e-01 1.2759003902e-01
