-1.7091620881e-01 -7.4479387791e-02 -6.0869671974e-02 6.0477324372e-02 -2.0788206219e-02 9.3225122133e-02 -3.2698552668e-01 7.1112614209e-02 -5.1426581143e-02 -6.8511849912e-02
-1.4115390262e-01 -6.3872220402e-02 -8.8672214948e-02 1.0118749597e-01 -1.6169042532e-01 3.9329963144e-02 -1.0336076921e-01 8.1525929065e-02 -1.0258080373e-01 -8.0786998537e-02
-2.0192577143e-02 1.5966230987e-02 -2.5028426175e-02 3.8202686161e-02 -1.9962252696e-01 -4.5752262597e-02 2.5398837961e-02 1.1707196881e-02 -4.4059522382e-02 -2.2666831224e-02
4.6183098496e-02 2.1884973920e-01 2.1029355979e-01 -1.8930817383e-01 5.2730977446e-01 -2.1214456720e-01 9.4893368222e-04 -2.1256472095e-01 2.0927726220e-01 2.1137855484e-01
-1.8111106192e-01 -1.5241075855e-02 -6.1925346011e-02 7.7146890057e-02 -1.9141896128e-01 -9.2301710445e-03 -1.2559606168e-01 4.8775146050e-02 -7.1563400935e-02 -5.3902916026e-02
1.7437380210e-01 2.8963693874e-02 6.5764504096e-02 -7.6533323291e-02 1.5816720395e-01 -4.2826954896e-03 1.2179064958e-01 -5.5181502302e-02 7.4158796598e-02 6.2802203918e-02
4.2129556441e-01 3.4756202112e-02 6.2840763072e-02 -7.7263652908e-02 2.5759790823e-02 -3.2651789296e-02 3.6420071683e-01 -5.5871123236e-02 6.8689420562e-02 5.8719265288e-02
-3.3919053205e-01 -3.7866987407e-02 -6.9772950753e-02 8.4788384035e-02 -1.2480602324e-01 2.6758422554e-02 -2.7258071987e-01 5.9447330830e-02 -7.8759068979e-02 -6.3701668782e-02
4.8671080646e-01 2.5590927853e-03 1.4593079305e-02 -4.1837833316e-02 -5.3011025045e-01 -5.0583646668e-02 6.4300172745e-01 -6.5018017648e-03 -9.5102074298e-03 1.8076049320e-02
3.8135712592e-01 4.0183128244e-02 7.1604981403e-02 -8.1834968928e-02 8.5372354686e-02 -3.1029770627e-02 3.1915292871e-01 -6.0005432332e-02 7.2881079103e-02 6.6065986352e-02
