-1.0681410050e-02 -6.2178762640e-03 6.0584149677e-03 -3.8225960606e-02 -4.7219329932e-02 -1.4998761930e-01 1.1009503260e-02 1.3242632707e-01 -9.3431598366e-02 5.7714945386e-02
4.3667015829e-02 -2.7301850502e-02 2.5002651263e-02 6.7221021189e-02 7.8377457901e-02 1.6647293969e-01 -4.4021255056e-02 -1.5086074874e-01 1.1734243057e-01 -8.1781575972e-02
1.1797039583e-01 -1.0917492078e-01 1.0911197155e-01 1.2909258008e-01 1.3207372304e-01 1.7389934156e-01 -1.1817367760e-01 -1.6636534734e-01 1.5470390076e-01 -1.3585473653e-01
8.6276919826e-03 5.9918545406e-03 -1.1445902137e-02 3.4986245984e-02 5.0445587360e-02 1.4828834165e-01 -6.4106837266e-03 -1.2719620450e-01 9.1487486370e-02 -5.2427331847e-02
2.5790004338e-01 -2.4171975887e-01 2.4140214228e-01 2.7157306387e-01 2.7587556603e-01 3.1369347012e-01 -2.5512249138e-01 -3.1120029201e-01 2.9689151103e-01 -2.8223320046e-01
8.8803464512e-02 -7.2583435305e-02 6.7770121625e-02 1.1210610859e-01 1.2026782741e-01 1.9799902308e-01 -8.7587436826e-02 -1.8050967017e-01 1.5530794760e-01 -1.2580822959e-01
-1.0780980757e-02 -4.4340033707e-03 5.2400064557e-03 -3.4946309865e-02 -4.5623951761e-02 -1.3816157617e-01 9.8779021274e-03 1.2257051256e-01 -8.6033098828e-02 4.7363482918e-02
3.0168662990e-01 -2.9442162462e-01 2.9571529739e-01 3.1360736466e-01 3.1308832881e-01 3.1517903535e-01 -3.0398302958e-01 -3.1820884412e-01 3.1840488446e-01 -3.1549398563e-01
-2.6890265918e-02 4.2534645937e-02 -4.5658527907e-02 -1.6633557916e-04 9.8998371918e-03 1.2194326664e-01 2.6917776020e-02 -1.0028633364e-01 5.7436928732e-02 -2.0047611171e-02
1.9459308593e-01 -1.7718627449e-01 1.7175664504e-01 2.1172763098e-01 2.2559372816e-01 2.7558612698e-01 -1.9326962272e-01 -2.6563527351e-01 2.4626358705e-01 -2.2370510283e-01
