-2.8378093423e-01 3.0649592236e-01 -3.5223455996e-02 2.0879416959e-01 -2.3561207342e-01 -2.4987320262e-01 1.6027380580e-01 -2.0201107372e-01 1.2661923239e-01 1.9141047251e-01
9.4430041673e-02 -1.6976882523e-01 -1.1679768878e-01 -5.1817617135e-01 1.3281796318e-01 1.3774861548e-01 -8.0408153833e-02 1.0673812320e-01 -3.5786523271e-02 -9.4378917671e-02
1.5499873728e-01 -6.3911858387e-01 1.5765866628e-01 1.0790991283e+00 3.5582396700e-01 4.6768480102e-01 -4.8344746690e-01 4.4928545774e-01 -7.1993156696e-01 -4.6142278580e-01
-9.4867140972e-02 1.4993604366e-01 -1.6119017394e-01 -3.7309842920e-01 -3.1809434124e-02 -7.4058890765e-02 2.4943840527e-01 -1.6481846330e-01 3.2420980914e-01 1.8455383026e-01
4.3912623256e-02 -1.5024304726e-01 -1.3203211742e-01 -2.0300619303e-01 1.1689703662e-01 1.2452990212e-01 -8.5814365705e-02 1.0536750131e-01 -5.3254788254e-02 -9.4325367486e-02
-8.5122396276e-02 -1.2107774710e-01 -9.7113359714e-02 2.5579932445e-01 6.9113347375e-02 8.3353571690e-02 -7.5865395387e-02 6.3154448029e-02 -1.9445632954e-01 -5.7883543455e-02
-2.4242726523e-01 2.0650265680e-01 -9.2149054365e-02 1.9691714765e-01 -9.7072567100e-02 -1.4354772298e-01 2.9300554722e-01 -2.3169075985e-01 5.4212706195e-02 2.4768794306e-01
-1.2811051445e-01 2.2898157882e-01 1.0478706441e-01 1.0670046071e-01 -1.6878646263e-01 -1.8236616142e-01 1.2007519695e-01 -1.3894963294e-01 1.8582172042e-01 1.3520530300e-01
-1.1923255850e-01 -2.1963731731e-01 -6.3728940956e-02 4.5700774684e-01 9.3151929634e-02 1.4367121958e-01 -1.9246796157e-01 1.3739520092e-01 -5.8152691502e-01 -1.4424735131e-01
5.6044262644e-02 -1.1627768905e-01 -1.2389034195e-01 -5.9624193413e-01 9.8125787295e-02 1.0012920182e-01 -3.9146054758e-02 7.0945019977e-02 6.2026168854e-02 -5.6740872090e-02
