-1.8922871880e-01 -2.0863864975e-01 -5.7974018584e-01 -5.2767587825e-01 -4.7202273935e-02 -2.1943610624e-01 -1.8008431710e-01 -4.1205211691e-01 -3.4129273940e-01 -1.1875622615e-02 2.2441764829e-01 -2.5435047890e-01 -1.2119368938e-01 1.5412368022e-01 3.6423758107e-01 -5.4520200979e-01 7.4181550120e-01 1.6566727085e-01 -1.9822921967e-01 2.4498032999e-01
-7.6119769995e-02 -2.8255107146e-01 -2.1277635033e-02 -2.8589740815e-01 1.4822386734e-01 -3.2671034242e-01 2.5790881308e-01 -5.2763190553e-02 -2.2587404972e-02 5.1072731458e-01 -2.1755159211e-01 7.1205537679e-02 -3.0304775958e-01 2.2185350216e-01 1.7111655222e-01 5.3575154288e-02 1.7318182996e-01 1.2339151449e-01 -4.6496039348e-02 3.0738451905e-01
-2.5774825723e-01 -9.8003685902e-02 1.9502889458e-01 -1.2941167117e-01 -2.9117431214e-01 4.7924104893e-02 -1.2974898766e-02 -3.1435718591e-01 1.4236750843e-01 -8.1661406350e-02 1.4238034111e-01 -8.1117575434e-03 -1.7960540165e-01 -2.4078457251e-02 -3.7243078145e-02 9.7240440869e-02 1.3817332556e-02 -7.1996736330e-02 3.0770034097e-01 -1.3087040681e-01
-1.6069152801e-01 -3.5834896633e-02 -6.8393384965e-01 -3.8043796992e-01 9.2825265241e-02 5.2922830976e-01 1.5038207463e-01 -4.4399950240e-01 -6.1125250242e-02 -1.4329484422e-01 -5.0217979293e-01 4.3382273562e-02 -2.0609184083e-01 -1.0459592760e-03 -6.2592997360e-01 -1.7189636421e-01 4.6331760591e-01 -4.8184282839e-02 -3.4839641764e-01 1.7887783126e-01
-4.1707071295e-01 -1.2310444859e-02 -1.8915997052e-01 -3.3328291894e-01 2.0641561327e-01 -1.5821530230e-01 1.5765386866e-02 1.5421099182e-01 -4.4668915608e-01 5.2656936768e-01 -2.3217217050e-01 3.6773211050e-01 1.3874170691e-01 4.0930939198e-01 -3.9536037424e-01 2.1898094634e-02 -3.2451972181e-02 1.2342533659e-01 -6.1117088674e-03 1.4215703122e-01
-1.1735631126e-01 2.6131866564e-01 -7.4928697852e-01 -6.1378372112e-01 6.0962364828e-02 3.5358523642e-01 -2.9410460675e-02 -1.0922446752e-01 2.4070754622e-01 2.5629792103e-01 -7.8314950803e-02 2.3616205037e-01 -7.2666062893e-01 -3.1137079417e-01 3.3938423272e-01 8.8333676760e-02 -2.6884956975e-01 1.0933317074e-01 -2.1366044547e-01 1.6184465338e-01
-2.0998590725e-01 7.7140799428e-02 -1.4866849667e-01 -1.0930331439e-02 -4.9641654009e-01 4.2710543903e-01 -2.2192717819e-01 1.5048012378e-01 3.6305500847e-01 1.5503692614e-01 -1.8662920417e-02 1.7530348972e-01 6.3474234087e-02 1.3583679382e-01 -2.2608129869e-01 1.0356771025e-01 -1.0826556386e-01 4.1865962417e-01 -2.2527323955e-01 3.9148226059e-01
-1.0600871895e-01 -3.0765142756e-01 -9.2011806841e-02 3.7093337600e-02 -1.3903212729e-02 -2.2961612889e-02 1.1304622311e-01 -4.3383496117e-01 -6.3799665354e-02 -1.6426788545e-01 3.3139428541e-01 -4.0623917823e-01 1.4323763282e-01 -7.5187002071e-02 -5.6481932809e-02 -2.4665781486e-01 4.2323296735e-01 -2.3383129263e-01 6.1587774372e-02 5.8807129230e-01
-2.1763125660e-01 4.6161964171e-01 -3.3366193049e-01 -3.6723666943e-02 1.1138002116e-01 2.3332818162e-01 2.1802190839e-01 -1.2473296884e-01 -1.1148094042e-02 2.8368744177e-01 2.9857956460e-01 3.7491793532e-01 -7.7285001275e-02 3.5364613981e-01 -1.7756278601e-02 6.4046258565e-03 -3.3347529751e-01 2.9682365358e-01 2.4728097434e-01 1.6679822541e-01
-1.4505200603e-01 3.0689513942e-01 7.6406940214e-02 3.0180874397e-01 -2.0162312347e-01 4.0250783680e-03 8.5175920991e-02 -2.6078479260e-01 1.7813605924e-01 -1.6282963845e-01 -1.9350923900e-01 -2.0888960182e-01 2.9499316723e-02 -3.3693660680e-01 -2.6594975435e-01 7.2497003685e-02 8.4257994565e-03 1.4196041221e-01 -6.0716551136e-02 -1.8560032708e-01
-1.2085256859e-02 9.9575702223e-02 4.6900679684e-03 -1.1040361138e-01 1.2022929573e-01 2.2099960700e-01 -3.0064371769e-01 -6.6871304143e-01 -1.9913248063e-01 6.7766754180e-01 -1.7446631596e-01 -3.5824819396e-01 -3.3702971600e-01 2.8805427798e-01 6.8024949570e-02 2.7707907836e-01 -7.1443081577e-01 9.6473464159e-02 -1.6024271207e-01 2.1517422820e-01
-1.9207265381e-01 1.4212845160e-01 -3.4997520134e-01 -2.4571266919e-01 -4.7717880725e-04 -9.7101792298e-02 -7.1076078273e-02 -1.3792300767e-01 1.2371162640e-01 8.3695407764e-02 4.2821713478e-01 -1.5428702720e-02 5.5642173259e-01 2.2385924464e-01 1.0472747126e-01 -8.2877616021e-02 5.0798618442e-01 -5.7033000339e-01 -3.8593460938e-01 -7.2314701015e-02
1.4045695969e-01 2.0308371387e-01 2.6994638667e-01 8.1430858920e-01 -1.9937329445e-01 -7.1156575781e-02 -6.2768448463e-01 -1.9667030795e-01 6.6978527738e-02 -1.1148920859e+00 -3.4534088094e-01 -4.4200665995e-01 4.8480583740e-01 -3.6747427952e-01 1.6006309154e-01 -5.8691282002e-01 1.6028690892e-01 -3.7091588649e-01 1.0720182992e-02 -5.5922112437e-02
1.1194196839e-02 1.7700459935e-01 -4.4571368983e-01 -1.6854674281e-01 7.8837047169e-02 -2.4139390258e-01 -2.8229076553e-01 -1.9369412396e-01 -3.1295092831e-02 3.8339096097e-01 -3.1940609152e-01 -2.2365969810e-01 2.4160271512e-02 7.6168415474e-02 2.6903071305e-01 -4.6426683791e-01 -2.3491653211e-01 -9.5944424904e-02 1.6769788804e-02 -4.2987201415e-01
2.0932954737e-01 -2.8612523651e-01 1.3680511249e-01 -1.7634345451e-01 1.7318420029e-01 -2.8506481432e-01 -4.8400691599e-01 1.1609937445e-01 -3.0729741911e-01 -1.0110579228e-01 -3.5786721384e-01 7.2965009143e-02 -5.2123946835e-02 -1.2896702769e-01 2.5870375801e-01 -2.7976094584e-01 1.4867251262e-01 -1.4047688684e-01 -1.5767773386e-01 2.5726878039e-01
-7.7305789177e-02 -1.9435032477e-01 1.9133491448e-01 9.9730236237e-03 -2.9391382535e-01 -1.1756492304e-01 1.0613010667e-01 -1.7784635759e-01 4.0519417694e-02 7.7544664105e-02 2.4674759376e-01 -6.2454875281e-02 4.0889212004e-01 6.7048187891e-03 -1.8311120274e-02 1.4353800354e-02 -1.5468185805e-01 2.9084687400e-01 -1.8384187726e-01 -2.1766407205e-01
-1.5607287035e-01 -4.2118244534e-01 4.4370342794e-02 -4.1985225017e-02 -1.9366404342e-01 4.4960924649e-01 1.1619685233e-01 -4.1061290909e-01 -1.9327266624e-01 5.8258026055e-02 4.1762258213e-01 -1.8390626349e-01 -3.5889753839e-01 5.5025732054e-01 -2.8835596178e-01 -4.1066072213e-01 1.1974340084e-01 4.4315002173e-02 1.3856839159e-01 -1.5232707847e-01
-4.1962934693e-02 -1.4000372364e-01 1.7706253863e-01 1.9062192346e-01 -2.9541721324e-02 -4.2298848377e-01 2.6363493728e-01 -1.3171968098e-01 -2.1881439045e-01 -3.6262766413e-01 -4.9931981850e-02 -2.5344617916e-01 2.0134464763e-01 3.0708559396e-01 6.4528334289e-01 2.8226492021e-01 2.6175523638e-01 5.4290943172e-01 2.5745805191e-01 -5.6628909712e-01
-1.2655780471e-01 1.1665317514e-01 -2.1086379825e-02 -6.0318976882e-02 2.1343543205e-01 1.7310262958e-01 -6.5812494411e-01 -4.3644813170e-01 3.2919594746e-02 3.8651811657e-02 -5.1069748607e-01 2.0174114873e-01 5.3509497831e-01 -1.8938689064e+00 -1.0824911591e-01 -5.3977559428e-01 1.5915749125e-01 -4.8622620344e-01 4.9673398203e-01 -1.3896445324e-01
-9.2072599872e-02 2.0102055840e-04 -8.3895597967e-02 1.0357260787e-01 1.2454518193e-01 -1.6576266538e-01 1.8480697932e-01 -4.1600105706e-02 -5.0719361417e-02 1.0890050279e-01 -3.7564588312e-01 -1.3882265504e-01 6.3956289225e-02 -1.1997124154e-01 7.6542836622e-02 -1.2683829285e-02 -1.5220937731e-01 1.0696787030e-01 -6.0868071575e-01 2.9160852560e-01
