2.9778729664e-01 2.0922343498e-01 -2.7716216156e-01 -1.3159492289e-02 -2.0197518197e-01 -2.5011373144e-01 -5.7496863852e-02 -1.2576011251e-01 -4.4973574419e-02 2.6881069903e-01 -1.0313889118e-01 -2.0737890362e-02 -1.7028194275e-01 1.0867350124e-01 -1.1078576150e-01 1.6962231766e-01 3.2380625691e-01 2.1329275961e-01 1.1185884498e-01 8.5544485978e-02
-1.3293491461e-01 -1.2183795232e-01 -3.1620094966e-02 9.6674018224e-02 3.4455869637e-01 1.6564682793e-01 -3.4276295043e-01 4.9404060023e-02 -1.2091879996e-01 6.6623605380e-02 -2.7786807080e-01 1.2205810506e-01 -2.0863163847e-01 3.9326970559e-02 -2.8584358510e-01 6.0919509130e-03 -1.7569295490e-01 -3.4714849135e-01 1.3378743342e-01 2.4835793569e-02
8.6176279013e-02 1.9910992559e-01 2.9196156844e-01 1.3774994222e-01 6.7894353554e-02 1.7023405005e-01 -2.0220130893e-01 4.2646366776e-02 -1.0801207602e-01 2.1316151615e-01 1.1919620290e-01 6.4691662993e-01 3.7561797215e-01 1.4885198795e-01 3.2419187600e-01 -2.8584645491e-01 -9.4229637797e-01 -1.4652146882e-01 3.1068398352e-01 1.6196164844e-01
-8.4940947030e-02 1.9370172743e-01 3.7840537396e-01 1.4782867163e-01 4.7286188816e-01 -4.5022729104e-01 1.9104760113e-01 -2.7207107891e-01 -1.7661463271e-01 8.3860692292e-01 1.7789373530e-01 -7.5656993194e-01 -7.8440801349e-01 -1.3660441594e-01 4.9376271806e-01 -1.9507026345e-02 7.3955631819e-01 -3.2649379459e-02 1.9783949130e-01 1.9279620610e-01
1.5939092531e-01 1.7218926782e-01 2.9204535712e-01 -8.4895148111e-03 -2.4304795394e-01 -7.5986005028e-02 9.4701110111e-02 4.6557691815e-03 -2.1342124936e-01 2.7453207564e-01 1.3987434422e-01 1.7898109079e-02 1.3184284195e-01 3.1623408738e-01 9.0779000241e-02 2.4268434173e-01 7.3865213830e-02 -2.9283060391e-01 2.9624023729e-01 -3.2663211281e-01
-2.4729050759e-01 -2.7849635757e-01 -4.1177153122e-01 -1.1013655389e-01 -1.5634479026e-01 -5.9614275849e-01 -1.8098555049e-02 -4.2749301669e-01 -7.6037355183e-02 2.7092003232e-01 7.5150927075e-02 5.4856914361e-01 2.3630152578e-01 -4.0812619249e-01 2.5944497203e-01 -1.4264137705e-01 -5.0609306335e-01 -1.4722094583e-01 -1.7927147480e-01 -1.1311089730e-01
2.9576784057e-01 7.3596305737e-02 1.3474613081e-01 -1.5454014005e-01 1.8061325383e-01 -1.7379580187e-01 1.7412197714e-01 -4.5078791577e-02 -1.3844087851e-01 3.3213334393e-01 -1.5236626710e-01 2.3468969411e-01 -3.0113217926e-01 7.9459785608e-02 -3.0869732543e-01 -2.7126389813e-01 -5.9797909332e-01 1.0710186557e-01 1.9567698230e-01 -5.7235337327e-02
2.1800360031e-01 -1.1746645568e-01 2.3009382684e-01 -1.4751050867e-01 -1.4490835729e-02 5.5927947812e-01 3.9608492549e-02 3.5872831639e-01 -2.2490001075e-02 3.7172599996e-01 2.7980402143e-01 1.6378024944e-01 -8.7521575863e-02 3.3497807195e-01 4.9879448434e-02 -1.4028202054e-01 8.0867560371e-02 1.0655687436e-01 3.0336058597e-01 -2.2594585347e-01
1.2007288387e-01 -1.6338288188e-01 1.2144236438e-01 -1.3528859142e-01 -1.4204288394e-01 7.3387635709e-02 -7.1417091188e-02 -5.8011213372e-02 -5.7213432345e-01 -8.3634564485e-02 -2.4857755285e-02 1.5669866118e-01 9.7454244540e-02 -9.6051186252e-02 3.0936059820e-01 5.1133788047e-02 3.0029655548e-01 4.3941853045e-01 -5.7391699960e-02 2.4176654680e-01
-2.0681263613e-01 -2.7042834012e-01 -2.4353091257e-02 -1.5618794796e-01 1.4375299418e-01 2.9688978097e-01 9.0137913105e-02 -3.1272398335e-01 1.1567155245e-01 -5.1925800209e-01 1.1899892566e-01 -7.0793502343e-02 4.3220418749e-02 -9.1784366707e-01 5.1006582165e-01 4.9448788407e-02 -3.7667490189e-01 1.8450939862e-01 -4.3389223667e-01 4.6406993193e-01
-6.5689535834e-02 9.9158596988e-02 2.1134178068e-01 2.6362685568e-01 -6.2736970521e-02 4.0249777535e-01 -3.2947572493e-01 -1.5087925547e-01 1.6106371373e-01 -3.9257802306e-02 -7.1246359499e-02 1.1938254540e-01 6.5397138329e-02 1.6063661844e-02 8.4482316348e-02 -4.6857476924e-01 -5.7091891816e-01 4.8141366533e-01 2.6481579966e-01 -2.3864220864e-02
-1.1651322861e-01 -1.6238935311e-01 -1.0695420025e-01 2.1908638433e-01 1.0458608448e-01 2.5454380415e-01 1.9538079694e-01 -6.3493605407e-03 1.7851332155e-01 -1.8993416977e-01 -1.1083693778e-01 -1.9605289400e-01 -8.9338483891e-02 2.9900722495e-02 -1.1954329655e-01 5.4693204206e-02 -9.8634950347e-02 5.7579819323e-02 1.9576463460e-02 1.6152854358e-01
2.3664787468e-01 4.3523241555e-02 -2.9188425982e-01 -9.8652521669e-02 -2.9228826621e-02 2.4333756627e-02 -5.1816147248e-01 -2.3945095791e-01 2.9492239223e-01 -2.6625204795e-02 1.5042028370e-01 -6.7557057298e-01 -5.5437300794e-01 2.3218154376e-01 2.6876055362e-01 9.3213770828e-03 -3.4810235295e-01 -1.1406136888e-02 -2.1332422846e-01 -2.1300695280e-02
2.5011587608e-01 -7.8230999652e-02 1.3923013941e-01 1.3498309475e-02 -1.0991775047e-01 -5.0820224958e-02 9.7404331994e-03 -1.2084460358e-01 3.0412402265e-01 1.8700342016e-01 9.8616649196e-02 8.4868919546e-01 3.9365779870e-01 -8.1349246234e-02 2.8495582575e-01 -4.9898522593e-02 -2.5765420218e-01 -1.0836628242e-01 1.4691504237e-01 -4.4875488781e-03
-5.1142878318e-01 -2.1668561494e-01 8.4550986405e-03 -1.5667971589e-01 3.8860988877e-02 -3.0754427592e-01 4.5841722040e-01 -2.8497492126e-01 -4.9995886111e-02 -3.6522894490e-01 1.5215166133e-01 1.2931172206e-01 -1.8922450635e-01 -6.6605502740e-01 1.6686709099e-01 1.4086218053e-01 -9.1502666967e-02 -4.2613147510e-01 -3.8877376201e-01 2.3738467286e-01
2.2227914293e-01 1.5021033709e-01 4.2097258843e-01 -1.4690832769e-01 3.3400380842e-02 -2.6298035023e-01 6.1751205924e-01 6.9962544170e-02 8.0709373062e-02 2.7515475919e-01 1.1074441889e-01 1.7204224733e-03 1.5997988318e-01 8.0784482307e-02 -3.9725107188e-01 -9.5374167673e-02 -1.5986282402e-01 -3.6343019873e-02 2.7749913132e-01 1.7777647862e-02
-6.4739283141e-03 1.9476443829e-03 -2.7674248439e-01 -7.2865050918e-02 3.0506821697e-01 -5.9019406877e-01 -3.7600713669e-01 -9.9965852065e-02 -2.4629891682e-01 -9.8635991440e-01 1.6497005137e-02 -5.9662740150e-01 6.9698838866e-02 2.5013567105e-01 -4.0958176376e-02 -2.5505635079e-02 -1.4807479667e-01 -8.6403054898e-02 3.1615100724e-02 2.0440192503e-01
9.9447703824e-02 -1.7001369440e-01 3.2314128812e-01 -2.6734544623e-01 4.7738851113e-03 7.5174701407e-02 -5.2429797396e-01 -4.9362389524e-01 4.2076855587e-01 -3.4849227906e-01 -2.1587801096e-01 2.3756846170e-01 1.9219855133e-01 3.5250175879e-02 3.3442397866e-01 -1.3053377089e-01 -1.3842200730e-01 6.2230112880e-02 -7.7370004020e-03 -2.7046372869e-01
3.5998258462e-01 1.4651499235e-01 -3.1173267683e-01 2.0130944470e-01 -3.3414943176e-01 2.9095956777e-01 -8.5928746364e-02 -2.5075763210e-01 -3.0835865501e-01 1.0658538795e-01 3.1459772888e-02 1.8500063346e-01 -3.2712301521e-01 2.4337859779e-01 1.9247209017e-01 3.1991986421e-01 -2.5030381736e-01 8.0997895354e-02 -1.4169499009e-01 -1.3293775287e-01
3.8150968605e-01 -9.1110455048e-03 -3.9956675314e-01 5.4735842326e-02 2.2687651891e-04 1.4798834394e-01 2.2523694084e-02 8.8618321172e-02 7.4737523830e-02 -1.1514095899e-02 -1.2128779173e-01 -3.5977441440e-01 -1.6618777614e-01 -9.1468518536e-02 -1.5451716474e-01 -3.2661876429e-02 -5.2054669716e-01 6.0764721286e-02 -2.0032952449e-01 3.2810549623e-01
