-6.5802652397e-01
6.2990922445e-01
-8.5046897917e-01
1.5283008885e+00
5.3180655783e-01
-1.0118247154e+00
1.2050958931e+00
-4.2569933381e-01
1.2548536207e+00
3.7719454925e-01
5.9090358330e-02
7.0296765624e-01
-3.0540341132e-01
2.2803309001e+00
1.4371403638e+00
4.4793263026e-01
3.3723230950e+00
7.3202854893e-01
7.7400142993e-01
-4.4603811123e-01
2.3743341669e-01
-1.3583271761e+00
1.4657258333e+00
-2.0760557117e-01
6.8577940155e-01
9.0869498635e-01
1.5318871397e+00
8.7275316661e-01
-2.6908655438e-01
7.0389398785e-01
-5.6329747462e-01
5.8559113460e-01
4.7265252565e-01
-6.4683250405e-01
1.6905616425e+00
8.9702013242e-02
-1.2528751723e+00
1.1989354900e-01
-2.9190897238e-01
4.4172979340e-01
1.4693193259e+00
1.1677590816e+00
8.0716514098e-01
-7.0683758068e-01
2.5394150043e-01
-4.5253672544e-01
-1.5815280875e+00
3.3663511764e-01
3.6520653956e-01
8.6480387829e-01
-2.0514152805e+00
4.9848449033e-01
1.6364086576e+00
2.8018108361e-01
-1.0526530640e+00
2.6520456742e+00
2.1541297192e-01
3.4225722653e-01
1.5897538206e+00
1.2049207541e+00
-4.9241980346e-01
8.0413620317e-01
-7.9579926075e-01
7.5285785781e-02
-9.1174196749e-01
1.3652931526e+00
-1.2706659927e-01
-4.2502773687e-01
1.5945746150e+00
5.2234045188e-01
-5.8243597220e-01
-8.4046560050e-01
7.0984692064e-02
1.2137487483e-01
-1.1201098749e+00
-5.4273406651e-01
1.9267692197e-01
9.1320699692e-01
1.5805888178e-01
-1.5082899906e+00
1.0078559742e+00
3.7869849454e-01
-4.1327410760e-02
-3.3041193936e-01
-3.0719118281e-01
-3.4425050343e-02
3.2327101191e-01
-4.1058410793e-01
-2.4136840094e+00
-1.0971968557e+00
7.0370474886e-02
1.9403594407e+00
-1.9264641292e+00
5.9538615762e-01
9.7952507931e-02
-1.1284266601e+00
-1.3995385077e-01
-1.7375878250e+00
1.8871355433e-01
6.3648090800e-03
9.5894799535e-01
8.6034450535e-01
3.2483013699e-01
-7.4928600705e-01
-2.7583449018e-01
-1.3791280134e-02
