-7.6712018099e-02
1.4798142840e-02
6.6587488981e-02
2.3517988146e-02
-1.1676083378e-02
-5.3065966094e-04
-2.9866826974e-03
3.5101493487e-02
5.1873061604e-02
-3.3514921970e-02
5.6273108412e-03
5.9508681822e-03
5.6339521760e-03
-1.2263865167e-02
-3.4488507423e-02
1.8702704927e-02
-2.7289814465e-02
-6.2689879106e-03
2.1501912921e-02
-3.4845218375e-04
3.1803378265e-03
-1.3993542415e-02
-1.7153254252e-02
5.7713499369e-02
-1.0474513326e-02
-5.6209261690e-02
-2.7268393379e-03
-2.3352230352e-02
-5.8086239681e-03
-2.3883539276e-03
3.2174786489e-04
-2.5927022754e-03
9.4973958490e-03
-5.5708088202e-02
-1.6854607735e-02
8.6806265979e-02
-1.3866484817e-03
-4.3842374110e-03
1.6054719645e-02
6.9205258155e-03
3.4365863220e-02
5.3709096528e-02
-2.1498295944e-03
7.2308806712e-04
1.8403695931e-02
3.4389089549e-03
1.6911963086e-02
-7.1416663592e-03
-1.1654215200e-02
-1.7466590131e-02
-8.8001266584e-03
-9.0454070932e-03
3.9223061669e-02
9.2433153173e-03
2.2561490342e-02
6.3693799013e-02
-4.3060438912e-02
-8.5365091150e-02
-7.2947776906e-03
1.3848103824e-02
-4.2892903746e-05
-1.4295907714e-02
-5.0240597497e-02
3.2781589602e-02
2.5579841851e-02
-6.1526119675e-03
-9.4326704709e-03
-8.2016648062e-04
6.0859493319e-03
1.8455536541e-02
4.8264617381e-02
1.4758492928e-02
9.3603496564e-03
-7.5956187575e-03
-1.0085440412e-02
2.7445362646e-05
-6.9119623314e-03
9.3244580064e-02
2.4714714316e-02
-7.8625222943e-03
-5.2377316086e-03
8.2348178004e-03
-3.6611438984e-03
2.9924837341e-02
-8.6047630547e-03
6.8571320739e-02
2.6943582094e-02
2.5772083493e-02
1.2148640318e-02
6.1640933076e-02
-2.1290403777e-03
9.1087113412e-02
1.5176657453e-04
7.4748557254e-03
-5.1631991149e-03
3.2114896638e-02
3.7088097211e-02
