-1.2106598546e-03
-2.0762571155e-03
-3.0944044988e-02
5.0287912096e-04
2.6314655456e-03
5.7416216519e-04
-3.9319367850e-03
-4.8931276301e-03
-1.2923712481e-03
-1.6464605574e-02
1.0021031407e-03
1.8409802343e-02
-1.0162986584e-03
5.0486205497e-02
3.0400768776e-02
2.2165642818e-02
-2.2528637116e-03
3.0568799250e-02
3.7738693148e-03
-1.9917759943e-03
2.5485229984e-05
-3.4281353401e-03
-3.4178587091e-03
-5.3337242579e-03
3.7007371773e-02
-7.0008898889e-04
1.0613641625e-04
-6.7131317161e-04
3.6136477108e-02
5.5791533277e-03
2.7215011098e-02
-3.6381885317e-04
-4.4959560559e-05
4.0631364914e-02
3.6662956981e-02
-1.0369486155e-02
-2.0310805174e-03
-1.6583099023e-03
-5.3700428529e-03
9.6843906632e-04
2.9877444493e-03
-4.3628527918e-04
-1.7439453256e-03
1.9199271707e-02
5.9259141367e-02
4.9034076123e-03
3.9750134867e-02
-2.9901145066e-03
3.3874509440e-02
-9.5894804034e-03
5.0054197310e-02
2.7958994340e-02
3.6016519415e-03
-2.5370528253e-03
9.3062350475e-03
7.4426085990e-06
-3.6615077817e-05
-2.7668369577e-02
4.9791792314e-03
1.0767647264e-04
4.8732189840e-03
3.9928255276e-02
2.0974522638e-03
8.1201113879e-03
-3.3832814433e-04
-4.2548081420e-03
3.4717629082e-03
1.8778498938e-04
-8.9201972142e-04
3.3248312143e-03
4.2578153182e-02
8.3535249456e-03
3.6258429717e-02
4.9815657562e-02
-2.8920643109e-03
4.2853678497e-02
-2.6127243428e-04
-2.9283411559e-03
-2.0319915359e-03
5.7440189669e-04
3.6980352758e-03
3.2786024173e-03
4.2567216340e-04
2.4350693675e-04
5.5748560570e-02
-2.7656817941e-05
-2.9094593216e-03
1.9196747729e-03
-6.2328571219e-03
-3.2668528934e-03
4.1433015582e-02
3.5680436261e-03
8.5124124178e-04
1.6357944546e-03
2.6608475134e-03
7.3282697426e-04
3.6745944915e-02
1.0158233610e-04
3.7550429531e-02
-2.9087029817e-03
-3.1411428222e-03
6.3301036664e-02
2.6464618373e-02
-4.4221276990e-04
1.8858146206e-03
2.7134412001e-02
1.3306833126e-03
-3.9132072952e-03
-7.3034846312e-04
3.9173325489e-02
-4.8476226335e-03
-3.2389947882e-03
1.1555080656e-02
-3.0538180377e-03
2.0725446352e-03
1.4327715329e-03
2.1105816238e-03
-2.7380565841e-03
2.4756542602e-03
2.1008470935e-03
4.6258088340e-03
-4.4410397558e-04
-2.0299363711e-03
3.9756257297e-02
-9.3667207672e-04
-2.4008565202e-03
-1.9167594689e-03
2.3343410306e-02
-2.2985205287e-03
-5.4597511564e-03
-3.1839358288e-03
-3.2327299032e-03
4.1673868972e-02
-6.4839735022e-04
6.2722424173e-03
-1.4738751198e-03
2.6421631960e-02
7.9575052534e-04
2.8196923343e-02
5.6896336585e-02
-5.9979338202e-04
-1.1722771989e-04
-2.9015419036e-03
-2.9144689445e-03
-6.3244085306e-03
-3.2602570682e-03
-1.6057919436e-03
3.3766389977e-03
3.1608598886e-03
1.6765805831e-03
-7.2409045386e-03
-1.0389977721e-03
-6.2382363525e-03
1.9553535476e-02
6.9396713213e-02
2.3211513947e-03
2.3765365930e-02
2.4601939526e-04
-2.7113727672e-05
-5.8483686709e-03
-4.1018485842e-03
-3.9940697896e-03
2.1395125271e-03
5.4496166013e-03
-2.0143500711e-03
-4.1762933304e-03
-9.7063688919e-04
-1.6004679243e-03
4.0654764519e-04
3.2215078732e-02
3.0341358209e-02
-3.0290998957e-02
-5.2396108708e-03
-5.6834314178e-03
