2.7116089770e-02
-4.2846014564e-02
-2.9611908584e-02
6.1029492236e-02
6.7197001871e-02
8.6433160852e-02
-6.3332935839e-02
7.4429402034e-02
-2.0843949203e-02
-5.7957582514e-02
1.6249853274e-02
3.1117499061e-03
4.2322996658e-02
3.9065766514e-03
-6.4352944565e-02
-1.6283071286e-02
-5.7321854792e-02
-1.4503581573e-02
2.2438423736e-03
-3.6610682860e-02
6.9816071969e-02
7.0395980202e-02
3.2913848231e-02
-3.4744192684e-02
-9.3336058808e-02
-3.0999200414e-02
1.8074034730e-02
-6.1158428120e-02
-5.6384075446e-02
1.1331848480e-01
3.8386955223e-02
3.7066505884e-02
2.1905344414e-02
4.4012155344e-02
-4.5985010188e-02
4.6891889010e-02
4.2807417567e-02
-8.7512535261e-02
2.9875600582e-02
-2.3655459329e-02
4.8449542452e-02
-1.8885459956e-02
1.9026557389e-03
-8.0375903433e-02
-3.3373721439e-02
-3.9557293511e-02
-7.1628274311e-02
1.0399394003e-02
1.0374011629e-01
1.2223644537e-02
-7.6542302593e-02
2.3494463837e-03
-4.0553563295e-02
-3.3448626824e-02
-4.5497496979e-02
7.1358348669e-03
-3.4555309693e-02
-1.0919303571e-02
9.6782551277e-05
4.4230263846e-02
-1.2542884599e-01
-5.1067308211e-02
5.7396220422e-02
7.1612529673e-02
-6.9666594721e-02
2.7615799221e-05
-3.7944128137e-03
6.4525807862e-03
4.9088577882e-02
6.3948906841e-02
5.9120579259e-02
-2.7506826079e-02
-7.3892107444e-02
