-9.4914570783e-01 7.8540846909e-01 -4.8602146841e-01 3.4938935090e-01 7.8064754422e-01 5.5083519106e-01 3.6292171356e-02 2.3745316415e-02 -2.3006397772e-01 -8.7402272739e-01 -3.5868070326e-01 -2.9051545608e-01
8.6581945974e-02 -1.1321747405e-01 7.0395844697e-01 -2.4368475164e-01 3.2438429226e-01 2.1342956697e-01 -1.1916913159e-01 1.0162967890e-01 -1.2532670122e-01 1.4936450105e-01 -6.4747693179e-02 3.1606859338e-03
2.7623609645e-01 3.9459563603e-01 -7.7189493334e-01 -9.0719862509e-02 1.7276181541e-01 -3.8921350070e-01 -5.4815622213e-02 -6.8195701224e-02 -4.7044113799e-02 2.5717877180e-01 -3.3476564827e-01 -7.0753791923e-01
3.3265313163e-02 -8.4496526071e-03 1.0139621698e-01 -4.4818406912e-02 1.8697857327e-02 5.0901206223e-02 -4.3724571950e-02 3.6097896625e-04 -1.2724465932e-02 4.1741424606e-02 -2.5611030763e-01 5.7950366565e-02
4.6220027993e-01 -1.9608621803e-01 1.8051287848e-01 -2.7620136042e-01 -2.7847550480e-01 -1.8801273783e-02 1.2007944254e-02 -2.3948786825e-01 -2.9306036108e-01 4.7623538956e-01 -3.2779049452e-01 1.4162709822e-01
-1.8000694024e-01 3.0363980104e-01 3.4625904186e-01 -8.6502940057e-01 8.0420474000e-01 -8.3115709876e-01 1.9017392685e-02 4.7582167414e-01 3.7754210350e-01 -2.0412474589e-01 2.8623961645e-01 -7.9062812393e-01
4.2737189802e-01 7.4299655724e-01 -2.9492855686e-01 3.0364948352e-01 -2.9975528305e-02 5.6626871546e-02 2.3274199792e-02 -4.6524894230e-01 -6.1287958155e-02 5.9540728206e-01 -3.3048100485e-01 -4.3818997571e-01
1.5495399727e-01 -3.5946126197e-01 -1.0915024407e+00 5.6710624873e-01 9.6326971054e-01 -9.5300852282e-03 -4.4629562535e-02 2.1361689431e-01 -3.1068798594e-01 2.4753311297e-01 -1.5325007758e-01 1.7861299563e-01
4.6455843259e-01 -5.9867934375e-01 1.5440407292e-01 -2.4942107381e-01 -3.5723098780e-02 -5.8608466417e-02 -6.5139235981e-02 -3.3385378249e-01 -2.2883583223e-01 4.5181901002e-01 -3.8704645060e-02 5.3756447091e-02
1.1214095152e-01 9.5199686507e-02 -5.2780764484e-01 -2.6474333242e-01 1.5322137307e-01 -2.6019552560e-01 -1.4145174793e-01 5.1937719010e-01 6.6887469983e-01 3.5674506651e-02 6.8216335962e-01 -7.3524547628e-01
