5.1925635737e-02
5.8220013548e-03
-2.1925233584e-02
-3.0821922039e-02
1.8821308510e-02
3.2971978510e-02
6.3561207100e-02
6.4248307998e-03
-5.2691265451e-02
-4.0720068274e-03
8.3812458607e-05
1.4374915171e-01
-1.6631578710e-02
1.3267354313e-01
-3.8775889326e-02
-4.4589644407e-02
-9.9972186321e-03
2.5770823061e-03
4.7940718072e-02
-1.3868166985e-03
4.1843636357e-02
-1.0573371382e-03
2.0174870290e-03
-4.1035566810e-02
-3.7860374679e-02
5.0526955844e-02
1.3871245772e-02
-3.0295354268e-02
-8.7730710317e-03
-3.6332006055e-02
8.2910092872e-02
8.0736338543e-03
2.0697298375e-01
-4.4358316686e-02
-5.1668230371e-02
1.8902137127e-03
-2.0485190575e-02
-7.3958984357e-03
-5.8141432306e-02
-6.6318581816e-02
-1.8568421624e-04
-6.7402145305e-02
8.3094209700e-03
-7.0627729559e-02
-9.0495787656e-03
-1.6311230663e-02
5.1370308538e-03
-2.2530182015e-02
-6.2903990688e-02
-3.1969111901e-02
-1.5403841021e-03
1.0059148704e-02
-6.4536312361e-02
-1.4516361503e-02
2.7624437675e-02
1.0063794680e-02
5.8870775958e-02
7.9355081583e-03
-5.1621953738e-02
-8.5420640209e-03
1.0090515166e-01
1.3152196313e-02
2.0115473425e-02
4.3833789258e-03
7.0262785892e-02
3.9234261129e-04
-5.9641157650e-02
2.4000255232e-04
5.0693385885e-02
7.7768347267e-03
-4.4903535769e-03
-1.1438328439e-02
6.3048918895e-02
-4.2885414394e-02
-1.8557087867e-02
2.4978921053e-02
1.0148590301e-01
-6.5508401568e-04
-2.1939795155e-02
4.6434170832e-02
-3.6358355242e-02
-1.6626402144e-02
2.0077003779e-03
4.0345277570e-02
6.2367612302e-02
-7.2411067886e-03
-6.0918550966e-02
4.5393665351e-02
-1.4844022556e-02
3.5849056234e-02
-4.9682569434e-03
3.8396204288e-03
9.6883257744e-02
1.5339601801e-02
-2.9615525915e-02
-4.9809740816e-03
6.0855604068e-03
-5.9899315836e-02
6.8870683112e-03
-9.6877547920e-03
9.9726094107e-04
-1.0446732334e-02
5.2893719720e-02
4.0218836315e-02
-4.1859054254e-02
1.2093841300e-02
7.2690017869e-02
-6.1436084965e-03
-4.6558998357e-02
-8.7999158150e-03
-1.6740690474e-02
4.3195945028e-02
-7.6533105042e-03
2.2750266359e-02
1.0571154909e-02
1.2234069547e-03
1.8648817210e-01
2.5665788013e-02
-3.6123888313e-02
9.7822595583e-02
-1.0577495130e-02
1.1822336225e-02
-2.9781767273e-03
-2.2092022619e-02
-5.1559130144e-02
3.2416050295e-02
9.1363284102e-02
-1.0665050494e-02
2.0992138117e-03
-5.3046670613e-03
3.3318717188e-04
-7.1490948176e-02
1.0700693333e-02
-7.8622559720e-02
1.2977723624e-01
-3.8859985808e-02
-3.1866403349e-03
-2.3026645849e-02
7.9629306553e-02
-1.0028563544e-02
-1.0228630340e-02
1.1884363648e-01
-2.7121406875e-03
1.0672564303e-02
1.8655560530e-02
1.8041729440e-02
-3.9517471652e-02
-5.5557285866e-02
8.0743975356e-02
-6.6149628200e-02
5.3786471510e-04
7.6248747940e-02
8.0916387999e-03
-1.8389234385e-02
-8.0508448459e-03
2.5255862357e-04
5.2037380837e-02
-5.3023878241e-04
2.1393592964e-02
-2.6940618948e-02
-5.5670038337e-02
-1.4375902006e-02
1.6932141386e-02
-2.4042596581e-02
-1.6065722173e-02
3.1851021171e-02
-9.6973552815e-02
-6.1936217733e-02
-1.0698834943e-02
-5.6991808990e-03
1.6115853712e-02
7.0035028652e-02
-4.2868098669e-02
1.1539112462e-02
-3.9722907068e-02
8.3461413619e-02
8.9884853119e-02
1.1753600246e-01
-1.7119301554e-02
1.1481274685e-04
-5.6516632893e-02
-7.7742691271e-03
2.0944858879e-02
-4.8323526749e-03
1.0791815788e-01
-3.1858030758e-02
8.9422327004e-02
-1.1913908070e-02
1.7563810994e-02
2.1060184893e-02
4.4245682916e-02
8.6390352308e-03
7.3249608419e-03
-1.2331270756e-02
4.4023041684e-02
-3.8762472399e-02
