8.7218148941e-01
1.1969953723e+00
2.8788447559e+00
3.3278699250e-01
-1.8523052677e+00
1.4872008440e-01
1.6115782254e+00
9.0483339111e-01
1.7164449355e+00
1.3527870767e+00
7.1686727272e-01
-3.7402952912e-01
7.3933626458e-01
-2.0118809058e-01
-1.8298749074e+00
1.5212385395e+00
-1.2151500952e-01
-3.6937204422e-02
-1.5319630168e-01
1.6844875064e+00
-4.8099887871e-01
-1.8255083421e-01
1.0998075090e+00
1.9584854222e-01
1.0599927288e+00
4.0419841177e-01
-3.0773168378e-01
-4.6846711537e-01
-4.0795276978e-01
-8.7690712658e-01
7.1041391499e-01
-1.9549758564e-01
-1.3063206481e+00
-2.6282342557e+00
-1.0319101727e+00
1.2016161471e+00
1.5332167505e-01
-2.2559696965e-01
4.3829087185e-01
6.7744266275e-02
8.9411115410e-01
6.7723990749e-01
2.3257708467e+00
1.8432879643e-02
-1.7934679329e+00
-4.5959087465e-01
5.9217691087e-02
3.8820467359e-01
-1.2351480966e+00
1.0995780092e+00
-1.4394550492e-01
-1.2595745577e+00
8.0042683243e-01
-3.5840652061e-01
6.0166932438e-01
5.3437263678e-02
1.1383492471e+00
9.4910898272e-01
3.5205589878e-01
4.4643865582e-01
-4.2756955630e-02
-1.9793268905e-01
-1.0512587348e+00
-4.1911262083e-01
6.8380001790e-01
5.0468991436e-02
-1.4549213961e+00
-2.6564488981e-01
-1.4376868995e+00
-9.3421860559e-01
-3.8729682406e-01
1.2291147337e-01
3.7351773140e-01
7.2210413961e-01
-1.2486023205e-01
6.3813918327e-01
-8.6585361981e-01
-9.7665311226e-02
2.3324926224e-01
5.4973818301e-01
-1.9049782627e-01
1.6928613512e+00
9.9007464049e-02
3.6765811135e-01
8.8731764887e-01
1.0898600240e-01
1.7934280909e-01
2.5698641393e-01
7.0009426762e-01
-2.1749015012e-02
1.5090979530e+00
2.1974728604e-01
-1.3627503947e+00
-1.5377349472e-01
5.3200370983e-01
7.0561357535e-01
5.3630537416e-03
-1.5121044289e+00
-1.0414595792e+00
-9.3073843506e-01
-4.6016479887e-01
1.1154979540e+00
-9.3992439480e-01
-4.4190487962e-01
3.1750957848e-01
4.8984867002e-01
7.1393622728e-01
4.8704622871e-01
-1.4549015940e+00
4.7541467000e-01
-1.3848199505e+00
2.7523645564e-02
-4.8470275812e-01
1.4011602511e-01
1.1628100898e+00
-4.1807312378e-01
1.4238290061e+00
4.0531259292e-02
-3.3177461031e-01
1.8049867694e+00
-4.2255426074e-02
6.4054177744e-01
-1.5912382884e-01
8.4378438067e-02
1.8259819750e+00
-2.3312431811e-02
2.1955969281e+00
-4.9244297475e-01
2.5898401044e-01
-1.5306585762e+00
-1.5572940264e+00
1.4931707728e+00
-1.1152380084e+00
-4.7909511934e-01
-1.0980838409e+00
-1.5407790835e+00
4.5041847095e-02
1.3927020741e+00
1.4728546529e+00
1.2750792815e+00
2.2599433834e+00
9.9995194065e-01
-1.3425918905e+00
1.7765633052e+00
7.3706021108e-01
-3.7574696406e-01
-1.2489452553e-01
3.0784424459e-02
5.9625464618e-01
4.9276345767e-01
-1.1712309195e-01
-1.2584953361e+00
3.4280377463e-01
-4.0395081628e-01
-4.0817387771e-01
4.8360730334e-01
2.7913510811e-01
-1.0777186540e-01
1.0052066078e+00
2.6874847510e+00
7.5624513869e-01
-1.7833184326e+00
-2.0534365595e+00
-6.4686672209e-01
-4.0987548080e-02
1.1668783402e-01
-5.3731049031e-01
1.2052918282e+00
-5.0816737146e-01
-4.4109795636e-02
-3.1929500624e-01
-6.2225599137e-01
4.2239582823e-01
-7.2759482031e-01
1.2871544549e+00
-5.7576046257e-01
1.2334894989e-01
5.4722368696e-01
-5.6031516833e-01
7.0788597705e-01
1.0474995122e+00
7.0842716379e-01
-2.2869788901e+00
-2.3145655418e-01
1.2445620614e+00
-5.4197241490e-01
-8.9782976493e-01
8.3716014073e-01
-8.8159820850e-01
-1.1995635515e+00
1.7535842899e-01
-1.5585887566e+00
-9.3196337188e-01
-1.3884296510e+00
-2.3632725178e-01
-3.2022919923e-01
