5.5574727615e-01
5.3987936564e-01
5.7154677923e-01
5.8616057947e-01
6.2936955502e-01
3.7903138820e-01
2.0126929155e-01
1.5016769356e+00
8.9654389710e-01
2.7950808870e-02
-5.3419872514e-01
-4.4081946264e-02
-5.0187360964e-03
-1.2831717453e+00
9.9499265401e-03
-5.4716986010e-01
1.6907879950e+00
2.4973756808e-01
8.6322156879e-01
-4.5736682910e-02
-1.4781573348e+00
1.3623947830e+00
-2.0127325395e+00
-1.4535997894e+00
8.3971984506e-01
-3.2062792014e-01
-1.4419580689e-01
-1.2614067346e+00
3.1251414335e-01
3.4447977161e-01
-8.1915991911e-01
-5.8094003358e-01
1.4690865791e+00
4.4409585703e-01
1.6946621235e+00
3.3556794524e-02
-1.9931609341e+00
-1.3403016216e+00
-7.6564120299e-01
-4.1938096420e-01
4.9184661949e-01
-6.2991246112e-01
-2.9895284999e-01
-1.4117561657e+00
-1.6574124330e+00
1.9239984811e-01
-1.1843974521e-01
3.4336890327e-01
1.8921247138e-01
-3.3321496891e-01
-1.0232605637e-03
-8.0716020811e-01
6.9265143309e-01
-4.5296134577e-01
1.2605571615e+00
5.9935055409e-01
-5.0535694703e-01
-2.1439205819e-01
-3.4897148848e-01
1.6019775494e+00
-9.0703993737e-02
-1.0240388778e+00
6.7331242943e-01
9.0465959339e-01
1.4543094176e+00
-1.4912460007e+00
1.6740861501e+00
1.2167285301e+00
-9.7853851692e-01
6.1163172571e-03
-4.5186528749e-02
-3.6946420775e-01
3.2366268421e-01
-8.3850428051e-02
1.0125253390e+00
6.1040368648e-01
1.6202622369e+00
2.8768770222e-01
-8.1764705398e-01
2.6405781654e-01
-1.5704058240e+00
2.8063986233e-01
1.2180719390e+00
-1.0583210198e-01
-2.8385097833e-02
9.4279633631e-01
8.0892456263e-01
-4.7197849312e-01
7.4919436438e-01
2.7975896486e-01
-4.2478387540e-01
1.1701238038e+00
1.4785472917e+00
2.3593974030e+00
8.0701233048e-01
-1.8005907872e+00
6.7716350571e-01
6.2364750419e-02
2.3759285201e+00
-6.4196651794e-01
1.6214564996e-01
1.4353272709e+00
-5.2616512354e-01
-7.7344236407e-01
-1.8166283506e-01
-1.0510859010e-02
3.6330280132e-01
3.8693693095e-01
-4.8395773464e-01
-3.8417683891e-01
-1.2955732396e+00
-5.4993956763e-01
-1.4082686380e+00
2.4932031653e+00
-1.7604203541e+00
7.6117217533e-01
6.8939449964e-01
-4.3663703133e-01
1.1553551470e+00
-4.2954147500e-01
-1.6041999475e-01
-1.6481751047e+00
-1.8714528835e-01
-6.5184162162e-01
-1.4484464011e+00
1.6292260392e-01
-1.7194524545e+00
4.3624126532e-01
3.8065035701e-02
-3.0862596698e-01
-9.7686859149e-01
1.1146315051e-01
5.3612060876e-02
6.1016385518e-01
-8.2953639022e-01
-1.3743843240e+00
1.4588408361e-01
8.1911177647e-01
-2.9789296259e-01
1.7721777727e-01
-1.5777717862e+00
