-8.5827694488e-01
1.1970307555e+00
1.1439100644e+00
-2.4577797201e+00
-1.3620958550e+00
5.2239444270e-01
-8.4872003658e-01
2.0611541427e+00
-9.8362208277e-01
6.4884069338e-01
6.6537712372e-01
1.3682245668e+00
1.7165271714e-01
2.6338980546e-01
4.8329782371e-02
-2.5258804848e-01
-1.5773711912e+00
-5.1104990599e-01
1.3432669256e+00
-3.9916176578e-01
-2.7248234277e+00
9.6070447165e-02
-1.2183000151e+00
2.0317349646e+00
6.1621025648e-01
-1.1983621055e+00
1.1101154849e-01
2.6269252717e-01
4.6902752751e-01
-1.2393491309e-01
-3.8848642341e-01
1.0181561404e+00
-3.9426957890e-01
7.4535709993e-01
1.0639597551e+00
-1.2798623535e+00
9.3042776439e-01
9.8212697702e-01
2.6592267057e-01
-3.5096636834e-01
-2.7057101667e-01
1.3652263797e+00
-3.3046453194e-02
4.5379214293e-01
-1.1763527189e+00
-2.3368252036e-01
-1.8823829795e+00
4.5655886944e-01
-2.0780890833e-01
-6.1962883141e-01
1.6026845794e+00
-3.4849978803e-01
-6.7884144403e-01
9.3394915052e-01
-9.5613085131e-01
7.4659371284e-02
-7.5986237803e-02
2.2902699097e-02
-6.8683406805e-01
1.0255123627e+00
-2.9091124115e-01
1.0893814775e+00
-9.7634857838e-01
-7.5687528018e-01
1.9947295291e+00
-1.0358659546e+00
-1.7141526055e+00
-1.3331598307e+00
-2.3715957306e-01
1.8609010344e+00
9.3169780998e-01
-3.8466297910e-01
1.4156117366e+00
5.5056947682e-01
-1.6909514353e+00
1.0262094047e+00
8.1311711698e-01
1.2497280752e+00
1.9627186522e+00
6.2395684231e-01
5.3470330707e-01
-1.7081933901e+00
-2.7605264392e-01
8.7207016291e-01
-5.2195486333e-01
-3.8042770139e-03
-8.2957044230e-01
-9.5625589063e-01
-1.2703323467e+00
7.0115224616e-01
-1.5277948881e+00
1.4467895975e+00
1.0539203175e-01
-1.4732131337e+00
-3.1765305331e-01
-1.5296020090e+00
1.4932342730e-02
-2.8249792637e-01
6.0999189329e-01
6.4247103236e-01
1.9831889272e-01
5.3271201254e-02
-5.3501153418e-01
-1.7592857043e-01
-4.0245642404e-01
1.8596845334e+00
1.6914821235e+00
-8.8926761771e-02
1.3741905931e-01
1.3887410987e+00
1.0035677936e+00
1.4243149161e+00
6.6103366941e-01
8.2687532451e-01
7.1561588695e-01
-1.0647965878e+00
9.6375371479e-01
1.1787686967e+00
4.5603338656e-01
-1.7929952939e+00
-9.8997562593e-01
-9.6772111021e-01
1.1923384026e+00
1.1782978055e-01
-3.2035655821e-01
-8.6833061870e-01
8.5557620102e-01
-1.0265984007e+00
1.0737446717e-01
-3.0293237239e-01
-1.1171611731e+00
