-6.1988798611e-01
4.4249312432e-02
6.6983061400e-02
-2.8241870792e+00
1.1101844059e-03
3.2246191679e-01
1.8536845715e-01
4.5285119602e-01
-8.1479669213e-01
2.8244299851e-01
8.5329827560e-01
-6.4271330045e-02
1.2233179516e+00
-3.1107789441e+00
3.2746188612e-01
1.5887111143e+00
-3.7072398211e-01
-9.8083518006e-03
-2.3907250035e+00
-6.8653410380e-01
-7.0305696139e-01
8.6464997374e-01
-3.2209937968e-01
3.2127006032e-01
8.4158789896e-01
6.4162335646e-01
-1.3667839556e-01
1.3921457781e+00
8.1374922810e-01
-6.6913603125e-01
-5.6511298867e-01
3.3804183681e-01
-3.5624527882e-01
-1.7294597485e-01
-2.1963379565e-01
-2.0580114341e-01
8.8729430451e-02
-3.2849260937e-01
-6.9514148679e-01
3.4911942599e-01
-1.5807702632e-01
-2.3669205875e+00
-6.4041380191e-01
1.8933534282e-04
-2.0434472916e-02
3.8316384177e-01
2.6047895081e-01
-1.1365874114e+00
-4.2778161316e-01
1.1442532931e+00
7.2622845152e-01
5.2033873133e-01
-2.4037579538e-01
-2.2763788435e-01
-4.2783855427e-01
-5.6602344876e-01
-4.3423759289e-01
-3.9695142752e-01
9.8184246667e-01
1.0746851819e-01
-6.9047697408e-02
3.9992609140e-01
3.9737613350e-01
-1.2627200004e-01
1.4980533213e+00
-2.4459796693e-01
1.1402549833e-01
-2.3607700426e-01
-1.0218741924e+00
-5.3416975939e-01
8.0076880282e-01
2.3240691050e-04
7.3640664044e-01
-2.8707729073e-01
-6.2911538245e-01
1.4212009828e-01
9.1475534329e-01
-6.0888795317e-01
-4.5590537310e-01
-2.1191653160e-01
-3.7924695690e-01
