1.0996155420e+00
-3.6775370646e+00
1.3921705078e+00
-1.3103218130e+00
4.0609170176e-01
1.3120791188e+00
-1.4123862180e+00
-6.5565988402e-02
6.7355505325e-01
1.2867451488e-01
-5.5935085030e-02
-6.2571418424e-01
-1.5217797388e+00
5.9900135767e-01
1.8910187107e-02
9.5325916841e-01
8.1517503060e-01
6.7997593455e-01
1.0170352328e+00
-1.1885001753e+00
-1.4787569987e-01
-3.5681023272e-01
8.5426933708e-01
-7.8098281383e-01
-8.0341782304e-01
1.5875488092e+00
-1.3169576281e+00
-1.1338269195e+00
9.5784246801e-01
1.8838893238e+00
1.0027218636e-01
6.4266828814e-01
-6.0185466580e-01
-1.0842214789e-01
-3.4798394102e-01
1.5061676486e-02
-4.6317804880e-01
-6.8662124092e-02
5.4231313834e-01
-7.2401162764e-01
1.7710035208e-02
-1.1506533396e+00
1.5800069534e+00
2.0897292915e-01
-1.1243203862e-01
-4.3434857153e-01
-8.6745083659e-01
-1.2610905906e+00
-9.7986749805e-01
-1.4101175123e+00
-1.3477658406e+00
-1.3224156914e-01
1.1944206524e+00
1.1723028496e+00
-1.1256377402e+00
5.3052877797e-01
3.6625280788e-01
-1.1354086042e+00
-2.0844105951e+00
-1.3685737841e-01
3.5411154791e-02
4.4797032761e-01
9.2389984344e-01
6.1663445649e-02
-1.6604441973e-01
2.3089401059e+00
-8.1709812694e-01
-5.1452409761e-01
7.8858985839e-01
-1.2556003845e+00
9.4738553312e-02
-3.4722984519e-01
2.0278666899e+00
-1.2025001866e+00
-1.8269702943e+00
-1.9584850881e+00
-1.0349223533e+00
-1.3939767996e+00
-4.6117760561e-01
1.6788446039e-02
-5.4990902814e-02
-2.8049243575e-01
5.6530570386e-01
-1.1522190076e+00
-9.7470465989e-01
2.5367080841e-02
-1.0049997220e+00
1.2248467845e+00
-3.7221495699e-01
2.8339234313e-01
1.3561264923e+00
1.0459367139e+00
-1.8113710467e-01
-9.5290376802e-01
-1.4300070268e-02
8.8061221011e-02
1.5208168024e+00
5.5491655006e-01
1.0426025961e+00
9.4269283268e-01
-8.6598999332e-01
-1.8107583898e+00
4.8246954543e-01
1.0234104234e+00
5.8812902056e-01
4.9313872896e-01
-8.1961245418e-01
1.2632781604e+00
2.5296867841e-01
3.0599845483e-01
2.0919118779e-01
8.2428833399e-02
-2.9632338933e-01
2.0087903591e+00
7.8580973821e-01
-5.7343009451e-01
-1.2045025457e+00
-1.5514334045e+00
5.8063080805e-01
-1.1670086901e+00
1.3635873286e+00
-2.7365022592e-01
-8.3346161462e-01
-4.5077023650e-01
3.4079899794e-01
1.9263993164e+00
7.6231215932e-02
-5.8358244749e-01
1.2541677294e+00
1.0044111325e+00
9.3721045304e-01
-5.3303677478e-01
1.8715411945e-01
1.1206743700e+00
-1.7477535025e+00
-9.1487946334e-01
-1.4774349114e+00
2.2671391616e+00
6.9314067244e-01
1.3387251083e+00
-3.2756186878e-01
-1.2811916218e+00
1.6661499115e+00
4.6136582022e-01
1.6232124127e-01
-7.1630328029e-01
5.1069099136e-01
-1.8451517014e+00
-2.7030693669e-01
-9.6243047670e-01
2.1377905701e+00
5.6545494762e-01
1.4843732850e+00
4.7839991907e-01
-1.1509436039e+00
1.1036779696e+00
-1.9654287743e-01
-1.1059692841e+00
-3.7356907699e-01
-8.5607459028e-01
-1.1913908525e+00
-4.1837142908e-01
4.2556052588e-01
-8.3379205449e-01
9.0666887796e-01
5.0473786710e-01
-5.6186686494e-01
-4.0227624790e-01
7.0517680854e-03
