-1.0552711242e-01 -7.4291095051e-01 -9.7515081740e-02 -1.0923476243e-01 1.9931086474e-01 -3.5501311235e-01 6.8801608958e-02 -2.1363067309e-02 -1.9608476984e-01 1.7488469889e-01 -4.8998185501e-02 -3.4076812699e-01 -2.9909682846e-01 3.9455670445e-01 3.2558588962e-01 5.5719137790e-01 -1.1771009573e-01 -6.4560972094e-01 1.5324682070e-01 -2.4881081004e-02 -3.2120041595e-01
1.9518228711e-02 1.1997285405e-01 1.8190348938e-01 3.1052535332e-01 -2.6083611955e-01 -1.7909731090e-01 -2.4889086851e-02 1.8222028121e-01 7.8251479325e-02 -2.2839746039e-01 -4.9042084658e-03 1.4720630854e-01 -4.2935921273e-01 3.3362231549e-01 2.5377923362e-01 2.6975581974e-01 1.8198197687e-01 -1.0177940203e-01 -2.8676154058e-01 -4.5190746547e-01 3.5905911243e-01
-1.8867013139e-01 -2.3759211326e-02 -1.4405557270e-01 -2.4719505832e-01 -6.7142221871e-02 -3.5492255425e-02 -4.1625689594e-01 5.2589949805e-02 3.1715832188e-02 1.0581016134e-01 3.7063153515e-01 -1.1581568271e-01 -9.3752938502e-02 -6.0707719740e-02 -1.0814751432e-01 -3.7365473645e-01 1.7095449736e-01 -6.0226529511e-01 -1.1466589294e-01 -2.4198538210e-01 -3.7694164323e-01
-6.4850902541e-01 -5.0587691695e-01 -4.6223629609e-01 2.5063553641e-01 1.4609258933e-01 3.5609447608e-01 -1.0375449568e-01 -1.5953515083e-01 2.3974368237e-01 7.0207697774e-02 4.7315138959e-02 -2.9438236315e-01 -9.7963542587e-02 4.7715566556e-02 -3.5426847427e-01 -4.3244411017e-01 -1.8322707143e-01 2.0073656710e-01 -1.4408288247e-01 1.4328776985e-01 -8.6167705293e-02
-1.8905085275e-01 -2.7436288965e-01 -8.7675586337e-03 1.8118992815e-01 -8.9442921102e-02 -4.1169696254e-02 2.4481978087e-02 2.2426707783e-01 -6.4432153588e-02 -2.6924361680e-01 8.5883077912e-02 -4.1441523598e-01 -5.3784912887e-01 1.3891263951e-01 2.2066767766e-01 5.0367802671e-01 -2.2916897841e-01 -1.8789143389e-01 3.4621198125e-01 1.3144650086e-01 -6.2785933731e-02
5.2135907825e-01 3.0628277686e-01 4.9454644813e-01 -2.7436492930e-01 -1.7596847392e-01 2.7333280766e-01 3.4105906925e-01 -2.2540454889e-01 4.2815656538e-02 2.7049472080e-01 -4.4473860433e-01 2.9181093903e-01 5.1167316922e-02 -7.2068616027e-02 -4.0595107354e-01 5.8997990224e-01 -1.7011975240e-01 3.9123445098e-02 -1.2656210933e-01 -4.1366935719e-01 2.0556971071e-01
-1.6499487347e-01 -8.2293486074e-01 -1.9302317710e-01 -1.8970503959e-01 -4.2116686494e-02 -2.4665054394e-01 -1.5106664971e-01 -3.6140215237e-02 -2.7626208247e-03 4.0009622203e-01 1.3004450043e-01 -2.8715226312e-01 3.7498555993e-02 -2.1222518016e-01 -4.5453505169e-01 -6.8773291029e-01 -5.9015480161e-02 -1.2259513007e-01 -2.9726292761e-01 2.1987116276e-01 -1.4170647576e-02
-1.7150436395e-01 -1.0188547794e+00 1.9410967933e-02 2.2535585482e-02 -9.9634836950e-02 4.2484621313e-01 1.3717031782e-01 -5.3027782465e-02 -3.8688862828e-01 -2.2898368507e-01 -2.1038019916e-01 4.6259766072e-02 1.1720112148e-01 -2.6551317386e-02 1.0529659821e-01 -3.1696752104e-01 3.3402077399e-01 -5.8184085629e-04 2.3961110547e-01 2.0205181345e-01 -7.2618923010e-01
-4.3551418548e-01 -6.2574380855e-01 -6.8919046740e-02 1.0896462362e-01 3.1161311565e-01 2.5102171398e-01 -4.7418044729e-01 4.3525542598e-02 1.1383438822e-01 1.9058366430e-01 8.2007449190e-03 -4.2556127925e-01 -1.1881496339e-01 2.2823940806e-01 6.5309218904e-01 3.0366744367e-01 1.0706538737e-02 -8.0978233888e-02 8.8633609102e-02 5.3709847772e-02 -3.2238777785e-01
1.7105688162e-01 -6.6646111789e-01 -2.2090570415e-01 1.8245694844e-01 4.0789421377e-01 1.5307101903e-01 5.2727940885e-01 1.8334832205e-01 1.0916213269e-01 1.5417943061e-01 1.3157991458e-01 -2.0813019077e-01 2.1522479630e-01 1.7157876524e-01 -4.2998077467e-02 1.7881666207e-01 -1.2914423949e-01 3.3901591234e-04 -8.7281796604e-01 -1.2034222849e-01 -3.8571482892e-01
2.2366858952e-01 1.7045394934e-01 5.9633696980e-02 2.8772662767e-01 1.1440974387e-01 -7.7192183055e-02 -4.1251351515e-03 4.2119753562e-01 3.8226437537e-01 1.4577773486e-01 1.3144125330e-02 2.3009161735e-01 -2.9616426395e-02 -1.6330258337e-01 2.3617362492e-01 5.4044835338e-05 2.3748868371e-01 3.5750485429e-02 4.5620608036e-01 2.4874266695e-01 4.2818968673e-01
1.0635007735e-02 2.3918735474e-01 -6.0661625646e-01 2.9628352116e-01 6.8846519203e-02 -2.0462681364e-01 3.0464579142e-01 -1.4184653831e-01 1.2210730698e-01 -6.8126160540e-01 4.2291068941e-01 -8.1393206925e-01 -3.3149498247e-01 1.3232824012e-02 2.4823456531e-01 4.8827531313e-01 -2.6687933704e-01 4.7058802525e-01 -1.6305886733e-01 5.7758036102e-01 -1.2464662969e-01
-3.4072751443e-01 -3.8436058950e-01 5.5933772264e-01 1.1912368858e-01 1.3095156081e-01 -2.7999586149e-01 3.8685862692e-01 3.0189441629e-01 -2.6158080371e-01 -3.5745829253e-02 1.8406847498e-01 2.1840693423e-02 5.0265314578e-02 -5.3320427129e-02 6.1124427258e-01 4.3797539965e-01 -1.4331064159e-02 9.8035348765e-02 2.6931432513e-01 -1.9334578914e-02 -4.5572816092e-02
7.6401293708e-02 8.5759014265e-02 -5.7494856717e-01 -5.2152820188e-02 -1.4486758395e-01 -1.7001354551e-01 1.8995007832e-01 3.5833477200e-01 -1.2690566386e-02 -1.3643301267e-01 3.5770854474e-01 1.3929895478e-01 -4.3206254289e-01 -7.9261957406e-02 8.5007985506e-02 2.0724171231e-01 -2.6064216750e-01 -2.1667414074e-02 -1.2348435860e-01 -1.4397767187e-01 -7.6939983395e-02
2.3796358700e-01 -2.0589828897e-02 2.4433742562e-01 1.2689432657e-01 2.7307761491e-01 2.4166725662e-02 2.1416561330e-01 -2.0956814016e-03 5.2828367503e-01 8.7508416629e-02 -4.4900045641e-02 6.9300837888e-01 -2.6582144629e-01 -1.6571512314e-01 -5.2986928779e-02 7.0458692806e-02 2.6033361438e-01 2.3751730071e-02 -1.3469179852e-01 1.2138622275e-03 -6.9878602638e-02
-4.1119633072e-01 3.9260636446e-01 8.0259618801e-02 4.4229732840e-02 1.0680834420e-01 -9.8411865700e-02 1.8853997640e-02 2.7098546235e-01 -4.2106051061e-01 1.6974388783e-01 -2.2006951181e-02 1.2855971815e-01 -4.6805886797e-01 -1.7201432081e-01 -1.0993652775e+00 -1.8919217711e-01 -1.4393185259e-01 1.9804726268e-01 7.6181177598e-02 8.0877901838e-02 2.7494374056e-01
4.1963573316e-01 9.6483522094e-02 -1.5435979852e-01 2.2466554037e-01 -3.7564046500e-01 4.2731969064e-02 5.3245603990e-01 -3.0021049686e-02 2.9289614847e-03 -6.9986104809e-02 5.5058701288e-02 3.0584264129e-01 -1.6434078222e-02 -3.4328349291e-02 9.9781423774e-02 5.9694102649e-01 -3.6925043104e-01 6.8197419036e-02 2.8461723769e-01 2.0485020791e-01 -2.9840629993e-01
-1.0786285242e+00 -3.6634315982e-01 -3.2213870430e-01 2.7634793542e-01 1.4410192313e-01 -6.9191182888e-01 -1.4009028680e+00 2.4707525114e-01 2.1150105901e-01 -4.8687944169e-01 6.1253736567e-01 -5.7507146806e-01 -5.6981927396e-01 1.3011108488e-01 2.9350850151e-01 3.3596446158e-01 4.7763286736e-01 4.5445428144e-01 5.8121836992e-01 6.5829816460e-01 -3.2287337656e-01
-1.3079164907e-01 -9.7684550916e-01 1.2980954987e-01 1.8752228266e-01 -2.1705846255e-02 1.0751299128e-01 2.6670269739e-01 -7.2426936418e-02 -3.9796234585e-01 -5.9458240237e-01 -1.7020677314e-01 4.1422563355e-01 4.7896045821e-01 -2.5698742097e-01 6.5685643679e-01 4.7172342214e-01 7.5747159180e-02 -2.8493708540e-01 2.3179221756e-01 1.3445641524e-02 -2.7729359032e-01
4.0687695634e-01 1.7827783349e-01 5.0423992659e-01 6.0294880680e-02 9.0568338996e-02 1.6382792631e-01 -4.2823357035e-01 -3.7031825957e-01 -1.3457334469e+00 1.0826007413e-01 -4.2548771445e-02 5.3832965679e-03 -1.1479694015e-01 -5.8876607725e-02 -4.8471744491e-01 -5.6782007325e-01 1.2028095084e-01 -2.6709716807e-01 -3.5899945038e-01 1.8581611842e-03 -1.5973552792e-01
-2.0792529476e-01 -1.0593486214e-01 3.0582738127e-01 -1.6472709370e-02 2.4920630430e-01 2.2647097326e-01 -7.6906048878e-01 -1.6430836444e-01 -5.8641124415e-01 7.1823427922e-02 -3.5645171185e-01 1.4644301742e-01 9.4067180323e-02 -7.2122832778e-02 -9.8584212094e-02 -6.3157269283e-01 3.9160765788e-02 -4.5281109796e-01 -3.9381083004e-01 -1.9542228755e-01 3.4775978132e-01
