1.9788430371e-01 -1.1448300592e-01 -1.6862144655e-01 -2.2569226854e-01 -1.4358417866e-01 -9.4398167213e-02 1.5883133341e-01 -2.5583942476e-02 2.4710170806e-01 -9.2980061984e-02 -3.1639360152e-01 -2.3594181815e-02 -2.9908312699e-01 7.0381958079e-02 -7.9841461577e-01 -4.1436200658e-01 4.1382766627e-01 -2.2324001858e-02 -2.5496499075e-01 -8.4011064824e-03 1.6075777927e-01
-3.3091708677e-01 -3.4304998246e-02 1.3156689731e-02 -2.1393142450e-02 2.1175505273e-01 2.2450373606e-01 -1.6132878103e-01 -7.1512309669e-01 4.3157486849e-01 -3.6409128596e-01 -4.4638616251e-02 -6.0652969905e-02 -2.9604625396e-01 2.4087508701e-01 -6.2094313879e-01 6.4006348501e-02 -2.6983238952e-02 -3.2908331601e-02 2.5768749711e-01 -5.3856285430e-01 8.2478621564e-02
1.8896996070e-01 1.2593998486e-01 -3.3848492823e-02 8.8249539268e-02 -1.0140553240e-03 4.0091452679e-02 2.5563398992e-01 2.1625730752e-01 4.0932112420e-01 -2.6920309998e-01 -1.9500951735e-01 -1.0187078380e-02 -1.7312507932e-01 -1.1004789636e-01 4.5939862240e-02 -5.8498432979e-02 -3.4178721001e-01 -2.0985038020e-01 1.8383203556e-01 -1.4894177689e-01 -5.6458424000e-01
-4.3287945368e-03 6.9905378807e-02 -2.4440119495e-01 -1.3866271597e-01 1.1064503836e-01 -1.8113801475e-01 2.5598928317e-01 8.0466411377e-02 3.0149569964e-01 -1.1441559378e-01 -6.3785315433e-03 -1.0947308053e-01 2.8552667934e-01 -1.4844956464e-01 -6.6139985230e-02 -5.0300214607e-02 1.8248336571e-01 -2.9099260671e-01 9.0072645135e-02 -4.0679649907e-01 -2.5900665337e-01
-2.5894270758e-01 2.7098092902e-02 -2.0917263766e-01 -1.7145416045e-01 -1.4066012684e-01 3.6036842767e-01 -2.7978864388e-02 -7.3887753039e-02 6.3284293603e-01 7.7069490631e-01 -5.4282584152e-01 2.6566325476e-01 -1.6160673282e-01 -1.3707862263e-01 -3.3414345577e-01 1.1666967855e-01 -2.5734315317e-03 7.2345292591e-01 2.3915648065e-01 -6.2622976101e-01 -2.3103008396e-01
2.5959717116e-01 2.6285664163e-01 -2.3392397769e-01 -3.6460046662e-01 -1.7611859084e-02 -7.6037725546e-01 1.4404793799e-01 7.0514115582e-02 -2.8725396979e-01 -4.1266772507e-01 -1.7278738477e-01 4.8949983907e-01 -3.3698147084e-01 -5.6450253915e-01 3.0823925086e-01 -2.7226461433e-01 5.3533134781e-01 1.9148727167e-01 -5.3661485647e-01 -6.5850142761e-01 1.3122923631e-01
-9.1756862229e-02 -1.4292564899e-01 -7.7898032952e-02 8.4336182636e-02 -4.0336641389e-01 1.7043129777e-01 -1.6747353964e-01 -1.1772425157e-01 2.9511756005e-01 3.4270637484e-01 4.8841440656e-02 2.1241638366e-01 -5.9869933244e-01 8.7148566545e-02 -3.9731386659e-01 2.8751306169e-01 3.0942661835e-01 4.0178526756e-01 -8.5735330521e-02 3.8722859984e-01 5.9023974975e-01
2.0574065096e-01 -4.8558800898e-01 -6.3461383503e-02 8.4968447187e-02 -2.9545321909e-01 2.0312905981e-01 -1.9953627609e-02 -6.4638017523e-01 -3.8740883481e-01 -4.4145137269e-01 -1.3800010711e-02 2.8240392549e-02 4.3422698517e-01 8.3626947936e-02 2.3906323252e-01 -1.4451273128e-01 -2.0093831873e-02 -8.3707781498e-03 -3.4459937591e-01 4.2170617381e-01 -1.5383337364e-01
3.2613584441e-02 -8.3973038951e-02 1.6988230165e-01 9.7705766730e-02 1.8306479067e-01 -3.7621418740e-01 -3.5919997136e-01 -5.7897500121e-01 1.2101154836e-01 2.4921721736e-01 4.7540471362e-01 -3.7175517341e-01 -7.4135859040e-01 -4.8284531180e-01 -1.5994441568e-01 -2.2394817494e-01 -2.5400941741e-01 -8.3674200443e-01 -4.8700755508e-01 9.0802991734e-02 2.6366178299e-01
2.1939745100e-01 6.2324476086e-03 -4.5604018718e-01 1.9420045976e-02 -2.2287863784e-01 -9.9652725198e-01 -2.9648900650e-01 -5.5907924624e-01 -2.3216497386e-01 -2.7022658404e-01 1.7649315722e-01 -1.8046947300e-01 -1.4212736805e-01 2.4574779775e-02 -8.7464393526e-02 -6.2670296109e-01 3.3185832275e-01 2.9224239018e-01 -3.2259825263e-01 -3.4537113019e-01 -1.1922349737e-01
2.6156926278e-01 -3.6738782288e-01 -6.9901933074e-01 4.2807376507e-01 -5.6806189815e-02 1.9404857340e-01 -3.4249512974e-01 -6.4004309814e-01 1.2417454328e-01 3.8143739263e-01 -8.4731806159e-02 -1.6465437442e-01 3.3699227257e-01 -7.1287047705e-01 1.9326776090e-01 -3.1565124921e-01 2.6832355262e-01 -7.9712848850e-01 -6.7757317331e-02 3.0255056213e-01 1.8224960741e-01
-5.5327530059e-01 -4.8998599338e-01 -3.4786240138e-01 1.1132589340e-01 -4.9711448262e-01 7.2221889415e-01 5.2781637138e-02 -2.9485321512e-01 6.0062431024e-01 2.9384758164e-01 -2.4833840947e-01 -2.3334184696e-01 -2.6045046584e-01 8.3177946325e-01 -1.1238517718e-01 -5.9685118235e-02 4.5787955721e-01 6.9670991790e-01 -3.3567995970e-01 -4.2696442935e-01 4.0142468106e-01
-1.9551450231e-01 -2.1450431871e-01 -2.6868704004e-01 -5.2823139131e-03 -1.3940429596e-01 3.1172576108e-01 -1.5529039540e-01 -1.6984623932e-01 -4.9976804294e-01 -1.5372380594e-01 9.5532994624e-04 -9.1761205555e-02 -3.1196507704e-01 3.4374111570e-01 -1.0286564512e-01 -2.0219799900e-01 7.6249046072e-02 2.0053760082e-01 -1.1348809574e-01 -2.4505689341e-01 -4.4149869765e-01
-2.4231781913e-01 2.2549017709e-01 -1.0092355145e-01 8.6133373706e-02 1.3551288399e-02 -1.6090401756e-01 5.5198490157e-01 -9.3406200133e-02 -3.5663520584e-01 -2.1849426431e-01 -8.4572878871e-05 1.5236641181e-01 4.7811010602e-01 -2.4021851734e-01 1.3103886066e-01 -8.2773644381e-02 1.9716255487e-01 3.2597255809e-01 1.9070173360e-01 -7.2472474699e-02 -5.4544143034e-01
3.8504068506e-01 -2.7286558625e-01 -3.6039048238e-01 -1.8708336768e-01 -9.1574823883e-02 7.1571345246e-03 -2.8189318743e-01 6.0909727122e-02 -2.4322509578e-01 5.4961166557e-01 6.0857852068e-02 -1.8642784841e-01 -7.4495251977e-02 9.3679337758e-02 -3.4137239666e-01 -4.2340510914e-01 1.1197328735e-01 -2.3306745490e-01 1.5013358389e-02 8.8821971498e-02 -3.8137768502e-01
-6.5194915957e-02 2.4509783965e-01 2.8080483771e-01 -2.5224320886e-01 4.4610277340e-01 4.6199911088e-01 -9.9955429594e-03 3.3079563391e-01 -4.4113228401e-02 -2.9616101577e-01 4.5634802894e-01 3.4362388893e-01 7.6798145603e-02 4.2913109868e-01 3.1156710799e-01 1.5630586046e-01 -2.2052768810e-01 -2.1211737185e-01 1.4588674282e-01 4.8457350576e-01 -3.5933084462e-01
4.1047536766e-01 5.5351265381e-01 2.0107862859e-01 -6.0629288143e-01 5.4184598844e-01 1.6786377285e-01 1.8879755568e-01 4.8609936330e-01 3.3818739842e-01 8.5916763649e-01 7.3079733096e-01 -1.5293867202e-02 3.5384613451e-01 1.2164273348e-01 -7.3023020679e-01 1.5024556919e-02 -2.0822118441e-01 -3.6896622429e-01 6.2864071644e-02 2.7698091739e-01 5.1466719198e-01
1.5719490730e-01 -2.2855262967e-01 -3.2759218314e-02 5.0065877470e-01 5.2223758869e-02 -4.3842789013e-01 2.2016154549e-01 2.2426973604e-02 2.7229119943e-01 8.3427155329e-02 2.1230230244e-01 -1.2161310183e-01 -5.4402959061e-02 6.5212028903e-02 -2.1661320913e-01 -1.6285377348e-01 -1.3220520429e-01 6.4805649459e-02 -4.2909968666e-01 -3.3508714349e-01 -1.8648927365e-01
-5.7194018709e-02 1.3807160689e-01 -4.7184546078e-01 1.1840686550e-01 -1.5535952507e-01 -1.7491951946e-01 3.5159404581e-03 -6.9865715432e-01 -4.1227275361e-01 -4.8979593468e-01 1.7547086236e-01 -3.7904869071e-01 7.0632725097e-02 3.9065206196e-01 8.0583911824e-02 1.8008165005e-01 3.5675978620e-01 4.9913432736e-01 -2.1538140139e-01 4.2135948359e-02 3.7042869072e-01
-8.4840777972e-02 1.9417664623e-03 1.4496589370e-01 -2.7420314618e-01 -3.3871984942e-01 -3.3650379801e-01 1.8283591576e-01 -9.4454841933e-02 -1.4102643924e-01 -1.0488790706e-01 -9.3663598216e-01 -4.3812732285e-02 1.5905719375e-01 -8.3595597482e-01 1.6434539840e-01 1.4044736922e-01 5.2595119227e-02 -4.7971202878e-01 5.8718629681e-02 -1.0025522939e-01 -4.5292322391e-01
-2.9583674554e-01 1.0988815904e-01 3.5279862465e-02 -5.7675031788e-02 1.2194866391e-01 1.3541839432e-01 2.0884289255e-01 1.3079193553e-01 -2.3976149139e-01 -4.0394282111e-01 -9.3121198530e-02 5.6817141461e-02 1.9996586138e-01 -3.2952305054e-01 3.4615625104e-01 3.2044454117e-01 -6.0281727349e-01 -1.2378158354e-01 -9.4048428738e-02 2.0823540013e-01 1.3315025363e-01
