2.1081482153e-01 2.7499401766e-01 1.4972680381e-01 -5.6569191329e-01 -2.0363887432e-01 2.1574833141e-01 2.8630474123e-02 1.7291707899e-01 -3.1976567248e-01 -1.6891882892e-01
8.9079056057e-02 2.6646089130e-01 -5.4973579394e-01 -8.8028986307e-02 -2.6040810604e-01 -1.1678864573e-01 -8.0725132742e-02 -4.1145247037e-02 6.0597788542e-01 -5.2031749874e-01
-3.5064899902e-01 -3.2866327377e-02 -2.5622472267e-01 3.5811054454e-01 -2.6530432964e-03 -3.1108140450e-01 -3.9800794841e-01 1.7427461348e-01 -6.3300233485e-01 6.4390119572e-01
1.2452716271e-01 2.2849887912e-01 -2.5009029732e-01 -2.0113750981e-01 -2.6466596459e-02 1.2040463521e-01 -2.0936251880e-01 1.3965698118e-01 1.0209988471e-01 -3.3758252918e-01
-6.5568897396e-01 3.8736426411e-01 3.8297604891e-01 -2.0879643017e-02 3.2191040089e-01 4.1066190755e-01 -3.6061310958e-03 7.2194485572e-01 -1.2464858656e-01 3.6348733485e-01
1.6021956971e-01 -9.6005182838e-02 -3.5100333257e-01 -1.0261438982e-01 -4.7460800546e-01 2.2282731162e-01 -8.6165742071e-02 3.5834229908e-01 8.5247275109e-01 5.3558924253e-03
-3.0507523119e-01 -2.7873310514e-01 2.3120332539e-01 -7.6264334391e-01 4.9561427947e-02 -8.6789419668e-02 7.3807166730e-01 -6.1112560587e-01 1.7901033628e-01 -2.6225225459e-01
-5.7308444404e-02 -5.5212156120e-02 4.8501345311e-01 -8.2470904009e-02 -1.8977848136e-01 -5.7548214133e-01 4.3456512599e-01 2.3623460959e-01 -2.7375007125e-01 -3.6596069148e-02
1.9470595088e-01 -4.4314242326e-01 1.1442816915e-01 5.0495104320e-02 1.3422734011e-01 2.9435758584e-01 -2.2305715862e-01 6.6939692714e-01 -2.9302889551e-01 3.9989772405e-01
-7.9843929851e-02 -2.7378125170e-01 1.8751245394e-01 -6.5882204642e-01 3.2992388563e-02 2.0441707856e-01 -2.0237392135e-01 4.3786067433e-02 1.1751275645e-01 5.9483229227e-01
