4.9573293522e-01 -5.0434941152e-02 -1.2845659503e-02 2.6682435800e-01 -6.9828897368e-02 -4.8322160108e-02 6.6485028343e-02 9.2996772016e-02 -3.7511097055e-01 -6.1661725080e-01
-3.1499909830e-01 4.9642241124e-01 -2.0818302964e-01 1.9456406602e-01 2.1208519790e-01 1.6008574614e-01 -1.0534673774e-01 2.8547073025e-01 -3.7416996002e-01 1.0187958796e-01
8.9119082083e-02 -2.4106132057e-03 -7.1060337189e-02 -2.8213692078e-01 8.4134563873e-02 -3.7251800365e-01 -3.2041156802e-01 4.5345966013e-01 1.3227171874e-01 5.8052838307e-01
-3.9779483601e-01 -7.7575511176e-02 4.4976774074e-01 -4.5747825937e-02 7.5436477018e-02 -9.3482935486e-02 -7.3730037729e-03 -2.1575712588e-01 -2.0019688322e-01 -6.1135507746e-02
-1.9105884100e-02 -9.5681092279e-02 5.3640878891e-01 -4.0744821873e-01 -3.9614410005e-01 -3.1392761693e-01 -5.3332739466e-01 3.1139022292e-02 1.1615034958e-02 -4.1027076331e-01
-2.4979343253e-01 2.6621941840e-01 -1.5740742311e-01 6.1287011260e-01 -3.6170874454e-01 1.3755045922e-01 6.4232882842e-02 -1.2259163570e-01 -4.6375757438e-01 -2.4986684074e-01
4.6098749249e-01 -3.7199218518e-01 -3.1076238803e-01 1.1909587468e-01 3.3557893697e-01 -1.0957120671e-01 5.8079745294e-01 -2.7826524266e-01 6.7668379188e-01 8.4611787379e-02
1.4345320699e-01 5.0394126479e-01 1.9558408547e-01 -3.1536411680e-01 -2.2586240496e-01 -1.3844409601e-01 3.8674540994e-01 3.1607211438e-01 3.2931280589e-01 -3.3187417970e-01
3.7666797706e-01 4.1372946016e-02 -2.7029874982e-01 7.6527132337e-02 -6.0502468101e-01 -2.8023408229e-01 4.7218093316e-01 -1.9919100827e-01 3.0109521844e-02 2.9194681175e-01
-7.9903233312e-01 1.7399431030e-01 -4.2156365735e-03 3.2357635015e-01 -2.2221749473e-01 -3.6365050756e-01 -1.5734570800e-01 2.0318274236e-01 -3.2767035578e-01 -5.9156962640e-01
