-1.9829073188e-01 -1.1990987737e-01 -8.7321913931e-03 6.0123329325e-02 1.3168562131e-01 -7.7741879727e-02 -6.6374966942e-01 -1.0689287331e-02 3.5446481925e-01 3.4310997261e-01
-1.7796892690e-01 -2.3509353477e-01 4.6796351895e-01 1.5427488001e-01 -4.8123512459e-02 -1.2796867656e-01 -7.0354551196e-01 4.3923210664e-01 3.6298483379e-01 6.9159577636e-01
1.2891018739e-01 9.4768010108e-02 1.3582175176e-02 -2.0284598693e-02 3.6977235877e-01 -5.2098985778e-04 -1.0616150768e-01 2.3855469171e-01 -3.5299203348e-01 -8.3158128771e-02
7.8608113791e-02 -3.9443120499e-01 -3.1608464348e-01 -4.4970941093e-01 -2.2826164581e-01 -1.7448819083e-01 -1.2083578916e-01 -6.1233308340e-01 -1.8352138917e-01 1.3148225307e-01
-2.4703950185e-02 3.7764227318e-01 -2.7209234111e-01 -5.4014233596e-01 6.0336536225e-01 -4.3490795491e-01 -3.8397856011e-01 -1.8256274346e-01 -2.4443851787e-01 -2.7823497746e-01
2.0122059925e-01 4.1447368149e-01 -2.3062079425e-01 -8.4601211663e-02 6.0213591916e-01 -1.3062804653e-01 1.4752450800e-01 1.6569817323e-01 -4.8187186100e-02 -2.6003701162e-01
3.5946282941e-02 -9.8982896956e-01 5.0999162731e-01 -2.4341545211e-01 5.7180260363e-01 -4.0600122978e-01 2.6821096863e-03 -2.6031244296e-01 5.7426518841e-02 7.8643360763e-03
2.5304533697e-02 -6.7565178908e-01 -3.3923792359e-01 -2.7350884945e-02 3.2705983423e-01 -1.3707982330e-01 -2.9777140924e-01 -1.0886062281e-01 1.0039545972e-01 1.8813872283e-01
-2.5959540258e-01 -3.2054091276e-01 -2.5123040110e-01 -6.4442938979e-02 1.1698352817e-01 -3.0029109771e-01 -1.9414361931e-01 1.8930605195e-01 -3.6840209660e-01 1.2919843011e-01
2.9557210963e-01 -2.7038465457e-01 2.5405737382e-02 6.5470810824e-01 5.5723805747e-01 -1.4877552307e-01 -5.8425462247e-02 2.3465178220e-01 5.2739647530e-01 -1.4990804597e-02
