-3.1108688861e-01 -2.5269705295e-01 -1.8634582626e-01 4.1146339452e-01 7.9565729917e-02 6.1474704789e-01 -2.2635976203e-01 -4.6365835292e-01 3.5435837970e-01 -1.7382383765e-01
4.2849072564e-01 7.4217627053e-02 2.1433947512e-01 -3.2772767736e-01 -7.3684787803e-02 2.9036280239e-01 -5.0247494246e-01 4.9800697258e-01 -1.1629677696e-01 -1.5815799365e-01
-4.1948907631e-01 -3.5830325912e-01 -1.7660714575e-01 -3.1115138351e-01 6.3161476122e-01 9.5067806012e-01 -5.7632355771e-02 -6.7061234527e-01 -3.0290673431e-01 1.5540783597e-01
3.5069697827e-01 -3.5794588469e-01 2.4884908437e-01 3.5143861787e-02 -5.5928288238e-01 -7.3139891733e-01 1.3145131331e-01 8.7246490492e-02 -2.0505101415e-02 -5.4872727049e-02
5.5947923872e-01 -6.9162530059e-02 -9.4148709292e-02 -3.5840031412e-01 6.5724003354e-02 2.1186846794e-01 9.9417326745e-02 1.2675855420e-02 -4.7876294154e-01 -2.5830477085e-02
-3.2139648061e-01 2.8143902003e-01 1.0010669692e-01 3.0429111706e-01 2.2539913283e-01 3.2629038568e-01 -7.4467887464e-01 5.1291245625e-01 -1.8363160808e-02 1.8625923395e-01
1.1508142193e-01 -1.3970510120e-01 3.3681513844e-02 -1.7219565024e-01 6.1975389052e-02 3.0569733053e-01 1.8435414169e-01 2.3050441578e-01 7.6692202045e-03 -4.5256436436e-01
5.6022835988e-01 -6.5991119072e-01 2.1457005409e-02 3.8181367333e-01 -3.5509692682e-01 -9.3365877458e-01 -5.1772824635e-01 6.6403844433e-01 1.1552521903e-01 7.7388154462e-01
2.3468284446e-01 5.7702266244e-02 3.4816926524e-01 -6.6752755452e-02 -3.5455283812e-02 -9.8708357864e-02 -2.6600223621e-01 2.2731161959e-01 -9.8901011897e-02 3.0865332805e-02
-5.6108261837e-02 5.2489898608e-02 3.7395563714e-01 3.9091020520e-03 -4.5412598488e-01 -3.9092027720e-01 -1.7169842954e-01 2.2165173417e-01 1.1406056642e-01 1.5034785683e-01
