-3.3111457501e-01 2.8360042302e-01 -5.4902901791e-01 -1.2148410897e-01 -1.7237480281e-01 3.4781830186e-01 -6.4536203825e-02 -2.7413029083e-01 -2.5127006489e-01 4.0247903931e-01
5.5541104472e-01 -1.8162357043e-01 7.6177850326e-01 2.7502614347e-01 3.0686654105e-01 4.4682294247e-02 4.2262675449e-03 2.3212014920e-01 -8.3357174041e-02 1.4606692040e-01
5.3689193854e-02 4.1999515517e-01 9.1420813581e-02 -1.8718013451e-01 -3.2628748624e-01 1.4739171143e-02 -5.5515503099e-02 -3.4080771787e-01 -1.7130976968e-01 -5.0024557339e-02
1.8648561859e-01 -1.8046715208e-01 -7.6714483781e-02 6.6665798891e-02 2.9641158493e-01 -3.3198646116e-02 -5.3905629993e-02 5.1981230219e-02 1.8659752484e-01 -5.9837679310e-01
5.9769674926e-01 -3.3797528692e-01 3.4363124524e-01 -1.6731154579e-01 -2.2056627989e-04 -5.4246802648e-02 -2.5230834873e-02 2.2571395799e-01 -1.0567855754e-01 -2.4376894073e-01
1.5028330043e-01 -5.6017601697e-01 -6.0037748534e-02 -7.9669180291e-02 1.8362972766e-01 -6.5743803070e-01 -5.4640657152e-01 -5.4434069849e-01 1.8618030666e-01 -5.6976406362e-01
-5.8620702042e-02 5.2242108801e-01 -7.2199019132e-01 -8.7308113670e-02 2.5157887265e-01 2.0563866372e-01 -1.5514951758e-01 -8.3084224602e-02 4.7832904697e-01 1.2729169756e-01
1.7436110767e-01 2.9986034446e-01 4.5446286775e-01 -4.2475719418e-01 -1.2904766763e-01 1.9286934108e-01 -1.7220293989e-01 -1.4907189965e-02 -4.4608232713e-01 -4.3990730415e-01
5.3816122441e-02 -1.0751020190e-01 5.0161076589e-01 -1.5609230360e-01 2.5694037924e-01 2.4655178856e-01 -1.2642182274e-01 -2.8597287268e-01 1.4930703346e-01 3.4541728320e-01
4.5032215533e-01 6.1113048045e-01 -3.5162748300e-01 -1.2078724365e-01 -1.1053655275e-02 4.6774821631e-01 2.9360563947e-01 4.3850442712e-01 3.9244812773e-01 5.3197238366e-01
