1.3918100037e-01 1.0638644929e-01 4.8342924600e-01 -2.1905779383e-01 -1.8918755993e-01 2.7337964141e-02 -6.3653096704e-01 5.6937709111e-01 -1.2364470000e-02 -5.9883901270e-02
3.4510677477e-01 2.6400226540e-01 8.3097411482e-02 1.6343501602e-01 -5.6115176400e-01 5.3994465389e-01 -5.1941010374e-01 -1.8055964935e-01 -3.5174118164e-01 -3.4120058207e-02
-3.0620053734e-01 -9.0885500340e-03 -1.7243304775e-01 2.1201359140e-01 -2.1438387667e-01 2.4785938258e-01 1.6519881965e-01 -2.5206398549e-01 3.2439066341e-02 -6.5628011025e-01
-1.0246461299e-01 -1.6869601097e-01 2.5533965350e-01 4.3545891887e-01 3.7397319508e-01 -2.5806911552e-01 -1.0855891324e-01 2.9318569108e-01 9.4439224523e-01 -2.1539167216e-01
4.3713401904e-01 -3.4104658199e-01 5.0218487503e-01 -1.6210844522e-01 -2.2912301120e-01 1.9700230832e-01 3.2988023370e-01 -5.8112175373e-01 -5.0464439637e-01 7.3049654844e-01
8.6916293708e-02 -2.1628597666e-01 4.2838558405e-01 2.5791033401e-01 4.3854899963e-01 -5.8649592246e-01 -4.2377654782e-01 8.5430791073e-01 -3.0640083333e-01 -7.2731933537e-01
-5.6437622437e-01 -1.9341680862e-01 -1.0104943172e-01 5.0153001413e-01 -1.7038316974e-01 2.4535214942e-01 -6.9895035301e-02 -1.5589098092e-01 -2.9504034007e-01 1.8058876671e-01
3.5346627649e-01 6.1292803468e-01 -4.7491411917e-02 -5.5080880863e-02 1.1025550588e-01 1.9738784028e-01 -2.2936322860e-01 3.0649611108e-01 2.8597825309e-02 3.0596287464e-01
1.9028351054e-02 8.0401702974e-02 -1.7095270844e-01 -4.0565613828e-02 -4.5491810032e-01 1.5832439851e-01 -3.7917812377e-01 1.6831340890e-01 4.2366025824e-01 3.1746190422e-01
4.5230336086e-01 3.4285097439e-01 4.9266577130e-02 -5.1298920006e-02 -9.7982873206e-02 2.9169976130e-01 -8.0152535303e-01 3.3485045219e-01 3.2859289021e-01 -2.6244557892e-01
