-2.6483455541e-02 -5.0814216169e-01 4.1275368018e-01 7.0624324357e-02 -3.1525027105e-01 4.1819270391e-02 4.6695773023e-01 -2.5640127412e-01 -1.6795990311e-01 -5.6953685936e-01
-4.7926604995e-01 2.1898356956e-01 4.5590724974e-01 -7.1475859770e-02 -5.4429806843e-01 3.4929188595e-01 -3.3497620885e-01 2.7186727720e-01 -9.3216579223e-02 -2.5670676604e-01
-4.4092318841e-01 7.3177438149e-02 -2.4726919057e-01 -3.9907036605e-01 -5.0603945076e-02 4.6268353921e-01 -1.5840933640e-02 7.3304473953e-02 -2.7319733664e-01 -1.3428360140e-01
-3.5019168745e-01 2.9539340268e-01 6.8533783108e-01 -2.8498677230e-01 1.7697300369e-01 7.3102199648e-02 -1.7427657962e-01 -4.7291263912e-01 -2.6631672220e-02 3.8976876404e-01
-1.8976104231e-01 -5.8817719646e-01 2.4807186632e-01 -3.1620710241e-01 -2.8055202675e-01 4.3037261075e-01 3.3794009704e-01 4.5101241110e-01 -2.1672120173e-01 -2.7748714213e-01
1.8424035395e-01 2.0677787834e-01 -1.4359218370e-01 1.9450446323e-01 -3.0845720327e-01 1.3027367548e-01 -3.3390210927e-01 5.1878808133e-01 -2.4382403062e-01 4.7903055317e-01
1.0350399362e-01 7.0768230969e-02 6.6308421713e-02 5.9737334976e-01 1.0720756396e-01 6.6192530487e-01 -5.2356525215e-01 2.9728354085e-02 -3.9855056791e-01 6.6164533381e-01
-3.9134206137e-02 1.1576011970e-01 -3.1871728939e-01 5.6234965184e-01 -1.1329320257e-01 -6.4752034526e-01 -1.3532658947e-01 4.4819356401e-01 -3.4405804478e-01 3.8897951685e-01
-1.4350828995e-01 1.8118923870e-01 -1.1499366884e-01 2.5157298230e-02 -2.3889620330e-01 -1.8094409897e-02 -6.3546661276e-02 -6.8401863855e-02 -3.5447624265e-02 2.5816514709e-01
-3.3351093643e-01 -6.5934545353e-02 1.8914495163e-01 -9.0228883510e-04 -1.9877885999e-02 1.0701467497e-01 1.6296025651e-01 2.0777075134e-01 2.3167867886e-01 1.1184271035e-01
