-2.8211685139e-01 3.7996088635e-01 1.1224664628e-01 1.4131685887e-01 7.4208085996e-01 3.3752758750e-03 5.2477772736e-01 -3.1621175051e-02 7.1161321475e-01 -2.6883048577e-01
2.2010611677e-01 2.4733818818e-01 -3.0574986756e-01 -3.0638349734e-01 5.5735948030e-01 -6.1984923737e-01 -1.1943526018e-01 4.3343092409e-02 2.4795194914e-01 -6.0046826376e-01
-8.4491660356e-03 1.2301340993e-01 -7.1857723972e-01 9.8100358131e-01 -8.8516980559e-02 2.4100174160e-01 -5.4719034005e-01 4.0470926133e-01 -2.7769708159e-01 3.8889788127e-01
4.9009375205e-01 2.8956190425e-01 9.0420988670e-01 -2.8802058530e-01 -2.6915232895e-01 3.8342855058e-01 1.7399447761e-01 -1.0464996881e-01 4.4874525498e-02 -4.1764552128e-01
4.0788724801e-01 3.1592149111e-02 1.2060603747e-01 -2.8522094885e-01 1.4337608484e-01 6.4742744088e-01 1.5180060443e-01 -1.6431147516e-01 -6.7935962589e-01 -4.4417601477e-01
-2.6452947965e-01 2.7576494171e-02 -4.9342664313e-01 -2.9389720405e-01 -2.2048530249e-01 -5.2426719410e-01 -3.3307478413e-01 -2.6839535688e-01 7.4968019642e-02 1.5806737138e-01
2.9363067603e-01 6.6228931644e-02 4.2229169679e-01 -1.4717817076e-02 1.7440689339e-01 6.0300473723e-01 5.5429364919e-01 2.8614232144e-01 -1.6853856196e-01 3.3028116186e-01
-1.2093733902e-02 5.0954447729e-02 4.7940249766e-02 5.2588432525e-01 2.3636981723e-01 2.8320783502e-02 2.0741627341e-01 5.4007439960e-01 1.0469762222e-01 -7.4625647360e-01
3.7578509326e-01 -2.8419577567e-01 2.5034334510e-01 2.3622343427e-01 4.1533278938e-02 3.7231397185e-01 3.8143727047e-01 -2.1788852534e-01 -1.0698650758e-01 -9.0633426165e-02
-5.7712672429e-01 1.0206940891e-01 -2.9592440282e-01 2.9517127375e-01 4.8462305198e-01 1.4477239454e-01 3.1825362864e-01 5.8829505233e-01 -3.3332490919e-03 1.4485122415e-01
