-4.2505076903e-01 2.1353220309e-01 -2.1292247289e-01 9.8188073330e-02 8.7673639544e-02 -2.2585954637e-01 3.2477537418e-01 -4.1944173545e-01 -3.1370764854e-01 -4.5499446332e-03
2.7280455713e-01 4.5290257704e-03 -3.3416250098e-01 3.1937499277e-01 -3.8640393065e-02 1.3570534535e-01 3.8022707651e-01 -9.3719548277e-03 -5.2079256356e-01 -3.5641359162e-01
2.9274095667e-01 -3.1446894884e-02 -1.7628129593e-02 -3.0128678665e-01 -1.9302178535e-01 5.4027691290e-02 3.0028722414e-01 -1.4375194694e-01 1.4857588722e-01 -4.3783873421e-01
2.4323634630e-01 -2.1684579360e-01 8.4303452693e-02 -5.2872614282e-01 7.4055014282e-02 1.2807393585e-01 -2.2135944961e-01 -1.1097812054e-02 -1.9552236338e-01 -1.9353711408e-02
2.9984024713e-01 1.8544884429e-01 -3.2590852633e-01 -2.1774383221e-01 4.8224707186e-01 -4.8775311401e-02 5.7428770132e-02 -1.5949433516e-01 -1.9098528399e-01 -4.1983500463e-01
-3.4862843074e-01 -2.9759234412e-01 -1.5716340099e-02 4.1788533344e-01 -5.2211300520e-01 2.4632572629e-01 1.6395705141e-01 -3.3795986937e-01 -4.6311618709e-01 1.9513818861e-01
8.7698338846e-02 -4.3923969947e-02 1.1346596326e-01 9.5705624371e-04 -1.0973763895e-01 -1.0198956455e-01 3.9045213801e-01 6.4728900407e-03 -1.2641224861e-01 -1.8481953876e-01
7.0328638115e-02 -2.9652108335e-01 -3.7270288294e-02 4.1369064844e-01 -3.5579166658e-01 -2.5756284960e-01 -3.8787309849e-01 1.7966576029e-01 5.5579554465e-01 6.8349626258e-02
2.3605033847e-01 5.6397941434e-01 3.4738299753e-01 2.3505300839e-01 -1.1274864195e-01 -1.4840911712e-01 1.1537771730e-01 -1.9402153116e-01 -1.9490083998e-01 -8.1533565898e-03
8.2993031070e-02 3.0158592197e-01 5.1009331639e-01 2.6214913617e-01 1.8025591390e-01 -8.9124171405e-02 7.8256289763e-02 3.7515025864e-01 2.8176442298e-01 5.7592122938e-02
