-4.1271758700e-01 1.4760419650e-02 -2.4125498754e-01 -1.0753710582e-01 -7.8753018198e-01 -4.2296846528e-01 2.6221292882e-01 -1.2663941701e-01 6.2567284122e-01 -1.5906321994e-01
2.5635251123e-01 1.8254808343e-02 -9.7083667516e-02 2.9223253463e-01 2.4778219484e-01 4.7977255139e-01 3.0496500968e-01 -5.1478568285e-02 7.7606198597e-01 -1.9898774151e-01
-3.6531299800e-02 1.2005021064e-01 2.1598365983e-01 -5.6520058934e-01 -2.8841822633e-01 -4.1101377201e-01 1.0062036230e-01 4.9783045309e-01 -1.2237788490e-01 9.9246846406e-02
4.4680439529e-01 -2.0424768171e-02 4.1711380767e-01 -3.3985015085e-01 -2.8472041586e-01 -4.4476355839e-01 1.8802343051e-01 2.2168133968e-01 -6.1556403038e-02 1.0532068724e+00
3.5221830227e-02 6.1300603502e-01 2.0608362603e-01 -2.8498066800e-01 2.7565420989e-01 -5.7847415759e-02 -3.9238455357e-01 4.4155865673e-01 3.1056238216e-01 1.4545347780e-01
1.3709093616e-01 4.9759026053e-02 -6.6894469121e-02 -2.0224104295e-02 1.5457204716e-01 -1.2657722634e-01 -8.0907265041e-02 -1.7368627739e-01 -4.6598790964e-01 2.9243883055e-01
5.2051423505e-01 5.0335533088e-01 -2.9227106903e-01 1.3285586899e-01 -2.0093225519e-01 -6.5529922297e-01 -2.4273282635e-01 4.0579063150e-01 -2.7562640505e-01 4.0530313749e-01
1.2182365621e-01 8.9905780918e-02 -1.7642032242e-01 6.8715054423e-01 3.0727463511e-01 1.2742123059e-02 1.7448129281e-01 1.6167855286e-01 3.5052718948e-01 -2.5568140436e-01
-4.2991173079e-01 -4.1531002461e-01 -7.7176916341e-01 1.4869526070e-01 -9.4059008243e-02 -9.4650038332e-01 -7.7257615322e-01 3.4888932792e-02 2.2301067134e-01 -6.2787839711e-01
-3.3140976700e-01 -2.8313774067e-01 -1.8316199449e-01 -2.0732383732e-01 1.3635641501e+00 -2.1422134821e-01 8.0055754128e-01 3.9493185179e-01 3.8856504591e-01 -1.3430209193e-01
