2.1876410610e-01 -3.2704126865e-01 -8.4900893637e-02 4.1630332286e-02 2.5634259025e-01 1.2266651410e-01 4.7849332796e-01 -9.1703983999e-02 -2.8452203035e-01 5.9720264258e-02
3.5848839694e-01 -2.5791897921e-01 1.0669231811e+00 -3.6150931542e-01 4.6802001403e-02 3.4587348984e-01 -4.3808371566e-01 1.4645494969e-02 4.4143069596e-01 -2.2135486126e-01
-6.7590139238e-03 3.8768668128e-01 -2.6239548362e-03 6.3073511390e-02 -1.8133288557e-01 -5.1514308341e-01 -5.9336435318e-01 -1.9110231252e-01 -3.3899032961e-02 5.7934119799e-01
3.4991255241e-02 2.6073067214e-01 2.1296393362e-01 -5.5854676621e-01 -5.7573673532e-01 -2.2840473531e-02 -4.2434530792e-02 4.0312263393e-01 5.9515310850e-01 9.0142494764e-02
-2.5487455051e-01 4.7060099371e-01 -5.0546378563e-01 -2.5598854418e-01 -6.9152399415e-01 -4.2673194494e-01 2.7701666445e-01 -1.8197491138e-01 1.9302466714e-01 5.5985081923e-02
-9.0688235670e-02 -5.9274751991e-02 1.3928102569e-01 -2.7470324169e-01 -7.1945686954e-02 4.6879982821e-01 9.4172616031e-02 2.6807916512e-01 -3.4635505550e-01 2.5336984011e-01
4.9159264720e-01 -7.9616506897e-02 -2.8067124221e-01 1.1166400695e-01 -5.5982960582e-02 9.0204069472e-01 6.1831337165e-02 4.1381109630e-02 -3.5334181742e-01 5.7747875492e-01
5.2385385380e-01 -2.3137282922e-01 2.9589795709e-01 9.0136624395e-02 6.9692957695e-01 2.1653928245e-01 -3.0497131890e-02 4.6926709645e-01 -5.5030664331e-02 7.9919513447e-01
1.3032177742e-01 -6.7790789218e-03 3.1943272327e-01 3.5540067108e-02 3.7073704542e-01 -3.8717705818e-02 -2.7150490096e-01 -3.5264188527e-01 -3.0700703194e-01 5.5340621541e-01
-3.5651217784e-01 3.5526593922e-01 -6.3803556657e-01 1.3292341710e-01 -1.4339388200e-01 -4.3357069399e-01 -5.0071156455e-01 9.5102351649e-03 -8.4699535643e-02 7.3962134746e-02
