-1.5504259456e-01 6.8237106313e-02 -3.3122431084e-01 -6.7124968970e-02 -6.4125217545e-02 -6.7798597694e-01 3.0007216892e-01 -1.3212099318e-01 -5.3856920922e-01 -3.5491971828e-01
-9.8770394201e-01 -6.4431861708e-02 1.1315025258e-01 8.5768248095e-01 9.0078493547e-03 -5.5629678472e-01 -1.6369507567e-01 2.7496295596e-01 -3.2917805662e-02 1.8526483555e-02
1.7718393450e-01 4.6393789437e-01 4.2413995499e-01 5.4704517867e-01 6.0918512494e-01 2.4034543982e-01 -9.3676222665e-02 9.9530320693e-02 -4.1051145301e-01 4.9626627620e-02
-6.6348706293e-02 2.0030520104e-01 -4.1416476482e-01 1.6665329466e-01 4.2720143155e-01 -3.1963437457e-01 1.5032828787e-02 -2.8962340080e-01 3.1125488397e-02 5.1208371032e-01
5.1038201025e-02 2.1770788407e-01 -2.1857523163e-01 -2.6163195287e-01 -2.9777963894e-01 -2.0120562222e-01 -3.2652267849e-03 -1.5962462219e-01 -1.7316721720e-01 -1.1323822729e+00
4.0808642851e-01 -2.8900869771e-01 -2.6486661758e-01 -4.1586141615e-01 3.2556102268e-01 -6.4274424883e-01 -3.9819736008e-01 4.9530046572e-02 -2.8368275338e-01 -1.6311567419e-01
7.6400009793e-02 -3.8042580473e-01 1.9973163314e-01 -2.1656752516e-01 3.3927215073e-01 -5.9335234554e-01 1.7063171908e-02 -5.9370512664e-02 -6.1479982783e-01 3.8962094759e-01
-3.9124472798e-01 1.9509195704e-03 -2.9336559093e-01 2.7053580934e-01 -7.1532416862e-01 3.0114977165e-01 2.2461503505e-01 2.0407509437e-01 -4.6414259152e-01 -1.0851536143e-01
-2.2535629697e-01 2.4626646603e-01 -7.1473930136e-02 1.0340598117e-01 -9.2256440411e-03 -1.1280636406e-01 -5.9453516404e-01 4.2855101557e-01 -3.1210967894e-01 -1.8019366476e-02
1.8699895475e-02 2.7475699873e-04 -2.4482469870e-02 4.7567619735e-01 7.9636864983e-02 1.5312893443e-01 2.0631068613e-01 5.1865808534e-01 -7.9217718423e-01 7.0380219640e-01
