3.5252636339e-01 -6.1787546874e-01 4.3906198351e-01 1.8524506340e-02 -7.8400164375e-01 -3.8446529056e-01 -2.4852660733e-01 -1.2544792778e-01 7.0206708350e-01 2.1714831849e-01
-1.7912001795e-01 1.6325912536e-01 -2.8769642792e-01 -3.0691767596e-01 -2.0817109367e-01 -2.0353376268e-01 3.9503759110e-01 3.8320112131e-01 -8.7774106573e-01 -4.5811896760e-01
3.4842282313e-01 -6.2278956636e-02 -5.5936125031e-02 -3.2314624569e-01 5.0358848845e-01 -2.2228108845e-01 1.0078944120e-01 -1.1455984978e-01 4.7554813664e-01 8.6482134938e-01
-2.5460154810e-01 2.2173194131e-01 5.4102859299e-01 8.0041292049e-02 -6.1468877285e-02 2.3131947305e-01 -5.1465748968e-01 2.0703045852e-01 2.4007103027e-01 -4.2458452633e-01
5.1788737993e-01 6.7253810451e-01 -2.9373529520e-01 -5.8620940062e-01 -3.1139730454e-01 -1.0272838453e-01 -5.8997705252e-02 4.4250341780e-01 -4.3192260575e-01 6.2162570040e-01
-2.3329507381e-01 -2.0708791018e-01 1.7226030116e-01 -4.2961671960e-01 3.1087486037e-01 2.0915423331e-01 -5.8622096822e-01 -5.5499900627e-01 4.2016354497e-01 4.9968424066e-01
-9.0945830323e-02 1.3783696396e-01 9.0899893777e-02 -1.2858446311e-01 2.1517089084e-01 -5.8923316620e-02 2.0829299806e-01 6.2886148756e-01 -5.5077979841e-01 -2.8460616730e-01
-5.7326943626e-04 -8.9163501310e-01 -1.8208043489e-01 2.5591070191e-02 2.1406981675e-01 2.4844785085e-01 -4.2796065869e-02 -5.4977552529e-01 -2.5341241367e-01 1.9175787622e-01
5.9867001599e-01 -8.2159939255e-02 -2.1625353746e-02 2.4928745009e-01 -2.0073705634e-01 6.2331958566e-01 2.7414597152e-01 1.8047969875e-01 2.3993380907e-01 3.5158854686e-01
3.2548143511e-01 -4.1229191317e-01 -3.1748887942e-01 -3.7964850190e-01 2.2033714371e-01 -1.5562903222e-01 -7.1522160899e-02 3.7523996179e-01 -9.5844053697e-03 8.6760800428e-01
