-8.1546800362e-02 -2.2851859179e-01 4.2313810056e-01 -5.3466931671e-02 2.9246716619e-01 -1.9105534835e-01 -5.0834887940e-02 -1.0154023520e-01 3.0016053259e-01 3.2869877089e-01
1.4091468407e-01 -3.8859846614e-01 2.7760883612e-01 -5.4243605449e-02 -1.1590880483e-02 -2.6559958081e-01 1.9075647098e-02 -3.6291027817e-01 -3.7443100230e-01 -1.4602460348e-01
-1.3496940410e-03 3.0102348143e-01 2.9642155264e-01 6.6422604545e-01 3.9032487366e-01 -1.7179072871e-02 -7.7131637676e-01 -4.4856444382e-01 -8.4574396373e-02 -3.9258527461e-01
1.0018319730e-01 -2.2157290751e-01 -2.8910256285e-01 -2.4880801578e-01 -1.1197550634e-01 4.9766125677e-02 6.3024108700e-01 2.9098728049e-01 1.6944456788e-01 7.6777926232e-01
3.3465460747e-01 2.7377855572e-01 -1.5784480339e-01 9.5298502437e-03 2.9521592600e-01 -1.4258605078e-01 4.4178967817e-02 -9.0785841097e-02 -3.0664065180e-02 -2.5983261379e-01
-3.5832592766e-01 -1.8368317273e-01 -3.1222037357e-01 -3.7537357581e-02 1.1939962070e-01 -4.9230303245e-01 -5.0993607019e-01 7.0890497606e-01 -1.0861904944e-01 6.2077536946e-01
7.8437248624e-01 -4.3503845236e-02 -2.7554753274e-02 -2.3254114210e-01 4.4925776128e-02 3.4189775006e-01 7.7152057709e-02 -8.2741902806e-01 -1.4796839035e-01 -5.0298493549e-01
-1.7434883674e-01 4.1961240900e-02 -2.2324271638e-01 -1.4989932802e-01 -2.3560941419e-01 -6.0204510191e-02 8.5059560781e-02 -4.0646409983e-01 -2.2837951678e-01 -1.6101964497e-01
-2.0341429331e-01 2.2463115657e-01 -1.7952214258e-02 3.6935822679e-01 1.0436249732e-01 -8.8472288798e-03 6.8401666081e-01 6.6323990082e-03 -4.0745604318e-01 4.6127065586e-01
1.3280822231e-01 -1.2609122562e-01 -3.3503629183e-01 -3.6115967131e-01 -2.0171075359e-02 -4.5084888520e-01 9.3901876778e-02 1.2970463089e-02 -9.7346005876e-02 1.6466682571e-01
