-4.3809378039e-02 2.6597616704e-01 -4.0098101064e-02 -1.6109651252e-01 -2.6679747180e-01 1.2391046875e-01 1.9479729703e-01 2.6854139498e-01 6.3817751671e-01 -9.2419277489e-02
1.5960498981e-02 -7.4751396920e-02 -1.4894134214e-01 -2.6241458576e-01 -6.6407492236e-01 2.2708716307e-01 -4.3645363635e-01 1.0482493190e-01 2.7451506618e-01 -1.1873141123e-01
-9.6184915803e-03 -1.6842563840e-01 -3.0839942568e-01 -2.5933289638e-01 -1.4640003623e-01 6.9479563875e-02 -1.0863486828e-01 3.7097094436e-01 8.7684177499e-01 8.4733123142e-02
-9.0394157987e-01 9.7998241808e-02 -7.1362681627e-02 2.2560917305e-01 8.5128889236e-01 -3.3570294313e-01 3.7386185181e-01 -3.3329571798e-01 -3.2676217730e-01 3.5402045169e-01
3.6886317754e-01 -4.7034415212e-01 -3.3676876290e-01 -2.3834037986e-01 7.1648358587e-02 -4.9519811859e-01 3.3136346703e-01 -3.0310881466e-01 -7.3680189750e-01 9.3936019949e-01
8.6091336236e-01 -5.7065987723e-01 1.6652950346e-01 1.6791757443e-01 1.2351920360e-01 -6.3120774976e-01 2.0422352212e-01 -4.5193153262e-01 -4.4019464044e-01 1.4880273472e-01
2.5930607367e-01 3.2541276268e-01 3.1373804097e-01 4.9600777176e-01 -5.7430878225e-01 -6.4193099061e-02 6.7121395267e-01 2.9194806374e-01 -6.8958040350e-02 -3.7282640866e-01
-1.9602518047e-01 2.2707227867e-01 8.6252818462e-03 -1.8824190021e-01 3.5326491035e-01 3.0062854459e-01 -6.2400036673e-01 2.1908631496e-03 1.0497305904e-01 1.0471751445e-01
-3.9599214530e-02 5.0658847549e-01 -1.9465017083e-01 -3.1297073104e-01 1.4247531337e-02 -3.4591895361e-01 5.6058898403e-02 -3.9830112699e-01 1.6849236030e-01 3.5464719294e-01
-5.7663197839e-02 7.0600017258e-01 -3.0865466006e-01 4.8715671270e-01 7.4299806862e-03 5.5852842551e-01 4.5774092131e-01 6.0328612723e-01 2.4955326261e-01 -1.4521392067e-01
