-2.9310300555e-01 2.7979139045e-02 5.4290743858e-01 -3.8548943258e-01 4.7494365995e-01 -5.6856756800e-01 3.3948155635e-01 -8.9792851774e-02 -3.3287241669e-01 1.5373594939e-02
-5.7160357124e-01 8.8094166571e-01 2.6349118638e-01 -2.8140663559e-01 1.2595754622e-01 1.0444324088e-01 2.6447820694e-01 -2.6063254647e-01 3.6564479060e-01 1.6943414160e-01
-7.8070997006e-02 1.2232475011e-01 -2.4284566399e-01 1.3391081922e-01 6.9947334721e-01 9.9912501698e-03 1.3472341277e-01 -4.4083623442e-01 -2.1724577422e-01 1.8376046264e-01
1.5088699987e-02 7.5161389048e-01 -7.9433919777e-01 1.3789836358e-01 -5.7125221257e-01 -5.0928352622e-01 -2.3105231047e-01 -2.7590278249e-03 1.7062427242e-02 1.4813955901e-01
8.7029969821e-02 -6.8915654626e-02 4.7250079732e-01 1.0759721146e-01 -1.4768912684e-01 9.4172258994e-02 3.0634522833e-02 1.4278613654e-01 -1.0580674586e-01 -4.0080315694e-01
-2.0125165235e-01 -2.3402060460e-01 5.3045176767e-01 3.3378520175e-02 -4.4847342174e-02 -4.2506907404e-01 -9.5244804301e-02 -1.1260798497e-01 2.3864517247e-01 1.1658938880e-01
-8.7030320866e-03 1.0691785861e-01 -3.2324306551e-01 1.6143921751e-01 6.2023496551e-02 2.8286169075e-01 2.9983214432e-01 3.0416877508e-01 1.2734604635e-01 -1.1683783045e-01
-1.9210186856e-01 4.9513178533e-01 -4.1407935969e-02 -3.4450761445e-01 -4.8522018890e-02 -2.9714407343e-01 -5.0936531459e-01 4.6605387283e-01 2.2368539719e-01 2.7649900125e-01
-2.7836959372e-01 -2.6721900435e-01 -2.7440451342e-01 -3.7280461180e-01 7.4767561339e-04 -7.7970293607e-01 -2.6108646557e-03 -4.1163549897e-01 2.4135863157e-01 1.0270637630e-02
-1.3533338183e-01 6.3013113945e-01 1.4340254879e-01 3.8828902792e-01 1.0396611117e-02 -1.6770864436e-01 -3.2900952450e-01 -2.4210529693e-01 6.5368700517e-01 -1.1351328350e-01
