3.1713255383e-01 -1.5096702544e-01 -1.2088926799e-01 -1.2003329457e-01 4.8880073966e-01 6.0682179197e-01 -4.9729564450e-01 -2.5431183455e-01 -2.0697150334e-01 5.7209959314e-02
1.0418528755e-01 -5.7386997359e-01 1.2889773304e-01 -8.9561180470e-02 1.1753770158e-01 6.6544077809e-02 -1.1914941605e-01 4.0990051511e-01 4.3277738806e-02 5.0424342937e-01
1.4029839780e-01 -6.2550924942e-01 3.2212536402e-01 -1.3525921543e-01 -3.6364553129e-01 1.1435403801e-01 -1.7014590715e-01 1.4767344463e-01 7.5004476962e-02 -3.8646891591e-01
-1.0484587532e-03 -6.8389001369e-02 -5.5236129952e-01 -1.5189613540e-01 -1.8111963793e-01 -3.7454624583e-01 -7.6204947006e-02 3.2674882878e-01 -3.2099254251e-01 -3.6815558528e-01
2.0150089687e-01 -3.2130053104e-01 -1.5231811348e-01 -1.3874767246e-01 1.7617781499e-02 9.0267478507e-03 3.2129187408e-01 -2.7168149346e-01 -1.4610204716e-01 4.8557850337e-01
1.9210059659e-01 -6.7501326448e-02 -9.5793162526e-02 1.5658087230e-01 2.6897476771e-01 9.5776749688e-02 -5.4008305151e-01 -2.4017925189e-01 1.2244190986e-01 3.8106166943e-02
-2.7065652747e-01 4.1867155312e-01 1.6858935164e-01 -8.9245388335e-03 1.1867563920e-01 6.9241591965e-01 -1.1025279858e-01 1.4740332748e-01 1.4185588622e-02 2.6368034585e-01
-5.1483130354e-01 -4.2620959346e-01 -1.6527009180e-01 -7.3584999604e-02 1.9930087987e-02 -6.4054241836e-01 2.7354626266e-03 7.6605999453e-02 3.0180580830e-01 2.8566153063e-01
2.0373763960e-01 -2.6472831239e-01 7.4790405683e-01 -3.6427012846e-01 6.2470942451e-01 -4.4003765053e-01 3.6615043113e-01 7.2805279253e-01 -2.9636732658e-01 3.3208244582e-01
-5.8095824265e-01 -2.3061928639e-01 1.5222052669e-01 -9.2205121928e-01 -7.1078683158e-02 -3.1840209060e-01 -5.5464753843e-01 -4.8979555012e-01 -7.8916052915e-02 4.3444369558e-02
