-3.6095294861e-02 -1.2614569090e-01 2.7272125429e-01 3.2881714639e-02 -1.9949019424e-01 -3.0000982445e-01 -3.8095594004e-01 7.3821945296e-01 -4.4616605672e-02 2.0118929931e-01
-3.4142376083e-01 2.9444293004e-01 -5.1814102474e-01 -7.0676256365e-02 -3.0210463067e-01 -2.5987083442e-01 -1.1601302037e-01 -1.1970173595e-01 -5.8140434137e-01 4.0956836569e-01
-1.9496365814e-01 4.2688181824e-01 -1.7417344166e-01 -3.3500375121e-01 1.0207344434e-01 5.6567852521e-02 -1.9193025179e-01 7.0923620209e-01 2.2204568084e-01 5.1938193714e-02
-4.8657051721e-01 4.6841747272e-01 6.2858679324e-02 -2.8251473732e-01 -4.1661155426e-01 1.2782401283e-01 -7.7617820336e-02 1.8357380397e-01 3.5166835657e-01 -1.8627870850e-01
1.6351643764e-01 -3.6662545547e-01 -3.2561294980e-01 -3.4312027358e-01 5.3032283112e-01 3.6854680903e-02 2.3475664537e-01 -7.2149446782e-01 5.4494451161e-01 2.8015085498e-01
-7.7806261235e-01 -5.5655771608e-01 -7.9663699161e-02 5.6739415343e-01 1.9744200331e-01 -6.6026884205e-01 1.0957313834e+00 -2.4832298954e-01 -9.2022334350e-01 5.0497205225e-01
2.5232120773e-01 -1.3769524512e-01 -2.4983832341e-01 -3.9037513399e-02 1.6637292719e-02 2.2526273049e-01 -3.3241531490e-01 -3.3911010257e-01 -2.0937783389e-01 -1.5937308752e-01
2.0950729396e-01 2.1761462429e-01 -1.3957307761e-01 -2.9745630632e-01 -1.2754309326e-01 -4.0367702296e-01 3.4949289019e-01 2.0554795088e-01 -5.0702831759e-01 2.1894894611e-01
4.8966463425e-03 -1.2489982261e-01 6.9635828213e-01 7.1515962462e-01 5.0793648137e-01 2.2382821794e-02 4.5466383295e-01 -1.6470955369e-01 5.1950760722e-01 -4.9842375700e-01
1.5330087986e-01 5.8939969918e-01 1.1704951340e-01 7.5055405880e-01 -4.4698115316e-03 -2.7274222220e-01 7.8866712674e-02 3.7487016761e-01 4.3566346345e-02 2.1381967353e-01
