2.3963692958e-01 1.0210248943e-01 -1.4617900767e-01 -3.8521999932e-01 -5.5402902119e-02 4.9055306235e-02 -6.2115306239e-02 -6.0866828351e-01 1.2482516780e-02 1.3722730933e-01
-2.1050012483e-01 5.5813178327e-01 1.8184326673e-01 3.6484021134e-01 -3.1369499919e-01 5.7854389267e-01 1.6237708520e-01 -1.6186460917e-01 2.4546193788e-01 -4.3345433946e-01
1.5737703196e-01 3.9948923316e-02 -9.4579339669e-02 -2.5533446184e-01 3.5101175243e-01 4.6723698203e-01 5.3424876258e-03 -1.4791501080e-01 3.1311180133e-01 -6.1785395870e-02
-3.4068086841e-01 6.8647252472e-01 -5.1893705722e-01 -1.4127952049e-01 2.9588675208e-01 -6.1160682142e-02 -7.8509568687e-02 2.9843524337e-01 9.1686288734e-02 4.1872665705e-01
-1.6474726976e-01 -3.0863147526e-02 5.8051419936e-02 6.2273668820e-01 8.0135112329e-01 -1.9789999247e-01 -2.1598233654e-01 -4.4263410947e-01 3.1921243494e-02 2.7000463260e-01
-1.6571321242e-02 -6.6297171143e-03 5.3757284735e-01 -1.2492737160e-01 -6.6792869474e-02 -2.3826532055e-01 4.1796175249e-01 8.1131198727e-03 1.7071500126e-01 -4.0243694556e-01
-3.5235528798e-01 -6.8200579015e-01 -9.3206705137e-02 5.0175368865e-01 3.1846172094e-02 -4.2233037965e-01 1.6579045035e-01 1.6583511857e-01 5.9316113616e-03 -1.6356526562e-01
7.1663712099e-02 1.7639651391e-02 -5.9552866804e-01 -2.4972735859e-01 5.9242105728e-01 5.3624644547e-01 1.5861174369e-01 5.5411654099e-01 -2.4703919850e-01 4.6174163952e-01
-3.2721487522e-01 -4.3621668663e-01 -5.2122944663e-01 3.8965144720e-01 2.3239204207e-01 2.0811030921e-01 5.7528388500e-01 6.6312769886e-01 -2.9970824068e-01 -8.8120912661e-02
-1.1196879264e-01 -3.9487944718e-01 8.4950986891e-02 -6.6823061549e-02 2.9926632719e-02 2.6732465287e-01 -1.1943648744e-01 3.8436591826e-01 -4.7617086234e-01 6.7399223595e-02
