-1.4986979533e-01 6.0828272246e-01 4.4271319097e-01 2.5861508008e-01 5.1969256003e-01 2.6975219243e-01 -4.2921675949e-02 -4.9319298751e-01 -2.7298488369e-01 -2.5984918891e-01
2.3691724231e-01 2.3171863993e-01 -1.6885933374e-01 -2.2476159334e-01 -6.7089610860e-02 -6.8024529883e-01 -6.9320152984e-03 3.3632490236e-01 8.9104668625e-02 5.5418910092e-01
1.7426987749e-01 2.9150385739e-01 4.6400018547e-01 -7.5633470815e-02 7.3454615781e-01 1.6939577432e-01 -1.0176873732e-01 -8.8092588512e-02 2.2710534997e-01 6.2364874176e-01
4.7135856374e-01 -5.1957788005e-01 -2.3752492380e-01 -2.0442577297e-01 -1.5933390863e-01 3.3230535923e-01 2.5638894926e-01 3.7765723180e-03 4.0668514036e-01 6.8105471744e-02
-3.2010882625e-01 -1.4993445980e-01 2.1871647913e-01 1.8043777044e-01 8.6857805806e-02 5.1336974640e-01 -2.9634329801e-01 1.1108294705e-01 1.5638579335e-01 -2.5160519848e-01
5.0421283261e-02 8.8330699415e-02 -1.9887887780e-01 2.8665935442e-01 1.8275872672e-01 5.6941260385e-01 -1.9810356243e-01 -1.1933153482e-02 -2.6640722260e-01 7.3663110663e-01
4.4674241123e-01 4.0603233602e-01 -5.4190696417e-01 2.7614301271e-01 -5.0193487241e-01 4.1822240812e-01 2.1445518142e-01 1.5898792314e-01 4.1920207644e-01 7.6425632993e-02
-2.1265133901e-01 -3.1258091986e-02 4.3689492471e-01 -2.8507782437e-01 1.9760576593e-01 3.6878761330e-01 -4.5360182108e-02 3.4307547488e-02 3.4305442002e-01 4.2660837721e-01
-4.5451208096e-01 -8.7694747178e-04 -1.5582083427e-01 -8.8068578477e-02 -1.4834325698e-01 9.6436672202e-02 1.6365582595e-01 2.8385801890e-01 2.0012654415e-01 -1.0850233739e-02
-3.9096276026e-01 -1.5261409795e-01 -6.5846197421e-02 -6.0504422607e-01 1.1191204290e-01 1.1541542391e+00 -2.8584963300e-01 1.5067610974e-02 -3.6438642782e-02 1.6723178636e-01
