9.0922751239e-02 -3.2920744923e-01 -5.9681047730e-01 -5.4761612858e-02 -2.9343232106e-02 4.3630923554e-01 2.5881948348e-01 -2.9274267328e-02 1.2382945634e-01 -9.3610783627e-02
-3.5459278522e-01 -3.3985401034e-01 -6.4518289791e-03 -3.1729781747e-01 6.1106388122e-01 3.2565090956e-01 1.4449684415e-01 1.0477602588e-01 2.5833563088e-01 -2.2597288373e-01
-1.2100265073e-01 -2.7476128604e-01 3.7272160140e-01 3.4743210921e-02 -4.0677711017e-01 1.9961878775e-01 -2.8184436395e-01 -1.2709370924e-01 3.0265688268e-01 4.6653036090e-01
1.8674299421e-01 -1.1655632344e-01 1.0838810737e-01 -2.6431898095e-01 -3.2082055722e-01 -3.9073307508e-01 4.5516338256e-01 -2.3742495274e-01 -7.2617149954e-01 -3.2355996881e-01
-2.8335269033e-01 -4.0722412503e-02 1.0567163435e-01 1.8828291580e-01 -7.7438568358e-01 -3.5395827237e-02 -3.2560635169e-02 7.4600189543e-02 2.6298372487e-01 3.6081471918e-01
-1.1348344624e-01 -3.2850308579e-01 3.0493229816e-01 3.0230304745e-01 2.8898350139e-01 1.3495988958e-01 -8.3530881047e-02 6.0792401282e-01 -4.3091603194e-01 1.5483073312e-02
3.9704784052e-01 1.3273877567e-01 -6.7226960712e-01 3.1346550449e-01 1.0887040856e-01 -2.4934129187e-01 -4.5092502929e-02 1.4374224074e-02 1.0604133921e-01 4.4140548281e-01
8.2745704751e-01 -7.5114724820e-02 -9.3301625318e-02 -2.0661432679e-01 -6.7448798799e-03 -3.1409278721e-01 3.1704004949e-01 -6.9441888257e-01 -2.5217961923e-02 2.1141559248e-01
4.4900174980e-01 2.8107488389e-01 -3.1731223132e-01 -1.1014812502e-01 9.7072134777e-02 2.0742345663e-02 -2.6207276955e-01 3.4733406493e-01 7.2187397903e-02 5.5002973062e-02
2.2796472866e-01 -1.5863023886e-01 -4.0142503421e-03 2.8637434011e-01 3.3039703855e-01 -4.6378867784e-02 3.4036185053e-01 4.1805734515e-01 -1.1041203140e-01 2.7848094045e-02
