-2.4596617381e-01 -3.2516058343e-01 -2.5765916685e-01 6.3422378349e-01 -2.7509447494e-01 2.1690831375e-01 3.3106544157e-01 3.0772993874e-02 -4.7107654202e-01 9.2397532422e-02
4.4441075970e-01 -1.2157273011e-01 1.0720404484e-01 -3.4696736573e-02 3.7666246996e-01 -1.0597733400e-01 4.2921634591e-03 -1.5011774843e-01 3.2659521546e-01 1.3198989765e-02
-3.6783339550e-01 -2.9953130132e-01 3.0696119750e-01 2.8068170450e-01 2.4127126622e-01 6.2307565446e-02 -5.1666808204e-01 5.0774361618e-01 1.8780314431e-01 -2.9823018134e-01
-1.0713046909e-01 7.8178580903e-04 2.2413851005e-01 2.0890348638e-02 3.3879504029e-01 4.4234213951e-02 -1.3066973228e-01 5.3573313210e-01 6.4570255367e-01 1.9512570475e-01
-1.3656601926e-01 4.7547798129e-01 3.4785424856e-01 -1.8034900967e-01 -7.9269816600e-01 1.1029347195e-01 -1.3052023170e-01 3.5628321078e-01 -1.1739523841e-01 5.9422445859e-01
1.1834034222e-01 1.1712756083e-01 -4.6702536232e-01 5.1089631635e-01 5.8552483896e-01 -1.6426924557e-01 -5.6323941599e-02 6.1400585020e-01 2.9983521775e-01 -3.7126210729e-01
-7.4044598510e-01 4.0362764479e-01 -7.4112291159e-01 -1.5064232003e-01 6.6979563925e-02 7.4107361180e-02 -2.7350152425e-01 2.4846236055e-01 -4.2455931522e-01 -6.4649395505e-01
-3.3743903155e-02 2.9439899751e-01 -7.1893464776e-01 -2.2431217595e-01 -4.2288946659e-02 2.1232972912e-01 4.2094930003e-02 1.8530244922e-01 3.1957760560e-02 -5.6231295083e-02
8.2038824502e-02 6.3648686280e-01 -1.1251161846e-01 1.0452600900e+00 -8.7631383919e-02 -3.2400267428e-01 2.2242118879e-01 1.0288388592e-01 -4.7929314474e-01 6.1256456938e-01
1.5959383963e-01 -1.8715617194e-01 -9.6721150532e-02 4.6446176000e-02 1.2578973451e-01 -2.7650398357e-01 2.5486353613e-01 2.3738687498e-01 2.1651153058e-01 5.2199954267e-01
