4.5409862979e-03 8.0432572877e-02 7.0357114754e-03 -6.9833206177e-02 -4.9670894075e-02 2.5377759223e-02 -1.1406523646e-01 9.4421700880e-02 -1.5930044011e-02 -5.7289232227e-02 -4.7350452341e-02 1.4216066470e-03 -7.5854518748e-03 6.4384334035e-02 -5.0850451956e-03 4.5958037944e-04 1.9529274078e-02 -2.0599597637e-02 2.3263688240e-02
-2.4685097359e-01 1.9774126113e-03 1.7458877827e-02 -2.8357046030e-01 -3.1386033721e-01 -2.2703389980e-01 -4.0407698365e-02 -2.0996475952e-01 3.8274912406e-01 3.2341094198e-01 2.5810039480e-03 -2.3416444510e-01 2.5459034250e-01 -1.1175961091e-02 2.5594445471e-01 -9.6089429278e-02 3.0947661103e-01 -1.1248196692e-01 2.7638028506e-01
-1.1137081921e-02 3.3277745510e-02 -1.7652635458e-01 -8.4136127547e-03 3.5285131146e-02 -4.3133340460e-02 1.1524869874e-01 1.9418285758e-01 -3.7108063027e-02 -6.6711592381e-02 -1.3549149321e-01 1.1967664486e-01 -9.5583594218e-02 -8.4991328720e-03 -6.3107136421e-02 1.8950274055e-01 -5.6338561950e-02 -9.9981654782e-02 1.4288011962e-02
-1.0514249987e-01 -2.1537620317e-02 4.5726009870e-02 3.3211283090e-02 -2.2166371601e-02 2.5174975454e-02 -8.1287484982e-02 9.1415605586e-02 1.7179548054e-02 -6.5010512959e-02 4.3458017842e-02 -3.6091630595e-03 -1.5447822897e-01 -1.0156041145e-01 -1.4949709162e-01 3.0334852681e-02 -1.7365790344e-01 3.2844696990e-02 -1.7868341242e-02
-1.1105617434e-01 4.1101220433e-02 1.1658390526e-02 -6.4230546090e-02 -6.9391872567e-02 1.2846592714e-02 -5.7554596507e-02 4.2602861149e-02 7.3880733799e-02 2.0657377941e-02 -1.4669609244e-01 -2.7365296043e-02 6.9082642214e-02 -1.4104040190e-02 -3.0161697495e-02 -8.6606802027e-02 -1.4545701045e-02 6.8244481947e-02 -8.1591284205e-02
-6.6193598296e-02 -5.9477379902e-02 -5.9409934719e-02 -9.3958917661e-02 -1.1902620021e-01 -1.5209730300e-01 6.5684789131e-02 -3.6511942549e-02 1.6944853968e-01 1.4429109876e-01 1.3906784605e-02 -6.2583237447e-02 1.9927709581e-01 -4.5372275205e-02 1.4780684252e-01 9.4348212026e-02 1.1809712575e-01 5.8821476409e-02 1.5690842574e-01
2.4397388036e-02 1.7988356297e-02 1.7933712652e-02 -5.8572018118e-02 1.0727406998e-03 9.4469688936e-02 1.2401880542e-01 -2.9000113940e-02 -2.4517044443e-02 -1.1332671030e-02 -1.2133655201e-01 -4.6589345983e-02 7.5682994478e-03 -1.3426646732e-02 2.2412821038e-01 1.6373183392e-01 1.5609065194e-01 1.8271145395e-02 1.3444523221e-01
4.6018533123e-01 7.2842343917e-02 -5.5783466077e-02 4.9727230659e-01 3.6647977572e-01 4.9772590944e-01 2.9248116435e-01 3.7971097180e-01 -2.9678452111e-01 -5.4046208259e-01 -1.1993499549e-01 4.8984684946e-01 -4.5254038902e-01 5.1511598991e-02 -4.1257493768e-01 5.0995490872e-01 -4.4026831533e-01 -3.7925313539e-02 -1.9744587029e-01
2.3968609850e-02 6.5910659463e-02 8.6041989290e-02 -7.7931038545e-02 4.2214215476e-02 -4.8880356552e-02 5.7851648211e-02 2.6730694419e-02 6.4095655611e-02 6.1123552453e-02 1.0830283366e-01 1.3491224513e-02 -1.0468412889e-01 1.1407977376e-02 -1.5833905094e-02 -8.5914358458e-02 -5.3999546447e-02 -1.6224070248e-03 -5.0966377895e-02
6.8036967950e-03 -4.1665201890e-03 -5.7638354139e-02 3.4596721193e-02 -6.9773416260e-04 1.6062138511e-02 1.3780064421e-01 5.4954386909e-02 -2.2798445421e-03 6.4544231230e-02 -3.0138925907e-02 1.0130350894e-01 -3.1199890895e-02 -5.2142844272e-02 5.4850754315e-02 1.4111391848e-01 -3.0251221673e-02 3.5190200005e-02 7.1931487796e-02
1.0674714322e-01 -3.7719878115e-02 -6.8957814857e-02 8.3756480570e-02 2.5590962580e-02 1.3619816318e-01 4.8524994231e-02 4.3681552153e-02 -2.3322188560e-02 4.4104994829e-02 -1.6734620596e-03 1.2059706957e-01 2.0634836062e-02 2.4943883110e-02 -3.1542842479e-02 2.2031921452e-01 4.9233202977e-02 -1.0247047649e-01 -1.6192172178e-02
-7.3412728338e-02 -1.4929466305e-02 -4.5507153131e-02 -3.3744039976e-02 -9.3327785553e-03 8.2725769010e-02 -8.9654563970e-02 -4.7525960876e-02 9.1751030661e-02 1.6425680379e-02 -5.8510648937e-02 3.0969376032e-02 1.3507395493e-02 -5.3638636361e-02 1.4581908971e-01 1.2259218000e-01 1.3421574145e-01 -1.4420408987e-02 1.1965785478e-01
-4.9512048710e-02 -2.0121495246e-02 -9.8665504015e-02 -1.3837181548e-01 -9.8687903053e-02 8.8112418586e-02 -1.0870100275e-01 4.0939207393e-02 5.0343101057e-02 -8.1965496312e-02 -4.6162009898e-03 -8.3612305400e-03 2.2170851782e-02 -3.7024408253e-02 -6.5010770200e-02 3.4952962141e-02 3.8573775094e-02 -3.6262107031e-02 -6.2051847614e-02
-1.0004338405e-01 3.6426333218e-02 -7.7225759705e-02 -7.1671783936e-03 -1.6612790572e-02 -6.5827021027e-04 2.4598829149e-02 1.8528318299e-02 5.4942414747e-03 4.4932864993e-02 -1.1242159584e-01 5.8658649456e-03 2.0008561425e-02 5.2360437982e-02 1.8665536998e-01 7.8289152170e-02 4.1646234676e-02 -3.8751177004e-02 2.0993918778e-01
-8.8824917109e-02 5.0666321135e-02 4.5262446727e-02 1.6990378354e-01 5.5060023947e-02 -2.3131737285e-02 7.3896444180e-02 -4.7268262035e-02 3.2244707724e-02 6.9608582268e-02 1.2394360324e-01 3.5648766056e-02 -4.2322564422e-02 8.7489959630e-02 1.1124716252e-02 3.8515162530e-02 1.8125034031e-02 7.6606951525e-03 6.5027648083e-02
-1.1178066602e-01 -3.4966458075e-02 -7.0524795342e-02 -5.1009523859e-02 -8.8959543017e-02 -3.9993211469e-02 -1.6651072180e-02 -4.0948733142e-02 1.7941631743e-01 6.3809215014e-02 -2.0540739230e-02 -3.3967535550e-02 1.9800255775e-02 -1.0896028177e-02 4.0549141067e-02 1.5659914519e-01 1.7973405580e-01 -9.1718471798e-02 1.4069033884e-01
6.6147171378e-03 5.6277567593e-02 1.0235857148e-02 -5.9080672631e-02 -4.9403180590e-02 2.3100057431e-02 1.1335952674e-01 7.6026035410e-02 1.8714559229e-02 8.6325481502e-02 1.0357188282e-02 6.7961355186e-02 1.0964085415e-01 -2.4040665443e-02 6.3547609545e-02 5.1750418158e-02 9.9759781277e-02 -1.6219923877e-01 3.2874667556e-02
-1.2511361967e-01 -1.0561991466e-01 -1.5232319794e-01 -7.0264060920e-02 -1.2537319889e-01 -1.3698083027e-01 6.6308571097e-02 -4.8521496796e-02 1.7219573969e-02 1.7568273327e-01 -9.5157935934e-02 -7.7984754638e-02 1.5730431612e-01 -8.2937091814e-02 2.7564693101e-03 4.1080504566e-02 1.2757177490e-01 -2.7025612382e-02 1.1651646067e-01
2.0687297862e-01 -5.6446729915e-02 -9.3735155536e-02 1.4986039147e-01 1.9165737299e-01 1.7704782899e-01 7.4948552842e-02 2.3099220918e-01 -1.0652580042e-01 -1.9308331613e-01 -1.2159881655e-02 1.4689042904e-01 -1.2059679077e-01 -5.3204984503e-02 -2.1070795905e-01 1.8791173592e-01 -6.0090432623e-02 -1.0168377751e-01 4.6147500563e-03
