-1.9155373891e-01 2.7761646898e-02 -5.3843256821e-02 -1.6129961759e-02 -1.6218632948e-02 -1.7623732854e-01 -1.3928824083e-01 -1.6181028940e-01 -2.5758945514e-02 3.1693369034e-02 -2.1810320946e-02 -2.7432697576e-01 -6.3778722005e-02 8.6735214185e-02 1.9782545358e-01 2.3832227470e-02 1.1971412386e-01 1.7009573930e-01 2.9741095854e-02
1.7861308856e-01 -6.3224407800e-02 9.4858359296e-02 -7.9940779545e-02 -1.6001215370e-02 5.8160238230e-02 4.4825171606e-02 1.8283865765e-01 2.7934985968e-02 1.7659081748e-01 1.9793634384e-02 1.1725065948e-01 4.1852041213e-02 -1.3498056920e-02 -1.2554093776e-01 1.7556578210e-01 -4.3979998911e-02 -6.5637074576e-02 8.3586896566e-02
3.2421333361e-02 -1.3026414240e-02 1.8267074878e-01 -6.9608883989e-02 -2.7501114323e-02 -3.5933553874e-02 1.1355794075e-01 1.3549741827e-01 4.8217258863e-02 1.1654441382e-01 -1.1691276309e-03 4.0127121230e-02 -7.6599652671e-02 -1.1720243013e-01 -4.0751050794e-02 1.9490248359e-01 -1.5548818170e-01 -4.1726984030e-02 5.8693134395e-02
-1.3235183178e-01 -1.0451617572e-01 -1.7959128937e-02 2.5160096163e-02 -5.0515577493e-02 -1.2517854657e-01 -1.3864812316e-01 -7.2416323392e-02 -2.4335998263e-02 1.2290024129e-01 -7.4948615352e-02 -1.9146472849e-01 -5.6078891061e-02 1.9121180249e-01 1.7252371016e-01 -7.4879516049e-02 7.6313372018e-02 1.6608904842e-01 6.5829773553e-02
-2.3168951058e-01 -7.1471871200e-02 -2.8642449022e-02 6.2287297417e-03 5.7645176778e-02 -1.7854470858e-01 -2.4990350706e-01 -1.8620210967e-01 4.6643378876e-02 3.9568398752e-02 -1.3054809286e-02 -1.7499637072e-01 -9.7392201323e-02 1.8171010830e-01 1.8402572919e-01 -1.2657930309e-01 1.3541559479e-01 1.6622672335e-01 -2.0283937816e-02
-1.1168721986e-01 -8.0579975988e-02 -4.3185325863e-02 -9.0257612735e-02 -3.1283230696e-02 -1.3721081926e-01 -8.9271064081e-02 -2.2042400436e-01 3.6474373813e-03 5.7006545190e-02 1.0670235965e-02 -2.0215619908e-01 3.7428687558e-02 2.9033219256e-01 2.9556771277e-01 -3.2150266916e-02 6.2228379234e-02 1.6156803848e-01 -7.2798286416e-02
1.6068708682e-01 -7.9372510359e-02 1.6189161094e-01 9.0070743540e-03 -3.5421824158e-02 5.6459719661e-02 1.0655699288e-01 2.0796085795e-01 -2.4845655590e-02 1.7380195163e-01 -4.1354725222e-03 1.2291423401e-01 -7.5795969883e-04 -1.1060399642e-01 1.3991452603e-03 1.0476173769e-01 -1.0060435237e-01 -1.0844412548e-01 -2.1472553424e-02
4.3194878353e-02 -1.1383854150e-01 8.5382031021e-02 1.4889560267e-02 -1.3616504717e-02 3.2614640056e-03 -1.1924855928e-01 6.9108104385e-02 -1.6467534317e-01 -1.1215776217e-01 3.0316593906e-02 -6.7051488777e-02 2.2284848945e-01 -1.6932296007e-01 6.2735100726e-02 -6.2217124874e-03 -7.5061339054e-02 1.1985553470e-02 -7.5708596901e-02
4.1697229127e-02 1.2181480048e-02 -7.0510692016e-02 -3.8972017628e-02 2.6641947878e-02 9.6026602382e-02 -1.6013907827e-02 9.1812301513e-03 7.4166594365e-02 -2.3698996013e-02 2.3448361052e-02 7.1192484981e-02 3.0119966426e-02 -4.9041698995e-02 -5.5354868106e-02 1.2934877963e-02 1.0832967494e-02 2.7743052446e-03 8.4458683958e-03
6.1284097633e-02 -2.8630503276e-02 -5.2995578176e-02 2.4807515286e-02 5.8683429426e-02 1.7222096028e-02 9.2470235041e-03 5.4365025369e-04 -1.2645050075e-02 3.4207887797e-02 7.3571807505e-02 -7.3665078563e-02 4.9097711058e-02 -3.1115891906e-02 7.5238042214e-02 -1.7507933051e-02 5.7104838657e-02 5.8809755190e-03 9.9900562423e-02
-6.1624593011e-02 6.7167481484e-03 -1.4410885718e-02 -9.5364179428e-02 9.7644962172e-02 -4.3234859950e-02 -7.3351979723e-02 -6.8435110312e-02 2.3116924367e-02 6.9421307858e-02 1.6438032109e-02 -1.5028985315e-02 -3.9731965150e-05 -1.2973197565e-01 4.5869581875e-02 1.5555948965e-02 4.6989927299e-02 -1.0318478228e-01 9.3229279669e-03
-1.4435899605e-02 -4.0712525003e-03 1.1467096619e-01 7.7943778275e-02 3.1934794541e-02 1.3359739655e-01 1.2744408100e-01 2.3473107974e-01 -3.0155322464e-03 2.0992624232e-01 8.5382816916e-03 8.8618924929e-04 -1.0989996195e-01 3.7887330432e-02 -1.4334717247e-01 1.2050321126e-01 -3.6647253712e-02 -4.1076805985e-02 -1.5611903484e-02
5.7723426246e-02 -5.4724206166e-02 4.9122945410e-02 2.3222713758e-02 7.4110767718e-02 -2.5707554658e-02 8.5148870555e-02 1.2088056645e-01 -4.2708989309e-02 1.8687855208e-01 -1.2164573702e-01 6.7773753204e-02 -4.3166073046e-02 4.3843086254e-03 4.2887866657e-02 8.9856071744e-02 1.8281566901e-02 4.1683292363e-02 -7.5605137501e-02
6.9375774963e-02 5.7390257526e-02 3.5933106130e-02 -4.9662467330e-02 -6.2958851487e-02 9.5448893965e-02 1.2659117321e-01 1.3891437810e-01 -1.2859101835e-01 1.7061134378e-01 3.4190107433e-02 1.3046274354e-01 -3.0600678946e-03 -1.1032266811e-01 3.6169093636e-02 1.6764918458e-02 -1.8661867351e-02 -1.4031070428e-03 -6.1867181264e-03
9.7411797769e-02 5.3327175434e-02 1.2757616846e-01 3.1626539807e-02 -7.2397790052e-02 8.3900778954e-02 -4.9597241311e-03 1.1919417645e-01 9.6442197719e-02 1.8119764166e-01 2.0263037412e-02 1.7097157186e-01 -1.3511755210e-01 -3.1823766800e-02 5.1924487607e-02 1.0311986994e-01 -9.1697467656e-02 3.5347125035e-02 -3.1401550421e-02
2.4546269810e-03 -4.4936453396e-03 -6.9734685949e-02 -4.0542914553e-04 -4.8144394183e-02 8.0611736913e-02 -2.2873720832e-02 -3.9935544739e-02 8.3454730746e-02 7.4592806864e-02 -1.0720142151e-01 -2.1715348841e-02 -1.4612336422e-02 -1.0422556521e-02 -9.4036486527e-02 -5.2335153427e-02 1.1560647855e-01 1.9114245229e-03 2.0262788040e-03
-2.0551700436e-01 -5.1065437996e-02 -2.3435187077e-02 2.4461412066e-02 -7.1340039331e-02 -2.2477497103e-01 -1.1845124085e-01 -2.8847901819e-01 -2.7147094651e-02 4.8691742816e-02 -2.3859799509e-03 -1.7432359735e-01 2.7013845608e-02 2.0365384767e-01 1.8796596831e-01 -7.6043126562e-02 1.7981628301e-01 2.3900746485e-01 3.5642169741e-02
9.7788048263e-02 -1.6383533824e-03 8.8539559814e-02 -4.7693419532e-02 -2.1245112706e-02 1.2823042835e-01 6.6240883976e-02 2.0279656746e-01 3.9508769697e-02 2.3090831664e-01 -1.8130388209e-02 1.1949113197e-01 -5.2994962135e-02 -2.1544119482e-01 -2.3735603581e-01 1.7051427642e-01 -1.2712512305e-01 2.7442920380e-02 -1.0657024203e-01
1.4610386871e-02 -9.8055646682e-03 -6.4941694088e-02 -3.0806356777e-02 -8.5597423545e-02 7.5449452112e-02 8.0076663039e-05 -8.6874892817e-02 -2.3677638871e-02 -6.2908115408e-02 -1.8344532804e-03 -4.1842239899e-02 -8.7335219994e-03 -1.0058332433e-03 -4.5307287645e-02 2.1460557317e-02 6.3626638709e-02 -1.7890569724e-02 -1.1001695866e-01
