1.0427156716e-01 -6.4184023981e-02 3.9702655743e-02 6.4256838109e-02 4.1789261155e-02 9.2968041903e-04 1.2807220324e-01 9.2562780202e-02 -2.1420311428e-02 -2.5857192424e-02 1.6854270544e-01 -1.1466247853e-01 5.8321774158e-02 1.0193150150e-01 -1.3205382326e-01 -7.9618486294e-02 1.0003569463e-01 9.7525329645e-02 1.2996005959e-01
-7.4581228264e-02 -7.1651821700e-02 -7.8936246261e-02 -1.5989062159e-02 3.6036211389e-02 7.9525196727e-02 -4.8985020050e-02 -8.0791302603e-03 -1.6516372519e-02 -2.2367304755e-02 -3.5635271849e-03 3.8498033502e-02 -2.3058390979e-02 2.0799118466e-02 -2.0050744011e-02 -5.5208439592e-02 4.3136171187e-02 5.2552378423e-02 -7.8432116945e-02
1.8291135995e-01 -6.2063070907e-02 1.6557135113e-01 -1.3782364377e-01 1.7545326487e-01 -1.7874524769e-01 1.9093962921e-01 8.1194102043e-02 -5.7917511542e-02 5.3505834226e-02 1.8448621405e-01 -1.5727315150e-02 1.1980930874e-01 1.9344203217e-01 1.0629641881e-01 -5.3309719223e-02 1.0495695361e-01 2.1259616897e-01 1.3315745330e-01
-9.4014785177e-04 6.6572830955e-02 2.3786162180e-02 -3.3298896076e-02 -6.3441244573e-02 7.8446258542e-02 8.9063121585e-02 1.8070184386e-02 6.2489852107e-03 -3.3819596195e-02 -2.3543536726e-02 5.5586876333e-02 -9.0927343600e-02 5.4666286567e-02 3.3054811390e-02 4.3357096024e-02 -4.4410482610e-02 6.3344522858e-05 -3.3903844892e-02
-9.8873252547e-02 2.1988635038e-02 4.9820253980e-02 -4.0422251041e-02 5.7565741380e-02 4.3997799345e-02 7.7501071823e-03 -9.3481158893e-02 6.7126568172e-02 -5.7246592338e-02 -9.0003592006e-02 6.4491379431e-03 -6.5898904335e-02 -7.3909853748e-03 2.7920085799e-02 7.3866214998e-02 -5.5201189180e-02 8.1367425599e-02 3.4087087126e-02
1.7579482338e-01 3.6331662614e-02 8.0940747416e-02 -2.2412243458e-02 7.9701015222e-02 -1.7744310301e-02 4.9528385866e-02 2.1722528150e-01 6.8972208648e-02 2.9486150428e-02 -3.1513363608e-03 -2.4837586395e-02 -1.0716149895e-02 1.3892387263e-01 3.1502120839e-02 -2.3028922929e-03 9.3261724386e-02 7.2179387682e-02 4.2567175788e-02
2.0004456468e-01 -2.4881497594e-02 1.0170535622e-01 -1.4748979880e-02 1.0413613834e-01 1.9634540605e-02 8.7299517068e-02 8.6217775439e-02 -7.4784328013e-02 -3.4369996323e-02 1.7292920978e-01 6.5196717825e-02 8.2123786686e-02 8.5580720322e-02 -3.2800807824e-02 -6.9130696914e-02 1.6516098955e-01 1.1467511117e-01 1.1754519503e-01
1.8608181818e-01 -3.2739942175e-02 8.2431662575e-02 -3.0433390632e-02 1.3607102309e-01 -5.6883183636e-02 2.2030055721e-01 2.2940661827e-01 -5.9204343883e-02 1.1090675362e-03 1.4275049054e-01 -1.0502591186e-01 1.8993810266e-01 2.2546296563e-01 4.7483621357e-02 -3.6259055778e-02 7.6930159600e-02 1.3702225188e-01 1.7543807380e-01
5.3466015481e-02 -6.3211672350e-02 -6.4441673871e-02 1.2018568267e-02 -1.7567074142e-04 4.5370261168e-03 -4.0950222316e-02 7.2798298073e-03 9.7332892959e-02 -9.5872946470e-02 7.4727690057e-02 8.5395916513e-02 -6.9285995722e-02 3.7803325966e-02 3.9769292341e-02 -9.6651714325e-02 8.1811342667e-02 -3.9548724547e-02 1.0007356856e-02
1.7939106264e-01 4.4503220932e-02 2.1817441212e-01 -1.7111108871e-01 1.6988207702e-01 -1.6357550945e-01 1.1696782844e-01 1.0206449164e-01 -2.0556446393e-02 1.4705714868e-02 2.3449267981e-01 7.3845400414e-02 1.3730446773e-01 1.1489339507e-01 2.7465806928e-02 -1.8787780352e-01 2.2792646952e-01 2.9296250876e-01 2.7288963298e-01
-9.4066447365e-02 5.1179217805e-02 5.7898878046e-02 -9.0478854355e-03 6.1788122427e-02 -3.8203239646e-02 -3.2525457287e-02 5.4849642496e-02 -8.4669710330e-02 -8.8027362850e-02 1.4075202752e-02 -1.1063973543e-01 -7.3841289410e-02 2.1896193846e-02 3.8180753179e-02 3.5899458821e-02 -2.3019736431e-02 -2.5989068717e-02 -3.3499422384e-03
2.4797488612e-01 6.0205749399e-02 1.1336161653e-01 5.9651411728e-03 -1.0031857598e-02 -5.3193859381e-02 6.4462111158e-02 5.7235525374e-02 -9.6622002479e-02 -6.5344251016e-02 1.9632587286e-01 -5.2899697475e-02 1.1913216662e-03 1.4114490510e-01 -8.3643469958e-03 -1.7198457829e-01 1.5772980951e-01 3.0501042963e-02 1.8643145396e-02
-4.1535015355e-03 -1.1228735614e-02 -7.2581722892e-02 -3.6375778208e-02 7.7384564925e-02 -1.2379997700e-03 6.0744234740e-02 3.9181884468e-02 -1.0159459973e-01 -6.7878686468e-02 1.3780452413e-01 -8.7554192684e-02 3.5613509816e-02 -5.1542715147e-02 3.0674667128e-03 -4.2316887868e-02 -8.5274654244e-02 -7.6780809973e-02 1.2056463481e-02
-1.3889062357e-01 -2.1638005889e-02 -8.1211921241e-02 2.2224207396e-01 -2.1175798820e-01 1.2998660268e-01 2.7798934694e-02 1.0583154816e-01 3.0752357639e-02 -5.2900405941e-02 -6.2741714158e-02 -1.0384834288e-01 -1.9213783691e-02 8.1432369703e-02 3.3620400748e-02 -6.2806833087e-02 -2.5436809662e-01 -1.9768854553e-01 -9.1531948956e-02
-1.0226459182e-01 -8.8948305317e-02 -2.0555559076e-01 2.1767066419e-01 -1.3661044941e-01 2.1032529848e-01 -1.1210503159e-01 -8.4367984389e-03 -3.8334669677e-02 -1.1332995813e-01 -2.6353537766e-01 3.6675815650e-02 2.7500993687e-02 5.1409284432e-02 -9.2360836644e-02 -1.0695015529e-01 -2.5853105259e-01 -2.6456215705e-01 -1.6784369078e-01
1.8285508029e-01 -5.0977767439e-02 2.1448732613e-01 -5.5776934531e-02 3.3389431429e-02 3.8590531115e-02 1.2497328162e-01 1.9815760368e-01 -6.9322817718e-03 2.8414599951e-02 5.5116638628e-02 -5.0594981547e-02 1.7191007530e-01 2.9562590538e-01 -1.1800327347e-01 5.5377321830e-02 8.0284011330e-02 1.9903650588e-02 1.0159561712e-01
-1.7695055242e-01 -4.5824832548e-02 -1.3011505539e-01 3.1241385525e-01 -2.0410494849e-01 7.0245022904e-02 -1.3092769224e-01 6.9497201766e-02 -8.3273687360e-02 8.1817132490e-04 -1.3982657057e-01 -3.5096630372e-02 -3.5175274406e-02 -7.5391305202e-03 -7.7358284937e-02 -1.5256097216e-01 -3.2495141421e-01 -7.1033437403e-02 -2.0436341363e-01
-7.6892477667e-03 3.9850930833e-02 7.2336397914e-02 1.1188938696e-01 -1.3017584020e-01 3.8299201693e-02 3.2962908232e-02 1.3847293088e-01 -5.4758225993e-02 3.7650190035e-02 -6.5656116640e-02 -7.3443080241e-02 -3.4417830381e-02 1.3094701880e-01 7.8134213700e-02 -6.0233388758e-03 -6.6320870212e-02 -8.5888093484e-02 1.7660854717e-03
1.6779985564e-02 -2.4060211159e-02 -6.2322235695e-02 4.5236046581e-02 -4.0222244308e-04 -7.1462764606e-02 9.7324859353e-02 -1.0490452015e-02 -9.5561473005e-02 7.1705728108e-02 -3.6679199353e-02 1.4892680335e-01 -1.2928082697e-01 -1.6163059399e-01 -3.9776613432e-02 -6.1046459768e-02 1.5653545868e-02 -7.1658620534e-02 1.4142751302e-02
