1.6955148981e-02 5.1464160843e-03 6.0377993034e-02 1.6771317760e-01 -6.6510835038e-02 1.4433236862e-02 -3.8941997169e-02 -4.1098420430e-02 1.4653855728e-02 -2.0535091156e-02 -5.4453304348e-02 -1.2744135205e-01 -1.1608215545e-01 3.7525092977e-02 -6.5174043294e-02 1.0449427521e-01 1.5698264938e-02 2.2976775632e-02 -3.5310820839e-02
4.5065585147e-03 3.8533812452e-04 3.3461339209e-02 -7.2675386577e-02 4.1558396347e-02 1.4737203156e-03 -1.2415753059e-01 -1.0588156471e-02 -1.7225541450e-02 1.0038882140e-01 3.9837633102e-02 -7.3664558901e-02 -8.7908004411e-02 -1.3743692125e-02 -1.7161506750e-02 1.8932485618e-02 7.3448473590e-02 4.3102128408e-02 -5.0315152253e-05
6.2168858784e-03 1.7133678735e-02 -4.4621317782e-02 8.3743222780e-02 4.8303254173e-02 -1.6199276235e-02 1.1291031562e-01 3.0468797753e-01 4.4075069295e-02 8.1454939814e-02 3.4990839574e-02 -8.3162312563e-02 1.4224866810e-01 5.4173205551e-03 4.1198712142e-02 2.9214367078e-03 1.0229127870e-01 3.2376726959e-01 -8.6716800858e-02
-3.9526558937e-02 -3.7995080442e-02 8.2740448003e-02 -7.2822785135e-02 1.5802387238e-02 4.3830134427e-02 -1.4217488107e-02 2.2228738500e-02 5.0590958423e-02 4.4692618859e-03 1.1075896288e-01 -6.7831481792e-02 -7.3346590781e-02 -1.2264966132e-03 -3.4675965562e-02 3.8925531797e-02 -1.3660664277e-01 6.8812892330e-02 2.8012923963e-02
-6.0612786249e-02 -1.0312212240e-01 7.7699512397e-02 2.8311868146e-02 -6.3206409583e-02 6.2027670740e-03 3.6724958647e-02 -3.0084047753e-02 -1.0680646118e-02 1.0283562625e-01 -7.1870914276e-02 3.7778242245e-02 1.6995924977e-02 -5.7011654014e-02 3.7927611835e-02 -2.4301496132e-02 5.9075561791e-02 -3.1151267491e-02 -8.3999842428e-02
5.0589878700e-02 1.5101424645e-01 -5.1465254723e-03 -3.6381178499e-02 -9.6121960934e-02 -1.0385769428e-01 1.3329635644e-01 1.7867373125e-01 -1.3977152019e-01 5.4840298191e-02 -5.1368715935e-02 -7.1092794118e-02 3.7023051107e-02 7.8399989946e-02 -1.1019534095e-02 -2.0939474580e-02 2.1400487288e-02 2.2523391280e-01 -8.1889976514e-02
-7.3497820416e-03 2.5812514830e-02 9.1711971998e-02 -8.6562303013e-02 2.3797778636e-03 -9.0842970911e-02 8.7714815756e-02 3.2196101138e-02 2.7938150488e-02 8.0372367599e-02 7.0185073334e-03 -6.8016609563e-03 -1.8700118743e-03 1.0985769566e-01 -1.3398143764e-01 1.9236431407e-01 1.6594348286e-01 2.6634539052e-01 7.5556750519e-02
1.2292947647e-01 -4.6717675362e-02 -3.8301645869e-02 2.2501915379e-02 7.0267442628e-02 -1.4214365336e-02 3.7061525747e-02 4.2506252209e-04 -5.0884112787e-02 -1.5460469053e-02 -6.8518716688e-02 1.0609345533e-01 1.5807580988e-01 -1.0198235640e-01 -9.5708450672e-02 -2.2940755259e-02 -1.8873746053e-02 -8.1553896893e-02 3.4974089750e-02
-2.5916869702e-02 -4.0706048676e-03 9.9975910689e-02 7.2018694800e-03 -1.2660313046e-01 -1.8359473914e-03 -3.0920022966e-02 1.3733721534e-01 -4.4976092680e-02 -9.7264939586e-02 -3.0487510897e-02 1.0855480687e-03 3.4121874855e-02 3.7614229699e-02 1.2512057161e-01 7.0331082897e-02 8.5159199493e-03 2.0018233385e-01 -1.7647705272e-03
-1.2898467168e-01 -3.5467549071e-02 5.8256624166e-02 2.0384174179e-01 -1.1365521745e-02 -2.8515498082e-02 -1.0580450886e-01 2.2918936095e-01 7.8458853844e-02 -1.2104448105e-01 3.2423794738e-02 1.9614134853e-02 1.8954958034e-01 -1.6555505963e-01 9.7424124803e-02 -8.7745661713e-02 -8.7270524806e-02 1.9653211550e-01 -2.2977087225e-02
-7.8437985516e-02 -5.4798975844e-03 -3.0157304135e-02 6.2469563915e-02 4.3841537158e-02 6.2577366902e-02 -3.1625521422e-02 2.2784354982e-01 9.0637776788e-02 3.9684092422e-02 2.4741430766e-04 -1.6171989277e-02 9.4938362438e-02 1.5348469770e-02 8.7990239733e-02 -8.8217769469e-03 -1.1294657014e-01 2.9386700326e-01 -1.7367976169e-02
4.3668232008e-02 1.7071253221e-02 -4.4448880406e-02 7.4257389606e-02 4.5686774422e-02 -9.8339755461e-02 -6.2199637858e-02 -8.8735024138e-02 -7.9623683657e-03 2.8293513195e-02 -4.8483574464e-02 -2.9496731988e-02 -1.4082807803e-02 1.7055848973e-02 1.0899239855e-01 3.4363392811e-02 3.3856150740e-02 7.0009654777e-02 -6.3213744011e-02
1.9370735104e-01 1.6605947328e-01 4.6107623349e-02 -2.5240212427e-01 5.6407064133e-03 -7.9080239081e-02 1.5537259426e-01 -5.9612314522e-02 -6.3311480531e-02 9.1548385665e-02 1.9206341640e-02 -1.6725045481e-03 -1.8662614683e-01 8.8646110184e-02 -1.9468362043e-01 2.0785920338e-01 2.2757583358e-01 8.9876972591e-02 4.5965947967e-02
6.1463494034e-02 -1.3512819857e-01 3.2370336435e-02 3.2374511986e-02 2.3923012235e-02 -5.5577587019e-02 6.6703776638e-02 6.8719275666e-03 4.9750922283e-02 -4.2287507965e-02 3.3466321854e-02 -2.9364567569e-02 -2.7485969227e-02 1.6301495559e-02 5.5280900630e-02 -1.1894180805e-02 9.7355571132e-03 -1.6353208896e-02 4.9351120526e-02
-1.3624037563e-01 -5.4907322860e-02 -6.8996311473e-02 1.1269924809e-01 -3.8325175090e-02 -7.3535868293e-02 -1.9956679765e-02 1.5469023256e-01 9.9703864032e-02 -3.3116433568e-02 -5.7079313907e-02 -2.2403020240e-02 1.0635708409e-01 -1.4205471806e-02 1.2811031135e-01 -6.5167780561e-02 1.6727865293e-02 2.2385877771e-01 -1.0765804202e-01
-3.0761599761e-02 -1.7421204197e-01 -5.8086134556e-03 1.3802938042e-01 3.7716160359e-02 -4.8983651565e-03 -1.1585237035e-01 1.6076470491e-01 6.0809123824e-02 -3.4864209539e-03 -2.4860773506e-02 3.2574209257e-03 1.7440214248e-01 2.2370464569e-02 8.0708377556e-02 6.8575962676e-02 -7.6345963221e-02 2.4533012919e-01 9.7285214139e-02
2.7096407147e-01 2.4880774947e-01 -2.6131636142e-02 -2.6069706022e-01 -2.1105194817e-02 -2.7862620342e-02 1.8619922043e-01 7.9085808284e-02 1.3949680098e-01 1.5744904398e-01 -8.1051289818e-02 6.8272123336e-02 -8.9929563691e-02 1.8973425992e-01 -2.5419006120e-01 2.0729045526e-01 2.0185753479e-01 3.4385938462e-02 -6.6173320702e-03
-3.4850698040e-02 -5.1681913894e-02 -1.5527144424e-02 1.6830859273e-02 1.0171849238e-02 -2.3444984565e-02 -4.8525899204e-02 -5.1976942713e-02 1.1584026852e-01 1.2585493228e-01 4.6556951923e-02 8.5779664211e-02 6.3196488496e-03 7.4403244146e-02 -4.6795387089e-02 -1.1168722254e-02 -6.5496138233e-02 2.6949359306e-02 3.4677510054e-02
1.0271624191e-01 6.5232322655e-02 -7.3366365217e-03 6.4579255276e-03 5.4208746101e-02 -1.8922965197e-02 6.0553849097e-02 7.8071383969e-02 6.4728065137e-03 2.0909991319e-02 1.0385587447e-01 -1.3368789386e-01 6.7500750254e-02 9.0971643141e-02 8.3973513224e-03 1.1746830304e-01 1.4051532832e-01 2.3072030021e-01 2.2318915771e-02
