2.5832712198e-02 1.4453244470e-01 1.0686801052e-01 -7.6820035106e-03 -3.4563548385e-02 3.8108303003e-02 1.0033383470e-01 2.1061785006e-02 4.5926016924e-02 -1.5142179588e-02 -1.7146430970e-02 -2.8842422662e-02 2.6659926619e-02 -1.2192630070e-01 3.1817317392e-02 1.2427675353e-01 -6.2937814345e-02 6.8030694078e-02 -3.3491475185e-02
2.0308551160e-01 -5.5995391111e-02 3.5394994143e-01 3.0184321143e-01 -1.0213314677e-02 -2.6432255992e-01 1.5347213281e-01 -6.8659427177e-02 2.3361877458e-01 -2.8612913207e-01 -3.4739526727e-01 -9.1051395976e-02 2.6449271162e-01 2.9561415425e-01 -3.0348848430e-01 2.5414306583e-01 -3.8881237286e-01 -2.1631041061e-01 -9.0549038306e-02
2.0116467566e-01 2.8678323921e-01 8.9659285285e-02 2.9429712853e-01 1.0007009238e-01 -1.7037603014e-01 2.5185902935e-01 5.9032409098e-02 3.0823208944e-01 -1.0021538259e-01 -5.7960364519e-02 -6.2322070074e-02 2.7392489351e-01 2.7330088977e-01 -3.1558285029e-01 3.4689545705e-01 -9.8747645454e-02 -8.1928086249e-03 4.7674449756e-02
1.1943015838e-01 3.8180147119e-01 1.1144659779e-01 8.4238430414e-02 -4.0280089854e-02 1.5231839842e-01 -2.5293830876e-01 -4.0087524961e-02 1.2451149615e-01 9.5875605423e-02 9.7583647160e-02 2.6664079864e-02 2.3230972536e-03 4.1219460151e-02 9.3812261342e-02 1.7612074103e-01 1.2500681948e-01 1.9378847042e-01 -5.8857317769e-02
-4.3700611986e-02 8.1111610739e-02 1.6009242629e-03 -1.7659084626e-01 -1.7287082648e-02 2.5691188764e-02 1.2475240250e-01 4.7248512884e-02 2.6061850546e-02 2.3144634523e-02 4.7998925613e-02 -1.0317579142e-02 1.0857271708e-01 -2.0007823339e-01 1.5212019294e-02 2.9488841967e-02 -9.5773157709e-02 1.8295029249e-02 4.1812380296e-02
9.9253836123e-02 9.0540580794e-02 2.1628151475e-02 6.6491071034e-02 -6.4187752109e-02 -2.2060877229e-02 1.9991413459e-01 -7.8157401987e-02 9.4049114663e-02 7.4282240152e-02 7.4242126734e-02 -1.4815717916e-02 -3.9873938854e-02 -5.1481119253e-02 -7.9183334794e-02 1.3426408938e-01 -1.0252524456e-01 -2.0057710134e-03 -7.4701857154e-02
-1.6330984837e-01 1.4474078580e-01 -2.3002933879e-01 -1.6056823803e-01 2.4809376129e-02 3.8218607037e-02 1.6868141071e-01 -1.5287047005e-02 5.7925815434e-02 -8.3848826779e-02 -4.6763998016e-02 1.1284463838e-02 2.6241057169e-02 -1.9261230258e-01 5.9146886595e-02 7.6966045025e-02 -7.2955580015e-02 7.1640840867e-02 7.1583972103e-02
-2.3639029160e-02 -1.1256136087e-01 -2.8461198461e-02 5.2132944276e-02 9.1736343627e-02 -6.0144309117e-02 -5.0694355289e-02 2.6090936565e-02 -9.5675417215e-02 -4.7923074896e-02 1.9649451358e-02 -5.4813613201e-02 4.0529477449e-03 4.5061871176e-02 -5.3687868025e-02 7.9500841781e-02 1.0052328656e-02 4.7920887014e-04 -6.7252254716e-02
-3.7469548782e-02 -3.8547918441e-02 1.6393994746e-01 6.6064609995e-02 -1.3624242075e-01 -1.9095151807e-01 1.7163422153e-01 4.5631906507e-02 1.3794941449e-01 -1.5325669746e-01 -4.1890292117e-02 -4.5982690931e-02 1.0723695354e-01 1.2633921350e-01 -2.1555773027e-01 2.4576027994e-01 -2.3016846314e-01 -1.6765680106e-01 9.5131723424e-03
-9.5897348072e-03 -4.1659675326e-02 -2.6340552176e-02 1.1571343941e-01 -3.8915161809e-02 7.5410463093e-02 -7.8306845737e-03 -6.1529301449e-02 -1.0436251231e-01 2.1701623906e-03 -3.8066855606e-02 8.8188822830e-02 -7.6628417398e-03 1.2508508262e-02 1.9662059304e-01 -1.5362190841e-01 2.3286634934e-02 -1.0478934728e-04 6.3981294514e-02
-6.3478062971e-02 1.9736015736e-02 1.1567642090e-01 4.6677376080e-02 -1.2144473749e-02 3.8265198716e-03 -5.5047333846e-02 -6.5990835018e-02 -1.2508542380e-02 7.3214048272e-02 3.0548305142e-02 -3.3597805771e-02 5.5010503245e-02 2.1057128396e-02 1.7067904299e-02 1.5554350969e-01 -9.2279421872e-02 6.6091467171e-02 -4.5279757442e-03
-2.1338904038e-01 1.8786798491e-01 -1.8427371494e-01 -2.3045875809e-01 4.2258318697e-02 -2.8704303725e-02 7.4540116460e-02 -9.6732680894e-02 -2.2088050371e-02 4.1081381319e-02 1.1376725976e-01 1.9938729329e-03 -2.7267645169e-02 -2.1656997849e-01 6.1048284519e-02 9.3804070384e-02 7.0402280555e-02 8.6047006506e-02 -9.8100332919e-03
1.5319652566e-01 4.3212761611e-02 -2.0212134678e-03 3.4161247061e-02 -1.6370859497e-02 -1.5410347405e-02 1.1632958367e-01 3.0889435310e-02 -1.4672354772e-03 -2.1412009216e-02 2.2781259124e-02 4.8187695041e-02 1.8837290803e-02 -1.4848120721e-01 5.2981666139e-02 -1.2261672650e-02 -4.4887605089e-02 5.8870829355e-02 -8.0130677098e-02
-3.2662712928e-01 4.5747367211e-01 -2.6562776999e-01 -3.4662363304e-01 4.7932344226e-02 2.5498833151e-01 -1.0470086853e-01 -7.9889700838e-02 -4.0470736207e-01 4.1868430102e-01 3.6444296725e-01 -1.3067900559e-01 -3.6545413736e-01 -3.7075483959e-01 3.7164387000e-01 -1.1982060798e-01 4.4330726543e-01 4.4381626844e-01 2.1120311354e-02
1.1728482037e-01 7.9311720317e-05 1.7152636819e-01 1.2215645131e-01 -1.7720121203e-02 -7.1903201337e-02 -3.6258265058e-01 3.2980349121e-03 8.5789402473e-02 -1.5492250040e-03 -1.1552041839e-02 4.5363563026e-02 5.8947928303e-02 2.0015676803e-02 -4.6479609648e-02 5.6236599021e-02 -1.0215927309e-01 6.7347780463e-03 -1.9098720873e-02
2.7651564719e-01 -2.0065756019e-01 1.7830836244e-01 1.7223568271e-01 -1.1104689002e-02 -2.1391214625e-01 7.0378899096e-02 1.4658896471e-02 3.3134658321e-01 -3.0497668799e-01 -8.0751936189e-02 -1.2608659665e-01 2.2880707493e-01 2.1546676107e-01 -2.0713750211e-01 1.7278598490e-01 -1.6292148635e-01 -1.1260718648e-01 -1.9473850411e-03
9.8318443151e-02 8.0489172957e-02 1.7491034126e-01 6.0240401500e-02 4.0746373882e-02 3.1695996715e-03 1.0498665711e-01 -3.9487304893e-03 1.7871383176e-01 6.5673544676e-02 4.0809248601e-02 8.7729967603e-03 8.2547840563e-02 1.7579736323e-02 -1.4378505539e-02 6.1001950466e-02 -2.5612516483e-02 3.5635150862e-02 -2.8586313301e-02
6.6561460653e-02 3.3981442065e-01 -9.8269550506e-02 1.3724096184e-01 -4.1917247804e-02 4.1243799998e-01 -3.5951613856e-01 -1.0729284937e-01 -3.6254099587e-01 5.2387355431e-01 -4.5036982295e-02 4.8805448545e-02 -4.3484892182e-01 -8.4128595209e-02 3.2269331210e-01 -3.1309246935e-01 2.2046443369e-01 3.7478673385e-01 1.2399561229e-02
-6.4786068847e-02 -8.1355519450e-02 2.0642279145e-02 -3.8113427857e-02 3.0653761540e-02 -1.1024364052e-02 3.5471735903e-02 -3.5587101419e-02 -1.7135831223e-02 6.0158089407e-02 6.8930268228e-02 1.5039853848e-02 -5.4608784187e-03 2.3198793333e-02 -1.2749384105e-02 7.8569836665e-02 -7.2485401154e-02 -8.2397972498e-02 3.1973548123e-02
