2.5606737149e-01 3.2606409842e-02 -1.2519471649e-02 8.9189079799e-02 -1.3927294909e-01 -1.5148659287e-01 -2.3512994576e-01 -2.1201158283e-01 9.8808563355e-02 -3.9640990595e-02 -1.3728243629e-01 -7.7501174196e-02 3.7531597833e-02 4.3249452193e-02 2.7531167586e-01 -1.8103694925e-01 -3.6940093695e-02 -4.6011071206e-02 2.1011963624e-01
2.4188285464e-01 2.2886659783e-02 -1.2347185651e-02 -6.7652854107e-02 6.7638155543e-02 -1.2242840304e-02 -1.8472485998e-02 -6.7870298459e-03 1.1304258731e-01 2.4676493646e-02 -1.0686298380e-01 -2.9118191786e-02 1.1521851037e-02 -2.8576066518e-02 1.5645330255e-01 2.1590073352e-02 5.1937155510e-04 -1.4166421427e-02 2.1207882323e-01
-9.3977298635e-02 3.6845367377e-03 1.6817390678e-01 -1.3956828814e-01 1.2356141912e-01 1.5824827145e-01 4.7977190935e-02 2.3189322303e-01 -1.9380249540e-01 -1.9158670223e-03 1.4939153728e-01 1.4515369113e-01 -2.2477666873e-02 -4.2703521472e-02 -1.7587508005e-01 1.1485614166e-01 8.7165939098e-02 -1.0018635058e-01 -5.1193408022e-02
-1.8250725491e-01 3.2927430983e-02 9.1251423344e-02 -1.3512387583e-02 1.1515657571e-01 2.5661463612e-01 1.4718968682e-01 2.5099318975e-01 -1.5619743837e-01 -7.8768992678e-03 2.7870049590e-01 1.1255891707e-01 1.3295964790e-02 -8.6321623525e-02 -2.2814609692e-01 1.4510924911e-01 -5.8193908466e-02 5.2272204021e-02 -2.4273335707e-01
9.6455305462e-02 -8.9693117602e-02 1.3313016540e-03 -5.2612705799e-02 5.7298028728e-02 9.1119713937e-02 1.1572268055e-01 8.9876357781e-02 4.6718968226e-02 -4.4927649807e-03 1.2932588145e-01 9.8852626783e-03 -4.8216786675e-02 5.0489766733e-02 1.6999032033e-01 6.0670582182e-02 2.2292145059e-02 -8.4716142317e-02 1.6862699922e-01
2.1000391208e-01 3.8948967696e-02 -2.2675051663e-01 3.5335037092e-03 -6.2719188717e-02 -1.1182629274e-01 -1.7213535241e-01 -1.2846024350e-01 4.9866387029e-02 4.1638184918e-02 -8.3441781952e-02 -1.3025199394e-01 -3.0975023891e-02 1.6622217245e-02 2.0905229894e-01 -1.8221742632e-01 -4.8601993251e-03 -1.1440610278e-01 1.5997794428e-01
4.7918410749e-02 9.3106577641e-02 3.7598657742e-02 1.1559957427e-01 -1.4732142164e-02 -3.8505507531e-02 4.0676600131e-02 -3.4765814385e-02 -2.7906007930e-02 -4.0931816022e-02 -1.1615516966e-02 2.1865704312e-02 -6.5343062941e-02 1.1259017690e-02 9.6463819433e-02 -6.7353799413e-02 -4.9021484732e-02 -3.2372792857e-02 2.0636071584e-02
8.9766857218e-02 7.7389889966e-02 6.5681551859e-02 -9.8611285819e-02 1.1465719175e-01 1.6373625879e-01 6.4094047124e-02 1.0288172122e-01 -5.8888181271e-03 -3.9890707189e-02 2.1274918419e-01 1.2630538432e-02 2.0281530160e-02 6.7610859128e-02 3.2992903218e-03 1.4994734967e-01 -4.1963580923e-02 1.7594416702e-02 3.5841056157e-02
1.5401374928e-01 4.7913025116e-02 1.3989970181e-01 1.3620422391e-01 -1.0260602739e-01 -5.7229509899e-03 1.4117976055e-02 -8.0052425247e-02 -3.8316253817e-02 -2.4680588920e-02 8.9677105330e-02 -9.1279307964e-02 3.9288169427e-03 2.7777151208e-03 1.5838348225e-01 8.7163768670e-02 4.0518045207e-03 2.2898205631e-02 -4.3022342713e-02
-1.7808745057e-01 7.0341235689e-02 1.5277832470e-01 1.1899891738e-01 1.5050652918e-01 2.2747658267e-01 1.5905164081e-01 1.0856448434e-01 -1.3116476556e-01 -9.7825541278e-03 2.6489281358e-01 2.0858642354e-01 3.2264681464e-02 -2.8556840388e-02 -1.3161406544e-01 2.2876071809e-01 -4.3152316030e-02 -1.8619385035e-02 -2.1485693810e-01
-1.0810542618e-01 -3.5348092151e-02 1.7001049036e-01 4.6405175036e-02 1.5134276664e-01 2.1312510986e-01 3.0863740706e-02 1.6011498499e-01 -1.1101980162e-01 6.6434378545e-02 8.8823970236e-02 1.3311130407e-01 -8.2711348364e-02 9.4394836378e-02 -1.3032748084e-01 1.7817925328e-01 3.7827749617e-02 -6.7206585613e-02 -2.1659267377e-01
1.5638437668e-01 -6.7724360758e-03 -1.5196004465e-01 1.4535605437e-02 -1.0332669154e-01 -1.0311104345e-01 1.5253755570e-02 -1.0640967205e-01 1.0789633144e-01 -6.1174473366e-02 -3.6041357408e-02 -3.2223279507e-02 5.6127595803e-02 1.1531961064e-01 1.2870703426e-01 -1.5637175539e-01 3.1441644192e-02 -9.8391929176e-02 2.4211764525e-01
2.5357409580e-01 1.0394985443e-02 3.9953470737e-02 8.8128361498e-02 1.0142074131e-01 1.8000544026e-03 3.2134554257e-03 8.9710816302e-02 8.3290321241e-02 -7.5166867687e-02 1.4747050406e-01 7.7740766024e-02 -2.1861242484e-02 -1.2645014312e-02 9.7631524410e-02 -3.0221376536e-02 -1.0498507643e-01 7.0494872696e-02 7.6092215012e-02
2.2121309059e-01 -5.5650347038e-02 -9.4953572686e-02 4.1304757431e-03 -9.6513345121e-02 1.7647829455e-04 -2.2164463096e-02 -6.6632412328e-02 2.5017368055e-02 -8.8297178464e-03 -6.5384870569e-02 -1.4172449595e-01 -2.9551724570e-02 1.2504582102e-01 2.1236859219e-01 -5.3968683201e-02 8.3851989428e-02 1.6753485050e-02 1.6682946741e-01
2.2701730772e-01 1.1054096292e-02 3.4357407538e-02 -1.2280641421e-01 -8.5728900994e-02 -2.4863741127e-02 -4.9223198842e-02 -5.1420259668e-02 2.0989365883e-01 8.0866207080e-02 -9.0849124826e-02 6.0154288924e-02 -1.4520689162e-01 -1.0809146118e-01 6.8171525061e-02 2.7475908329e-02 6.6719196982e-03 -1.3990242132e-02 1.3242130684e-01
6.3205349167e-02 5.4284512437e-02 -7.9098720904e-02 -1.1690230041e-01 3.3978726837e-02 2.6387828544e-02 -5.6529551003e-02 -2.2244242766e-02 6.1891532741e-02 3.2910392970e-02 7.4938904727e-02 -2.2151465439e-02 1.4653560344e-01 -3.9334877499e-02 2.3018345399e-02 -1.2907023663e-01 1.2927890918e-02 9.6047237670e-02 9.0210148658e-02
-9.9472399814e-02 3.9956214508e-02 3.1533867863e-02 1.4497671226e-01 -7.9054398459e-03 -5.5344029299e-02 -2.2842165349e-02 -9.5479061712e-02 -6.2765567398e-02 -2.7490431772e-02 -1.2595826686e-02 -6.8690380248e-02 -4.7145777099e-02 -1.3941207354e-01 2.5509752080e-02 -9.0659779842e-02 -1.1225355021e-01 4.2968336811e-02 3.4669559405e-02
-1.3298308482e-02 -1.0592910340e-01 2.5179530544e-02 4.5799478153e-02 9.4681096053e-02 1.0698525093e-01 5.2739396692e-02 1.2422999971e-02 1.6413880582e-02 -1.2061631890e-01 1.0351531999e-01 5.7815742539e-02 -3.2255640113e-02 -1.4719583833e-01 1.1753906307e-01 1.2606764911e-01 -3.2467071936e-02 -6.5946369685e-03 1.7176031063e-01
-3.7484853735e-02 -3.8728099065e-02 1.2630443245e-02 -1.6432586001e-02 3.1146683659e-02 -7.9693341205e-02 3.8148745557e-02 1.5021303302e-02 5.6796799135e-02 1.4024304427e-02 1.4423846029e-02 -1.1331166604e-02 -4.8606371254e-02 5.6519409351e-02 -4.8686046516e-02 1.8010279211e-03 -1.9490041796e-02 9.4573860646e-02 -2.8124543473e-02
