2.1662890172e-01 -5.4500952333e-02 1.5401724175e-01 2.1589086719e-01 -8.0252566823e-02 -6.3696545620e-02 -4.1354736201e-03 2.9849503603e-01 -2.0977858563e-01 -1.0758518569e-01 1.1161961035e-01 1.1744238917e-01 -2.2654071510e-02 -2.2406567119e-01 1.8755686014e-01 4.2459026443e-03 1.3385091696e-01 -4.5964059102e-02 1.3469944412e-01
5.8529944838e-03 -9.1326538990e-02 1.5342603592e-03 1.1800993884e-01 9.5460473134e-02 3.1201514013e-02 1.0423670216e-01 2.2250149885e-02 1.8780071805e-02 -1.0553985040e-01 1.4292206827e-02 6.4933035890e-02 -4.0578182043e-02 -2.7494297091e-02 -9.1494066618e-03 -1.7575999618e-01 2.9544076384e-02 -2.5743501843e-02 2.5777584401e-02
6.8058900649e-03 -1.7996629161e-02 -1.0519231815e-02 6.0442093753e-02 -3.0950805019e-02 7.2472336999e-02 -5.3866042155e-02 -1.2363610052e-02 1.5592298289e-02 3.8480931689e-02 -2.0334841230e-02 1.0690126684e-01 3.6005793156e-02 2.9908054682e-02 7.2945458904e-02 -3.2378374194e-02 -1.2262084801e-02 -5.0165220216e-02 7.3723231591e-03
2.1892218043e-01 3.9446898760e-02 7.7141735580e-02 1.2756180903e-01 -8.4477267786e-03 1.4034285545e-02 -9.6787980573e-02 1.4616296098e-01 5.9725088574e-02 2.0916433156e-02 1.8300717664e-01 1.4965020897e-01 2.2372956461e-02 -3.0817437946e-02 1.0898157734e-01 -7.4157216935e-02 2.3757685474e-01 -3.2766110770e-02 -8.6622345206e-02
-5.1308780736e-02 -5.5403108358e-02 5.7919355017e-02 3.6361548592e-02 4.9805320087e-02 -3.2046844919e-02 2.8581945551e-02 -7.7034883187e-02 6.0354641318e-02 -4.7312512920e-02 4.2225873934e-02 -5.9586497126e-02 -8.4988010108e-02 8.0393229149e-02 5.2021264061e-02 1.6653106854e-02 -6.5055582680e-02 -1.8347126439e-02 1.0678341843e-02
8.2896068231e-02 6.2556468438e-02 9.4732051059e-02 -3.0406839587e-02 6.0317600049e-02 5.7480832050e-02 -7.9047057097e-03 7.8802616948e-02 -2.3560627717e-02 2.4988499076e-02 -7.7095287528e-02 1.2809540947e-02 -2.8946206863e-03 2.9991095364e-03 -3.5467659759e-02 2.3618679859e-02 -1.2682524208e-02 -9.2938821913e-02 -5.1399553418e-02
1.8489032351e-01 -4.8556608743e-02 1.0906398223e-01 1.4850529062e-01 -8.1461456331e-02 -1.8209809072e-02 -8.9292013374e-03 1.6922579114e-01 -1.3236602034e-01 -1.6293825126e-01 1.8470023192e-01 1.9655752415e-01 -7.7766812280e-02 -1.8703564382e-01 1.5761851577e-01 6.4196047608e-02 3.0951173913e-01 8.2312237473e-03 -8.0055910446e-03
-7.0957277373e-02 4.9382234829e-02 8.0177460391e-02 5.0909491018e-02 -4.0834368077e-02 -2.6316187253e-02 -3.1430959933e-02 7.7915886701e-03 5.3532157243e-02 -1.4562305562e-02 7.1999266396e-03 3.2224641663e-02 -1.4708773057e-02 -9.6449042647e-02 -5.4208767809e-02 2.7341699205e-02 1.6125012873e-03 -1.5531914355e-01 1.7850523957e-02
-2.1062882292e-02 -1.9568818698e-02 1.1686791839e-01 -4.9529043304e-02 1.0667527795e-01 -5.0309915486e-02 -3.4866014275e-02 2.1167405784e-01 1.4025963225e-01 2.1771180575e-01 -1.4611464186e-02 -7.8172732242e-02 1.7198774338e-01 7.8368836950e-02 -4.8322031319e-02 2.3587141467e-02 1.9341719811e-02 -2.6036798715e-02 -1.3898199051e-02
-3.4997805124e-01 4.4092163554e-02 -1.4900825838e-01 -4.5563452698e-01 3.7519918629e-01 -5.4367547816e-02 2.0672225665e-02 -1.4344785896e-01 5.4374447742e-01 5.2098820903e-01 -5.0870283146e-01 -3.3805263355e-01 4.9783024001e-01 5.2040226074e-01 -3.4013247544e-01 -1.1102868781e-01 -3.3405060275e-01 -4.1964367962e-02 6.4676971349e-02
-8.7304677850e-02 3.2207019470e-02 -7.3128248848e-02 -6.1573911481e-03 9.4853234919e-03 3.7418420678e-02 8.3177119725e-02 -3.3106886110e-02 -3.5012916984e-02 -6.8687194228e-02 5.1370710555e-02 9.6678648819e-02 -2.6239313712e-02 1.3286966765e-04 1.1579132533e-01 -5.9476425681e-02 2.7093636453e-02 2.9649905893e-02 1.0003379462e-01
1.3128421322e-01 7.1167260513e-02 1.0632856995e-01 1.7239310634e-02 -9.1693665558e-02 3.0883940136e-03 -3.3785593907e-02 2.6711335500e-01 -1.0795603575e-01 -4.5463805988e-02 1.7102576588e-01 5.0724207419e-02 1.2325441391e-01 -1.0147375701e-01 9.7082339554e-02 -8.9384153195e-02 7.2600628075e-02 -3.4466359707e-02 -1.0239393819e-02
4.0419812000e-02 6.1451652127e-03 1.5215553708e-01 5.7173849809e-02 1.5879807401e-02 4.0209505665e-02 -1.1401371465e-01 2.3630996711e-01 -2.4511183722e-02 1.6308927396e-01 -6.5611301435e-03 9.0517746703e-02 1.2617300994e-01 -6.5324523145e-02 -1.0698227562e-02 -4.4441466464e-03 1.5987549759e-03 -2.9317146874e-02 -1.0383535809e-02
1.4088529128e-01 -2.2420228070e-03 2.9439272321e-02 3.2724107268e-02 4.9553363446e-02 -8.1348070631e-02 3.5139834679e-02 3.0359309034e-01 1.3982086449e-02 1.6977751745e-02 3.6751654049e-02 -3.8971856620e-02 7.9898275646e-02 4.3992945655e-02 2.1160992194e-02 -3.9949110831e-02 1.1064316793e-01 4.6946134512e-02 -9.6434398945e-03
6.8793802256e-03 -1.6447063899e-02 -4.3821391837e-02 -1.9068613266e-01 -3.7106334970e-02 -1.6905930413e-03 9.4920052043e-02 -6.4631021448e-02 -6.2885292320e-02 -2.6001611360e-02 4.3080195639e-02 1.8740417910e-02 -2.8221522730e-02 -1.2668887124e-01 3.8444390204e-04 7.1049014566e-03 2.9425248376e-02 7.9294653457e-02 6.2413122317e-02
1.4027199822e-01 -3.8486273317e-02 1.2850390979e-01 3.5459421528e-02 -1.5879651502e-02 -8.3957737743e-02 -3.2405101412e-02 2.4017180180e-01 4.3319446413e-02 -2.4932560285e-02 -1.7007974097e-02 8.7213411887e-02 1.2311926024e-01 -1.1953063928e-03 1.6436890090e-02 4.2653413554e-02 4.6589259621e-02 -1.2438096673e-01 3.6161906938e-03
9.8779660664e-02 -3.1813950597e-02 -1.1036679345e-02 1.3757609886e-02 -5.9129354232e-02 -6.7838588532e-02 5.8502426431e-03 1.1430031953e-02 6.7169081554e-02 -7.7480741167e-02 -6.0025486944e-02 -2.6529603706e-02 -4.9080278401e-02 -8.6448612205e-02 8.0563419924e-02 -2.1790574479e-02 2.5599765878e-02 -9.7436895264e-02 -2.0064685299e-02
5.6839018644e-02 1.0243798304e-01 -3.5903764048e-02 -1.2817738393e-02 1.5673954391e-01 -3.3256589714e-02 1.0270781546e-01 -1.8700541801e-02 -3.2850680919e-03 5.9905265511e-02 -6.9071982147e-02 2.2877500754e-02 -5.1325151167e-02 -4.0641982087e-02 -1.9229064111e-02 8.7202960262e-04 3.3508509733e-02 1.2242398886e-02 -1.3419261411e-01
-2.7243643563e-02 9.2903480160e-03 1.2116758496e-02 9.8713054757e-03 6.3277900245e-02 -8.0998922484e-03 -2.9254341536e-02 2.5744927206e-01 1.4786933497e-01 7.3864225853e-02 -4.1042379832e-02 3.2856938610e-02 1.1266903837e-01 1.5963836718e-01 -9.0827596359e-02 2.7079593788e-02 -2.9795357641e-02 -1.8248722957e-03 -3.9298928336e-02
