-1.8060069227e-01 -3.2964304728e-02 6.7602203487e-02 -1.0062438640e-01 -4.5602592570e-02 2.8494551880e-02 -1.8419214362e-01 -9.2529057825e-04 1.9095048368e-01 1.0481796058e-01 6.6718735269e-02 -1.0989186995e-01 2.0976363996e-01 2.3654793797e-01 -5.5707060840e-02 -6.3863610352e-02 -5.5960839297e-02 -1.7762554344e-03 1.8186621916e-01
1.9241828870e-02 2.5857213226e-02 4.9518486567e-02 1.0159408737e-01 2.5122473112e-03 -2.6777891997e-02 5.6287017218e-02 -4.9367901799e-02 1.1752201768e-01 -2.9421152381e-03 -1.9131977625e-02 5.0528059450e-02 1.3703517607e-01 4.1222700602e-01 3.6549814176e-03 1.0509676740e-01 -3.8656367208e-02 2.6558834786e-02 7.3404225940e-02
-4.5725609693e-01 -5.3223460563e-02 -7.0857097545e-02 -4.8553166936e-01 2.5955013517e-02 2.1729963644e-02 -6.8292100495e-01 -4.9832943041e-03 4.8862570934e-01 4.5469928982e-01 -1.4289197101e-02 -5.4006260605e-01 4.1605375805e-01 2.3022908295e-01 6.9392300952e-02 -3.0495771657e-01 -1.9822030628e-02 1.2103238187e-02 4.8896041908e-01
-8.5020078707e-02 -1.3071131250e-02 2.7728389686e-02 -1.7752929805e-01 -8.2797019695e-03 4.9255508612e-02 -1.7800264725e-01 -3.0144371441e-03 1.2234756328e-01 2.0538425889e-01 -5.2529071874e-02 -1.2001676457e-01 3.4274355155e-01 2.2651497138e-01 5.1389214205e-02 -3.8343461069e-02 -1.4550482132e-02 3.3577598960e-02 1.4590303892e-01
2.0680172809e-01 6.2086515368e-03 -3.1240186265e-02 -1.1532918434e-02 2.8691685393e-02 4.4296482053e-02 4.6898563293e-02 7.3055259669e-02 -2.0577188026e-03 -1.6862713377e-02 -3.7178420273e-02 2.0702627311e-02 3.5271896192e-02 4.4742188709e-02 -7.1420569907e-02 -4.5487967763e-02 -3.9426473679e-02 -1.4137990657e-02 -1.0836194089e-01
-3.7849396445e-03 -8.0855782460e-03 5.2591286933e-03 6.8596051928e-02 1.4589511258e-01 -3.8214085124e-02 1.1993562364e-01 -8.3784107427e-02 2.9068885933e-02 -5.7886159875e-02 -1.2097234863e-01 1.4202664838e-01 8.0910071401e-02 3.3891985436e-01 -5.1632534543e-02 8.2913524918e-02 -2.8774901341e-02 -8.1803454821e-03 2.6854789642e-02
-1.2405333446e-01 1.5655692859e-02 -6.9536541392e-02 -2.0335969321e-01 -3.6298420778e-02 2.2969591514e-02 -2.8235276001e-01 5.1680047682e-02 2.0469452889e-01 2.5921806606e-01 1.0954364568e-01 -3.0154324780e-01 3.1068228231e-01 4.3670732147e-01 -5.5467852209e-02 -1.6200322451e-01 -1.9833186870e-02 7.2890902696e-02 2.5519241723e-01
2.9593819808e-02 -3.0239691603e-02 5.1960847605e-03 -1.5677433015e-02 -1.0249521862e-01 4.1970835459e-02 -4.4802533965e-02 -1.5320730865e-02 -4.3180085429e-02 -1.0978514773e-01 2.6548166939e-03 5.2956148993e-03 -2.4007545380e-02 9.3101706595e-03 -5.4681014856e-02 1.0576643778e-01 3.6733022087e-02 -1.4537852110e-02 -2.6977509370e-02
-2.2716404443e-02 3.0640489429e-02 -6.7024038992e-02 3.5326383519e-02 3.3492590334e-02 -1.0210266605e-01 1.3929243597e-02 -8.9924662113e-02 1.8351452227e-01 1.4229515677e-01 -4.7635658569e-02 -5.1628688019e-02 1.5791753363e-01 3.3928858860e-01 1.9818846211e-04 4.7507413001e-02 2.3027915703e-02 -3.9610937001e-02 1.2284715765e-01
6.2604561178e-02 1.3016052741e-01 -5.3206217111e-02 1.0098049081e-01 7.6048134250e-02 -7.3494375392e-02 1.7646509040e-01 -8.4376911089e-02 -3.6434344136e-02 -5.1830898611e-03 2.9025940984e-02 6.5660867257e-02 6.3902383094e-02 1.7435807183e-01 5.7672515407e-02 1.5106156592e-01 -5.3238751589e-04 2.3073903504e-02 -2.2452407774e-02
2.6338389550e-01 -4.3514287822e-02 -4.5411442251e-02 1.9564132619e-01 4.9070863755e-02 5.5968540014e-02 1.5846209317e-01 -9.4146554050e-04 -9.2585685807e-02 -1.2207377161e-01 -2.6306430813e-03 3.6692529340e-03 -9.2164454103e-03 2.1271175025e-01 -9.5740379556e-03 1.3821949481e-01 6.4867881426e-03 -1.2481920099e-01 -1.9430945926e-01
-1.2232685648e-01 -8.7838387395e-02 -1.2756768779e-02 7.0099174808e-03 -3.7935761777e-02 -4.6400675131e-02 1.4576337323e-02 -1.9881016141e-02 7.9696380836e-02 -7.2377606453e-02 -1.1683354127e-02 -3.2888541039e-02 -6.9773976626e-02 3.1903545902e-02 -2.9021903931e-02 -1.1666355978e-01 3.9346916138e-02 -3.0711550811e-02 -1.1327117138e-01
-4.0352562080e-02 8.0912053239e-03 -3.9029935684e-02 3.9694808807e-03 -4.5584084387e-02 -2.7229206448e-02 -1.0552830054e-02 -1.0779498813e-02 8.7723327501e-02 7.6654022237e-02 -1.0912090858e-01 -2.0492754336e-02 1.3869156414e-01 3.8139789635e-01 -5.7367825470e-02 -3.1263301623e-02 -7.4165743876e-02 -1.1291748361e-01 5.9138466703e-02
-8.0016891914e-02 -1.1345254106e-02 1.4539000203e-02 -6.6760251963e-02 -7.9883400183e-02 -9.8407414647e-03 -1.4939060051e-01 7.4809525154e-02 1.3684772558e-01 1.3829257708e-01 -1.6469896394e-02 -1.7692766704e-01 2.0942969281e-01 3.6523296014e-01 3.3284835736e-02 5.0645693935e-02 -1.9292965442e-03 1.3422235995e-01 1.8562061834e-01
1.0454492046e-01 -1.0627407527e-01 -2.6959940739e-02 2.7999922571e-01 -8.0570868352e-02 -6.5648859069e-02 6.3094017587e-02 -7.0825105840e-02 -7.1212810581e-02 -1.6827055231e-01 -9.1863584104e-02 7.6863125740e-02 5.3803769028e-02 2.6255351152e-01 -8.3179682239e-02 5.5498973481e-02 1.0467721982e-02 8.3695715459e-03 -7.1769891678e-02
-2.8751824310e-02 -1.4913827712e-01 -6.4585276421e-02 1.4898464744e-01 7.2918211574e-03 -2.3627422994e-02 -5.5714994331e-02 3.3331337927e-02 2.5993234323e-02 5.4538446452e-02 1.0037570229e-02 -3.3348501752e-02 1.7915513004e-01 3.4514739510e-01 -4.4334315162e-03 1.0067193637e-01 -1.6879423659e-02 2.8847775961e-02 -2.0586886344e-02
1.6522358038e-01 1.9863791722e-02 -3.5090944371e-02 2.5949216616e-01 5.1204758678e-02 -6.7273009832e-02 1.3598832137e-01 -7.8665294860e-02 -1.8192842314e-01 -6.8930341215e-02 6.7969614419e-02 1.2506016426e-01 6.9930004959e-02 4.7686348594e-01 -3.4802302621e-02 1.6123423169e-01 8.5848098282e-03 4.7812198078e-02 -1.9197479159e-01
1.0997381779e-01 2.5775972527e-02 -1.0306064230e-01 1.6260605166e-01 -4.2399343886e-03 -5.8921857638e-02 -1.1354286816e-02 -4.6771749736e-03 -3.3298471574e-02 4.4200007754e-02 -1.1304715507e-01 -1.4618337917e-02 1.1259533907e-01 3.4150258564e-01 -1.5398905235e-02 1.2660890389e-01 1.0210673359e-01 -5.2988572994e-02 -1.1944230086e-01
8.0013273092e-03 6.4175772019e-02 -2.6077496631e-02 9.2200133142e-02 4.9867267543e-02 6.8465643633e-02 4.3592311721e-02 2.5443785000e-02 7.2216822221e-02 1.0631843353e-01 -6.1393717317e-03 4.1599435519e-02 -4.3777767455e-02 -4.9005446924e-02 7.2595068782e-02 3.1875521333e-02 1.7390358823e-01 2.7262211753e-02 4.9516642329e-02
