-1.2879880515e-02 -4.5368994333e-02 4.0055760075e-02 -3.4571342218e-02 -9.3978490809e-03 3.4028370503e-02 -7.7518768034e-02 -7.8284131572e-02 -5.6222393282e-02 5.0878031071e-02 8.7201588229e-03 -7.5168375112e-02 -9.8722828194e-02 6.8817696521e-03 5.9715579570e-02 -1.2311448211e-04 6.3095763149e-02 -1.9764496396e-03 -3.3226413778e-02
8.8910194417e-02 1.3086189505e-01 -5.9309410252e-02 2.3758843797e-02 -3.9817145266e-02 3.5264716113e-02 3.8742606022e-02 -6.5343984964e-02 -4.6562690480e-02 -5.8865499734e-02 -7.0598388372e-02 7.1839017640e-02 3.7535049687e-02 -3.5835543418e-02 8.9147834961e-04 6.2873633478e-02 7.7151410089e-03 6.7245209021e-02 -2.1616157614e-02
6.8062595307e-02 4.3099012419e-02 1.2202729173e-01 1.8819902373e-01 -2.2211019538e-02 -3.1498845355e-02 -1.3816126546e-01 -2.2687566318e-03 -8.8472367539e-03 -4.4927133943e-02 -4.2514246943e-02 -1.0397321494e-02 5.9514691503e-03 1.0347341579e-01 -1.3092395047e-02 3.3746443276e-02 1.7105815140e-01 5.3866151115e-03 1.9951752394e-01
-4.3953836836e-02 2.0237484301e-01 4.2150838736e-01 2.5316652838e-01 9.0553040177e-03 5.3860411422e-02 1.5400753034e-01 2.8009548790e-01 1.0345752953e-02 2.1151870559e-01 3.6789724048e-01 -1.2091650836e-01 8.0240833119e-02 -1.5227234267e-02 8.0479057742e-02 -2.7616747777e-02 -1.7924848111e-01 2.8989249460e-01 -8.0822328540e-02
-3.3504332357e-03 7.7607341355e-02 1.3001008448e-01 8.8612511988e-02 -8.3028111541e-02 -5.8992207176e-02 2.1778905538e-02 7.8487125615e-02 -9.5125198022e-03 7.3877532920e-02 -1.1935534815e-02 -5.9144614860e-02 -1.3087818555e-01 -5.9632030617e-02 3.5445251452e-02 2.3672533182e-02 2.3740942112e-02 2.3533248656e-01 8.1479205601e-02
-6.7300302514e-02 2.6184518127e-01 2.4159248651e-01 1.6541479426e-01 -8.2536282527e-02 7.1871777176e-02 2.0588992218e-01 2.0758979411e-01 1.3515494487e-02 2.8803808544e-01 1.4390314199e-01 -2.0170533707e-01 5.2767290079e-02 -2.0938235145e-01 2.6871185007e-01 -2.7505761373e-02 -1.4179687572e-01 2.2197003009e-01 -2.9957495934e-02
9.4058103415e-03 2.2111360959e-01 2.5369266636e-01 2.5087397158e-01 4.1967865582e-02 -6.3082676385e-02 1.2710421660e-01 1.0368447006e-01 3.5939309503e-03 2.0838366652e-01 1.3202716446e-01 -1.8569862913e-01 -1.3892945998e-01 -6.2285956978e-02 2.1318868011e-01 -4.0172534724e-02 -1.2774750546e-01 2.3950445832e-01 -7.6640398114e-02
1.6767451440e-02 3.0458012845e-02 -2.6620508337e-02 2.4305786830e-02 -7.3289388833e-02 3.1031752099e-02 3.3323855693e-02 -3.4567142011e-03 -5.4667045174e-02 -1.1689720062e-02 7.0947074316e-02 6.8541257584e-02 -7.9770017086e-03 2.5092446070e-02 1.0320873693e-02 -1.9471213949e-02 -4.6921261839e-02 -1.7949148609e-01 -9.9244584965e-03
1.9961128194e-03 -2.7398156520e-01 -1.7413759137e-01 -2.7833185020e-01 -2.4846289967e-02 9.8067266215e-02 -3.1280294963e-01 -3.1911939276e-01 8.1999140661e-03 -3.9539468878e-01 -1.3371106855e-01 3.0923741815e-01 -1.6776299370e-02 3.1787802689e-01 -3.4641616703e-01 2.7032855915e-02 3.4766608907e-01 -1.1269780247e-01 4.1567130109e-01
1.7345766027e-02 1.2591838934e-01 1.7995677429e-01 1.0892151042e-01 4.9180301070e-02 -6.2882516293e-02 9.9682831842e-03 3.4775467884e-02 1.2381658263e-02 2.3375842114e-01 1.0377580415e-01 -6.0897773776e-02 3.6113471082e-02 -1.9220596438e-02 8.3973747011e-02 -4.9952704353e-02 -4.7654114645e-02 1.6260962572e-01 -1.3326467283e-01
-4.0387290535e-02 6.4880957478e-02 8.0380793853e-02 -3.8543837048e-02 1.3856379797e-02 -4.0842068144e-02 -6.9217290374e-02 9.5325773465e-02 3.5069321074e-02 4.9237827361e-02 4.2262392727e-02 2.4829661961e-02 -1.3920401758e-02 9.0184005227e-03 -5.1688110503e-02 1.3083800736e-02 9.6066690452e-02 1.0086175461e-01 -4.4776172009e-02
2.4082336633e-02 7.6936474609e-02 -3.2686271313e-02 -1.9065156402e-02 -1.9509285805e-02 -7.6296797069e-03 -3.7732286322e-02 -1.4710866309e-02 -8.3938148729e-02 -9.4973149689e-03 9.3523215072e-03 -1.2888857174e-01 6.6614696705e-02 1.5454400758e-01 5.5794359813e-02 5.6907774718e-03 -1.2938405590e-01 -4.7622520548e-02 -1.5933720315e-01
-1.1375743070e-01 -5.0279896696e-02 -2.4172084487e-02 -8.0312423705e-03 -3.6983290665e-02 -3.7586980839e-02 1.5322063783e-02 7.4526542541e-02 -5.6710744582e-02 -1.3597965141e-02 -1.4649960498e-02 -3.7570952422e-02 -5.9531426560e-02 7.6180027765e-02 -4.7652916985e-02 9.7997969908e-03 3.9721012108e-02 6.5322150862e-02 -4.9684823653e-02
-3.5506143597e-02 8.7042101232e-02 7.6588744320e-03 1.6744359470e-01 1.3008615385e-02 -3.1149931049e-03 5.3653432497e-02 2.7650028254e-02 -7.4306263360e-02 1.2863135953e-01 2.7503525198e-02 1.0234525061e-01 -3.3057754722e-03 3.0993853345e-02 1.1596338638e-01 -1.5111092601e-02 5.4379263149e-02 1.7071434708e-01 9.1286040253e-02
-1.6059680778e-02 8.7815096431e-02 1.0986714560e-01 -1.7319947082e-02 -5.7938795851e-02 6.7935304806e-02 1.1204189750e-01 -8.4913261848e-02 -4.0773256693e-02 5.1440413797e-02 5.7185339271e-02 1.2525060940e-01 1.5142098861e-01 3.3387867983e-02 1.0367212838e-01 1.1355134192e-01 -2.9132516028e-02 8.8834283505e-02 6.3736845028e-02
-1.3476000248e-01 1.2916118394e-01 -5.2931539510e-03 -9.7895020839e-03 -4.0188131322e-02 -4.0798337631e-02 -2.4469513300e-02 -3.5733063902e-02 1.9223561834e-03 -1.3461258612e-01 -3.8735957237e-02 1.1728011290e-01 -9.0441688033e-02 4.5592736150e-02 -9.8611520749e-03 -1.0543319506e-01 1.4509946439e-01 4.7477364399e-02 1.7808500163e-02
-4.7304016275e-02 1.0823081264e-02 3.5650389396e-02 6.0241007126e-03 6.9878979622e-03 8.7937704187e-02 2.7915237974e-02 4.0095623268e-02 -1.3843196754e-02 -5.2717558334e-02 -6.7916815150e-02 -4.7326636002e-02 4.5017844390e-03 3.2067698436e-02 -9.5619721444e-02 4.2733435105e-03 3.3852303075e-02 -3.3332295333e-02 -1.6950980983e-02
3.1212886158e-02 -7.9047336976e-02 -5.6496380405e-02 -6.8138911835e-02 -4.4661983767e-02 2.5211141004e-02 3.4293719739e-02 -2.3889947223e-02 -1.8408750193e-02 -1.5434979930e-02 -6.8727551652e-02 -5.3235603474e-02 -8.2660226156e-02 6.6361538487e-02 -4.4685565454e-03 -3.4906938754e-02 4.8834508036e-02 8.5753129186e-02 -3.0469051497e-02
-1.1240359537e-02 1.6581303765e-01 2.2994691966e-01 1.5401572159e-01 -3.1079523105e-02 -3.8450965777e-02 2.3463034171e-01 1.0767468072e-01 -4.0165820708e-02 8.0202884564e-02 -7.9671127320e-03 -9.2503506478e-02 7.0085510216e-02 -1.2132234336e-01 5.8262596981e-02 -1.3570525067e-02 -5.4732145016e-02 1.4333782407e-01 2.0335940010e-02
