-1.4064418858e-01 2.6316563056e-01 5.1648872116e-02 -1.0513184261e-01 -2.7118347472e-02 8.8694607491e-03 1.7966980038e-01 4.7565336482e-02 5.3350421119e-02 -6.3321621309e-03 -5.8000924297e-02 1.4905489752e-01 7.8722743090e-02 1.1656136739e-01 1.1743286226e-01 1.3092915963e-02 -9.3338577500e-02 8.9430352951e-02 -5.5002436164e-02
-2.1362067980e-01 2.2240370738e-01 1.1974189237e-01 -7.7508105662e-02 -7.0282026143e-02 -9.2101848564e-02 1.9981500698e-01 -1.1370517473e-01 -3.3461004315e-02 -8.0105868701e-02 8.7617700471e-02 1.3490521311e-01 2.2618791934e-01 1.2394322661e-01 -1.2939801095e-03 -3.2069692752e-03 -5.2350063713e-02 1.2577678125e-01 -8.9344702230e-02
9.8850394995e-02 2.8890287498e-02 2.7661559362e-02 9.8813067177e-02 1.0735905635e-01 7.8604427179e-02 -4.8912724875e-02 -7.6167975921e-02 7.0131308676e-02 -2.2274181309e-02 1.4048552302e-01 1.4259688790e-01 7.0644622326e-02 8.1422926577e-02 5.6287675980e-02 -9.0257584985e-02 8.2094494980e-02 6.3459751790e-02 -3.9696435589e-02
2.9390915904e-02 -1.1184034766e-01 -6.8272259964e-02 7.2285954571e-02 3.2503212777e-02 5.0265044687e-02 -4.3315502086e-02 4.8325702566e-02 4.0998195984e-02 -3.9566086051e-02 3.9994851206e-02 -5.4303182422e-02 -4.6248820043e-02 -1.1242288655e-01 -1.8630303605e-02 8.0929166224e-02 8.1474968977e-02 -1.3750716742e-01 5.9867098299e-02
8.3480530173e-02 6.9243673726e-02 7.2396857551e-02 5.9799759476e-03 -1.3078889872e-02 7.6101626494e-02 3.5072511356e-02 -8.4000255454e-02 -2.1538573780e-02 2.7254702416e-02 -5.2901954595e-02 8.8075075588e-02 1.3560147886e-01 7.5371251436e-02 5.4095137045e-02 -4.6640851232e-02 1.6811699010e-02 1.0206409454e-01 6.7212678309e-03
5.6252111580e-02 1.5248754900e-01 1.0426170620e-01 -4.3414402404e-03 2.7510529590e-02 2.4168181359e-02 -7.0843110761e-03 -1.2080514025e-01 -5.9594981387e-02 2.5414292518e-02 -3.2466691415e-02 2.7366944565e-02 1.6613464213e-01 4.2642396651e-02 1.2935917949e-01 9.3216881745e-02 -9.1109000179e-02 1.3673760854e-01 -5.7587207964e-02
-6.5594847752e-02 1.6668109589e-01 7.0526358142e-02 2.8920908707e-02 -1.3977013617e-03 1.2745806422e-01 -8.6418019882e-02 7.5261675733e-02 -2.6128505522e-02 5.5822037112e-02 6.1837591619e-02 4.5331385436e-02 1.2255587395e-01 -4.7266002303e-02 2.3831726294e-02 -3.8440547304e-02 -4.1281999685e-02 -9.4715924559e-02 1.1487577888e-02
1.1821366749e-01 -2.1485309223e-01 -1.5447597665e-01 2.1008280898e-01 1.2214651745e-01 2.1325596190e-01 -1.7651789274e-01 -3.2592227134e-02 -7.8508450023e-02 2.3205127446e-02 5.4499429505e-02 -1.8098735095e-01 7.3892908942e-02 -1.1882027044e-01 -1.6150412940e-01 1.3251487398e-01 2.2843328935e-01 -5.4741009228e-02 1.3583879959e-02
2.0783452920e-01 -1.5463446431e-01 -2.2612608863e-01 2.7625264758e-01 3.4886659564e-01 3.7791863996e-01 -1.9985761861e-01 -2.0410510470e-02 -7.3923373805e-02 4.9827521624e-03 7.8687788486e-03 -2.6080221980e-01 -1.0244997589e-01 -2.3684537607e-01 -3.2291053978e-01 -4.3871038679e-02 3.1725446827e-01 -5.6234498195e-02 -1.0241036439e-01
-6.4351381412e-02 -1.0823531714e-01 2.6546247607e-02 -9.0652117409e-02 -3.6654189785e-02 3.2577580933e-02 2.4939787365e-02 1.0805064056e-01 -6.7521619718e-02 7.7369806003e-02 -1.6246383374e-02 -1.6976505231e-03 1.1286383738e-02 -8.3843253407e-03 -1.0832452121e-01 -5.4075041024e-02 -4.8988132407e-03 -5.8173789959e-03 2.3594448232e-03
1.3905571205e-01 1.2062712469e-01 -4.4755081595e-02 8.8923189944e-02 -2.3381778006e-03 8.2980141621e-02 1.0783052150e-01 -1.1220661484e-01 -3.6170211327e-03 -6.8390724940e-02 1.1856187931e-01 -2.6007533704e-03 1.6095012811e-01 1.0294639705e-01 1.4370668919e-01 -1.0939371107e-01 5.9620453443e-02 1.1925337160e-01 1.8062249961e-02
-8.0146351476e-02 5.8222229086e-02 2.0650134616e-01 -7.1247104674e-02 -8.4121303342e-02 -7.4955792160e-02 8.6470213330e-02 -7.6350463780e-02 8.9174011303e-03 -3.1501200781e-02 -5.8259573763e-02 1.0686615668e-01 1.0381608930e-01 6.4309954837e-02 1.6438754689e-01 2.2932443830e-02 -3.6946827178e-02 4.8843397969e-02 -3.4694257923e-02
1.0117039590e-01 -1.9529461401e-02 5.5465280752e-02 2.7059297010e-02 1.3631777470e-01 8.0278879090e-02 3.6222929725e-02 -7.2159959005e-02 -6.0673203584e-02 5.2627979776e-02 2.7655942506e-02 5.3857775412e-02 3.7272564100e-02 1.0440517582e-01 5.7733917181e-02 1.0670157855e-02 -1.0892231089e-02 -3.1786350269e-02 6.9439275907e-02
1.6917313658e-01 -1.7787842955e-01 -1.3893125834e-01 2.8175708594e-01 2.0352938252e-01 2.4272064034e-01 -1.3757793244e-01 -1.2205527959e-01 2.8533973695e-02 -6.9932915576e-02 -1.5639872819e-02 -1.7447591027e-01 1.5041038058e-03 -2.2499633310e-01 -6.0074696371e-02 -1.9789127300e-02 2.1958664913e-01 -2.1966798422e-01 -4.0367384970e-02
-1.4407044518e-01 -1.8824910628e-02 -5.4086266749e-03 3.0288375126e-03 4.2762902940e-02 6.0854181035e-02 -1.0768913642e-02 2.7227449200e-02 3.7748476107e-02 -9.7045404538e-03 -4.5745076390e-02 -4.3517725361e-02 -1.0179185210e-02 -7.8655033437e-03 1.2991900852e-01 -7.6777975653e-02 -8.9857964114e-03 4.5006612990e-02 1.1493752285e-01
4.1384806424e-02 3.5251507600e-02 1.5911754578e-01 -1.0148892344e-01 1.1838542982e-02 3.2389323264e-03 2.4915771724e-01 -6.7085381253e-02 -9.7111543140e-03 -3.1752116016e-02 -3.4984483192e-02 1.6810187294e-01 1.0899470030e-01 1.6408511224e-01 2.7614056739e-02 -7.8512321540e-02 -1.4063900484e-01 1.3815536489e-01 3.5564617523e-02
1.5708841918e-01 -1.6536975515e-01 -5.8753746925e-02 7.9353310568e-02 2.5456388052e-01 2.2123170290e-01 -2.2952403287e-01 2.0325149116e-02 2.5648314718e-02 2.7889224237e-02 -5.2320453270e-02 -5.2493532077e-02 -3.1361055601e-02 -2.8086511739e-01 -1.7995901140e-01 -1.6238253242e-02 1.9238682862e-01 -1.3406549586e-01 -7.7440019469e-02
-1.2132975020e-01 2.3926264752e-01 2.0212401827e-01 -2.5426260981e-01 -2.3193211093e-01 -2.0684028602e-01 2.1795350049e-01 -9.0832868755e-02 -9.8946015588e-02 3.4442585316e-02 -3.8134804401e-02 3.5033267556e-01 2.4181998050e-01 2.3153306862e-01 1.8554109267e-01 6.7265040982e-02 -1.2202313682e-01 1.6048927457e-01 2.7666061189e-02
-4.1615483672e-02 6.3706889171e-02 9.2838741198e-02 -2.4043652466e-02 -1.0633760095e-01 -1.9228797483e-03 1.0950324197e-01 -8.7012573323e-02 -8.8201983491e-02 -3.6813611996e-02 -6.2705279787e-02 1.1890850719e-01 1.4443211712e-01 7.6332822770e-02 2.1777274688e-01 -8.3608744420e-02 4.2928046702e-02 1.2942357114e-01 -4.8020227663e-03
