3.7789236916e-02 -4.6839762296e-02 2.3380835114e-01 -1.0144879329e-01 -1.3492885842e-03 6.1869541886e-02 -1.9755834225e-02 -9.6904189167e-02 1.3324703764e-01 -1.9413445675e-01 5.0484189140e-02 3.9702625618e-02 1.2437990766e-01 1.7307701285e-02 -3.4065293641e-02 -9.3910876731e-02 6.3632634119e-02 -4.8126540325e-02 5.8503312703e-02
-1.0309138898e-01 -8.8141559341e-02 -1.0966688717e-02 3.1654555708e-02 4.6666206306e-02 -3.8795087989e-02 1.1047110202e-02 3.3112469170e-02 1.2570754858e-01 -6.0102444334e-02 -1.0223152606e-02 -1.4897300015e-02 -6.9664369480e-02 2.7572436317e-02 8.1665625797e-02 5.7386482040e-02 5.8359252019e-02 2.0893948228e-02 1.0227786451e-02
-1.7155449678e-01 -3.2177895260e-02 1.0622930296e-01 -5.6438575565e-02 -8.7199621370e-02 3.1345558523e-02 -6.9054290334e-02 5.9657543785e-02 3.9408741269e-02 4.1600599290e-02 -1.3650245917e-01 -3.8840665469e-03 8.6606980734e-02 4.1596730963e-03 4.8814433062e-02 -7.2607643357e-02 -3.6326565441e-02 4.2882578014e-02 -2.8859365681e-02
-3.3563089463e-03 4.6049015034e-02 2.8788740446e-01 -9.2533593860e-03 -1.2065190024e-01 8.5249978527e-02 1.5700765658e-01 -4.5050758349e-03 -2.1018846108e-01 -1.9012437184e-01 -8.4039185408e-02 -8.8449206589e-02 9.9971126565e-02 1.0778227542e-02 -2.1751769926e-02 7.7783421761e-03 2.1944474919e-01 3.2642148430e-02 2.6925587126e-01
-6.4609630837e-02 -9.2321732945e-02 7.3106753849e-02 -1.6360550384e-01 3.6346239653e-02 7.2181531353e-02 8.9587811601e-02 2.8002694720e-02 5.9750660974e-02 -3.6265287755e-02 -1.3019500413e-02 -1.2277517884e-01 1.2733802930e-01 8.8037155221e-02 -3.6898672659e-02 5.3382266568e-02 -5.5782410271e-03 3.6618458921e-02 1.0800940012e-01
-5.9293667978e-02 -1.5288116501e-02 2.0756484457e-01 -6.8923585367e-02 1.2188594753e-01 2.5345996454e-01 2.4472157941e-01 2.9032446693e-02 -1.7824350136e-01 -1.9308080284e-01 -2.0865175665e-01 5.8365929112e-03 2.6992569974e-01 1.3670075866e-01 -1.9938227012e-01 -2.6743286218e-01 2.1042485421e-01 -1.8859230596e-02 2.4112512696e-01
3.2770180397e-02 -6.1816330029e-02 1.9149534566e-01 -1.0437027977e-01 2.8042959994e-02 1.7691139885e-01 3.3776637110e-02 5.1561431073e-02 -3.0213746157e-02 1.1737726463e-01 3.0979669760e-02 -2.7663163810e-02 -2.4994029896e-02 -1.9138924917e-02 -3.3735988613e-02 1.0291509832e-01 1.2003258288e-01 -7.5884879847e-02 6.8572951871e-02
-6.3413525790e-02 -1.8413055870e-02 1.7968291057e-01 -2.0894579221e-02 -4.0038065419e-02 1.3483185734e-01 1.6615724530e-01 6.9171891434e-03 -2.8090646788e-01 -2.4211665565e-01 -1.4753335732e-01 -3.0910470274e-02 2.3074034291e-01 -1.5862149547e-01 -1.2102642642e-01 -1.2851631573e-01 3.1554572266e-01 -9.9228536821e-03 2.6461399328e-01
3.0738623518e-02 -9.4179374187e-03 6.7480102855e-02 -9.5376553187e-02 3.7271379323e-02 -1.8397839681e-01 -2.4639572471e-01 -7.9635945179e-02 3.0751678872e-01 1.8092100139e-01 2.8054021181e-01 -3.6412822846e-02 -1.6548921292e-01 5.9603306882e-03 3.2417648225e-01 3.9770632383e-01 -2.5193871824e-01 8.2040776085e-03 -2.2004113957e-01
-1.5738573078e-01 -8.4885514567e-02 3.7008673415e-02 -1.0742284234e-01 -2.8045601021e-02 -6.6825467671e-02 -8.7409745216e-02 -8.4342273260e-02 1.9802899627e-01 3.0128531931e-01 2.4109092932e-01 -2.9063670807e-02 -1.0695623175e-01 2.8659867367e-02 2.0489636927e-01 2.9090938413e-01 -4.0053200154e-02 2.3039089882e-02 -6.8231741099e-02
1.7685527007e-02 5.3141720615e-02 -1.0118336793e-01 -3.0166349429e-02 1.1679928886e-02 -8.9206334256e-04 -7.8758550931e-02 -6.4501524296e-02 -1.0193900909e-01 -9.4713249204e-02 8.1672659426e-02 3.5659283784e-03 9.4221618521e-02 -4.0608912375e-02 1.8869691338e-02 -1.1544005430e-01 8.2445060962e-02 -2.1441311165e-02 -6.7554917167e-02
-2.6501602012e-02 -7.0182804382e-03 2.5779728383e-01 -1.9975034336e-02 -7.3434375089e-02 1.3501624097e-01 3.0062133704e-02 -1.9017265795e-02 -1.8696025793e-02 -4.1898763970e-02 8.0615995144e-02 -7.0126344714e-03 4.0297313935e-02 -7.8722637151e-02 4.8442398718e-02 -9.9951277853e-02 1.4437187967e-01 -2.0495128287e-02 7.8239337691e-02
6.9886259581e-02 -2.5062731485e-02 1.7320788179e-01 -3.6698394204e-02 -2.6666540562e-02 -5.5381786992e-02 -5.2873593144e-02 4.9710385633e-03 7.7818577368e-02 1.8383093510e-01 1.0762834241e-01 -1.2792547691e-01 2.5343690800e-02 -7.0099151022e-03 -8.9081886442e-03 1.4481573631e-02 -4.2761832507e-02 -1.3492407987e-02 -5.3176613564e-02
-1.6775288301e-02 1.5988581128e-02 -9.9364158611e-03 6.5054807379e-02 -7.1370915173e-02 -2.0143195247e-02 1.3852272893e-01 -7.5389773860e-03 -1.5005815892e-01 -1.4468014889e-01 -3.0657541294e-02 -2.5058249969e-02 -6.1567849251e-02 -5.3700817447e-02 -5.7303268467e-02 -1.0110209464e-02 -3.2214928102e-02 -6.3866139751e-02 2.8303540348e-02
-3.8628505754e-02 -1.4521933069e-02 1.7796186841e-01 -5.7466484656e-02 2.3559209244e-02 -6.2488718015e-02 -7.7552473968e-02 -1.4660492249e-01 1.1894131554e-01 1.9207395059e-01 2.2691275681e-01 -5.3085690761e-02 -6.7797116872e-02 4.7510806124e-02 1.3979193796e-01 2.0938188650e-01 1.4611272241e-02 -3.3227089943e-02 -5.5718266966e-02
-3.0954365396e-02 -5.9404860379e-02 2.5611516979e-01 2.4114950975e-02 5.3641232103e-02 6.7880090743e-02 3.3492722498e-02 4.0621899933e-02 1.2045043348e-01 1.1441519349e-02 1.3060206739e-01 -4.7291652768e-02 -6.5683847521e-02 -4.2140018836e-02 7.0123666587e-04 4.2724039702e-02 1.3493518716e-01 -1.0761649173e-01 1.3131691089e-01
-2.8540790756e-02 6.9535159484e-02 2.1959511536e-01 -6.3551708039e-02 -7.0658039703e-03 -4.5280388495e-02 -4.6622076930e-02 4.3465158984e-02 5.4175308746e-02 1.4797973906e-01 5.0045806354e-02 -3.8547951476e-03 2.6425850369e-02 7.1831500709e-03 9.5723695999e-02 3.8779055696e-02 8.0257182357e-02 -1.4372657342e-02 -1.8996902482e-02
-7.9682702723e-03 7.5500270802e-02 6.6078827940e-02 -3.5251698663e-02 1.6455897233e-02 1.0527626732e-01 3.4607830909e-02 1.2736256274e-01 -2.1457627076e-02 -3.0631504211e-02 4.6019575896e-02 -4.4029350877e-03 -1.3640059474e-03 -1.0952976060e-01 -1.4027469536e-02 3.1349464807e-03 -1.7680609734e-02 -9.1051972925e-02 -4.4935192541e-02
-8.4374735943e-03 -6.0890850153e-02 6.7177185021e-01 -6.7924120487e-02 -7.8056571925e-02 3.9546394266e-01 -4.1257069199e-01 -4.0003386141e-02 5.3150011459e-01 3.7503224545e-01 3.6998320795e-01 -6.9640055972e-04 -1.9750170881e-01 -2.3181122192e-02 5.7800900380e-01 4.6465819370e-01 -1.4173463747e-01 4.8985224885e-02 1.9911358200e-01
