2.4012842397e-01 6.7244682100e-02 1.4355114433e-01 -1.0457504478e-01 9.8907449979e-03 2.0569522097e-01 9.2417439140e-02 2.9505027013e-02 1.8677092468e-01 -5.2334662537e-02 -7.6402435945e-02 -1.7237868006e-01 -4.5226217762e-02 -2.4513834364e-02 -5.6379458677e-02 1.9493247978e-01 1.4667192422e-01 4.7820689154e-02 3.0240599327e-02
5.6771089314e-02 -6.2335354034e-02 6.6061028109e-02 -1.4257335036e-01 -1.8032591865e-02 1.4395751700e-02 1.2313536301e-01 1.4911171385e-02 -1.6688775649e-01 -6.2653937233e-02 1.1835654162e-01 -4.5402289724e-02 2.6818058767e-02 2.7829077953e-01 -2.1879914122e-02 -6.9491233048e-03 -3.3526055017e-03 -9.6818890974e-02 2.1525810428e-02
1.4851727597e-01 6.6755686005e-02 -8.4829197969e-02 1.3476835720e-01 -4.6641156073e-02 6.2747122810e-02 -6.9261565487e-02 -4.9792409852e-03 -8.0490120007e-02 3.5745315657e-02 6.5587710038e-02 -5.7250697102e-03 4.7650487805e-02 1.5919405517e-01 6.4809981830e-02 1.8451458614e-01 3.7841470238e-02 -9.1578215558e-02 -1.9989460758e-02
8.0564319698e-02 3.1096917382e-02 -5.1506237434e-02 -1.4070730840e-01 1.1602954162e-01 -1.8939991598e-02 1.8718794709e-02 -6.7711859277e-02 -3.9932348213e-02 -6.1984880096e-02 1.0532425958e-01 -2.4209175599e-02 -4.6195068911e-02 -7.3728174405e-02 5.9133979793e-02 8.1685959534e-02 -7.3412913987e-03 7.1791569610e-02 1.6075067546e-02
2.0088671502e-01 -7.9646693560e-02 -1.5995611659e-01 3.6724121535e-03 2.1378209789e-01 2.1322554724e-03 9.4959285636e-02 -6.8367450548e-02 6.1867010784e-02 -8.2486595311e-02 3.2393735577e-02 6.1303134503e-02 2.6990070322e-02 6.3898008116e-02 -1.5988241485e-02 -9.3400486015e-03 2.3210453485e-02 2.5737267726e-02 1.1523267011e-01
1.3850206447e-01 1.7103846676e-01 7.4896818578e-03 3.0068211715e-02 -1.4978134463e-01 -2.8537305911e-02 -1.1850478330e-01 4.0330144824e-03 -1.9279637039e-01 1.9999971706e-02 1.3736480122e-01 -2.0087520769e-01 -1.1017052856e-02 -2.0226088624e-02 1.3414704820e-01 1.5634167070e-01 7.9755396859e-02 2.8807935135e-01 -5.4113516603e-02
8.9819807574e-02 2.2107771956e-03 -2.4067946337e-01 -2.2456698396e-02 -3.3512223645e-02 2.8565929341e-02 3.4573891677e-03 -6.7791290940e-02 -2.2076712212e-01 -1.3450485137e-01 1.9667093191e-01 -9.2619937693e-02 1.1118567131e-02 -2.3443460961e-02 -2.0611279533e-03 6.0891520081e-02 3.8557331625e-02 1.7157261595e-02 2.3108094587e-02
4.5894647070e-02 8.4002701317e-02 1.0676661797e-01 3.6677980700e-02 6.7912297020e-02 -4.6084549867e-02 4.6542714117e-02 4.1813765387e-02 -1.6177176502e-02 -1.1007714249e-01 3.4055575907e-02 1.1969784804e-01 -9.7165796334e-03 2.0357977622e-01 -1.5401189837e-01 -1.0047989611e-01 -6.1760872127e-02 2.9535783138e-01 -1.6933627211e-01
-1.0261512128e-02 1.1515420150e-01 1.8038959297e-01 2.0421177310e-01 5.7523347918e-02 -1.0375884949e-01 1.2212113929e-01 1.5504101115e-01 -3.2634707603e-01 -6.6742151914e-02 6.1335157226e-02 6.6523574394e-02 -5.3571229628e-02 -2.8712904263e-01 -2.0324120457e-01 -1.7813848640e-01 -9.6152706727e-02 9.5277090844e-02 1.4969082589e-03
1.5736470509e-01 6.8953620665e-02 -1.5460595679e-01 2.8546693871e-03 -7.4123975266e-03 9.9570319627e-02 7.2118594595e-02 5.9572237148e-02 1.5916468555e-02 8.5156575422e-03 1.6105697549e-01 -6.7683208695e-02 1.1145642656e-02 3.0076580038e-02 1.1615090973e-01 2.7054427505e-02 1.1238931479e-01 3.3538138630e-02 -9.1937163983e-02
1.1674837070e-01 -1.0295448818e-01 -2.4151224728e-01 3.8071071475e-02 7.3785846945e-02 -1.0531910262e-01 1.5355534202e-01 -6.6499122653e-02 -2.2084628362e-01 6.6272812383e-02 1.1307757067e-02 9.3501742589e-02 -4.0554287701e-02 -3.9069748621e-04 5.7220233380e-02 -1.6987564702e-01 1.2908774569e-02 2.5999505978e-02 -3.5247334469e-03
1.9775187229e-01 1.1933702274e-01 -1.2000739320e-01 3.4359942690e-01 -1.5103053544e-01 2.7566202693e-02 -1.1976824332e-01 1.2874162140e-02 5.7799425306e-02 3.9579870281e-02 3.0805552555e-01 -2.0253350898e-01 -7.2390948448e-02 1.6657449833e-01 2.1651054650e-01 -4.4576432558e-01 1.1611580553e-01 3.1938646370e-01 -1.5003744080e-02
1.8150147659e-01 -1.2701114524e-01 -5.2396691035e-02 1.4971479178e-01 1.3606335060e-01 -5.3395014307e-02 3.0494240663e-01 -1.1918488605e-02 -2.2707444042e-02 -5.6473010462e-03 -2.3504372768e-01 2.9083045490e-01 -6.2179488667e-03 1.6725750722e-01 -3.3605391270e-01 7.1623226587e-02 7.8602957811e-03 6.2550701038e-02 -9.3128415509e-02
-2.4980749153e-02 -2.6180985196e-02 -2.3939563502e-02 9.0109684352e-02 1.1779748755e-02 2.1735445544e-02 5.5828664896e-02 -7.7181748585e-03 4.1301131528e-03 6.6200822011e-02 4.8558832698e-02 1.2837763957e-01 -7.7851152607e-02 1.2709284347e-02 1.6662059526e-02 1.4727248826e-02 7.9476749469e-02 -4.9074870646e-02 -5.1076165333e-02
1.8859447286e-01 -1.3157459996e-01 -5.1086750218e-02 -1.3474793740e-01 -8.6641161578e-02 -9.4368517845e-02 2.1005025654e-02 -7.6446116746e-02 -7.4615607241e-02 -2.8424614862e-02 3.0882306253e-02 -7.9759230700e-02 -3.3422182078e-02 3.7017702009e-02 1.4224323276e-01 9.9910731461e-02 -2.5045786261e-02 1.3946651510e-01 2.2456319380e-02
1.7872386107e-01 -3.2679328951e-02 3.5737407677e-02 -7.4282743004e-02 1.5661852744e-01 7.5824212077e-03 3.8091074683e-01 -1.2467936664e-01 3.0216397012e-03 2.3003636011e-02 -1.8246088409e-01 1.5112526039e-01 -3.2897765508e-02 3.7660665762e-02 -2.9059726923e-01 6.3041164948e-03 -2.1554381132e-02 8.3105943390e-02 2.2513114711e-02
1.8433789572e-01 -6.8228372859e-02 -1.2405540507e-01 5.6128844519e-02 8.0294457337e-02 -2.2979801572e-01 1.3615244477e-01 5.8396462199e-02 -1.8549471852e-01 8.5266947763e-03 -1.4436093593e-01 2.2793301633e-01 -5.3247608445e-02 1.9480599898e-01 -2.0977216057e-01 -6.7616313803e-01 -1.9427575307e-01 3.4341594640e-02 -2.7401116422e-02
8.3915419772e-02 -9.2456313388e-02 3.4295170606e-02 -6.8768960986e-02 4.0058207764e-02 1.3863495701e-01 1.6161588847e-01 -1.4256539355e-02 -9.4059723069e-02 -1.0099275848e-01 1.0069184245e-01 3.4666724205e-02 2.5587316367e-02 9.2540243303e-02 -4.5526830719e-02 8.0826857323e-02 2.6270425295e-02 2.3857127481e-02 -4.0267646021e-02
8.7210738791e-02 1.2561664845e-01 2.5132222175e-02 -2.7102909358e-03 -1.6182079640e-01 2.6943218033e-02 -1.3043708136e-01 -6.5197605234e-02 -4.4215319569e-01 9.6119038428e-03 1.1340369622e-01 6.1624098753e-03 -5.3070075595e-03 1.2884088941e-02 2.0488753429e-01 1.0489573894e-01 1.5607994526e-01 -5.3577337500e-03 1.7497112674e-02
