5.0317749558e-02 -8.6811749838e-04 -5.6709377390e-02 5.9277338403e-02 -3.7397123962e-02 4.8223454208e-02 6.3548215413e-02 6.2527588534e-02 -1.7688986078e-02 1.3822742232e-02 -2.0336890062e-02 5.3417002561e-02 1.0793998927e-01 8.8597834505e-02 7.1261824555e-02 5.8198812038e-02 1.2820202361e-02 8.6424945393e-02 -3.9014459995e-03
2.3859546585e-02 5.4333523591e-03 -1.8443125119e-02 -3.5567005656e-03 6.3184477117e-02 -4.8156090164e-02 -5.2288703876e-02 1.4156108482e-01 4.1995074103e-02 -3.8149259061e-02 8.7311719693e-02 -2.0225462635e-02 -8.4006593993e-02 1.1893680352e-02 7.5993259092e-02 -4.0678180502e-02 -9.7054939730e-02 2.7500896490e-02 3.5499801449e-02
-6.6464433791e-02 -2.4635263440e-02 -4.6642778934e-02 -5.5376311236e-02 -7.1094986543e-02 1.2159027188e-02 3.3046564276e-02 2.8011404785e-02 -1.1007040682e-01 4.5242285559e-02 5.3933244134e-02 7.9573533026e-03 9.4276628650e-02 1.9394378465e-02 -4.7689748144e-02 1.5186047204e-02 3.0400815826e-02 4.5212351584e-02 6.4456253059e-02
5.3711782244e-02 1.4477734517e-01 -2.4874441125e-03 6.2507579316e-02 2.6132245655e-01 1.9037222945e-01 -9.8434558852e-02 8.3356416421e-02 2.9988216448e-02 1.7052068076e-01 5.8555306154e-02 -5.0098941701e-02 1.7370264433e-01 1.2148955197e-01 8.2183952848e-02 -1.9389154913e-02 -1.0630367430e-01 1.4256437373e-01 -4.3588837764e-02
2.8145434022e-01 2.6028146448e-01 -2.3378485196e-01 -1.5142221734e-01 1.8601676349e-01 2.0114784204e-01 3.9173788164e-02 -3.4416127438e-02 -1.1729555595e-02 -2.1200891868e-01 -2.1122709871e-01 7.7138902257e-02 3.7581647590e-02 1.9602043362e-01 2.4185620869e-01 -2.5584475969e-02 -1.5231517036e-01 5.1139550043e-02 1.0593189786e-02
5.9823365164e-02 -6.8245539751e-02 8.6508350146e-02 -3.3654520201e-02 4.0432287609e-02 -1.2684448367e-01 1.5643501511e-02 -8.9930735793e-02 1.5320229854e-02 6.7365861971e-02 -4.9472641882e-02 -3.9008182835e-02 -9.2040355118e-02 -5.2806767956e-02 1.1577866889e-01 -1.5852796668e-02 -2.0254474851e-02 5.3596202841e-02 3.0042064390e-02
-8.1326023397e-02 6.4373191055e-02 2.4436945411e-02 1.1129501695e-02 7.1984363025e-02 3.9954384228e-03 -9.1761787614e-02 5.7654304151e-02 -4.6073349061e-02 3.1154493771e-02 1.0124458784e-01 3.6257533233e-02 1.8804017825e-02 3.4742879834e-02 -4.1180495886e-02 -8.4811654656e-02 -5.4100078236e-02 4.7403339158e-02 -1.4419758786e-02
-1.4929018028e-01 -1.2600016255e-01 1.3310885979e-01 2.2240616339e-01 9.2724766036e-02 -1.4795936360e-01 -1.1065399430e-02 1.5267248700e-01 -1.5716144970e-01 2.3362453593e-01 1.0641556838e-01 -1.8723598718e-01 9.8809247231e-02 -1.2554477937e-01 -8.3360699408e-02 -3.7204843532e-02 8.4992072122e-02 9.8682640694e-02 -3.4522530730e-02
-3.6508287536e-02 2.2092750050e-02 -7.7937509133e-02 2.6090918023e-02 1.2835262592e-02 -1.1375095398e-01 6.5806274137e-02 -3.7483267282e-02 -5.6574710972e-02 1.9671144220e-02 -9.5379168280e-02 -7.9488945725e-02 9.7927842783e-02 2.5877907790e-02 -1.0018229654e-02 -9.7638174328e-03 -3.4235425432e-04 -6.4821617226e-02 -7.1760682972e-02
-1.4820953314e-01 -1.2983530269e-01 1.5543219676e-01 1.8930233198e-01 4.2790081057e-02 -1.4461131319e-01 3.8127006583e-02 1.2342923068e-01 -4.7178655657e-02 1.0707573725e-01 1.1046813906e-01 -4.0578479752e-03 6.4991605478e-02 -1.2994637728e-01 -2.0292220500e-01 8.0930065744e-02 -9.3431370951e-02 1.7308336741e-02 -4.1483670883e-02
1.4405896650e-01 1.5335262198e-01 -7.6554159452e-02 -4.5313765990e-02 9.1893643577e-02 1.0758962647e-01 -8.3853244719e-02 1.0969167248e-01 -1.0929624577e-01 -8.7000431351e-02 -6.1944496686e-02 7.8995338903e-02 2.0811232159e-01 1.5644347827e-01 1.1720664840e-01 -5.8211676778e-02 -9.7592517717e-03 1.2875184482e-01 -3.3682216883e-02
-7.7510707740e-02 -1.3072058275e-02 1.4605972349e-01 1.3706412961e-01 1.9277839735e-01 -1.2345152400e-02 -2.0787808722e-02 2.7768794728e-01 -3.0162188446e-02 1.4837238338e-01 2.5737264042e-01 -2.0351290332e-01 7.8618825036e-02 1.0380023289e-01 -3.1742895134e-02 1.6039089641e-02 -5.0435909302e-02 1.6005529156e-01 -5.6083325375e-02
1.6526121066e-01 2.0346366218e-01 6.0050747433e-02 7.0129784242e-03 1.3581792649e-01 7.8688766069e-02 1.3546364591e-02 -7.2672368730e-02 -1.4785413933e-02 -1.0644358386e-01 -6.8934850554e-02 1.6652647321e-01 1.4302916742e-01 -9.2395614403e-03 3.1563264039e-01 -6.3587069585e-02 -1.0843482565e-02 -3.3357792143e-03 4.9166396923e-02
1.0307842186e-01 -6.9706916898e-02 4.4994798546e-02 4.6543583676e-02 4.5740357870e-03 2.0949196741e-02 3.1043513913e-02 -3.2391781695e-02 2.9198366465e-02 -8.0863959912e-02 -1.6513777958e-01 -2.2049639208e-03 2.8973168640e-02 1.4635500386e-02 -8.0630638483e-02 -2.5335362288e-02 1.3036668964e-03 1.0479560154e-01 5.8231599801e-02
1.0500646673e-01 1.0129031770e-01 7.7427199996e-02 1.5861161640e-01 1.1499967506e-01 4.9228373162e-02 3.2458664560e-02 5.9488992599e-02 -9.1721235667e-02 9.1308134957e-02 1.6186691010e-01 -7.0096605074e-02 1.6626975028e-01 -1.0131079790e-01 3.0404850196e-03 -1.1615424825e-02 -5.9859875515e-02 1.4385364067e-01 -3.4507953673e-02
1.0680770487e-02 4.4030802290e-02 -5.2482895242e-02 4.5621166284e-02 -1.9413673599e-02 -4.3205889112e-02 -6.6037957643e-02 9.1879370414e-02 2.5795407238e-02 -9.8351329159e-03 4.7492587418e-02 1.0486170437e-01 -8.4778895649e-02 7.0914405398e-03 -3.3569406743e-03 5.5175448749e-02 -9.8106205370e-03 6.6952985124e-02 3.4133364917e-02
-6.3018360374e-02 5.3732566090e-02 -2.5380146154e-02 7.3527872383e-03 -3.5205047209e-02 1.7449418839e-02 -2.1505056887e-02 -9.6202060092e-02 -4.4398836361e-02 5.2073342694e-02 5.6229234589e-02 -6.5464858554e-02 9.3833727461e-03 -7.3571279734e-02 5.3397216321e-02 -7.1122483884e-02 7.0954152273e-02 3.1125260683e-02 9.4746484722e-02
2.1843086669e-01 2.1237080403e-01 -1.5301543785e-01 -2.5742135328e-01 1.7143438789e-01 1.8024884687e-01 -6.2516832008e-02 -1.1309311099e-01 1.0424789781e-02 -1.8887707537e-01 -1.2922896375e-01 1.9048888376e-01 1.1128577648e-01 2.8204439488e-01 1.6909963319e-01 -5.5145369183e-02 -1.7193376896e-03 -2.6347382803e-02 8.6068257657e-02
5.2358722201e-02 1.2113451682e-01 1.4209415945e-02 1.8335533498e-01 1.2453926045e-01 1.4818594860e-01 -7.7722950348e-02 3.7697278256e-02 2.9606722087e-02 2.9516131549e-02 1.9133248456e-02 -1.5257622151e-02 1.9798464427e-01 7.8857831334e-02 -7.4347522276e-02 8.6983499306e-02 -1.0749182015e-01 5.1747777095e-02 4.6847477535e-02
