8.2614281854e-02 -3.6591694845e-02 -3.5145857015e-02 -2.9249809396e-02 1.5725724229e-01 -4.4653147717e-01 -3.2210528557e-01 9.6687443586e-02 -1.3498853560e-01 -1.0400867821e-02 -2.2871101474e-01 2.0952973411e-01 4.9242492583e-02 1.8635275560e-02 5.3656762783e-02 7.9897891593e-02 1.2302213289e-01 5.7096149395e-02 -4.0445243368e-01
-4.2739905110e-02 8.5914549895e-02 3.8684635263e-02 7.6233557142e-02 -1.0166257556e-01 -6.2615615231e-02 -4.7306804813e-02 -6.7032121170e-02 -2.2356437808e-01 -2.7612807959e-02 1.6196342309e-01 -4.2268302256e-02 6.0729760085e-02 -2.8905945593e-02 -7.6569891699e-02 -3.4359191240e-02 -1.1093415461e-01 -3.2880875153e-04 3.0151858017e-02
-2.4087558566e-01 -1.4998656236e-01 7.8730786984e-02 1.4796591267e-01 -4.2680450600e-02 -1.0430684995e-01 4.7604274788e-02 1.4878332643e-01 -1.8608815333e-01 2.2148501880e-01 -1.2512379941e-01 5.1199211512e-02 -4.5137440631e-01 5.8771166394e-02 -8.1035595865e-03 -1.9551276056e-02 1.4693692975e-01 -7.8986056044e-02 -2.7534502814e-01
-1.3727665418e-01 1.9972326068e-01 2.0895313867e-01 -1.2921291559e-01 -1.8749056037e-01 -4.3150015379e-02 8.8059719726e-02 1.7840309709e-01 3.1502288952e-02 -1.0111156390e-01 -7.5521631005e-02 7.3836505611e-03 -1.7937479469e-02 -1.4721102743e-02 -1.3231468233e-02 -1.3584819043e-01 -1.1815415581e-01 -6.4723734757e-02 -7.3922212896e-03
-1.5979272569e-01 1.3151878471e-01 6.6558851523e-02 -2.5276323279e-02 -9.1025346794e-02 -1.7133049159e-02 -1.4631565073e-01 -1.8937081556e-01 -3.6871758444e-03 -3.2546975908e-02 8.2651359339e-02 9.7113506928e-02 3.1148752519e-02 1.5899190407e-02 -2.5922677160e-01 -1.5482366819e-01 1.2892619440e-01 -1.3300691926e-01 -7.5444214131e-03
3.6980280472e-01 6.8228305072e-02 -1.6814514914e-01 -2.5260431672e-01 2.8826118994e-02 1.5845943014e-01 -4.0995095109e-01 -9.9404889722e-02 4.6135029774e-02 -9.8410756876e-02 -1.8251428338e-01 1.6563406127e-01 8.9721186905e-02 4.0728317293e-02 -1.9680131952e-01 -7.6726766297e-02 5.4604019923e-02 6.4719373206e-02 1.8431762313e-02
-2.5147538412e-01 1.7678258311e-01 1.5494243780e-01 -1.6445980653e-01 -1.6648750048e-01 -1.5040678322e-01 -2.7219396605e-02 -9.3456265857e-02 6.4198044121e-02 1.7755373485e-01 -8.9743833289e-02 1.9105277380e-01 -1.7118464672e-01 -1.5918741592e-01 -2.0108207085e-02 -1.9927563578e-01 1.4063015246e-02 -4.9579470055e-02 -1.5857977250e-01
1.8228547924e-01 -1.0612130268e-01 -9.0006258870e-02 1.4509202892e-01 1.0386396222e-01 4.9158563975e-02 -2.4212862945e-01 1.4724484341e-01 7.2535835174e-02 -9.7464926449e-02 3.4518496139e-02 1.2234128665e-01 -1.3051187716e-01 7.3526045164e-02 -1.4843571202e-01 1.5761541383e-01 -9.7179861426e-02 -1.2986738047e-01 -2.2420755275e-01
3.9261263590e-02 -1.4397956616e-01 4.4587200532e-02 5.3987485242e-03 3.6456874152e-01 1.6911630637e-01 1.3681273260e-01 9.1914456667e-02 1.1286693918e-02 1.2865301145e-01 -2.3837233308e-02 2.3127286354e-01 1.3554842525e-01 3.7442875324e-03 -8.6503110182e-02 -1.0928471943e-01 -3.4613832627e-02 -3.1310776267e-01 -6.8921733184e-02
9.5837501497e-02 1.6772301649e-01 7.0004624210e-02 1.5995122270e-01 4.2074934466e-02 2.2621558615e-02 7.7504822785e-03 8.9544015776e-02 1.2115136565e-01 -2.0933108445e-01 -1.3106008452e-01 -6.8971764440e-02 -9.1814075303e-03 -3.4420885211e-02 -1.1092484668e-02 -1.2754918817e-01 -3.4550754929e-02 2.8106825547e-02 8.5323258130e-02
