-4.8761722670e-02 -1.4603861716e-02 6.4292901712e-02 5.6273959586e-02 -6.0526476419e-03 9.6806968498e-02 -1.7991472479e-03 1.0122728278e-01 4.1176027560e-02 -3.2727293107e-02 -1.8387389383e-02 -6.7609615429e-02 -6.4094212321e-02 -1.1093485632e-02 -3.7553224065e-02 6.8705352516e-02 1.2210071374e-02 -6.6494478750e-02 -2.3510727552e-02
1.0384068734e-01 1.7699371608e-01 1.5460648275e-02 -1.4925605614e-01 1.3616647907e-01 6.7901158154e-02 -8.5885655883e-02 1.3079517917e-02 4.5474617308e-02 3.3825619535e-02 2.2813392140e-01 9.9561903825e-02 4.3851877953e-02 3.6001917405e-02 5.3254354495e-02 6.4422414821e-02 -4.8467460471e-02 1.1085405891e-01 1.0529757396e-01
1.3145985394e-01 6.1453631387e-02 -1.7883287374e-02 -1.4960757772e-01 2.6870501804e-01 1.1600440434e-01 6.1280779163e-02 -4.3323043262e-02 5.1485678221e-02 -3.3907179011e-02 1.3900517746e-01 2.4333414392e-02 3.0803935993e-02 2.3728016778e-02 1.7844317987e-02 1.4040695672e-01 -3.2705871941e-02 2.3708824109e-01 1.7075416265e-01
1.1579070215e-01 1.3889760991e-01 -1.8178260030e-02 6.3179703392e-03 1.1053146262e-01 7.3454848445e-02 1.7052266915e-02 -3.6000165327e-02 1.3565185866e-01 -1.6772266122e-03 1.4539302652e-01 1.8871683236e-01 -7.9162290166e-02 -5.1367750309e-02 -5.1073631008e-02 1.6002119814e-01 -5.0884931711e-02 1.5942147909e-01 8.8532568691e-02
3.1392444214e-02 -6.0705281330e-02 -7.0464534616e-02 -5.5768943673e-02 -2.4065491320e-02 3.2592002283e-02 -1.3508043272e-02 -1.5707037402e-02 -3.8944433652e-02 -9.9836042209e-02 -8.3224918596e-02 7.7729438471e-02 -3.5540538660e-02 -8.9939772403e-02 -3.0203868732e-02 6.9981559034e-02 3.8202656130e-02 -3.6231706269e-02 -6.6013889960e-02
3.8672843306e-02 4.4915146418e-02 9.8466371671e-02 1.0446402469e-01 -1.6531903587e-02 1.2281145231e-02 -5.8628282706e-02 5.7345013960e-02 3.2322040475e-02 -1.0287881062e-01 -9.4052505417e-02 -1.3136475750e-01 2.0378580310e-02 1.9397228596e-02 1.0079086948e-01 1.0423920155e-01 1.9715787806e-02 9.7601685672e-03 -5.1831342548e-02
1.6449821213e-01 1.3965064606e-01 -9.6456887872e-02 -1.2959275879e-01 4.5370739917e-02 1.4072696658e-01 1.7526208769e-01 -1.2598710866e-01 -7.9930699586e-02 -1.1611860176e-02 1.2910556992e-01 1.5423288903e-01 -4.9389931037e-02 -5.9829559138e-02 3.1985071754e-04 1.9100512310e-01 -8.5784047281e-02 1.9612527026e-02 1.8347115535e-01
9.2132501252e-02 2.6876203764e-02 7.7688596473e-02 -5.1728772266e-02 1.9882793040e-01 1.6004899978e-01 7.2520966110e-02 -7.5228873974e-02 -7.5850418983e-02 2.6502051269e-02 2.2472412918e-01 1.0800503595e-01 -1.7559079031e-01 -9.3701745829e-02 -3.3554654946e-02 1.7185637080e-01 -5.3455141371e-02 1.4919947417e-01 6.6860433193e-02
1.6032210568e-02 -4.6650196855e-02 8.7716074937e-02 1.6208643352e-02 -1.0084186982e-01 1.0324866898e-02 -1.8084310150e-02 2.8525320945e-02 7.1363754871e-03 9.9933300724e-03 -9.6197775608e-02 8.5559588655e-03 -6.0727692253e-02 -9.0564415164e-02 7.1431417017e-02 6.0130504067e-02 8.7730943420e-02 7.3289992876e-02 -3.5525706986e-02
2.0947482584e-01 1.6209835532e-01 1.3753766432e-02 -9.1903839447e-02 1.5193835736e-01 1.4385392137e-01 -2.9917212598e-02 -3.5961822851e-03 -5.5230535441e-02 -3.9121628485e-02 1.2577220979e-01 5.3592711307e-02 -3.0994838374e-02 -2.9468904940e-02 6.5057045698e-03 1.9771373795e-01 -1.4982092844e-01 1.4644166213e-01 1.9357146973e-01
5.5181731441e-02 1.3271210763e-02 -7.9017260975e-03 -6.1400673599e-02 5.2245622675e-02 2.5083101711e-02 1.4931046148e-01 1.9690006024e-02 4.9248449678e-02 -3.3551964750e-02 1.4223963526e-01 3.7021171504e-02 5.6550567166e-02 1.5178081441e-02 2.6005416508e-02 1.6597493513e-02 -6.6243939810e-02 1.5309308475e-01 8.0673659089e-02
-1.1776589258e-01 -6.4725401708e-02 1.1130317916e-02 -1.1867330106e-01 2.6596269574e-01 1.6073719998e-02 1.0725194124e-01 2.5189908377e-03 1.8096098432e-01 -2.2385257220e-02 2.5272285328e-01 -1.4172183350e-01 7.3414728325e-02 9.8166531140e-02 -2.6475972749e-02 -5.5405506960e-02 7.1330553954e-02 -2.8303517802e-02 -1.3477632250e-01
-1.1529688437e-01 6.0512487187e-02 -8.4004824520e-02 2.5393359854e-02 4.4131083955e-02 -2.0673858712e-02 1.8213718159e-02 -8.5010008506e-02 5.9901689333e-02 -5.9817586995e-02 1.7698377222e-02 3.3057804480e-02 -6.2434894176e-02 2.2952477458e-02 -2.8277064776e-02 8.4051581324e-03 1.3629515123e-01 -1.4625339678e-02 -3.2314379096e-02
-2.0173820759e-02 1.4276880727e-02 1.9282809951e-01 -1.3876398498e-01 1.1447036280e-01 2.3024259054e-02 4.9233491019e-02 4.1757858955e-02 8.1280633617e-02 8.6614517381e-04 2.5155881195e-01 1.1300985401e-02 9.0461776540e-02 2.1539001727e-01 5.5705194064e-02 -5.4093540949e-02 4.2393927039e-03 2.7657461419e-02 -3.4658154751e-02
1.4964231241e-01 3.1823101158e-02 1.3404991939e-02 -1.0697229503e-01 1.6663179796e-01 7.4656250640e-02 -6.4857218827e-02 -2.9273959885e-02 -3.1738240928e-02 7.2564162459e-02 2.2416374629e-01 2.4157459270e-02 8.4958521532e-03 -1.2119816214e-01 -1.0128568085e-01 1.0077413267e-01 -1.8108563171e-02 8.9030835046e-02 1.6943604212e-01
-1.9373682578e-02 2.2162720535e-04 1.6068642937e-02 5.6216576556e-02 -6.6703662442e-02 5.5786629885e-02 -5.0622882973e-02 6.9428241813e-02 -6.5025119665e-02 8.3572234017e-02 1.4042038998e-02 -6.9031240517e-02 6.3537520185e-02 -3.1039480938e-03 -3.0814186100e-02 -6.5742492131e-02 1.5653391190e-02 -1.0556037736e-02 -5.5650187015e-03
-2.8463027815e-01 -2.2851324891e-01 3.3813976201e-01 -6.7543685606e-02 -7.7762801361e-02 -1.4524898907e-01 -3.9401563640e-02 2.7899746683e-01 3.9044337252e-01 -1.5248028661e-02 1.8434774727e-01 -1.9892244655e-01 2.2461777822e-01 3.2357492016e-01 2.1307475791e-02 -2.5592962241e-01 2.1743687729e-01 -1.4792487309e-01 -2.6496095869e-01
3.1681142553e-03 -1.2096238146e-02 8.2530544384e-02 -1.4527326118e-01 1.4083400247e-01 1.0830617577e-01 -1.8502222357e-03 -1.2454826501e-01 6.8577423447e-02 -1.1160627759e-01 1.0186595382e-01 5.0758934550e-02 -2.3528045704e-02 4.3926366623e-02 -3.3822259544e-02 1.6247807082e-01 1.1630064028e-02 9.6222190434e-02 5.8847779304e-02
-5.4362528259e-02 -1.2712209898e-01 1.5607798146e-01 -7.0123335268e-02 2.1500874082e-01 4.1727521077e-03 1.6162103632e-02 6.0532697033e-02 5.6467956246e-02 -2.1538343212e-02 2.4170327436e-01 -5.5549136371e-04 6.3574283333e-02 -3.7632952524e-02 -5.0147274117e-02 -5.0254874272e-02 -3.5323148108e-02 7.8854692492e-02 6.3228134525e-02
