-2.0522355150e-02 -3.2528595025e-01 3.4770930123e-02 -2.0729766310e-01 6.3416814280e-02 -4.3735664183e-02 -1.7287513820e-01 -1.4599226285e-01 2.2400993238e-01 1.7901583319e-01 -5.1852776198e-03 3.7329007534e-02 3.4107946724e-02 -7.4922280872e-02 -3.3269871450e-04 -8.2414598118e-02 3.0156432928e-01 -6.9885050402e-02 -9.5248548865e-02
9.7924952383e-02 -2.1220411779e-01 4.3077681694e-02 -2.6838633118e-02 -2.8246175558e-02 -8.0965236065e-02 -1.3897489126e-01 -1.5586958273e-01 2.4679917051e-01 2.3424244051e-01 2.8422126586e-02 -3.8379390320e-02 -7.0652038863e-02 -6.0795572446e-02 5.5391559785e-02 -8.3502044950e-02 2.2345718162e-01 7.1469378297e-02 -1.9440196167e-01
4.6615318372e-04 -7.8528874558e-03 7.6177712879e-03 -8.1552727358e-02 -1.7638964011e-02 6.4334210893e-02 5.4922809672e-02 -1.5165462200e-02 -4.9869922606e-02 -4.3204953732e-03 -6.4132045868e-02 2.4706821524e-02 -6.8285297069e-02 -1.3152499372e-02 -4.7028519468e-02 2.3380864982e-03 -2.9484218409e-02 1.9483143079e-02 -1.2496549387e-02
-3.3889160010e-02 1.1319232166e-01 -6.1070499625e-02 1.3285280070e-01 2.2229125938e-02 -1.0271502017e-01 9.6857430430e-02 2.5660146878e-01 -3.2760495355e-02 -1.7945014482e-01 -3.4510034100e-02 -6.5404952635e-02 -2.3482037799e-01 -2.2886961118e-01 -6.7828316090e-02 -3.2828565312e-02 -4.6790312832e-02 -1.0402681298e-01 9.7508233029e-02
1.8732926411e-02 -1.7174495185e-02 3.9277437890e-02 5.0695656897e-03 6.1103246777e-02 -4.3747399696e-02 -5.1067831654e-02 -9.2294234073e-02 -4.1939165615e-02 2.3307715767e-03 6.0214339342e-02 -4.7851727122e-02 2.3476671973e-02 -7.6510049814e-02 -7.6429083882e-03 -8.0239891704e-02 4.4471564533e-02 -8.1921725841e-02 -3.4749668256e-02
-8.3919074103e-02 3.4030566469e-02 -1.7378765910e-02 1.1796652014e-01 6.5299485498e-02 -2.1056256912e-02 1.4131620156e-02 -1.8661076912e-02 9.4431244830e-03 4.6181167751e-02 3.5879072686e-02 -8.7428746124e-02 -1.8479870628e-02 -4.3228923271e-02 6.4792914405e-03 1.2801503004e-02 1.4466653238e-02 2.7565396188e-03 -1.8690818044e-02
4.9782742517e-02 -1.0303927864e-01 5.9909434327e-02 -5.6207373263e-02 4.7402005733e-03 7.5581424902e-03 -5.9133494002e-02 -1.1020263711e-01 1.7737182831e-01 1.9276805360e-01 -2.9316730805e-02 3.6559896632e-02 -1.4234730880e-01 -5.7665766441e-02 -8.9953935948e-03 1.1336677208e-01 2.0708668268e-01 3.0059239552e-02 -9.2589733154e-02
9.7520915351e-03 3.9638630088e-02 -7.5267883086e-03 2.5067189135e-01 9.8933628896e-02 2.3510255243e-03 2.4150731141e-02 7.2871913174e-02 3.7837379146e-02 1.7096515595e-02 7.5801589156e-02 1.6325745254e-02 -6.8515576284e-03 -6.3701512457e-02 -1.2168666752e-02 4.3355468800e-03 1.1012700274e-01 -8.1506558984e-02 1.7683135116e-01
1.1655337987e-02 6.0095870372e-02 -1.8631012384e-02 1.0739108813e-02 1.1289554480e-01 -4.2904421787e-02 1.0861848700e-01 7.6341613785e-02 1.9375110010e-02 1.3563396107e-01 2.1097433542e-03 -5.3008265158e-02 1.1267843798e-02 2.4066859907e-02 6.8843031392e-02 2.6877783742e-02 1.7485028922e-02 3.3627338353e-02 2.2513218620e-02
-5.7832188835e-02 -2.5664296475e-01 6.3068750355e-02 -9.3813838440e-02 1.9425026888e-02 1.1325156610e-02 -1.6312648373e-01 -9.6467981500e-02 2.1918982287e-01 2.9473472575e-01 -6.8575748619e-02 5.5576187345e-02 5.7290094500e-03 -5.5941213106e-02 -3.5869449489e-02 -5.8833700895e-02 1.9188274126e-01 6.3425618990e-02 -1.5487194236e-01
6.2122294807e-02 7.1215194942e-03 8.6651300408e-02 7.4668408738e-02 -2.5932580005e-02 9.6626239804e-02 1.0500184422e-02 7.7681339736e-02 6.3189404769e-02 -4.6537659184e-02 1.0284525760e-01 3.0688014911e-02 8.2196226455e-02 9.8753169416e-03 -2.2573631596e-02 1.3138831816e-01 1.2466002498e-01 -5.6473619750e-03 2.4089530726e-02
-2.1686635879e-03 6.7339138653e-02 4.2869500655e-02 5.7552071687e-02 -7.5959646402e-04 -3.8146705041e-02 -7.9423650963e-02 -6.3787735148e-02 2.0864501464e-02 1.6743960109e-01 -2.8272058553e-02 1.0123774533e-01 4.7031235273e-02 -6.0691785086e-03 3.3984897597e-02 -3.3134755764e-02 8.2923815689e-02 5.3537357019e-02 -4.0172693658e-02
-7.4708420264e-02 1.1348635544e-01 1.3978268997e-02 2.3556681916e-01 -1.2229350695e-01 2.6742691752e-02 1.8310423276e-01 1.0888298169e-01 -6.3439436962e-02 4.6108371494e-02 -2.2672011979e-02 1.9456945709e-02 1.5578101234e-02 3.4482877776e-02 -1.1911301888e-02 7.0197699163e-02 2.8662439022e-02 1.7638820252e-02 1.0331296249e-01
5.4515425891e-03 -1.3942688772e-01 1.5995738514e-02 -5.2548921304e-02 -1.2656631190e-01 -8.5795827508e-03 -1.7824977146e-01 -2.7335499629e-01 2.0544878761e-01 2.2471336444e-01 -7.0034908910e-02 -4.0202155721e-02 1.7111962073e-02 6.2666107535e-03 5.7664433802e-02 9.0065166460e-03 2.6434827311e-01 -9.8552911723e-02 -2.8153666602e-01
-1.0683492370e-01 1.7217051724e-01 -1.3037479875e-01 1.8748573724e-01 -7.7265528874e-02 -4.6435757557e-02 1.0809576854e-01 2.5587723801e-01 -5.8446353409e-02 -1.1343057937e-01 2.8800494147e-02 3.7627631439e-02 2.1540338354e-02 -2.5280776399e-03 -4.1795302603e-02 2.6304873914e-02 -3.4528334191e-03 8.3520083059e-02 1.3789556754e-01
1.3011342659e-01 -2.0480349316e-01 -2.4948295881e-02 -1.0707258417e-01 -3.2708547159e-02 -9.4498157136e-03 -1.3457855453e-01 -1.7910115782e-01 3.8134961019e-01 2.1286942377e-01 5.1436842837e-02 -1.1076599497e-01 -7.0042313770e-03 -3.3252112887e-02 3.5504365926e-02 -7.5746247219e-02 2.3664112427e-01 3.2058321511e-02 -2.2670832710e-01
6.6684204232e-02 -6.2959372406e-02 1.9251039356e-02 2.4745120116e-02 -2.4383434158e-02 -4.7607943551e-02 -4.1922695582e-02 4.6938692407e-02 2.2902436697e-01 1.2457443654e-01 -1.5509635538e-02 2.9942084518e-02 -3.3260610228e-03 -1.1116568985e-02 7.7283048643e-02 -5.1129460329e-02 1.1162801520e-01 -6.3810333377e-02 1.6187545150e-02
-7.5421938757e-02 1.1013652487e-01 4.5632735555e-02 8.6242496488e-02 3.4592214838e-02 -2.6435050384e-02 1.4713644125e-01 9.7119904904e-02 2.9184841111e-02 8.8759675464e-02 -7.4265755812e-02 -4.3478292235e-02 3.1827840804e-02 -8.8486619651e-03 -1.3657879715e-01 -2.3711472940e-02 1.8561552498e-01 -2.0317534580e-02 5.0254364121e-02
-8.2190961345e-02 -2.3118953551e-02 2.8349992198e-03 -2.7262662440e-02 1.8628824616e-02 -7.3994682503e-03 3.2317884503e-02 6.0742371267e-02 -3.4277886531e-02 -5.2317034227e-02 4.2072759985e-02 6.3583420716e-02 -1.0384798173e-01 4.9756243969e-02 5.7307275397e-02 4.7907550720e-04 -3.9587149319e-02 -2.0350714308e-02 -1.3459765561e-01
