-7.1242274616e-02 1.3278808392e-01 -5.5434036573e-02 -2.4201243317e-02 6.6554890422e-03 1.2499075356e-01 1.3810198676e-01 3.6440468417e-02 -2.9271496912e-02 7.6244507620e-02 -8.0196123257e-02 5.8943437816e-02 -3.8082576700e-02 8.2688388231e-02 2.1944301387e-02 2.0594335607e-01 8.0942898980e-02 1.3188771265e-01 -1.3239484431e-01
5.2724604633e-02 9.4554958754e-02 -7.2625718745e-02 -1.5105037086e-01 3.0087209091e-02 -6.2542501293e-03 -9.8177468955e-02 1.6894716358e-01 -4.8228408083e-02 1.4269295996e-01 1.5557032517e-01 6.0604185750e-02 -1.1177121252e-01 2.9702679566e-02 -5.3596347946e-02 8.3469754166e-03 4.3488337403e-02 2.1844276521e-02 4.0759328273e-02
1.0072493901e-01 3.5502332429e-02 -6.2156740751e-03 -2.9608068821e-02 2.9425781952e-02 1.2142160873e-01 1.5074928499e-01 3.6344688056e-02 -2.3608705097e-02 1.8547595732e-01 -7.6902232889e-02 8.3447945216e-02 6.1665139696e-02 9.9423993618e-02 -1.9171309461e-02 4.7929589842e-02 1.3444135713e-01 5.9935250379e-03 -8.3494161975e-02
2.9052335125e-02 3.7853845723e-02 2.5943419222e-02 -2.4226635808e-02 9.3925152579e-02 -2.2754725881e-02 -1.7645677265e-02 1.1310050589e-01 2.7597462348e-02 1.2766806652e-02 4.7556825833e-02 9.6291459678e-02 5.4548834786e-02 1.2055590120e-01 1.1514825979e-01 -5.3485224099e-02 -4.0749865338e-02 1.3798621117e-02 -9.8618210675e-02
1.4900138989e-02 -7.2516058862e-02 -1.1520228554e-01 -3.5414288676e-02 -2.4377401856e-02 1.0754398236e-02 3.1315476715e-03 -4.0221714285e-02 1.4666714030e-01 6.4727903603e-02 4.5778722791e-03 -1.3413134385e-02 -3.4277926739e-02 1.0173502165e-02 -1.1007548150e-02 1.5272332988e-01 -6.6020187840e-02 -8.5032310550e-02 8.8891916492e-02
1.3839644025e-02 -1.1763950171e-01 -1.5294309763e-02 4.0348495010e-03 3.1348965330e-02 -3.8777056603e-02 -2.8031298554e-02 1.1301159745e-01 -1.7306722896e-02 1.7355453188e-01 1.4048620393e-01 -9.5750414397e-02 -6.9023805110e-02 -4.2393019127e-02 -9.2947256243e-02 -9.1956329217e-02 -1.6669505209e-02 -9.0801187313e-02 8.2092008485e-02
4.0606705977e-02 1.0713805682e-01 -5.1307676846e-02 -3.4166243973e-02 -2.4614326517e-02 2.1686335270e-02 -7.2774513805e-02 2.8525200760e-02 8.8211460538e-02 8.3131200479e-02 4.2561846454e-02 -1.1434728865e-02 3.3349747603e-03 1.9116909536e-02 2.8481307714e-02 -5.8543058114e-02 -4.7801597391e-03 8.4650923410e-03 -9.1288984119e-02
9.0684076675e-02 8.0735251206e-02 -3.3543255069e-02 -2.9328511294e-02 -3.9362263360e-02 4.1795922885e-03 1.3303225569e-02 4.0040387317e-02 1.5461080945e-02 1.1262753709e-01 5.7129461764e-04 5.9983281754e-02 -4.9664506895e-02 2.7477594489e-02 -3.0950766746e-02 -4.1030981605e-02 3.5140696338e-02 1.4243145181e-01 -1.1747814198e-01
-1.4074915385e-01 -5.1430829971e-02 -1.4163663323e-02 1.9235450158e-02 5.2983189459e-02 -1.2596897185e-01 4.9481380805e-02 1.9397044887e-01 2.0738259929e-02 1.1202794206e-01 8.0429334187e-02 2.9106163958e-02 1.2070652333e-02 -3.7159547003e-02 -4.8767478399e-02 -9.0055293084e-02 -2.5448819843e-02 -7.2499037966e-02 6.7684968024e-03
-7.5287350233e-02 1.3613262564e-02 -6.5826467417e-02 7.0430879562e-03 -1.2453035504e-02 6.9214780452e-03 1.1292076693e-01 -1.1066912230e-01 7.7777323074e-02 -3.7969167286e-03 2.8465790460e-02 -6.3764788746e-02 3.1802944688e-02 -1.5439435142e-01 -5.2033292322e-02 4.6618371637e-02 7.7703490724e-02 3.9624430356e-02 -5.7916413574e-02
-1.7431723236e-03 -1.0650709390e-01 8.3805811292e-02 1.0088801957e-01 3.6410235211e-02 8.9636695749e-02 3.4936092217e-02 5.8164994839e-03 -6.7095465921e-02 -5.7675422051e-02 -3.5136159877e-02 -1.2640538171e-02 1.9769800594e-02 4.9921612967e-02 8.4077553929e-02 -8.1565919834e-02 -4.8314218857e-02 -1.0845244389e-01 -5.9803608580e-02
-4.2324925053e-02 5.6904344300e-02 1.0582779814e-01 -3.1194245498e-02 -4.3252288113e-02 6.5875229686e-03 1.1724282240e-02 1.1449175875e-01 -6.4402498109e-03 9.9063936188e-02 1.5752831340e-01 6.3930794880e-03 -1.5196449729e-02 3.0933365795e-04 -1.5431949535e-03 -1.4326365292e-02 -6.2635312997e-03 -4.3738561239e-02 6.7661193985e-02
-8.7772763947e-02 2.3218420758e-01 -3.1197410783e-01 4.0692407293e-02 -4.9883212397e-02 1.9643550306e-01 2.2442817120e-01 -1.2473598480e-01 -5.9193554960e-03 4.5616498365e-04 -2.5358482430e-01 2.0580487987e-01 -5.7832878504e-02 4.0241803270e-01 7.6436012761e-02 2.5439544417e-01 2.3807295458e-01 3.6139895206e-01 -1.5747911524e-01
-1.0582112681e-01 1.5935054636e-02 -1.6067911966e-02 1.4122753162e-01 9.7339559519e-03 -7.8334001995e-03 3.8362405490e-02 3.8288705289e-03 7.8389625702e-02 3.2436704640e-02 -1.0226088060e-01 -1.3666024608e-02 -4.7708210228e-02 -4.2012488223e-02 8.5535017934e-03 4.0886726281e-02 2.3528726203e-02 8.5339105091e-02 1.3814300288e-02
-8.7741559383e-02 1.9187999230e-02 2.8580742538e-02 -6.8508737384e-02 -3.4123404898e-02 5.1771758079e-02 5.2718941237e-02 1.7951020155e-01 -7.3057823979e-02 1.7142249522e-01 5.3951310325e-02 1.1794179732e-01 7.1314836172e-02 5.5353815143e-02 6.3714505241e-02 2.3103488777e-03 -4.0847047347e-02 -1.1308574165e-01 1.6948530282e-01
-4.9945902883e-02 -1.0624846731e-01 5.7092536425e-02 -6.1499831693e-02 9.6588066121e-03 7.0631900538e-02 9.9274433782e-02 3.9619393314e-03 5.1100379664e-02 4.4563493143e-02 -1.4589721367e-02 2.9734661192e-02 3.3175353927e-02 -1.0800354762e-01 -4.7842683830e-02 3.2376704871e-02 4.0906129504e-03 -1.1468789103e-01 1.2913462819e-01
1.0866964191e-02 8.9393970674e-02 -9.1399139045e-04 -1.0342804655e-01 -1.6938327841e-02 1.5270408897e-01 3.6653783276e-03 4.9760318117e-02 -1.3584107969e-01 1.2147813415e-01 1.1058974656e-01 1.3510106600e-01 -5.7744131210e-02 8.6708658764e-02 -5.3932466571e-02 3.7786762183e-02 6.4926528523e-02 -3.1439591495e-02 -2.5547744194e-03
4.7898171427e-02 -1.6646836977e-02 -2.0395981019e-02 1.0535936697e-02 -5.3693516442e-02 4.2338949897e-02 -5.8229657419e-02 -9.1631966672e-02 -6.4460671256e-02 1.2751822565e-02 1.4535821867e-01 -8.7095780443e-02 2.2789314748e-02 9.0340675867e-03 8.0286565938e-04 2.2646706618e-02 7.6739803798e-02 -6.5230852619e-02 -7.5140144037e-02
-4.2366445218e-02 8.6120013046e-02 -7.8920796119e-02 -9.9772800076e-02 -9.6697856316e-02 -9.7273208384e-02 -2.8732972771e-02 -7.5108974401e-02 3.9266612837e-02 2.2519931098e-02 -3.6179793792e-02 -1.0457143418e-01 3.0896979397e-02 -1.9471568260e-02 6.3657932410e-03 -1.2215825726e-01 -3.1187957827e-02 -2.3594687997e-02 1.8031792156e-02
