2.5634136868e-02 2.0340438950e-02 -7.1836463644e-02 2.2288778098e-01 1.1013930749e-01 -5.4132521577e-02 -2.1226976707e-02 1.0158091517e-02 -1.1068374614e-02 -4.5098562784e-02 2.2886102080e-01 -1.0087187911e-01 9.7176816464e-02 -1.0843994308e-02 -4.8310480953e-02 1.1922049126e-02 -2.7141032937e-02 1.6360252279e-01 8.8202455683e-02
-3.4623810461e-02 3.1883444576e-02 8.0608940710e-02 9.5011633778e-02 2.3011870994e-01 -3.8316086683e-02 -8.0516341671e-02 -1.7952069736e-01 6.2645589087e-02 -9.6150030489e-02 2.0691457325e-01 -9.1187311502e-02 1.2155312051e-01 -2.5667793738e-03 -5.8079804986e-02 5.7138237238e-02 -2.7453403595e-02 2.1284294448e-01 -2.5708863195e-05
8.5248467954e-02 8.6103126361e-02 -6.8506677827e-02 1.0895461716e-01 2.4674055784e-01 5.6860548366e-02 -3.4753544611e-02 -1.2996594685e-01 -8.3400703538e-02 -9.2965089557e-02 1.2617251123e-01 -1.1978918899e-01 2.6505682501e-01 1.9050026224e-02 -5.4920762929e-02 -6.0329162871e-02 8.5329902359e-02 1.2088954359e-01 5.7281947755e-02
-9.7642721939e-02 2.9703531472e-02 -1.0048068191e-01 -1.0716851591e-01 -1.8722459474e-02 7.3072298718e-02 3.5014642324e-02 -1.0336644249e-01 4.7240062805e-02 2.5525763744e-03 8.7897328278e-02 1.5755078952e-02 -5.4652267892e-02 -2.4944566987e-02 -1.0603873744e-02 4.4627379849e-02 -2.4627548921e-02 -5.0960834887e-02 4.7397176643e-02
-5.5127220192e-02 4.7972364597e-03 -7.1816814273e-02 -3.0973684182e-03 -1.1255994188e-01 -1.5983561571e-02 -4.2144598361e-02 -7.0795652325e-02 3.6210226988e-02 1.1071590067e-02 1.6427167528e-02 -3.2505814177e-02 -6.8277995322e-02 -1.5731817096e-02 -3.4449296248e-02 -3.3498636580e-02 -3.1642442427e-02 9.0766601777e-03 1.3527500618e-02
2.7065749032e-02 -9.0918043119e-02 1.2091342489e-01 1.2855735084e-01 1.4348769796e-01 5.7118234439e-02 2.9922043246e-02 -1.3458157219e-01 2.4304296538e-02 -2.0794690960e-01 1.9376008089e-01 -2.5931857808e-02 8.9442173248e-02 6.8170395289e-02 9.1262694019e-02 -5.0428927179e-02 1.2813321610e-02 2.3031905467e-01 5.7028826444e-02
-8.5668965365e-02 -1.1162773493e-01 -4.6354351838e-02 1.5054637187e-01 7.9592986807e-03 8.9918383500e-02 -1.4250433532e-02 9.9276588426e-02 2.2219865110e-02 1.2371597745e-01 2.0172174342e-02 1.9929942150e-01 -2.1707975117e-02 -2.0426128643e-02 2.0339270234e-01 3.5346114416e-02 3.4999772664e-02 -1.3607300139e-01 1.6989476737e-01
-1.3956922819e-02 -3.4566925102e-02 8.1210994559e-02 -8.6681233299e-02 -3.5400709642e-02 4.7447616706e-02 5.4924781238e-02 8.7399627021e-02 -1.7952037990e-02 -2.9653948300e-02 3.5503897384e-02 -4.3089638780e-03 -5.8159284146e-03 2.5314461056e-02 -4.6705739435e-02 4.5954167484e-02 -5.5867834167e-05 -1.9666215066e-01 -2.9092957348e-03
-9.5086036418e-02 -5.7877726266e-02 -3.6154445934e-02 1.2106325872e-01 4.4677639934e-03 2.5736351358e-02 2.0711010383e-02 1.6286441919e-01 -4.9008299290e-02 1.3502228853e-01 -6.6139667209e-02 1.0397783394e-01 -1.0585950076e-01 -2.4200992915e-02 1.4529500655e-01 3.9541140028e-02 -1.3979562928e-01 -1.2806570258e-01 2.2466400513e-01
-8.3020483100e-02 5.1212664600e-02 -8.7036115978e-02 -2.9692884809e-02 6.2513190866e-02 -3.7951555111e-02 -1.2016833668e-01 -8.4172974441e-03 -8.4995682257e-02 -1.3416731987e-01 -1.2670351046e-01 2.5646259693e-02 -2.7378302644e-02 -1.4271532342e-02 -4.4929884499e-02 -5.4720294274e-02 5.2421410450e-02 8.0927412168e-02 -4.9942649917e-03
-1.3759432098e-01 4.6169187205e-02 -3.1355228387e-02 6.4777934229e-02 -1.7394603557e-01 -3.6047783631e-02 -8.6310420528e-02 8.0419343960e-02 5.2631046673e-02 9.8316358689e-02 -3.1459670592e-01 7.8877414636e-02 -6.3816024303e-02 -1.0086746447e-02 1.7399225637e-01 1.9432753390e-02 3.2756503784e-04 -3.0139746930e-01 5.0545815201e-03
-3.3813458485e-02 -2.9530963821e-02 -1.0831032507e-01 1.2434230234e-01 1.8631636623e-01 -1.6560328831e-02 1.3547568325e-01 -1.8606962989e-02 -9.1136584330e-02 -1.6512280342e-01 2.1893805178e-01 7.0809704678e-03 8.4598272166e-02 -5.5800177697e-02 7.4626662980e-02 2.6555345462e-03 -9.1223953143e-02 9.9062247048e-02 1.2304770506e-01
-7.1884152989e-02 1.7749930774e-02 8.8518966018e-02 1.9881829507e-01 1.4772889127e-01 -3.6024796704e-02 -1.3302205853e-01 2.1149544986e-02 1.7804923566e-02 -3.5596184284e-02 1.9689956539e-01 -1.8812468233e-02 5.6618322160e-02 1.6542015717e-03 3.2175406411e-02 -6.4337346616e-03 -2.3276611386e-03 2.6152084925e-01 9.4591970371e-02
7.3721927008e-02 -9.6914772597e-02 -1.4930874202e-02 1.1448343439e-01 1.3143968062e-01 4.4196099805e-03 -4.8045546252e-02 6.1625891399e-02 5.8013047558e-02 -9.1290434981e-03 2.1592191437e-01 4.4023192684e-02 5.9397790410e-02 -5.3299620183e-03 3.3830491891e-02 -3.7312767650e-02 -1.9911522533e-02 1.0892309174e-01 2.6250762265e-01
-7.1537312449e-02 -1.0046243431e-01 2.5947063169e-02 9.3732705772e-02 -2.1813344973e-01 -6.5395239431e-02 -6.5143638597e-02 2.8686133670e-01 9.0414270588e-03 1.2745629024e-01 -1.5486637138e-01 1.5152271724e-01 -1.8388258578e-01 -1.9174646610e-03 6.7362194217e-02 -8.1710999358e-02 -7.2716422654e-03 -2.5430654441e-01 9.2092015024e-02
-3.2636443192e-02 -2.2310283235e-02 -6.1887695622e-02 1.3076913677e-01 -3.1974022634e-01 -2.4273850245e-02 5.7435731585e-02 1.3177698476e-01 1.3757529293e-01 6.8222140664e-02 -1.9988006144e-01 2.8016830268e-01 -2.1182396329e-01 4.2863408528e-02 1.8017431911e-01 1.0408537992e-01 4.0740660314e-02 -4.3954284906e-01 1.0362108072e-01
2.6082448059e-02 8.1622888549e-03 4.4973575121e-03 2.0695643246e-01 4.8834785043e-02 8.9323015828e-02 -1.5632191155e-01 -7.2743061025e-02 -1.1251531801e-01 -2.6112442995e-02 1.6143598386e-01 -7.8773454469e-02 1.6835820869e-01 -6.4626434448e-02 8.7385642234e-02 -9.1826869556e-02 -5.4847736290e-02 -2.7998045719e-02 2.4095593145e-01
-2.0772923569e-01 1.2291754284e-01 -1.2067507563e-01 7.5817919719e-02 -6.5220815095e-02 6.8337618237e-02 -2.3300381642e-02 1.5218980913e-01 -7.8933645326e-03 1.8598012998e-01 -1.5053092581e-01 1.2738755029e-01 -2.5388880916e-01 8.9450321791e-03 9.2117501398e-02 6.8451090630e-02 5.7320679098e-02 -2.4839326969e-01 1.3255479047e-01
-1.2815351302e-02 -1.5123721886e-02 8.7482814091e-02 2.2944781847e-02 -2.6615813114e-03 -5.2014797157e-02 8.4936662523e-02 2.3745015443e-02 -7.2713856368e-03 -9.0966759708e-02 -2.0749119090e-02 6.1385502264e-02 -1.0318670552e-01 -1.0399520062e-01 -8.8908533008e-02 1.8057871395e-02 4.9736903783e-02 9.6488375563e-02 5.4142892904e-02
