6.5314164874e-02 -7.5449192720e-02 1.3973051596e-01 9.9548597624e-03 6.7818037554e-02 3.4059788474e-02 -6.1035280488e-02 1.0267621149e-01 -1.8391400391e-02 -1.0283411155e-01 1.7111197686e-02 -4.3650209012e-02 1.1678035139e-03 8.3416326344e-02 -1.3120307396e-02 -5.3301834467e-02 3.6904941048e-02 -2.1668518373e-02 -2.2602199837e-02
4.4713483307e-02 -3.0900796068e-02 -4.7706234654e-02 -3.5335450569e-02 5.9114628890e-02 -4.4131737328e-02 4.9289111454e-02 -4.5440143779e-02 -2.6920224468e-02 9.7181572128e-02 2.9342919719e-02 8.4143012525e-03 6.6194987281e-02 2.0352767794e-02 1.9565779630e-02 -2.9444694429e-02 3.1880830023e-03 -4.7486912219e-02 2.9348952843e-02
-1.5495644666e-01 2.2210147605e-01 -1.6024613715e-01 -4.6634317107e-04 2.8359292682e-03 2.0194972635e-01 -5.8389063736e-02 -4.6847759731e-02 1.3984211117e-01 -3.0332486201e-02 -6.8274999835e-02 1.4724771839e-01 -1.3291820461e-01 4.9065792916e-02 1.4780203466e-01 6.9842467772e-02 -9.2564030562e-02 -2.5828570310e-02 -2.2659519358e-02
-9.1715774056e-02 2.1754545963e-02 -1.1913820365e-01 3.5728764400e-02 -7.1916850928e-02 -9.5650494709e-02 -1.4093832486e-02 -1.2692336097e-01 1.2105624528e-01 -1.0580593138e-02 -2.5108568431e-02 1.0581781545e-01 4.1305635189e-02 -7.4072456968e-03 -5.2256808092e-02 5.6750862209e-02 8.8641182070e-02 -4.4697508268e-02 9.4833803904e-02
-7.6747306776e-02 2.4452385722e-01 -1.2369368730e-01 -2.3442372463e-02 -9.3884782416e-02 2.2509473151e-01 -1.2437421916e-02 -1.1783076150e-01 1.6244458208e-01 -8.9404168504e-02 3.2449857417e-02 1.4549462855e-01 -1.8916794890e-01 1.2448751194e-01 1.7537611852e-01 -8.0021983514e-02 -3.3684604074e-02 -2.6914147481e-03 -7.5831388711e-02
1.0696010361e-01 2.8996771586e-02 6.0370851558e-02 -5.9939670106e-02 -8.1784265291e-02 -1.1326743703e-01 -1.3474657321e-01 4.1699969789e-02 -6.1191958015e-03 6.3448374984e-03 1.7441424880e-02 5.6162989924e-03 1.0719075920e-01 -2.5327188140e-02 2.8590973347e-02 -1.0003548461e-01 9.7242059552e-02 -6.5555594302e-02 6.5626818414e-02
2.3635984455e-01 -1.3346751309e-01 1.7132795426e-01 6.4996914852e-02 9.8915500752e-02 -2.1412754661e-01 -3.3256202836e-02 2.5259707328e-01 -3.1510228018e-01 -9.9756831755e-02 -9.1094842994e-02 -2.0183206098e-01 3.0407429658e-01 -3.5152821507e-02 -1.4536425191e-01 -9.6172916484e-02 1.5812122532e-01 3.2391473322e-03 -2.3050969154e-01
4.5183805693e-02 1.9915430700e-01 1.6505854306e-02 -1.5212148678e-01 -9.6492780592e-02 5.5377682486e-02 6.4876806429e-03 4.4547917423e-02 4.8773243033e-02 -4.0463588708e-02 1.3609931877e-02 3.3049837755e-02 1.2426260986e-01 -4.9809924869e-02 3.5379863707e-02 -2.0949471539e-02 8.7228857410e-02 -1.6419266875e-02 3.5077974005e-02
3.0752992813e-01 -2.0361322169e-01 4.1053530997e-01 1.7473981747e-02 4.3121652250e-02 -3.3889081243e-01 2.9550183864e-02 3.4835673197e-01 -1.7624458938e-01 2.8341232647e-02 3.1665268303e-02 -2.5641255544e-01 3.7659316988e-01 4.6459356842e-02 -2.6091813651e-01 1.5378865209e-03 4.1279632703e-01 5.1581654175e-02 3.2159685859e-02
4.2310032558e-02 4.9178890490e-02 8.2481370171e-02 -1.0820776557e-01 1.4355886178e-01 -2.6641897109e-02 -5.5011010513e-02 1.4789271633e-03 -7.2522520146e-02 -1.0653734771e-01 -1.6706757093e-02 -2.0303020888e-02 -4.1892498021e-02 5.1287295835e-02 -4.4463858154e-02 5.6255319641e-02 3.6594936145e-02 -9.4072100249e-04 6.4705704197e-02
1.1398017306e-02 5.8932677274e-02 2.0032630839e-01 -1.3665111029e-02 3.9972632380e-02 -6.6056759138e-02 -2.6860776751e-03 1.5995004958e-01 5.0068548163e-02 -2.8234372215e-02 -9.3060457365e-02 1.0222262575e-01 2.8930037128e-02 -3.4292244359e-02 1.0723719145e-02 -3.6221261338e-02 1.4858788792e-01 4.2676623064e-02 5.5378926307e-02
-4.4962767861e-02 1.9777136847e-01 5.5626652706e-02 4.5167762080e-02 -4.0939969438e-02 1.0921172474e-01 -9.1282040180e-03 -1.3368548096e-02 1.5437633007e-01 7.2125585866e-02 -1.6898227362e-02 5.3680152904e-02 -1.5559638103e-02 -1.2314246295e-03 1.9270380756e-01 2.7227188871e-03 2.1257191947e-01 -1.5060610299e-01 -3.8457696910e-02
6.6746620833e-02 1.7582503832e-02 7.9411409601e-02 3.8806525571e-02 -3.3045849560e-02 -9.8668789842e-02 1.3320581949e-01 2.3508869514e-02 1.2981091754e-02 -8.2921433541e-02 6.1341869233e-02 1.7986693370e-02 4.8191705010e-02 -2.7152111913e-02 4.2416877889e-02 -6.4385102562e-02 1.7772645762e-01 1.2101103158e-02 -1.6421569483e-02
6.6112732691e-02 5.8033230805e-02 -1.3989867454e-02 8.2236025941e-02 -5.0135852111e-02 -4.3253098161e-02 -8.7728386413e-03 5.0339887967e-02 1.7912003255e-02 4.6601186379e-02 -8.2027595565e-02 1.3349261146e-01 9.6167173868e-02 1.1069401678e-02 8.8762866953e-02 6.3889104169e-02 1.2324443334e-01 2.9080298044e-04 1.5347512213e-02
-3.2188450229e-01 3.9065000865e-01 -4.3552746550e-01 6.3672618031e-03 1.8831873988e-03 3.9789225525e-01 3.2648779521e-03 -3.6965012185e-01 4.5767131000e-01 -2.7873392230e-02 -1.3078695389e-02 4.3701598957e-01 -3.9979249956e-01 4.4939721287e-03 5.3054349748e-01 -1.2942655541e-01 -4.5338046429e-01 -6.5706185539e-03 1.2065871305e-01
-1.5094773469e-01 8.9127592066e-02 4.8698932403e-02 8.6572373663e-03 2.5381115222e-02 3.2208923050e-02 1.8327794716e-02 -3.0848198521e-02 1.7820415111e-01 1.0397613561e-01 -6.7962506521e-02 1.0181765027e-01 -6.7075051469e-02 -2.5573991387e-02 1.4965447828e-01 1.8675500054e-02 1.0720293883e-01 -3.1376875284e-02 -7.2207024492e-02
2.2421291958e-02 -5.7600536278e-02 5.0199828891e-02 -1.5457223346e-03 9.6118519694e-02 -6.4296402702e-02 -4.5741875188e-02 -8.8138920760e-02 1.1771321308e-01 -1.4714546975e-01 1.5691526129e-01 4.5705164595e-02 3.8216379957e-02 -6.1664528300e-02 -2.7323563188e-03 -5.5427246861e-02 -2.2442453028e-02 4.5438557251e-02 -1.0816966230e-02
7.2528959286e-02 -2.4137757143e-02 2.1536836651e-02 1.8572649211e-02 -1.7225019357e-01 -3.2769431661e-02 1.2661186044e-02 2.2161580281e-02 -5.8290803203e-02 -2.5737317727e-02 -1.3498583561e-01 4.7712540430e-02 -3.7977792709e-02 3.3718291259e-02 -1.1754980386e-01 -1.1022046825e-01 -5.3541899458e-02 6.6569653178e-02 1.8491611786e-02
3.7156332758e-02 1.0372775247e-01 1.2601370061e-01 -3.0906480288e-02 4.1591919783e-03 -5.3999209368e-02 -1.5503075285e-01 -8.7843545882e-02 1.0041143085e-03 -7.7991877783e-02 5.3958372584e-02 -3.1740356181e-02 1.3655502516e-01 -7.2756994875e-02 1.0138146347e-01 7.9388808403e-03 1.3664406172e-01 -3.5810703914e-04 -5.5023536411e-04
