5.0072851111e-02 -5.8948890884e-02 -5.2704905520e-02 -7.9649707625e-02 -7.6336311264e-02 8.8098696212e-02 1.6083655596e-01 -5.9986757532e-02 -6.8643492754e-03 -2.9382279941e-02 6.4582258797e-02 3.7958672217e-02 1.7238045514e-01 4.5037729384e-02 1.8598099542e-01 -4.9520670910e-02 -4.2041175984e-02 7.7451140216e-02 -9.8776141986e-02
-6.5756451167e-03 -3.2541217206e-04 1.4686481534e-01 4.5857206577e-02 1.4766425571e-02 6.4727294951e-02 -3.2930459357e-02 -1.5025062465e-02 -6.7717144346e-03 3.2649584569e-02 -6.4419823547e-02 -5.6869730789e-02 4.7446679500e-02 -7.5317607781e-02 5.4818705242e-04 3.5567901518e-02 -4.1096600545e-02 2.2012342889e-02 -4.5808037463e-02
-4.1213934544e-02 1.3125664589e-01 -8.6776236956e-02 1.2544299882e-01 9.0151853357e-03 6.2209716704e-02 7.5889988057e-02 9.8526928551e-02 7.8103770099e-03 -5.0872192810e-02 -5.6019012883e-02 -5.9792806073e-02 2.1326850091e-01 -1.3954877010e-02 9.1180318436e-02 -7.8250875041e-02 9.2249873215e-03 1.7389904743e-03 6.8203730718e-02
2.1241111706e-02 -7.0192902594e-02 -8.3528244390e-04 -1.1123847571e-01 -7.8973905492e-02 -1.8209502129e-03 8.3418654631e-02 7.1238738228e-02 -2.0187088095e-02 -3.5579193673e-02 1.2466021463e-01 -4.5460325960e-02 2.0175621369e-01 -1.8672765797e-01 1.4466419408e-01 8.3097156542e-02 1.1009507307e-02 -1.1922731797e-01 -1.3659089585e-01
1.9347330933e-01 3.3770823380e-02 -4.6150482142e-02 4.1278201916e-02 2.6134073545e-02 -1.6634380456e-01 -3.6494700915e-02 1.7305219642e-01 4.8638164033e-02 -9.4428819877e-02 -5.6116354829e-02 1.7451849253e-01 1.6683171007e-01 1.4965936101e-01 2.2711828358e-01 -9.2772983870e-02 -3.5374476333e-02 -2.3314238423e-03 -5.5147339926e-02
4.9136011849e-03 3.9887055860e-02 1.3427934076e-02 8.5298181173e-03 -8.6367475812e-02 -1.1025612902e-01 -3.2427069421e-02 -7.7942130325e-03 6.2479482806e-02 4.9092477239e-03 3.0766272806e-03 9.0794383402e-02 -8.8601913207e-02 1.2085823164e-01 -1.9700601688e-02 2.9582429985e-02 -3.9859876898e-02 -6.0712029665e-02 5.2715308961e-02
9.2804900144e-02 -3.6910066075e-02 1.0713220518e-02 -9.7599492431e-03 4.4693576604e-02 9.1740959629e-02 -1.4156576639e-01 -1.7223415507e-02 -9.6263899989e-02 1.0205617709e-02 1.8700512670e-02 -3.6248532499e-02 -4.8440349472e-02 4.8956253320e-02 2.2962669332e-03 -6.0183964412e-02 -2.7140045413e-02 -2.9333783395e-02 9.1423537350e-03
-4.6501859986e-02 -5.6583158195e-02 4.3525511977e-02 -8.1810142161e-02 5.7679634866e-04 -1.7763812703e-03 1.0816767996e-01 5.5066238084e-02 -1.5704588919e-02 7.3048936511e-03 5.8219935197e-03 9.6153849133e-02 2.0398087469e-01 2.9527720594e-02 1.7109747879e-01 -2.9757799579e-02 5.1938377586e-02 -1.1702411945e-01 5.8955489328e-02
6.9492250661e-02 2.3945349770e-02 -1.8660317774e-02 -1.8334025867e-02 -3.7448343426e-02 -5.2625683148e-01 -3.9850487064e-01 4.2156102132e-01 1.4739356858e-01 -3.0833465506e-02 -4.8052457541e-01 5.1612320523e-01 4.2302834374e-01 3.8548010367e-01 4.4413961227e-01 -5.3156439047e-01 -1.5800076914e-01 -1.0883764887e-01 -2.5844255481e-01
-1.5659416406e-03 -1.1617778456e-01 -2.6731743266e-03 -1.1490527348e-01 -5.6252903173e-02 -5.9149429484e-01 -4.1940774928e-01 4.7435284089e-01 1.8839206412e-02 2.0991320701e-02 -5.3770148586e-01 5.0735606885e-01 5.2944386859e-01 4.1328548464e-01 4.5006800883e-01 -5.7519624083e-01 7.1109362307e-02 6.9895772716e-02 -4.2182788554e-01
-3.8005085376e-02 -1.6888146224e-02 -2.2813769786e-02 -1.1806996834e-02 1.1199159763e-02 2.3777027078e-02 1.0705974576e-01 -4.3632872538e-02 -8.0432415069e-02 -8.5296289272e-02 1.1249732075e-01 -1.3926861799e-02 1.5699684704e-01 -9.6969975200e-02 1.5493421721e-01 1.0190300830e-01 -1.0293942175e-01 2.8554083203e-02 1.1351892308e-01
-1.0785269057e-01 3.7578678581e-04 1.1720247763e-01 -6.4735730084e-02 -8.5523046007e-02 1.9705094991e-01 2.9474925584e-01 -1.8950424298e-01 1.1754397249e-01 -1.4856020955e-01 2.2179893184e-01 -1.3073130204e-01 -2.6880613213e-02 -2.8985522711e-01 7.3869874615e-02 2.5019440427e-01 -8.7459213788e-02 -1.4400871668e-02 2.6059223872e-01
-9.1454235054e-02 1.6214370142e-02 -6.2901586918e-02 -3.5294671429e-02 1.2647727033e-01 -1.0952200823e-02 4.3102181847e-02 1.2544764494e-01 -2.3101643841e-02 -3.4452605875e-02 5.8312866140e-03 1.1743448092e-01 2.1713061235e-01 -4.3314333792e-02 1.7461186391e-01 4.3383876962e-02 5.3068215614e-02 -9.3057731194e-02 -9.4908869658e-02
3.3005107127e-02 -8.1679344798e-02 -1.3740323956e-02 5.4862936918e-02 -9.1989729168e-03 -5.5017207873e-03 -4.6685876430e-02 1.6722999356e-01 1.9782606606e-02 3.5847097390e-02 -2.1378568186e-01 1.6047114337e-01 9.0717727717e-02 2.6384521142e-02 1.7362524153e-01 -1.4799774159e-01 5.3109014025e-02 -7.8636165237e-02 -1.6323372871e-01
7.5318263094e-03 3.4784295652e-02 -4.8876356043e-02 -5.9184695672e-02 -2.0600914901e-02 1.7475824653e-01 1.5418901847e-01 -6.1113343919e-03 -8.8301356773e-02 3.9293682661e-02 6.8604204971e-03 -3.5332805260e-03 2.9149554299e-02 -2.0610233657e-03 1.9996962587e-01 1.2993271525e-01 -6.3796017986e-02 4.1397281758e-02 -5.0497643222e-02
-9.5575820621e-02 -2.7402995652e-02 -3.1722010574e-02 -1.3167358589e-02 1.0477769188e-01 1.1785190679e-01 -1.8843182639e-01 -8.2443930513e-02 7.9565252905e-03 2.2998398713e-02 -1.0878972391e-01 5.3737770020e-02 -7.4300920236e-03 3.5611089247e-02 5.2617853961e-02 2.3759207862e-02 -2.0173715776e-03 4.3571569536e-02 4.7051558737e-03
-3.8984392245e-02 -6.5410704350e-02 -1.2125918153e-02 -7.9643147976e-02 -8.0126864052e-02 4.9724181564e-02 1.4864992764e-01 -4.4924240389e-02 3.0036913735e-02 -2.4223028189e-02 7.7222624477e-02 4.9716629581e-02 9.1316789721e-02 6.7423576422e-02 1.6108579686e-01 1.5027372977e-02 -9.3846171733e-02 -4.6804431237e-03 -2.6352202806e-02
-1.1295412862e-02 1.1071127297e-01 8.3784530312e-03 -1.0030373106e-01 4.8352028298e-03 5.5822499658e-03 3.3901692799e-02 -9.3189154425e-02 -4.6756550207e-02 6.9569155792e-02 -1.6415789508e-02 -9.6665652895e-02 -1.0955370759e-02 -3.9351705953e-02 7.0293170227e-02 9.0763095289e-04 -1.6333903005e-01 2.5047232307e-02 7.0461380825e-03
-7.8880756245e-02 1.2338431822e-01 4.2904057037e-02 -1.6910054213e-01 1.5887020544e-02 3.7529108814e-02 5.9544611558e-03 1.2897472863e-01 1.2252631933e-01 -2.7215565691e-02 3.8216757117e-02 1.0179200954e-02 -8.2796998086e-02 2.3062629370e-02 4.5262682260e-02 -5.7850734834e-03 -3.9617766183e-02 2.8281643348e-02 1.1262851914e-02
