9.8062936787e-02 2.4231918938e-01 1.6196951418e-01 5.4211831909e-02 2.2067969430e-02 8.0988666076e-02 4.5291390925e-02 -2.2724492104e-03 4.3740487682e-02 -1.1774471589e-01 -6.8242159134e-02 2.5724704097e-01 8.8459969570e-02 2.0024435817e-01 -1.0677348488e-02 6.3465992299e-02 1.1167473674e-01 -1.2839899258e-02 -9.9070929864e-02
-2.1074394590e-02 -1.9151310926e-02 5.6461476288e-02 -2.7482782285e-02 7.0471011074e-02 2.6581259682e-02 1.1452690078e-01 -4.3447897488e-02 -6.5183594661e-02 -5.1695275792e-03 4.2931720958e-02 4.7722258761e-02 1.3426878741e-02 9.5113848913e-02 2.4162367412e-02 8.7428932207e-02 -6.8623171372e-02 1.7964010571e-02 4.1175036353e-02
1.6887265045e-01 2.3426501902e-01 1.8336214098e-01 -3.3899759130e-02 5.4797342128e-02 7.6263892960e-02 -8.8850903577e-02 3.5679648052e-02 -2.4083507304e-01 -1.9410448111e-01 -5.5312040499e-02 2.1919596183e-01 2.0734768097e-01 5.3779032530e-02 -1.1189144870e-01 -1.0510445304e-01 -2.7941426884e-02 -1.6960415274e-01 8.4157730573e-02
-2.5127305740e-01 4.7839501682e-02 -2.4813869366e-02 9.4001013639e-02 -5.3201752831e-02 -2.0830076268e-01 1.1446496312e-01 3.2137025050e-02 3.5160596231e-02 -3.3466350587e-02 1.4897195204e-01 -1.9718635240e-01 -2.6017129730e-01 -7.0897061772e-02 1.9523824289e-01 1.2744810432e-01 -6.7274619795e-02 1.8096237221e-01 2.9841603859e-02
1.3072259034e-01 1.7800411831e-01 1.6169503798e-01 -2.4741386295e-02 -1.2817498500e-03 1.9887204580e-01 -2.3744155625e-02 -2.7715063719e-02 -4.0969716503e-02 2.7179759858e-03 -6.2774770083e-03 1.8602265739e-01 1.3015083767e-01 2.0280118236e-01 -4.4250632505e-02 -1.6033203888e-01 8.3752819143e-02 -1.5576349628e-01 9.9200191095e-03
-1.6113887675e-01 -2.0227555254e-02 5.5996797738e-03 -3.9528535545e-02 -5.7133446975e-02 -1.1203782026e-01 1.5203003203e-01 -3.0680654640e-02 1.4020687536e-01 1.3358699083e-01 1.4357888919e-01 -1.3305583532e-01 -8.3120389645e-02 1.3315378418e-01 1.8298977861e-01 1.8963439760e-01 -4.6571512399e-02 1.5821046575e-01 -5.3287304157e-02
8.0092186770e-02 2.4763102558e-01 1.4406674982e-01 -2.5234603278e-03 -3.9064519338e-02 2.5857043811e-01 -1.0789619508e-01 3.6478514307e-02 -1.1427445129e-01 -2.4842898088e-01 -9.1972372611e-02 2.0685083022e-01 2.5300652421e-01 1.6546099193e-01 -1.9569316577e-01 -1.2923251715e-01 1.5789309085e-01 -1.4490051655e-01 3.9509400123e-02
1.5816706771e-01 2.0033811765e-01 1.2171596541e-01 1.0897305896e-02 5.5639488709e-02 5.9120216060e-02 7.9838278008e-02 -3.8913332680e-02 9.5036566391e-02 1.1055173691e-01 -3.5955544249e-02 3.3076207588e-02 1.9181905330e-01 5.9817013772e-02 1.1307000529e-01 2.5831970938e-02 3.9301830258e-02 7.4011661840e-02 -1.2262915289e-01
-4.8978449928e-02 -9.0537267212e-02 -1.3105328607e-02 1.5027864979e-01 -1.0732401483e-01 -1.0295654415e-01 -4.7333036389e-02 2.6481471386e-02 -1.1782627287e-01 3.5680544873e-02 8.2798905396e-02 1.3071416365e-01 -8.9814845376e-02 -6.2010820530e-02 4.3870903769e-02 3.4890218070e-02 -9.6510189876e-02 1.8468412454e-02 7.1566792433e-02
3.7467621644e-02 -4.7430866136e-02 -1.0433092556e-02 -3.6718240963e-02 8.2339362653e-03 1.0270341148e-01 3.1996064317e-03 -1.8620090683e-02 -1.0740344145e-01 -6.2539022503e-02 -7.3977783006e-02 1.9904033483e-03 1.1497032014e-01 -1.3543079576e-02 8.4081167782e-04 -1.0189072243e-02 9.1664127893e-02 -8.4799374403e-03 4.6397832063e-02
1.9643160769e-01 1.2567681461e-01 2.0738853115e-01 -6.8895020957e-02 -1.6703924718e-01 2.3085004387e-01 -7.5864440193e-02 2.0579959521e-02 -1.1756456406e-01 2.0038965450e-02 -8.8284382062e-03 4.2813867386e-02 9.7786255587e-02 1.3265026709e-01 -1.2593677733e-01 1.7004235079e-02 2.6666187812e-01 9.6691311258e-03 -7.2649206901e-02
-1.0101992742e-01 2.8951076604e-02 -7.4322778496e-02 2.9178516220e-02 5.6091751165e-02 -5.3078631857e-03 -1.2532042309e-01 -7.5830779843e-03 -9.1668243531e-02 8.7693606711e-02 1.4677522435e-02 -4.7803451033e-02 7.7886532236e-02 1.9831927253e-02 -8.0949988605e-02 -5.3370776800e-02 7.5657024455e-02 -8.2499339242e-02 -1.0287596545e-03
7.5519877743e-02 6.3114768493e-02 1.6192975232e-01 7.3405148741e-02 -7.3324493141e-02 5.1469549194e-02 1.0771806461e-01 -1.4882195301e-02 -9.5425069283e-02 -6.1427548830e-02 -9.8954836190e-03 1.0478275027e-01 9.6448170839e-02 9.5339702029e-02 -1.8406640493e-02 3.6363105531e-02 1.0162694918e-02 -6.5752678098e-02 -5.3595034469e-02
5.2578201534e-02 6.3303579724e-02 7.4893800032e-02 8.5596163080e-02 -1.9952869250e-02 1.4906406493e-01 8.3072477548e-04 -1.5304748936e-01 5.1046590825e-02 -9.6625836516e-02 5.5425406876e-02 1.4882024143e-01 1.4959909180e-01 1.1780934411e-01 9.7983172409e-02 6.1822631902e-02 2.7502043389e-02 9.9201546391e-03 -4.2255324633e-02
8.7336014397e-02 1.5269537856e-02 -2.4469005152e-02 2.7343098994e-02 -1.0412846519e-02 1.4109572903e-04 -2.7316502448e-02 -4.1558386469e-03 4.8933270229e-02 -5.4522475842e-02 -4.7628141807e-02 -2.6738046630e-02 -7.6860739911e-03 4.6623932752e-02 -1.8941483136e-02 -1.5191735112e-01 -4.6869342283e-02 -2.5564231047e-02 1.2215521225e-02
-1.3305667253e-01 -1.8598705026e-02 -7.4564051669e-02 -1.4862916873e-02 1.7230199057e-02 -1.9062959806e-03 4.7706167008e-02 -2.3084201999e-02 -4.5278849614e-02 2.8742959120e-02 7.8179639749e-02 -1.3725349054e-01 -6.2621146275e-02 6.4589199624e-03 -3.5869027276e-02 1.5879689367e-01 -3.6251464971e-03 -6.9342856078e-02 1.2863299637e-01
1.9603585447e-01 9.9366446255e-02 4.8275464268e-02 -7.5329784344e-02 -2.5867064234e-02 1.0045889595e-01 -2.9463902253e-02 2.2029410880e-02 -8.2071224046e-02 -1.0007123984e-01 3.1738123697e-03 2.3457471275e-01 1.9072341655e-01 1.7348380982e-01 -1.1391667432e-01 -8.5498038339e-02 2.0215070379e-01 -2.1100559940e-01 -1.1946884840e-02
1.6861302953e-01 1.3902713167e-01 1.9241970363e-01 -5.6461629514e-02 -3.8004693580e-02 9.3354693828e-02 -1.8320647808e-01 6.5260832008e-02 -1.8750820548e-01 2.7857216056e-02 -8.1695890356e-02 8.6955468156e-02 1.5459994125e-01 1.7649518561e-01 -1.2858624258e-01 -1.3757889613e-01 1.4495755189e-01 -1.2883088470e-01 -1.1076966157e-01
1.5405281483e-01 1.9866488600e-01 2.1800696800e-01 -7.8060339058e-02 1.0826003405e-01 6.6190278257e-02 -1.3142714748e-01 7.8146351366e-03 -3.7448719613e-02 -4.7410833245e-02 -7.6248075789e-02 1.5410370973e-01 2.3170750062e-01 2.0277754336e-01 -1.2372976693e-01 -1.0697066894e-01 1.6862506053e-01 -1.3095763922e-01 6.4644715817e-02
