-9.7879184500e-02 1.3865432887e-02 1.0425776100e-01 -6.4698616075e-02 1.1100497044e-01 -4.0031084823e-02 -3.5971565965e-02 -5.3137804493e-02 5.8961972645e-02 -1.4620885122e-03 7.8518410536e-03 -7.2979471475e-03 -8.3197201792e-03 9.9906390884e-02 -1.1185785387e-02 -5.0867144551e-02 -4.4367378125e-02 -1.0962300269e-01 3.0981449026e-03
-9.7931947235e-02 -4.1516379119e-03 -8.6022861366e-02 1.8026854178e-01 1.3047421311e-01 2.6520370614e-01 1.5077845573e-01 4.7651298324e-03 -4.0362621432e-02 1.8636818046e-01 -5.9191532913e-02 -1.4241806872e-04 -9.6257342922e-03 1.9814595893e-01 1.0027822154e-01 -9.1860447307e-02 -8.1067748732e-03 -1.1532787036e-02 1.4966347890e-01
1.9497962880e-02 -1.8243585529e-02 4.2434143758e-02 2.5065892585e-02 1.6193456489e-02 -1.9478265116e-02 2.3194423744e-02 -9.4028016680e-03 2.7853968207e-02 -8.3110082203e-02 -5.2209697637e-02 -1.1526137300e-01 4.1767810616e-02 1.4475387465e-01 7.7780933530e-02 4.7719311072e-02 1.6875363747e-02 -5.4394774954e-02 2.2152084686e-02
-2.2906555182e-03 5.7662515077e-03 1.1371390655e-01 1.3955999823e-01 -1.4828445635e-02 8.1758471264e-02 1.8330853626e-01 8.0556859049e-02 1.1528310408e-01 6.1272831685e-02 1.0774389971e-01 -1.4227310301e-01 -3.1897537471e-02 1.9690213445e-01 -6.9357654546e-04 -1.3265220811e-01 -2.6161595942e-02 3.9087294329e-02 4.4232740854e-02
-2.2208676643e-02 6.2145187592e-02 5.8570692905e-03 5.4424863032e-02 9.7499697628e-03 -1.9611997615e-03 2.7964846873e-02 -6.6409092298e-02 -1.9044863117e-02 -4.0279062804e-02 1.2606146714e-01 6.4211639001e-02 -3.1799766819e-02 -3.3410297472e-02 1.5781950406e-02 1.1156716147e-02 7.5916384517e-02 -2.1950642166e-02 -1.7235941133e-02
2.1586665443e-02 -1.2846090816e-01 1.7903781731e-01 -1.1997577914e-01 -2.7945431924e-02 -6.0352391298e-03 3.3690764941e-02 7.6182803274e-03 5.5110599587e-03 4.4109900819e-02 -6.1154108985e-02 2.6961721572e-02 -8.7772701016e-02 4.6620974445e-02 2.4318236140e-02 -8.6773591574e-02 -4.0982723672e-02 -2.5346885307e-02 4.6440216564e-02
-8.3208176437e-04 -1.9739161245e-03 5.2520105695e-02 2.2413839568e-01 1.2551491518e-01 1.1180227719e-01 5.6619594814e-02 -7.7365957329e-02 4.5178391637e-02 1.3600092914e-01 2.6451100814e-02 -6.1957855922e-02 -1.4262034299e-02 1.0043129893e-01 -3.0162983749e-02 -1.7872729271e-02 -2.8561501228e-02 -1.5435432603e-02 9.2686601939e-02
-1.4481326932e-01 2.6104437131e-02 7.8524254719e-02 8.0323433499e-02 1.2771791044e-01 9.5619482648e-02 1.4468722115e-01 -5.8123598411e-02 3.5123162149e-02 5.8228087673e-02 1.2305190273e-01 -2.2574543168e-02 -4.9232527174e-02 1.5786524804e-01 6.0302824862e-02 5.2556776047e-02 -7.1443041491e-02 -4.7974525269e-02 9.9179006143e-02
3.2437267436e-02 -4.4602431121e-02 1.9227524293e-01 1.6921857280e-02 -7.4254834242e-02 -1.7322007558e-01 -1.5916707557e-01 -1.3096709148e-02 1.6278194076e-01 -1.1200726088e-01 1.8321741489e-01 4.0241489891e-02 -2.5622716094e-03 4.4359858694e-02 -7.6142996068e-02 2.1368131236e-01 2.4962784191e-03 2.5926552908e-02 -1.8893962224e-01
2.9034895361e-03 -3.8831161485e-02 1.0601308675e-01 1.3323080388e-01 -8.5920733414e-02 -1.8826141214e-01 -2.3928058579e-02 -2.8926852030e-02 2.6613413695e-01 -1.0417654927e-01 7.7142767048e-02 6.3927729547e-02 7.9804263909e-03 1.2485324763e-01 -8.2039598734e-03 1.5810553931e-01 -1.7948168170e-02 -9.9829024809e-02 -5.6011309834e-02
4.0551314044e-02 9.6621596887e-02 2.7803318823e-02 -3.6836312600e-02 -5.4412727070e-02 -3.9433858395e-02 -7.5448679923e-02 -3.6073744533e-02 1.7623480691e-02 4.2329989316e-04 -5.1318168996e-03 5.4540097957e-02 -3.2461302343e-02 -2.3039178146e-02 -9.2244683265e-02 3.8345136825e-02 -2.3088442255e-02 -2.8521320760e-02 6.1076486470e-02
-1.6079033493e-02 4.1070606980e-02 -1.3518099729e-01 -1.2787387327e-01 6.9287996098e-02 -2.9583617445e-02 -1.9583878166e-02 -3.1374224239e-02 -4.3794349985e-02 2.5541765950e-02 6.1648069881e-02 5.7253970390e-02 -6.0790822756e-02 2.7535700655e-02 1.7131776173e-02 -1.3634869018e-01 -1.2493514911e-02 -3.2033632030e-02 -1.4349282388e-02
-1.0190345627e-03 3.4958894878e-02 1.0135226595e-01 -3.4179378277e-03 4.0251588822e-02 -9.4601887249e-03 -7.0456173788e-02 7.3924373748e-02 -9.2862897183e-02 1.2549671910e-01 -6.4151496309e-02 1.7726295821e-02 5.5491709220e-02 -4.2844363436e-02 -4.1723083207e-02 2.2107883538e-02 -1.8127997177e-02 -1.5531901154e-01 -4.6151874753e-03
-4.3338134830e-03 4.7306705019e-02 -1.2681416075e-02 -1.1919858014e-01 1.7176346649e-03 -1.7426697380e-02 -6.8686998130e-03 -6.6698481147e-02 -1.5055141798e-02 -6.3938269009e-02 4.2914563836e-02 4.2769813288e-02 -5.1594917346e-02 -6.2386263699e-02 -6.8753698233e-02 1.0523116875e-01 -1.0538270162e-01 -4.8720858616e-02 8.0855694362e-02
-3.1830439711e-02 1.8737102524e-02 1.5878441068e-02 9.6747879855e-02 2.6965854746e-02 -9.9075013671e-02 1.4919933164e-01 2.8778562914e-03 4.6666940809e-02 2.1726749292e-02 -9.2785214002e-02 -6.5125668064e-02 -8.4082992889e-02 1.8561157422e-02 -8.3654550490e-02 -7.0380018754e-02 -1.4617701274e-01 -5.6787127807e-02 1.3510625470e-02
1.6580480661e-02 7.6858511951e-02 -3.8057010343e-02 -2.5126822499e-02 1.5177406118e-02 -1.0622035045e-01 -6.2949741599e-02 -2.0060615315e-02 1.5630786652e-02 1.0835548206e-02 -3.3399744029e-02 1.0781755006e-01 -4.9545097282e-02 -1.2061123165e-02 7.2110748313e-02 4.3827373618e-02 -4.5677966473e-02 1.1455508563e-02 -7.6459870390e-02
3.3687397999e-02 -1.4698448185e-02 2.6154863898e-01 6.4189150222e-02 5.4118353379e-02 -2.5381742065e-02 -6.6144027951e-02 -2.5199500608e-02 6.3014392789e-02 -4.6679671408e-02 4.0503154949e-02 1.0288926216e-01 7.6172039204e-02 8.3330881571e-02 -9.8564003527e-03 9.2280311433e-02 -8.2180148679e-02 -7.5642349136e-02 -1.4737617990e-02
-1.1685877993e-01 -1.7217648889e-02 -6.2744615796e-02 -3.0624389797e-02 -4.2749703734e-04 2.5485539989e-02 7.6349906860e-02 -3.1906790338e-02 5.8977577098e-03 -6.2462605922e-02 1.8648129800e-01 7.2914991344e-02 -3.8996723660e-02 -1.0780774484e-02 -6.3909199175e-02 4.0920987839e-02 -4.7957276474e-02 2.7193647382e-03 1.3272248603e-02
-4.3371147810e-03 -6.6573705487e-02 -4.2261089633e-02 3.0989427218e-01 1.0514874940e-01 1.1605761366e-01 2.7558725168e-01 5.6203284743e-03 1.1195854574e-02 1.6811282204e-01 1.2462239762e-02 -2.0842494423e-02 -1.4432148714e-02 2.8006498782e-01 -1.1838534287e-02 -8.1020484986e-02 -1.0257449828e-02 -1.6362605544e-02 8.2118198166e-02
