1.4006918076e-01 -1.4177163385e-01 -2.3110858771e-02 3.8355097428e-02 3.3783892795e-02 4.2372038727e-02 -2.2354283899e-02 -5.8511940082e-02 2.6729038887e-02 -5.3644072069e-02 -9.9966703179e-02 8.0194143298e-03 8.2908955497e-02 -1.1770665843e-01 -6.5402500525e-02 -5.2738768150e-02 -7.6211025563e-02 -7.6433037805e-02 -3.7315722123e-02
7.3593228424e-02 1.3695203363e-01 -1.9390538612e-02 -1.2913864295e-02 -5.6407822765e-02 7.2259097663e-02 3.6646541847e-02 1.3657240815e-02 7.4610426432e-03 1.4023438185e-02 -8.1936679892e-02 7.1143375907e-02 -1.8375558012e-02 8.7642869990e-02 3.1545511679e-03 1.1238113951e-01 -9.2881620133e-02 3.0175002280e-02 4.4736687617e-02
2.2156522180e-03 5.9229339197e-02 7.3531753048e-03 -3.7345965058e-02 -7.3046067737e-02 1.2581092982e-01 -4.8878843290e-02 2.4088362975e-03 -1.5953234452e-02 -1.3410006040e-02 -3.3325419447e-03 -1.3198839500e-01 5.7998136410e-02 -3.4257224787e-02 -4.7749437614e-03 7.4679668982e-02 2.9232286892e-02 7.2149973433e-02 -9.5826533683e-02
3.5356236661e-02 -1.6926568428e-02 1.0252299176e-01 -2.8976909918e-02 3.3012004926e-02 3.9497671823e-02 3.4778343654e-02 -1.0607530272e-01 4.1818296249e-02 -4.5083166293e-02 4.1473802868e-02 9.7272400171e-02 1.2860719887e-02 1.8312329648e-02 -5.0052065006e-02 7.5671982492e-02 4.3663615521e-02 -3.3224007021e-02 -4.6431015221e-02
9.3984769564e-04 -4.4911261950e-02 1.2843704684e-01 -5.3096880022e-02 -7.4792999406e-02 -4.8433526430e-02 -2.3810690430e-02 -3.1718835740e-02 1.2158275572e-02 7.0123442156e-02 -5.5903869448e-02 -8.1719749903e-02 -2.5219036230e-02 -8.3554048360e-03 2.0862270207e-02 -6.8313748235e-03 9.2728952940e-02 -1.3445735303e-03 -5.0518733333e-02
2.5489099958e-02 -2.0182607308e-04 -2.0147198811e-01 5.5561298027e-02 -1.2117297206e-01 4.1682037135e-02 2.1247776817e-01 3.0077170544e-01 2.1563324242e-01 -7.2163847755e-03 2.3848835899e-01 -7.8991967487e-02 1.8890345595e-01 2.6423195045e-01 -6.8387465123e-02 -7.8051383281e-02 -9.4843219526e-02 -2.6856101653e-03 1.2722244680e-01
8.7277771873e-02 2.4286505845e-02 -4.0534508450e-01 -1.1206970479e-01 -4.5128226960e-01 4.8221266052e-01 3.5270904348e-01 6.2903880570e-01 6.0797700221e-01 -1.3088534067e-01 4.6868578496e-01 -3.0972665076e-01 4.3057238578e-01 5.4660095402e-01 -3.9660156856e-01 -4.3033629707e-01 2.1953617962e-02 -9.8128665390e-02 4.0570399371e-01
-1.4264592161e-02 -3.5591149343e-02 1.1825870412e-01 -1.2079369570e-02 1.2887867468e-01 -5.9125467778e-02 -6.4677736352e-02 2.1405249802e-01 -1.2146717109e-01 5.2781823596e-02 -9.0166566088e-02 1.4694951229e-01 -6.6769348965e-02 6.5353778645e-02 1.1603245605e-01 2.1675510069e-01 -1.5428476890e-02 -1.1282678868e-01 -7.3338564610e-02
-6.3102500634e-02 5.1910394753e-02 -5.9164825314e-02 2.6464126725e-02 -5.0121713247e-02 1.5180178081e-02 4.2624674227e-02 -2.3077326028e-02 1.0112268328e-01 -7.4383095627e-03 -1.3454603865e-01 1.1692331037e-02 3.2479774702e-02 -1.7681731582e-02 3.4696588445e-02 4.7151175592e-03 4.6350549284e-02 -1.0108757640e-01 -7.2450456344e-02
1.0656116760e-02 4.8480758904e-02 3.0593581814e-02 9.6829838052e-02 -5.9577291544e-02 -7.6706857091e-03 -8.7927149206e-03 3.5089752379e-02 -4.8768594232e-02 1.3722113871e-01 -4.0788219077e-02 5.7333607221e-02 -8.5681204573e-02 3.7922996673e-02 4.4702491534e-02 1.4832183223e-02 1.6567762570e-02 -1.3267074971e-01 1.4400951657e-01
6.0033303237e-02 -6.8372612463e-02 -1.1846163544e-01 -2.8763865662e-02 -8.2253258296e-02 1.5821686164e-01 7.7868498578e-02 2.3216389808e-01 1.8680199364e-01 -1.1847270298e-02 1.4303213910e-01 -4.1078854796e-02 1.6393642914e-01 1.5009182756e-01 -1.0136395567e-01 -1.7007610224e-01 9.3063307051e-02 1.1144910117e-02 1.5364768242e-01
-8.6279334137e-02 3.1495456467e-02 -3.7420870904e-02 -2.7400675710e-02 1.2159457467e-01 -2.4908144905e-02 2.8248945604e-02 1.2418834810e-01 -6.4204409456e-02 -3.4783078692e-03 6.5405145841e-02 1.2525180798e-01 -1.4340107141e-01 9.3876805772e-02 1.6135985692e-01 5.3753207188e-02 -4.5440646868e-02 4.4067416285e-02 8.9923153508e-03
-1.2588063878e-01 6.0786117607e-03 9.4075237888e-02 -4.4665963661e-02 -8.6452478186e-03 -6.8791226381e-03 -6.1895397660e-02 2.7640207078e-01 1.0807984030e-01 -6.2154908202e-03 1.0575074632e-01 1.7764859295e-01 8.0064877125e-02 1.5436758225e-01 1.3730257406e-01 -2.2032542250e-02 6.0181733326e-02 -7.0913026331e-02 7.6425461190e-02
1.8365034028e-02 -9.5671337102e-02 4.4626096549e-02 -1.0750720640e-01 5.5840230425e-02 -4.2270611798e-02 -1.8709353142e-02 1.9657444587e-01 -2.0846696531e-02 -6.4496368611e-02 -1.2336728773e-01 1.1470293031e-01 -1.0072806347e-01 2.1510516150e-02 7.0562369271e-02 6.4256700920e-02 -3.2313056025e-02 -3.7343426463e-02 -5.9031302841e-02
3.1537296723e-02 -1.2810631361e-01 -2.1153642462e-02 -9.3323890729e-03 6.8215147015e-02 7.2572845934e-02 -2.5091574395e-02 2.3193979604e-01 6.3979416183e-02 2.8523167437e-02 1.3746515082e-01 9.2417979164e-02 5.0923905571e-02 1.0623308873e-01 5.9386359545e-02 1.1986120082e-01 -4.1399254569e-02 -3.1344185695e-02 1.0797788177e-01
-8.2544282923e-02 1.1703047414e-01 -1.7249549418e-02 -7.3148012004e-02 -1.4735650582e-01 1.1835571598e-01 1.3787649541e-01 3.1619171628e-01 7.8468593201e-02 -1.4043583481e-01 6.8398791000e-02 -1.1300778646e-01 2.3139340918e-01 2.1987306567e-01 1.1010389320e-02 -1.8201690187e-01 -5.4697126591e-02 2.1807956070e-02 1.3652335715e-01
-1.9830238651e-02 5.6767998145e-02 5.4292743835e-02 6.1799701948e-02 8.0051198356e-02 -4.8855894475e-02 -7.8836850547e-03 -6.8224467674e-02 -4.1395330228e-02 1.2179605408e-01 5.6801201321e-02 -1.2310808923e-02 -2.2867685807e-03 1.5122372980e-01 -8.8157788265e-02 5.4900249649e-02 8.7056117074e-02 -4.5190704166e-02 7.7499597215e-02
-1.1227011971e-01 -3.4486080453e-02 -4.5741573389e-02 1.5237912571e-02 5.2514136131e-02 2.3013114393e-02 1.7788712194e-02 8.3916208800e-04 1.7841241880e-03 -4.2397126704e-02 1.3496658599e-01 1.6322165422e-01 -1.9795750146e-03 -2.4078813910e-02 6.5269833506e-03 -1.4683982241e-02 3.1137682394e-02 2.5573956790e-02 -6.5898957332e-02
4.2941288572e-02 -2.5226257405e-02 -7.3063474038e-02 7.5238349861e-03 -1.4124788219e-01 7.4668667680e-02 1.9749016321e-01 3.0481895731e-01 1.4283917424e-01 1.1466391590e-01 1.5520927152e-01 -7.5306007151e-02 9.1098351679e-02 1.2079836942e-01 -1.9378752201e-01 -2.2243836782e-01 5.7091852943e-02 -1.6856365849e-02 9.0345196016e-02
