-4.5953220922e-01 -5.7579486594e-01 1.6521760516e-02 3.2171108806e-01 -4.0625431240e-01 4.1000975465e-01 5.1913993441e-01 2.0641930240e-01 -7.4496819813e-01 1.9297105504e-01
3.9574508273e-01 -4.2992028679e-01 -2.9322312692e-01 -4.6118030963e-01 2.9891209454e-01 -2.6063429017e-01 2.7121313620e-01 -1.4898736438e-01 -1.6228384408e-02 -1.2980723150e+00
3.5152694128e-02 -3.4423998064e-01 -7.5399268841e-01 1.7306616204e-02 8.4289218209e-01 4.6164292550e-01 8.7591058207e-01 3.5709018407e-02 2.6648798221e-02 -1.4541783564e-01
3.3030751898e-01 -1.3989917322e-01 -8.1965136122e-02 3.8830017267e-01 -4.4023744585e-02 7.9963831999e-02 -5.7625331146e-01 -3.8666549019e-02 -1.8769837386e-01 4.7056816805e-01
-6.5720661372e-02 1.0281461850e-02 -6.5157295670e-01 -1.3789818776e-01 4.1564428990e-01 2.5899608025e-01 -3.1257180882e-01 -1.9939784676e-02 3.0518897956e-01 -8.1234672942e-01
-1.6421359249e-01 -3.8490828400e-02 2.1617070372e-01 1.7595332726e-01 -3.2796907987e-01 -2.8551582194e-01 -9.5843999342e-01 9.1555983258e-01 8.1065505051e-02 4.4094926759e-01
-1.7642105159e+00 5.1931896319e-01 1.0226528658e+00 2.1946785640e-01 -6.3062132152e-01 -7.3536370598e-01 4.6114546267e-01 8.3789883718e-01 7.1270874887e-01 -1.2699575201e-02
1.1333880011e-01 -6.9576477310e-01 6.0422543876e-02 -6.1915442851e-02 -8.0929366878e-03 7.2330020000e-01 -3.5712849449e-01 -5.4368063449e-01 4.7108105665e-01 -4.1590928062e-01
-1.2232157515e+00 2.4231963358e-01 -5.4931830913e-01 -1.1293476301e+00 -3.4175119414e-02 4.9955528042e-01 -4.7417018270e-01 -4.2189513783e-01 3.4847787977e-01 3.2420311161e-01
2.4374049670e-01 -9.9746084531e-01 2.9725129139e-01 -2.5581133048e-01 -1.0874101960e-01 -3.0935114277e-01 7.2313122447e-01 -6.8366607493e-01 2.6301398506e-01 -9.5681559285e-01
