2.2071114058e-01 9.9697881774e-02 -4.1805819478e-01 2.4781538061e-01 1.0780139476e-01 -5.4006216010e-01 -1.2287982174e+00 4.5609960296e-01 -2.2206760888e-01 -2.9120837281e-01
1.6639897722e-01 -6.0214312079e-01 -6.3937532905e-01 1.1516585703e+00 8.5058092298e-01 -9.6209232520e-02 -4.2860695693e-01 -6.3098383331e-02 5.5071278902e-01 -3.6372561313e-01
1.1151849009e-01 -4.1607927382e-01 1.8135929267e-01 2.4424144475e-01 9.7739402051e-02 -1.7995273149e-01 8.4350038853e-02 8.2716459823e-02 8.0346926290e-02 -5.0606045973e-01
-1.0009016461e+00 5.4100304595e-02 1.2258532883e+00 -1.6098702275e-01 -2.7525993651e-01 5.8293482230e-02 2.1052526784e-01 9.8287790862e-02 -8.4475734764e-01 1.1322886578e-01
-3.9256377537e-01 4.4407347855e-01 -1.4763263843e-01 2.3873577512e-01 1.2213181865e-03 5.1293797901e-01 -7.9713786271e-02 2.6058634151e-01 2.3905868765e-01 -5.3884008205e-01
-6.6432181144e-01 -6.4317642252e-01 -1.2098385369e-01 -9.7440064651e-03 6.2753731233e-01 1.2736259021e-01 2.2923221199e-01 4.1547168636e-01 -5.8286249881e-01 2.4106648711e-03
9.3121679537e-01 -1.6508916583e-01 7.8992406417e-01 -2.7749429559e-01 -8.1917124510e-01 -1.9567186503e-01 5.5982619473e-02 3.2971671870e-01 -4.7274544386e-01 1.0374742965e-01
8.3015062713e-01 2.8581643762e-01 -1.6094804364e-01 4.6010671790e-01 -1.0530606402e-01 9.5078335061e-01 -8.1250927799e-01 -9.8891954377e-01 2.8618502732e-01 -3.9080184294e-01
1.3149198172e-01 -3.8303265740e-01 3.7768963219e-02 8.9778678522e-01 2.7075408907e-01 4.9090613367e-01 -3.9685490422e-01 1.4662337868e-01 2.4688423250e-02 -3.4365197020e-01
3.0422197643e-01 6.2404620955e-01 -3.8804961993e-01 -2.9246899624e-01 1.9914333464e-01 -9.7583006966e-01 3.0229393358e-02 -4.6191394217e-02 1.9425174621e-01 -7.1768609030e-02
