-4.3677424786e-01 -1.4420196780e-01 7.0893787302e-02 6.2347103383e-01 -1.6149753455e-02 1.1517830004e-01 1.9176610678e-01 -2.4476813856e-01 3.4217697480e-01 1.2845954419e-01
1.3557708153e-01 -6.7432218063e-01 -3.0329306238e-02 -5.8668557087e-02 8.5237616948e-02 -2.9788445102e-01 1.0868900530e+00 9.5625864237e-02 -2.2181065346e-01 -2.4746271113e-01
-2.9291019607e-02 -4.7993583394e-01 5.0703543337e-01 4.3448794395e-01 -5.4862260369e-01 4.2181161509e-01 -5.0888877834e-01 4.6988705448e-01 -8.6705279159e-01 -4.0805829054e-02
-3.2973494518e-01 -3.1225975623e-01 6.0138545415e-01 -4.9279342914e-01 -6.8158599773e-02 1.2461629113e-01 -4.1744273059e-01 -2.7428314356e-01 -2.0491194574e-01 -3.9821298437e-01
7.4940740845e-02 9.3029864471e-01 -1.7501169784e+00 3.1247005288e-01 3.6353809407e-01 3.9027624162e-01 2.0738704190e-01 3.2363008246e-01 1.3848640477e+00 -4.7488017150e-01
4.7519550920e-01 5.9084456172e-01 6.6730234098e-01 5.3224053152e-01 3.9878350430e-01 6.5664832483e-01 1.8699674655e-01 6.2620921438e-01 -1.0265944852e-01 -6.3980831798e-01
3.1166189874e-01 5.0719932011e-01 9.5281948400e-03 3.4061962848e-01 -9.8058095776e-02 5.0587328348e-01 2.3852864006e-01 7.2822334417e-02 -1.0913821636e-01 -1.5145559230e-01
1.0894602457e-01 -3.3032515341e-02 -3.8370541192e-01 -4.4819285452e-01 -1.5491487938e-03 -1.7290517300e-01 -7.4992793341e-01 2.0115767523e-01 3.2488832439e-02 4.6532976421e-01
3.1555057490e-01 1.7199441958e-01 2.5524595717e-01 3.8135774844e-01 -5.2146029774e-02 3.9949162728e-01 -1.3572835264e-01 3.6858979224e-01 -1.5123926093e-01 1.3995995477e-01
3.4437396344e-01 -1.8721772751e-01 -2.8359752047e-01 -1.6961387501e-01 6.1210976789e-01 -2.2410119779e-01 6.5175652652e-01 -4.2708700726e-01 1.6830544896e+00 -2.6306611254e-01
