2.4582038700e-01 -1.4846916834e-01 2.5538044706e-01 3.2476424354e-01 -8.7820504077e-01 -6.2819022494e-01 -3.9261863152e-01 -6.8179010871e-01 -4.0598257017e-01 -3.6705086430e-01
-8.2705645439e-01 1.8887727682e-01 -1.4267008513e-01 1.8184010130e-02 -1.0265415111e-01 5.1097483307e-02 -5.6933920810e-01 -4.8152323981e-01 -7.4936728906e-01 -1.1612208692e+00
-4.8408567142e-01 1.2098147384e-02 4.7545296611e-01 3.5816853795e-01 -6.5207870243e-01 5.9844314601e-02 4.3089221674e-01 -8.6753256323e-01 -2.0561052299e-01 -1.2658659256e-01
-4.7623694914e-01 -2.4334684269e-01 -3.0215391511e-01 -1.1990036081e+00 7.1397176781e-01 1.6025474461e-01 -7.1609643215e-01 4.9240265330e-01 -2.8401720729e-01 1.1221599877e-01
-4.0035351764e-02 3.9401352862e-01 -2.3577633633e-01 -3.7473959189e-01 -2.8228838850e-01 6.3949206953e-01 5.8227839349e-01 2.2726528792e-01 6.9533011156e-01 -3.9429309627e-01
-2.3772646343e-01 5.3625399308e-01 6.5854872622e-01 1.5364310532e-01 -1.6094479100e-01 8.1962964238e-01 1.1204545188e-02 -1.4761572245e-01 5.6933849272e-01 -2.1279768279e-01
7.2932263015e-01 1.0263796120e+00 -3.8050174791e-01 1.3509858173e-01 4.9218710775e-01 -3.0091023273e-01 4.3701272134e-01 1.6815058819e-01 6.6435882701e-01 1.8141894732e-01
5.7546669933e-01 7.3101039091e-01 -8.0154769615e-02 -9.3364166406e-02 3.2557189951e-02 7.8569822129e-02 -9.3706197099e-02 -2.5459279094e-01 7.0045571162e-01 3.5766137333e-02
6.3045166870e-01 -1.8612358895e-01 5.2195315309e-01 3.6014559140e-01 2.4265071073e-01 1.4272683370e-01 3.5078259716e-01 2.9390648477e-01 -3.7577257174e-02 1.4580908928e+00
-1.4766118661e-01 3.6454820554e-01 1.1304277203e+00 -3.3755454165e-01 -1.1090896269e-01 1.2145714134e-01 -2.8958653551e-03 1.7976631837e-01 9.4226287026e-02 -2.0485381209e-01
