8.2341674715e-01 1.2132925610e-01 -6.4251365396e-01 5.3897558976e-02 3.8065926647e-01 9.0901516690e-02 4.7565731152e-01 -4.0470799291e-02 -9.3510826392e-01 1.0490447221e-01
-4.6061277998e-01 9.9938496341e-01 2.7475859488e-02 7.0239908174e-01 -9.6413562761e-01 -1.7863213048e-01 2.8154106638e-01 -8.6596820785e-01 6.1665159094e-01 3.4245525237e-01
4.0292050469e-01 -7.9242134080e-02 3.4939648475e-01 1.4380495203e-01 -2.0356931716e-01 4.4268356286e-01 -1.6987552989e-01 -4.7676106139e-01 3.0262202938e-02 -2.3994507141e-01
-3.0332120889e-01 -6.0776884089e-01 -1.2577891480e-01 2.5532226957e-01 1.6193611596e-01 4.4184747623e-01 -4.0694141604e-01 1.2654575703e-01 -3.6583678405e-01 4.0425442632e-01
5.4535287607e-01 -2.6791723106e-01 3.3202339442e-01 1.6757917407e-01 6.5492455402e-01 4.9449401408e-01 -3.3076626461e-02 1.6993759911e-01 -4.2588005140e-01 -6.5362185194e-01
4.2713887956e-01 -2.8637665907e-01 3.2268625832e-01 5.5335040695e-01 1.7311895392e-01 6.1489988102e-01 -1.1745125193e-01 3.6084401449e-01 1.1835425566e-01 3.9871871077e-01
-3.2241107493e-01 9.9784828838e-03 2.0802755212e-01 -3.5721491701e-01 9.4211640066e-02 2.1705867628e-01 8.9869391303e-02 -6.5174983242e-02 -7.4074902147e-02 -5.8926512334e-02
-8.1780336878e-01 4.8573752872e-01 -1.3417896299e-01 3.1352689124e-01 -1.2131740941e-01 3.6022020157e-02 5.4073303322e-01 3.6906690103e-01 4.7391000027e-01 3.7207597277e-01
-2.6968463973e-02 -2.1060263063e-01 -4.8034192277e-01 6.2231465894e-02 5.0494712627e-02 5.5308281575e-01 3.3422199286e-01 7.4501618751e-02 -3.7608772629e-01 8.8062081986e-03
-2.0277238439e-01 -6.0562984736e-01 2.8444486965e-01 -2.1619314724e-01 9.3049063780e-03 6.3930884485e-01 2.8545506246e-01 -1.9502908379e-01 -2.2983349699e-01 -5.9033705753e-02
