-3.2397261205e-02 -1.2270372053e-02 -4.7857904109e-02 -6.4000686975e-02 3.7042647127e-02 -1.2300758350e-02 7.4665223364e-02 4.6442770083e-02 3.5760192624e-02 -2.7664020800e-02 -1.4794795110e-02 -4.9980906000e-02 5.5856985226e-02 8.1363138209e-02 -7.1281640011e-02 -1.1994872589e-02 -3.2893424236e-02 1.1161487670e-01 6.3853380846e-02
3.0552107148e-02 -1.2547583730e-01 -1.0453619547e-01 3.9377421619e-02 -1.0204883526e-01 4.9621605524e-02 -2.0887493512e-01 -3.1244816021e-02 1.9800960140e-02 4.1001374167e-02 1.2818334982e-03 4.5206131121e-02 3.4020161717e-02 4.4904197676e-02 -1.0993523417e-01 -5.6183468249e-02 -1.6703198444e-02 -5.8196347186e-02 5.0057252650e-02
3.5404497378e-02 3.1212035272e-03 2.4188527736e-01 9.2474749318e-02 2.5652559389e-02 -1.3888567098e-01 2.8679739712e-02 -6.5795478446e-02 2.5599964579e-01 -7.0155992809e-02 3.2799426515e-02 9.1240029037e-03 -7.5866818844e-02 -7.4007933776e-02 3.5104976621e-02 1.4228219181e-01 2.9839845733e-02 -1.2357797364e-01 1.9572471074e-02
-1.0708420507e-01 6.1878937699e-02 1.6339192500e-01 2.0203577871e-01 -5.2849070358e-02 -5.1424350749e-02 1.2800872271e-02 -8.4304059537e-02 1.7807920785e-01 5.0760514555e-02 9.2567237332e-02 -8.6906561589e-02 1.4179429823e-03 -1.4617101264e-02 2.1361600653e-01 1.0035030095e-01 -4.9974136145e-02 8.3695362066e-03 1.3084546057e-01
6.2664592102e-02 9.0202448787e-02 5.6126426221e-02 9.7776780998e-02 2.4576481021e-02 7.5541602825e-02 1.6825622485e-01 4.5564219641e-02 8.0261456792e-02 7.2699712409e-02 -1.2095252450e-01 8.4548011434e-02 2.2041033420e-02 -8.1233028715e-02 -3.8269196836e-02 7.1895160508e-02 -5.8205435039e-02 4.1561434604e-02 1.6273145504e-02
-1.6965506544e-02 -9.0300039068e-03 5.5998136907e-02 -1.1082852108e-03 -7.0777651318e-03 1.9273508538e-02 1.2435275119e-02 1.0479064442e-02 6.0387776691e-02 4.1407312710e-02 -3.4497480788e-02 -8.1549297781e-02 -1.3574941223e-03 2.3454537699e-03 -1.5406530053e-01 -9.8145178937e-02 -2.3244926561e-02 1.0369810311e-02 -6.5036921263e-02
2.1194208323e-01 1.8389179039e-01 -1.3297596877e-01 -1.9179167263e-01 -9.1472985733e-02 9.7362031073e-03 2.8148528286e-01 1.9683114621e-01 -7.9615757043e-02 1.4664409020e-01 -4.4065240999e-02 1.5271671222e-01 1.6027476957e-01 -1.3813842294e-02 -1.5173534951e-01 -9.8029820635e-02 -1.9573820282e-02 1.8623513199e-01 -7.7849874601e-03
1.7943732042e-01 3.6564350192e-01 -1.5510329341e-01 -2.3869142737e-01 1.9758036295e-02 2.9722758246e-01 2.9643434670e-01 1.4892037237e-01 -2.1508958274e-01 3.0310245927e-01 1.8473933649e-01 3.3363134629e-01 2.5100034957e-01 1.7982275229e-02 -1.1183247913e-01 2.8031013253e-01 9.3844214346e-02 2.0438388716e-01 -6.9833504517e-03
-1.0739186040e-01 3.3932850117e-02 6.5044728374e-02 3.8401429247e-03 -1.4498738343e-02 1.3048778118e-02 -8.3836846101e-02 -8.6209205410e-02 1.4018610915e-01 2.2018365245e-02 -5.3846060417e-02 4.3371330330e-02 -2.0407537317e-02 3.2062184086e-02 1.8379970369e-01 6.6021010041e-03 -8.6309370375e-02 -3.7426750380e-03 -6.8267840270e-02
-1.0215463099e-01 1.7331488817e-01 2.4531230973e-01 2.3777153972e-01 6.3738261669e-02 -2.0461587252e-01 2.0827668471e-02 -1.8260671206e-01 2.5548153169e-01 -1.4513431721e-01 -2.8189532539e-02 -3.9718173719e-02 -2.8562628748e-01 -7.6600886852e-02 1.2290123448e-01 3.2020498107e-01 -5.2370790617e-02 -1.8747699615e-01 6.4634947657e-03
-5.9100145991e-02 4.3844979340e-03 4.0699332647e-02 -4.5554539092e-02 -1.1600854272e-02 6.2853868053e-02 -5.8614301456e-02 8.8651359456e-02 -1.4390699080e-03 3.4563365736e-02 -2.1317185706e-02 1.2053582157e-01 -5.7387029080e-02 2.6669557802e-02 -9.4706302832e-02 2.1161075208e-02 6.2412163381e-03 1.6802378501e-02 2.6051104876e-02
-8.2478150113e-03 1.9883085069e-01 4.3279064871e-02 4.6211268629e-03 -2.8795285777e-02 2.1700556348e-02 1.2005722204e-01 4.4173783718e-02 7.6138785841e-02 1.3995193327e-01 -4.7620675685e-02 1.4864442197e-01 4.1921791684e-02 -6.9351178352e-02 5.9274137904e-02 1.0164968076e-01 -4.8448696209e-02 3.1031170528e-02 1.6926667288e-02
8.6090458615e-02 1.6668357607e-01 -5.5466022099e-02 1.8250929798e-02 1.0413289083e-02 2.9550709676e-02 2.5463115900e-01 6.5028541517e-02 -7.7703302997e-02 1.1474632660e-01 -2.4187546080e-02 1.7634658817e-01 1.5508874623e-01 -6.6107462433e-02 3.9252257015e-02 4.8894647852e-02 -9.5483354698e-03 2.5217881266e-02 -4.2599555308e-02
2.0564125878e-01 7.7967108770e-02 -1.3947835945e-01 2.2137160992e-02 1.1939237236e-02 1.3888611406e-01 1.2515748869e-01 8.1249861527e-02 -1.9603300827e-01 1.1017452482e-01 -7.2345463367e-02 1.5237668236e-01 1.1019715897e-01 1.7070486357e-02 -3.7528927371e-02 3.1660196768e-03 -2.7252462807e-02 9.4672815394e-02 2.7462490786e-02
-2.3720767444e-01 2.0398847544e-01 1.7566380688e-01 2.6364204021e-01 -4.6331247369e-02 -1.1223832572e-01 9.0194872416e-02 -2.1833903776e-01 1.6104899511e-01 -9.1267371201e-02 -2.0427106524e-02 -2.5852855040e-02 -1.1084312329e-01 -3.4428470159e-02 1.3417540191e-01 1.4607463339e-01 6.7334062698e-02 -1.7173185105e-01 7.2308704746e-02
1.2601172567e-01 1.3510980147e-01 -1.7425091279e-01 -8.5310759722e-02 3.6775605417e-02 1.1613361177e-01 1.6093209576e-01 1.3447563193e-01 -6.8209762419e-02 2.0548591828e-01 -7.1648310099e-02 1.5326137932e-01 -1.1731615563e-03 -4.2510441293e-02 -1.2554798373e-01 8.5211316004e-02 5.5697522097e-02 1.6579217325e-01 -1.0534760273e-01
-2.6528295373e-02 -9.5646973841e-02 4.6622062971e-02 4.1218665429e-02 -1.0379347919e-01 -3.3525824233e-02 4.7233427856e-03 -1.6002803031e-02 4.5040972872e-02 3.0069239850e-02 2.3979182920e-03 8.0531310039e-02 2.5060061620e-02 3.6275283947e-02 -7.5300347050e-02 4.0749112291e-03 1.0511625034e-01 -5.4735530575e-03 6.7522547520e-02
-4.6551740758e-02 5.3929711650e-02 1.8518319265e-01 5.3182001603e-02 -4.0726581001e-02 2.0378407479e-02 5.8000014816e-02 -1.0972192564e-01 1.5968626377e-01 1.2960605365e-03 5.1043686479e-02 1.0512251559e-01 -1.4695639059e-01 -1.2993274891e-01 1.1056689317e-01 6.4060617444e-02 1.6515578345e-02 1.4997391473e-01 5.9045052558e-03
-1.7561920249e-02 4.7696951880e-02 9.5999026167e-03 3.8653068895e-05 6.0268914064e-02 6.2584533461e-02 2.5103324954e-02 2.2420646876e-02 8.5109255923e-02 -9.0048710039e-02 1.0697626013e-01 -9.6643400184e-02 -2.1787142444e-02 1.1417215997e-02 1.1110107579e-01 -3.2415600742e-02 -5.8595619120e-04 7.8654405111e-02 2.5369273638e-02
