-6.5435622813e-03 4.1321527884e-02 1.1790998887e-01 6.3382065860e-02 8.1591839097e-02 1.6796032879e-01 -5.7886213094e-02 -1.0486967794e-01 -3.0911096119e-02 9.1256036964e-02 1.1561592798e-01 -1.4101104335e-01 1.0959178665e-01 -4.9560056792e-02 1.2978145351e-01 1.0470649332e-01 5.9366929531e-02 3.7362701385e-02 -2.0071226257e-02
4.6693418315e-02 7.5687926105e-02 1.9934215021e-01 4.1493096529e-02 2.6832347541e-01 1.9447645813e-01 8.3522441928e-02 -1.6416044333e-02 3.7730451645e-03 1.2549226991e-01 6.8815063440e-02 3.4519374685e-02 -1.5926473505e-01 -7.1736037764e-04 1.2556795429e-01 -1.0803401652e-01 2.8182360362e-01 -7.5934482975e-02 -8.0676008602e-02
3.6730967809e-02 1.4461973283e-01 6.1759550494e-02 2.9138121328e-02 8.8013077581e-02 1.3370926986e-02 -9.5808158783e-03 6.7848773955e-02 -2.8781667862e-02 1.6373053420e-02 7.2949629364e-02 5.9544481467e-03 7.2954354126e-02 3.6824305814e-03 3.0826498268e-02 7.3578901721e-02 1.1212416325e-01 7.3884255848e-02 1.7114576839e-01
3.6322747789e-02 -4.7710655782e-02 -1.1945575047e-01 -6.8079194045e-02 -2.5027814827e-02 -3.9219700028e-02 -8.8636708241e-02 -3.2134408797e-02 -4.7074813941e-02 -7.3038059270e-02 -2.0739723020e-03 -1.5076049257e-01 -1.0187175113e-02 -7.1059119844e-02 1.0638870299e-01 -9.5401436412e-02 -1.0623754360e-01 -7.2530565804e-02 -1.5035961446e-03
4.0543516951e-02 -3.9364177314e-02 -9.9817949496e-02 -4.4972916172e-02 -4.5972361445e-02 2.5349816726e-02 -8.9102381043e-02 -5.5059855624e-02 1.3130898608e-01 -5.3948535376e-02 2.7892227212e-02 -1.6650796849e-02 -1.3328449476e-01 6.4328028386e-02 6.3625276764e-02 -5.5276613648e-02 -7.0285864575e-02 1.1653953819e-01 2.2594115678e-02
1.1652881825e-02 1.5648046320e-01 -1.4751735587e-01 2.3592225614e-01 -1.4539944109e-01 -1.0536954536e-01 -8.5793177715e-02 -7.8544519275e-02 -3.7002782547e-02 -5.9963511652e-02 -1.1131523240e-01 2.5141587226e-02 1.7801549833e-01 2.9603201248e-03 -3.0261962677e-02 1.8870045719e-01 -1.3765393093e-01 2.4984206985e-01 8.0519872476e-02
-3.4902495611e-02 1.0094447709e-01 1.8611783844e-01 3.3280619567e-02 2.1905426657e-01 2.5263079660e-01 1.1484329096e-01 -5.2951007930e-02 -2.9716367805e-03 1.4031675592e-02 1.7263909974e-01 -3.6778071537e-02 1.9946499632e-02 7.9694106163e-03 1.3915425638e-01 -1.2286927674e-02 1.8771943609e-01 -1.4973996918e-01 -5.5420719750e-02
-7.4327270526e-02 2.4286426440e-01 -6.6319245233e-02 2.5389044373e-01 -1.0269360715e-01 -2.6652489250e-01 -1.4897939757e-02 -5.1231753713e-03 3.8641527096e-02 -1.3941805939e-01 -9.7931804016e-02 -1.3924348977e-01 1.2441248452e-01 -4.3747606742e-02 -1.7215845622e-01 1.4991341173e-01 -7.8232494694e-02 1.4393629572e-01 3.2587893214e-01
-1.6294514652e-02 1.3428351418e-01 -1.9646719307e-02 2.2068917372e-01 -2.3551475741e-02 -8.1948299178e-02 6.5877719731e-02 -1.0112407825e-01 -6.1509810564e-02 -1.0264342071e-01 -5.5092674702e-02 5.3553464162e-03 1.7535063525e-01 -1.3131511077e-01 -1.1724447310e-01 7.2594363311e-02 -1.2626804250e-01 2.2149532501e-01 1.1246916090e-01
7.1473889864e-02 2.4355423603e-01 -2.0134609499e-01 1.9942215817e-01 -1.4297985627e-01 -1.9461402099e-01 -1.0736714955e-02 -7.5791323377e-04 2.5831100571e-02 -1.8204055529e-01 -9.2054675538e-02 -1.1275385744e-01 1.9007150164e-01 2.2414659627e-02 -1.6148463242e-01 3.1913369367e-01 -2.0365642736e-01 2.0137035723e-01 1.7860669902e-01
-6.3594987566e-03 9.5022525585e-02 -2.4688683182e-02 -1.9693709701e-02 2.2130467710e-04 -2.2194871223e-02 1.5810747802e-02 -6.2272313919e-02 -6.2315343994e-02 -6.2991077174e-02 -1.0682631325e-02 -1.4450185811e-01 -6.3700151966e-02 3.8888302241e-02 7.5586287097e-02 -4.2240432367e-02 -4.1157805760e-02 1.3407105584e-01 2.2784549595e-02
-2.0030194456e-01 -5.6674834513e-02 5.6531891971e-02 2.2972497259e-02 -1.6357074899e-03 4.6693390616e-02 6.4869734190e-02 -4.7430276712e-02 1.4511110089e-02 -4.0019217505e-02 -9.8027660085e-02 -7.0848546401e-03 -1.9526703300e-02 -1.3092762429e-01 -1.1408508776e-01 -1.8006850086e-02 1.1587931556e-02 2.9934716817e-02 8.5050121742e-02
-6.4572977402e-02 -4.7230078955e-03 1.5477476949e-01 7.2811968367e-02 1.1940069731e-01 1.7700323565e-01 -4.6868349313e-02 4.9383940533e-02 -2.7133940372e-02 1.3102405490e-01 7.1018907657e-02 5.8344414321e-02 1.2220840360e-01 -3.4919564738e-02 -3.0878432319e-02 5.0346203088e-02 1.5182727782e-01 -1.9449161344e-02 5.0279749277e-02
9.1991760680e-02 7.9925812976e-02 4.1262233494e-02 -1.2035566903e-02 -2.8710403957e-02 8.0721851131e-02 -7.4738984438e-02 -2.9606819301e-02 3.8516877098e-02 -2.5275593832e-02 -1.0705113364e-01 3.8119952695e-02 1.4229430932e-02 -6.4232424641e-03 7.8279553986e-03 -6.8916094578e-03 -4.0089618092e-02 5.4087972054e-02 -6.4661355041e-02
-6.8745711066e-02 3.2956571089e-02 9.0348656553e-03 -8.0015204483e-02 -1.0196006765e-02 7.3568917192e-02 -1.9650232271e-02 -3.4785612758e-02 6.1976476525e-02 -4.2490361779e-02 7.9203283386e-02 2.4773710413e-02 -6.1836132611e-02 -5.2737762889e-02 7.9605102681e-02 -3.1648566949e-02 3.5637737282e-02 7.6926379590e-02 8.8162018400e-02
7.6771491669e-03 -9.9810442026e-04 1.6057431079e-01 -4.6909729128e-02 2.5081346222e-01 2.4396220538e-01 5.0820362934e-02 6.1567065269e-02 -3.9537556210e-02 4.8722097686e-02 1.1591481956e-01 -1.2180981311e-01 -1.8653283491e-01 -9.0552827290e-03 2.4096227950e-01 -1.2584610740e-01 1.5876841937e-01 -4.6622917459e-02 -5.1054415809e-02
-4.0154218917e-02 -2.2911413152e-02 2.1435109317e-01 -9.8905367915e-02 1.3017708662e-01 2.1839066957e-01 -1.2212625359e-01 -1.2372675100e-01 -1.1457400399e-01 1.6956607959e-01 2.8741058221e-01 7.6282152227e-02 -6.8835069049e-02 -7.9134288126e-02 1.3104874341e-01 -2.5296222029e-01 1.6378634154e-01 -1.8643012504e-03 -1.0539920722e-01
7.8063137078e-03 1.2889363288e-01 1.4842985869e-01 1.8947082772e-01 8.1541114371e-02 5.1562103957e-02 -6.6363254638e-02 1.1500187518e-02 2.2458204206e-02 4.0071665322e-02 3.8351397501e-02 2.6298046510e-02 -1.7261656299e-03 -4.1586415025e-02 3.4684111094e-02 1.3637272163e-02 1.0805173794e-01 1.6931600918e-01 4.6239260610e-02
-1.8581472323e-02 1.5801102024e-01 2.5902260867e-01 -6.7275180063e-02 1.0627344689e-01 1.1055561865e-01 -6.3865880449e-02 -5.0486355199e-03 -3.2552160414e-02 1.5219666290e-01 1.9257464553e-01 9.7065900172e-02 -9.3686951463e-02 1.3382046078e-02 2.6950133976e-01 -1.1659668087e-01 2.0813397791e-01 1.9381108647e-02 -1.0880385354e-01
