1.7769850442e-01 1.2097740410e-01 1.0171472143e-01 1.4895669173e-01 -1.3159259134e-02 -2.8486413880e-02 -8.2858043009e-02 5.0136037691e-02 -8.2020979485e-02 -5.5290530155e-02 1.4551198434e-01 -5.7478152112e-02 1.1777323992e-04 1.6392830953e-02 -1.0164248235e-01 -8.9409451170e-02 -2.5873686018e-02 -8.9925239382e-02 -1.1792139947e-01
-3.6185339058e-02 5.7954748548e-02 -1.4523893244e-01 -1.2563006842e-02 2.3639237422e-01 1.5250928373e-01 6.7992275256e-02 2.2404190222e-01 1.4461711643e-01 2.1210214062e-01 -1.9639032202e-01 2.0340267340e-01 -3.2844193510e-02 -3.6561668149e-03 2.2140066790e-01 2.1095275808e-01 -5.6686181828e-02 2.9336201562e-02 3.0966358882e-01
4.2667100337e-01 3.1794804449e-01 3.2620835830e-01 3.7878338930e-01 -3.1483380648e-01 -1.5770811083e-01 3.6506140353e-02 2.6440450274e-01 -2.2475565553e-01 -2.2826379428e-01 2.0184620663e-01 -1.6513742274e-01 -3.4256498927e-02 7.1319625889e-02 -1.6540334363e-01 -1.7180611937e-01 -3.5957238987e-02 1.7133028601e-02 -2.1342647834e-01
1.9725728676e-02 1.1312828265e-01 7.7561827444e-02 5.8749908774e-02 1.1395437730e-01 5.3675051831e-02 -7.3884238824e-02 2.7761540981e-01 1.4729107656e-02 1.2596339047e-01 -2.6043044707e-02 9.4310530640e-02 1.2533595748e-02 6.0901190813e-02 7.3439127898e-02 3.8772811999e-02 7.1741403938e-03 2.2515927464e-02 1.6935026797e-01
-4.0591079415e-02 -1.7815118803e-02 -9.5905999032e-03 3.3616830431e-03 -4.1636497490e-02 -4.0531676071e-02 7.1122284182e-02 -1.0433741026e-01 -7.0613232745e-02 -1.2899665385e-01 7.2062193014e-02 1.0626540242e-01 7.0905232641e-02 -7.5684029259e-03 6.6336915262e-02 3.6903093309e-02 9.0292641594e-02 -4.9436541378e-02 -4.9354264792e-02
5.7720844166e-02 7.1141640969e-02 6.5105907211e-02 7.1386663202e-03 -1.2686106215e-02 6.0188245968e-02 -6.9598354455e-03 1.9044502667e-01 -1.3831200849e-02 4.3704225250e-02 -1.1139504458e-01 -1.0981708812e-02 -8.2117002620e-02 -4.5419092340e-02 8.1433834054e-02 -1.1687277596e-02 6.1190599246e-02 5.5404028264e-02 6.9349552920e-02
-2.7420782820e-02 -1.2271341334e-02 -5.7878656095e-02 3.3596443578e-03 1.6804920451e-01 8.5117660373e-02 -1.0656929988e-01 1.0369829034e-01 6.3840674189e-02 7.4804350860e-02 -7.3202850288e-02 5.6168352956e-02 -6.6628032779e-02 -4.3869404584e-02 1.2845233915e-01 6.4341714600e-04 7.5411075739e-02 -8.2669114122e-02 8.2018084085e-02
-7.3606793126e-02 1.2418227745e-01 -7.4055759301e-04 -7.9011955776e-02 -7.3989729257e-02 -4.7273967623e-02 -2.0068811150e-02 -4.7973116495e-05 -3.4304606277e-02 -6.0409573161e-02 -1.2842949358e-02 7.0943631946e-02 5.0001320483e-02 1.5646234214e-02 -2.6788030026e-02 1.0102461959e-01 2.8259016200e-02 -2.4381600014e-02 -4.3283028156e-02
1.2704743703e-01 2.8234887915e-01 2.0892358981e-01 2.0014295400e-01 -8.7172093480e-02 -1.9150779061e-02 -3.0502469233e-02 1.5487207271e-01 -1.2208610765e-01 -1.2587410222e-01 1.7126421406e-01 -4.8247963533e-02 -8.1644957518e-02 -4.0138732223e-03 -1.4080523360e-01 -8.9815266967e-02 -9.5767186165e-02 4.0047328334e-02 -7.5207665301e-02
-5.7675463159e-02 5.8965259366e-02 -1.2492260642e-01 1.1822951721e-02 1.8552525729e-01 8.7219543232e-02 5.0943872540e-03 2.0987008011e-01 1.2461407065e-01 3.7056257188e-02 -1.2992694077e-01 1.1007391227e-01 -9.9385420692e-02 3.6839849157e-02 1.2506119250e-01 1.5465903327e-01 -3.3552068189e-02 -5.5253630969e-02 2.8795490390e-01
4.8677376334e-02 -3.0753456364e-02 -3.9345096377e-02 1.1329316206e-03 -7.4196819799e-02 -8.5255483594e-02 -8.8894329707e-04 1.2038642035e-01 5.5881109012e-02 -2.3183480520e-02 -1.2591381436e-02 2.7216700831e-02 -3.7258311010e-02 5.5760113833e-02 3.2785542074e-02 -8.7066422425e-02 -5.8645506809e-02 2.0139604283e-02 -5.3737762042e-02
-1.3785007480e-01 1.8808554568e-02 4.8301086257e-02 1.7500294731e-04 8.6381775247e-02 3.6223732176e-03 1.6202131143e-02 2.1667719893e-02 4.0930873169e-02 5.6416998540e-02 3.9265590425e-02 8.7660176418e-02 -7.2380169241e-02 -2.6243699063e-02 -7.8698575361e-02 6.6222268454e-03 8.6430278765e-03 3.0971706203e-02 9.0795314674e-02
1.9151771096e-01 6.2761398057e-02 -4.2999766908e-04 1.4713964289e-01 -1.0095186189e-01 -6.9234940876e-02 7.6412529834e-03 1.4906784014e-01 -2.6954491786e-02 -2.3452823914e-02 1.5892869231e-01 -5.6183432121e-02 -2.3955328084e-02 -5.8772202186e-02 -2.4380992584e-02 -1.6884824490e-02 -8.0895836864e-02 5.1493887747e-03 1.5121976318e-01
3.3559508522e-02 7.0127907395e-02 -2.4558869868e-03 -2.5146791321e-02 5.8477419654e-02 2.2073654271e-02 7.9567596151e-02 7.2398739306e-02 -5.0632595520e-02 -1.2092588599e-01 -2.0153969610e-03 2.9008589025e-03 -3.7274306284e-02 3.8530800328e-02 -8.6942821556e-02 3.3418409278e-02 1.5773427099e-01 5.1449329353e-02 5.0091278983e-02
2.6115915920e-02 7.1048944901e-02 -7.9056968376e-02 6.2881706599e-02 2.3896731365e-01 2.0305912268e-01 -9.3357096939e-03 1.8735398079e-01 1.3094026035e-01 8.3711718426e-02 -6.7902930365e-02 1.5709901073e-01 4.1830929585e-02 5.6270173482e-02 7.0729705470e-02 1.3452117938e-01 -1.2756831631e-01 1.1207688109e-01 2.0741549186e-01
9.4845190725e-02 -8.3375029536e-02 -9.2427650873e-02 1.4876291583e-02 3.2527001241e-02 9.3560990607e-02 2.0862089592e-02 2.1483860450e-01 1.1362442445e-01 2.3429949926e-02 -1.0196858824e-01 6.3208919208e-02 9.0536668214e-03 -8.6441289278e-02 1.1176893465e-01 3.2920571542e-02 1.3798449006e-03 -2.1412137321e-02 1.3831350852e-01
1.4561540659e-01 -2.1541791393e-02 -3.7379283864e-02 1.9305253709e-02 5.8594674062e-02 -1.1168524377e-02 -1.3231868288e-03 2.0044594462e-01 -6.1799594678e-02 -3.0388265344e-02 6.6553915003e-03 4.4577478740e-02 1.1293230281e-02 -2.4493984762e-02 5.8303721516e-02 6.8342669099e-02 -6.8403210969e-02 -4.5364846177e-03 3.0181292314e-02
2.4358298541e-01 2.8016606280e-01 2.4581279696e-01 3.4513224343e-01 -1.9877220497e-01 -1.5065206076e-01 -1.4710722198e-01 2.7777336828e-01 -1.9688187337e-01 -1.2077936790e-01 2.2283199221e-01 -1.9216504201e-01 -2.6822303382e-02 8.0835694143e-02 -2.0682180710e-01 -1.7450269882e-01 5.1302266424e-02 -3.5261606603e-02 -1.2267264115e-01
-5.3147610807e-02 -8.0810544269e-02 -4.9187071376e-02 4.5899409087e-02 -9.1990950765e-02 2.4061683554e-02 -3.5741742470e-02 -1.2797679723e-02 -1.0109278176e-01 2.3338581865e-02 -1.0998582079e-01 -9.1599684308e-02 6.7622289899e-02 2.4852572639e-02 -1.0311863588e-01 -6.0280665099e-02 -6.8398226165e-02 3.3279498445e-02 1.5634726030e-02
