1.2695815663e-01 1.5716387186e-02 1.2551989885e-01 -1.3670608527e-01 5.6646044577e-02 -2.7135251062e-01 -4.3244702537e-01 9.5221557067e-02 1.2813952018e-02 1.2934828939e-01 -1.0609084682e-01 -1.4545917867e-01 7.5264942899e-02 4.9751282338e-02 4.0582832703e-02 -8.9115250584e-02 -1.5887774262e-01 -1.6261576585e-01 1.6566190463e-01
1.7613039517e-01 1.0059887702e-01 8.3441827977e-02 1.3930648804e-01 -2.4583691588e-01 8.5756904178e-03 -5.3575480176e-03 -2.1229241703e-01 6.1281356440e-02 -1.9439729369e-01 -7.5274515040e-03 -1.1645231876e-01 1.1596435184e-03 -1.6363292188e-01 1.1900867988e-01 -1.7303532558e-01 -2.2683473395e-01 -1.0442731945e-01 -2.0176216293e-01
2.3173250853e-01 -4.6313779876e-02 -6.5720791619e-02 -7.7012415232e-02 -2.3941166570e-01 2.9644101323e-02 1.5062326578e-01 -1.8571561233e-01 2.8058286533e-02 2.6650811676e-02 4.1456856811e-02 -1.1814414162e-01 3.6884694576e-02 -4.7319432606e-02 1.7921077348e-01 -8.3774231182e-02 5.9229229912e-02 9.8143435831e-02 2.5655084707e-01
4.7468470999e-02 1.0200214094e-01 -7.5105395865e-02 5.0918761440e-02 2.4086439381e-01 -2.8381957153e-02 -2.1833987873e-02 -1.2961454452e-01 -1.5745048150e-02 -1.2731739662e-01 4.6376468382e-02 -2.5344034922e-02 1.6315645912e-01 8.1955980737e-02 5.6022948640e-02 1.2636514032e-01 6.0656166071e-02 -6.7230505749e-03 -3.5738221885e-03
2.1111014242e-01 -1.7782875210e-01 -2.3198404826e-01 2.0869894371e-01 3.1941472527e-01 -3.6802802345e-02 -1.8803227067e-01 -1.3143329710e-01 1.4762246372e-01 1.9167041013e-02 5.6573371965e-02 -5.5240832872e-02 1.0886909371e-01 6.4018371391e-02 1.9584754084e-01 -6.6693144747e-02 3.9687794980e-02 -8.2110842333e-02 1.4567961916e-01
1.3762434982e-01 4.5749330906e-01 3.3771181758e-01 -1.8622956514e-01 2.4717621447e-03 -2.1132337181e-01 -9.2454577619e-02 2.9513779858e-02 2.0033526765e-02 -2.5603385401e-01 6.7496397860e-02 1.1052489924e-01 -2.0086285203e-01 -1.0865290403e-01 -9.5776120650e-02 -1.3822298651e-01 -2.0496385471e-01 -1.2342294018e-01 5.2981481017e-02
3.8148298707e-01 -2.2878293599e-02 1.4484492752e-03 -3.4039269894e-01 -2.6911789647e-01 5.5215699896e-02 7.2088137722e-02 -1.3241568498e-01 5.5454814506e-02 -1.5070893733e-01 -2.0628406691e-02 9.5282558400e-02 1.4097062680e-01 -3.4182176718e-04 3.1093245521e-01 -7.0725386428e-02 -3.1153465550e-02 -1.8098295532e-01 -2.7499061466e-01
1.6667917845e-01 6.1812204950e-02 2.3606755287e-01 -1.4416696635e-01 3.1142014457e-01 -1.5731340833e-01 -1.8194684779e-01 7.2100906831e-03 8.6920543733e-02 1.3059439505e-01 4.0294797254e-02 -4.3748743692e-02 3.8953969761e-02 -1.4364776785e-03 -1.0356415792e-01 1.8673635271e-01 -1.1865999179e-01 3.5930892792e-01 2.0233459414e-02
2.1663219546e-01 -9.6644483086e-02 -1.6397541306e-01 6.1784715046e-02 -3.2555984681e-01 5.4558869031e-02 -9.5502795657e-02 -3.3372505513e-02 1.5116763962e-02 1.9409881581e-01 7.5919237613e-02 9.5060654313e-02 1.2368079208e-01 -3.8838121002e-02 -1.4250847304e-01 2.3935405950e-01 -5.1025719070e-02 -2.1399869872e-01 9.3108829080e-02
3.8446117507e-03 -1.8493142463e-02 -6.7545653847e-02 -3.4495762684e-02 -1.4213559690e-01 -2.0204201405e-01 7.4446287434e-02 2.9026133150e-02 -2.7872010544e-01 2.4398890420e-02 -3.5655904146e-02 -3.8576394480e-03 9.9802444687e-03 -2.1976008067e-01 -1.4556534113e-01 2.2926617308e-02 1.8354832437e-01 -4.3358792346e-02 -1.5888527784e-01
