-1.4248697201e-01 6.3305135731e-02 1.3204499730e-02 -8.8665129171e-02 5.0402503614e-02 -2.6054077537e-02 2.2984461879e-03 1.0293177144e-01 2.2472334907e-02 5.9271120921e-02 1.9356819392e-02 3.3401142958e-04 -4.8775680059e-02 5.3582679334e-02 7.0575789035e-02 1.3993882493e-01 7.4955982810e-02 -7.0942325459e-02 -1.2527072955e-01
3.8167657035e-02 -3.4883527673e-02 8.3915589142e-02 -1.3062395635e-01 -1.4131239601e-02 6.8614425829e-03 -8.3591176467e-02 -3.6461580634e-02 4.3705753047e-02 1.3621650259e-02 -2.2874225945e-02 -7.6367843673e-02 1.0864596616e-01 2.4727028772e-02 2.6863130025e-02 5.9533631549e-02 5.3832993115e-03 4.8153732348e-03 -5.0345343368e-02
-2.4990714066e-04 -3.8349189877e-02 7.0789642994e-02 1.4420884285e-01 -1.6049343509e-01 -7.5119434607e-02 -7.5987074223e-02 -6.0431219901e-02 -6.4111628061e-02 -5.3100644670e-02 1.0708996333e-02 -1.2501749856e-01 1.6902550016e-01 6.4417102936e-02 5.7776284565e-02 -1.1548405592e-03 4.3554093575e-02 1.7575198135e-02 -6.3037901404e-02
1.1427633322e-01 4.1577064280e-04 1.1962536376e-01 -1.5934329006e-03 -3.7694514418e-02 -9.6059162825e-04 -7.4899745791e-02 -8.8172592179e-03 -1.2207192802e-01 4.0369498398e-02 -5.4897321340e-02 -1.1237794530e-02 9.8285529586e-02 1.1840168590e-01 6.7330553511e-02 2.8060721176e-02 -3.8964756471e-02 4.4852455552e-02 6.6325279706e-03
1.8130168438e-01 5.0130897502e-02 -4.1202660868e-02 1.3752299825e-01 2.6164696993e-02 2.2961040047e-01 -6.3787844078e-02 -5.2672198960e-02 1.6294609228e-01 -1.0062170612e-01 7.1027341788e-02 -1.6035450250e-01 2.0875924408e-02 1.3104849150e-01 1.2532945498e-02 -1.7822185008e-04 1.2855664310e-01 8.0282796749e-02 -1.7295047538e-01
5.3617425835e-02 -3.9083772742e-02 -4.9675304325e-02 1.5239086250e-01 1.6179011130e-01 1.6020920051e-01 -5.0327367638e-02 -2.3280527031e-02 1.6286304469e-01 6.8205613081e-02 1.4445895393e-01 -4.3717501385e-02 5.1172886048e-02 -3.2362650348e-02 2.4869391381e-02 -1.9130251128e-03 1.0931683780e-01 3.5937522672e-02 -1.8961454413e-02
1.3402886500e-01 -1.3650943535e-02 -3.1135996324e-03 1.4233095782e-01 1.8416865975e-01 9.2877121470e-02 3.4043755299e-02 -8.8723413735e-02 2.6743026211e-01 -5.3049714732e-02 1.2108076127e-01 7.4619048310e-02 -4.1597841536e-02 -7.2989101073e-02 2.6299717453e-03 -3.1097613124e-02 4.6630227151e-02 1.2139442592e-01 -7.3809860502e-02
1.8856643327e-01 -7.0980488306e-02 9.8147543794e-02 6.0722026486e-02 8.5386490298e-02 -1.2946159153e-01 -8.5990523504e-03 8.9599677584e-02 1.3820339320e-02 -5.2553881636e-02 -4.9814489370e-02 1.7178130777e-02 9.1881943464e-02 1.7039663161e-01 -9.6239008492e-02 -5.0037790839e-02 -9.8839973959e-03 -8.6488443752e-03 -3.6343039320e-02
9.0889238149e-02 -2.8934026487e-02 8.5719333890e-02 1.3465267115e-01 1.1228769289e-02 6.0290313252e-02 -1.2019358476e-01 -4.3246438951e-02 1.2521982361e-01 -6.0204872966e-02 5.8946465673e-02 9.7913944108e-02 -1.1213825097e-02 1.5676371625e-01 6.9298450890e-03 -8.3003358923e-02 1.5336691227e-01 -3.0708279437e-02 -5.0534453442e-02
3.7710758978e-02 -1.3604001478e-02 8.3872218945e-03 -7.1442164688e-02 -1.3783414163e-01 -3.9147747640e-02 -3.0544441647e-02 -3.8437190486e-02 -3.4898185017e-02 7.9253857410e-02 5.2616186806e-02 3.9966473709e-02 -1.3916083639e-02 -2.6259633195e-03 4.8193144122e-02 8.1243015311e-02 -2.0290643784e-03 -1.1476969287e-02 -3.1563656363e-03
7.4748284400e-02 9.9353582449e-02 -4.8143737461e-02 1.3287873434e-01 8.9690609766e-02 1.7833726486e-01 -5.3694112540e-02 -3.0483229884e-02 7.9552064648e-02 -4.7803059090e-02 7.3047992862e-02 4.1098465169e-02 1.0624331090e-01 2.9289073143e-02 4.9125820226e-02 -8.8431444813e-03 1.1063960666e-01 -1.3043246912e-01 -1.2595031854e-01
-4.3132508755e-02 3.4933892389e-02 9.3247417245e-02 -1.2829764660e-02 -3.3367327766e-02 -1.3028108784e-02 3.0741115192e-02 -5.3013750543e-02 -3.2660854521e-02 -4.0759702638e-02 -4.0316921365e-02 2.3631640756e-02 1.6408746330e-01 1.9112300961e-01 9.7089432745e-02 -7.7072173390e-02 2.6480480224e-02 5.1897093523e-02 -3.3422000670e-02
1.3317745951e-01 -1.4208667032e-02 -9.6629926022e-02 1.7533498828e-01 1.5676059627e-01 1.0372177417e-01 -1.3899969389e-01 -7.2399146934e-02 2.1168866570e-02 2.1229304340e-02 5.6291397012e-02 -8.5178507947e-02 -1.7891233858e-02 1.6330385465e-02 1.7606957625e-02 -1.9181811335e-02 5.1352679770e-02 9.9112256404e-03 -3.1503805148e-03
2.2482150296e-01 6.3628915209e-04 -7.0574704483e-02 7.4171553342e-02 1.7013692733e-01 1.6568054928e-01 -3.6294498630e-02 2.1952780446e-02 8.9285995033e-02 2.3723992043e-02 1.0497137419e-01 -3.3979249948e-02 6.9807881044e-02 -5.9734305314e-03 1.1745041609e-01 -5.8870576177e-02 1.4231809960e-01 -3.6280997081e-02 6.9110952779e-02
-6.5100276456e-02 7.2250308134e-02 3.3727986661e-02 1.6745177933e-02 -1.2782037007e-01 2.8190450671e-02 7.7205250906e-02 -3.2420905982e-02 4.7721475550e-02 -5.5638430415e-02 5.5509418836e-02 4.8614340633e-02 3.1595052502e-02 3.5068568691e-02 6.0428613553e-02 -7.3770345134e-04 -3.4231016644e-02 9.8038502534e-02 -7.0090790914e-03
1.6869785307e-01 -4.7390679718e-03 -7.6908581372e-02 1.5049709796e-01 1.1739452576e-01 4.4247006977e-02 2.0086366074e-02 -7.3403921583e-03 1.9823849909e-01 -5.8936341277e-02 1.4671823483e-01 2.0915090200e-02 -1.0327653213e-01 4.5467070936e-02 9.2909161723e-02 -4.8859714909e-02 2.9668746167e-02 1.9868234811e-02 -6.6251468512e-02
7.5192515579e-02 3.4688153510e-02 2.4055885640e-02 8.8294161153e-02 1.8682137193e-01 1.4165677157e-01 -4.8791199560e-02 7.5401333377e-02 9.7000362765e-02 -5.2879910723e-02 4.0720415607e-02 1.4667244266e-02 1.4031494868e-02 -1.6892936350e-03 8.8544909121e-02 3.5710186840e-03 1.0805506788e-01 -6.2324330181e-03 1.2557142004e-02
1.4740256497e-02 9.4775501451e-02 2.0918402034e-01 1.5147660056e-01 -8.2752504462e-02 -7.4606041500e-02 -5.7586247257e-02 2.6822912292e-02 -9.8400389234e-02 -1.6220542415e-02 -1.7070356410e-01 9.2868690697e-02 1.3950912382e-01 9.8241262842e-02 1.0663363176e-01 -1.5883335208e-02 -7.9219646916e-02 -3.2149746518e-02 6.2177548297e-02
-1.1693304180e-01 2.7876485335e-02 1.5378729582e-01 -1.3328258337e-01 4.1571566476e-03 -4.5100320311e-02 -3.2055590117e-02 3.4248562514e-02 -1.4043085428e-01 8.3184472627e-02 -2.7732138718e-01 2.1514141161e-02 1.2476600191e-01 1.9658271069e-01 8.4929149697e-03 -1.0691611852e-01 -1.1438212766e-01 -1.4371440609e-02 7.3805162548e-03
