8.9549284344e-02 -1.1970319933e-01 -9.4373218287e-02 -4.0961336947e-02 3.4338248446e-03 8.3637969316e-02 3.8460328953e-03 1.2423179572e-01 1.1731004740e-01 7.7889346830e-02 -2.9172097786e-02 -4.1928092456e-03 1.0686103209e-01 2.8841168055e-02 3.1086910922e-02 -1.7025101270e-01 -5.2293731344e-02 2.5493573357e-01 -4.6610626232e-03
2.4108365522e-02 3.7415769995e-01 4.3577602649e-02 -2.2572331466e-01 -1.5699200584e-01 -2.2338392086e-02 6.1823401884e-02 -3.4446064264e-01 -3.2722951523e-01 -1.0166075723e-01 -5.3636101751e-03 -1.4381719447e-02 -3.2048000341e-01 -1.9772188578e-01 -2.5698206381e-01 3.2863945467e-01 3.1338257954e-01 -1.5331423025e-01 -6.0850116826e-02
-7.1708335852e-03 1.0730431800e-01 -8.9863245157e-02 2.9068304315e-02 -7.1954965506e-02 -7.1338269573e-03 -4.3466002641e-02 -3.4272978053e-02 -1.1758386021e-01 -6.4631846294e-02 -4.7035518923e-02 -4.1633298182e-02 2.3427778520e-03 -2.9815586596e-02 -1.0260162939e-01 1.7979716168e-01 6.7006508400e-02 8.4962028800e-03 -5.8107937381e-02
4.4240062619e-02 5.9777674186e-02 3.1731377791e-02 -6.8180638180e-02 7.1224838944e-02 5.7970871897e-02 2.0432722024e-02 -7.5555662859e-03 -4.1530446241e-02 5.3903141272e-02 -3.1240671584e-02 -6.4942576578e-02 6.3068617609e-02 7.9192974249e-02 3.7746181262e-02 6.4020256166e-02 4.4904701123e-02 9.8943419884e-02 1.7060199425e-02
-4.1728492650e-02 2.7689653310e-01 -5.0889746758e-02 -1.6935658918e-01 -1.0138869390e-01 -8.2183142381e-03 -1.5704213318e-02 -1.6394839723e-01 -2.2950398529e-01 -1.0787721347e-01 3.7510679846e-02 -3.1653518162e-02 -4.0296127162e-01 -1.7290759755e-01 -2.1182302307e-01 2.6385225436e-01 3.2276799235e-01 -1.0915694283e-01 -4.0414346332e-02
-1.5914146402e-02 2.3183238142e-01 -2.9457601362e-02 -1.6196769945e-01 -2.2491825485e-01 9.8001118939e-02 -1.4291708606e-01 -2.2601299517e-01 -1.6920808244e-01 -1.3167154150e-02 -4.4015305512e-03 -8.0823379049e-02 -2.7171083271e-01 -1.7927183256e-01 -2.3135962742e-01 3.7702830288e-01 3.4381065597e-01 -1.4298906281e-01 3.5453185436e-03
3.3420235065e-02 -5.1194802427e-02 4.0995391858e-02 1.5887525819e-01 3.2541457544e-01 -2.3157568443e-02 -3.0524511125e-02 2.2790731028e-01 1.9623130975e-01 2.7892125168e-01 8.7129224113e-02 7.3191961531e-02 1.5479061493e-01 1.8299587824e-01 1.2637449025e-01 -1.0728879047e-01 -1.0797867936e-01 1.5754916864e-01 -5.6734693616e-02
-4.0533808556e-02 -1.0553618778e-01 -1.4758313312e-01 -4.8934216987e-02 1.5491400582e-01 -3.9009469207e-02 1.1988361256e-02 1.4171522624e-01 7.4137938354e-02 1.4250473626e-01 7.3836754094e-03 2.7301940743e-02 2.2213451887e-03 -1.2280410157e-02 7.3508361773e-02 3.8241075514e-02 -6.8602575698e-02 6.5299532110e-02 -5.5853859139e-02
-1.2967980528e-01 -6.0391780935e-02 -1.0659500390e-01 1.0427162096e-01 1.8490103696e-01 6.6126439741e-02 4.0285538259e-02 9.9706114933e-03 1.3667039350e-01 3.8326977766e-02 -6.5717074578e-03 1.4149429646e-02 1.6440453645e-01 7.4349359137e-02 9.8562584578e-03 -1.0281932721e-01 3.3179944363e-03 5.7619274758e-02 -1.4023877523e-01
-1.0688605728e-02 -1.5647017159e-03 4.0377329041e-02 -5.9132969173e-02 -6.2824725201e-02 5.6667920262e-02 -7.4290836655e-03 1.4400657892e-01 6.2775716150e-02 7.8414435926e-02 9.9920777874e-02 -4.2612567786e-02 -8.2332774100e-06 -2.5529557084e-02 -6.2825866156e-04 1.0239208382e-02 2.4017355289e-02 3.8471075134e-02 -9.3694981371e-02
-2.0879080569e-02 -6.3976020559e-02 7.5965367520e-02 -1.5446546415e-02 5.6858845883e-02 -1.8391655201e-01 1.0369779065e-01 -2.5549150769e-02 1.7310147327e-02 -7.5820427659e-03 2.8542415502e-02 -7.5411453101e-03 -7.1475240970e-02 4.2608158867e-02 -6.5137140526e-03 -8.2006820775e-02 -1.5000959831e-02 6.8059378033e-02 -2.3619987841e-02
-7.0910778295e-02 -1.8991527528e-02 -8.8540251383e-02 -8.1468183327e-03 -4.5091171298e-02 3.6328272294e-02 -4.1276619453e-02 -9.4117163841e-02 -5.8344027226e-02 9.8184629829e-03 -4.7008120495e-03 1.9168535737e-02 -1.8096076357e-01 1.5126252603e-01 5.5637853169e-02 1.6453943521e-01 5.4787361372e-02 1.2238230002e-01 -8.0494562135e-02
4.9495791079e-02 -9.8842398377e-02 5.5293739746e-02 5.6089984102e-02 1.5295245948e-01 -1.6296515203e-01 -4.2050352783e-02 2.0021664584e-02 -3.3562513179e-02 8.6093821881e-02 2.8887550544e-02 -3.9489208215e-04 4.8712165968e-02 4.8114810944e-02 2.5152118890e-02 -1.1027322641e-01 -2.5390101722e-02 1.9892413581e-01 5.6268667447e-02
6.9485114660e-02 -2.3390890166e-01 1.5507809315e-02 1.2688240932e-01 3.2727333312e-01 3.9592959786e-03 9.7131739928e-02 2.3764377578e-01 2.4995187836e-01 2.3616561381e-01 -6.1933634905e-02 -1.4933494153e-02 1.9250188599e-01 1.7714280239e-01 2.6587675560e-01 -3.1232258526e-01 -3.0356417487e-01 1.5013170593e-01 -1.8092675158e-02
-2.7104520079e-02 -1.3835906890e-01 4.3138829048e-02 -5.0591464398e-02 -7.3208375657e-02 7.8110249669e-02 -8.5890078898e-02 -1.1005025981e-01 -9.9863812991e-03 6.5237653775e-02 9.2058964294e-03 -3.3609488445e-02 4.4840478845e-02 7.3436817281e-02 1.4774864274e-02 -3.7139247949e-02 -9.6593785163e-02 -6.2404253488e-02 -5.5982438258e-02
-5.6178333503e-02 8.3330508202e-02 -1.0310860242e-01 2.7739217606e-02 9.4402214407e-02 2.6493520491e-02 -5.1307940209e-02 -8.2378585783e-02 -1.0760516250e-01 1.7255640539e-02 -1.1576401088e-02 9.5441173852e-02 2.1198717273e-03 1.4301600123e-02 5.0453488711e-03 6.6715976425e-02 1.3050110109e-01 -8.9679939925e-02 -9.5903716554e-03
1.3122323827e-01 1.2762973449e-01 2.3624775395e-02 -7.5847034032e-02 -1.3786469932e-01 4.1303912882e-02 5.0691769520e-03 -1.9649113406e-01 -1.7042277133e-01 -2.0096730812e-02 9.8113003341e-02 -1.7489181453e-02 -1.8767147606e-01 -9.1302785330e-02 -2.1999205458e-01 2.1354794734e-01 1.1763915782e-01 -1.1214752662e-01 7.8862252012e-02
-1.1085308219e-01 1.7881858398e-01 2.7978490631e-02 -6.3570867759e-02 -1.3253104189e-01 -7.7244654969e-02 1.5361957578e-02 -2.2519886279e-01 -1.4744747280e-01 -5.1337558199e-02 5.8348130557e-02 -3.3108258352e-02 -2.1634139840e-01 -1.4245298220e-01 -1.0293517296e-01 2.1921809083e-01 1.9017264489e-01 -1.1716665478e-01 1.1577543924e-02
-1.7574041078e-02 8.4961795291e-02 1.5016538809e-02 -1.1819769073e-01 5.6875348638e-02 -1.7713468607e-01 -2.8439015301e-02 1.8176640485e-02 -1.9261310976e-02 -2.5203925778e-03 -5.0998008711e-02 -6.3071623860e-03 -1.1651609219e-02 2.5921555560e-02 -6.2640346048e-02 5.9806890969e-02 1.3347203597e-02 8.3047388890e-02 -8.7800287665e-02
