-3.0800540545e-02 -6.0284249398e-02 -3.9109662892e-02 -9.8164647797e-02 1.2312071198e-01 1.0073046848e-01 1.6165367133e-01 1.2176064086e-02 9.9142317597e-02 3.9790213202e-02 2.4983861399e-01 -1.9129900980e-01 1.1778703751e-01 1.7521029784e-01 -6.8976505936e-02 1.7314255668e-01 1.6341375197e-01 -1.3361520168e-01 -2.8409189659e-02
3.7788230889e-02 -7.8294006376e-02 5.7737827010e-04 4.5011494678e-02 1.2972994136e-01 1.0740961605e-01 7.5121343652e-02 2.2582337119e-01 1.7080612756e-01 -6.7875699718e-02 1.2025168973e-01 3.3585535511e-02 1.7856008057e-02 -8.1667629587e-02 -1.0320310662e-02 1.0092060963e-01 4.3259107210e-02 4.1078410688e-02 1.0747582182e-02
3.8549825348e-02 -6.1087511824e-02 1.1481646035e-01 7.1756800495e-02 1.2141882876e-01 -6.2019751749e-02 9.0970403119e-03 1.5275763414e-01 1.2247856911e-01 -5.9052009165e-02 -4.9423662435e-02 8.2755871933e-02 -3.7624150334e-02 1.3282192475e-02 -1.6946274554e-02 5.9920496426e-02 -1.7280167905e-03 1.1372094921e-01 -3.7989995432e-02
-2.0473849792e-02 8.2989626931e-03 5.1704379317e-02 4.8209442938e-02 -4.4040106087e-02 6.4606365764e-03 -7.6602174443e-02 2.4293800528e-01 -2.4473199991e-02 -6.5009054727e-02 -2.6113906906e-02 1.6798184294e-01 4.3912888181e-02 -3.6877417232e-02 -5.8516264471e-02 -9.2002316453e-02 -3.9101305888e-02 4.8989021623e-02 6.1918359654e-02
-1.2725977834e-01 1.9916597803e-02 -1.2158926410e-01 4.8016470423e-02 -6.4350429656e-02 9.0180017298e-02 -2.2469269503e-03 2.4802839000e-02 7.8786165220e-02 9.2546108891e-02 3.9072026610e-02 1.3941894654e-02 2.7115073340e-02 -6.1020179294e-02 7.5207022406e-02 -1.1273307343e-03 -1.3064224811e-02 2.6157265241e-02 -1.0064475591e-02
-1.5359780547e-02 -2.2366578147e-02 6.2963312139e-02 -8.7919775365e-03 1.2523694401e-01 5.1880508392e-03 1.3412113012e-01 1.0798377925e-01 1.7376817351e-01 5.9766489595e-04 1.2672309091e-01 1.1713830441e-02 8.4140545113e-02 1.0704091403e-01 -7.8260953285e-02 2.0642163147e-01 1.6391020089e-01 8.4695607662e-03 -1.1633256772e-01
-8.1110750942e-02 2.1687596683e-02 3.0089162470e-01 1.1434423488e-01 -1.8904070268e-01 -7.0299544945e-02 -1.8473984460e-02 1.4785159404e-01 7.1323743715e-02 -8.7775435897e-03 -1.9553082939e-02 1.5591673958e-01 -1.4660427063e-01 -1.0945876094e-02 -4.6775510690e-02 -6.1679950337e-02 -1.7414833080e-01 1.0300001857e-01 1.4318709211e-01
6.5094863219e-02 -4.4830344830e-02 4.3203502356e-02 7.8073638033e-02 -1.0576712778e-01 -5.4471396604e-02 -9.0595855605e-03 2.1751202858e-01 3.3726571860e-02 -3.1031983624e-02 -7.7616364492e-02 1.3977190328e-01 1.0373725143e-01 1.9775432143e-02 2.7794893469e-02 -7.4952892297e-03 -4.5509197850e-02 7.0298861037e-02 1.2129115425e-01
7.4108961001e-02 3.7868924890e-02 6.4708806764e-02 2.8736095039e-03 5.4844035259e-03 4.0100621862e-03 -4.5694077782e-02 1.8935452894e-01 1.1532205067e-01 7.5284509252e-02 1.7068136366e-01 5.9439799942e-02 1.8059875405e-02 9.3940800266e-02 -4.3194926630e-02 1.3709552871e-01 1.2329445881e-01 9.2916383146e-02 7.7290408268e-02
3.7134261130e-02 -3.1144688376e-02 1.4233847661e-02 -3.5303274538e-03 -2.0765400597e-02 5.8611964261e-02 8.1018959270e-02 -3.3642294999e-02 -9.5697101301e-03 6.6971823530e-02 -4.8502455931e-02 1.0255349217e-01 -3.5810637739e-02 -2.4331441806e-02 -1.7072245173e-02 2.7336178934e-02 1.2255616228e-02 1.5684504789e-02 -8.6494625067e-02
3.5175128929e-02 1.9040575282e-02 9.6144446340e-02 9.0309406598e-02 7.4083803089e-02 3.6076913085e-02 5.5626813980e-02 1.8215073093e-01 -1.0209584205e-02 6.8934438761e-02 -2.0015604259e-02 8.5105427154e-02 -1.5871615023e-02 -5.7972461251e-02 2.8601028832e-02 -4.9693257425e-02 -1.8470650289e-02 1.6022280798e-01 -8.7351855187e-02
3.1063084402e-02 3.3980448579e-02 -3.8569321901e-02 -2.1300793134e-02 8.0559070388e-02 8.9416754676e-02 1.6519078981e-01 6.1109518136e-02 1.6100660066e-01 -9.6385514203e-03 2.4858504307e-02 -1.0991583944e-01 7.2544954172e-02 4.8131201756e-02 -5.2639807580e-02 2.4707692018e-01 1.3712042820e-01 -8.1267515455e-02 4.4496249826e-03
5.1374271673e-02 -5.7404809120e-02 -5.8917767524e-02 -2.5912912813e-02 5.6439839418e-03 4.8355216727e-02 -3.0625614007e-02 -3.7408766452e-02 -4.5975673621e-02 -3.5094101768e-02 6.7323022402e-03 -6.5788720265e-02 6.0421840029e-03 1.1010007874e-01 4.7658867901e-02 -6.0477431536e-02 4.7198747912e-02 -6.5266516296e-02 1.2751386682e-01
1.2461743469e-01 1.0943485159e-01 -2.5621629188e-02 -1.3953678141e-01 1.6869611456e-01 1.3773434492e-01 1.2880103677e-01 4.9309473744e-02 1.2355849302e-01 1.3277372138e-02 9.0241831729e-02 -6.7433143721e-04 1.4590697225e-01 2.7803249626e-01 3.1544847286e-02 4.9347749519e-02 1.5225564364e-02 8.2393377213e-04 7.4241095100e-02
5.3122164284e-02 -1.9729846463e-02 -9.8061655754e-02 -2.2511257894e-02 -1.1212992209e-01 -2.9115676449e-02 3.1081490864e-02 3.1630396339e-02 -9.0272849138e-02 2.1599001552e-02 -6.2795959095e-03 4.7968358702e-03 -4.9955187246e-02 -7.2910487700e-02 -8.6927068515e-02 1.0424431837e-01 -1.0222891203e-02 1.4038877854e-02 -2.1615239189e-02
1.3911352561e-01 -5.4756825751e-02 2.1207855398e-02 -5.8700039217e-02 -2.6444432062e-02 4.0856502691e-02 4.1735223874e-02 1.8118528651e-03 9.6373015705e-03 -1.1248588898e-02 -5.0164868635e-02 -8.3369287809e-02 1.2654508020e-02 2.0942908313e-02 -4.5769512672e-02 1.2226429902e-02 3.8555175016e-02 1.2381663772e-03 -4.3775348299e-02
7.8912381021e-02 2.7163819549e-02 -1.6453998050e-01 -6.1480509212e-02 1.4096955994e-01 2.3564423658e-01 1.0481008973e-01 1.8900932696e-02 3.2525746175e-01 -9.7043602431e-03 1.1688193153e-01 -1.5943753651e-01 2.5543069561e-01 1.7055685445e-01 4.7067765518e-02 8.6092491241e-02 8.0672806289e-02 -1.2577535118e-01 -9.0753912081e-02
-5.5258119180e-02 9.0956408734e-02 6.7808087387e-02 5.3139585566e-03 -2.2276259977e-02 -4.7739369185e-02 -1.6146968629e-01 1.4419972500e-01 7.0438501789e-02 3.1654215901e-02 -6.4595399652e-02 2.0787871920e-01 2.4918132909e-02 4.2365909896e-03 -7.9256703017e-02 -1.1325596008e-01 -9.1438714545e-03 -9.6805669271e-03 5.4646826533e-02
-7.9208683538e-03 -7.8387613934e-02 2.3557805290e-01 2.7402414367e-01 -2.1572120422e-01 -1.3897292943e-01 -9.9640862106e-02 2.9241751746e-01 -7.6855939676e-02 -3.9080394750e-02 -1.6218377069e-01 2.6701519285e-01 -2.6661954596e-01 -1.1980294599e-01 -3.1571008783e-02 -2.0012226176e-01 -2.0509556752e-01 2.3276776950e-01 2.6767776912e-01
