-4.2411411231e-02 1.2743028175e-02 2.6698931851e-02 7.3452729106e-02 1.8735435075e-02 7.9776698851e-02 -6.2620271580e-02 3.5334120378e-02 -3.8349681139e-02 1.0690354880e-01 4.4272421463e-03 5.9924474595e-02 -3.4739811380e-02 4.6054669429e-03 -1.2737555345e-01 -4.2174423603e-03 -6.1392233545e-02 2.6626950093e-03 9.3358907186e-02
1.6880640785e-01 8.3845362146e-02 6.8838114175e-02 -6.4937824550e-02 1.7531507761e-01 1.7560451260e-02 -8.3502523499e-02 2.8635947406e-02 -6.2186461714e-02 2.3924161360e-02 3.7932171967e-02 3.4488576685e-02 2.0757739280e-01 -2.5218944370e-02 1.6795939248e-01 2.4775105066e-01 -1.7937175635e-02 1.7149764324e-01 1.0123563890e-01
4.0312980969e-02 8.9692946340e-02 1.7292996992e-01 -4.9087724531e-02 -1.7963373854e-02 2.8352380280e-02 -1.5425520861e-02 1.8751357169e-01 -3.9699717692e-02 -3.9454242689e-02 -2.0583846292e-02 -8.1287555901e-02 2.9320296708e-02 3.8879153085e-02 2.9261830930e-03 9.9088436156e-03 2.4078102494e-01 3.5267142267e-03 6.3137290826e-02
3.1685507532e-01 -1.0312230024e-01 -2.1532429268e-01 5.5354176020e-02 2.4922522627e-01 1.0137909610e-01 -7.2152582532e-02 -1.6465998906e-01 -3.0625960315e-02 5.7162227305e-02 7.2557080249e-03 -2.5751877143e-02 1.2879722782e-01 -3.1199912675e-02 1.5167144453e-01 2.8608591845e-01 -1.4105690984e-01 2.0588356035e-01 -1.1399854119e-02
-5.5354259228e-02 1.3629570046e-01 1.3378118960e-01 -7.9664835281e-02 -3.0307098620e-02 -8.8916264820e-02 -3.8176296780e-04 1.3561269033e-01 3.1593653892e-02 -8.2788521293e-02 -1.3118152089e-02 1.3388619300e-03 -4.2531115518e-02 -1.6831107830e-01 -7.6263203430e-02 -5.7061176335e-03 1.4147793969e-01 -2.4585492592e-02 1.2772812515e-01
-6.4974524029e-02 1.9648632994e-01 1.6018096788e-01 -3.4451921277e-02 -2.2016081664e-02 2.9247134417e-02 -1.4693831051e-02 1.7529761652e-01 -8.2894211672e-02 -2.3155543416e-02 -2.3066495927e-02 1.3472178315e-02 -2.1714152617e-02 -1.1121820551e-01 -1.2652424057e-01 -6.9008284421e-03 2.0508438440e-01 -8.5954918555e-02 3.4740146005e-01
1.7663121098e-02 9.7943746540e-03 5.0242217454e-02 4.6709175997e-03 8.8989045728e-02 -5.0952225379e-02 4.5211303457e-02 3.4871417895e-02 -1.5707984781e-02 -1.0911422361e-01 -1.9388712804e-02 5.7699267521e-02 -5.8998768743e-02 -3.0037972028e-02 -7.7430859697e-02 7.2505330890e-02 -1.1347696078e-01 -2.6931490802e-02 -7.7268099522e-02
6.5659504588e-04 1.4708751120e-02 3.7346737077e-02 -6.6144845385e-04 8.5831243659e-02 -4.7920751067e-02 -3.1225331356e-02 4.8007556378e-02 -2.8051982497e-02 -4.8420761965e-02 1.1490783360e-01 1.0974228857e-01 1.6633529536e-02 8.4565827668e-03 5.4117889815e-02 -3.3482146348e-02 1.4013309046e-01 1.3382016738e-02 -7.7841704394e-02
4.1621569808e-02 -3.1072215701e-02 1.3824851597e-02 8.7924870898e-02 -3.0216362152e-02 3.6728726984e-02 4.2439016869e-02 -6.8914886935e-02 4.3008742114e-03 -1.5724106791e-01 -7.9837093025e-02 3.8701864360e-02 -3.6900640160e-02 5.9991307963e-02 2.3815474249e-03 4.1561212071e-02 -1.1517483734e-03 -4.9745580603e-02 -1.1439550831e-02
-7.2120213577e-02 6.6534098919e-02 2.0787866334e-01 4.6434037615e-02 -8.9123008891e-02 7.3245125051e-03 -7.0239190427e-02 1.2974565875e-01 4.6801906244e-02 -8.2520119216e-02 -6.7536548996e-02 -1.5818108733e-02 -4.6843665517e-02 1.0790042223e-01 4.3790279052e-02 -1.6618372306e-01 1.2476651782e-01 -1.1803055719e-01 1.6444405567e-01
-1.1640136637e-01 1.3316715625e-01 1.3420739433e-01 4.2402892589e-03 -1.3465018914e-01 -2.8095813053e-02 8.1202209030e-02 1.7881697168e-01 7.2198968704e-02 1.2151907760e-01 7.2144232409e-02 -7.6671844438e-02 -5.4201060093e-02 5.4450097774e-02 -6.8686707447e-02 -5.3741696897e-02 2.2968863009e-01 -7.9159201472e-02 1.2781559956e-01
8.7808564697e-03 -5.7738194272e-02 1.0980876401e-02 -2.7485452280e-02 -3.2828427201e-02 -2.4255330132e-02 -8.5269102197e-03 7.7063414768e-03 -5.8340417598e-02 -2.2438219969e-02 -1.5952863264e-01 1.7724034101e-01 -8.2321842799e-05 4.1011214250e-02 3.9847788573e-02 -5.9278011669e-02 8.7289800928e-02 -3.0299218009e-02 -2.6904128823e-02
1.3322609195e-01 -1.5070764789e-01 -1.2378956853e-01 -2.7951949309e-02 2.1274842912e-01 5.1655173045e-02 -6.8182776550e-02 -1.1397985698e-01 6.5392371763e-02 -1.7873259778e-02 -5.9205773919e-02 1.1279220165e-01 1.7074606584e-01 2.7315765432e-02 1.7655579406e-01 2.4225959147e-01 -8.7299368669e-02 2.0721554630e-01 -8.8757941429e-02
-2.9694051543e-02 3.1366482124e-02 1.3339013916e-02 -2.6049534767e-02 -5.8064168585e-03 -2.5052763670e-02 -1.5161787418e-02 -6.6578095511e-02 1.0496648854e-01 3.5037978691e-02 -4.5654849584e-02 1.3511879780e-01 -8.4906017022e-03 -8.4274373134e-02 5.2314328526e-02 -3.2014403507e-03 -3.8675066295e-02 4.2299607929e-02 -1.2023276176e-01
-7.4950109463e-02 2.0025569174e-01 1.8764301090e-01 -6.1796890728e-02 -6.7860129477e-02 -4.8903880644e-02 -3.2175828942e-03 1.1285243301e-01 4.8104589551e-02 3.7404910087e-02 3.0061000469e-02 2.0358109092e-02 1.5303845804e-02 -1.0037088575e-01 -7.6753112407e-02 -3.9907441373e-02 1.2542791468e-01 -1.0476760799e-02 2.4959235655e-01
2.0937918830e-01 -1.4257379560e-01 -5.9084507673e-02 -8.6474700834e-02 1.1235608315e-01 6.8071661550e-02 6.4686509475e-02 -1.7247404044e-02 -9.2111938136e-03 3.5737482594e-02 -3.7894206777e-02 -9.4403574562e-02 1.4780267023e-01 -9.5391288346e-02 2.0869999282e-01 1.1455436336e-01 -6.3140416785e-02 2.6852977332e-01 -3.9532889252e-02
-7.9198666647e-02 2.1768489745e-01 7.2591413990e-02 4.5017561312e-02 -9.5408611157e-02 4.8844403593e-02 -3.7115299718e-02 2.9954866614e-01 1.9537694020e-02 -3.2602955933e-02 1.3920484468e-02 -1.0501241571e-01 -6.8697420796e-02 2.3227245970e-02 -1.3257350985e-01 4.2976319746e-03 1.6113660341e-01 -9.4949549856e-02 1.3729112576e-01
1.9366541305e-01 -8.3058175101e-02 -1.3253807602e-01 -2.1260856335e-02 1.5024714397e-01 -3.3939553049e-02 1.2438348537e-01 -2.5975249138e-01 7.2131591315e-02 -2.0608552882e-02 -3.2843069838e-02 4.4240434358e-02 2.3171060010e-01 5.4471421915e-02 1.2288663763e-01 2.1176040405e-01 -1.2633106828e-01 3.2745777984e-01 -8.8746936362e-02
1.2743498528e-01 -1.2175853892e-01 -1.7782498221e-01 -2.9461666372e-02 1.5346719102e-01 -1.1913268968e-01 -2.6842663159e-02 -1.1271534907e-01 -9.4577443948e-03 -1.5942721072e-02 -1.7151069457e-01 -9.9695407408e-02 2.3624656464e-01 1.1319617950e-02 1.4489341988e-01 2.6722602033e-01 -1.9952976369e-01 1.2526295332e-01 -1.2590127193e-01
