-2.9595616789e-01 1.9724684773e-01 1.4329269915e-01 1.2465602504e-01 2.9108077049e-01 8.8322405212e-02 -9.4018624626e-03 -1.3203811702e-01 -2.9306716829e-01 -8.1306965034e-02 -4.0422102452e-02 1.5796161818e-01 -2.4243497663e-01 -1.9457348530e-01 -1.1578939577e-01 1.0953974586e-01 3.5210469081e-01 2.0878674495e-01 1.6283895039e-02
-3.6920291803e-02 5.2940808824e-02 1.1356082745e-01 -1.1465278189e-01 -2.2231110096e-02 -4.2952481142e-02 1.4370913615e-02 -2.8958236292e-02 2.9927628226e-02 -9.5850014244e-04 6.1489255773e-02 -3.4772082707e-02 2.8821996124e-02 5.9052753187e-02 1.3887027236e-02 5.4058560914e-02 3.4110587973e-02 4.3081815562e-02 1.2238343366e-01
-1.5054149644e-01 1.3547967773e-01 1.8877460721e-01 5.6569633132e-02 2.4282116098e-01 2.2436544194e-01 -1.0651104079e-02 -1.5845967044e-01 -1.7083349817e-01 -3.0059225479e-02 -6.9605432403e-02 3.0807594797e-01 -2.9066469575e-01 -8.1917580513e-02 -1.5184945908e-03 2.7138394405e-01 1.6710190028e-01 3.0016566673e-01 2.0410386322e-01
-1.9431539953e-02 1.7111861102e-02 -8.0815224194e-02 -7.7222712647e-03 -7.3372222979e-02 2.9041433960e-02 9.0086912137e-02 1.7342666223e-02 3.6672383017e-04 -1.4688380580e-02 8.9226149476e-02 -9.8894318435e-02 -1.6354893726e-02 7.9812825280e-03 1.2281920691e-02 1.0069015589e-01 4.6838581765e-02 -6.8493003288e-02 -1.3629368740e-02
6.0595763737e-02 -4.1367203275e-02 -1.9461365003e-02 1.0908191011e-01 4.0265329544e-02 5.9011499195e-03 2.5318718627e-01 4.5837241525e-02 9.8641615210e-02 3.1215428315e-02 -4.6539555520e-02 5.8357328090e-02 1.0920432337e-01 1.2974227959e-01 1.9340844500e-02 -5.4173328163e-02 -8.7153560690e-02 -7.7496183655e-03 1.3348302067e-01
6.7180102678e-02 -1.0680830006e-01 9.9364153644e-02 1.9459662297e-02 -1.6458787601e-03 -2.9669470304e-03 -3.6762275194e-02 7.9296581340e-02 4.1198945199e-02 -5.2372326011e-02 5.9891724660e-02 -1.0187706781e-01 -4.6154097227e-02 -9.3632133601e-04 -9.2547446528e-02 3.2723097191e-02 1.7055418116e-02 1.2339918328e-02 6.6720881837e-02
-6.8246373523e-02 8.4265571337e-04 2.2694180015e-02 7.4736336965e-03 6.2131962834e-03 6.7371474353e-02 -2.0046941969e-02 -6.8170759135e-02 6.1173862582e-02 8.4147197032e-03 8.8946796030e-02 -7.9609011732e-02 1.4466452924e-02 -7.2007110884e-02 -9.2448457149e-02 5.0940531446e-02 -1.7194883888e-01 -4.5734724132e-02 -8.9255546136e-02
-1.3595224626e-01 9.4397973228e-02 1.5569483316e-01 1.6823559574e-01 7.4886867541e-02 1.5249025020e-01 1.2863952404e-01 -8.4177866820e-02 8.5311059702e-04 -5.4674350948e-02 -1.2712670232e-01 1.1583335119e-01 -7.0458492768e-02 6.4712194169e-02 3.3685238319e-02 1.5171147319e-01 7.8713595080e-02 5.3698285599e-02 7.1278314674e-02
-3.6410700068e-02 1.2406211562e-01 1.1809662989e-01 1.0406225846e-01 8.2649279171e-02 1.7874495506e-01 1.4885737513e-02 -8.6637086976e-02 -8.5987057006e-02 3.1590363322e-02 1.0891371307e-01 2.9196817223e-01 -3.4969629796e-02 -7.3724271170e-02 1.4099775912e-02 1.8174777119e-01 7.7263744032e-02 1.2684903525e-01 1.8641616999e-01
-2.3760781248e-02 4.3440366697e-02 -1.2830194876e-02 7.7083991180e-02 -5.4367261430e-02 1.1947713678e-01 1.5950457164e-01 1.0508007656e-01 2.2633715837e-03 -1.2790099983e-02 3.9804635206e-03 -3.4680700015e-02 9.0851037279e-03 7.8538281640e-02 -8.6402475004e-04 -1.0796440866e-01 -1.7189133045e-02 9.4048535909e-02 5.7918338161e-02
9.8740256754e-02 -1.0117189649e-01 2.7918275514e-02 -2.9902379365e-03 4.3627597958e-02 -6.6895736142e-02 -8.3286996042e-02 1.2355708070e-01 1.0869135590e-01 1.9408422034e-02 1.0138921739e-02 2.9823914846e-02 2.9094722632e-02 -5.2583347683e-02 -2.5706202433e-02 9.0391445383e-04 1.2234687821e-02 -6.2753472715e-02 -3.6036489651e-02
-3.4789728043e-01 1.0878908389e-01 3.0949983850e-01 3.2856737820e-02 2.8135053366e-01 2.9033627066e-01 -6.1446596551e-02 -1.6869110974e-01 -1.5217251505e-01 -5.2256242047e-02 3.7569837304e-03 2.5154248028e-01 -1.9882138263e-01 -1.1782316367e-01 1.0378370472e-01 1.9026934472e-01 1.5749286964e-01 2.1656700390e-01 9.0916529257e-02
1.0192351339e-01 1.4081982190e-02 -8.4695649612e-03 7.7268661409e-02 4.4438848960e-02 1.4938798175e-02 2.6698107162e-02 -7.0755768871e-02 -1.5372398153e-01 -1.7311187082e-02 -4.0716719340e-02 -5.1306813153e-02 -3.1315444513e-02 -9.4360838228e-03 1.2788918591e-02 -1.2408551016e-01 -5.3971251358e-02 -2.1578107290e-03 -1.0493819475e-01
1.2520656718e-01 3.2498861251e-02 1.0602141963e-02 2.4550859445e-02 -1.0776040939e-01 -1.4358561436e-02 1.9491922788e-02 -6.7072016277e-02 -1.0258650348e-02 -6.4549081101e-02 -6.9077207013e-02 -3.0212320781e-02 -2.3233820595e-02 -6.5789405170e-02 -1.4487190729e-02 6.9785841097e-02 -4.1269866405e-02 7.8327389103e-02 -6.1072075279e-02
5.1557758350e-02 7.2083346517e-02 3.6532865297e-03 1.1043755340e-02 -5.4014389268e-02 -4.4193932306e-02 1.5857920076e-01 2.8763011138e-02 -2.9467602639e-02 2.2748000113e-02 -4.1325759023e-02 -8.3224400322e-02 2.7386095201e-02 8.5092885279e-02 -8.4525019808e-03 6.9422211225e-03 3.2759412185e-02 1.3088793392e-03 9.2624870651e-02
2.3447327603e-02 2.1408954796e-02 1.3138838354e-02 -3.8236028592e-02 1.8413701192e-02 -8.4990219903e-02 -6.6703465130e-02 -1.6479230441e-02 1.8921772922e-02 -1.4650781092e-01 -3.6286071808e-02 -4.4356163663e-03 -7.2465340092e-02 -1.3384943042e-01 -1.3804491374e-02 3.8338806684e-02 -1.0111142885e-02 6.0103328132e-02 2.4895599272e-02
-5.9951868327e-02 2.9275570184e-03 -1.1135463404e-01 -1.8844836662e-02 5.6637549955e-02 4.7037660863e-03 -2.5955858761e-02 1.0062642663e-01 -1.1010298033e-01 -1.4268777212e-01 -1.2367248369e-01 -1.0061894730e-01 -5.8810920892e-02 4.8553777945e-02 2.1361539154e-01 6.3175553870e-02 4.3323654797e-02 2.0677737525e-02 6.5191094799e-03
-1.1064033620e-01 2.3372234680e-01 8.2015407646e-02 9.0792388236e-02 1.6824179876e-01 1.6722965631e-01 7.4571556375e-02 -1.2033308429e-01 -6.5746067412e-02 6.8555844239e-02 -6.8436751298e-02 1.2931493230e-01 4.6328996826e-02 3.6190168849e-02 -1.8964157192e-02 4.4486128123e-02 1.5630422691e-01 1.2938158598e-01 1.9777449835e-01
1.5373564654e-02 9.9660572725e-02 7.7523953166e-02 -1.0005567454e-02 3.1524520812e-02 1.3911891322e-02 3.9721758280e-02 4.9707149067e-02 -4.2750942162e-02 3.2967615786e-02 9.8747648209e-03 -1.0411628927e-01 2.4356870658e-02 -5.6288204349e-02 -8.6491089075e-02 -6.0808536844e-02 1.1326068647e-01 -1.4029135475e-02 1.0025358508e-01
