1.6106921635e-01 1.9543752748e-01 9.7401087645e-02 7.0612352354e-02 1.0757020258e-01 -5.5702508557e-02 2.3325200677e-01 -3.8660864714e-02 -9.1905318083e-02 -5.2089809466e-02 2.8421342040e-02 -3.2439606180e-02 2.3245151161e-01 1.4604822110e-02 -4.6399886260e-02 2.3847273894e-01 1.6166665493e-01 7.3966749910e-02 1.8564009950e-01
7.7448407507e-02 -2.4603273070e-01 2.5783230908e-01 -4.0456102378e-02 1.3311029276e-01 1.7220640427e-01 -1.5592204121e-01 1.5843533457e-01 2.1585279515e-01 1.8554411115e-01 4.3774138383e-02 -1.1998879090e-02 8.5705244158e-02 -4.1152138154e-02 -2.3308797745e-02 -2.0646882120e-01 -1.6749321747e-02 1.6595476266e-01 -1.1134322203e-01
1.2203602778e-01 1.1583701555e-01 5.1440217288e-02 -6.0705597482e-02 3.5661601784e-02 7.3411917139e-02 1.5170549557e-01 7.2735774000e-03 -3.3327785966e-02 -2.2738167429e-02 -9.6790083806e-02 5.7721901062e-03 1.1208811708e-01 -1.0422967498e-01 -1.2803330715e-02 1.1950522012e-01 1.8900335927e-01 8.0690494309e-02 8.4221317487e-02
-3.9890405803e-02 4.6015566932e-02 3.7797510150e-02 2.1532954883e-02 -1.2326092494e-02 -8.3219970368e-02 3.7947633198e-02 1.6606296852e-02 2.7496123845e-02 7.3139732903e-02 -8.7289817643e-02 1.0374228701e-01 6.0923018258e-02 6.6642572032e-02 -4.6977720796e-02 5.5167783119e-02 -8.9670180255e-02 -4.1453038473e-02 1.9336752613e-02
1.6351354815e-01 1.6108622617e-01 1.2713599182e-01 -3.9639441186e-02 3.9294431897e-03 -3.8106801919e-02 3.1839060991e-01 -1.4532601111e-01 -1.1430718814e-01 -5.7174329301e-02 -9.8615709993e-02 -1.3002984754e-02 2.3558944380e-01 -1.9353491706e-02 -3.6815840931e-02 2.0001349344e-01 2.4558544128e-01 1.0901013708e-01 1.4200856690e-01
9.2230855477e-02 5.5673741287e-02 3.7618727833e-02 1.1422571932e-01 1.0290495319e-02 9.9799609338e-02 -1.5828923185e-01 4.4382508291e-02 1.4666420063e-01 2.3551837062e-01 -5.6781011646e-02 -1.6957895824e-02 5.5974276297e-02 -1.2438812297e-01 5.7792368305e-02 -1.5860807091e-01 -7.3564001754e-02 2.0919690075e-01 -1.1165064861e-01
-1.3227264957e-01 2.2478314125e-02 -9.2190992445e-02 -1.4056232984e-02 -3.3337894787e-02 3.6752269830e-02 4.0788531352e-03 -1.9011173177e-02 7.0661248629e-02 -3.9596747903e-02 -1.0670386477e-01 5.6576660766e-02 1.4537273275e-01 -1.4429949428e-02 5.3436707248e-02 1.9376752920e-02 -3.3483317556e-02 2.5179612567e-02 -1.0649333828e-01
1.2016651410e-01 7.9062169923e-02 1.5800418960e-01 -1.8391704618e-02 -2.5193292576e-02 -7.5666342059e-02 2.1526227265e-01 -7.6358414158e-02 -7.5092202527e-02 -4.2592509573e-02 9.4763414989e-03 3.2821091787e-02 1.6855685502e-01 -7.0187832982e-03 6.5173802795e-02 1.4211437548e-01 1.3419304955e-01 1.1140078839e-01 1.2402996694e-01
1.2915049132e-01 4.2856987858e-02 7.5125724180e-02 3.0061299591e-02 -1.3453346783e-02 1.1845621789e-01 -4.1356343659e-02 1.1725869871e-01 1.3688410723e-01 2.0344646829e-01 -9.1037883345e-02 -4.4805281694e-02 9.0682341012e-02 7.8455070709e-02 -3.0458875996e-02 -5.7709426939e-02 1.1465333218e-02 2.2355217218e-01 -2.7990283190e-02
1.2891514467e-01 4.0787115886e-02 1.0114130072e-01 7.4132396331e-03 -1.2272762359e-01 -2.4669092015e-02 9.5973324172e-02 -1.3381361170e-01 -1.4262431563e-01 1.8189894495e-02 -5.7233168729e-04 8.9609281253e-02 1.4722730149e-01 1.5399660402e-01 -1.8756920764e-02 1.5862340564e-01 1.7260037659e-01 2.4872569999e-01 1.9797034382e-01
-5.5395621840e-02 -1.3590182023e-01 2.4600755600e-01 -2.4802675821e-02 -1.2963098139e-01 1.7225917816e-01 -1.5227775998e-01 2.3603043430e-01 1.7501527613e-01 2.4836996359e-01 3.9753251138e-02 -4.7563590750e-02 -2.2890491483e-02 -1.5580990180e-03 -5.6964655324e-02 -1.5563496781e-01 -1.2558739936e-01 2.8564955968e-02 -9.6491783619e-02
3.5377102216e-02 -1.1374548731e-02 -3.8357074440e-02 8.3453726245e-02 1.9790357315e-02 -4.7552327986e-02 5.2433900452e-02 2.7082362065e-02 1.8290715120e-02 4.9189483012e-02 5.8374865995e-02 -6.3978178244e-02 1.1075527087e-01 5.2116063251e-03 9.4320720388e-02 -3.2284665901e-02 6.1403707790e-02 2.1590129328e-02 1.8468151305e-02
2.5035677423e-01 1.4900124369e-01 2.4445510838e-01 -9.1723559540e-02 1.0528912020e-02 -1.5947974299e-02 2.3080908203e-01 -7.3455439357e-02 -1.8007942684e-01 -2.0891431416e-01 -2.8498684187e-02 -3.3242804583e-02 8.2754242733e-02 -5.1450599048e-02 8.4480312397e-03 2.4940466521e-01 2.4326670924e-01 2.4256738738e-01 1.6033937787e-01
-3.5347255418e-02 -4.4890918438e-02 -2.5626805648e-02 2.8320964565e-02 -2.1738307537e-02 5.1737038081e-03 6.3709007469e-02 6.8485989806e-02 2.0213629988e-03 1.9968273651e-02 -4.8026240808e-03 1.9577854333e-02 -1.2917869441e-01 -1.8220791155e-02 -3.0074304869e-02 1.2859215815e-02 2.8601112021e-02 -6.2271207932e-02 -1.5362601249e-02
2.5396012022e-01 1.5425832749e-01 5.8558623676e-02 3.0571997256e-02 -7.4579252677e-02 -1.8145987232e-02 1.0382143250e-01 -5.8702431786e-02 -1.0257094936e-01 -1.5529484180e-01 6.6925987006e-02 8.3732601571e-02 2.2161870955e-01 -7.0884339779e-02 1.2879010298e-02 2.0909750093e-01 2.3084951329e-01 1.4284966916e-01 1.1647292199e-01
1.3428953026e-02 4.6989748713e-02 7.6266710552e-02 4.4151053677e-02 5.7135263948e-02 8.3572258035e-02 -2.8829797341e-02 -7.6155235589e-02 -3.0223464419e-02 3.7439434268e-02 -5.1949890054e-02 -1.6466265227e-02 1.8410028432e-02 4.0103980600e-02 6.8133651512e-02 5.7758577916e-02 -8.7695200901e-02 -3.3378091550e-02 4.6810652691e-02
3.2029546748e-01 1.0063042048e-01 2.4660061452e-01 -1.1906024720e-02 -7.7474921670e-02 1.5852492613e-01 1.3011160005e-01 8.3899278578e-02 9.4048015877e-02 1.5354920713e-01 2.5254426574e-02 6.7363451386e-03 1.5588145867e-01 -1.2027393522e-01 1.0738220335e-01 7.2527533515e-02 1.1174502603e-01 1.4518764145e-01 7.2954226086e-02
3.0694954009e-02 3.5566069312e-02 1.0416689715e-01 -1.0800677164e-01 1.3803172288e-02 3.6871292591e-02 -9.8738908890e-02 3.8491253369e-02 -7.9022995696e-02 -7.4971757654e-02 -3.3354606304e-04 -2.8806958345e-02 -7.6004670930e-02 4.5661737710e-02 3.6511298325e-02 1.4471765213e-02 5.1518440460e-02 -8.3307213145e-03 8.3297531440e-02
-9.1144799287e-02 2.3281272477e-02 7.3293157666e-02 1.6581592497e-02 -5.2323451996e-02 -8.5364734787e-02 5.4153456619e-02 1.1758840601e-02 -3.5307470396e-02 -7.3014466137e-02 1.0025893628e-01 8.0358676989e-02 -5.3959067805e-02 2.6633758911e-02 -7.4260279679e-03 3.4241141239e-03 2.9637084721e-03 -7.1457942723e-03 -1.4940991699e-02
