-3.9328473159e-02 -1.0346509496e-01 1.6210711701e-02 -9.1773014982e-03 1.2869959757e-01 -6.0470791336e-02 -1.3122741782e-02 1.1504393219e-02 1.3021146145e-01 5.0340477843e-02 -4.9500848322e-02 2.2047154213e-02 4.5457132416e-02 -1.1227206448e-01 4.0880023827e-02 1.7019969097e-02 -2.7417132973e-02 -4.5681819939e-02 -4.5990489632e-02
5.2958680189e-02 5.3417767035e-02 4.0679564172e-02 -3.1036354719e-03 1.1199674409e-01 4.0638748651e-02 7.2679815790e-02 -9.0500374495e-02 4.7551818836e-02 2.1304765035e-02 -3.2481057909e-02 -1.4522591387e-02 -3.7607643332e-02 3.5320768855e-02 5.7819029113e-02 -7.7768326690e-02 -7.3493722363e-02 4.2560239517e-02 1.0382460957e-01
5.7140021429e-02 -2.4276925912e-02 7.4742736502e-02 8.4564753456e-02 -8.2377545782e-02 2.9963762027e-02 -1.0552758759e-01 1.2496132694e-01 1.4104196719e-01 -6.5142281371e-02 3.9334285200e-02 5.1331623958e-02 2.5025262961e-02 3.9505691506e-02 3.6512646912e-02 -4.2119836195e-02 -2.1001288762e-01 1.8606498919e-01 1.9923065627e-02
-1.6225060425e-01 -1.4898097565e-02 -1.7104225081e-01 -9.8053719799e-02 2.4270997194e-01 -1.0169779260e-01 -1.5521802032e-02 -1.0364809917e-01 -3.4936464636e-01 1.2498090188e-02 9.1468578432e-02 -1.1105097763e-01 -1.0206858498e-01 -4.2437975773e-02 6.9074872889e-02 -4.7700844503e-02 1.9919305103e-02 -2.7256750750e-01 4.7988776711e-02
-4.2369757181e-02 -1.3894334694e-01 -8.3677077585e-02 6.9563783128e-03 1.3137360807e-01 8.5504912661e-03 -8.4821572271e-03 -1.8942078672e-01 -2.5040395176e-02 3.5256432757e-03 -1.3714120990e-02 -6.7669890836e-02 3.0206930260e-02 -3.8903524449e-02 6.4142753234e-02 -3.3904033789e-02 -5.2845898808e-03 -3.6844084759e-02 9.2048957745e-03
-3.1218844134e-02 -6.4925347885e-02 4.9350176235e-02 -9.1761874584e-02 5.0227508041e-02 -3.6637097433e-02 1.2214789310e-03 3.5203306643e-02 3.6095476729e-02 3.2215642719e-02 1.4569536266e-01 -1.4270427330e-02 9.1640313894e-03 -7.1789094215e-02 6.0400276125e-02 -1.8000492645e-02 -2.1313215963e-02 1.2799907654e-05 -1.1677100688e-02
7.8988747711e-02 -5.6504869034e-02 -3.1988466027e-02 -7.8906874997e-02 6.1343905064e-02 -8.6508988422e-02 7.9193828303e-02 7.4340375344e-02 2.3414124572e-02 1.2315815325e-01 -4.7431955424e-02 6.6022577066e-02 2.7859198502e-02 -1.0196277344e-01 1.1780326351e-01 6.9579620331e-03 -5.2991537585e-02 7.2448114938e-02 -4.7396914583e-02
-6.3793776908e-02 2.3497886951e-02 3.8391973048e-02 4.6208173018e-02 1.7576675249e-01 6.3747275610e-03 -5.0556761356e-02 -1.8445354074e-02 -1.5734543334e-01 5.7943320701e-03 -7.6265148953e-03 -1.2530425614e-01 6.7104775211e-02 -7.7308837711e-02 9.6462524360e-02 -7.7099499709e-02 -6.4983743213e-02 -8.1078757879e-02 2.2195815820e-03
8.2943312890e-02 -5.8754622757e-03 1.0951898587e-01 -5.3960195029e-02 -1.9549893852e-02 -4.6894826524e-02 -1.6042578191e-01 9.3811145812e-02 1.3644460534e-01 -1.7072901210e-02 -7.9624414958e-03 9.6240377852e-02 -6.0114521799e-02 -1.1670667588e-01 -8.1049982947e-02 -6.7415510752e-02 -1.0842320748e-01 1.8439101131e-01 -4.7286897963e-02
-1.6723556698e-01 -1.2444586086e-02 -6.4584390484e-02 8.2106140548e-02 1.4547254134e-01 4.1034716216e-02 5.6537650598e-02 -1.6713605535e-01 -2.8593872275e-01 -4.6306987933e-02 5.1782080110e-02 -2.2738953583e-01 1.5669018585e-02 -6.5514174870e-02 -8.0130112316e-02 -5.0512064952e-02 -5.2308253983e-02 -1.8711600737e-01 -2.5924701342e-02
-3.5319993205e-02 5.3748730181e-02 -2.5282134376e-02 7.2191771707e-03 2.2610597472e-02 -4.4925715799e-02 -9.9425900256e-04 3.4496060232e-02 -1.1588713640e-01 -1.7206296848e-02 4.3892512314e-02 1.3510030843e-02 -3.0182570450e-02 -2.7135335151e-02 3.6700222152e-03 -8.8670554047e-02 -1.1667708914e-01 9.6299445558e-02 1.4194055911e-01
2.2919279688e-01 5.6333049564e-03 2.6124664740e-01 -6.7026775632e-03 -1.7142800650e-01 -3.4623471580e-02 -7.6456229371e-02 2.3139387659e-01 2.5344646707e-01 1.4923470311e-02 7.2482241239e-03 1.5441186831e-01 -2.1523428405e-03 -2.7573340983e-02 -1.3782220405e-02 -5.3201064290e-02 2.6055356745e-02 3.0442537396e-01 4.3301321436e-03
-6.6400613009e-02 -7.8006415024e-02 2.1614009995e-02 -2.8510874610e-02 -1.1877545104e-01 9.1134181063e-02 4.0740813351e-02 3.5234102224e-02 3.3123427394e-02 2.3262865569e-02 -1.0693001360e-02 2.4109573798e-02 8.5286244717e-03 4.5162823064e-03 -2.0722867991e-02 1.8940081489e-01 4.0113383189e-02 3.6610681895e-02 2.8383697698e-02
8.9904112364e-02 -9.2756389235e-03 1.0749581087e-01 -9.0417872474e-02 -3.8983185540e-02 5.1081276222e-02 6.3851654005e-02 5.2065018116e-02 -2.5854584286e-02 6.0778724451e-02 4.0116529996e-02 -1.9434415258e-02 -1.1716859847e-01 -4.8665485896e-02 1.0888801448e-01 2.7750110469e-02 5.3559995555e-03 2.5706468024e-02 -3.6144396248e-03
3.4628557843e-04 1.5452599828e-01 4.6703802392e-02 -3.8778844546e-02 1.2414626381e-01 -2.3581045606e-02 -4.9973984980e-02 -5.7589557514e-03 -2.4254641227e-02 -3.8453384079e-02 -3.0456942166e-02 6.9521100916e-02 -4.1589057623e-02 -1.2119422168e-01 -8.6223808377e-02 -6.6744256469e-02 1.3251576448e-01 7.8309664487e-02 -2.8811661675e-03
8.2082976755e-03 -9.3097940965e-02 -2.3482681630e-01 -4.3978628706e-02 2.0458080395e-01 3.1147027761e-02 -8.6528125133e-02 -2.3782414769e-02 -1.3800091424e-01 -3.6148569651e-02 -1.2494611111e-02 -6.6824184160e-02 -6.1183084980e-02 -2.6523785535e-02 1.2799407787e-01 4.4177236067e-02 3.2646175408e-02 -1.3132530189e-01 2.4978454580e-02
-3.6597584942e-02 3.6137551492e-02 -4.6632031159e-02 -1.3139704478e-02 2.0495594426e-01 -1.4480585317e-02 -8.6952047560e-02 -6.1654107549e-02 -9.6948860991e-02 1.0181346012e-02 1.6122238183e-01 -8.1044548262e-02 -3.4831839692e-02 -7.6275620949e-02 -6.6891326049e-02 4.7385804371e-04 3.6452027514e-03 -7.0772734710e-02 5.8901124856e-02
1.0467974416e-01 -6.8312560684e-02 -2.4370306203e-03 -1.8664241541e-02 1.0982698662e-01 -4.0881955091e-02 3.1338072387e-02 7.3543653626e-03 -8.5276796981e-02 -9.6536189182e-02 -8.6382216565e-02 3.9024538031e-02 3.8525796581e-02 -1.2680071616e-01 -9.6386432646e-04 -8.2801022705e-02 -2.2743846441e-02 1.3662263353e-01 5.6056113462e-02
2.0613912600e-02 -5.5216763678e-02 -1.1012425937e-01 7.8932465258e-02 -4.2453947256e-02 2.3251481716e-03 8.9571811573e-02 -6.6515060494e-02 5.6017412175e-02 5.8745224318e-02 1.0455419278e-02 -8.7365559148e-02 5.6590678761e-02 9.0190575291e-02 7.3258718632e-03 7.8363464118e-02 3.4326801805e-02 -3.3273788908e-02 -8.0082671549e-02
