1.5814066740e-03 6.2755419546e-02 4.1429921764e-02 -3.9136418029e-02 -1.6289219069e-01 -1.6225677603e-01 -2.8434187520e-02 -1.5647429377e-02 1.7927054597e-02 -8.3256048706e-02 -4.3054959983e-03 -1.5968445904e-02 3.7530435575e-03 -1.3596332605e-02 7.8712780597e-02 1.9793491326e-01 4.1610260059e-03 1.2834971962e-01 -1.1265155447e-01
-5.6707925744e-02 7.4395345209e-02 8.0242475637e-02 -6.3740818345e-05 7.0870831815e-02 4.6245938606e-02 1.8946849936e-01 -9.3592785485e-02 -9.8498003039e-02 7.9691893626e-02 2.0869284980e-02 1.0092055625e-01 -1.3557509735e-01 -1.2799421887e-01 1.3752188318e-01 1.4895637746e-01 -1.2661845075e-01 1.3198894656e-01 7.3373394579e-02
-8.5438267829e-03 1.9772076922e-01 7.1570585465e-02 2.3638070546e-01 9.8697482739e-02 6.9120149080e-02 -4.9367315054e-02 -1.4229767312e-02 6.8835659450e-03 8.2144646707e-02 -6.0248079584e-02 -2.9180184416e-02 -2.0357735691e-02 2.6473972391e-03 -1.2398629996e-01 4.1397079201e-02 -3.2609720533e-02 1.4373991744e-02 2.0874123043e-01
1.2978723703e-01 2.3853689844e-01 1.7464191423e-01 1.3993270356e-01 2.6139381140e-01 1.0979025606e-01 -4.9818917898e-02 2.3964821969e-02 4.6845483973e-02 1.7738238861e-01 7.8373652570e-02 -4.8769397208e-02 -4.0417046642e-02 6.6964646893e-04 -2.7094429956e-01 -7.7508159379e-02 -4.3868243490e-02 4.4728251876e-03 2.1733647215e-01
1.5585767293e-02 1.6364175936e-02 7.1049263681e-02 -5.2771170819e-02 1.8349444111e-02 1.8825997510e-02 6.8104721415e-03 -2.3164770793e-02 -3.0824441866e-02 -1.8819415944e-02 -6.7592265377e-02 -2.7836159710e-02 6.0480948631e-02 -1.9353282839e-02 -3.6303608821e-02 -1.2355864663e-04 -3.2107955165e-02 -1.0936085825e-02 -6.2850692141e-02
1.5500958370e-02 -9.7332697987e-02 -9.1580387265e-02 -1.0781055250e-01 -1.8669372222e-01 -2.0136344099e-01 1.5783701091e-01 2.6220484502e-02 6.8595825924e-02 -1.7227665510e-01 2.8228516699e-03 1.9151541022e-02 -4.4516880934e-03 4.5407325333e-02 2.0310761013e-01 1.9526938072e-01 4.9189063915e-02 1.3039636058e-01 -1.2276126978e-01
5.4364229610e-03 1.9579110125e-01 5.1408895092e-02 4.0805020183e-02 -2.8794270830e-02 -5.1217591106e-02 3.5796234344e-02 1.8494871014e-02 1.2293473396e-02 1.6782418684e-02 4.8814090444e-02 -8.6621190817e-02 9.6406514261e-02 -1.1769910747e-02 2.1556637503e-01 6.1775312264e-02 4.0269027721e-02 2.6260800472e-01 6.3506860452e-05
-9.8561940408e-02 -9.4016308804e-02 -2.6433550740e-02 -6.2320242171e-02 -8.9914400301e-02 -1.0273914667e-01 1.7865158906e-01 5.0799802011e-02 -8.7664460817e-02 -2.0025075424e-01 -1.8229608920e-02 -4.6745374746e-02 -3.9193836961e-03 1.9493557307e-03 1.6934687204e-01 1.5302475981e-01 -7.7691641245e-02 1.1344040583e-01 -1.0829475741e-01
-7.1739658599e-02 1.3192940974e-01 2.2398577472e-01 1.2981754118e-01 7.3092580623e-02 2.1033374529e-01 5.4724891143e-02 -2.6507114749e-02 -5.6441092139e-02 8.7349266989e-02 1.0800894179e-02 1.2804070774e-01 5.1105119138e-02 1.4457532106e-02 -1.3605628172e-01 1.0027480512e-01 7.2567765423e-03 -7.2909496205e-02 2.9640292374e-01
6.9154315498e-02 2.4303970346e-02 -6.6800704663e-02 -5.5410987291e-02 -8.5918272812e-02 5.4212673236e-02 2.4819044855e-01 -1.5391456937e-02 -1.2155843151e-01 -8.2995446181e-02 -5.6046632691e-02 -1.5055750478e-02 -4.6574365275e-02 6.9458654194e-02 2.2206504531e-01 2.2812273239e-01 -3.7131601810e-02 2.2889056253e-01 -1.5366044640e-01
-5.9405039935e-03 -8.9091893501e-02 1.0810700406e-01 -7.9691527211e-02 2.9461631815e-02 -3.0800245264e-02 6.4586386337e-03 1.7275723911e-02 -1.1532748598e-03 7.6439259312e-02 2.4914927119e-02 -4.7872428603e-03 1.2154245996e-02 -6.7733695219e-02 6.1283384441e-02 -2.8962730343e-02 3.4171663858e-02 -7.4625616224e-02 -4.3953342540e-02
1.8434803472e-03 2.1825463095e-02 5.1708219262e-02 6.9573794567e-02 -6.6933452700e-02 -2.3805963203e-02 8.6330452801e-02 5.7098555930e-03 -3.9443698556e-02 8.0505597044e-03 -1.3217239729e-02 -1.0631214268e-02 1.2579989070e-01 -2.7745092388e-02 1.5446475295e-01 9.6835824229e-02 -1.2765691879e-02 1.8357093498e-01 6.5318332778e-02
6.4659460127e-02 -5.2278309838e-02 -8.9838939023e-02 -4.7111291731e-02 -1.4546882253e-01 2.5708356354e-02 1.5138994378e-01 8.4668375745e-03 8.9060926044e-03 -1.8477602798e-01 -8.8836146674e-02 2.8036910529e-02 4.1143430845e-02 1.5726927827e-01 8.5059447907e-02 2.2476252648e-01 7.9151768130e-02 1.7445417749e-01 -4.3731741391e-02
5.3931447349e-02 3.0978518472e-02 -6.2380258741e-02 8.6704965097e-02 9.0675936803e-02 8.0132844713e-02 -1.1673114272e-01 1.0923640822e-01 -7.5377776992e-03 1.1967182812e-01 1.7344434478e-02 7.8155433849e-03 -1.4151470868e-01 -1.9250054154e-02 1.6272647441e-01 -1.1447793044e-01 1.6372188334e-02 5.8023263718e-02 4.1515594096e-02
-6.5879770774e-02 1.5089515992e-01 1.5751852346e-01 1.4763633463e-01 1.0497982324e-01 1.8002966512e-01 -2.4772980194e-02 1.2888019235e-02 3.0545532999e-02 1.7444488316e-01 -2.1085715446e-02 -7.2082577492e-02 -9.9504198057e-02 3.4622549320e-02 4.2919509841e-02 -3.7013662642e-02 -6.3064785939e-02 3.2697101118e-02 2.0037323812e-01
-4.7922177333e-02 1.3522915867e-01 9.2911230648e-02 5.0517093002e-02 1.4596578034e-01 5.2134377831e-02 -1.1431166021e-01 1.4509811246e-02 -3.2183118519e-02 1.4066661466e-01 -3.9088025508e-03 -2.9418268346e-02 -1.1207441327e-01 -7.9363521336e-02 1.3462797784e-01 7.3837771775e-02 -2.6734323531e-02 8.1761057127e-02 8.2611704171e-02
1.1204403775e-02 1.5218192792e-03 -1.2639224410e-02 -7.6989524222e-02 -7.5719467062e-02 6.3668775658e-02 1.3788632031e-01 -8.5771032058e-03 7.7322567416e-02 -7.8326709653e-04 -4.0820853170e-02 -1.3324776414e-01 -1.2707644665e-01 7.3035949330e-02 -3.3630558568e-02 1.7484794749e-01 6.1167284320e-02 3.2482980379e-02 -2.0944222853e-02
-5.5637262495e-02 -1.3079995810e-01 -1.0653609845e-01 -1.1886829731e-01 -1.7373122670e-01 2.8641302012e-02 2.2214727555e-01 -2.8217496144e-03 5.3784823263e-02 -1.0020788442e-01 8.7341852658e-02 4.4742926832e-02 -6.6091183265e-03 4.1445315296e-02 1.4332022437e-01 2.0378693792e-01 1.9340117177e-02 2.5498582096e-01 -1.1214666421e-01
4.3367212650e-02 3.4504248193e-02 -3.0762905660e-02 -1.5608675746e-01 2.9408482079e-02 6.5033052193e-02 5.4778891954e-02 -5.7579460314e-02 2.4787401944e-03 7.2767384843e-02 -4.3465424529e-02 6.9660218609e-02 2.1654371397e-02 -3.2887666357e-02 4.5140140443e-02 4.3771355473e-02 -8.6400381458e-02 -4.9773694207e-02 4.5376001690e-02
