-7.6054176276e-02 1.5080206660e-01 5.7339973220e-02 -1.6714372365e-02 4.2495527896e-02 3.1329815570e-01 -1.2212172338e-02 1.1505859158e-02 -5.6175854817e-02 1.2352383167e-01 -6.7263306597e-02 -6.1969170513e-02 -5.0366545156e-02 2.0945223006e-01 -2.7742115315e-02 2.5493481488e-01 -1.3866033184e-01 2.9611377436e-01 2.5158949292e-01
1.0212004253e-01 8.9799640005e-02 1.5903641418e-01 1.8528249079e-02 -2.9847457946e-02 9.8957432333e-02 1.5822466504e-02 1.9571260841e-02 -1.3766027755e-02 6.0557223259e-02 5.5126865963e-02 7.5633114571e-02 -6.8482058037e-02 1.0716700749e-01 9.6592843674e-02 3.8369860783e-02 -7.9361167706e-02 1.1351087116e-01 5.5961116148e-02
-3.2505467456e-02 1.1358921183e-01 3.9950061517e-02 -1.9375792537e-03 -1.2539421125e-01 4.3689448952e-02 -7.0306989951e-02 1.3972545955e-02 4.5492449694e-02 5.3471547795e-02 1.6801856570e-02 -6.3691153929e-02 3.7128086553e-02 1.8990688026e-01 2.9829516460e-02 1.0576824495e-01 -5.6195690800e-02 2.2591572590e-02 3.3179490595e-02
4.4814398193e-02 4.4179869186e-02 1.1707178281e-02 -6.1546138339e-02 -8.0407258751e-02 6.0254776126e-02 6.2189006651e-02 -4.7671610948e-02 -1.6813654530e-01 2.8303135647e-02 -6.3879118729e-02 -3.5076184035e-02 7.6558117805e-02 1.9511002842e-01 1.2876570345e-01 1.1942931875e-01 4.7839108415e-02 1.0229954359e-01 2.2942342833e-01
1.3123185805e-01 -9.5961608836e-02 -2.0497721998e-02 1.0785894856e-01 1.9221022569e-02 -3.3627210968e-02 2.1057131519e-01 6.0520322294e-02 -4.0077361352e-02 -4.4724171870e-02 6.1474092035e-03 2.4188281916e-02 4.1802630491e-02 1.8383308135e-01 4.7009584899e-02 5.4735789727e-02 5.2174943407e-02 -1.5131625368e-01 -2.2806184599e-02
1.1862284292e-01 -1.5263146235e-01 -9.6762643273e-02 2.4943522775e-01 -1.7113912535e-02 -9.3059553792e-02 7.9932487132e-02 -1.5411046639e-01 -9.0236841075e-02 -9.3276074626e-02 1.0300210985e-01 7.6050717413e-03 -4.9404365424e-02 1.3147346143e-01 1.5437929657e-01 -2.7759290166e-02 1.5164800826e-01 -7.3359535913e-02 -8.7635547309e-02
-5.1132524957e-02 -1.7301688653e-02 -2.4279171683e-02 -5.2496960103e-02 -2.3251095874e-02 -1.0829065540e-02 1.0907944560e-01 9.9496402119e-02 -1.1011789583e-02 1.3909806369e-01 9.5475768486e-02 -1.0041886567e-01 -8.3418107595e-03 6.4393306015e-02 4.8645766578e-02 6.9668653750e-02 1.3068530554e-02 2.2397025785e-02 6.7677724227e-02
3.5210905637e-02 6.3063527001e-02 7.6933169830e-03 2.7010322595e-02 4.9965161990e-02 5.3913231539e-02 1.3541267746e-01 -5.4635874607e-02 -3.2836763077e-02 8.7495197563e-02 1.0770194176e-01 8.7252541945e-02 -6.3415596982e-04 1.1294812684e-01 1.0816335036e-01 6.1782377083e-02 1.2798119502e-03 -3.5583474119e-02 1.1236680684e-01
2.3865079851e-03 -1.4704624186e-02 -8.6641572460e-02 1.0404026323e-01 3.2388166271e-02 -9.9026377392e-02 1.8131712845e-01 -2.3148826744e-02 9.4942472139e-04 3.3531400424e-02 9.2367692451e-02 1.7686018616e-01 -3.7261400654e-02 1.1229577735e-01 1.3347730911e-01 -7.9103458078e-02 1.2982887330e-01 -9.4511108719e-02 -7.1175210780e-02
1.0772425957e-01 -7.1449642128e-02 -5.3381192406e-02 7.2583798816e-02 4.0233241956e-02 -7.9462920383e-02 1.2322543268e-01 -1.1466713972e-01 4.6628590895e-03 -4.1792126032e-02 5.3015057455e-02 7.4013772932e-02 -8.1748555625e-02 1.6590683343e-01 1.2508647885e-01 2.7509319903e-02 9.5628451214e-04 -1.8261229564e-01 -5.1985819611e-02
-1.8664692976e-01 1.5344852616e-01 7.8361287103e-02 -1.0940932467e-01 -6.4318994666e-02 2.0627142141e-01 -7.6145943836e-02 -6.3366833737e-02 3.5418751468e-02 2.1285469228e-01 -1.7725425596e-01 -4.2803263204e-02 8.1449764003e-02 9.0492258530e-03 -1.0080764689e-02 2.3992148693e-01 -7.5906368734e-02 2.1795310324e-01 7.3026802152e-02
6.3697220219e-02 3.9881362622e-03 1.6742392476e-03 1.1569450820e-01 -4.7063347225e-03 -1.0757758199e-01 1.3749343153e-01 -7.2285397683e-02 -1.2344517200e-01 -1.0401311712e-01 1.1729289993e-01 1.2256021434e-01 1.3361941359e-01 7.8942370740e-02 1.6862281170e-01 1.0603547131e-02 4.8108633430e-02 -2.0798331012e-02 -7.1995434092e-02
-3.8092601218e-02 -6.4030677163e-02 1.7814077507e-02 1.3209090890e-01 -1.0130017019e-02 9.6811952942e-03 -5.7037968840e-02 1.3748113492e-01 -9.0116199326e-02 7.7496423047e-02 3.4517556779e-02 9.9620156787e-03 1.7856218126e-01 1.2203667545e-01 5.9777256659e-02 -8.7618253501e-02 -5.6860072613e-02 -4.6621074592e-02 2.6742745920e-02
-2.2489744796e-02 2.7278410979e-02 -1.2374726958e-01 -4.6925240896e-02 7.9394314701e-04 2.8532992152e-02 1.2654606856e-01 -4.8426510480e-02 -2.8921980270e-02 -8.0183030331e-02 -1.0852940644e-02 8.2588488266e-02 -7.7495688744e-03 2.6927079474e-02 3.3819176134e-02 -1.1468541994e-02 2.4703157156e-02 -1.3319099686e-02 -5.7056617661e-02
3.4951498553e-02 -5.1545655515e-02 -2.1888653019e-01 8.0259806587e-02 2.9076211084e-02 -4.2949629809e-02 1.0618760657e-01 8.9335399662e-02 5.2426567612e-02 4.4680646403e-02 1.0462603539e-01 7.3205544072e-02 -5.5519553134e-02 1.2872617343e-01 2.4808840234e-01 -3.7256066760e-02 6.7313784244e-02 -1.6102622337e-01 -9.5699227870e-02
1.7447723941e-01 7.1173860320e-02 -7.1392896189e-02 1.7452202035e-01 -9.8346924566e-02 2.2215584412e-02 1.4427606678e-01 3.5838940175e-02 -1.4498749284e-01 -4.2274066987e-02 6.2128131267e-02 1.0391213303e-01 2.4219064404e-02 1.5818494985e-01 1.6399961550e-01 -8.7290067175e-02 -5.5193319433e-02 -1.4683738677e-01 -1.6846099532e-01
1.6536827915e-02 -4.6023887516e-02 2.9781153220e-02 4.0421621160e-02 -7.5550743518e-02 2.5476895969e-02 4.0967143273e-02 8.0360874897e-02 5.8485422812e-02 -3.3421491555e-02 6.7442366539e-02 -4.7557984763e-02 -1.6601347960e-02 -3.2308690306e-02 -4.9062663304e-02 8.5547764539e-02 -5.1989569631e-02 -3.3044874456e-02 1.2256848486e-01
8.5758184090e-02 8.6165740318e-02 4.1946781502e-02 -7.8437047305e-02 5.1762888995e-03 -8.1945692220e-02 -5.6747357666e-02 -7.1639621247e-02 3.8439079103e-02 8.8672006401e-02 -3.5686550604e-02 3.5675945738e-02 1.4714382532e-01 1.7113215919e-02 4.4941828209e-02 -1.2449666804e-01 2.7560112756e-02 -1.6833348510e-02 5.6398611398e-02
2.1821162151e-01 -8.7534931013e-02 -1.0060411102e-01 1.5002343740e-01 5.3568975575e-02 -1.0034401134e-01 2.1987917388e-01 -4.6021601917e-04 5.0796120282e-02 -1.1138407409e-01 1.9991917682e-01 9.4722468109e-02 2.3225159626e-02 2.0103657584e-01 2.1402638787e-01 2.5159014759e-02 3.0430243597e-02 -1.3900650741e-01 -4.5451292615e-02
