-5.2830692536e-02 -8.3026069544e-02 -1.1578400692e-01 7.5974746137e-03 -6.8323018165e-03 -3.9164216803e-02 -1.1975667511e-01 -6.9407515942e-02 -9.5695679090e-02 -9.8873203513e-02 -8.4830389169e-04 -5.3020056899e-04 -3.9374273388e-03 -6.5552142022e-02 1.3028249782e-01 6.9221212205e-02 1.3996795868e-02 3.5567821708e-02 1.4175180852e-02
1.4915764489e-01 1.4547106992e-02 9.5710532970e-02 -1.2331136684e-01 9.1679437164e-02 2.6832273234e-03 -4.8731629025e-02 9.2996848128e-02 3.3743325953e-02 1.7967729401e-01 1.9764355453e-02 -2.3798605427e-02 1.8144334567e-01 -1.1120646039e-01 -5.9919232107e-04 -9.7027911536e-02 2.7791377766e-01 2.5477386718e-02 -8.6112417676e-02
9.6405638317e-02 -2.7428989343e-02 6.3039892219e-02 -4.4796254587e-02 1.1876921024e-01 8.3521412529e-03 4.1506445453e-02 1.5707434906e-01 -4.4904772576e-02 9.5024698426e-02 5.0304040415e-02 -2.3598409075e-02 1.2550338664e-01 1.1937186431e-02 1.4656259838e-01 -3.5107454275e-02 2.2980010242e-01 -4.6364524777e-02 5.9752430372e-02
2.4901931363e-01 -2.5113499941e-01 3.3529356463e-01 -6.2761649750e-02 3.3891572216e-01 -1.6412718718e-01 -6.0316100941e-03 1.5156092444e-01 -1.0302734977e-01 1.2953663919e-01 -1.0335837201e-01 -2.3216538580e-02 1.4196697652e-01 3.9379434078e-02 1.7656625527e-01 -1.0965690963e-02 1.7526325082e-01 -7.4741845279e-02 2.2758950199e-02
2.6564688774e-01 -1.7314497789e-01 1.4613786481e-01 9.0385594628e-03 1.1817451184e-01 -1.5045511579e-01 6.3667929443e-02 2.4473207335e-01 4.7400520475e-02 2.3005631326e-01 -1.3865199195e-01 1.0296645600e-02 6.5159188450e-02 8.8971291079e-02 1.2253312080e-01 1.1484118254e-02 2.4792090594e-01 6.7684534196e-03 -9.5439648951e-03
8.6016936919e-02 3.5454956919e-02 5.0381316745e-03 -8.3354117901e-03 8.5980261599e-02 -1.7386936580e-01 -9.0577807070e-02 1.8151113420e-01 7.2963269041e-02 1.1823073928e-01 -1.0072016127e-01 -1.0489048013e-02 1.5362528227e-01 -2.9918172926e-02 1.8443952594e-01 -1.2453748245e-01 2.5133928058e-01 1.3365596361e-01 1.1878289790e-01
-1.3583051685e-01 1.4739826663e-01 -4.4004136076e-02 -1.2785971626e-01 -3.9648667713e-02 2.1374688422e-01 -4.9752820965e-02 -1.1357923431e-01 2.0698470061e-01 -8.5984586039e-02 1.6856989019e-02 1.0517381793e-01 -5.7646953676e-02 -4.2303128962e-02 -1.6330289068e-01 1.2862473226e-02 1.9768373597e-01 1.8448204688e-02 -3.7897472881e-02
-5.7853329820e-02 -1.4928834327e-02 2.2285434297e-02 -9.6965119213e-03 -1.0086504509e-01 1.3292791410e-01 -6.2296297580e-03 1.2136451595e-01 -4.0881437835e-02 -5.9262358577e-02 1.0387817381e-02 -1.0835468345e-01 -2.1625383255e-02 1.7239596013e-02 2.4469562281e-02 1.5059593860e-02 -6.3636351585e-02 1.2351377744e-01 -4.2242144938e-02
2.2671319905e-02 6.3221447301e-02 7.7507521520e-03 2.6545283101e-02 -2.0568151188e-02 7.4458404878e-02 8.1028746587e-02 -2.3802945912e-02 -8.5708496153e-02 2.4086415337e-02 1.0619164436e-01 -6.8040060360e-02 4.9455208199e-02 -4.0160833129e-02 -1.5078477137e-02 1.0591459396e-01 9.4716062718e-02 -3.9135910370e-02 3.3769463705e-02
2.3627931406e-01 -1.0631281193e-01 2.7489882863e-01 8.9016147764e-02 2.7112284613e-01 -8.9118092022e-02 5.0381371873e-03 1.6927837822e-01 -1.1018488167e-01 2.3238117120e-01 -1.1534337111e-01 -7.4526370300e-02 1.2919975665e-01 -7.8218677918e-03 1.1459433765e-01 -1.7112657610e-01 2.6131596155e-01 6.3167776279e-02 -5.9740689856e-02
-2.0961423706e-02 -5.4650746024e-02 -7.0894106611e-02 -6.9034052545e-03 -9.9340953203e-02 6.3685456630e-03 3.6121902993e-02 -8.5498168786e-03 1.4905406567e-02 -4.3542271311e-03 -1.4540051700e-01 1.3373358731e-01 7.7004180132e-02 2.7617184212e-02 -3.4214739680e-02 -1.6018378901e-02 -1.5755956679e-02 1.1520271876e-01 -1.0664680023e-02
9.0426604652e-02 -1.9065028680e-02 -9.8258245054e-02 4.7097323009e-02 1.3506200889e-01 -3.6525372382e-02 -6.1870441866e-02 -5.0514120242e-02 3.5595445156e-02 7.8434168962e-02 4.7686852598e-02 -7.0394324024e-02 5.5475500860e-02 1.2301506847e-01 -1.0781659106e-01 6.1402371032e-02 4.8849255065e-02 -3.8247990745e-02 3.0254246117e-02
7.4959933816e-02 1.6229319582e-02 4.3436337197e-02 -3.8274133609e-02 6.6926973990e-02 -8.8762583285e-02 1.1789818465e-01 6.2600389017e-03 -2.2666181440e-02 4.4997232140e-02 2.8306682182e-02 -2.7133029810e-02 -4.0057873069e-03 -1.0575915045e-01 6.0504553596e-02 -6.2780662842e-02 -5.5905520853e-02 -5.5168561473e-02 3.4166348805e-02
5.9129819583e-02 9.6450764903e-03 5.3100631267e-02 -6.4479661758e-03 3.8171249371e-02 -8.5430550157e-03 -1.1809504963e-01 2.6942938132e-02 -8.7048330459e-02 -1.3184702814e-01 -5.0634430206e-02 -2.9329758949e-02 8.3092694740e-02 -9.3529987586e-04 -8.9077217784e-02 3.7041324920e-03 -8.0634754135e-02 9.9360587763e-02 -2.9927666682e-02
-3.7112803547e-02 1.8944788815e-01 -6.8886473498e-02 -5.8792348019e-02 -4.1721033342e-02 1.3511873866e-01 -6.4896857240e-02 -5.9343269463e-02 1.5979305202e-01 -1.2099635010e-01 2.2621324921e-01 -9.2038400926e-02 -4.4603758800e-02 4.8473702633e-02 -1.2037149670e-01 -1.5288914134e-01 2.0238280805e-01 -6.7451615121e-02 -1.1859178968e-01
-1.5142369549e-01 1.1538319984e-01 -9.8286938892e-02 -5.3115026748e-02 -5.2781702119e-02 1.7470795991e-01 -9.3895141507e-02 -1.0654068395e-01 2.4861212112e-01 -5.7546794278e-03 3.3307747117e-01 -7.4496787711e-02 4.8476266859e-02 6.0963774662e-02 -1.7986122762e-01 -4.8996346345e-02 1.0274040300e-01 -7.3888354341e-03 2.2318480851e-02
-2.0172415893e-02 -1.4332379848e-02 -7.9875934399e-02 -9.8604861794e-02 -5.1030369461e-02 7.5792315724e-02 6.1294551881e-02 4.6165863268e-03 -4.7466446095e-03 -3.7424675800e-02 8.3404904719e-02 -3.2275114527e-02 -9.0111997628e-02 8.9646268248e-04 4.6337005341e-02 3.4341178542e-02 -3.1940808806e-02 1.7039637875e-02 5.0261475905e-03
5.7969584416e-02 1.9502882240e-01 -2.5450528800e-02 1.0645311254e-01 4.7795036261e-02 1.1070754164e-01 -1.4692539027e-01 8.7562651484e-04 2.0575194302e-01 6.2415901591e-02 1.0635548394e-01 -1.4747938163e-01 -1.1369921771e-01 -9.5350568831e-03 -4.7778143684e-04 -1.0948040350e-01 2.1281906402e-01 4.2522514881e-02 2.0707441179e-02
1.8454661194e-01 -2.4257693893e-02 1.7322946524e-01 5.4864180206e-02 2.3231935367e-01 -1.0734993834e-01 5.8136411987e-02 1.1151961634e-01 7.4002893543e-02 1.7899070405e-01 -5.1824401514e-02 -5.3712721749e-02 1.4577050426e-01 -2.2057409682e-02 1.9393796262e-01 -7.1740674790e-02 8.2902690091e-02 -1.7140886319e-02 -4.3582397986e-02
