-4.0535547355e-02 5.7152651527e-02 1.7350946569e-01 -6.2603130045e-02 5.8854463174e-02 -2.6714089106e-02 -3.5977395578e-02 5.3612684115e-02 3.1071404384e-02 -5.7117511293e-03 -1.5951483838e-03 8.7373948828e-02 1.6195442583e-01 6.2891153386e-03 5.9733760325e-02 -2.4986328984e-02 -8.8996573564e-03 8.1450878114e-02 -3.7273329018e-02
5.4569399813e-02 -6.3088909012e-03 4.1890288399e-02 1.0635465752e-01 2.2970245148e-01 5.6574555001e-02 8.8988178516e-02 9.4676687010e-02 -4.6928760991e-02 2.6080071193e-02 4.2543887627e-02 1.2214394206e-01 6.3933604389e-02 -6.3815876120e-02 8.9602288525e-02 -5.4778327635e-02 -4.7024262321e-03 3.0375420803e-02 -4.3290297973e-02
4.3842558202e-02 -6.1999933230e-02 -3.6685432084e-03 -8.3311646314e-02 -5.1418021123e-02 -1.3625723184e-01 1.5940389345e-01 9.4721832782e-02 1.3667511407e-01 9.7804307291e-03 2.5295569180e-02 -9.5864258147e-03 8.0929211393e-03 9.8956135281e-02 -4.0036498536e-02 1.0868414983e-01 -2.9040658437e-02 2.9531212454e-03 8.5879459711e-02
-1.7612899479e-01 -2.8336366104e-01 2.5689476419e-02 -4.6832044655e-02 1.8008746089e-02 -1.4277639943e-01 -5.0707749160e-02 -1.6852051340e-01 -5.9216061874e-03 -4.4929420323e-02 -1.6783920442e-01 2.3539729867e-01 1.8065738606e-01 1.2624050828e-01 -1.6010620083e-02 1.9326275885e-01 1.2648295159e-01 -6.6965983978e-02 2.0722270512e-01
-1.1244444649e-01 -1.9419497641e-01 1.3633074923e-01 -2.3510596916e-02 -1.5714100366e-01 -7.5965873087e-02 -1.3093669067e-01 1.5749296578e-02 -3.1813392491e-04 4.2264803698e-02 -2.6066859798e-02 1.0242015606e-01 6.6153733193e-02 -6.1220694182e-02 -5.7784643004e-02 5.5351037925e-02 1.7502152041e-01 6.4875497182e-02 1.4403284067e-01
9.1788949840e-02 2.6957066418e-01 -9.9947246279e-02 2.6101125012e-01 2.2205666658e-01 2.6167688366e-01 2.4164718627e-01 9.6602188155e-03 -3.6365003139e-02 -6.8927935945e-02 2.6496518251e-01 -1.7441940253e-01 -1.4916017321e-01 -3.8406042728e-02 2.3255846900e-01 -1.6726484889e-01 -2.3959847115e-01 1.3050449815e-01 -3.3952878933e-01
5.7727468657e-02 -1.0701010970e-01 1.1838614537e-01 4.9461056384e-02 -7.7057123278e-02 2.6879156066e-02 5.3672117615e-02 -7.5791276617e-02 -4.2769377776e-02 -1.4102641739e-02 -5.5943211977e-02 6.1858410370e-02 7.9680222943e-02 -2.6428458811e-02 1.0851651680e-01 5.5881323376e-02 3.3915824112e-02 -3.3981742347e-02 9.4216967773e-02
-4.0294601321e-01 -2.7615331807e-01 -3.6001158104e-02 -9.9111876744e-02 -3.8368073507e-01 -3.3745098739e-01 -2.3338062052e-01 -2.0864729648e-03 4.9737880054e-03 -2.7397681656e-02 -1.6789857664e-01 2.2386054227e-01 6.6337840409e-03 1.4522050442e-03 -1.7873301717e-01 2.0450485870e-01 3.0562447011e-01 -1.1901348355e-01 3.1390512580e-01
-2.3463916989e-02 6.2754123383e-02 -1.3728347250e-02 1.1176758756e-01 1.1175953634e-01 1.0343542487e-01 1.1855476850e-01 -2.7713092766e-02 3.3427237308e-02 -2.1605235931e-01 9.6832810691e-02 -2.6017218963e-02 4.1296201156e-03 3.7057370356e-02 3.0142752804e-02 -1.3819484004e-02 8.1367384161e-02 8.3356715653e-02 -2.2561289026e-03
2.3897985073e-01 1.9672860083e-01 -1.2533850732e-01 1.5079553630e-01 6.3794151454e-02 1.9493867853e-01 2.2413867563e-01 -4.6228833255e-03 2.3801794687e-04 -5.0824629277e-02 2.5934295890e-01 1.1255246252e-01 3.2059036045e-01 8.1232531576e-03 2.0550708976e-01 -1.6985230300e-01 8.3885389719e-02 3.0265316685e-01 -5.0791219173e-03
-3.7891475034e-01 -4.4299170706e-01 3.9831537898e-01 -3.2040013255e-01 -3.2615646554e-01 -3.4940676694e-01 -4.1505643750e-01 -1.9121470688e-02 1.9236196292e-02 -6.2549407108e-02 -3.4529084996e-01 5.3871777018e-01 3.6734410202e-01 -8.7519207303e-02 -2.7872346952e-01 2.9957061300e-01 4.4570089130e-01 -2.8240709940e-01 5.2881716018e-01
1.8370355573e-01 5.1343940907e-02 6.8959419587e-02 9.2339381480e-02 -2.0790888728e-02 2.2884644342e-01 1.4720114373e-01 -4.7760606293e-02 1.5594991323e-02 3.4886803313e-02 1.2959922397e-01 6.5598916003e-02 -2.2735114001e-02 3.2642739410e-03 5.9866693462e-02 5.7362453574e-02 3.6980267273e-02 1.3035934445e-01 -7.0140669987e-02
2.4328492569e-01 2.2836151948e-01 7.0976086754e-03 2.2978078643e-01 -7.6513021501e-02 2.9149014420e-01 2.9305726933e-01 4.8457028404e-02 1.5815951750e-02 -2.9895051208e-02 2.8767007458e-01 1.6578918448e-01 2.2316969469e-01 -1.0193968712e-02 1.9756980240e-01 -1.6015282184e-01 -9.6479733271e-02 2.5887925910e-01 -1.8421387269e-01
-2.4360219206e-03 -2.3826358495e-02 4.0953005666e-02 1.5844381052e-01 1.1957338702e-01 7.1544694754e-02 8.2188080129e-02 -1.9547569016e-02 -6.0823706250e-02 -3.7008531027e-02 3.5825009249e-02 9.7488701448e-02 1.0953267665e-01 -6.4140645834e-03 1.6579003646e-01 4.5544792007e-02 1.5393169365e-01 -4.7289519466e-02 6.6886344695e-02
-3.2477927061e-02 -2.7736209607e-02 3.2668410774e-02 2.6509610857e-02 -6.6282436948e-02 5.8543436476e-02 3.6568227055e-02 -7.8238162521e-02 -1.4226079758e-02 -6.3113774396e-02 -5.9894360328e-02 6.4335079883e-03 -3.4794942102e-02 -1.2921191353e-02 1.6869724845e-01 1.8145237660e-02 8.8715497216e-03 -1.0316848991e-01 7.6502744650e-02
2.2799633550e-01 2.7962240818e-01 6.8594373500e-02 1.7621637490e-01 6.6719327829e-02 7.5191988542e-02 3.9333841251e-02 5.0553496444e-02 -4.6706625503e-03 -4.7360880023e-02 1.1568285611e-01 1.0642145465e-01 -2.3651358103e-02 8.6162538467e-02 5.1219270011e-02 -2.1581528831e-01 -1.3446809485e-01 1.8158197226e-01 -1.6748780997e-01
7.3023766319e-01 7.5664566673e-01 -3.2894911488e-01 7.9216536770e-01 7.9161219516e-01 7.9980555697e-01 8.8263103702e-01 -5.7705349814e-02 -1.1636256187e-02 -1.6803089596e-02 8.4304094100e-01 8.3894238679e-01 1.1867303720e+00 7.0409000380e-02 7.4326196064e-01 -3.2257511276e-01 2.2688057061e-01 8.6488656714e-01 -8.9345260677e-02
2.5637556886e-02 7.5235045310e-02 2.7768963013e-02 2.7614135736e-02 1.2069430927e-01 1.7091353323e-01 1.3682338543e-01 3.6865074025e-03 9.3068955914e-04 1.1485819248e-01 -4.7124629558e-02 6.2074057932e-03 6.2655824527e-02 3.4573417184e-03 1.7246111614e-02 -4.5586558024e-02 3.7460123512e-02 3.4094435691e-02 -4.2639632122e-02
2.7479538652e-02 8.1335149243e-02 2.3565193687e-01 5.2954203264e-02 1.0958059491e-01 8.4606930261e-02 1.0457807120e-01 -6.1541536099e-02 -1.0121957818e-02 -9.1303867325e-02 -1.6819821092e-03 8.0879663168e-02 1.1179692201e-01 9.5462421663e-03 1.2172075658e-01 9.3931841929e-02 6.8437001243e-02 7.0178322784e-03 -1.4832522575e-02
