2.1330154447e-01 2.0719242857e-01 6.4209076685e-02 4.4152418195e-02 -1.3113819082e-01 -1.9027372136e-01 2.2377469445e-01 9.7722515842e-02 -1.6199968765e-01 -1.3128529034e-02 -2.6935943578e-02 -3.2938920325e-02 3.1516582105e-01 -1.3638479223e-01 -3.1073811803e-01 -9.3177204207e-02 2.4189435640e-01 1.3284672757e-01 -1.8744068587e-01
1.1794755244e-01 6.1522715903e-02 -6.4590798545e-03 -1.6129080413e-02 -1.4756909871e-01 -3.7313037489e-02 4.2076146289e-02 -1.1432685241e-02 -7.6506653611e-03 4.7040909050e-03 -3.0894465687e-02 -2.3970972720e-02 1.3585609090e-02 1.4946164423e-02 -1.5979999903e-01 -1.2869645002e-01 7.2175417736e-02 1.4782458761e-01 5.0094520106e-03
1.4475168091e-03 8.5881125798e-02 -5.6674100165e-02 6.1491415682e-02 9.8306562704e-02 -6.6271810444e-02 5.1921339053e-02 -9.9603615641e-02 -8.2528228193e-02 4.7641642489e-02 -6.5424467732e-02 -7.2135693991e-02 -1.3633370959e-03 -3.3465043329e-02 -2.7844146878e-02 -6.9125647971e-02 8.7050619492e-02 -7.8256425888e-02 7.9396183800e-02
3.4530681778e-02 -3.7723585414e-02 -1.9846853642e-02 1.9960326562e-02 7.1559065848e-03 6.0496258852e-02 1.0497278894e-01 -5.3722514934e-02 -6.8077029876e-03 5.9279994989e-03 -6.0971414347e-03 5.9868646775e-02 -2.8992507579e-02 -8.9532250171e-03 -9.3612307066e-03 4.5789078910e-02 1.2335318505e-02 5.9892121242e-02 2.0411949167e-02
1.3468647763e-02 -1.7324107838e-02 -8.4437788061e-02 -1.3831700415e-02 4.6336823835e-02 -1.2632659506e-02 4.5636753169e-02 -6.5236435796e-02 3.8749353943e-02 8.9430381820e-02 -3.9642145242e-02 -4.2066112269e-02 -5.7523310586e-03 3.6890186210e-03 -6.6081149669e-02 5.3619683386e-02 -3.7737679960e-02 1.4946875978e-02 4.7192942109e-02
-2.6296373528e-01 -1.9320495378e-01 -3.9409487050e-02 5.5947300214e-03 -1.8908009799e-01 1.6344027872e-01 -1.1973619080e-01 1.0215728934e-01 1.8427528535e-01 2.1240713336e-01 -5.3301786304e-02 5.3115371074e-02 -1.5152055192e-01 2.9438994775e-01 1.2799532740e-01 2.0027686453e-01 -1.2592397954e-01 -1.5101659274e-01 2.2644010597e-01
-2.2215081970e-02 -1.8916154380e-02 1.4404067061e-02 -4.3539076396e-02 -1.1254321265e-01 4.5852227413e-02 -1.2890564891e-01 2.8070182958e-02 1.0346460698e-01 5.4742351018e-02 -3.5615322209e-02 1.3247140906e-01 2.8791064794e-02 -8.9827126009e-02 -1.2200224340e-02 1.9779672942e-02 -1.0154461906e-02 -9.4221431658e-02 3.8248418435e-02
-4.7442187988e-02 -8.5275834425e-02 -1.4047604758e-02 -1.0129795221e-01 -2.5399439256e-02 1.0949525233e-01 9.0494908738e-03 6.5188109334e-02 2.0088184072e-01 1.5650021666e-01 5.6345495017e-03 2.4234164854e-02 -6.9779524054e-02 8.7900339445e-02 1.1166705392e-01 -1.4108938860e-02 -1.4413837848e-02 -4.4535354099e-02 1.3182024382e-01
-1.0013660686e-01 -1.3492910124e-01 2.9089035411e-02 8.1063228823e-03 -1.1884560079e-01 6.1698190760e-02 -5.4461258476e-03 -3.6625893785e-02 1.3562738748e-01 1.1583830386e-01 1.2173653451e-01 -4.5013863185e-03 -6.0849574341e-02 1.6123214897e-01 -2.8436999276e-02 -1.1802123404e-02 -8.3395652847e-02 -6.3684559084e-02 4.8078910005e-02
2.9196889883e-02 -3.0430604949e-02 -2.1227756995e-02 -4.7811884675e-02 -2.4726627496e-02 -3.7143401574e-02 1.2226064055e-01 -4.0421013656e-02 7.1401209484e-02 -8.8415033884e-03 -4.6879233335e-02 -7.2243846585e-02 3.8433231816e-02 -3.6692492891e-02 3.3724833488e-03 -8.2625711971e-02 3.9846800197e-02 -4.7699984979e-02 7.1833300132e-02
1.3635346679e-02 7.8454246605e-02 -5.6463578095e-02 -6.5026379403e-02 -1.1143913788e-01 -5.7460217212e-02 8.0778282332e-02 -3.9040302386e-02 1.1980662646e-01 3.1860894414e-02 -5.1746356222e-02 -1.0314202949e-03 -6.7153602926e-03 1.1901104380e-01 1.3139791398e-02 -2.2571238184e-02 1.5670812737e-03 1.3871921640e-01 -3.4284231931e-02
-2.1392599851e-02 -3.0759088585e-02 -7.1329570372e-02 4.1759683849e-02 1.8323601354e-02 6.7661924237e-02 -5.9648588442e-02 4.8039471626e-02 -5.5257831116e-03 -4.7786021309e-02 1.7568291192e-01 2.6911645704e-02 3.1714181564e-02 -6.6570811845e-02 -5.6208515572e-02 1.1434179021e-02 5.7341581514e-02 2.3345718299e-02 4.2408939311e-02
3.0946767466e-02 -5.1304239502e-02 -5.1868189112e-02 3.8887873552e-02 -1.5746387204e-01 3.9703884990e-02 -2.2539030675e-03 7.3689492518e-03 5.3472341643e-02 3.8553178154e-02 -3.5669727439e-02 3.6796757608e-02 -5.0920416375e-02 -4.7502275521e-02 4.9032804561e-02 1.3056492498e-01 5.8346887527e-02 1.7133541138e-02 -6.2902064788e-03
-3.7775609880e-03 -4.9279822870e-02 -4.3799200902e-03 -3.7037836042e-02 1.4013064125e-02 -6.3314852687e-02 2.4007297516e-03 2.1160941392e-02 -7.0104874432e-03 6.0036734218e-02 3.6748948586e-02 -5.4688513508e-02 1.6030327456e-02 -4.6016755830e-02 8.0319564236e-02 1.2022657993e-02 -1.6623561331e-01 -9.2063455835e-03 7.3103077536e-02
-5.3992232273e-02 -2.0191172402e-02 1.3443419209e-01 7.8748368903e-04 -7.7869666567e-02 -1.0261513829e-01 4.0731120059e-02 3.6831155454e-03 6.2004951560e-02 1.5638853941e-02 6.4821123876e-02 7.2063620574e-02 2.1661072157e-02 9.4936750601e-02 3.9441498687e-02 5.1405740085e-02 -3.5848329139e-02 -8.2208390270e-02 -2.3165272651e-02
1.8571730525e-01 2.2497330590e-01 -4.1845781752e-02 2.0711645277e-03 -1.6064528849e-01 -2.1097805319e-01 3.4476143515e-01 -3.6128210290e-02 -8.9015403072e-02 -2.3984572947e-01 -2.1753706532e-02 -2.3565275828e-01 1.9719645895e-01 -3.1586874709e-01 -2.1373265654e-01 -3.3770094555e-01 1.5770224258e-01 2.3972937028e-01 -3.0641583135e-01
-2.0863431851e-01 -1.6162118874e-01 -9.5401337700e-03 -8.0398981401e-02 -2.5809405713e-01 3.2334408220e-01 -2.1678930588e-01 1.3639550833e-02 2.0382170166e-01 1.7298633205e-01 -2.1987518573e-02 1.0002809992e-01 -2.0766554984e-01 2.6677781267e-01 2.9152769846e-01 2.2265804364e-01 -2.5882453127e-01 -1.7817441933e-01 2.9235205614e-01
1.2452609231e-01 3.6686364039e-02 1.0406309400e-01 -6.8056158264e-02 4.6195183667e-02 -4.0638168789e-02 6.9311919441e-02 1.0392366657e-01 -9.0161910208e-02 -1.8718268875e-01 3.0723602240e-02 -1.6579440322e-01 9.7573213224e-02 -8.1853654125e-02 -1.3218107937e-01 -6.6396301225e-02 -2.4170834459e-02 4.4318194006e-04 -6.8027264307e-02
-7.0089612926e-02 8.3177031933e-03 1.8551906313e-02 -6.3637779852e-02 -1.8775598194e-01 -7.8753345836e-04 6.4224867721e-02 -7.1143488971e-02 2.4382796578e-01 1.5224744128e-01 -3.0270544681e-02 1.3280709389e-02 -2.5720877675e-03 9.4844325210e-02 -3.9061167538e-02 -9.2872309005e-02 -7.4707806396e-02 -4.0756179230e-02 5.8499190647e-02
