4.9722523487e-02 -6.5654484606e-02 2.0129640027e-02 -6.7106835563e-02 -6.8016237098e-02 -3.8507298780e-03 8.2829772167e-03 7.8491895108e-04 -8.3597987906e-03 -4.3182562999e-02 -5.1327007380e-02 -2.2747077117e-02 -8.4559433497e-03 2.2160390147e-02 4.3684888987e-02 -8.7301156284e-02 -1.9004163397e-02 1.5022526152e-01 -5.1294330461e-02
1.4796808411e-01 5.6366176788e-02 1.9888850593e-01 -9.8457039103e-02 5.0601845681e-03 8.7574017775e-02 -1.4363146262e-03 -2.3089730240e-01 1.7872478374e-01 9.6107749280e-03 -2.7123077540e-02 7.5031670409e-02 -5.1460628192e-02 1.7490023045e-01 -1.6536680065e-02 1.1821177995e-01 1.2751233881e-01 -1.3696046884e-01 -7.4301530993e-02
3.4988871830e-02 5.8811842803e-02 2.7696529931e-02 -7.0331880879e-02 -3.4286873118e-02 -1.7849414318e-03 -5.1892563842e-02 -5.0982395415e-02 -3.4834809870e-02 -8.6363474445e-02 4.1891796382e-02 -4.8599162314e-02 -1.0998651175e-02 2.2955771990e-03 1.5238372664e-02 -4.8061161683e-03 -2.7499170572e-02 2.0392100875e-02 2.5308148439e-02
-1.1523669049e-01 1.6092036760e-02 9.2720855719e-02 6.7633963517e-03 -1.0796780177e-02 -3.9418727184e-02 2.9444413214e-02 9.6931888586e-02 -7.8047415654e-02 2.9370969179e-02 4.9929146616e-02 -8.0220744023e-02 2.1354664506e-02 -9.0314397224e-02 -1.3183773539e-02 -1.7007121210e-02 -4.5412951104e-02 9.2430112494e-02 1.8125071565e-01
3.3157946168e-02 7.8961829784e-02 1.2470650934e-01 5.9423443192e-02 9.0465730023e-02 -1.8676795724e-02 6.4790963898e-02 6.7820226258e-02 -1.0955092487e-01 -2.1619184406e-02 1.4936853209e-01 -1.0173393019e-01 8.0348294602e-03 4.6507115740e-02 2.7823040153e-02 -6.5230309421e-02 5.0665583166e-02 3.3558540793e-02 7.5940609189e-02
2.2777247429e-02 8.0804734967e-02 6.9308898818e-03 -5.4692068534e-02 4.8079134139e-02 -6.1087217648e-03 9.7315237900e-02 5.7161413500e-02 1.3971153251e-01 -6.9513591413e-02 9.9182045825e-02 -2.8695668908e-04 -2.8345343677e-02 -1.3908970239e-01 -2.5501562106e-03 -1.1064498119e-01 5.3509326290e-02 7.3527645726e-03 6.9416921264e-03
-8.9714251767e-03 -1.1769400251e-01 1.2486680391e-02 1.2331509538e-02 2.6273598550e-03 -9.3014952967e-02 -2.2862783602e-02 3.0728998534e-02 -1.3837554680e-02 2.3288851010e-02 7.8497170403e-02 -1.0320005396e-02 2.6245917344e-02 1.5623175938e-01 6.7484672685e-03 1.5344574502e-04 1.2386517065e-01 -1.1014640963e-01 2.2206420771e-02
-1.2524784133e-01 -1.3426128194e-02 1.6774743513e-01 8.7595579170e-02 -8.3478952816e-02 -9.0273504026e-02 1.1749247210e-01 1.1797323349e-01 8.6043428152e-03 -6.7092970192e-02 2.1906774301e-01 -6.6644904402e-02 7.2549061866e-03 -9.8389839602e-02 -8.4576349405e-02 -2.6060340586e-02 -1.5350577190e-01 1.5569383263e-01 3.0320392514e-02
-1.3598202451e-01 1.0950982221e-01 1.1405502178e-01 1.2572109722e-01 7.4948394652e-02 -1.4077581716e-01 1.6704028416e-01 1.0322040337e-01 -4.3214508826e-02 4.9790170212e-02 8.0634247354e-02 -6.6184509298e-02 -1.0560588035e-01 -1.4252276075e-01 -4.6450154648e-02 2.8221243635e-02 -4.2601924166e-02 1.9957212680e-01 5.0206476611e-02
5.7599949539e-02 6.3153323693e-02 1.6586634324e-01 8.7433201029e-02 -4.9909602660e-02 -7.7560360255e-03 1.9791010219e-02 5.6577402582e-02 2.6456640653e-02 -4.6679194066e-02 -3.7080378979e-02 -3.6630643660e-03 -4.8600654399e-02 7.0285694769e-02 -1.2282066855e-02 4.6997338742e-03 -3.5434989098e-02 1.7178109185e-02 1.2606205370e-01
-3.5374325578e-02 -1.6532054705e-02 6.4075411553e-02 -6.0222081030e-02 5.0952610681e-03 -1.3748135664e-01 -3.2261473120e-02 1.3957692358e-01 -5.6459877855e-03 -1.1411958435e-02 -4.7557504299e-02 2.6571424139e-02 -1.8812677600e-02 1.1696874424e-03 4.0628757791e-02 -3.9104796653e-02 -1.2982650143e-02 -7.5011104647e-02 -1.3989774272e-02
7.1613030671e-02 -7.3560730754e-02 1.1713750171e-01 6.7431018320e-02 4.9228994986e-02 -2.8492241400e-02 6.9185752589e-02 -2.4484783903e-02 2.3410275886e-02 1.3107577988e-01 4.0082684787e-02 -2.9047056447e-02 -3.9974006905e-02 2.6179644157e-02 -9.9824775484e-02 -1.2682637738e-02 -3.3696032538e-02 -4.6460477286e-02 6.0316273860e-02
-1.1897674299e-01 -1.8713947069e-02 1.6374019003e-01 -1.3069116105e-02 -6.7506740312e-02 -6.3826646310e-02 2.7161148671e-02 8.1250102486e-03 1.1356163261e-01 3.1654145796e-02 9.1844284964e-02 -6.1511407763e-02 -1.6592892462e-02 -7.5365310004e-02 -1.0892919693e-01 -3.6110725250e-02 2.3830491437e-02 5.9708011764e-03 1.4514539197e-01
-1.2867376484e-01 -1.0059909137e-01 9.6910665839e-02 1.6934445484e-01 2.8590068908e-02 -1.5166230405e-01 2.3935352947e-01 2.0166600940e-01 -6.1692778483e-03 2.0798359327e-03 2.6401390504e-01 -5.2249976535e-02 -6.3232777319e-02 -2.0799506339e-01 -2.1902708445e-02 6.8496535443e-03 -2.2371817796e-01 1.4942569283e-01 1.5435881315e-01
-1.4830947207e-01 1.0951222280e-02 2.0458798499e-01 3.6085365124e-02 -6.4453007572e-02 -1.4292107668e-01 9.7702696762e-02 8.1568379956e-02 5.4950508087e-02 6.8809602032e-02 1.4151090158e-01 -4.4270348338e-02 -4.5785839125e-03 -2.0948431952e-01 -2.6255846598e-02 3.9598217511e-02 -1.4514236746e-01 1.7437218125e-01 9.4919095219e-02
2.0686450012e-01 2.1965001652e-01 9.3804698354e-02 -8.4888274406e-02 -2.6934690628e-02 1.2417984947e-01 -1.7165590665e-01 -1.1037996620e-01 1.0102398351e-01 4.2332645445e-02 -3.0925060222e-04 1.0525424263e-01 -8.1387195613e-04 1.3493325826e-01 -2.9663377244e-02 -5.9902451924e-02 2.0233299478e-01 -1.1110888657e-01 -2.0062054480e-02
7.8442430518e-02 9.4511870665e-02 4.0612714786e-02 -2.2394552909e-02 4.8179787686e-02 1.7366968085e-01 3.1349114243e-02 -9.2067614220e-02 1.1605722019e-01 -1.0222387004e-01 -1.0867515594e-01 5.3128337035e-02 6.2737274578e-03 -2.2104401936e-02 -6.5823498318e-02 -1.5721182116e-02 1.0360536544e-01 -6.0498203025e-02 -1.0921550230e-01
-2.3216357579e-01 -5.7440861175e-02 4.2158440407e-01 2.7740201351e-01 8.6254182863e-02 -2.4942314737e-01 1.9104637168e-01 3.1346057929e-01 4.1540562846e-02 -6.0376016446e-02 2.4695024472e-01 -1.5432828160e-01 3.8525159297e-02 -2.2449212421e-01 -8.3710762373e-02 -1.0163895225e-01 -3.6933688830e-01 2.7441134771e-01 2.6806004612e-01
8.5872315201e-02 -2.9730442109e-02 -7.0130766238e-02 6.3604806418e-02 -9.5258845864e-02 -8.6622493216e-02 -7.3544820010e-02 -7.1018169049e-02 2.6774615131e-02 5.2166584710e-02 1.8734581729e-03 -1.8958451156e-02 -3.6320510826e-02 -1.1630354913e-01 -7.0280577481e-02 -2.5660912898e-02 2.1555679675e-02 -7.5190359471e-03 -4.4382857804e-02
