-1.5500586664e-02 5.3362632037e-02 -9.1581053292e-03 8.0434685517e-04 1.2250500769e-03 9.4600061559e-02 -5.3722996157e-02 1.3632449220e-02 1.0761710134e-02 -2.8507305801e-02 4.7301806283e-02 -1.3750514357e-01 1.7573979039e-02 -1.5857463988e-02 -3.3253538094e-02 5.0164562671e-02 7.6663559409e-02 -5.2897961576e-02 -1.7660267470e-02
-1.9100844351e-01 2.3122472548e-01 -1.5144144609e-01 2.5198962269e-01 1.6016681910e-02 1.2082173938e-01 1.1130266370e-01 -3.4036240865e-02 -9.3001771906e-02 2.3884349358e-01 -4.6662707990e-02 9.9931019816e-03 -5.8634101210e-02 3.7169645094e-02 2.3224263469e-01 2.0922287179e-01 2.6611006502e-01 -9.3666172295e-02 -1.2553607633e-02
1.5238169808e-03 4.6020472073e-02 1.2463210795e-02 -4.9842779803e-02 2.0469252276e-02 1.1442652768e-01 7.5423744454e-02 1.5352857144e-03 -1.2570852131e-02 1.0280569560e-01 9.2140379367e-02 -1.0544037513e-02 -1.3209319340e-01 3.7626839727e-02 -7.6547216409e-03 -3.6963397032e-02 4.2998707726e-02 -1.1244814733e-01 -6.5243240154e-02
2.3230624616e-01 -8.8774332468e-02 1.1875631882e-01 -1.2282989645e-01 6.6828146533e-02 -8.7345295366e-02 -1.2025125164e-01 -1.0442890088e-02 3.9491357744e-02 -1.3150061505e-01 -6.1833358759e-02 -5.1268296398e-02 1.1392044535e-01 -4.0828664255e-02 -1.4647873668e-01 -6.0537767896e-02 -1.4531536499e-02 1.3037679225e-01 -1.0944969569e-02
1.5802021155e-01 3.7920041557e-02 1.0908250254e-01 1.2154473494e-01 5.5995960910e-03 5.2152881983e-03 -3.6353289280e-02 -1.2400437693e-01 1.7682012982e-01 8.6079326562e-02 -7.1195113687e-02 -3.3440681713e-02 1.3574169101e-01 9.3978228248e-02 -2.6595870581e-02 4.6901440481e-02 5.1749956543e-02 5.9233476944e-02 -3.1169447010e-02
-6.4013065215e-02 -2.1823237372e-02 2.9158759076e-02 8.9603502402e-02 -2.5574127357e-02 -1.5533585046e-03 2.2587275600e-02 -5.7589753427e-02 1.0174565523e-01 3.3394434603e-02 -1.0550721715e-01 4.1995305457e-02 1.4641186991e-01 3.0137476513e-02 1.3004877187e-02 9.6313004476e-02 2.4859537629e-01 5.1461690131e-02 -1.0279118903e-01
-1.9255299284e-02 4.7861407977e-02 -5.1489784703e-03 2.2211078662e-02 3.8877599568e-02 -9.6908072719e-03 1.0993524611e-01 5.3605471162e-02 -3.0731389565e-02 2.0272003010e-02 -7.5698259971e-02 -6.8748390191e-02 2.1326655174e-02 -5.4151322028e-02 4.5954155056e-02 -4.2393498458e-02 3.4464901612e-02 -9.1350950506e-03 1.5352742216e-01
3.2942157548e-02 -5.0435390469e-03 1.4267855596e-01 2.1834355408e-01 1.3687086042e-02 1.2721316621e-02 -5.6681364284e-02 -8.4412573985e-02 2.2572244563e-02 -9.4864305228e-02 -4.9450013290e-02 -3.1143665809e-02 9.3608654969e-03 4.4034241049e-02 1.0742471258e-03 1.1017938928e-02 1.7330606371e-01 1.1084884882e-01 -8.6494319025e-02
-7.3886200658e-02 8.1399880474e-02 5.3620842653e-02 -2.1564112914e-02 -2.5115608577e-02 8.6469807688e-02 4.9751870127e-03 -2.4086981008e-02 -1.0710544681e-02 8.0696381064e-03 2.4728528031e-02 7.9454251064e-02 7.1422028844e-02 -2.8848995864e-02 -1.3430863625e-01 1.5023553837e-01 7.1974557469e-02 1.7527527754e-02 -5.9408745423e-02
4.4198367998e-02 4.3876280269e-02 6.1479486131e-02 -6.7204817232e-02 -1.0272397804e-01 -3.5747869118e-02 -3.8460550030e-02 2.4450349151e-02 6.2782168590e-02 9.8447746430e-02 -2.5645914584e-02 -9.3444826954e-02 1.1673446699e-01 -4.5719829126e-03 3.6191757036e-02 -1.5515878639e-02 4.9592984359e-02 1.6415441236e-01 -4.8171126131e-02
-9.6734475101e-02 1.4216676563e-01 -1.2614750007e-01 5.2090175165e-02 6.2283775744e-02 4.9554548516e-02 7.1597186467e-02 -1.2802663220e-01 -9.1730414643e-02 1.0962181924e-01 9.1776190062e-02 -2.7341387492e-02 7.3899866388e-03 -4.5926867414e-02 1.9477408093e-01 2.6708430573e-01 2.1384987533e-01 1.4346566640e-02 -4.6788814386e-02
1.9678050329e-01 6.0192521674e-04 1.7974647424e-01 -1.0001001986e-01 1.0602427230e-01 -1.3549006650e-02 -1.3162073564e-01 -5.1301066162e-03 1.3162055459e-01 -5.5795838705e-02 1.2164252774e-02 -4.3636358811e-02 1.2408255314e-01 -1.9227392288e-02 -5.9180997902e-02 -9.5039863700e-02 1.5930772741e-01 1.3792986318e-01 -8.1056672025e-02
-4.6936031235e-02 -4.5486116504e-02 4.1168352217e-02 4.3614762352e-02 -3.2192092508e-02 3.5216128811e-02 -2.8940924300e-02 3.4693866946e-02 -1.1785419107e-02 -3.1797025418e-02 2.0749906132e-03 -5.7513070963e-03 -8.4347621317e-02 -9.7962298379e-03 2.0155570016e-04 1.1277272935e-02 -1.0032807928e-01 -2.2316078295e-02 -3.6323898818e-02
2.0406517203e-01 -1.3458426207e-01 1.4806850653e-01 -6.4924486896e-02 5.7062275381e-02 -9.7861687983e-03 -1.8126023964e-01 3.2545414834e-02 1.9028091061e-01 2.3694566690e-03 7.6530163266e-02 2.1324498144e-02 2.5304347137e-01 5.5126921484e-02 -1.4203319659e-01 -1.6202477894e-01 1.2235598699e-01 1.4726980340e-01 -5.6404285458e-03
1.0493699595e-01 -1.3385465540e-02 1.8635535831e-01 1.6664515303e-02 1.3240097773e-02 7.9736085742e-02 7.4938884954e-02 -5.3229011624e-02 1.7838963902e-01 -5.1884535151e-02 -5.7694972623e-02 3.6366112341e-02 1.8077856310e-01 7.3115232938e-02 -5.3330994413e-03 9.7947324399e-02 1.3777216542e-01 1.6452409081e-02 6.3352562699e-02
9.6233210867e-02 2.3572839676e-02 1.9079643481e-02 5.8943111795e-02 -3.9802192104e-02 -4.3891595375e-02 6.5979687425e-02 2.9712075837e-02 -9.2937597836e-03 6.7021257430e-02 7.4672899224e-02 5.0540258310e-03 1.2630560936e-01 -3.6575594060e-02 -2.4690539224e-02 5.7480233900e-02 9.9489326418e-03 1.0197977948e-01 -4.5268648755e-02
-1.0445769771e-01 1.4220357488e-01 1.0850554581e-01 1.7384983580e-01 1.9070446621e-04 4.7132060054e-02 1.5192715331e-02 -1.1788504886e-01 -1.4448632858e-02 5.2114304064e-02 -5.1778481920e-03 2.9261554394e-03 5.8496475723e-02 -5.9122718295e-02 1.6936461039e-01 4.9505815312e-02 1.8162470206e-01 5.8671529682e-02 -8.9433595414e-02
1.3668800594e-01 -1.3656842488e-01 1.9981902830e-01 -1.0739431266e-01 -6.3316791505e-02 -7.2680345944e-02 -1.4262658871e-01 -8.4143855960e-02 5.1629144762e-02 -1.8199365042e-01 7.8531453203e-02 3.4279332409e-02 1.9857516275e-01 -9.9197902388e-02 -6.9186418669e-02 -1.0383594513e-01 6.7753386218e-02 2.0648238581e-01 8.0793233941e-02
1.3154621935e-01 -4.2684203134e-02 1.4346258066e-01 -4.8197647086e-02 -4.1133325423e-02 5.2079911484e-03 -6.7700370460e-02 -1.7761035312e-01 5.4135945959e-02 -1.0867079000e-01 2.9123293603e-02 -7.7280409108e-03 2.9854686957e-01 -1.2176316290e-01 -5.7815196785e-02 -1.4415921048e-01 1.1779736241e-01 1.3633283418e-01 -1.3833010689e-02
