-5.9490886574e-02 4.1127634415e-02 5.6676688874e-02 6.7362410865e-02 9.0335718664e-03 -1.1565009413e-01 -2.1665448818e-02 2.7106801813e-02 1.8389418374e-01 7.5619169399e-02 -1.2856835668e-01 8.4544175419e-02 3.3726508211e-02 -2.3109149345e-02 3.6081658356e-02 5.2900121660e-02 -3.4537346554e-02 1.4480461094e-01 -4.8409528255e-02
-8.4146300164e-03 -4.1282878759e-02 -1.5951408149e-01 -9.1289740307e-02 1.4837147138e-01 -4.1424732779e-02 1.3577116332e-01 2.2725844025e-01 -1.1781033466e-01 -1.3668779688e-01 -8.4914650597e-02 1.9404455248e-01 1.2943891417e-01 3.5797882088e-02 1.8817219064e-02 1.0248149453e-01 -1.7667374885e-02 -3.9427971888e-03 2.8716738754e-02
3.6107201058e-02 -9.1590312026e-03 2.3425090513e-02 1.3866440195e-02 7.0679897634e-02 4.7798392051e-02 1.0175370857e-01 6.3602171438e-02 -6.6317120839e-02 -1.6438953698e-01 -7.8551499764e-03 4.7905008043e-02 1.0109792669e-01 6.0816292510e-02 5.3830499304e-02 1.0708789698e-01 -2.3665656253e-03 -2.9607840882e-02 1.2495310321e-02
2.9297775183e-02 3.0704387824e-02 1.1022677827e-01 2.0177027084e-01 5.3488848434e-02 8.8488349919e-03 -1.2273506880e-01 -3.1553887221e-02 1.8881275403e-01 7.1391571538e-02 -2.6388534269e-02 -1.3543422601e-02 -7.5524814739e-02 2.4009523158e-02 6.3211817742e-02 -1.8654329620e-01 2.1081228327e-02 1.5904730540e-01 2.4558718499e-02
-2.2146739659e-02 8.9978074947e-02 -4.0272040433e-02 3.5818909270e-02 -7.7773985820e-03 -2.3698175271e-02 -3.9609099213e-02 5.4480153369e-02 4.6654664346e-02 2.3944530510e-02 -1.7827649126e-02 -1.4369364232e-01 4.1070059305e-02 1.9933401303e-02 6.8338731806e-03 -6.6290458412e-02 1.1808005006e-03 2.2031975898e-02 1.7233619195e-02
-4.9448849149e-02 3.3568087326e-03 -9.8963140872e-02 -1.4348566044e-02 1.5017913306e-01 -7.8321209619e-02 1.6224766559e-01 1.1240381111e-01 -9.5374350180e-02 -1.0066315095e-01 -2.1334373991e-02 1.4794454938e-01 2.6820419916e-01 -1.8063444899e-02 -2.0904888553e-02 1.4289731841e-01 3.4222633889e-04 -3.6280206298e-02 -8.3447991216e-02
-2.9120296872e-02 -1.0452502894e-01 5.2986287010e-02 2.5695767833e-01 -1.0995249629e-02 -5.2295041897e-02 5.9131976975e-02 -5.3097956176e-03 4.1489052714e-02 8.7713019827e-02 -2.9131614306e-02 5.5624343576e-02 6.8595774000e-02 -1.8341145560e-01 1.3118406081e-01 -6.0458263214e-02 6.0512227010e-02 1.9620567895e-01 -1.0137020334e-01
1.1097119850e-02 -1.7191287212e-02 -3.9425539265e-02 -1.1238913220e-01 4.9625270847e-02 1.1498017582e-01 -6.4550745531e-02 -7.6839118182e-02 8.4278222595e-02 1.3073231438e-04 -3.2558997257e-02 3.2217528392e-02 6.6493548562e-02 -1.4345290572e-01 3.5658773838e-03 -6.4092538473e-02 -5.5845889801e-02 -4.8022053225e-03 -1.8714565922e-02
-1.7635286360e-01 6.7920188168e-03 1.3903814791e-01 2.1812676613e-02 -8.1335400913e-02 -1.4254124569e-03 2.3045666121e-02 4.1430226035e-02 1.2420626735e-02 -2.8279712219e-02 8.9642893381e-02 9.3961875238e-02 8.3100790234e-02 -1.0072364926e-01 -1.6383905060e-02 7.5660884066e-02 2.4527173376e-02 6.6892126478e-02 -1.5549557345e-02
1.7388453780e-01 7.8424891342e-02 -5.1358759435e-02 -8.1656876207e-02 7.8921144836e-02 -7.6757578043e-02 1.2753868059e-01 1.0502886499e-01 -1.2770603301e-01 -1.2676273434e-01 3.7683019186e-02 9.5959178918e-02 2.2981920065e-01 7.2622409357e-02 -1.1979807692e-01 1.5311999077e-01 4.3920302737e-03 -1.6887536833e-01 1.0532274730e-01
-5.1045026895e-02 4.1926865111e-02 1.1700043833e-01 1.1626448863e-01 1.6821176174e-01 -8.6296637964e-02 -9.7085306931e-02 7.3961254295e-02 1.2584529178e-01 1.8662246102e-01 -1.4172892281e-01 -4.4234473663e-02 4.7016309549e-03 -2.5785096377e-02 1.1870657068e-01 -1.8162921551e-01 -8.6496299892e-02 1.1659460793e-01 -5.5240067373e-02
-2.3716798109e-02 -3.2019739737e-02 1.1075761802e-01 -2.5918258067e-02 1.3371582742e-01 -4.1278071540e-02 1.3740273088e-02 -6.4611554875e-02 1.1220626798e-01 6.1633824212e-02 -4.4881271166e-02 8.8055940971e-02 1.5653624458e-02 -9.2633453189e-03 7.7391720421e-02 2.5062385516e-02 -8.5107419641e-02 1.0328420878e-01 5.4469571446e-02
5.5161545833e-02 3.9646846142e-03 -4.5516683424e-02 2.3383190040e-02 -6.1573669807e-02 5.0284223200e-03 -1.3125605296e-01 5.0233358733e-02 3.9447509540e-02 -6.5921820824e-02 -1.9067405548e-02 9.6379460895e-02 -5.2459766605e-02 -4.1247825973e-02 3.1680561617e-02 3.1258911162e-02 2.5785806276e-03 -3.1421960056e-02 1.0418350432e-01
6.1303238137e-02 2.7535410848e-02 -2.4809138662e-02 1.2902136515e-01 1.1872272725e-01 -2.6696433566e-02 7.6912372898e-02 5.4939314252e-02 4.3671602400e-02 9.3086994492e-02 -1.4301436111e-01 2.8573938818e-01 4.0796754785e-02 -6.5715380209e-02 9.0708176340e-02 -1.3947212369e-02 2.3686006768e-02 1.6033971006e-01 -9.1172466667e-02
6.7720951201e-02 -3.8006537709e-02 9.2754607858e-02 1.6333472967e-01 7.2379965428e-02 2.8285713327e-02 -6.9711968725e-02 7.8559102521e-02 1.4897227880e-01 1.4939664535e-01 -5.8205715713e-02 1.0862973603e-01 1.1879113816e-03 -4.8785356469e-02 1.3000888052e-01 -1.3299420699e-02 -1.2894581682e-01 1.6957053049e-01 -1.8805935163e-02
5.0855263313e-02 -8.4976922415e-02 -8.0672324146e-02 -9.3080248364e-02 2.8126847651e-01 -4.4501351598e-02 1.5378275677e-01 2.2729204587e-01 -2.2318930273e-01 -1.6874132849e-01 3.2331557757e-02 2.4970761021e-01 2.3692787925e-01 2.3752135261e-01 -7.1896552324e-02 1.4194610160e-01 -4.9984029454e-02 -7.3143064105e-02 -4.2050089811e-02
-3.6621306827e-02 -1.6200012788e-01 1.1254240854e-04 5.8479002387e-02 -8.6419434618e-02 1.3977418643e-01 1.1864033808e-02 1.7369860174e-02 1.5596163960e-01 1.2789133330e-01 6.9578078323e-03 1.1870534284e-01 3.0055549496e-02 -9.9900406618e-02 7.4618444339e-02 -9.9206741595e-02 2.0294920483e-02 1.4399175340e-01 2.8606557872e-02
-7.9358791114e-02 -2.3470856032e-02 -1.6736490703e-01 -6.0054867171e-02 1.2459698267e-01 -1.6124581035e-02 1.0818391481e-01 1.4241584928e-01 -4.9415583226e-02 -1.3201597965e-01 -4.2417637313e-02 2.2846492082e-01 1.5118740496e-01 1.7922542258e-01 2.6399251153e-03 8.8668248601e-02 -3.9825140512e-02 -2.9256111867e-02 -6.4355246213e-02
5.6115948217e-03 -6.8094096222e-02 -2.0640277278e-01 -1.0324597888e-01 2.5220944909e-01 -2.0544987147e-02 2.1585561932e-01 3.0105724919e-01 -2.3723357746e-01 -2.0098210280e-01 -3.8751029133e-02 3.0056218239e-01 2.9988646129e-01 1.9042407255e-01 -1.5284887717e-01 3.2955585689e-01 -6.3263664672e-02 -1.1621331343e-02 -2.6010146258e-02
