3.3591652397e-02 3.1232862802e-02 -1.5157038905e-03 2.6543114798e-02 1.5978143519e-01 4.9458009689e-02 4.9269588638e-03 2.1922050317e-01 7.2246896585e-03 2.6541835835e-02 1.5992575185e-02 1.1884434595e-01 5.8106238415e-04 1.7895339807e-01 1.7823269604e-01 1.8415010180e-01 1.7902198434e-02 8.9677750073e-03 1.1106354501e-01
1.6552322764e-02 6.1432786619e-02 -4.6240716997e-02 -1.1193711510e-01 1.8179359751e-02 1.2948636274e-01 3.5184402455e-03 2.5411168400e-02 -7.5552226528e-02 2.5113342997e-02 -7.1894863437e-02 2.9488985429e-02 1.6722024460e-02 3.7794414517e-02 2.7414852078e-02 1.1685300970e-02 -1.2717907692e-01 1.1303882659e-02 -7.5058514503e-02
-3.3840089220e-02 7.7602322453e-02 -7.3875742176e-02 -7.2566078280e-02 1.1920164828e-01 2.3085462879e-01 -3.8938789597e-02 8.9709219591e-02 2.5459026067e-02 -9.6288420447e-02 4.7181849839e-02 2.0643225305e-02 -8.8184819823e-02 7.3946766502e-02 2.6228325522e-02 1.4849915469e-01 1.6026998317e-01 -1.1276413038e-01 -2.2229922120e-02
-1.9700164704e-02 -2.9287717055e-01 5.0426450668e-02 2.1939377358e-01 1.9782639386e-01 2.3943807446e-01 8.2662615598e-04 1.9076750579e-01 7.3126390128e-02 6.4382512755e-02 -1.6346708703e-01 2.2744787432e-01 4.6055489570e-02 2.6444679278e-01 1.9968934572e-01 1.0667210996e-01 -8.2398231766e-02 3.7324991613e-01 2.0550891997e-01
9.7489528353e-03 -1.2744838367e-01 -9.6517512362e-02 1.4083287674e-01 2.4097052989e-01 9.6643495838e-02 5.3419540115e-03 5.5259442688e-02 4.6069093632e-03 1.0573199653e-01 -1.3673487598e-01 2.3251698383e-01 -2.5101989388e-02 1.0260490075e-01 1.6602871302e-01 1.3251042466e-01 -5.7324592346e-02 2.5408851873e-01 1.3138405061e-01
-4.3398299468e-04 -6.9794116565e-02 -2.5630023353e-02 1.7975867303e-01 1.6204251266e-01 3.8973102155e-02 4.7983987095e-02 -3.8957301729e-02 -5.5809722739e-02 -3.3481335524e-03 -8.0615786366e-02 1.0488786558e-01 4.9153692618e-02 1.4961180868e-01 9.5087489978e-02 9.5938145047e-02 7.8242446975e-03 2.0791254022e-01 8.7717920518e-02
5.8532462744e-02 -5.5119823953e-02 -1.1507271086e-01 2.0249229698e-02 4.1074394980e-02 3.8249324271e-02 2.3971438693e-02 1.0179623642e-01 5.6170962902e-02 -7.3925123369e-02 6.5831823351e-02 -2.5264240904e-02 -4.5721215311e-02 7.4131702978e-02 -1.6066018935e-02 1.3006922676e-02 6.6662669854e-02 4.0617145252e-02 2.8126044132e-02
1.0745038954e-01 -4.4172605227e-02 -3.8587795481e-02 -7.5691300630e-02 -5.9349420001e-02 -5.7659996273e-02 -7.7288826099e-02 1.2080061308e-01 -8.3277014938e-02 -5.0519219672e-02 -2.0805085509e-02 6.0281124163e-03 -1.1866241416e-02 8.2402838881e-02 -9.1130085768e-02 -8.4401651335e-02 -1.1327391015e-02 -5.9117509925e-03 -7.2735707636e-02
1.0140096767e-03 -3.0046249637e-02 -3.3200759670e-02 7.2815594158e-02 1.0349127242e-01 6.3842242258e-02 -6.6749301048e-02 2.0389270708e-01 -2.0685826185e-02 1.2514833059e-01 -8.4478838962e-02 1.9750537845e-01 -3.8492138450e-02 1.1244401943e-01 1.5357414783e-01 1.0633856318e-01 -8.2691486586e-02 1.1625420902e-01 1.6033609871e-01
2.1745309420e-02 6.6342256693e-02 -7.0478386500e-02 -2.5692917729e-02 6.1780715012e-02 5.3011701844e-02 -4.4214713995e-02 5.3001838121e-02 -2.1028645480e-02 -2.3143682304e-02 -4.6113526125e-02 -7.9580652909e-02 -1.6095807146e-01 3.7822961151e-03 9.0358590751e-04 -6.7039676557e-02 4.9806883328e-02 2.8410714746e-02 3.7536931771e-02
-8.2839629760e-02 -3.2392897106e-02 -2.2182919283e-02 1.9224878093e-02 7.0228258317e-02 8.7467750247e-02 -2.3973432117e-02 -1.3525754604e-02 -4.2520065531e-02 3.7993403561e-02 -1.2437277360e-01 8.1214071806e-02 -6.5132044275e-03 9.4385327766e-02 6.2324575538e-02 2.1400399171e-01 -1.1662479280e-03 -2.3607834330e-02 1.5458180770e-01
3.3273917138e-02 -1.9995780545e-02 3.6403243069e-02 -1.3157811451e-03 -5.5062507045e-02 -2.5517066258e-02 5.5714217880e-02 8.8040700605e-02 -6.0581567202e-03 3.1375636531e-02 -2.7861803426e-02 9.6017116063e-02 -2.6220999257e-02 6.7241615421e-02 -2.2682844662e-02 1.7264906645e-02 3.9861946438e-03 3.8754455016e-02 2.8184813668e-02
-4.7290293136e-02 1.9916122681e-01 -6.8965788193e-02 -1.7675761060e-01 3.0619062935e-02 3.5000167837e-01 2.5834631992e-02 1.4953728174e-02 -2.7188996679e-03 -1.0487056108e-01 2.3343558507e-01 -1.4991717527e-01 -3.7510117807e-02 -8.3607878872e-02 -8.6621276995e-02 3.5559865806e-02 2.5768183881e-01 -1.8959939939e-01 -2.0895060596e-01
1.0370444037e-02 2.4694276170e-01 -1.0939613474e-02 -2.9852541101e-01 5.9442207619e-02 1.5760184953e-01 -5.7214253632e-02 -6.6754652730e-03 -6.0399710158e-02 -4.0532074657e-02 3.5471330556e-01 -1.1052242894e-01 -4.0582092718e-02 2.4920176280e-02 1.1139345715e-02 2.1260916674e-01 1.9569512413e-01 -9.0164518239e-02 -1.4608244864e-01
3.4428644096e-02 -1.4012986091e-02 -1.5281947565e-01 3.1203131465e-02 6.4779080761e-02 2.7400930765e-02 -3.6877639235e-02 2.0516312031e-01 -1.1769084748e-01 4.3086686629e-02 -7.0690259913e-03 7.2047335638e-02 -3.7213165387e-02 2.6365809170e-02 1.6737523067e-02 8.3968913579e-02 2.1427976751e-01 -9.4601194392e-02 6.1911885332e-02
2.4967927038e-02 2.1633210865e-02 -6.8398506246e-02 -3.3668542756e-02 9.7807670195e-02 3.4939658643e-02 -4.5560462753e-02 -1.3948468625e-01 -4.0664792590e-02 1.0451310366e-01 -1.6367831423e-02 -1.8417173855e-02 6.8986554771e-02 2.7430028668e-02 1.0247942859e-01 1.3110439150e-01 -6.2777070763e-02 -2.4904748070e-03 -4.8413975441e-02
-1.6666274347e-01 -9.5393217397e-02 3.9672733153e-02 1.7712954177e-01 1.7856656745e-01 8.6375949274e-02 1.3909835994e-02 8.5501683045e-02 -1.0786703169e-01 7.2081008804e-02 -1.1030894222e-01 1.6388084017e-01 -7.6130467656e-02 1.0383182848e-01 2.2860974523e-01 1.2289149855e-01 -6.3774565259e-02 2.1390813743e-01 7.9933893794e-02
-1.3282577805e-01 -1.4930991543e-02 3.1110848375e-02 -2.2646255022e-02 1.4017910336e-02 -2.9397395394e-02 1.8959037314e-02 -5.7850274956e-02 -1.6388585198e-02 4.9718265097e-02 -3.1009901229e-02 6.9654465457e-02 -5.8005088365e-03 9.0658966912e-02 -1.4933196861e-02 2.3893008557e-02 -1.4612661307e-01 -8.4731766100e-02 -2.7516548482e-02
3.5404738983e-02 9.2958425152e-03 8.0249127219e-04 -3.7903513977e-02 3.5747442635e-03 2.5734461612e-02 -4.3761352915e-03 -2.8305037382e-02 3.1108349049e-02 1.2047915550e-01 -9.0494669978e-03 2.8565718555e-03 1.0677736467e-01 1.1033576811e-01 5.2675671505e-02 6.0833253520e-02 -7.2309160436e-02 1.2898758627e-01 9.9947052306e-02
