-1.4673317037e-02 9.4982857055e-02 -1.1302063279e-01 8.6119413132e-02 5.9879473995e-02 3.6934911397e-02 -5.3629090811e-02 1.1452887164e-01 -9.3864679019e-02 1.0388288982e-01 -1.0651341309e-01 -1.6268035460e-01 9.9652038698e-04 4.8212894073e-02 1.3697295365e-01 9.6580238679e-02 9.0546245862e-02 -3.3543683065e-02 -1.3598793349e-01
1.5784657610e-01 -1.5996496270e-01 -5.8783475912e-02 7.6010783423e-02 4.8664055816e-02 -7.0185470820e-02 7.1386791710e-02 -1.2325923014e-02 -7.1959293631e-02 1.2449303704e-01 7.9250115076e-02 -1.2736689475e-02 -2.3317807044e-02 1.5409282439e-02 4.7663813540e-02 4.9534021242e-02 1.0992970039e-01 4.1532863459e-02 -5.6652561064e-02
-2.8606870271e-02 -3.6212174277e-02 3.5233508998e-02 3.4477866235e-02 2.9906913867e-02 -7.7149526509e-02 -3.2172337675e-02 5.4091682546e-02 1.0395442975e-01 -6.2738177458e-02 -1.0707293641e-02 -8.8873700985e-02 -8.8932683275e-02 5.9792542813e-02 -6.6822390414e-02 5.4536906906e-04 -1.5871637876e-03 4.7909990101e-02 -6.1662812911e-02
-7.1280542750e-02 1.7170680185e-01 7.7109512132e-02 -5.1059197713e-02 3.2675066456e-02 4.5060833900e-02 -9.5531972464e-02 -1.1563777161e-01 4.2800708162e-02 -3.9466168711e-02 -2.2707246921e-02 6.8503475136e-02 5.3440898160e-02 -3.6964095620e-04 -1.2638401122e-01 9.3790426434e-03 8.3609625620e-02 -5.2843600672e-02 3.7340525061e-02
-1.4001651818e-01 -1.8242794232e-02 2.3251604517e-02 -3.5155121475e-02 -1.0108327764e-01 -5.5257733363e-02 9.4003112012e-03 3.4883956797e-02 9.6606931888e-02 1.7999147834e-02 -2.2518357613e-02 1.2994038458e-01 -5.1969988247e-03 1.2310941478e-03 2.2183708700e-02 -6.8821935555e-02 -5.7031450379e-02 -7.4209618330e-04 -5.3772136164e-03
4.8189529468e-02 4.2861723930e-02 9.0837110987e-02 6.3888242870e-03 -2.7122677388e-02 7.0412340721e-02 9.3557211611e-03 -1.2198524047e-02 1.8062202860e-01 7.7578065901e-03 3.4887943296e-02 9.3915794437e-02 1.6048190617e-02 -3.7360327214e-02 1.1293166098e-01 -1.1615375867e-02 6.3276929214e-02 1.3643319391e-01 -3.8265765178e-02
2.8179587127e-01 1.2361452693e-01 -2.2142397274e-01 1.9022820665e-01 1.0978909661e-01 6.3715057195e-02 -1.7768527597e-01 2.4281301034e-01 -1.9602948830e-01 2.2649607610e-01 -3.8328186024e-02 -2.0611751180e-01 1.1114226795e-01 -1.5083543457e-02 -3.9583027730e-03 1.6988824744e-01 1.8643534440e-01 7.5558833950e-02 -4.1387070636e-02
-1.8596793111e-02 1.5343074522e-01 -6.1448044489e-02 2.9377343586e-02 -2.7931940101e-02 -2.6245593367e-02 2.4105473304e-02 5.3478795082e-03 1.2766983852e-02 -5.9593116785e-02 -3.3238014299e-02 -1.1837213168e-02 1.5187255954e-02 2.1631283021e-02 5.6225183537e-02 1.0632238037e-02 -1.3397276587e-02 -5.0951307929e-02 8.1481625131e-02
-3.1070880943e-02 -1.3405126248e-01 3.5567511387e-01 -2.3469203557e-01 -2.7608716480e-01 3.5044956920e-02 3.2066049062e-01 -1.8876377965e-01 3.4372503334e-01 -8.9764304677e-02 1.5023061505e-01 3.5625555583e-01 3.5311692506e-03 6.5870537591e-02 2.3950186908e-01 -4.2442533115e-01 -2.1894309259e-01 2.5639270969e-01 -2.5258102936e-02
1.4304123695e-02 -7.7529514138e-02 3.2942996547e-01 -2.3822069254e-01 -1.5199620688e-01 1.7295851563e-02 3.5751074758e-01 -1.0576988257e-01 3.5208982608e-01 -1.8464398901e-01 -4.2385326151e-02 3.5922884485e-01 3.2011767454e-02 3.9035699277e-02 2.8084218670e-01 -2.6320337820e-01 -3.2898855296e-01 2.5333143399e-01 8.2292337156e-02
-3.9997278898e-03 -2.9410154426e-02 -1.6304590320e-01 -1.0626916486e-01 1.0210750162e-01 -1.1385289915e-01 3.4440760358e-03 8.1546321941e-02 1.0908053034e-02 1.2544654964e-02 -6.0103163448e-03 -6.7973409978e-02 1.0302401153e-01 9.2834389298e-03 8.4258012553e-02 -1.4343355756e-01 -1.3598258350e-02 1.0493031180e-01 1.2354197617e-01
1.7809065817e-02 -1.3826870372e-02 3.4032773931e-02 -1.0608397864e-01 6.6557738653e-02 2.8825383836e-02 1.3644236152e-01 1.7960793809e-02 -3.5650143751e-03 1.2305329757e-01 3.2684317295e-02 -2.1599090288e-02 8.9154791120e-03 4.2033464549e-02 2.7517364494e-02 -5.6223437455e-02 5.5484215972e-02 3.9004018448e-02 -1.2147994921e-01
1.0721583747e-01 -9.0321318327e-02 -1.4166671862e-01 7.8765234123e-02 1.3186433364e-01 5.2877005737e-02 -9.5613868000e-02 1.8738995927e-01 -1.3263823569e-01 1.9168588107e-01 6.7425598436e-04 -1.4569447924e-01 -7.2965734134e-02 -3.4675087407e-03 4.9124476050e-02 9.5021638443e-02 1.6146214131e-01 -5.7094373036e-02 1.1244279721e-02
8.7543329941e-02 3.7437270357e-02 6.0103646740e-02 2.6641667749e-02 1.0265367673e-01 -5.6149128036e-02 6.7003537942e-02 3.5872299224e-02 1.2697392303e-01 -2.3697554021e-02 2.1749880056e-02 1.6205313638e-01 -4.4352558871e-02 -5.7663269894e-02 1.5681305807e-01 -1.0454911982e-01 2.3032932228e-02 4.5609888907e-02 -1.9321776686e-02
4.2158373983e-02 7.1054071077e-02 1.2595404889e-01 -4.5658120608e-02 -1.5248026322e-02 3.2685301568e-02 6.6679074956e-02 2.9009016438e-02 -1.9247458235e-02 7.6844653466e-02 5.3817900241e-02 1.2989648440e-01 5.4752723223e-02 -2.3579151234e-03 4.1486212372e-02 -2.0893113915e-01 9.9636505512e-03 1.6239261731e-01 -5.7331993140e-02
5.3053233122e-02 -6.2144679139e-02 -5.0414619153e-02 -4.2177462790e-02 -6.1543832645e-02 -6.2637132149e-02 2.5891687086e-02 -2.2424856343e-02 3.5314430884e-02 7.5804205609e-02 8.6949387204e-02 3.7923229053e-02 8.2917734787e-02 -5.0929430938e-02 5.4047357594e-02 -9.2259797804e-02 -5.1350715744e-02 -3.2009900418e-02 5.1996208636e-02
3.3696314184e-03 -6.8901638491e-02 -7.5386010790e-02 1.4076811545e-01 1.0300287561e-01 -1.3737916655e-02 -8.8882765050e-02 8.5832905883e-02 5.3290967226e-02 -5.7325740070e-02 -5.3200819942e-02 -8.1797713372e-02 -8.5536158819e-02 5.5842101784e-02 2.8608418413e-02 1.0200891019e-01 8.2246479973e-02 -6.6713094147e-03 4.5853551221e-02
9.0814243302e-02 1.5745252734e-02 -1.9535159763e-02 1.2899660673e-01 1.4094485897e-01 1.0517112248e-01 -1.5705894197e-02 1.2526899088e-01 3.4320377466e-03 9.3452413668e-02 -2.0233379759e-02 1.3952700095e-02 -4.8070510028e-03 3.6727767300e-02 2.7997841139e-02 2.1157856693e-02 6.3487304053e-02 6.5621465893e-02 -4.6701748359e-03
-1.0121946085e-02 -5.5639282525e-03 9.6274486228e-02 5.0903483324e-02 5.7839307353e-02 5.4345230888e-02 1.3939248556e-01 -2.3265347119e-02 1.2259499729e-01 8.8660171652e-03 -4.3577897086e-02 9.4936811327e-02 4.9388255829e-03 2.0729743160e-03 7.5811532582e-03 -6.9302434521e-02 -5.0797020209e-02 1.9434938431e-01 6.1248267783e-03
