2.0211434331e-02 6.7529821982e-02 3.7256757367e-03 -1.8090259952e-01 3.6871886687e-02 3.2531041288e-01 -5.5615915746e-02 5.2948146250e-02 6.9717139944e-02 2.4850533246e-01 -2.0373051314e-01 1.3177755586e-01 2.7420588137e-01 1.4848420420e-01 -5.7270857409e-02 2.2711989412e-02 1.9892531917e-01 8.9352483279e-02 -3.3977824491e-03
-6.1925585573e-02 -6.2194746017e-02 -1.9866249765e-02 -3.4266883571e-03 -4.3749677914e-02 1.5881707732e-01 -6.8864468285e-02 1.7443549468e-01 -2.4451947968e-02 1.8209872453e-01 1.3565320335e-01 3.4585342685e-02 1.0038744475e-01 2.6333520802e-02 -1.7628043192e-02 6.1689629674e-02 9.3002275315e-02 8.2457497592e-02 4.0413341696e-02
2.7319571466e-01 2.3049561451e-01 5.6620123019e-02 -6.4025200571e-02 -1.7525918112e-01 5.6728649519e-01 -2.5304660192e-02 -4.8939585254e-02 1.7155839110e-01 6.5513432501e-01 -2.1818924763e-01 1.8892719359e-01 5.3501353376e-01 4.2125756426e-01 2.5920401940e-02 3.0725280849e-01 6.5057701954e-01 1.8324774107e-01 3.3013435541e-01
-1.7109614111e-02 1.3834252500e-02 3.2812214912e-02 9.5272022416e-03 -1.0738405851e-01 3.3443322396e-02 -4.3827964665e-02 -9.5744440818e-02 -2.1713369672e-02 -4.8729793660e-02 1.3043217503e-01 -1.2243394862e-01 -5.4392749637e-02 6.2587147049e-02 -6.3520303903e-02 -6.8534395141e-02 -1.1370629281e-01 8.5604115901e-02 1.4030858210e-01
2.1288324907e-02 -3.8799617119e-01 3.0375959800e-02 6.2733946058e-01 6.6655041189e-01 -2.3690018735e-01 3.6261240977e-01 -8.5138111727e-02 -4.5072338463e-01 -2.3126017914e-01 8.0037679635e-01 -4.1725613608e-01 -1.6217615867e-01 1.7111711007e-01 -6.9573747776e-02 -2.4451929424e-01 -1.0948783888e-01 -4.7521937197e-01 -3.9465348464e-01
-1.4937034431e-01 1.1781030905e-01 -2.1762878642e-02 -1.1945372503e-01 -2.3573786380e-01 2.9684772923e-01 8.3477110631e-02 6.3730450488e-02 1.5285007209e-01 -9.6695201912e-02 -3.2026508146e-02 -5.3378320378e-02 -3.2108675736e-02 1.0275843602e-01 -1.2048415963e-02 -8.0446164111e-02 -1.8109836378e-01 1.2051263689e-01 9.9372562983e-02
-2.0133876815e-01 1.1036245369e-01 3.2893386708e-02 1.1395781956e-01 -9.1786329724e-02 1.6219634561e-01 3.2790595201e-02 2.7896109698e-02 9.0446970150e-02 2.8765521582e-02 -1.5687652652e-01 1.6661791592e-01 6.5452339287e-02 1.9075590442e-01 -5.4112121907e-02 -6.4106031925e-02 1.7060414222e-02 7.8090499774e-02 1.4373537542e-01
6.2673717223e-02 -3.3148543580e-02 -9.1057847588e-03 -5.3458086532e-02 -1.9014722443e-01 1.3629876977e-01 -2.4592259978e-02 -5.5842601288e-02 2.0381046735e-02 1.5806131814e-01 -1.7192950818e-01 1.4384641315e-01 2.1060516290e-01 -4.4647961444e-02 -8.2446877627e-04 9.8721711457e-02 1.0227837691e-01 7.4223326542e-02 2.2561201137e-02
-9.0618532365e-02 1.1720044362e-01 -1.1409668802e-01 -2.1072710329e-02 -6.9510661978e-02 1.0534911420e-01 5.7560193959e-03 -1.2727803547e-01 1.2544782961e-01 8.6995377158e-02 -3.1992785455e-03 9.6286085665e-02 6.0756523788e-02 1.5952495914e-01 -2.5309358319e-02 6.4107284081e-02 3.6274475649e-02 -8.2613646006e-02 -2.4972300439e-04
-2.2784045072e-02 -2.7666024306e-01 -7.8790722551e-02 -1.6872212876e-01 1.4135971560e-02 -3.4026855702e-01 2.3638158741e-02 4.9580066026e-01 -8.9205958199e-03 -1.6922688881e-01 2.6693551228e-01 -6.7704544169e-02 1.7156369304e-01 -5.4304616707e-01 -1.0108341938e-01 8.0419684356e-02 -2.1748034386e-01 -8.4304384632e-02 -2.6875150372e-01
-8.5143050323e-02 -1.0784733488e-01 3.8180108434e-02 -3.4067008301e-02 -1.7420376207e-02 6.6218518464e-02 -4.9873280427e-02 -3.4916689081e-02 -8.7799028658e-02 5.1091172029e-03 -3.5767418815e-02 -6.9061710426e-02 4.4403748293e-02 5.1533826815e-02 -3.5289597244e-03 -1.3102889136e-02 -2.0020793202e-02 7.5123140255e-02 -1.0748062622e-02
-2.6969999411e-02 1.9363432133e-01 -3.1783618694e-02 -6.7927251243e-02 -8.3423750857e-02 2.2665668668e-01 -1.4073042518e-01 5.6597402392e-02 4.1172460244e-02 9.9022554407e-02 -3.2907181175e-02 1.0878297555e-01 1.6410408242e-01 1.4419938095e-01 7.4810639661e-02 2.3694941329e-02 1.9121158542e-01 1.4616596346e-01 1.4527125813e-01
-4.4644878497e-02 9.6860737112e-02 -4.0199902659e-02 -1.8461209962e-02 -1.3957215453e-01 -1.2666311353e-02 5.1548095760e-02 1.7465727767e-01 3.0715530250e-02 -6.0350235645e-02 -5.5647801061e-02 6.8248783332e-02 1.3044116699e-01 2.1220936206e-01 -9.6081770046e-03 3.6129058920e-03 7.6369678490e-02 -5.9409054705e-02 1.7076956645e-01
4.6231324614e-02 9.3495757361e-02 -4.8120460764e-02 -3.4645499426e-02 -2.6336300558e-01 1.0771039348e-01 -3.0352401253e-02 6.3079755035e-02 3.3047228885e-02 1.5660664773e-01 -2.9304735010e-02 1.3384250737e-01 8.8118742554e-02 1.1450077159e-01 -1.6295509145e-02 1.2285408433e-01 -3.2440467275e-02 -2.2545144603e-02 8.7912674809e-02
-6.7850142294e-04 -9.5328393670e-02 -6.6126591230e-02 -1.2524692089e-01 -3.2970783015e-01 -2.3139362640e-01 8.1469918437e-02 -1.9378592102e-01 -1.2356934155e-01 1.5627949900e-01 1.0871991340e-01 -9.0163368564e-02 1.6776157586e-01 4.6680848487e-02 -1.0021474715e-01 8.0180187436e-02 1.7979059937e-01 -9.2227914165e-02 -2.2353036241e-01
-1.3546875665e-01 -1.8424343338e-01 5.5818903215e-02 1.4280230222e-01 -1.7448463213e-01 -5.7754798575e-02 8.4979743703e-02 -1.8194283908e-01 -1.5029151440e-01 -7.0724471846e-02 -1.2475428741e-01 -1.3309460373e-01 -5.2787469633e-02 -8.0950132406e-02 -2.9193088217e-02 -1.5279404776e-01 3.9562932159e-02 -2.3286240542e-01 -2.9247658505e-01
2.4929225872e-02 -1.5399861886e-02 -1.1354033403e-01 -7.8812335274e-02 -1.8084610454e-01 1.0205227385e-01 -3.8862662513e-02 1.2797028319e-01 3.3702462281e-02 1.0079606535e-01 -6.5759604246e-02 -4.3113565383e-02 -8.7622156843e-03 9.0356267278e-02 -2.1670909439e-02 -5.0090163773e-02 -4.5374817271e-02 6.6556650073e-02 9.7835563967e-02
-1.0860468601e-01 -2.3799386340e-01 -1.2941498700e-01 2.5465837273e-01 1.4571702787e-01 -5.0566977829e-02 2.3574033052e-01 -3.3465277750e-01 -2.5515846458e-01 -1.2305735705e-01 9.7183028503e-02 -1.8551634802e-01 -2.0131485165e-01 -1.7092711459e-01 4.9086703173e-02 -2.9128295024e-01 3.3472107447e-01 -2.2686826050e-01 -2.0277602527e-01
1.1962951532e-01 1.9248119440e-01 -4.5277482894e-02 -2.1667414048e-01 -7.4291442272e-02 1.9735290352e-01 -1.0753972009e-01 2.3399233474e-01 1.6515294784e-01 1.7486681011e-01 -5.1370156526e-02 2.2584517991e-01 2.8464930236e-01 1.6695177289e-01 -1.5031310773e-01 3.0878853294e-01 -1.8140140935e-01 8.6639854888e-02 2.8194104903e-01
