9.7226290835e-04 -2.6097749415e-02 8.0542655566e-02 -2.9077254954e-02 5.9447731179e-02 3.5834812801e-02 -6.4737136510e-03 7.8556927808e-02 5.7530785244e-02 1.2249870434e-02 8.6638809565e-02 -2.4303337927e-03 1.2440227063e-01 -6.6939505771e-02 4.6731613410e-02 -2.1707983434e-02 -4.5421396263e-02 -1.0635316134e-01 1.7112643682e-01
-1.1548354174e-01 -1.3909420442e-01 3.3096326368e-02 -1.3430639850e-03 -2.2672219750e-02 1.9347562168e-01 -1.0654810480e-01 1.5400420368e-01 2.4328444541e-01 -6.1243271911e-03 8.8580071308e-02 1.3440400804e-02 8.2881347415e-02 -1.4363771298e-01 4.0253539677e-02 -9.0259728000e-02 -3.3501647759e-02 -1.8970988094e-01 2.0264377632e-01
9.7427312315e-02 3.8478635831e-02 -5.2427381774e-02 -4.5521207827e-02 -8.1342468763e-02 -1.8958561846e-02 1.3879900358e-01 1.5807000366e-02 -2.4783143206e-02 -3.3016732205e-02 1.3921728404e-01 3.7000026015e-03 -1.0458740455e-02 1.5998938408e-02 -9.2508221705e-02 -5.1060335068e-02 -7.8192997280e-02 -1.3443126122e-01 1.1750850646e-01
-2.5854852727e-01 -3.0317380609e-01 -1.4125628547e-04 1.2127039598e-02 -6.3155711042e-02 3.0993773354e-01 3.1536310733e-02 3.0673243699e-01 3.0042538780e-01 -9.8143461343e-02 1.6093038301e-01 -4.2685304047e-02 3.8282811095e-02 -1.4881597201e-02 -4.4420202231e-02 -2.2091789557e-01 2.3667850328e-01 -2.2682791823e-01 4.6478226995e-01
-2.1944801067e-01 -1.9798784674e-01 -5.7680335030e-02 8.9322060166e-02 1.2690198420e-01 3.0139644374e-01 2.6891461354e-02 2.3685278911e-01 2.2982167834e-01 -6.1577964595e-02 2.6774371380e-02 -9.1610837780e-02 1.3916392419e-02 -6.0700492679e-02 6.2035940594e-02 -7.5632203872e-02 2.5825623101e-01 -2.1547516491e-01 1.9545634557e-01
-7.2429694006e-02 -9.3316551461e-02 -6.7821136283e-02 8.6689120856e-02 -5.3608647168e-02 9.4510876808e-02 4.2194856401e-02 1.1935471402e-01 2.8509742003e-01 -6.1670369734e-02 1.6632078750e-01 -2.5649093068e-02 1.3770142460e-01 -9.2108020840e-02 -2.6602984041e-02 -6.4776207869e-02 1.1740909471e-01 -1.0306042867e-01 3.3790810112e-01
6.1512083327e-02 1.0862509014e-02 -1.4261030580e-02 -9.3251222410e-02 -3.6157682652e-02 1.3622516122e-01 -2.2579513729e-02 6.8286243597e-02 5.0271555684e-02 -4.0527404380e-02 2.0816794395e-01 -7.9700663412e-02 -9.7500208799e-02 5.9632576250e-02 -1.0017140042e-01 -5.4579668393e-02 1.3148948668e-01 4.9557149446e-02 1.4394706621e-01
1.6489394513e-01 2.6498797815e-02 -6.6541176592e-02 -4.5648347822e-02 -7.0786512529e-02 4.8327811925e-02 6.7310831108e-02 1.5679131148e-01 9.5855614423e-02 7.3871954726e-02 -1.6946041489e-02 -1.4887755646e-01 5.6570340592e-02 2.7724086703e-03 2.3040992948e-02 -7.3839006797e-02 -4.3019707379e-02 -3.7744464228e-02 1.0951125740e-01
-1.8913003720e-02 -5.1586784888e-02 4.0660082572e-02 8.5605124738e-02 3.6240112668e-02 7.3187847009e-02 1.1131687444e-01 1.1360988373e-01 9.1188005761e-02 -1.1384993691e-02 -1.0236859738e-01 2.1952438795e-02 -5.7251619244e-02 -2.1740189972e-02 3.9161414219e-02 7.4227192967e-02 9.1426372064e-02 6.4310978775e-02 1.2061466634e-01
-2.4171868002e-02 7.1169471565e-03 -1.1679250558e-01 -5.0293185745e-02 2.4445620137e-02 -7.5927125179e-02 5.4760920754e-03 -1.1040768357e-01 4.2834872939e-02 -2.9877879378e-02 1.0378399755e-02 -4.3845596108e-02 -4.2242885766e-02 4.5819828554e-02 -4.2898739661e-02 1.2925612585e-02 2.4743548704e-02 -7.3614408827e-03 -2.1717690827e-02
-1.5374024728e-01 -2.3848455161e-01 -3.7201558749e-02 -1.4045400992e-01 -2.5770869844e-02 3.1623981949e-01 -1.0963882442e-01 2.6195194783e-01 2.6730888559e-01 -8.4277869991e-02 2.1504635517e-01 -1.0407045941e-02 7.0082738336e-02 -1.3937611206e-02 6.2495779721e-02 -1.5105773014e-01 2.5812941126e-01 -3.7591261028e-02 3.4536767238e-01
1.6274081919e-01 3.3546088102e-02 2.3923488915e-02 5.3827445135e-02 7.3931227556e-02 -9.9511189899e-03 -4.0549139690e-02 1.1183970277e-02 3.8107838353e-02 -1.2952131267e-02 1.9702637272e-01 -2.1061859177e-02 4.1111177534e-02 -8.1288508125e-03 -3.4723561950e-02 1.3115171476e-01 5.4585198564e-02 -7.7248457547e-02 1.3970988174e-01
7.7511347831e-03 1.2898798110e-01 -2.4217374412e-02 -9.0317621331e-02 -3.2351123543e-02 -1.0607273356e-02 -1.0040363321e-01 5.5570378454e-02 1.5714400341e-02 -7.9658990656e-03 2.2254014765e-01 -1.0448597518e-01 2.7261729342e-02 1.8941216224e-02 -5.1705522544e-02 4.5674206686e-02 6.1144402557e-02 5.8009296839e-02 6.5206995326e-02
1.1602382810e-01 4.7422590369e-02 -3.7833587770e-03 -1.2789689171e-02 9.8378258122e-02 1.8415064798e-02 -1.1661422014e-02 8.6461867409e-03 -2.7088060700e-02 2.0369917970e-02 4.7313714959e-03 -4.7406010142e-02 -6.1268889856e-02 -1.0797132914e-02 4.6249549768e-02 -3.7346403816e-02 -4.5670205269e-02 -7.2238683548e-02 -5.4858647979e-04
-8.5734617647e-02 -2.8720950171e-01 7.0442918401e-04 8.9096271504e-02 -2.2857763601e-02 3.0457156079e-01 -1.4821518394e-02 2.8861800631e-01 7.7405735314e-02 -6.5016232553e-02 3.3092244492e-01 -1.1512685965e-01 2.1354003280e-02 -6.1912976071e-02 8.5791274707e-02 -1.9556007618e-01 3.7985630190e-01 -1.1377278469e-01 1.9230021759e-01
1.1127417928e-01 2.6591850864e-02 2.9146357601e-02 -8.5241544465e-03 -4.5422069473e-02 -2.5784918081e-02 -4.3140690727e-02 -2.2581018053e-02 -3.8762343700e-02 1.4716481629e-01 1.3902603810e-02 -1.1294474690e-01 -3.1741597125e-02 -1.0333850878e-01 1.6796004630e-02 -1.3892384940e-02 7.9828991170e-02 1.3087886164e-01 4.5648852213e-02
1.0470220677e-01 -4.5310624255e-02 -3.6449397477e-03 9.2987328778e-03 5.6902906126e-02 3.9808349324e-02 -1.0586633889e-01 -2.3821255096e-02 3.2232621445e-02 -4.6904157270e-02 7.9727388158e-02 3.4368852672e-02 -4.2229556609e-02 1.7783844810e-02 9.0136576491e-03 9.1896340874e-02 -1.6025973708e-02 -3.2967906579e-02 2.5617033376e-02
-9.7891459663e-02 -3.2865425724e-01 -6.9346619945e-02 -8.0245986369e-02 -8.4576812168e-02 2.8871293479e-01 -1.9723522206e-01 3.5604734997e-01 4.5673412189e-01 -6.4648187395e-02 6.9713401708e-01 2.0225393615e-02 -7.0787890677e-02 4.4522833720e-02 2.6649220668e-02 -1.4858432032e-01 3.0776890228e-01 -1.8837216195e-01 3.9390020821e-01
6.2251140066e-02 1.0063788369e-01 8.4742558447e-02 -1.6294099722e-02 -1.6388604784e-03 8.5481657861e-03 -7.2563643884e-02 -3.0686726182e-02 -5.6506725172e-02 3.4761509242e-02 1.4685204196e-01 -1.4269449128e-01 1.1187716544e-01 1.2679987733e-02 -3.3270720031e-02 1.8049713681e-01 7.0500856531e-02 -7.3629069039e-02 1.4630923919e-02
