3.9842816197e-02
1.8992600497e-04
3.0007139962e-04
1.5475090355e-01
1.5674333207e-01
-1.6878615262e-01
-1.0942098476e-01
2.6159748557e-04
8.4687929047e-02
-1.0093022600e-01
-5.9371143674e-02
-7.9996611024e-02
4.0767453735e-02
-9.4567102530e-06
-4.9100974318e-02
-5.5909301049e-02
-4.5767342212e-02
-5.6433015326e-02
1.7993833022e-02
-7.4245625515e-02
1.0110576549e-01
1.1179559912e-01
-3.3681082304e-02
1.3215080447e-01
3.2271228751e-02
7.7160341586e-02
-5.6945468502e-02
7.3423437809e-02
-1.0227688838e-04
1.4630304746e-01
5.8646571071e-02
-5.6709431267e-02
5.7214277282e-02
-5.2749326771e-02
-4.5049284438e-04
-4.4148155550e-05
5.7024897698e-02
5.9126056148e-02
1.1794442540e-04
-5.8609808793e-02
2.7788096257e-04
-1.9382612211e-04
-4.2991321497e-02
7.9209420698e-02
-4.2358768183e-04
-2.2796409744e-04
-3.7596118234e-02
-8.2470119520e-02
-9.6896544176e-02
1.1255503313e-04
4.6701347226e-02
5.2175231738e-02
-6.2338442104e-02
1.0270899962e-01
-6.0984223533e-02
