-9.1932109824e-01
-1.3251050351e+00
-7.6130295103e-01
4.2115786485e-01
5.9758920837e-02
1.4747990098e-01
1.0037509394e+00
-2.3350631999e+00
1.1845944230e+00
-1.4949680970e+00
-5.7171408362e-01
-1.2220442554e+00
1.1079594233e+00
1.3352512245e-01
-8.7885735613e-01
1.6505075337e+00
-1.8136729056e+00
4.1434952791e-01
8.1541961256e-01
7.7986811396e-01
-4.5419677727e-01
-5.1882107738e-01
-1.2542820773e+00
-6.9231538317e-01
-2.1682214076e+00
-2.0087400382e+00
-2.7978823395e-02
-1.3682568528e+00
-3.9722076920e-01
-7.5392945919e-01
-1.6159840903e+00
2.0997001849e+00
8.7882107334e-02
-3.5231252376e-01
-3.0853475521e-01
2.4287085679e-01
-8.6001291231e-01
-2.4818170412e+00
5.0641974839e-01
-7.7771653171e-01
4.4493861119e-01
4.0810284191e-01
4.1149863499e-01
5.0151374524e-01
5.5308267627e-02
3.6276147594e-01
2.0426998093e+00
1.8757538474e-01
-7.3526334886e-01
2.4761937790e-01
7.1400569506e-01
1.0475896949e+00
2.5459923850e+00
-1.1156809780e+00
-4.1605236574e-01
