-1.7937977076e-01
-1.6961893109e+00
-5.9444675194e-01
-4.4911593160e-02
-5.1977216359e-01
-1.4954681293e-01
-2.1714790117e-02
7.6705572443e-01
1.0209362320e+00
1.2185107803e+00
-1.0845734660e+00
-1.0675654782e+00
-2.8083050593e-01
1.0754658759e+00
8.6842214054e-01
-1.5248215985e+00
5.6085907318e-01
-3.2216307830e-01
2.3142637951e+00
1.1997386069e+00
-8.0933481594e-01
7.2617842726e-01
-3.9993113659e-01
9.8515633317e-01
9.0869249436e-01
-7.7710604681e-01
-7.3066056307e-01
1.3855166289e-02
-4.1765406925e-01
1.3270262374e+00
-7.7819376373e-01
7.0160578198e-02
1.1020047715e-01
-1.2503001590e-01
6.9187089648e-01
4.5995767676e-01
-9.2828360740e-01
6.3556941682e-01
-2.2040000559e-01
4.1349110737e-01
