-2.2367040215e-01 -3.3910299345e-01 -1.4678413880e-01 -1.1020072842e-01 -1.8324568718e-01 -1.9902736589e-01 -2.2416745810e-01 -9.9573539384e-02 -3.0761999847e-01 2.5664733862e-01 -5.0147140890e-02 -2.9248174164e-01 1.0045444565e-01 8.7384142997e-02 -2.6989745175e-02 1.0672635364e-01 -1.1088130478e-01 -1.2782829203e-01 2.4611972683e-01 -1.4115984991e-02 -9.2230006987e-02 -6.9070991848e-02 -5.5710461687e-03 9.0943634647e-02 -1.6297766832e-01 -9.4651598018e-02 7.6132356615e-02 1.4316743023e-01
3.0345799269e-02 -1.6055422893e-01 5.6579296261e-02 -1.6437351533e-02 1.7237077693e-01 2.0103161004e-01 3.5322768477e-02 -3.1133737498e-02 4.8264317801e-02 -8.4956984908e-02 1.2065014759e-01 1.2778220887e-01 -2.6649162965e-01 -2.1640169648e-01 1.8601292044e-01 -3.6434747652e-01 9.2592582034e-02 7.5484197384e-02 -7.6737262764e-02 -2.0736750199e-01 2.7915814476e-01 -2.9305243713e-01 -1.9599937327e-01 -9.1637673417e-02 -3.1498438646e-03 -3.8477222155e-01 -1.3942661359e-01 2.3822402806e-01
-9.2678219481e-02 7.3778200786e-02 -1.0500426936e-01 3.0851812975e-02 -1.5476366496e-01 -2.1331232327e-01 4.9871708917e-02 -1.1720794324e-01 -9.7883909952e-02 2.5655561905e-01 -1.9118714550e-01 -2.2663396857e-01 2.0839043195e-02 -3.1982810825e-02 -1.1824597569e-01 -1.3138512607e-01 -1.6592517600e-01 -1.0378773639e-01 2.5689072706e-01 5.4025828002e-02 -1.0129264538e-01 2.4954597780e-01 2.3184736727e-01 3.4860568022e-02 1.5339638770e-01 3.2555697542e-01 5.1330030966e-02 -5.8865211243e-03
2.9055127490e-02 -2.7368676350e-01 -1.1130951996e-01 1.4621493996e-01 -4.2112082768e-02 1.8763318283e-01 -1.7804714772e-01 -1.6926311356e-01 2.0752900603e-01 -9.1784802167e-02 1.1089552811e-01 6.6238819570e-02 -1.6789529370e-01 -2.0613558868e-01 2.5224203880e-01 -3.3202875325e-01 -2.3826037868e-02 8.0929489102e-02 6.3683976959e-02 -7.7175497215e-01 2.0969158415e-01 -1.3380385956e-01 -4.7347539096e-02 -1.4375019534e-01 1.2996777284e-02 -7.5010832078e-02 -9.6707164232e-02 2.3973072700e-01
2.1948053209e-01 -2.8310385896e-03 1.9641827901e-01 1.8953564161e-01 3.3125549677e-01 1.4197182481e-01 -1.2618907249e-02 2.2190654672e-01 1.2988553833e-01 -1.9838543768e-01 3.3643497619e-01 2.8077656034e-02 1.9732676886e-02 -3.2195059925e-01 1.7024071615e-01 -1.4083941636e-01 1.2241527275e-01 2.1917127304e-01 -6.6855828098e-01 1.1541106340e-01 2.3116560208e-01 -1.8869594103e-01 -3.7943390656e-02 -2.2885883939e-01 -3.4458316659e-02 -3.1741873114e-01 -1.9249552917e-01 1.2561797160e-02
-5.5831613961e-02 -5.1763237590e-02 -1.8904788798e-01 -9.6362060670e-03 -9.7879595152e-03 -1.7493646453e-01 3.6433352343e-03 1.5948186330e-02 -1.2303569346e-01 4.7804983444e-02 -1.0171410462e-01 -6.1902209076e-02 1.2883601963e-02 -8.5560421312e-02 1.0283116302e-02 1.9236768636e-01 -6.5121891205e-02 -6.1297706813e-02 -1.0425637018e-01 3.2684295148e-02 5.3931097316e-03 -7.1981991392e-02 -7.8773253668e-02 -3.0052079423e-02 -1.5022078038e-01 -9.7423559640e-02 -1.1488936269e-02 1.1239532903e-01
5.9802750331e-02 3.0848004937e-02 -1.2413085312e-02 3.2570662965e-03 3.7747190055e-03 -1.3488591746e-01 4.5955031648e-02 3.4605419371e-02 6.3363548956e-02 -7.5330262835e-02 1.2402546836e-02 8.9945984085e-02 -1.4521073750e-01 -2.9325256150e-02 -1.7674785356e-02 -1.2308678059e-01 1.2222683930e-01 9.3880617417e-02 -3.8388686618e-02 -2.1213942869e-02 8.4109956082e-03 1.9128036457e-01 1.3327033655e-01 3.7734696159e-02 1.8969203997e-01 2.3959171280e-01 -2.8868656520e-02 -4.1467454503e-03
-2.2717297052e-01 -3.7708684575e-01 -2.4346531741e-01 2.5395482994e-02 -3.4083806078e-02 -5.6253494747e-02 -2.0608153766e-01 -1.6454681813e-01 -2.2902871393e-01 -4.3736762746e-02 -2.0630348916e-01 -1.5579980264e-01 -1.2181076554e-01 -1.3756719626e-01 5.8086388496e-02 1.8010123750e-01 -1.6399016096e-02 1.6749332811e-01 6.2090792825e-02 -5.5255925483e-01 1.4892366957e-01 3.1184753007e-02 -6.4261198954e-02 -1.2360993235e-01 3.5879849539e-01 2.6132971466e-01 -8.6073029661e-02 3.4567886228e-01
1.4064752558e-01 1.0461991779e-01 2.4340845897e-01 4.8849934340e-02 1.4299159706e-02 1.0171777774e-02 9.7308542894e-02 -2.6806465044e-02 -8.1734377497e-03 -5.4100735986e-02 1.0823988229e-01 1.1334619562e-01 2.4584294585e-02 -5.1266264123e-02 -1.3820788510e-01 3.5781503041e-02 1.0511310273e-01 2.0013272445e-01 -1.2451863134e-01 -4.1719098797e-02 7.4354320643e-02 1.6787962557e-01 8.3171570026e-02 -3.4554396233e-02 1.5810687434e-01 1.7926523954e-01 -2.7507782996e-02 -1.7783778154e-01
4.8547663707e-02 6.9363657397e-02 4.4521089182e-02 2.3546827811e-02 -1.9517529520e-03 1.6325913763e-01 2.0135016826e-01 9.4509893178e-02 5.0248425074e-02 -3.9821881102e-03 1.0645727070e-01 2.0406771102e-01 -8.0385171549e-02 -1.9245739951e-01 2.2618622245e-01 8.2548286410e-01 2.6734830734e-01 3.8778639243e-02 -2.1289648678e-01 -1.8387534731e-01 2.2832371918e-01 -2.8391368092e-01 -2.4914069700e-01 -2.2202595203e-01 -9.9585449497e-02 -4.0320706711e-01 -2.1956839113e-01 1.2168948742e-01
5.5134739753e-02 1.6044715578e-01 2.3369026709e-02 -5.6090757730e-02 -3.9782743649e-02 -5.3672311896e-02 1.8042589632e-01 -4.0764062611e-02 1.0171162547e-01 -1.0333699056e-02 2.2081980330e-02 -7.1978008627e-02 -6.8520046907e-02 1.6088905521e-01 -3.8285734563e-02 1.1225173613e-01 5.6376097550e-02 -1.1522393101e-01 1.3391965041e-01 -6.2469418987e-02 -7.8681686494e-02 1.5845669975e-01 2.2886449702e-01 1.3696134775e-01 3.0820345318e-02 2.3887627242e-01 -4.4213749671e-02 -1.6295572665e-02
1.4037005060e-01 6.4237644051e-02 1.1888703232e-01 -3.7546266415e-02 -7.6136093744e-02 -5.7503863722e-02 -1.9953258534e-02 1.6769647535e-01 7.1356552034e-02 -7.8516616602e-02 -1.1698163661e-01 -1.7584114670e-01 2.0555529498e-01 6.4342012903e-02 -1.2196439680e-01 3.5598125749e-01 2.8332776448e-01 -8.8233727165e-02 6.7668576814e-02 6.7435639319e-01 -1.4089117213e-01 1.6752391314e-01 1.8075830756e-01 2.3654045552e-01 -1.2372891672e-01 2.9148305821e-01 1.9556521927e-01 -5.5424775167e-02
6.8443358366e-02 -6.1087704653e-02 -3.2952781405e-02 1.0067300102e-01 -1.2850976478e-01 4.0286843477e-02 6.7273877779e-03 1.6733556721e-01 -1.2722737258e-02 4.2040362458e-02 -9.1016212384e-02 -1.3084125307e-02 1.0749909638e-02 4.0552347028e-02 1.2610459621e-02 -6.6965021000e-03 4.8855986083e-02 -1.8879836873e-01 -6.2588589028e-02 5.4381099405e-01 2.9625142403e-02 -8.4564623768e-02 1.0706063238e-02 1.7408449095e-01 -6.4961898433e-02 -2.1384494514e-01 1.0126942789e-01 -1.0327615622e-01
-2.0060421234e-01 -3.8222824294e-01 -4.0082148584e-01 1.6653706155e-01 -2.2441651784e-01 -7.0777139302e-02 -2.8095016125e-01 -3.1828649445e-01 -1.0699908962e-01 1.2458228745e-01 -1.8567264073e-01 -1.6136730864e-01 8.3883673555e-02 5.2764599681e-02 -1.8087620688e-02 4.6433146559e-01 -4.9787752236e-02 -8.2095788454e-02 6.9558403685e-01 -7.0019599462e-01 1.0114956164e-01 -6.4565371906e-02 8.5360800977e-03 9.3718402553e-02 1.1913052009e-01 1.7283431849e-01 -1.9528011750e-01 3.5117761456e-01
1.4962022591e-02 -1.0209584897e-01 -4.5897709227e-03 5.7825201137e-02 1.1424131162e-01 7.9178458847e-02 -2.1308766061e-01 -1.4598499633e-01 -7.8971080787e-02 -1.7695552356e-02 2.1547260227e-02 -1.2326941529e-01 -1.5572428941e-01 1.3474250965e-02 -3.7860420992e-02 1.3077978827e-01 -1.0524572396e-02 -7.3237934259e-02 -6.5787893251e-02 1.9427213968e-01 8.0785699860e-02 -1.2881790370e-01 -1.4512016728e-01 -1.2883324822e-01 8.9255094279e-02 -9.4295971190e-02 -1.8298215464e-01 2.5373273258e-02
-3.3014132881e-02 -2.8217201191e-01 -2.5966754102e-01 -2.4475697648e-02 -5.1868590749e-02 -3.2942832887e-02 -1.3708784193e-01 -5.1561290239e-02 -6.0231958961e-02 -4.9950348794e-02 -5.9303644235e-02 -1.2594401957e-01 2.0834811541e-02 -1.4037616132e-01 -2.4479142558e-02 2.1344673570e-01 9.9602396048e-03 6.0212436459e-02 2.9804084161e-01 -4.9378971867e-01 4.9558895705e-02 -9.9278209315e-02 -1.4866958352e-01 -1.0969754213e-01 6.1188198290e-02 -1.1382948353e-01 -1.3041951213e-01 1.5223561745e-01
-6.2506011552e-02 -9.0675309131e-02 1.3931996466e-01 -3.9823585255e-01 -2.4632853644e-02 -2.5010181832e-01 3.4026576480e-02 1.5663571223e-02 -4.1602223010e-01 8.6195762098e-02 -1.1787296224e-02 -1.1667992234e-01 2.0334085799e-01 1.1200836298e-01 -9.9631442904e-02 -1.3859585135e-01 -1.4994883800e-01 8.6464789988e-03 1.9884052547e-01 -6.4900116441e-02 -7.3821849049e-02 9.5887283929e-02 1.2096861044e-01 2.2585849034e-01 5.3175582768e-02 3.8027729091e-01 4.1755772084e-02 2.9573237722e-01
