7.5579497241e-01 4.1830838897e-01 5.4641705978e-01 -8.8175454353e-01 5.6003293682e-01 2.8120987469e-01 -3.1049528180e-01 5.2984154982e-01 -6.4633068819e-01 1.7146003684e-01 5.5196864537e-01 7.0561120753e-01
4.1518006250e-01 -4.8888830354e-01 6.2727260527e-01 -5.2019632806e-01 1.5680016801e-01 -6.1765799492e-01 5.2899440255e-01 7.8154252740e-01 -3.5710790039e-01 -1.9557431754e-01 2.0921970312e-01 4.6583730914e-02
-4.8540703256e-01 2.1846358941e-01 2.3922855922e-02 4.4663464503e-01 -1.0307111909e-01 -1.0423509503e-01 -3.9440433167e-01 -1.2535382200e-01 7.0199335378e-01 -3.9067432797e-01 -4.2199200323e-01 -4.9013335346e-01
-9.2492544301e-01 7.8415730314e-01 -1.1976172084e+00 7.5765419761e-01 -6.1296351824e-01 3.4691475615e-01 -8.3871879913e-01 -4.0034635636e-01 5.6576799153e-01 -3.0599948305e-01 -4.3262048009e-02 -9.2612214082e-01
-7.0663101115e-01 -1.9152537170e-01 -7.1623696076e-02 6.6045499579e-01 -7.5034670953e-01 1.3196553942e-01 2.9375823595e-01 -4.8374232407e-01 5.5358629758e-01 -8.7674590948e-01 -7.8698450468e-01 -9.9707418239e-01
-7.5026528488e-01 -2.4757508696e-01 -7.6424712362e-01 7.3650098487e-01 1.3239733021e-01 6.9083963862e-01 -2.5236054381e-02 -4.8700167632e-01 9.6442564238e-01 -3.0810754502e-01 -2.4006547960e-01 -4.1656599501e-01
-1.8403585373e-02 2.5915988115e-01 -4.2904640235e-02 -2.9145521389e-01 -1.1077443697e-01 -2.5283932877e-01 -1.8020678423e-02 1.1218519440e+00 1.2337653809e-01 3.5513280788e-01 -3.2066956966e-01 1.7559156822e-01
6.9257036026e-01 5.6529564299e-01 7.4452146900e-01 -4.7218077636e-02 8.1719391528e-01 -7.0275333962e-01 -7.7275770835e-01 3.7887255222e-01 -6.5483506682e-01 3.8352928535e-01 8.4697031479e-01 3.1489123449e-02
-3.6412274629e-01 -5.4528288362e-01 -2.1155203450e-01 5.5075381682e-02 -6.7823950290e-02 5.8380451902e-01 3.3641009573e-01 -4.1406093451e-01 3.9403937867e-01 -1.3576935423e-01 9.4125966440e-02 -6.6749054508e-01
1.0657231703e-01 3.9755965931e-01 7.6540559887e-01 -3.1815193679e-01 3.3342593681e-01 -2.3386553791e-01 -4.9190679769e-01 -5.4789217303e-01 -8.7579698075e-01 8.4187717967e-01 5.0840675149e-01 2.9145762083e-01
-5.4684342915e-01 -3.8508519233e-01 -3.7238069671e-01 3.7063217190e-01 -5.4612157990e-01 2.3049055877e-02 4.3440157239e-01 -5.9734755819e-01 1.6452605285e-01 -6.2229507969e-03 -7.2289425601e-01 -3.5236407279e-01
-1.8667734242e-01 2.4184376992e-01 -5.9436638796e-02 9.4726912138e-02 -4.6530942693e-01 3.8900079615e-01 2.6800404352e-01 -9.1901380171e-01 8.1910036784e-02 1.5694540273e-02 -8.2207703068e-01 -4.0776443217e-01
