-2.4078403756e-01 2.3519846307e-01 4.7774644723e-01 -1.4083228651e-02 3.3297203439e-01 -2.9569077773e-01 1.7211171745e-01 3.8743797805e-01 -2.2856685659e-01 -4.6871318254e-01 -4.4596718648e-01 -4.8900216581e-02
1.0654761000e-01 -1.5844239366e-01 2.6318779705e-01 5.5003099384e-02 -1.0041221959e-01 -8.5685773879e-02 -2.8014529126e-02 -2.4668661486e-01 -7.0727895558e-02 -7.0872154430e-02 -4.6067949298e-02 1.0683394948e-01
5.7404069858e-02 -1.6118974728e-01 -1.0665519058e-03 3.0871379839e-01 -9.0755119701e-03 -5.6146006261e-01 6.0256262325e-02 2.1315408243e-01 1.1895700159e-01 4.3904634906e-02 9.1138221599e-02 4.3508370853e-01
-1.8693335371e-01 -2.4846105277e-01 -2.6846380372e-01 -9.9654623847e-02 -1.0078979913e-01 2.5807220409e-01 1.5233997473e-01 1.2854283767e-01 5.9431536570e-02 -7.5446560122e-02 -2.4470438645e-01 1.5274501124e-01
-1.2784972886e-01 -4.9878622598e-01 9.3238122241e-02 4.1086924944e-03 -2.6735179867e-01 2.0295091030e-01 -1.7596342063e-01 -1.4691673335e-01 2.1114459691e-01 -2.7591506260e-02 -1.6633577502e-01 3.9621181674e-02
5.1091672311e-02 7.4965293959e-01 8.0055357083e-02 7.2744208831e-02 8.1291895816e-01 5.7243808504e-02 1.7636867839e-02 -3.9845463598e-01 -1.9590727707e-01 -1.9235647878e-01 1.1100206607e-01 1.0326664679e-01
-1.0783577269e-01 -2.3776389127e-01 2.0545841488e-01 1.8343578057e-01 4.1382910266e-02 -4.2624788002e-01 2.1371295638e-01 3.0005132341e-02 2.8033222188e-01 -1.3566062429e-01 -7.6584073149e-02 5.4381326049e-01
-1.7152747212e-01 2.4141012430e-01 -4.3894107106e-01 -2.7919576209e-02 4.3004091582e-01 1.4124601107e-02 6.9802092417e-03 2.6063510793e-01 -3.2808314335e-02 -4.2499666570e-01 -2.2508891641e-01 2.7002268096e-01
-9.9368377482e-02 -2.7027800493e-01 -1.3902561502e-01 -2.7726914639e-01 -8.1933225923e-02 2.0957118669e-01 9.5549236899e-02 -2.1801354929e-01 3.3448043901e-01 1.1357346191e-02 -9.1362949975e-02 2.9849707406e-01
1.5867418545e-01 8.3144385568e-02 1.3165045318e-02 5.7001800624e-02 -6.7444792902e-03 -1.1226342702e-01 1.2619365023e-01 6.8651670438e-02 4.3177647725e-02 1.2743718114e-01 1.0243508682e-01 -1.5029196265e-01
