-2.6246769785e-01 -6.7346222095e-01 4.5046702449e-01 2.6181932354e-01 3.2065676710e-01 -2.3747623144e-01 2.2058353430e-02 -1.3780796699e-01 -4.1201922901e-01 -1.5728512248e-01
5.4612697448e-03 -1.3256240191e-01 1.4726847915e-01 -4.1673827229e-02 -2.7875691313e-01 -5.0789020976e-02 -3.2644122980e-02 4.5245492884e-03 5.7753590418e-03 1.1397701732e-01
1.2142973262e-01 -2.0175912744e-02 2.3745725029e-01 8.5098180465e-02 1.1066272374e-02 -4.0173637493e-01 1.9979904769e-01 -2.5804778602e-01 -6.5989852103e-02 -1.1769379348e-01
8.1551275810e-02 -2.1051791254e-01 -1.4864755637e-01 -9.2003605008e-02 1.2419751949e-01 2.9950044529e-01 3.0409523134e-01 -2.4052337937e-01 -2.4162848491e-01 -1.5721990218e-01
2.7561582944e-01 -5.1182722865e-02 -7.6640348404e-02 -3.4505385973e-01 4.6442425366e-04 2.2955958697e-01 1.3688337392e-01 1.9157976616e-01 -1.8343279162e-01 -7.4499646444e-02
-2.5091804733e-01 8.7457321897e-02 -6.1298015224e-02 1.0563342348e+00 -1.2960435156e-01 -2.6057206333e-02 -1.1033346778e-01 -8.4107061162e-02 -3.7434754755e-02 4.8891384158e-02
3.0545015000e-01 -2.3217902525e-01 3.1622638980e-01 -9.8691761141e-02 1.5711058407e-01 -2.0442900832e-01 4.9100669443e-01 -1.1855379562e-01 -1.7873356482e-01 -2.5454237510e-01
4.3485227326e-02 -3.5760849655e-01 -3.7355769152e-02 6.3459379604e-01 2.6672457310e-01 8.0110888118e-02 5.4588275174e-02 1.5945956666e-01 -2.2134737722e-01 -1.5582842049e-01
1.2789779756e-01 4.0801780523e-02 -3.3208120449e-01 -1.7238591400e-01 -2.1326368738e-01 6.3997499559e-02 4.1401980029e-01 1.3769121402e-01 6.3328797834e-02 3.6645076158e-01
-8.6167843677e-02 1.1814699280e-01 3.8961060085e-02 3.4479333268e-02 1.0701192883e-01 -9.5660004005e-02 -2.4450514027e-02 -1.3620918589e-01 7.6330052269e-02 -1.3300074506e-01
