1.4003792337e+00 -1.4177204312e+00 1.3768955162e+00 -1.4052118358e+00 -1.3532567730e+00 -1.3558066421e+00 -1.4116926874e+00 1.3733540032e+00 -1.0771475803e-01 -1.3314095522e+00 1.3563642658e+00 1.3238735019e+00 1.2987993627e+00 1.3981852769e+00
-7.6289214811e-02 2.7715089079e-02 -1.5742698691e-01 3.7998714304e-02 1.8539209828e-01 1.9130783188e-01 2.7258500021e-02 -1.4200711537e-01 8.0746925339e-02 2.2366831231e-01 -1.7972623539e-01 -2.4464523016e-01 -2.5967922172e-01 -5.6575587107e-02
-8.1107577433e-01 7.9400712656e-01 -8.4357021978e-01 7.9862125519e-01 8.6178537755e-01 8.5477833103e-01 7.8956896519e-01 -8.3749698508e-01 1.0552725123e-01 8.7223128556e-01 -8.5321431486e-01 -8.7298776420e-01 -8.7289407864e-01 -8.0307012096e-01
1.4442687671e+00 -1.4669714113e+00 1.4160729193e+00 -1.4579816547e+00 -1.3966411881e+00 -1.3971357935e+00 -1.4645056144e+00 1.4170373896e+00 -1.1228841116e-01 -1.3784605143e+00 1.4057956614e+00 1.3691530932e+00 1.3531728734e+00 1.4537691874e+00
1.1703170817e+00 -1.1694570262e+00 1.1868785192e+00 -1.1786306250e+00 -1.1734929161e+00 -1.1830351299e+00 -1.1719953664e+00 1.1742123056e+00 -1.1928652650e-01 -1.1666370080e+00 1.1820447398e+00 1.1726143743e+00 1.1651227683e+00 1.1762036094e+00
-2.3008036547e-01 2.7076417993e-01 -1.6670557567e-01 2.5287432760e-01 1.4405305453e-01 1.4359246502e-01 2.7383353609e-01 -1.8903621854e-01 -1.4817750666e-01 1.2001804209e-01 -1.5412510888e-01 -1.0538427056e-01 -9.2115128152e-02 -2.4477021443e-01
6.6944360821e-01 -6.7751011375e-01 6.4518457532e-01 -6.7912696244e-01 -6.4294052314e-01 -6.4393434090e-01 -6.8022363392e-01 6.4978813225e-01 -8.0063259125e-02 -6.3128839640e-01 6.3975614246e-01 6.2844496036e-01 6.3281809671e-01 6.7082866525e-01
4.6748210315e-01 -4.9620565638e-01 4.2259087140e-01 -4.8430600559e-01 -4.0666880619e-01 -4.0664983085e-01 -4.9450517109e-01 4.2923558399e-01 1.4829809889e-01 -3.9609425914e-01 4.1391504646e-01 3.8527749504e-01 3.8097202595e-01 4.8026324485e-01
6.2135375936e-02 -1.1017591390e-01 -1.2718054657e-02 -9.8505046604e-02 4.4741974720e-02 4.5159920730e-02 -1.1682854530e-01 1.0874826009e-02 1.3278492711e-01 8.1873907625e-02 -3.8385907555e-02 -1.0654935259e-01 -1.1711083201e-01 8.3765941978e-02
2.4279150011e-01 -2.7659334168e-01 1.8728290132e-01 -2.6835036055e-01 -1.6717152620e-01 -1.6300753750e-01 -2.7887699582e-01 1.9680479166e-01 2.9656304790e-01 -1.4252929170e-01 1.7089681306e-01 1.2546648382e-01 1.1606591364e-01 2.5308647757e-01
-1.7853792119e-01 2.2087560856e-01 -1.1329558546e-01 2.1167144189e-01 8.2752021525e-02 7.8986747246e-02 2.2558093684e-01 -1.1782420233e-01 -9.3249927093e-03 4.6511149496e-02 -8.8290141603e-02 -3.0220403279e-02 -1.2573128467e-02 -1.9616719522e-01
3.3408339243e-01 -3.6266773495e-01 2.7689212282e-01 -3.6028114200e-01 -2.6272224963e-01 -2.5916146545e-01 -3.7344250202e-01 2.9317054129e-01 1.2840822576e-01 -2.2663407641e-01 2.5801014634e-01 2.2483946912e-01 2.1657989421e-01 3.5038086236e-01
-1.5021589560e-02 7.3049661613e-02 6.4245286566e-02 5.6728076140e-02 -9.6194752501e-02 -9.9782487961e-02 7.5108879239e-02 4.9142764911e-02 -9.1102812129e-02 -1.3464158084e-01 8.7749718827e-02 1.5608266144e-01 1.6985361725e-01 -3.6015569180e-02
-1.7096461077e-01 1.3018805656e-01 -2.3427581164e-01 1.4289526696e-01 2.6055045665e-01 2.6167293632e-01 1.2695774338e-01 -2.2317132833e-01 1.0696724500e-01 2.9498932631e-01 -2.5274907122e-01 -3.0900371953e-01 -3.2076591665e-01 -1.5304166290e-01
