2.0635966486e-01 -3.3123651842e-01 -5.8813803595e-01 1.9004702678e-01 2.3429174956e-01 2.3224944977e-01 -6.2209205882e-01 -3.7284739021e-01 -4.1741470130e-01 1.7602118682e-01 -3.2853220510e-01 2.4479466092e-01 -1.5778336451e-01 -6.8910914699e-01
-1.8944731931e-01 -3.0446952230e-01 -3.1783401516e-01 2.3342132277e-01 -4.5706808809e-02 2.3638807482e-01 -3.1443783095e-01 -2.5057420893e-01 1.9855561996e-01 4.0259855185e-02 -3.1262627505e-01 2.8082999993e-01 2.3685428869e-01 -7.9143591244e-02
5.4804039840e-01 -3.9718591083e-01 -1.4161822984e-01 5.3982653729e-01 4.5807228166e-01 4.6674854307e-01 -1.6535862475e-01 -1.1785454990e-01 -6.3494499439e-01 5.2247778680e-01 -3.6950452917e-01 5.4181163796e-01 2.5736306974e-01 -4.0777269869e-01
-5.8203742851e-01 7.9029693385e-01 8.6732819097e-01 -6.4340782490e-01 -6.3339375488e-01 -6.5559973031e-01 9.6512013094e-01 8.3978600650e-01 8.4201406608e-01 -7.0124359839e-01 7.4806171965e-01 -6.4671939953e-01 -3.0945872882e-01 9.4963759547e-01
-4.0843499936e-01 8.7291079990e-01 1.2506807502e+00 -5.4127056330e-01 -4.1389263305e-01 -5.8467137560e-01 1.1359406498e+00 8.1943513275e-01 1.4758707748e+00 -7.2494192091e-01 7.5522905959e-01 -7.1187183208e-01 -9.7060957198e-01 8.9518414518e-01
-1.6226471221e-01 4.2563897924e-01 4.9969497363e-01 -1.9626476958e-01 2.6247297187e-02 -2.7055755163e-01 4.6859856590e-01 3.8623545548e-01 4.5172614055e-01 -3.3223236454e-01 3.7183205605e-01 -2.7436539670e-01 -1.4688349754e-01 3.0312747570e-01
6.9065821832e-02 2.0363480299e-01 -1.2987648668e-02 -1.4841327209e-01 4.7069680296e-02 -2.1359278503e-03 2.8928632702e-02 -4.5472704936e-02 8.4688016161e-02 -5.8743426148e-02 1.6605200260e-01 -3.5432230838e-02 -3.1774962804e-01 1.4602619942e-01
3.5381889482e-01 -2.9597786233e-01 -2.4524179311e-01 4.0053446112e-01 1.6972062381e-01 3.8438319406e-01 -2.5177758480e-01 -5.7294275350e-01 -3.5682875662e-02 4.1715536377e-01 -2.1505933766e-01 3.5513042427e-01 3.2688342784e-01 -4.3577750792e-01
7.5597869143e-02 -2.8813262144e-01 -4.6234023270e-01 3.9000142946e-02 7.2148814799e-02 2.5680941379e-02 -4.6784457568e-01 -1.6944004666e-01 2.7924597218e-01 1.2686443428e-01 -2.6604883031e-01 1.3045934495e-01 -1.0721745717e-01 -1.8501123001e-02
-9.0329402262e-02 9.3933679106e-02 8.7481968658e-02 1.9708091850e-01 -2.1544267550e-01 6.6130492889e-02 1.0214149651e-01 -4.0938975536e-03 -8.0876562700e-02 1.0494570009e-01 1.2351015000e-01 7.2414517698e-02 1.8294034128e-01 -7.7953149399e-02
5.3352600230e-02 -5.1895193929e-02 2.0837285895e-02 9.6700038799e-02 5.5382519565e-02 1.7675728754e-01 -1.2152089071e-01 -1.6316160016e-01 1.6952318573e-02 1.7338071500e-01 -5.9159595538e-02 1.8944621437e-01 7.2721595648e-02 -1.2729218784e-01
2.6969783942e-01 -1.0427409360e-01 -5.6708340617e-01 2.4888318476e-01 -1.1851308724e-02 1.0930533023e-01 -3.2447379116e-01 4.3108594516e-02 6.5407361643e-02 3.0385443390e-01 -8.9230991340e-02 2.1134310522e-01 -2.4707725220e-01 -1.7824058015e-01
3.3822263816e-01 -8.5806087330e-02 -1.7122533058e-01 3.4239851617e-01 4.3530428159e-01 2.9479808285e-01 -1.6951589324e-01 -3.6395822090e-01 4.9800451572e-04 4.2264233278e-01 -4.3175564112e-02 4.5799782515e-01 1.9519209148e-01 -1.0917033849e-01
1.6397099419e-01 -3.3713519086e-01 -2.5745775928e-01 2.4283522808e-01 2.5744216802e-01 2.5485789095e-01 -3.5449838346e-01 -2.5453711204e-01 -2.1559794790e+00 1.1227898720e-01 -2.8892423726e-01 1.3083250158e-01 -7.5931938453e-02 -2.7590477385e-01
