-2.0174243717e+00 3.3434136012e-01 -4.2374803493e-01 -3.9615047560e-01 -7.9348307155e-01 3.4585786333e-01 -8.4780079724e-01 -5.8946937212e-01 -1.7769937769e+00 3.8979233972e-01
5.3516282915e-01 5.8251552309e-01 2.4340274208e-01 -3.2529508304e-01 4.1356740123e-01 -3.8308206167e-01 -6.5041127775e-01 -2.9819559918e-01 -2.1924285181e-01 1.5990986684e-01
-7.0771481804e-01 6.9904355780e-01 -2.5662215135e-01 3.1915689635e-01 -5.4387199520e-01 -1.6666173598e-01 -1.2929275011e+00 3.9841006912e-01 -3.8537518173e-01 -5.7837032806e-01
1.4866012772e+00 1.5945680044e-01 4.1266407173e-01 -2.2516506459e-01 1.4900530004e+00 -2.0864936094e-01 1.1888351655e+00 -8.5748479644e-01 -9.1835638459e-01 7.8688031006e-01
-8.3197753540e-01 1.1535479850e-01 2.2385795420e-01 -3.5035570139e-01 3.7863437788e-01 -8.0182862151e-01 4.4244411118e-01 1.8886929342e-02 1.2545256077e-01 -3.3126654909e-02
4.7369526171e-01 -2.5243642358e-01 -2.9542208087e-01 2.6356505942e-01 1.1596903931e+00 -6.8443917677e-01 1.3540348334e-01 -5.2633510687e-01 1.9078858150e-01 7.6800629788e-01
-9.2331895039e-01 5.1215370336e-01 -1.6839903152e-01 -2.0201231830e-01 -3.0162610185e-01 2.7340547242e-01 2.6423176367e-02 6.7518646106e-01 -1.7910010955e-01 -6.5035406095e-01
-9.8956421172e-02 -5.9815266624e-01 1.1882298199e+00 3.8881048430e-01 -2.9487129886e-02 -9.0863840968e-02 -9.4133656190e-01 5.5588271162e-01 4.9847571076e-02 -5.4722001437e-01
6.8222294394e-01 -4.5479250938e-01 4.4709368611e-01 2.6198354248e-01 -5.4517805693e-01 5.3015008703e-01 -1.8251994390e+00 9.5627209361e-02 -6.6034085073e-01 -1.8748467896e-01
2.6453694451e-02 -1.0955772560e+00 -4.2597750854e-01 7.5795125955e-01 -1.0585326281e-01 2.4053835444e-01 -2.5276040039e-01 4.4403537528e-01 8.2251205808e-01 -7.1367528223e-01
