9.9247603593e-01 -3.8156560663e-01 -4.8372723117e-01 -5.8858682858e-01 -1.3343275655e-01 1.0410619401e+00 -3.7786654603e-01 5.6271661229e-01 -4.0554328078e-01 -2.1892911709e-01 2.3713809862e+00 -1.4542510332e-01 -9.3053842928e-01 5.1724157228e-01
2.5087495403e-01 3.0432250340e-01 -6.3809783575e-02 3.7389125745e-01 -2.9115201543e-01 -6.1986736452e-02 2.2525045489e-01 1.3190037539e-01 2.1463945863e-01 -2.6799242859e-01 3.0806719139e-02 2.2331428725e-01 1.1634703623e-01 -6.4085821250e-01
-1.9263111232e-01 -1.0510413268e-01 3.2058413228e-02 -4.6719385632e-01 5.2220772679e-01 -5.1401894860e-01 4.5044773506e-01 9.2363942140e-01 1.6488129525e-02 -2.0300646073e-02 -3.5547879313e-01 1.0056268827e-01 -1.2700909716e-01 3.2170222827e-01
-2.1636524797e-01 -3.9933507591e-01 8.6306629614e-01 -3.4098236046e-01 -5.5141289345e-01 -2.4914236559e-01 -4.7164577964e-01 5.0530797500e-02 -3.6476084310e-01 -2.8753181134e-01 7.3323328719e-02 -1.9122103321e-01 -5.0795037775e-01 -4.7940417462e-01
4.9282282388e-01 -2.6124274210e-01 3.8371584173e-01 2.3186690340e-01 3.5768934256e-01 -1.3312225816e-01 2.4331774906e-01 -1.1649050792e-01 1.2957331021e-01 3.8530689130e-01 -3.0772998097e-01 2.2071911210e-01 -3.4537075146e-01 -1.2164768951e-01
-6.0099450694e-01 4.2513961298e-01 -7.0744530249e-01 -1.0114872679e+00 1.6681811688e-01 -8.9181505159e-02 5.4384818068e-01 4.4865749700e-01 -3.9820618092e-01 -1.9967554782e-01 1.8885381900e-01 6.1201769709e-01 7.6571776376e-01 -1.5008094989e-01
2.7077336640e-01 -7.1795252799e-01 5.1014764209e-01 -5.8907504832e-01 -4.8662098876e-01 -5.2713288986e-01 -1.3816284282e-01 -5.2571316176e-02 5.8539823877e-01 3.0033608081e-01 -5.3836638061e-02 1.0964019118e-01 -8.5318658485e-02 3.8254607515e-01
-5.8383065589e-02 -4.3966262065e-01 -3.2163576713e-01 3.6516669584e-01 6.6920943078e-01 1.4505521110e-01 8.6884036014e-01 -2.4721095372e-01 3.7352554827e-01 -7.4252947717e-01 1.2316118404e-01 6.2634233480e-01 5.4619707025e-02 2.9226790920e-01
3.4033712556e-01 -3.7193227555e-01 1.7901491930e-01 1.3465916579e-01 8.6312675134e-01 -4.0809122202e-01 -5.9918120480e-01 -1.5985690926e-01 1.2769890576e-01 -4.0355357536e-01 -1.9036465171e-01 5.9177247296e-02 -4.1119450228e-01 -2.3016256872e-01
2.4358464603e-02 3.7210099198e-01 -2.1375146946e-01 -2.0878934723e-01 6.1962634274e-01 1.9226744077e-01 -1.7940000804e-01 4.2734034040e-01 -2.9873073291e-01 -1.9997704698e-01 -3.8062454549e-01 3.3441343071e-01 1.1831628499e-01 1.7889012984e-02
