-1.6522629717e-01 3.6859112057e-01 -2.0873538712e-01 1.8948814511e-01 1.7739137529e-01 -6.1056242116e-02 2.8838518154e-01 1.7638153462e-01 -2.9888945090e-02 2.3344755678e-01
-6.5855163098e-02 1.9560820985e-02 -5.6630091412e-02 -7.3844859408e-02 -5.4027795126e-02 -1.4390650841e-01 8.1790753047e-02 5.4166294617e-02 1.6377082651e-02 6.7015170086e-02
-1.5563055881e-01 -2.2169444397e-01 1.0421097560e-02 3.1300552751e-01 -1.2709919509e-01 -2.7313433405e-01 1.0011612795e-01 1.0819052259e-01 3.5711145130e-01 -2.0390572725e-01
-4.2578512574e-01 -8.2027892062e-02 -2.8763287176e-01 2.9445251495e-01 -1.2611092415e-01 4.0827526741e-02 -1.4836494164e-02 -2.1717881109e-01 -8.8522676447e-02 -3.0697972205e-01
-1.5918712991e-01 7.0259752355e-02 4.8694587224e-02 -2.5921702476e-01 -2.6529457760e-01 -1.4206186077e-01 1.2328767324e-01 -1.9011184609e-01 -6.9537893196e-02 6.9209926434e-03
9.1048001301e-04 3.9344214746e-01 3.9268132449e-01 2.2450311253e-01 2.2258049449e-01 2.4443043908e-01 1.2374143212e-01 1.8403024651e-01 1.7058197901e-01 3.9914643307e-02
-3.0944220612e-01 4.7703908783e-02 1.7184328538e-01 3.2720873883e-03 -2.2464896580e-01 -5.0083526508e-01 3.0786263508e-01 7.1805049426e-03 6.3416055321e-02 -6.3610386291e-02
-9.8744889821e-02 3.4714708345e-02 -1.1955157403e-03 -1.9457172594e-01 -1.0926959706e-01 -7.0315095094e-02 -1.0554805883e-01 3.2586437623e-01 -1.2424042325e-02 8.2840549951e-02
-1.0918678666e-01 4.5539582984e-02 8.8989968525e-02 -1.2951317322e-01 -1.4244452646e-01 1.6143531872e-01 -4.4802390334e-02 -9.9659466393e-03 -4.7172857632e-02 -2.3872528794e-01
5.8577403543e-02 1.0916704326e-02 6.3992597976e-02 1.2710220897e-01 1.4465564584e-03 -1.2563533157e-01 -4.6367663440e-02 -1.3421749271e-01 1.1502417084e-01 -2.3813537622e-02
