5.4289646096e-02 4.7178475848e-01 -3.0750368203e-01 3.4382841177e-01 -3.8171702650e-01 2.9822525071e-01 5.1819812869e-02 -1.7695827864e-01 -5.7178195934e-01 -2.2517725328e-01 2.6504093383e-02 2.3791394846e-01
6.2331811076e-02 2.6488182556e-01 5.4159376724e-02 -8.7922353746e-02 -5.0879022690e-02 -1.2217114533e-02 1.7531129807e-01 -4.4577943665e-01 -2.5394037784e-02 4.1408863189e-01 2.9134451812e-01 9.7011672960e-02
2.1112957926e-01 1.9601485310e-01 7.9405095153e-02 -6.9086164309e-02 2.1651261977e-01 2.8118146921e-01 -1.9523679576e-01 -2.6748600931e-01 -6.7911227318e-02 -3.8490772451e-01 -2.8807147146e-02 8.8517032283e-02
4.5621940595e-01 -9.1769270663e-02 -2.1306664774e-01 1.7656339739e-02 5.6751756589e-02 -1.9286212754e-01 2.7799249283e-01 2.5801392536e-01 -2.2819452458e-01 1.2991576803e-01 1.9173791261e-02 -5.2027297233e-02
1.4922080705e-01 1.5578666597e-02 -1.1629565100e-01 2.9144973940e-03 1.4195808341e-01 -2.6105451821e-02 2.8099479634e-01 3.2896484736e-02 -1.2035402046e-01 1.5285353832e-01 4.0011116391e-02 -3.8385057198e-01
1.3244284970e-01 4.1639095524e-02 1.7192187460e-01 -4.3163566309e-01 -2.9395607208e-01 -1.1877839547e-01 2.0949447556e-01 -4.6275759627e-01 -6.7628125959e-03 2.9624291814e-01 5.9897353150e-02 8.3125139062e-01
7.6862750811e-01 2.2338650007e-01 4.2850619950e-02 1.3718801993e-01 3.4217173423e-01 3.5778135492e-01 1.0524451322e-01 -2.2138379361e-01 -2.0815281641e-01 -1.5753195882e-01 -4.2087409419e-01 -8.9724451273e-02
3.1497582448e-01 -2.6167019948e-01 -8.5923913835e-02 1.7908282630e-01 -8.7941601964e-03 4.6823447428e-02 -1.7855822942e-01 5.5024472486e-01 -3.1371391783e-01 -2.8665538195e-01 -2.6931247778e-01 4.6295778677e-01
3.2663406955e-01 -2.1010207445e-01 -9.0622381066e-02 4.2721419290e-02 1.4964728921e-01 -5.0827117647e-01 -4.6585948717e-01 7.2575548511e-02 -8.3267855030e-02 2.5347137849e-01 4.3262400809e-02 -2.3795384595e-01
-1.1754628837e-01 8.3552462104e-02 1.5471947486e-01 1.0730236428e-01 -1.0036054862e-01 -2.1647424241e-02 -1.0129293989e-01 -1.1458819127e-01 1.8491210327e-01 -2.6089802223e-02 -1.3277973039e-01 6.9777219404e-02
