-5.7884855695e-02 -2.6826789849e-01 1.2178374524e-01 -3.2822796928e-02 7.8869645457e-02 -2.1805754209e-01 1.4449460796e-01 -1.6605596555e-01 3.6738845725e-02 3.1449775001e-03 1.2799570371e-01 -2.8591599692e-01 -2.7444032937e-01 -1.4305474802e-01
-5.9300402842e-01 -4.2466985347e-01 1.2948880795e+00 6.1968022195e-01 -4.8745126371e-01 -1.8911879496e-01 -6.2792432124e-01 -1.4604736271e-02 5.9297543092e-01 -2.6160123144e-01 7.8918064934e-01 2.8398065492e-01 -5.8873076716e-01 -3.4670359890e-01
-1.2336231513e+00 -1.9053402525e-01 -3.6425419428e-02 -2.8227594295e-02 -5.7578681262e-02 2.4910814949e-01 1.1707929792e-01 -1.0917169539e+00 1.1002255235e-01 -8.1736660127e-02 -8.1872646952e-02 -4.4656054196e-01 1.3490394385e-01 1.1510945140e-01
1.3858626552e-01 1.8410389980e-01 2.8238373084e-01 -7.3180512788e-02 2.0413459782e-01 3.0033841944e-01 2.2302230462e-01 1.8422040902e-01 -7.2350147083e-02 2.1607448885e-01 -2.5689831659e-01 2.5382361364e-01 2.6191866796e-01 1.6847642081e-01
1.9037665096e-02 -9.8282813872e-02 6.7882518042e-02 3.7247404972e-01 -1.5810362733e-01 3.2170134850e-01 -1.3105824627e-01 7.5405387034e-02 2.2841522125e-01 -6.7672896264e-03 1.6886732084e-01 2.0100939631e-01 9.3280698519e-02 -2.2505608932e-01
-2.1478119517e-01 -3.9531769458e-01 2.1201360967e+00 1.1582999375e+00 2.8571414768e-02 -2.3642361792e-01 -2.5993796269e-02 -1.0086489349e+00 9.4646457897e-01 9.6265571364e-02 9.8129766928e-01 -5.0133483944e-01 6.5448362344e-02 8.5602068704e-01
-7.2508111530e-02 1.3289278125e-01 -2.8580510191e-01 7.3023097487e-02 1.0875601874e-01 2.7765537787e-01 2.4359833328e-01 5.0269620388e-04 -9.8868518435e-02 1.3371499675e-01 -1.2789989044e-01 2.0406853225e-02 1.7283577566e-01 1.8255643871e-01
5.4523992947e-02 -1.4096764438e-01 1.5380075412e-01 3.0112594116e-02 -1.4941675785e-01 4.4345737724e-02 -7.0870849646e-02 3.2019868656e-02 1.6464969098e-01 -7.3360066852e-03 1.5124661303e-01 1.1077162595e-01 -7.4580527579e-02 -1.9998955105e-01
1.7235259807e-01 -2.9123412024e-02 1.1543140199e-03 9.9956625792e-02 7.0210874337e-02 -3.0014383219e-01 7.2778428819e-02 -2.7871087679e-01 1.0490361395e-01 2.7329198759e-01 2.3744029258e-01 -1.0243486730e-01 -2.4848881858e-01 -1.4094740598e-02
-9.0337367995e-03 -2.3967039735e-01 -1.2711686215e-01 1.8722710265e-01 -6.7045672778e-02 2.1923668875e-03 -7.8314463371e-02 -1.3028031360e-01 2.8394912854e-01 -1.4845616005e-01 1.9511283614e-01 -1.6322356466e-01 -1.1110053938e-01 -2.3388809896e-02
2.1291789808e-01 3.7619998922e-01 -2.7635228674e-01 -3.6346700546e-03 1.4937385830e-01 1.2714712073e-01 1.3647791628e-01 2.8019950472e-01 -4.0776058734e-02 5.1941596629e-01 -8.4785246301e-03 4.9203200543e-01 1.6854715783e-01 2.2838723605e-01
1.9207075424e-01 1.4225169650e-01 -4.9556673777e-01 6.3682010658e-02 1.8995013082e-01 -4.0842812376e-02 2.0877026048e-02 -2.3097043361e-01 6.7594937049e-02 2.7059922971e-01 9.9371291136e-02 2.3141554870e-02 8.7493131632e-02 2.6254110392e-01
8.3761244308e-01 1.6306902803e-02 -4.6785720259e-02 2.0079094014e-01 3.3853575724e-01 5.6374813259e-02 1.8468558560e-01 -2.6245899574e-01 1.4445471410e-01 1.9959437057e-01 7.6871900079e-02 1.6063141075e-01 6.3417486513e-02 -1.6608461170e-01
-4.6811352815e-01 1.1472592191e-01 -1.7475613709e-02 5.2043542063e-02 -2.1087205089e-01 1.5129488477e-01 -4.3010484375e-01 3.2452104314e-01 -2.6163302342e-02 5.2754574605e-02 3.4132672516e-02 1.1813493809e-02 5.1121973458e-02 -2.7172936733e-01
