-6.2483168281e-02 -9.8835349563e-02 1.7995001173e-01 -7.5117087912e-02 -6.8599042743e-02 -9.4129600395e-02 1.5690509852e-01 -1.3688537342e-01 2.9272008578e-01 -1.1972470529e-01 -7.9992233739e-02 1.7322732262e-01
1.6448930363e-01 -1.0113322281e-01 -7.2224403781e-02 1.4756979693e-01 1.2732628460e-01 1.4163981406e-01 -8.8592672461e-02 1.2442145140e-01 -6.8489379295e-02 1.4091954945e-01 1.3632000975e-01 -9.1187860627e-02
2.1486080737e-01 -6.6376266799e-02 -1.1360846017e-01 1.6375095519e-01 2.2048523387e-01 1.7787733521e-01 -8.4663438705e-02 1.7297508573e-01 -5.8851399977e-02 1.7536450700e-01 2.1509507298e-01 -8.9516874645e-02
-7.1919067907e-02 -1.0650546100e-01 1.0388562576e-01 -8.3327758459e-02 -6.8619224779e-02 -5.8479560818e-02 1.5031271529e-01 -9.4135179947e-02 2.2681143824e-01 -6.9773336949e-02 -6.3743335533e-02 1.6284298726e-01
2.1376365220e-01 -7.0383970124e-02 -1.0957791275e-01 1.7986816294e-01 2.2868983194e-01 1.8473300508e-01 -9.7060233182e-02 1.8844354416e-01 -8.6373482088e-02 1.7164621635e-01 1.7890090833e-01 -9.5685798796e-02
-6.6417176984e-02 -1.3508597650e-01 1.6519393027e-01 -9.6012410436e-02 -4.3566113156e-02 -7.9905452584e-02 1.6181703666e-01 -9.7650879851e-02 2.4420498734e-01 -8.3128640742e-02 -7.0625959328e-02 1.9628041991e-01
1.6027004998e-01 -8.9946598854e-02 -9.0004956246e-02 1.4423743591e-01 1.8634923786e-01 1.3516811046e-01 -8.2159043543e-02 1.3771685532e-01 -5.5493335690e-02 1.4950541365e-01 1.7052083237e-01 -7.5132125879e-02
-1.0449960105e-01 -1.5432335125e-01 2.1548720071e-01 -1.3929612067e-01 -8.3877974660e-02 -1.4332937271e-01 2.2621471220e-01 -1.3380579233e-01 3.1184368461e-01 -1.4065346199e-01 -1.0550435243e-01 2.0835876747e-01
-9.1203331049e-02 -1.0269123932e-01 1.8703617557e-01 -8.7689334129e-02 -8.1887230614e-02 -7.0944505330e-02 1.9285162904e-01 -9.7978407258e-02 2.6067319350e-01 -1.1112615255e-01 -9.8868031508e-02 2.1181435183e-01
-4.3902081271e-02 -1.3551114299e-01 1.5881384653e-01 -6.7611690833e-02 -6.6991562116e-02 -1.0137174663e-01 1.4671091324e-01 -9.1477504348e-02 2.1072397409e-01 -8.7689729430e-02 -7.0175219362e-02 1.6009678612e-01
-5.8460163569e-02 -9.4811941988e-02 1.0355664157e-01 -4.2958637389e-02 -6.6469303513e-02 -6.2232466502e-02 1.4335159578e-01 -7.0197582842e-02 2.2850402601e-01 -7.1676391670e-02 -6.1724108914e-02 1.2642629279e-01
2.2471028409e-01 -8.4692791831e-02 -8.8287001997e-02 2.1501075591e-01 2.1963023145e-01 1.8756302425e-01 -9.7830108451e-02 1.8538048924e-01 -6.7743082554e-02 1.9428761761e-01 2.1377456145e-01 -9.4564903901e-02
